INSTRUCTIONS_RETIRED|CYCLES|UNKNOWN|LD_BLOCKS.STORE_FORWARD|UOPS_EXECUTED.CORE|BR_MISP_RETIRED.ALL_BRANCHES|UOPS_ISSUED.SINGLE_MUL|
14|301|270|0|83|1|0|
14|303|390|0|83|1|0|
14|354|330|0|83|1|0|
14|347|360|0|83|1|0|
14|747|930|0|83|1|0|
14|307|330|0|83|1|0|
14|310|390|0|83|1|0|
14|349|330|0|83|1|0|
14|347|330|0|83|1|0|
14|308|390|0|83|1|0|
14|309|330|0|83|1|0|
14|317|390|0|83|1|0|
14|313|360|0|83|1|0|
14|339|330|0|83|1|0|
14|329|390|0|83|1|0|
14|324|330|0|83|1|0|
14|334|360|0|83|1|0|
14|323|360|0|83|1|0|
14|337|330|0|83|1|0|
14|339|360|0|83|1|0|
14|331|360|0|83|1|0|
14|339|330|0|83|1|0|
14|329|390|0|83|1|0|
14|337|330|0|83|1|0|
14|336|360|0|83|1|0|
14|290|330|0|83|1|0|
14|337|360|0|83|1|0|
14|299|300|0|83|1|0|
14|329|390|0|83|1|0|
14|335|330|0|83|1|0|
14|335|330|0|83|1|0|
14|339|390|0|83|1|0|
14|335|330|0|83|1|0|
14|336|390|0|83|1|0|
14|337|390|0|83|1|0|
14|335|360|0|83|1|0|
14|340|390|0|83|1|0|
14|336|360|0|83|1|0|
14|337|330|0|83|1|0|
14|328|330|0|83|1|0|
14|338|330|0|83|1|0|
14|416|420|0|83|1|0|
14|337|390|0|83|1|0|
14|335|330|0|83|1|0|
14|328|330|0|83|1|0|
14|918|960|0|83|1|0|
14|336|390|0|83|1|0|
14|285|330|0|83|1|0|
14|309|300|0|83|1|0|
14|338|390|0|83|1|0|
14|333|330|0|83|1|0|
14|331|390|0|83|1|0|
14|333|330|0|83|1|0|
14|332|330|0|83|1|0|
14|327|330|0|83|1|0|
14|708|780|0|83|1|0|
14|337|390|0|83|1|0|
14|331|390|0|83|1|0|
14|870|960|0|83|1|0|
14|333|330|0|83|1|0|
14|334|390|0|83|1|0|
14|333|330|0|83|1|0|
14|337|390|0|83|1|0|
14|330|390|0|83|1|0|
14|295|330|0|83|1|0|
14|337|390|0|83|1|0|
14|331|330|0|83|1|0|
14|337|360|0|83|1|0|
14|813|870|0|83|1|0|
14|335|360|0|83|1|0|
14|329|360|0|83|1|0|
14|335|360|0|83|1|0|
14|329|360|0|83|1|0|
14|339|360|0|83|1|0|
14|333|360|0|83|1|0|
14|341|360|0|83|1|0|
14|343|330|0|83|1|0|
14|347|330|0|83|1|0|
14|343|330|0|83|1|0|
14|339|300|0|83|1|0|
14|339|360|0|83|1|0|
14|349|330|0|83|1|0|
14|359|360|0|83|1|0|
14|346|330|0|83|1|0|
14|352|330|0|83|1|0|
14|343|330|0|83|1|0|
14|301|300|0|83|1|0|
14|348|330|0|83|1|0|
14|348|330|0|83|1|0|
14|346|330|0|83|1|0|
14|352|330|0|83|1|0|
14|347|390|0|83|1|0|
14|350|390|0|83|1|0|
14|346|360|0|83|1|0|
14|353|390|0|83|1|0|
14|344|330|0|83|1|0|
14|350|330|0|83|1|0|
14|354|330|0|83|1|0|
14|356|360|0|83|1|0|
14|356|330|0|83|1|0|
14|357|360|0|83|1|0|
14|344|360|0|83|1|0|
14|369|360|0|83|1|0|
14|352|360|0|83|1|0|
14|351|330|0|83|1|0|
14|317|330|0|83|1|0|
14|345|330|0|83|1|0|
14|342|360|0|83|1|0|
14|349|360|0|83|1|0|
14|343|360|0|83|1|0|
14|344|330|0|83|1|0|
14|342|360|0|83|1|0|
14|341|360|0|83|1|0|
14|354|390|0|83|1|0|
14|347|330|0|83|1|0|
14|352|360|0|83|1|0|
14|349|360|0|83|1|0|
14|354|330|0|83|1|0|
14|352|330|0|83|1|0|
14|489|510|0|83|1|0|
14|358|360|0|83|1|0|
14|350|330|0|83|1|0|
14|357|360|0|83|1|0|
14|355|330|0|83|1|0|
14|349|360|0|83|1|0|
14|352|390|0|83|1|0|
14|357|360|0|83|1|0|
14|342|360|0|83|1|0|
14|357|360|0|83|1|0|
14|357|360|0|83|1|0|
14|351|330|0|83|1|0|
14|355|360|0|83|1|0|
14|353|360|0|83|1|0|
14|360|330|0|83|1|0|
14|348|330|0|83|1|0|
14|350|360|0|83|1|0|
14|358|360|0|83|1|0|
14|346|330|0|83|1|0|
14|355|360|0|83|1|0|
14|352|330|0|83|1|0|
14|348|360|0|83|1|0|
14|346|330|0|83|1|0|
14|344|330|0|83|1|0|
14|353|330|0|83|1|0|
14|345|330|0|83|1|0|
14|351|360|0|83|1|0|
14|344|360|0|83|1|0|
14|343|360|0|83|1|0|
14|354|330|0|83|1|0|
14|638|600|0|83|1|0|
14|352|360|0|83|1|0|
14|342|330|0|83|1|0|
14|358|360|0|83|1|0|
14|343|330|0|83|1|0|
14|348|360|0|83|1|0|
14|361|360|0|83|1|0|
14|410|390|0|83|1|0|
14|350|330|0|83|1|0|
14|358|360|0|83|1|0|
14|350|330|0|83|1|0|
14|358|360|0|83|1|0|
14|348|330|0|83|1|0|
14|352|360|0|83|1|0|
14|348|330|0|83|1|0|
14|358|360|0|83|1|0|
14|352|330|0|83|1|0|
14|356|360|0|83|1|0|
14|852|840|0|83|1|0|
14|354|330|0|83|1|0|
14|358|360|0|83|1|0|
14|360|360|0|83|1|0|
14|351|330|0|83|1|0|
14|357|360|0|83|1|0|
14|342|330|0|83|1|0|
14|358|330|0|83|1|0|
14|345|330|0|83|1|0|
14|358|360|0|83|1|0|
14|352|330|0|83|1|0|
14|352|330|0|83|1|0|
14|350|360|0|83|1|0|
14|352|330|0|83|1|0|
14|351|330|0|83|1|0|
14|348|330|0|83|1|0|
14|354|360|0|83|1|0|
14|348|330|0|83|1|0|
14|355|330|0|83|1|0|
14|354|360|0|83|1|0|
14|377|360|0|83|1|0|
14|403|360|0|83|1|0|
14|351|330|0|83|1|0|
14|327|330|0|83|1|0|
14|769|810|0|83|1|0|
14|261|450|0|83|1|0|
14|255|420|0|83|1|0|
14|267|450|0|83|1|0|
14|263|480|0|83|1|0|
14|255|420|0|83|1|0|
14|261|480|0|83|1|0|
14|355|330|0|83|1|0|
14|360|330|0|83|1|0|
14|357|330|0|83|1|0|
14|357|330|0|83|1|0|
14|355|330|0|83|1|0|
14|313|300|0|83|1|0|
14|349|360|0|83|1|0|
14|306|300|0|83|1|0|
14|345|330|0|83|1|0|
14|345|360|0|83|1|0|
14|343|330|0|83|1|0|
14|349|390|0|83|1|0|
14|351|360|0|83|1|0|
14|345|360|0|83|1|0|
14|335|390|0|83|1|0|
14|331|330|0|83|1|0|
14|332|330|0|83|1|0|
14|332|360|0|83|1|0|
14|331|330|0|83|1|0|
14|330|390|0|83|1|0|
14|331|330|0|83|1|0|
14|327|330|0|83|1|0|
14|333|360|0|83|1|0|
14|335|360|0|83|1|0|
14|335|330|0|83|1|0|
14|328|330|0|83|1|0|
14|335|330|0|83|1|0|
14|332|360|0|83|1|0|
14|335|360|0|83|1|0|
14|329|330|0|83|1|0|
14|347|390|0|83|1|0|
14|343|360|0|83|1|0|
14|345|360|0|83|1|0|
14|349|330|0|83|1|0|
14|417|420|0|83|1|0|
14|347|360|0|83|1|0|
14|341|330|0|83|1|0|
14|339|360|0|83|1|0|
14|713|720|0|83|1|0|
14|349|330|0|83|1|0|
14|351|330|0|83|1|0|
14|347|360|0|83|1|0|
14|339|360|0|83|1|0|
14|308|330|0|83|1|0|
14|348|360|0|83|1|0|
14|343|330|0|83|1|0|
14|347|330|0|83|1|0|
14|351|360|0|83|1|0|
14|349|330|0|83|1|0|
14|349|360|0|83|1|0|
14|343|330|0|83|1|0|
14|340|330|0|83|1|0|
14|349|360|0|83|1|0|
14|349|390|0|83|1|0|
14|339|330|0|83|1|0|
14|347|390|0|83|1|0|
14|345|360|0|83|1|0|
14|347|330|0|83|1|0|
14|345|360|0|83|1|0|
14|356|360|0|83|1|0|
14|1177|1200|0|83|1|0|
14|343|360|0|83|1|0|
14|347|330|0|83|1|0|
14|345|360|0|83|1|0|
14|349|330|0|83|1|0|
14|352|330|0|83|1|0|
14|351|360|0|83|1|0|
14|351|330|0|83|1|0|
14|347|330|0|83|1|0|
14|347|330|0|83|1|0|
14|347|330|0|83|1|0|
14|359|360|0|83|1|0|
14|347|330|0|83|1|0|
14|349|390|0|83|1|0|
14|353|360|0|83|1|0|
14|347|330|0|83|1|0|
14|333|300|0|83|1|0|
14|352|330|0|83|1|0|
14|351|330|0|83|1|0|
14|350|330|0|83|1|0|
14|341|330|0|83|1|0|
14|347|330|0|83|1|0|
14|343|360|0|83|1|0|
14|337|330|0|83|1|0|
14|337|330|0|83|1|0|
14|294|330|0|83|1|0|
14|330|360|0|83|1|0|
14|340|330|0|83|1|0|
14|333|330|0|83|1|0|
14|327|330|0|83|1|0|
14|335|360|0|83|1|0|
14|329|330|0|83|1|0|
14|335|360|0|83|1|0|
14|333|360|0|83|1|0|
14|333|330|0|83|1|0|
14|295|300|0|83|1|0|
14|295|330|0|83|1|0|
14|337|330|0|83|1|0|
14|293|300|0|83|1|0|
14|316|390|0|83|1|0|
14|309|360|0|83|1|0|
14|316|390|0|83|1|0|
14|310|360|0|83|1|0|
14|315|390|0|83|1|0|
14|314|360|0|83|1|0|
14|307|330|0|83|1|0|
14|315|390|0|83|1|0|
14|315|390|0|83|1|0|
14|309|360|0|83|1|0|
14|313|360|0|83|1|0|
14|309|360|0|83|1|0|
14|732|870|0|83|1|0|
14|308|330|0|83|1|0|
14|315|390|0|83|1|0|
14|307|360|0|83|1|0|
14|315|360|0|83|1|0|
14|315|390|0|83|1|0|
14|315|390|0|83|1|0|
14|315|360|0|83|1|0|
14|307|390|0|83|1|0|
14|317|390|0|83|1|0|
14|311|360|0|83|1|0|
14|309|390|0|83|1|0|
14|315|390|0|83|1|0|
14|307|360|0|83|1|0|
14|794|960|0|83|1|0|
14|307|390|0|83|1|0|
14|317|360|0|83|1|0|
14|325|390|0|83|1|0|
14|675|780|0|83|1|0|
14|321|360|0|83|1|0|
14|322|360|0|83|1|0|
14|316|360|0|83|1|0|
14|320|360|0|83|1|0|
14|323|390|0|83|1|0|
14|315|390|0|83|1|0|
14|323|390|0|83|1|0|
14|323|360|0|83|1|0|
14|321|360|0|83|1|0|
14|319|360|0|83|1|0|
14|321|360|0|83|1|0|
14|317|360|0|83|1|0|
14|317|360|0|83|1|0|
14|326|360|0|83|1|0|
14|955|1110|0|83|1|0|
14|321|360|0|83|1|0|
14|882|1020|0|83|1|0|
14|889|1020|0|83|1|0|
14|323|360|0|83|1|0|
14|317|360|0|83|1|0|
14|320|360|0|83|1|0|
14|313|360|0|83|1|0|
14|323|360|0|83|1|0|
14|324|360|0|83|1|0|
14|323|360|0|83|1|0|
14|319|360|0|83|1|0|
14|871|1020|0|83|1|0|
14|317|360|0|83|1|0|
14|313|360|0|83|1|0|
14|319|360|0|83|1|0|
14|319|360|0|83|1|0|
14|317|330|0|83|1|0|
14|323|390|0|83|1|0|
14|319|390|0|83|1|0|
14|319|360|0|83|1|0|
14|316|360|0|83|1|0|
14|319|360|0|83|1|0|
14|323|390|0|83|1|0|
14|323|360|0|83|1|0|
15|871|1020|0|318|1|0|
14|329|360|0|83|1|0|
14|337|330|0|83|1|0|
14|335|390|0|83|1|0|
14|329|360|0|83|1|0|
14|288|300|0|83|1|0|
14|329|330|0|83|1|0|
14|329|330|0|83|1|0|
14|331|390|0|83|1|0|
14|333|330|0|83|1|0|
14|333|330|0|83|1|0|
14|333|330|0|83|1|0|
14|329|330|0|83|1|0|
14|330|390|0|83|1|0|
14|329|360|0|83|1|0|
14|356|330|0|83|1|0|
14|351|330|0|83|1|0|
14|350|330|0|83|1|0|
14|358|330|0|83|1|0|
14|351|360|0|83|1|0|
14|351|360|0|83|1|0|
14|348|330|0|83|1|0|
14|354|360|0|83|1|0|
14|344|360|0|83|1|0|
14|350|360|0|83|1|0|
14|347|330|0|83|1|0|
14|347|330|0|83|1|0|
14|347|360|0|83|1|0|
14|347|360|0|83|1|0|
14|344|330|0|83|1|0|
14|312|330|0|83|1|0|
14|345|330|0|83|1|0|
14|350|330|0|83|1|0|
14|343|360|0|83|1|0|
14|350|390|0|83|1|0|
14|340|330|0|83|1|0|
14|351|330|0|83|1|0|
14|352|360|0|83|1|0|
14|344|360|0|83|1|0|
14|350|390|0|83|1|0|
14|342|360|0|83|1|0|
14|350|390|0|83|1|0|
14|349|330|0|83|1|0|
14|344|360|0|83|1|0|
14|350|330|0|83|1|0|
14|350|390|0|83|1|0|
14|352|330|0|83|1|0|
14|303|300|0|83|1|0|
14|358|360|0|83|1|0|
14|356|360|0|83|1|0|
14|356|330|0|83|1|0|
14|350|360|0|83|1|0|
14|354|330|0|83|1|0|
14|351|360|0|83|1|0|
14|360|330|0|83|1|0|
14|348|300|0|83|1|0|
14|356|330|0|83|1|0|
14|854|840|0|83|1|0|
14|353|330|0|83|1|0|
14|353|360|0|83|1|0|
14|350|360|0|83|1|0|
14|350|330|0|83|1|0|
14|844|840|0|83|1|0|
14|351|330|0|83|1|0|
14|354|330|0|83|1|0|
14|352|330|0|83|1|0|
14|352|360|0|83|1|0|
14|356|360|0|83|1|0|
14|360|330|0|83|1|0|
14|348|300|0|83|1|0|
14|356|360|0|83|1|0|
14|349|330|0|83|1|0|
14|350|330|0|83|1|0|
14|351|330|0|83|1|0|
14|356|330|0|83|1|0|
14|353|330|0|83|1|0|
14|358|330|0|83|1|0|
14|348|360|0|83|1|0|
14|353|330|0|83|1|0|
14|358|330|0|83|1|0|
14|355|330|0|83|1|0|
14|344|360|0|83|1|0|
14|346|330|0|83|1|0|
14|357|360|0|83|1|0|
14|478|450|0|83|1|0|
14|362|390|0|83|1|0|
14|321|360|0|83|1|0|
14|277|330|0|83|1|0|
14|321|360|0|83|1|0|
14|282|360|0|83|1|0|
14|324|390|0|83|1|0|
14|346|330|0|83|1|0|
14|353|360|0|83|1|0|
14|320|390|0|83|1|0|
14|353|330|0|83|1|0|
14|324|360|0|83|1|0|
14|926|1080|0|83|1|0|
14|348|330|0|83|1|0|
14|318|360|0|83|1|0|
14|322|360|0|83|1|0|
14|281|360|0|83|1|0|
14|362|390|0|83|1|0|
14|284|300|0|83|1|0|
14|319|330|0|83|1|0|
14|325|360|0|83|1|0|
14|320|360|0|83|1|0|
14|331|330|0|83|1|0|
14|322|330|0|83|1|0|
14|328|330|0|83|1|0|
14|330|360|0|83|1|0|
14|332|360|0|83|1|0|
14|330|360|0|83|1|0|
14|324|390|0|83|1|0|
14|328|360|0|83|1|0|
14|323|360|0|83|1|0|
14|552|630|0|83|1|0|
14|328|360|0|83|1|0|
14|324|390|0|83|1|0|
14|344|330|0|83|1|0|
14|350|330|0|83|1|0|
14|349|360|0|83|1|0|
14|347|360|0|83|1|0|
14|348|330|0|83|1|0|
14|347|330|0|83|1|0|
14|339|330|0|83|1|0|
14|370|360|0|83|1|0|
14|341|330|0|83|1|0|
14|352|360|0|83|1|0|
14|349|390|0|83|1|0|
14|352|330|0|83|1|0|
14|351|330|0|83|1|0|
14|343|330|0|83|1|0|
14|348|330|0|83|1|0|
14|328|360|0|83|1|0|
14|338|360|0|83|1|0|
14|328|330|0|83|1|0|
14|305|330|0|83|1|0|
14|341|360|0|83|1|0|
14|339|390|0|83|1|0|
14|328|360|0|83|1|0|
14|334|360|0|83|1|0|
14|330|330|0|83|1|0|
14|334|360|0|83|1|0|
14|286|300|0|83|1|0|
14|334|360|0|83|1|0|
14|341|390|0|83|1|0|
14|330|390|0|83|1|0|
14|340|390|0|83|1|0|
14|332|360|0|83|1|0|
14|350|330|0|83|1|0|
14|346|330|0|83|1|0|
14|343|330|0|83|1|0|
14|344|330|0|83|1|0|
14|345|330|0|83|1|0|
14|348|330|0|83|1|0|
14|343|330|0|83|1|0|
14|346|330|0|83|1|0|
14|348|330|0|83|1|0|
14|344|360|0|83|1|0|
14|325|300|0|83|1|0|
14|345|330|0|83|1|0|
14|343|330|0|83|1|0|
14|351|330|0|83|1|0|
14|343|330|0|83|1|0|
14|349|360|0|83|1|0|
14|341|360|0|83|1|0|
14|343|360|0|83|1|0|
14|747|780|0|83|1|0|
14|329|360|0|83|1|0|
14|327|330|0|83|1|0|
14|331|360|0|83|1|0|
14|328|330|0|83|1|0|
14|370|420|0|83|1|0|
14|337|360|0|83|1|0|
14|332|330|0|83|1|0|
14|328|360|0|83|1|0|
14|330|330|0|83|1|0|
14|330|330|0|83|1|0|
14|327|360|0|83|1|0|
14|329|360|0|83|1|0|
14|327|360|0|83|1|0|
14|336|330|0|83|1|0|
14|338|390|0|83|1|0|
14|315|390|0|83|1|0|
14|320|360|0|83|1|0|
14|313|390|0|83|1|0|
14|313|390|0|83|1|0|
14|313|360|0|83|1|0|
14|313|390|0|83|1|0|
14|310|360|0|83|1|0|
14|307|390|0|83|1|0|
14|317|360|0|83|1|0|
14|270|330|0|83|1|0|
14|318|390|0|83|1|0|
14|312|390|0|83|1|0|
14|316|390|0|83|1|0|
14|309|390|0|83|1|0|
14|315|360|0|83|1|0|
14|722|870|0|83|1|0|
14|317|390|0|83|1|0|
14|310|360|0|83|1|0|
14|307|360|0|83|1|0|
14|317|390|0|83|1|0|
14|317|390|0|83|1|0|
14|307|390|0|83|1|0|
14|309|360|0|83|1|0|
14|311|390|0|83|1|0|
14|314|360|0|83|1|0|
14|311|360|0|83|1|0|
14|311|390|0|83|1|0|
14|311|390|0|83|1|0|
14|317|390|0|83|1|0|
14|312|360|0|83|1|0|
14|307|390|0|83|1|0|
14|320|360|0|83|1|0|
14|310|360|0|83|1|0|
14|317|390|0|83|1|0|
14|313|360|0|83|1|0|
14|311|390|0|83|1|0|
14|309|330|0|83|1|0|
14|310|360|0|83|1|0|
14|310|390|0|83|1|0|
14|315|390|0|83|1|0|
14|313|360|0|83|1|0|
14|311|360|0|83|1|0|
14|309|360|0|83|1|0|
14|313|390|0|83|1|0|
14|312|390|0|83|1|0|
14|307|390|0|83|1|0|
14|315|360|0|83|1|0|
14|309|330|0|83|1|0|
14|315|390|0|83|1|0|
14|503|630|0|83|1|0|
14|315|390|0|83|1|0|
14|311|360|0|83|1|0|
14|309|360|0|83|1|0|
14|315|390|0|83|1|0|
14|308|360|0|83|1|0|
14|311|360|0|83|1|0|
14|309|360|0|83|1|0|
14|311|390|0|83|1|0|
14|877|1020|0|83|1|0|
14|307|390|0|83|1|0|
14|310|360|0|83|1|0|
14|309|360|0|83|1|0|
14|313|390|0|83|1|0|
14|317|390|0|83|1|0|
14|313|360|0|83|1|0|
14|319|390|0|83|1|0|
14|311|390|0|83|1|0|
14|313|390|0|83|1|0|
14|313|390|0|83|1|0|
14|311|390|0|83|1|0|
14|316|390|0|83|1|0|
14|308|390|0|83|1|0|
14|310|360|0|83|1|0|
14|318|390|0|83|1|0|
14|311|390|0|83|1|0|
14|315|390|0|83|1|0|
14|309|360|0|83|1|0|
14|315|360|0|83|1|0|
14|319|390|0|83|1|0|
14|315|390|0|83|1|0|
14|315|360|0|83|1|0|
14|316|360|0|83|1|0|
14|317|390|0|83|1|0|
14|317|360|0|83|1|0|
14|312|360|0|83|1|0|
14|309|390|0|83|1|0|
14|318|390|0|83|1|0|
14|309|390|0|83|1|0|
14|841|990|0|83|1|0|
14|307|390|0|83|1|0|
14|309|390|0|83|1|0|
14|313|390|0|83|1|0|
14|307|390|0|83|1|0|
14|308|360|0|83|1|0|
14|314|360|0|83|1|0|
14|312|360|0|83|1|0|
14|321|360|0|83|1|0|
14|314|360|0|83|1|0|
14|310|360|0|83|1|0|
14|320|390|0|83|1|0|
14|310|390|0|83|1|0|
14|315|360|0|83|1|0|
14|351|330|0|83|1|0|
14|352|360|0|83|1|0|
14|352|360|0|83|1|0|
14|358|360|0|83|1|0|
14|356|330|0|83|1|0|
14|808|780|0|83|1|0|
14|360|330|0|83|1|0|
14|361|360|0|83|1|0|
14|360|330|0|83|1|0|
14|510|480|0|83|1|0|
14|350|330|0|83|1|0|
14|840|810|0|83|1|0|
14|351|330|0|83|1|0|
14|356|330|0|83|1|0|
14|556|570|0|83|1|0|
14|357|330|0|83|1|0|
14|353|360|0|83|1|0|
14|358|360|0|83|1|0|
14|338|360|0|83|1|0|
14|348|360|0|83|1|0|
14|355|330|0|83|1|0|
14|363|330|0|83|1|0|
14|351|330|0|83|1|0|
14|360|360|0|83|1|0|
14|354|330|0|83|1|0|
14|352|360|0|83|1|0|
14|350|330|0|83|1|0|
14|864|840|0|83|1|0|
14|354|330|0|83|1|0|
14|352|360|0|83|1|0|
14|354|330|0|83|1|0|
14|356|360|0|83|1|0|
14|874|870|0|83|1|0|
14|354|360|0|83|1|0|
14|356|330|0|83|1|0|
14|359|360|0|83|1|0|
14|350|300|0|83|1|0|
14|354|330|0|83|1|0|
14|352|330|0|83|1|0|
14|354|330|0|83|1|0|
14|360|360|0|83|1|0|
14|350|330|0|83|1|0|
14|354|330|0|83|1|0|
14|349|330|0|83|1|0|
14|356|360|0|83|1|0|
14|352|360|0|83|1|0|
14|351|360|0|83|1|0|
14|885|840|0|83|1|0|
14|348|330|0|83|1|0|
14|364|330|0|83|1|0|
14|354|330|0|83|1|0|
14|356|360|0|83|1|0|
14|356|360|0|83|1|0|
14|355|330|0|83|1|0|
14|360|330|0|83|1|0|
14|352|330|0|83|1|0|
14|348|330|0|83|1|0|
14|357|330|0|83|1|0|
14|361|330|0|83|1|0|
14|348|330|0|83|1|0|
14|512|510|0|83|1|0|
14|352|330|0|83|1|0|
14|351|360|0|83|1|0|
14|814|780|0|83|1|0|
14|358|330|0|83|1|0|
14|351|360|0|83|1|0|
14|356|330|0|83|1|0|
14|354|330|0|83|1|0|
14|354|330|0|83|1|0|
14|348|360|0|83|1|0|
14|352|360|0|83|1|0|
14|350|330|0|83|1|0|
14|356|360|0|83|1|0|
14|350|360|0|83|1|0|
14|356|330|0|83|1|0|
14|350|360|0|83|1|0|
14|358|330|0|83|1|0|
14|356|330|0|83|1|0|
14|351|360|0|83|1|0|
14|356|360|0|83|1|0|
14|351|330|0|83|1|0|
14|350|360|0|83|1|0|
14|354|330|0|83|1|0|
14|350|360|0|83|1|0|
14|352|330|0|83|1|0|
14|353|330|0|83|1|0|
14|350|330|0|83|1|0|
14|352|330|0|83|1|0|
14|358|330|0|83|1|0|
14|353|330|0|83|1|0|
14|358|360|0|83|1|0|
14|383|360|0|83|1|0|
14|357|360|0|83|1|0|
14|354|330|0|83|1|0|
14|350|330|0|83|1|0|
14|359|360|0|83|1|0|
14|544|540|0|83|1|0|
14|357|360|0|83|1|0|
14|350|360|0|83|1|0|
14|304|300|0|83|1|0|
14|356|330|0|83|1|0|
14|358|330|0|83|1|0|
14|351|330|0|83|1|0|
14|352|360|0|83|1|0|
14|300|270|0|83|1|0|
14|350|330|0|83|1|0|
14|352|330|0|83|1|0|
14|356|330|0|83|1|0|
14|356|360|0|83|1|0|
14|360|360|0|83|1|0|
14|349|330|0|83|1|0|
14|358|330|0|83|1|0|
14|840|840|0|83|1|0|
14|356|330|0|83|1|0|
14|352|330|0|83|1|0|
14|349|360|0|83|1|0|
14|354|330|0|83|1|0|
14|354|330|0|83|1|0|
14|354|330|0|83|1|0|
14|311|270|0|83|1|0|
14|298|300|0|83|1|0|
14|305|330|0|83|1|0|
14|438|420|0|83|1|0|
14|324|360|0|83|1|0|
14|322|390|0|83|1|0|
14|322|360|0|83|1|0|
14|319|390|0|83|1|0|
14|316|360|0|83|1|0|
14|322|390|0|83|1|0|
14|286|300|0|83|1|0|
14|290|330|0|83|1|0|
14|324|360|0|83|1|0|
14|320|390|0|83|1|0|
14|327|360|0|83|1|0|
14|315|360|0|83|1|0|
14|317|360|0|83|1|0|
14|314|390|0|83|1|0|
14|324|360|0|83|1|0|
14|314|330|0|83|1|0|
14|322|390|0|83|1|0|
14|324|390|0|83|1|0|
14|334|360|0|83|1|0|
14|336|330|0|83|1|0|
14|330|360|0|83|1|0|
14|417|420|0|83|1|0|
14|306|300|0|83|1|0|
14|296|330|0|83|1|0|
14|330|330|0|83|1|0|
14|293|300|0|83|1|0|
14|337|390|0|83|1|0|
14|328|330|0|83|1|0|
14|335|390|0|83|1|0|
14|343|330|0|83|1|0|
14|339|360|0|83|1|0|
14|291|300|0|83|1|0|
14|340|330|0|83|1|0|
14|330|330|0|83|1|0|
14|339|330|0|83|1|0|
14|328|330|0|83|1|0|
14|328|360|0|83|1|0|
14|333|390|0|83|1|0|
14|338|390|0|83|1|0|
14|332|390|0|83|1|0|
14|338|330|0|83|1|0|
14|338|390|0|83|1|0|
14|338|330|0|83|1|0|
14|337|330|0|83|1|0|
14|330|360|0|83|1|0|
14|328|330|0|83|1|0|
14|330|390|0|83|1|0|
14|341|390|0|83|1|0|
14|288|330|0|83|1|0|
14|336|390|0|83|1|0|
14|304|330|0|83|1|0|
14|353|390|0|83|1|0|
14|348|330|0|83|1|0|
14|349|390|0|83|1|0|
14|348|330|0|83|1|0|
14|348|330|0|83|1|0|
14|350|330|0|83|1|0|
14|342|330|0|83|1|0|
14|348|390|0|83|1|0|
14|346|330|0|83|1|0|
14|341|330|0|83|1|0|
14|350|330|0|83|1|0|
14|347|330|0|83|1|0|
14|346|330|0|83|1|0|
14|352|360|0|83|1|0|
14|350|330|0|83|1|0|
14|348|330|0|83|1|0|
14|349|330|0|83|1|0|
14|347|390|0|83|1|0|
14|1119|1140|0|83|1|0|
14|349|360|0|83|1|0|
14|347|330|0|83|1|0|
14|350|390|0|83|1|0|
14|347|330|0|83|1|0|
14|351|330|0|83|1|0|
14|335|330|0|83|1|0|
14|346|330|0|83|1|0|
14|345|360|0|83|1|0|
14|339|330|0|83|1|0|
14|347|330|0|83|1|0|
14|341|330|0|83|1|0|
14|352|330|0|83|1|0|
14|341|360|0|83|1|0|
14|299|330|0|83|1|0|
14|885|870|0|83|1|0|
14|335|330|0|83|1|0|
14|338|300|0|83|1|0|
14|303|270|0|83|1|0|
14|307|300|0|83|1|0|
14|347|390|0|83|1|0|
14|358|360|0|83|1|0|
14|347|330|0|83|1|0|
14|347|330|0|83|1|0|
14|301|330|0|83|1|0|
14|301|330|0|83|1|0|
14|351|360|0|83|1|0|
14|321|300|0|83|1|0|
14|303|270|0|83|1|0|
14|309|300|0|83|1|0|
14|348|330|0|83|1|0|
14|297|270|0|83|1|0|
14|349|330|0|83|1|0|
14|344|360|0|83|1|0|
14|309|270|0|83|1|0|
14|311|330|0|83|1|0|
14|303|330|0|83|1|0|
14|297|300|0|83|1|0|
14|306|300|0|83|1|0|
14|355|330|0|83|1|0|
14|297|270|0|83|1|0|
14|350|330|0|83|1|0|
14|349|360|0|83|1|0|
14|298|330|0|83|1|0|
14|353|360|0|83|1|0|
14|347|330|0|83|1|0|
14|301|300|0|83|1|0|
14|303|300|0|83|1|0|
14|349|360|0|83|1|0|
14|349|390|0|83|1|0|
14|351|330|0|83|1|0|
14|347|330|0|83|1|0|
14|347|330|0|83|1|0|
14|347|330|0|83|1|0|
14|349|330|0|83|1|0|
14|329|360|0|83|1|0|
14|327|360|0|83|1|0|
14|329|390|0|83|1|0|
14|321|390|0|83|1|0|
14|320|360|0|83|1|0|
14|327|390|0|83|1|0|
14|321|330|0|83|1|0|
14|323|360|0|83|1|0|
14|322|330|0|83|1|0|
14|326|390|0|83|1|0|
14|628|720|0|83|1|0|
14|324|330|0|83|1|0|
14|315|360|0|83|1|0|
14|512|630|0|83|1|0|
14|315|360|0|83|1|0|
14|317|390|0|83|1|0|
14|313|390|0|83|1|0|
14|309|390|0|83|1|0|
14|315|390|0|83|1|0|
14|311|360|0|83|1|0|
14|317|360|0|83|1|0|
14|317|360|0|83|1|0|
14|314|390|0|83|1|0|
14|591|690|0|83|1|0|
14|307|360|0|83|1|0|
14|315|390|0|83|1|0|
14|309|360|0|83|1|0|
14|331|390|0|83|1|0|
14|324|390|0|83|1|0|
14|329|360|0|83|1|0|
14|322|360|0|83|1|0|
14|331|360|0|83|1|0|
14|324|360|0|83|1|0|
14|323|360|0|83|1|0|
14|323|360|0|83|1|0|
14|327|360|0|83|1|0|
14|331|330|0|83|1|0|
14|323|360|0|83|1|0|
14|327|360|0|83|1|0|
14|325|330|0|83|1|0|
14|323|360|0|83|1|0|
14|325|360|0|83|1|0|
14|351|360|0|83|1|0|
14|345|330|0|83|1|0|
14|350|360|0|83|1|0|
14|348|330|0|83|1|0|
14|343|360|0|83|1|0|
14|345|330|0|83|1|0|
14|343|330|0|83|1|0|
14|345|360|0|83|1|0|
14|1141|1140|0|83|1|0|
14|355|330|0|83|1|0|
14|351|330|0|83|1|0|
14|345|330|0|83|1|0|
14|351|390|0|83|1|0|
14|345|360|0|83|1|0|
14|349|330|0|83|1|0|
14|337|390|0|83|1|0|
14|329|360|0|83|1|0|
14|337|360|0|83|1|0|
14|335|360|0|83|1|0|
14|335|390|0|83|1|0|
14|333|360|0|83|1|0|
14|333|390|0|83|1|0|
14|329|330|0|83|1|0|
14|329|330|0|83|1|0|
14|335|330|0|83|1|0|
14|331|360|0|83|1|0|
14|339|360|0|83|1|0|
14|331|330|0|83|1|0|
14|295|300|0|83|1|0|
14|335|390|0|83|1|0|
14|336|330|0|83|1|0|
14|346|390|0|83|1|0|
14|295|300|0|83|1|0|
14|301|270|0|83|1|0|
14|345|360|0|83|1|0|
14|345|360|0|83|1|0|
14|345|360|0|83|1|0|
14|342|330|0|83|1|0|
14|341|330|0|83|1|0|
14|343|360|0|83|1|0|
14|343|330|0|83|1|0|
14|335|360|0|83|1|0|
14|343|330|0|83|1|0|
14|345|360|0|83|1|0|
14|351|390|0|83|1|0|
14|342|360|0|83|1|0|
14|349|390|0|83|1|0|
14|307|360|0|83|1|0|
14|307|360|0|83|1|0|
14|309|390|0|83|1|0|
14|308|360|0|83|1|0|
14|307|390|0|83|1|0|
14|311|390|0|83|1|0|
14|307|360|0|83|1|0|
14|317|390|0|83|1|0|
14|311|390|0|83|1|0|
14|307|390|0|83|1|0|
14|309|360|0|83|1|0|
14|308|390|0|83|1|0|
