INSTRUCTIONS_RETIRED|CYCLES|UNKNOWN|LD_BLOCKS.STORE_FORWARD|UOPS_EXECUTED.CORE|BR_MISP_RETIRED.ALL_BRANCHES|UOPS_ISSUED.SINGLE_MUL|
14|315|300|0|83|1|0|
14|501|480|0|83|1|0|
14|457|450|0|83|1|0|
14|350|330|0|83|1|0|
14|346|390|0|85|1|0|
14|349|360|0|83|1|0|
14|346|390|0|85|1|0|
14|350|330|0|85|1|0|
14|352|330|0|83|1|0|
14|344|330|0|85|1|0|
14|342|360|0|85|1|0|
14|348|330|0|85|1|0|
14|343|330|0|85|1|0|
14|345|360|0|83|1|0|
14|342|330|0|85|1|0|
14|350|360|0|83|1|0|
14|347|330|0|85|1|0|
14|342|330|0|85|1|0|
14|342|330|0|85|1|0|
14|349|330|0|83|1|0|
14|338|330|0|85|1|0|
14|356|330|0|85|1|0|
14|348|330|0|83|1|0|
14|354|330|0|83|1|0|
14|353|360|0|83|1|0|
14|366|330|0|85|1|0|
14|346|330|0|85|1|0|
14|356|330|0|85|1|0|
14|351|330|0|85|1|0|
14|351|330|0|85|1|0|
14|346|360|0|85|1|0|
14|448|480|0|85|1|0|
14|343|330|0|83|1|0|
14|342|330|0|85|1|0|
14|343|330|0|83|1|0|
14|341|360|0|85|1|0|
14|343|330|0|83|1|0|
14|352|360|0|85|1|0|
14|721|690|0|83|1|0|
14|355|330|0|83|1|0|
14|350|330|0|85|1|0|
14|346|360|0|83|1|0|
14|343|360|0|83|1|0|
14|347|360|0|83|1|0|
14|351|330|0|83|1|0|
14|324|300|0|85|1|0|
14|345|330|0|85|1|0|
14|348|330|0|85|1|0|
14|346|360|0|85|1|0|
14|357|330|0|83|1|0|
14|359|360|0|83|1|0|
14|647|630|0|83|1|0|
14|349|330|0|83|1|0|
14|355|330|0|83|1|0|
14|351|360|0|83|1|0|
14|347|300|0|83|1|0|
14|357|330|0|83|1|0|
14|355|330|0|83|1|0|
14|350|330|0|83|1|0|
14|347|330|0|83|1|0|
14|353|330|0|83|1|0|
14|339|300|0|83|1|0|
14|349|390|0|83|1|0|
14|339|360|0|83|1|0|
14|347|360|0|83|1|0|
14|356|360|0|83|1|0|
14|350|330|0|83|1|0|
14|355|330|0|83|1|0|
14|357|330|0|83|1|0|
14|349|330|0|83|1|0|
14|357|330|0|83|1|0|
14|359|330|0|83|1|0|
14|349|330|0|83|1|0|
14|307|330|0|83|1|0|
14|349|360|0|83|1|0|
14|350|330|0|83|1|0|
14|355|360|0|83|1|0|
14|356|330|0|83|1|0|
14|348|330|0|83|1|0|
14|354|360|0|83|1|0|
14|350|360|0|83|1|0|
14|358|330|0|83|1|0|
14|349|330|0|83|1|0|
14|353|330|0|83|1|0|
14|358|330|0|83|1|0|
14|352|330|0|83|1|0|
14|360|330|0|83|1|0|
14|350|330|0|83|1|0|
14|355|360|0|83|1|0|
14|351|360|0|83|1|0|
14|355|330|0|83|1|0|
14|353|360|0|83|1|0|
14|353|360|0|83|1|0|
14|351|360|0|83|1|0|
14|353|330|0|83|1|0|
14|357|330|0|83|1|0|
14|349|360|0|83|1|0|
14|355|330|0|83|1|0|
14|351|330|0|83|1|0|
14|360|330|0|83|1|0|
14|347|300|0|83|1|0|
14|351|330|0|83|1|0|
14|353|330|0|83|1|0|
14|349|300|0|83|1|0|
14|357|330|0|83|1|0|
14|347|360|0|83|1|0|
14|358|360|0|83|1|0|
14|354|330|0|83|1|0|
14|363|360|0|83|1|0|
14|354|360|0|83|1|0|
14|352|300|0|83|1|0|
14|360|360|0|83|1|0|
14|359|360|0|83|1|0|
14|355|330|0|83|1|0|
14|808|810|0|83|1|0|
14|351|330|0|83|1|0|
14|351|330|0|83|1|0|
14|353|360|0|83|1|0|
14|351|360|0|83|1|0|
14|348|300|0|83|1|0|
14|354|330|0|83|1|0|
14|350|300|0|83|1|0|
14|357|330|0|83|1|0|
14|347|330|0|83|1|0|
14|349|330|0|83|1|0|
14|353|330|0|83|1|0|
14|352|360|0|83|1|0|
14|349|360|0|83|1|0|
14|351|330|0|83|1|0|
14|353|330|0|83|1|0|
14|353|360|0|83|1|0|
14|362|330|0|83|1|0|
14|357|330|0|83|1|0|
14|355|360|0|83|1|0|
14|351|300|0|83|1|0|
14|311|300|0|83|1|0|
14|305|300|0|83|1|0|
14|347|390|0|83|1|0|
14|341|330|0|83|1|0|
14|347|330|0|83|1|0|
14|342|330|0|83|1|0|
14|349|330|0|83|1|0|
14|352|390|0|83|1|0|
14|351|330|0|83|1|0|
14|327|360|0|83|1|0|
14|303|300|0|83|1|0|
14|348|360|0|83|1|0|
14|305|330|0|83|1|0|
14|346|330|0|85|1|0|
14|334|330|0|85|1|0|
14|288|330|0|83|1|0|
14|294|300|0|83|1|0|
14|329|360|0|83|1|0|
14|339|390|0|83|1|0|
14|329|330|0|83|1|0|
14|331|330|0|83|1|0|
14|328|330|0|83|1|0|
14|333|390|0|83|1|0|
14|731|810|0|83|1|0|
14|335|360|0|83|1|0|
14|327|360|0|83|1|0|
14|295|300|0|83|1|0|
14|332|360|0|83|1|0|
14|337|360|0|83|1|0|
14|336|330|0|83|1|0|
14|337|390|0|83|1|0|
14|349|360|0|83|1|0|
14|343|360|0|83|1|0|
14|349|330|0|83|1|0|
14|343|360|0|83|1|0|
14|343|330|0|83|1|0|
14|341|330|0|83|1|0|
14|336|300|0|83|1|0|
14|469|450|0|83|1|0|
14|299|270|0|83|1|0|
14|347|330|0|83|1|0|
14|349|390|0|83|1|0|
14|353|390|0|83|1|0|
14|346|330|0|83|1|0|
14|343|330|0|83|1|0|
14|347|390|0|83|1|0|
14|343|360|0|83|1|0|
14|345|360|0|83|1|0|
14|343|360|0|83|1|0|
14|342|330|0|83|1|0|
14|349|360|0|83|1|0|
14|342|360|0|83|1|0|
14|355|330|0|83|1|0|
14|360|360|0|83|1|0|
14|348|360|0|83|1|0|
14|344|330|0|83|1|0|
14|346|360|0|83|1|0|
14|347|330|0|83|1|0|
14|347|330|0|83|1|0|
14|343|330|0|83|1|0|
14|352|360|0|83|1|0|
14|345|360|0|83|1|0|
14|359|360|0|83|1|0|
14|341|360|0|83|1|0|
14|345|360|0|83|1|0|
14|347|390|0|83|1|0|
14|339|330|0|83|1|0|
14|331|390|0|83|1|0|
14|337|390|0|83|1|0|
14|329|330|0|83|1|0|
14|335|390|0|83|1|0|
14|336|330|0|83|1|0|
14|331|330|0|83|1|0|
14|335|330|0|83|1|0|
14|333|330|0|83|1|0|
14|335|360|0|83|1|0|
14|331|390|0|83|1|0|
14|336|390|0|83|1|0|
14|329|390|0|83|1|0|
14|336|330|0|83|1|0|
14|337|330|0|83|1|0|
14|328|390|0|83|1|0|
14|332|360|0|83|1|0|
14|326|390|0|83|1|0|
14|324|360|0|83|1|0|
14|326|390|0|83|1|0|
14|330|360|0|83|1|0|
14|327|360|0|83|1|0|
14|326|360|0|83|1|0|
14|332|330|0|83|1|0|
14|328|360|0|83|1|0|
14|326|390|0|83|1|0|
14|326|360|0|83|1|0|
14|324|330|0|83|1|0|
14|334|390|0|83|1|0|
14|332|390|0|83|1|0|
14|328|360|0|83|1|0|
14|326|360|0|83|1|0|
14|328|360|0|83|1|0|
14|465|540|0|83|1|0|
14|327|360|0|83|1|0|
14|328|390|0|83|1|0|
14|331|390|0|83|1|0|
14|324|360|0|83|1|0|
14|332|330|0|83|1|0|
14|326|360|0|83|1|0|
14|331|390|0|83|1|0|
14|328|360|0|83|1|0|
14|325|360|0|83|1|0|
14|330|360|0|83|1|0|
14|330|390|0|83|1|0|
14|330|390|0|83|1|0|
14|324|360|0|83|1|0|
14|326|360|0|83|1|0|
14|331|390|0|83|1|0|
14|341|390|0|83|1|0|
14|335|330|0|83|1|0|
14|335|360|0|83|1|0|
14|336|390|0|83|1|0|
14|332|390|0|83|1|0|
14|336|360|0|83|1|0|
14|332|360|0|83|1|0|
14|331|390|0|83|1|0|
14|330|330|0|83|1|0|
14|331|360|0|83|1|0|
14|328|360|0|83|1|0|
14|334|360|0|83|1|0|
14|333|330|0|83|1|0|
14|336|390|0|83|1|0|
14|336|330|0|83|1|0|
14|336|330|0|83|1|0|
14|328|360|0|83|1|0|
14|328|330|0|83|1|0|
14|340|330|0|83|1|0|
14|329|360|0|83|1|0|
14|338|390|0|83|1|0|
14|330|360|0|83|1|0|
14|333|390|0|83|1|0|
14|338|330|0|83|1|0|
14|336|390|0|83|1|0|
14|336|330|0|83|1|0|
14|338|360|0|83|1|0|
14|335|360|0|83|1|0|
14|336|360|0|83|1|0|
14|334|360|0|83|1|0|
14|336|360|0|83|1|0|
14|336|390|0|83|1|0|
14|317|360|0|83|1|0|
14|313|390|0|83|1|0|
14|309|360|0|83|1|0|
14|318|390|0|83|1|0|
14|310|360|0|83|1|0|
14|310|390|0|83|1|0|
14|487|600|0|83|1|0|
14|310|390|0|83|1|0|
14|318|390|0|83|1|0|
14|314|360|0|83|1|0|
14|310|360|0|83|1|0|
14|982|1170|0|83|1|0|
14|272|330|0|83|1|0|
14|314|390|0|83|1|0|
14|318|390|0|83|1|0|
14|312|360|0|83|1|0|
14|316|390|0|83|1|0|
14|319|390|0|83|1|0|
14|317|390|0|83|1|0|
14|313|360|0|83|1|0|
14|316|390|0|83|1|0|
14|974|1140|0|83|1|0|
14|318|360|0|83|1|0|
14|314|360|0|83|1|0|
14|316|360|0|83|1|0|
14|310|390|0|83|1|0|
14|314|360|0|83|1|0|
14|311|390|0|83|1|0|
14|309|390|0|83|1|0|
14|313|360|0|83|1|0|
14|332|330|0|83|1|0|
14|336|390|0|83|1|0|
14|330|390|0|83|1|0|
14|337|330|0|83|1|0|
14|329|360|0|83|1|0|
14|339|360|0|83|1|0|
14|337|360|0|83|1|0|
14|331|330|0|83|1|0|
14|331|330|0|83|1|0|
14|333|330|0|83|1|0|
14|330|390|0|85|1|0|
14|329|360|0|83|1|0|
14|331|330|0|83|1|0|
14|337|390|0|83|1|0|
14|336|390|0|83|1|0|
14|331|330|0|83|1|0|
14|333|360|0|83|1|0|
14|340|390|0|83|1|0|
14|328|360|0|83|1|0|
14|340|390|0|83|1|0|
14|335|330|0|83|1|0|
14|330|360|0|83|1|0|
14|336|390|0|83|1|0|
14|331|390|0|83|1|0|
14|337|360|0|83|1|0|
14|338|390|0|83|1|0|
14|328|360|0|83|1|0|
14|336|390|0|83|1|0|
14|338|330|0|83|1|0|
14|338|360|0|83|1|0|
14|333|390|0|83|1|0|
14|335|360|0|83|1|0|
14|338|330|0|83|1|0|
14|332|360|0|83|1|0|
14|358|330|0|83|1|0|
14|360|360|0|83|1|0|
14|350|360|0|83|1|0|
14|722|720|0|83|1|0|
14|356|360|0|83|1|0|
14|366|330|0|83|1|0|
14|350|360|0|83|1|0|
14|350|330|0|83|1|0|
14|632|630|0|83|1|0|
14|348|330|0|83|1|0|
14|350|300|0|83|1|0|
14|348|330|0|83|1|0|
14|354|330|0|83|1|0|
14|355|360|0|83|1|0|
14|899|870|0|83|1|0|
14|348|360|0|83|1|0|
14|351|360|0|83|1|0|
14|349|360|0|83|1|0|
14|350|300|0|83|1|0|
14|346|330|0|85|1|0|
14|1213|1200|0|83|1|0|
14|352|330|0|83|1|0|
14|347|330|0|83|1|0|
14|354|360|0|83|1|0|
14|348|360|0|83|1|0|
14|350|360|0|83|1|0|
14|350|360|0|83|1|0|
14|354|330|0|83|1|0|
14|1106|1050|0|83|1|0|
14|356|360|0|83|1|0|
14|357|360|0|83|1|0|
14|351|330|0|83|1|0|
14|356|330|0|83|1|0|
14|363|330|0|83|1|0|
14|363|330|0|83|1|0|
14|355|330|0|83|1|0|
14|356|330|0|83|1|0|
14|359|360|0|83|1|0|
14|356|360|0|83|1|0|
14|360|360|0|83|1|0|
14|354|330|0|83|1|0|
14|354|330|0|83|1|0|
14|355|330|0|83|1|0|
14|362|360|0|83|1|0|
14|360|360|0|83|1|0|
14|352|330|0|83|1|0|
14|348|300|0|83|1|0|
14|356|360|0|83|1|0|
14|348|360|0|83|1|0|
14|354|360|0|83|1|0|
14|351|330|0|83|1|0|
14|348|360|0|83|1|0|
14|743|750|0|83|1|0|
14|1100|1020|0|83|1|0|
14|350|330|0|83|1|0|
14|356|330|0|83|1|0|
14|352|330|0|83|1|0|
14|355|330|0|83|1|0|
14|351|330|0|83|1|0|
14|354|330|0|83|1|0|
14|348|330|0|83|1|0|
14|358|330|0|83|1|0|
14|348|360|0|83|1|0|
14|358|360|0|83|1|0|
14|348|360|0|83|1|0|
14|356|330|0|83|1|0|
14|350|360|0|83|1|0|
14|358|330|0|83|1|0|
14|350|330|0|83|1|0|
14|360|330|0|83|1|0|
14|356|360|0|83|1|0|
14|352|300|0|83|1|0|
14|361|360|0|83|1|0|
14|362|330|0|83|1|0|
14|359|360|0|83|1|0|
14|353|330|0|83|1|0|
14|358|360|0|83|1|0|
14|358|330|0|83|1|0|
14|360|360|0|83|1|0|
14|351|360|0|83|1|0|
14|882|870|0|83|1|0|
14|348|330|0|83|1|0|
14|352|330|0|83|1|0|
14|352|360|0|83|1|0|
14|358|330|0|83|1|0|
14|355|360|0|83|1|0|
14|356|330|0|83|1|0|
14|358|360|0|83|1|0|
14|352|360|0|83|1|0|
14|350|360|0|83|1|0|
14|357|330|0|83|1|0|
14|352|330|0|83|1|0|
14|356|360|0|83|1|0|
14|356|360|0|83|1|0|
14|352|330|0|83|1|0|
14|356|330|0|83|1|0|
14|352|330|0|83|1|0|
14|728|720|0|83|1|0|
14|348|360|0|83|1|0|
14|354|330|0|83|1|0|
14|354|330|0|83|1|0|
14|571|540|0|83|1|0|
14|364|330|0|83|1|0|
14|354|360|0|83|1|0|
14|352|330|0|83|1|0|
14|354|330|0|83|1|0|
14|353|360|0|83|1|0|
14|354|360|0|83|1|0|
14|351|300|0|83|1|0|
14|1214|1170|0|83|1|0|
14|853|840|0|83|1|0|
14|358|360|0|83|1|0|
14|348|330|0|83|1|0|
14|358|360|0|83|1|0|
14|356|360|0|83|1|0|
14|356|330|0|83|1|0|
14|349|330|0|83|1|0|
14|316|270|0|83|1|0|
14|342|330|0|83|1|0|
14|343|390|0|83|1|0|
14|341|330|0|83|1|0|
14|348|330|0|83|1|0|
14|351|330|0|83|1|0|
14|347|330|0|83|1|0|
14|306|330|0|83|1|0|
14|344|330|0|83|1|0|
14|348|360|0|83|1|0|
14|391|390|0|83|1|0|
14|343|390|0|83|1|0|
14|348|330|0|83|1|0|
14|343|330|0|83|1|0|
14|343|330|0|83|1|0|
14|347|360|0|83|1|0|
14|351|330|0|83|1|0|
14|348|330|0|83|1|0|
14|346|360|0|83|1|0|
14|355|360|0|83|1|0|
14|343|330|0|83|1|0|
14|357|330|0|83|1|0|
14|352|330|0|83|1|0|
14|349|360|0|83|1|0|
14|348|390|0|83|1|0|
14|351|360|0|83|1|0|
14|345|330|0|83|1|0|
14|352|330|0|83|1|0|
14|351|330|0|83|1|0|
14|339|330|0|83|1|0|
14|353|360|0|83|1|0|
14|342|330|0|83|1|0|
14|346|390|0|83|1|0|
14|344|360|0|83|1|0|
14|322|360|0|83|1|0|
14|490|570|0|83|1|0|
14|283|330|0|83|1|0|
14|324|360|0|83|1|0|
14|283|300|0|83|1|0|
14|322|360|0|83|1|0|
14|909|1020|0|83|1|0|
14|322|390|0|83|1|0|
14|315|360|0|83|1|0|
14|321|390|0|83|1|0|
14|313|390|0|83|1|0|
14|318|360|0|83|1|0|
14|317|360|0|83|1|0|
14|335|390|0|83|1|0|
14|291|300|0|83|1|0|
14|335|330|0|83|1|0|
14|328|330|0|83|1|0|
14|335|330|0|83|1|0|
14|922|960|0|83|1|0|
14|335|360|0|83|1|0|
14|329|330|0|83|1|0|
14|331|390|0|83|1|0|
14|327|360|0|83|1|0|
14|329|360|0|83|1|0|
14|333|390|0|83|1|0|
14|337|330|0|83|1|0|
14|333|390|0|83|1|0|
14|337|390|0|83|1|0|
14|333|330|0|83|1|0|
14|350|330|0|83|1|0|
14|350|390|0|83|1|0|
14|343|360|0|83|1|0|
14|349|330|0|83|1|0|
14|343|360|0|83|1|0|
14|344|330|0|83|1|0|
14|354|360|0|83|1|0|
14|347|330|0|83|1|0|
14|307|300|0|83|1|0|
14|349|330|0|83|1|0|
14|348|330|0|83|1|0|
14|346|360|0|83|1|0|
14|352|390|0|83|1|0|
14|355|360|0|83|1|0|
14|346|360|0|83|1|0|
14|352|330|0|83|1|0|
14|328|360|0|83|1|0|
14|664|750|0|83|1|0|
14|333|390|0|83|1|0|
14|330|360|0|83|1|0|
14|330|390|0|83|1|0|
14|330|360|0|83|1|0|
14|324|360|0|83|1|0|
14|331|390|0|83|1|0|
14|330|360|0|83|1|0|
14|335|390|0|83|1|0|
14|327|330|0|83|1|0|
14|330|390|0|83|1|0|
14|328|330|0|83|1|0|
14|332|390|0|83|1|0|
14|329|330|0|83|1|0|
14|323|330|0|83|1|0|
14|316|360|0|83|1|0|
14|320|360|0|83|1|0|
14|958|1110|0|83|1|0|
14|317|390|0|83|1|0|
14|1020|1170|0|83|1|0|
14|326|390|0|83|1|0|
14|318|360|0|83|1|0|
14|324|360|0|83|1|0|
14|932|1050|0|83|1|0|
14|327|390|0|83|1|0|
14|329|390|0|83|1|0|
14|324|360|0|83|1|0|
14|324|390|0|83|1|0|
14|317|360|0|83|1|0|
14|322|360|0|83|1|0|
14|964|1110|0|83|1|0|
14|321|390|0|83|1|0|
14|324|360|0|83|1|0|
14|319|360|0|83|1|0|
14|322|360|0|83|1|0|
14|906|1020|0|83|1|0|
14|322|390|0|83|1|0|
14|298|330|0|83|1|0|
14|1002|1140|0|83|1|0|
14|314|330|0|83|1|0|
14|316|390|0|83|1|0|
14|1008|1140|0|83|1|0|
14|324|390|0|83|1|0|
14|316|360|0|83|1|0|
14|317|390|0|83|1|0|
14|324|360|0|83|1|0|
14|318|360|0|83|1|0|
14|323|390|0|83|1|0|
14|324|390|0|83|1|0|
14|318|390|0|83|1|0|
14|942|1080|0|83|1|0|
14|986|1140|0|83|1|0|
14|322|390|0|83|1|0|
14|320|360|0|83|1|0|
14|322|360|0|83|1|0|
14|316|390|0|83|1|0|
14|315|360|0|83|1|0|
14|314|360|0|83|1|0|
14|324|390|0|83|1|0|
14|322|360|0|83|1|0|
14|318|360|0|83|1|0|
14|952|1110|0|83|1|0|
14|322|360|0|83|1|0|
14|958|1110|0|83|1|0|
14|324|390|0|83|1|0|
14|314|360|0|83|1|0|
14|327|360|0|83|1|0|
14|317|360|0|83|1|0|
14|976|1110|0|83|1|0|
14|318|390|0|83|1|0|
14|982|1110|0|83|1|0|
14|968|1110|0|83|1|0|
14|320|360|0|83|1|0|
14|322|360|0|83|1|0|
14|999|1170|0|83|1|0|
14|316|360|0|83|1|0|
14|1026|1200|0|83|1|0|
14|317|330|0|83|1|0|
14|974|1140|0|83|1|0|
14|317|330|0|83|1|0|
14|319|360|0|83|1|0|
14|324|390|0|83|1|0|
14|326|360|0|83|1|0|
14|324|390|0|83|1|0|
14|327|360|0|83|1|0|
14|316|360|0|83|1|0|
14|325|360|0|83|1|0|
14|314|330|0|83|1|0|
14|318|390|0|83|1|0|
14|317|390|0|83|1|0|
14|324|390|0|83|1|0|
14|1025|1200|0|83|1|0|
14|318|360|0|83|1|0|
14|315|360|0|83|1|0|
14|322|360|0|83|1|0|
14|321|360|0|83|1|0|
14|315|360|0|83|1|0|
14|321|360|0|83|1|0|
14|324|390|0|83|1|0|
14|320|360|0|83|1|0|
14|321|360|0|83|1|0|
14|314|360|0|83|1|0|
14|329|390|0|83|1|0|
14|313|390|0|83|1|0|
14|320|360|0|83|1|0|
14|318|360|0|83|1|0|
14|323|360|0|83|1|0|
14|323|390|0|83|1|0|
14|313|390|0|83|1|0|
14|315|360|0|83|1|0|
14|323|360|0|83|1|0|
14|320|360|0|83|1|0|
14|329|390|0|83|1|0|
14|318|360|0|83|1|0|
14|321|390|0|83|1|0|
14|314|360|0|83|1|0|
14|321|390|0|83|1|0|
14|316|360|0|83|1|0|
14|323|390|0|83|1|0|
14|321|360|0|83|1|0|
14|1037|1200|0|83|1|0|
14|321|360|0|83|1|0|
14|322|390|0|83|1|0|
14|321|390|0|83|1|0|
14|315|390|0|83|1|0|
14|313|360|0|83|1|0|
14|1031|1170|0|83|1|0|
14|317|360|0|83|1|0|
14|319|360|0|83|1|0|
14|343|420|0|83|1|0|
14|1006|1170|0|83|1|0|
14|323|360|0|83|1|0|
14|315|360|0|83|1|0|
14|1008|1170|0|83|1|0|
14|320|390|0|83|1|0|
14|325|390|0|83|1|0|
14|1001|1140|0|83|1|0|
14|323|360|0|83|1|0|
14|350|360|0|83|1|0|
14|887|840|0|83|1|0|
14|360|360|0|83|1|0|
14|356|360|0|83|1|0|
14|355|330|0|83|1|0|
14|349|360|0|83|1|0|
14|358|360|0|83|1|0|
14|361|330|0|83|1|0|
14|352|330|0|83|1|0|
14|348|300|0|83|1|0|
14|358|330|0|83|1|0|
14|351|330|0|83|1|0|
14|357|330|0|83|1|0|
14|350|360|0|83|1|0|
14|354|360|0|83|1|0|
14|348|330|0|83|1|0|
14|354|360|0|83|1|0|
14|350|360|0|83|1|0|
14|352|360|0|83|1|0|
14|362|330|0|83|1|0|
14|356|330|0|83|1|0|
14|358|360|0|83|1|0|
14|358|330|0|83|1|0|
14|356|330|0|83|1|0|
14|358|360|0|83|1|0|
14|350|330|0|83|1|0|
14|352|330|0|83|1|0|
14|358|360|0|83|1|0|
14|359|360|0|83|1|0|
14|364|360|0|83|1|0|
14|358|330|0|83|1|0|
14|358|360|0|83|1|0|
14|358|360|0|83|1|0|
14|354|360|0|83|1|0|
14|358|360|0|83|1|0|
14|356|360|0|83|1|0|
14|752|750|0|83|1|0|
14|357|330|0|83|1|0|
14|362|360|0|83|1|0|
14|356|330|0|83|1|0|
14|360|360|0|83|1|0|
14|904|900|0|83|1|0|
14|348|360|0|83|1|0|
14|349|300|0|83|1|0|
14|350|300|0|83|1|0|
14|352|300|0|83|1|0|
14|350|330|0|83|1|0|
14|348|360|0|83|1|0|
14|356|360|0|83|1|0|
14|360|330|0|83|1|0|
14|354|360|0|83|1|0|
14|357|360|0|83|1|0|
14|357|330|0|83|1|0|
14|356|360|0|83|1|0|
14|358|360|0|83|1|0|
14|362|330|0|83|1|0|
14|356|360|0|83|1|0|
14|356|360|0|83|1|0|
14|356|330|0|83|1|0|
14|349|330|0|83|1|0|
14|352|330|0|83|1|0|
14|355|360|0|83|1|0|
14|349|330|0|83|1|0|
14|354|330|0|83|1|0|
14|350|330|0|83|1|0|
14|349|300|0|83|1|0|
14|352|360|0|83|1|0|
14|356|330|0|83|1|0|
14|363|360|0|83|1|0|
14|348|330|0|83|1|0|
14|345|360|0|83|1|0|
14|356|360|0|83|1|0|
14|360|360|0|83|1|0|
14|356|330|0|83|1|0|
14|358|360|0|83|1|0|
14|362|330|0|83|1|0|
14|358|360|0|83|1|0|
14|354|360|0|83|1|0|
14|354|360|0|83|1|0|
14|361|330|0|83|1|0|
14|346|360|0|83|1|0|
14|892|900|0|83|1|0|
14|354|330|0|83|1|0|
14|744|720|0|83|1|0|
14|353|330|0|83|1|0|
14|352|360|0|83|1|0|
14|352|330|0|83|1|0|
14|354|360|0|83|1|0|
14|353|360|0|83|1|0|
14|350|360|0|83|1|0|
14|360|360|0|83|1|0|
14|350|360|0|83|1|0|
14|335|360|0|83|1|0|
14|346|330|0|83|1|0|
14|356|360|0|83|1|0|
14|348|300|0|83|1|0|
14|354|360|0|83|1|0|
14|358|360|0|83|1|0|
14|333|330|0|83|1|0|
14|354|330|0|83|1|0|
14|352|360|0|83|1|0|
14|361|360|0|83|1|0|
14|353|360|0|83|1|0|
14|356|330|0|83|1|0|
14|354|330|0|83|1|0|
14|1124|1080|0|83|1|0|
14|354|330|0|83|1|0|
14|340|360|0|83|1|0|
14|287|330|0|83|1|0|
14|342|330|0|83|1|0|
14|344|360|0|83|1|0|
14|313|330|0|83|1|0|
14|350|330|0|83|1|0|
14|282|360|0|83|1|0|
14|321|330|0|83|1|0|
14|320|390|0|83|1|0|
14|329|330|0|83|1|0|
14|342|330|0|83|1|0|
14|330|360|0|83|1|0|
14|338|360|0|83|1|0|
14|331|330|0|83|1|0|
14|329|330|0|83|1|0|
14|337|330|0|83|1|0|
14|347|330|0|83|1|0|
14|336|330|0|83|1|0|
14|349|330|0|83|1|0|
14|341|360|0|83|1|0|
14|351|330|0|83|1|0|
14|343|330|0|83|1|0|
14|348|330|0|83|1|0|
14|343|330|0|83|1|0|
14|342|360|0|83|1|0|
14|347|330|0|83|1|0|
14|351|390|0|83|1|0|
14|344|360|0|83|1|0|
14|563|570|0|83|1|0|
14|341|330|0|83|1|0|
14|347|390|0|83|1|0|
14|345|360|0|83|1|0|
14|349|360|0|83|1|0|
14|349|360|0|83|1|0|
14|339|330|0|83|1|0|
14|349|330|0|83|1|0|
14|349|390|0|83|1|0|
14|349|330|0|83|1|0|
14|353|330|0|83|1|0|
14|348|330|0|83|1|0|
14|344|330|0|83|1|0|
14|351|330|0|83|1|0|
14|341|360|0|83|1|0|
14|344|330|0|83|1|0|
14|342|330|0|83|1|0|
14|344|330|0|83|1|0|
14|347|360|0|83|1|0|
14|346|360|0|83|1|0|
14|343|360|0|83|1|0|
14|351|390|0|83|1|0|
14|351|360|0|83|1|0|
14|349|330|0|83|1|0|
14|346|390|0|83|1|0|
14|327|300|0|83|1|0|
14|356|360|0|83|1|0|
14|359|330|0|83|1|0|
14|350|330|0|83|1|0|
14|355|330|0|83|1|0|
14|362|330|0|83|1|0|
14|353|360|0|83|1|0|
14|345|360|0|83|1|0|
14|341|330|0|83|1|0|
14|345|330|0|83|1|0|
14|347|330|0|83|1|0|
14|345|330|0|83|1|0|
14|348|330|0|83|1|0|
14|339|330|0|83|1|0|
14|347|390|0|83|1|0|
14|342|330|0|83|1|0|
14|346|330|0|83|1|0|
14|344|360|0|83|1|0|
14|350|360|0|83|1|0|
14|340|360|0|83|1|0|
14|350|360|0|83|1|0|
14|296|330|0|83|1|0|
14|352|390|0|83|1|0|
14|344|330|0|83|1|0|
14|344|360|0|83|1|0|
14|348|330|0|83|1|0|
14|346|390|0|83|1|0|
14|347|330|0|83|1|0|
14|346|390|0|83|1|0|
14|355|390|0|83|1|0|
14|345|360|0|83|1|0|
14|344|330|0|83|1|0|
14|346|360|0|83|1|0|
14|318|360|0|83|1|0|
14|316|360|0|83|1|0|
14|320|360|0|83|1|0|
14|320|390|0|83|1|0|
14|314|330|0|83|1|0|
14|316|360|0|83|1|0|
14|316|390|0|83|1|0|
14|322|390|0|83|1|0|
14|313|360|0|83|1|0|
14|987|1140|0|83|1|0|
14|273|330|0|83|1|0|
14|319|360|0|83|1|0|
14|324|360|0|83|1|0|
14|323|360|0|83|1|0|
14|328|390|0|83|1|0|
14|325|360|0|83|1|0|
14|309|390|0|83|1|0|
14|303|390|0|83|1|0|
14|310|390|0|83|1|0|
14|305|390|0|83|1|0|
14|307|390|0|83|1|0|
14|307|390|0|83|1|0|
14|305|390|0|83|1|0|
14|309|390|0|83|1|0|
14|303|390|0|83|1|0|
14|304|390|0|83|1|0|
14|303|390|0|83|1|0|
14|304|390|0|83|1|0|
14|305|390|0|83|1|0|
14|311|360|0|83|1|0|
14|311|390|0|83|1|0|
14|313|360|0|83|1|0|
14|311|360|0|83|1|0|
14|315|390|0|83|1|0|
14|309|390|0|83|1|0|
14|316|360|0|83|1|0|
14|307|360|0|83|1|0|
14|309|360|0|83|1|0|
14|308|390|0|83|1|0|
14|309|390|0|83|1|0|
14|315|360|0|83|1|0|
14|315|390|0|83|1|0|
14|317|360|0|83|1|0|
14|315|390|0|83|1|0|
14|317|360|0|83|1|0|
14|316|390|0|83|1|0|
14|317|390|0|83|1|0|
14|317|390|0|83|1|0|
14|313|360|0|83|1|0|
14|313|360|0|83|1|0|
14|309|360|0|83|1|0|
14|314|390|0|83|1|0|
14|313|360|0|83|1|0|
14|309|330|0|83|1|0|
14|311|390|0|83|1|0|
14|318|390|0|83|1|0|
14|312|360|0|83|1|0|
14|315|390|0|83|1|0|
14|321|330|0|83|1|0|
14|331|360|0|83|1|0|
14|328|360|0|83|1|0|
14|329|330|0|83|1|0|
14|321|330|0|83|1|0|
14|323|360|0|83|1|0|
14|333|390|0|83|1|0|
14|321|330|0|83|1|0|
14|323|360|0|83|1|0|
14|773|870|0|83|1|0|
14|321|330|0|83|1|0|
14|323|360|0|83|1|0|
14|283|300|0|83|1|0|
14|325|390|0|83|1|0|
14|329|360|0|83|1|0|
14|311|390|0|83|1|0|
14|319|390|0|83|1|0|
14|311|390|0|83|1|0|
14|311|390|0|83|1|0|
14|308|360|0|83|1|0|
14|313|360|0|83|1|0|
14|311|360|0|83|1|0|
14|313|360|0|83|1|0|
14|313|390|0|83|1|0|
14|308|390|0|83|1|0|
14|315|390|0|83|1|0|
14|311|360|0|83|1|0|
14|310|360|0|83|1|0|
14|315|390|0|83|1|0|
14|315|390|0|83|1|0|
14|313|390|0|83|1|0|
14|315|390|0|83|1|0|
14|317|390|0|83|1|0|
14|317|390|0|83|1|0|
14|307|330|0|83|1|0|
14|313|360|0|83|1|0|
14|309|390|0|83|1|0|
14|312|390|0|83|1|0|
14|315|360|0|83|1|0|
14|311|360|0|83|1|0|
14|320|390|0|83|1|0|
14|279|360|0|83|1|0|
14|949|1140|0|83|1|0|
14|315|390|0|83|1|0|
14|312|390|0|83|1|0|
14|313|390|0|83|1|0|
14|315|390|0|83|1|0|
14|315|390|0|83|1|0|
14|307|360|0|83|1|0|
14|313|390|0|83|1|0|
14|315|390|0|83|1|0|
14|311|390|0|83|1|0|
14|315|390|0|83|1|0|
14|311|390|0|83|1|0|
14|315|390|0|83|1|0|
14|314|360|0|83|1|0|
14|313|390|0|83|1|0|
14|315|360|0|83|1|0|
14|307|360|0|83|1|0|
14|315|390|0|83|1|0|
14|305|360|0|83|1|0|
14|317|360|0|83|1|0|
14|311|360|0|83|1|0|
14|317|360|0|83|1|0|
14|307|390|0|83|1|0|
14|311|390|0|83|1|0|
14|317|360|0|83|1|0|
14|317|390|0|83|1|0|
