INSTRUCTIONS_RETIRED|CYCLES|UNKNOWN|LD_BLOCKS.STORE_FORWARD|UOPS_EXECUTED.CORE|BR_MISP_RETIRED.ALL_BRANCHES|UOPS_ISSUED.SINGLE_MUL|
49|1035|756|0|578|2|0|
49|789|540|0|150|2|0|
49|914|540|0|685|2|0|
49|825|540|0|150|2|0|
49|790|432|0|150|2|0|
49|834|648|0|150|2|0|
49|798|540|0|150|2|0|
49|830|432|0|150|2|0|
49|819|540|0|150|2|0|
49|819|648|0|150|2|0|
49|825|648|0|150|2|0|
49|762|432|0|150|2|0|
49|838|432|0|918|2|0|
49|836|432|0|150|2|0|
49|810|432|0|150|2|0|
49|834|540|0|150|2|0|
49|821|648|0|192|2|0|
49|874|540|0|807|2|0|
49|791|540|0|150|2|0|
49|771|432|0|150|2|0|
49|758|540|0|150|2|0|
49|814|540|0|150|2|0|
49|840|540|0|150|2|0|
49|825|648|0|150|2|0|
49|834|648|0|150|2|0|
49|835|540|0|150|2|0|
49|817|540|0|150|2|0|
49|837|540|0|150|2|0|
49|837|540|0|150|2|0|
49|815|540|0|150|2|0|
49|798|540|0|150|2|0|
49|837|540|0|150|2|0|
49|757|432|0|150|2|0|
49|821|540|0|150|2|0|
49|833|648|0|150|2|0|
49|853|540|0|150|2|0|
49|829|540|0|150|2|0|
49|838|648|0|150|2|0|
49|820|432|0|150|2|0|
49|820|648|0|150|2|0|
49|812|540|0|150|2|0|
49|759|540|0|150|2|0|
49|810|540|0|150|2|0|
49|833|648|0|150|2|0|
49|834|540|0|150|2|0|
49|827|540|0|150|2|0|
49|786|432|0|150|2|0|
49|830|540|0|150|2|0|
49|828|432|0|150|2|0|
49|834|540|0|150|2|0|
49|817|432|0|150|2|0|
49|828|540|0|150|2|0|
49|830|540|0|150|2|0|
49|798|540|0|150|2|0|
49|793|432|0|150|2|0|
49|828|432|0|150|2|0|
49|911|648|0|150|2|0|
49|758|540|0|150|2|0|
49|833|540|0|150|2|0|
49|816|432|0|150|2|0|
49|889|540|0|150|2|0|
49|911|648|0|646|2|0|
49|941|540|0|616|2|0|
49|815|432|0|150|2|0|
49|809|432|0|150|2|0|
49|2116|1404|0|150|2|0|
49|803|432|0|150|2|0|
49|846|648|0|150|2|0|
49|817|540|0|150|2|0|
49|788|540|0|150|2|0|
49|837|540|0|150|2|0|
49|816|540|0|150|2|0|
49|1086|756|0|150|2|0|
49|753|432|0|150|2|0|
49|842|432|0|150|2|0|
49|816|540|0|150|2|0|
49|844|648|0|150|2|0|
49|1322|756|0|150|2|0|
49|822|540|0|150|2|0|
49|834|432|0|150|2|0|
49|847|432|0|150|2|0|
49|761|432|0|150|2|0|
49|817|540|0|150|2|0|
49|828|648|0|150|2|0|
49|815|648|0|150|2|0|
49|843|648|0|150|2|0|
49|807|432|0|150|2|0|
49|825|540|0|150|2|0|
49|827|540|0|150|2|0|
49|820|540|0|150|2|0|
49|828|432|0|150|2|0|
49|822|540|0|150|2|0|
49|834|648|0|150|2|0|
49|825|432|0|150|2|0|
49|763|432|0|150|2|0|
49|818|540|0|150|2|0|
49|799|540|0|150|2|0|
49|825|540|0|150|2|0|
49|802|432|0|150|2|0|
49|815|432|0|150|2|0|
49|816|432|0|150|2|0|
49|788|432|0|150|2|0|
49|1973|1296|0|150|2|0|
49|818|648|0|150|2|0|
49|834|648|0|150|2|0|
49|756|432|0|150|2|0|
49|823|540|0|150|2|0|
49|825|432|0|150|2|0|
49|813|432|0|150|2|0|
49|829|540|0|150|2|0|
49|823|540|0|150|2|0|
49|847|540|0|150|2|0|
49|841|540|0|150|2|0|
49|826|540|0|150|2|0|
49|823|540|0|150|2|0|
49|825|648|0|150|2|0|
49|836|540|0|150|2|0|
49|794|540|0|150|2|0|
49|836|432|0|150|2|0|
49|844|648|0|150|2|0|
49|842|540|0|150|2|0|
49|821|432|0|150|2|0|
49|767|432|0|150|2|0|
49|769|432|0|150|2|0|
49|763|540|0|150|2|0|
49|848|540|0|150|2|0|
49|838|540|0|150|2|0|
49|836|648|0|150|2|0|
49|828|432|0|150|2|0|
49|764|540|0|150|2|0|
49|826|648|0|150|2|0|
49|838|540|0|150|2|0|
49|825|540|0|150|2|0|
49|843|540|0|150|2|0|
49|813|432|0|150|2|0|
49|833|432|0|150|2|0|
49|799|432|0|150|2|0|
49|842|432|0|150|2|0|
49|802|540|0|150|2|0|
49|819|432|0|150|2|0|
50|1606|972|0|508|12|0|
49|767|540|0|150|2|0|
49|819|540|0|150|2|0|
49|815|540|0|150|2|0|
49|900|540|0|150|2|0|
49|1818|1188|0|150|2|0|
49|791|432|0|150|2|0|
49|827|432|0|150|2|0|
49|917|648|0|150|2|0|
49|774|540|0|150|2|0|
49|836|540|0|150|2|0|
49|945|648|0|150|2|0|
49|810|540|0|150|2|0|
49|809|540|0|150|2|0|
49|824|540|0|150|2|0|
49|835|432|0|150|2|0|
49|815|432|0|150|2|0|
49|765|540|0|150|2|0|
49|833|540|0|150|2|0|
49|757|540|0|150|2|0|
49|846|540|0|150|2|0|
49|831|540|0|150|2|0|
49|823|648|0|150|2|0|
49|2065|1296|0|150|2|0|
49|763|540|0|150|2|0|
49|792|432|0|150|2|0|
49|776|432|0|150|2|0|
49|824|648|0|150|2|0|
49|826|540|0|150|2|0|
49|810|540|0|150|2|0|
49|808|540|0|150|2|0|
49|765|540|0|150|2|0|
49|833|540|0|150|2|0|
49|842|648|0|150|2|0|
49|833|540|0|150|2|0|
49|796|648|0|150|2|0|
49|825|648|0|150|2|0|
49|840|540|0|150|2|0|
49|824|432|0|150|2|0|
49|830|648|0|150|2|0|
49|825|540|0|150|2|0|
49|834|540|0|150|2|0|
49|847|540|0|150|2|0|
49|834|648|0|150|2|0|
49|802|540|0|150|2|0|
49|838|540|0|150|2|0|
49|767|432|0|150|2|0|
49|823|540|0|150|2|0|
49|819|540|0|150|2|0|
49|828|432|0|150|2|0|
49|943|648|0|150|2|0|
49|899|540|0|150|2|0|
49|818|540|0|150|2|0|
49|797|540|0|150|2|0|
49|836|540|0|150|2|0|
49|791|540|0|150|2|0|
49|824|432|0|150|2|0|
49|815|540|0|150|2|0|
49|843|540|0|150|2|0|
49|766|540|0|150|2|0|
49|838|540|0|150|2|0|
49|828|648|0|150|2|0|
49|834|648|0|150|2|0|
49|805|432|0|150|2|0|
50|1669|1080|0|517|11|0|
49|773|432|0|150|2|0|
49|854|432|0|150|2|0|
49|790|432|0|150|2|0|
49|757|432|0|150|2|0|
49|814|540|0|150|2|0|
49|818|540|0|150|2|0|
49|809|540|0|150|2|0|
49|831|540|0|150|2|0|
49|834|432|0|150|2|0|
49|845|432|0|150|2|0|
49|761|540|0|150|2|0|
49|793|432|0|150|2|0|
49|843|540|0|150|2|0|
49|845|540|0|150|2|0|
49|817|540|0|150|2|0|
49|817|540|0|150|2|0|
49|914|540|0|150|2|0|
49|836|648|0|150|2|0|
49|824|540|0|150|2|0|
49|829|432|0|150|2|0|
49|849|540|0|150|2|0|
49|831|540|0|150|2|0|
49|848|432|0|150|2|0|
49|826|648|0|150|2|0|
49|835|540|0|150|2|0|
49|796|432|0|150|2|0|
49|826|540|0|150|2|0|
49|839|540|0|150|2|0|
49|823|648|0|150|2|0|
49|775|432|0|150|2|0|
49|887|540|0|150|2|0|
49|838|540|0|150|2|0|
49|774|540|0|150|2|0|
49|767|432|0|150|2|0|
49|836|540|0|150|2|0|
49|835|648|0|150|2|0|
49|840|540|0|150|2|0|
49|817|432|0|150|2|0|
49|825|432|0|150|2|0|
49|820|432|0|150|2|0|
49|748|432|0|150|2|0|
49|842|540|0|150|2|0|
49|842|540|0|150|2|0|
49|835|432|0|150|2|0|
49|814|540|0|150|2|0|
49|797|540|0|150|2|0|
49|830|540|0|150|2|0|
49|795|540|0|150|2|0|
49|799|432|0|150|2|0|
49|767|540|0|150|2|0|
49|833|648|0|150|2|0|
49|826|432|0|150|2|0|
49|837|540|0|150|2|0|
49|821|540|0|150|2|0|
49|896|540|0|150|2|0|
49|819|432|0|150|2|0|
49|823|540|0|150|2|0|
49|830|540|0|150|2|0|
49|849|432|0|150|2|0|
49|827|432|0|150|2|0|
49|819|540|0|150|2|0|
49|764|540|0|150|2|0|
49|834|540|0|150|2|0|
49|905|648|0|150|2|0|
49|820|432|0|150|2|0|
49|826|540|0|150|2|0|
49|817|540|0|150|2|0|
49|829|432|0|150|2|0|
49|835|540|0|150|2|0|
49|836|432|0|150|2|0|
49|812|432|0|150|2|0|
49|828|540|0|150|2|0|
49|836|648|0|150|2|0|
49|819|540|0|150|2|0|
49|766|540|0|150|2|0|
49|820|432|0|150|2|0|
49|796|540|0|150|2|0|
49|840|540|0|150|2|0|
49|804|540|0|150|2|0|
49|801|432|0|150|2|0|
49|831|648|0|150|2|0|
49|847|648|0|150|2|0|
49|817|432|0|150|2|0|
49|770|540|0|150|2|0|
49|820|540|0|150|2|0|
49|759|432|0|150|2|0|
49|755|540|0|150|2|0|
49|851|540|0|150|2|0|
49|821|540|0|150|2|0|
49|824|540|0|150|2|0|
49|802|540|0|150|2|0|
49|765|432|0|150|2|0|
49|788|540|0|150|2|0|
49|842|540|0|150|2|0|
49|839|648|0|150|2|0|
49|805|432|0|150|2|0|
49|768|540|0|150|2|0|
49|757|540|0|150|2|0|
49|825|432|0|150|2|0|
49|831|648|0|150|2|0|
49|821|540|0|150|2|0|
49|838|648|0|150|2|0|
49|823|432|0|150|2|0|
49|836|432|0|150|2|0|
49|821|432|0|150|2|0|
49|790|540|0|150|2|0|
49|807|540|0|150|2|0|
49|777|432|0|150|2|0|
49|837|540|0|150|2|0|
49|762|648|0|150|2|0|
49|821|540|0|150|2|0|
49|835|432|0|150|2|0|
49|872|648|0|150|2|0|
49|761|432|0|150|2|0|
49|825|432|0|150|2|0|
49|826|540|0|150|2|0|
49|846|432|0|150|2|0|
49|1315|864|0|150|2|0|
49|831|432|0|150|2|0|
49|848|540|0|150|2|0|
49|823|540|0|150|2|0|
49|844|540|0|150|2|0|
49|759|540|0|150|2|0|
49|831|540|0|150|2|0|
49|820|540|0|150|2|0|
49|819|540|0|150|2|0|
49|816|432|0|150|2|0|
49|827|540|0|150|2|0|
49|808|432|0|150|2|0|
49|854|648|0|150|2|0|
49|777|540|0|150|2|0|
49|839|648|0|150|2|0|
49|831|540|0|150|2|0|
49|767|540|0|150|2|0|
49|770|540|0|150|2|0|
49|779|432|0|150|2|0|
49|839|432|0|150|2|0|
49|821|540|0|150|2|0|
49|781|432|0|150|2|0|
49|775|432|0|150|2|0|
49|772|432|0|150|2|0|
49|777|432|0|150|2|0|
49|834|648|0|150|2|0|
49|768|540|0|150|2|0|
49|841|648|0|150|2|0|
49|797|432|0|150|2|0|
49|776|540|0|150|2|0|
49|913|648|0|150|2|0|
49|822|540|0|150|2|0|
49|829|432|0|150|2|0|
49|839|432|0|150|2|0|
49|771|432|0|150|2|0|
49|758|432|0|150|2|0|
49|823|540|0|150|2|0|
49|894|540|0|150|2|0|
49|2124|1296|0|150|2|0|
49|782|648|0|150|2|0|
49|845|648|0|150|2|0|
49|831|432|0|150|2|0|
49|840|540|0|150|2|0|
49|764|432|0|150|2|0|
49|826|432|0|150|2|0|
49|805|540|0|150|2|0|
49|1913|1296|0|150|2|0|
49|818|432|0|150|2|0|
49|813|540|0|150|2|0|
49|832|540|0|150|2|0|
49|759|540|0|150|2|0|
49|769|540|0|150|2|0|
49|822|540|0|150|2|0|
49|809|432|0|150|2|0|
49|813|540|0|150|2|0|
49|791|432|0|150|2|0|
49|795|540|0|150|2|0|
49|753|432|0|150|2|0|
49|823|432|0|150|2|0|
49|797|432|0|150|2|0|
49|832|540|0|150|2|0|
49|807|432|0|150|2|0|
49|769|432|0|150|2|0|
49|827|432|0|150|2|0|
49|804|540|0|150|2|0|
49|820|432|0|150|2|0|
49|827|540|0|150|2|0|
49|816|648|0|150|2|0|
49|771|432|0|150|2|0|
49|830|648|0|150|2|0|
49|816|540|0|150|2|0|
49|800|540|0|150|2|0|
49|835|648|0|150|2|0|
49|828|648|0|150|2|0|
49|802|540|0|150|2|0|
49|822|432|0|150|2|0|
49|815|540|0|150|2|0|
49|828|648|0|150|2|0|
49|810|540|0|150|2|0|
49|840|540|0|150|2|0|
50|1670|1080|0|509|12|0|
49|820|432|0|150|2|0|
49|921|648|0|150|2|0|
49|782|432|0|150|2|0|
49|900|540|0|150|2|0|
49|819|648|0|150|2|0|
49|832|432|0|150|2|0|
49|833|648|0|150|2|0|
49|758|540|0|150|2|0|
49|764|432|0|150|2|0|
49|762|432|0|150|2|0|
49|826|540|0|150|2|0|
49|820|540|0|150|2|0|
49|754|432|0|150|2|0|
49|811|432|0|150|2|0|
49|756|540|0|150|2|0|
49|758|432|0|150|2|0|
49|764|432|0|150|2|0|
49|851|540|0|150|2|0|
49|820|540|0|150|2|0|
49|765|432|0|150|2|0|
49|827|540|0|150|2|0|
49|814|540|0|150|2|0|
49|834|540|0|150|2|0|
49|837|432|0|150|2|0|
49|846|648|0|150|2|0|
49|802|432|0|150|2|0|
49|828|540|0|150|2|0|
49|835|540|0|150|2|0|
49|829|540|0|150|2|0|
49|759|432|0|150|2|0|
49|827|432|0|150|2|0|
49|768|540|0|150|2|0|
49|833|648|0|150|2|0|
49|810|540|0|150|2|0|
49|763|432|0|150|2|0|
49|799|540|0|150|2|0|
49|833|648|0|150|2|0|
49|829|432|0|150|2|0|
49|806|540|0|150|2|0|
49|832|540|0|150|2|0|
49|762|432|0|150|2|0|
49|822|540|0|150|2|0|
49|833|540|0|150|2|0|
49|835|432|0|150|2|0|
49|772|540|0|150|2|0|
49|1733|1080|0|150|2|0|
49|831|432|0|150|2|0|
49|768|432|0|150|2|0|
49|802|540|0|150|2|0|
49|813|432|0|150|2|0|
49|848|432|0|150|2|0|
49|1455|972|0|150|2|0|
49|829|540|0|150|2|0|
49|825|540|0|150|2|0|
49|829|540|0|150|2|0|
49|852|648|0|150|2|0|
49|833|648|0|150|2|0|
49|832|432|0|150|2|0|
49|826|432|0|150|2|0|
49|841|540|0|150|2|0|
49|827|540|0|150|2|0|
49|839|648|0|150|2|0|
49|769|432|0|150|2|0|
49|780|432|0|150|2|0|
49|851|432|0|150|2|0|
49|854|648|0|150|2|0|
49|844|540|0|150|2|0|
49|843|648|0|150|2|0|
49|852|432|0|150|2|0|
49|837|540|0|150|2|0|
49|850|540|0|150|2|0|
49|775|432|0|150|2|0|
49|841|648|0|150|2|0|
49|841|540|0|150|2|0|
49|828|648|0|150|2|0|
49|826|540|0|150|2|0|
49|805|648|0|150|2|0|
49|808|432|0|150|2|0|
49|841|540|0|150|2|0|
49|837|540|0|150|2|0|
49|822|648|0|150|2|0|
49|836|432|0|150|2|0|
49|762|432|0|150|2|0|
49|830|432|0|150|2|0|
49|825|540|0|150|2|0|
49|1200|756|0|150|2|0|
49|835|540|0|150|2|0|
49|828|540|0|150|2|0|
49|1811|1080|0|150|2|0|
49|844|432|0|150|2|0|
49|835|540|0|150|2|0|
49|838|648|0|150|2|0|
49|799|432|0|150|2|0|
49|831|432|0|150|2|0|
49|849|540|0|150|2|0|
49|821|648|0|150|2|0|
49|778|540|0|150|2|0|
49|768|540|0|150|2|0|
49|842|540|0|150|2|0|
49|758|432|0|150|2|0|
49|831|540|0|150|2|0|
49|829|648|0|150|2|0|
49|825|540|0|150|2|0|
49|855|432|0|150|2|0|
49|840|540|0|150|2|0|
49|830|432|0|150|2|0|
49|773|540|0|150|2|0|
49|798|432|0|150|2|0|
49|2100|1296|0|150|2|0|
49|762|540|0|150|2|0|
49|767|432|0|150|2|0|
49|771|540|0|150|2|0|
49|840|648|0|150|2|0|
49|767|432|0|150|2|0|
49|832|540|0|150|2|0|
49|832|540|0|150|2|0|
49|816|540|0|150|2|0|
49|820|540|0|150|2|0|
49|851|540|0|150|2|0|
49|837|648|0|150|2|0|
49|798|540|0|150|2|0|
49|763|432|0|150|2|0|
49|797|540|0|150|2|0|
49|764|540|0|150|2|0|
49|799|432|0|150|2|0|
49|817|540|0|150|2|0|
49|759|432|0|150|2|0|
49|846|648|0|150|2|0|
49|832|648|0|150|2|0|
49|766|432|0|150|2|0|
49|838|432|0|150|2|0|
49|807|540|0|150|2|0|
49|819|432|0|150|2|0|
49|791|432|0|150|2|0|
49|833|540|0|150|2|0|
49|815|432|0|150|2|0|
49|823|648|0|150|2|0|
49|1169|648|0|150|2|0|
49|814|432|0|150|2|0|
49|3463|2376|0|640|2|0|
49|842|540|0|150|2|0|
49|889|540|0|150|2|0|
49|820|540|0|150|2|0|
49|819|432|0|150|2|0|
49|826|648|0|150|2|0|
49|838|432|0|150|2|0|
49|824|540|0|150|2|0|
49|818|648|0|150|2|0|
49|828|432|0|150|2|0|
49|833|540|0|150|2|0|
49|796|432|0|150|2|0|
49|819|540|0|150|2|0|
49|831|540|0|150|2|0|
49|767|540|0|150|2|0|
49|812|540|0|150|2|0|
49|799|540|0|150|2|0|
49|811|540|0|150|2|0|
49|845|432|0|150|2|0|
49|833|540|0|150|2|0|
49|770|432|0|150|2|0|
49|840|648|0|150|2|0|
49|797|540|0|150|2|0|
49|829|432|0|150|2|0|
49|819|432|0|150|2|0|
49|848|540|0|150|2|0|
49|814|540|0|150|2|0|
49|797|432|0|150|2|0|
49|847|432|0|150|2|0|
49|820|540|0|150|2|0|
49|768|540|0|150|2|0|
49|822|540|0|150|2|0|
49|793|540|0|150|2|0|
49|798|540|0|150|2|0|
49|849|540|0|150|2|0|
49|849|540|0|150|2|0|
49|763|540|0|150|2|0|
49|814|540|0|150|2|0|
49|820|540|0|150|2|0|
49|824|540|0|150|2|0|
49|795|540|0|150|2|0|
49|818|432|0|150|2|0|
49|772|432|0|150|2|0|
49|806|540|0|150|2|0|
49|819|540|0|150|2|0|
49|839|540|0|150|2|0|
49|845|432|0|150|2|0|
49|908|648|0|150|2|0|
49|818|432|0|150|2|0|
49|841|432|0|150|2|0|
49|770|432|0|150|2|0|
49|836|432|0|150|2|0|
49|814|540|0|150|2|0|
49|830|540|0|150|2|0|
49|822|432|0|150|2|0|
49|837|540|0|150|2|0|
49|798|540|0|150|2|0|
49|818|432|0|150|2|0|
49|829|540|0|150|2|0|
49|828|432|0|150|2|0|
49|839|648|0|150|2|0|
49|838|432|0|150|2|0|
49|845|540|0|150|2|0|
49|789|432|0|150|2|0|
49|847|648|0|150|2|0|
49|822|540|0|150|2|0|
49|841|540|0|150|2|0|
49|822|432|0|150|2|0|
49|834|540|0|150|2|0|
49|818|540|0|150|2|0|
49|819|432|0|150|2|0|
49|825|540|0|150|2|0|
49|851|432|0|150|2|0|
49|829|540|0|150|2|0|
49|827|432|0|150|2|0|
49|772|540|0|150|2|0|
49|827|540|0|150|2|0|
49|842|540|0|150|2|0|
49|838|540|0|150|2|0|
49|818|540|0|150|2|0|
49|760|540|0|150|2|0|
49|839|540|0|150|2|0|
49|821|432|0|150|2|0|
49|828|648|0|150|2|0|
49|844|540|0|150|2|0|
49|827|540|0|150|2|0|
49|833|540|0|150|2|0|
49|841|540|0|150|2|0|
49|767|540|0|150|2|0|
49|813|432|0|150|2|0|
49|827|648|0|150|2|0|
49|826|432|0|150|2|0|
49|1025|540|0|150|2|0|
49|791|540|0|150|2|0|
49|841|648|0|150|2|0|
49|849|648|0|150|2|0|
49|818|540|0|150|2|0|
49|800|540|0|150|2|0|
49|834|432|0|150|2|0|
49|796|540|0|150|2|0|
49|843|648|0|150|2|0|
49|821|540|0|150|2|0|
49|831|540|0|150|2|0|
49|841|432|0|150|2|0|
49|845|540|0|150|2|0|
49|826|540|0|150|2|0|
49|823|648|0|150|2|0|
49|837|540|0|150|2|0|
49|818|432|0|150|2|0|
49|818|540|0|150|2|0|
49|830|432|0|150|2|0|
49|823|540|0|150|2|0|
49|833|540|0|150|2|0|
49|816|432|0|150|2|0|
49|818|432|0|150|2|0|
50|1633|1080|0|506|12|0|
49|836|540|0|150|2|0|
49|827|540|0|150|2|0|
49|830|648|0|150|2|0|
49|797|432|0|150|2|0|
49|765|432|0|150|2|0|
49|820|540|0|150|2|0|
49|789|432|0|150|2|0|
49|769|540|0|150|2|0|
49|795|432|0|150|2|0|
49|797|432|0|150|2|0|
49|824|648|0|150|2|0|
49|800|432|0|150|2|0|
49|841|540|0|150|2|0|
49|788|540|0|150|2|0|
49|841|540|0|150|2|0|
49|843|540|0|150|2|0|
49|830|540|0|150|2|0|
49|818|540|0|150|2|0|
49|831|540|0|150|2|0|
49|828|432|0|150|2|0|
49|758|432|0|150|2|0|
49|800|432|0|150|2|0|
49|827|432|0|150|2|0|
49|793|540|0|150|2|0|
49|828|648|0|150|2|0|
49|832|432|0|150|2|0|
49|796|540|0|150|2|0|
49|762|540|0|150|2|0|
49|759|540|0|150|2|0|
49|836|648|0|150|2|0|
49|846|648|0|150|2|0|
49|832|540|0|150|2|0|
49|817|540|0|150|2|0|
49|813|432|0|150|2|0|
49|831|432|0|150|2|0|
49|801|648|0|150|2|0|
49|799|540|0|150|2|0|
49|842|432|0|150|2|0|
49|819|540|0|150|2|0|
49|756|432|0|150|2|0|
49|839|540|0|150|2|0|
49|828|540|0|150|2|0|
49|763|432|0|150|2|0|
49|840|648|0|150|2|0|
49|818|540|0|150|2|0|
49|774|432|0|150|2|0|
49|822|540|0|150|2|0|
49|823|648|0|150|2|0|
49|851|432|0|150|2|0|
49|835|648|0|150|2|0|
49|772|432|0|150|2|0|
49|827|540|0|150|2|0|
49|829|540|0|150|2|0|
49|766|432|0|150|2|0|
49|769|432|0|150|2|0|
49|818|648|0|150|2|0|
49|817|540|0|150|2|0|
49|766|540|0|150|2|0|
49|758|540|0|150|2|0|
49|791|540|0|150|2|0|
49|885|540|0|150|2|0|
49|815|540|0|150|2|0|
49|761|540|0|150|2|0|
49|766|540|0|150|2|0|
49|824|648|0|150|2|0|
49|760|540|0|150|2|0|
49|808|432|0|150|2|0|
49|1608|1080|0|150|2|0|
49|771|540|0|150|2|0|
49|812|540|0|150|2|0|
49|767|432|0|150|2|0|
49|761|432|0|150|2|0|
49|817|432|0|150|2|0|
49|814|540|0|150|2|0|
49|792|540|0|150|2|0|
49|885|540|0|150|2|0|
49|764|432|0|150|2|0|
49|825|540|0|150|2|0|
49|818|432|0|150|2|0|
49|819|540|0|150|2|0|
49|815|432|0|150|2|0|
49|808|648|0|150|2|0|
49|822|540|0|150|2|0|
49|818|432|0|150|2|0|
49|756|540|0|150|2|0|
49|827|540|0|150|2|0|
49|830|540|0|150|2|0|
49|799|540|0|150|2|0|
49|833|540|0|150|2|0|
49|799|540|0|150|2|0|
49|819|432|0|150|2|0|
49|833|540|0|150|2|0|
49|841|540|0|150|2|0|
49|795|432|0|150|2|0|
49|794|540|0|150|2|0|
49|795|540|0|150|2|0|
49|821|432|0|150|2|0|
49|820|540|0|150|2|0|
49|800|540|0|150|2|0|
49|812|540|0|150|2|0|
49|795|432|0|150|2|0|
49|762|540|0|150|2|0|
49|768|540|0|150|2|0|
49|832|540|0|150|2|0|
49|830|540|0|150|2|0|
49|843|648|0|150|2|0|
49|835|540|0|150|2|0|
49|803|540|0|150|2|0|
49|820|540|0|150|2|0|
49|847|540|0|150|2|0|
49|824|540|0|150|2|0|
49|815|432|0|150|2|0|
49|763|540|0|150|2|0|
49|981|540|0|150|2|0|
49|842|432|0|150|2|0|
49|847|540|0|150|2|0|
49|824|540|0|150|2|0|
49|814|540|0|150|2|0|
49|824|432|0|150|2|0|
49|829|540|0|150|2|0|
49|813|648|0|150|2|0|
49|829|540|0|150|2|0|
49|815|540|0|150|2|0|
49|815|432|0|150|2|0|
49|824|432|0|150|2|0|
49|837|648|0|150|2|0|
49|826|540|0|150|2|0|
49|830|648|0|150|2|0|
49|821|648|0|150|2|0|
49|815|540|0|150|2|0|
49|819|540|0|150|2|0|
49|799|540|0|150|2|0|
49|770|432|0|150|2|0|
49|2086|1296|0|150|2|0|
49|794|540|0|150|2|0|
49|838|540|0|150|2|0|
49|838|540|0|150|2|0|
49|808|432|0|150|2|0|
49|760|540|0|150|2|0|
49|826|432|0|150|2|0|
49|824|432|0|150|2|0|
49|847|540|0|150|2|0|
49|818|432|0|150|2|0|
49|841|432|0|150|2|0|
49|775|540|0|150|2|0|
49|826|432|0|150|2|0|
49|844|648|0|150|2|0|
49|898|648|0|150|2|0|
49|816|432|0|150|2|0|
49|834|432|0|150|2|0|
49|848|540|0|150|2|0|
49|801|540|0|150|2|0|
49|1833|1188|0|150|2|0|
49|764|540|0|150|2|0|
49|1749|1188|0|150|2|0|
49|822|540|0|150|2|0|
49|764|540|0|150|2|0|
49|762|432|0|150|2|0|
49|834|648|0|150|2|0|
49|768|432|0|150|2|0|
49|836|540|0|150|2|0|
49|2090|1296|0|150|2|0|
49|839|540|0|150|2|0|
49|813|432|0|150|2|0|
49|819|540|0|150|2|0|
49|828|540|0|150|2|0|
49|837|540|0|150|2|0|
49|824|540|0|150|2|0|
49|769|540|0|150|2|0|
49|816|648|0|150|2|0|
49|804|432|0|150|2|0|
49|817|432|0|150|2|0|
49|836|540|0|150|2|0|
49|832|540|0|150|2|0|
49|835|432|0|150|2|0|
49|822|432|0|150|2|0|
49|805|432|0|150|2|0|
49|847|540|0|150|2|0|
49|824|540|0|150|2|0|
49|815|648|0|150|2|0|
49|825|540|0|150|2|0|
49|824|648|0|150|2|0|
49|838|540|0|150|2|0|
49|823|540|0|150|2|0|
49|798|540|0|150|2|0|
49|820|540|0|150|2|0|
49|836|540|0|150|2|0|
49|825|540|0|150|2|0|
49|810|648|0|150|2|0|
49|767|432|0|150|2|0|
49|816|432|0|150|2|0|
49|759|432|0|150|2|0|
49|823|540|0|150|2|0|
49|766|432|0|150|2|0|
49|794|432|0|150|2|0|
49|834|540|0|150|2|0|
49|861|432|0|150|2|0|
49|788|540|0|150|2|0|
49|802|540|0|150|2|0|
49|818|540|0|150|2|0|
49|763|540|0|150|2|0|
49|825|540|0|150|2|0|
49|774|432|0|150|2|0|
49|839|540|0|150|2|0|
49|838|432|0|150|2|0|
49|769|540|0|150|2|0|
49|827|540|0|150|2|0|
49|835|432|0|150|2|0|
49|819|648|0|150|2|0|
49|790|540|0|150|2|0|
49|838|540|0|150|2|0|
49|817|540|0|150|2|0|
49|816|540|0|150|2|0|
49|818|432|0|150|2|0|
49|828|648|0|150|2|0|
49|821|432|0|150|2|0|
49|765|432|0|150|2|0|
49|821|432|0|150|2|0|
49|773|432|0|150|2|0|
49|965|648|0|150|2|0|
49|837|432|0|150|2|0|
49|1700|1080|0|150|2|0|
49|807|540|0|150|2|0|
49|839|540|0|150|2|0|
49|817|648|0|150|2|0|
49|830|540|0|150|2|0|
49|785|540|0|150|2|0|
49|799|540|0|150|2|0|
49|823|432|0|150|2|0|
49|1392|864|0|150|2|0|
49|761|540|0|150|2|0|
49|839|432|0|150|2|0|
49|831|540|0|150|2|0|
49|854|432|0|150|2|0|
49|837|432|0|150|2|0|
49|834|540|0|150|2|0|
49|851|540|0|150|2|0|
49|821|540|0|150|2|0|
49|772|432|0|150|2|0|
49|772|540|0|150|2|0|
49|1978|1296|0|150|2|0|
49|829|540|0|150|2|0|
49|793|540|0|150|2|0|
49|825|540|0|150|2|0|
49|846|648|0|150|2|0|
49|833|432|0|150|2|0|
49|799|432|0|150|2|0|
49|836|648|0|150|2|0|
49|851|540|0|150|2|0|
49|836|432|0|150|2|0|
49|823|540|0|150|2|0|
49|823|540|0|150|2|0|
49|810|540|0|150|2|0|
49|770|432|0|150|2|0|
49|840|648|0|150|2|0|
49|854|540|0|150|2|0|
49|819|540|0|150|2|0|
49|820|540|0|150|2|0|
49|773|432|0|150|2|0|
49|805|540|0|150|2|0|
49|822|540|0|150|2|0|
49|825|540|0|150|2|0|
49|825|540|0|150|2|0|
49|804|540|0|150|2|0|
49|766|540|0|150|2|0|
49|799|540|0|150|2|0|
49|838|540|0|150|2|0|
49|838|432|0|150|2|0|
49|817|432|0|150|2|0|
49|765|540|0|150|2|0|
49|807|540|0|150|2|0|
49|825|432|0|150|2|0|
49|817|648|0|150|2|0|
49|822|648|0|150|2|0|
49|759|432|0|150|2|0|
49|861|648|0|150|2|0|
49|850|540|0|150|2|0|
49|824|648|0|150|2|0|
49|812|540|0|150|2|0|
49|838|540|0|150|2|0|
49|799|432|0|150|2|0|
49|799|540|0|150|2|0|
49|815|540|0|150|2|0|
49|797|540|0|150|2|0|
49|814|540|0|150|2|0|
49|830|540|0|150|2|0|
49|768|432|0|150|2|0|
49|819|540|0|150|2|0|
49|831|432|0|150|2|0|
49|823|648|0|150|2|0|
49|839|648|0|150|2|0|
49|760|540|0|150|2|0|
49|819|540|0|150|2|0|
49|834|648|0|150|2|0|
49|821|648|0|150|2|0|
49|769|432|0|150|2|0|
49|823|540|0|150|2|0|
49|832|648|0|150|2|0|
49|840|540|0|150|2|0|
49|802|540|0|150|2|0|
49|824|432|0|150|2|0|
49|833|432|0|150|2|0|
49|773|540|0|150|2|0|
49|768|540|0|150|2|0|
49|854|540|0|150|2|0|
49|801|432|0|150|2|0|
49|768|432|0|150|2|0|
49|802|540|0|150|2|0|
49|837|540|0|150|2|0|
49|819|540|0|150|2|0|
49|799|540|0|150|2|0|
49|803|540|0|150|2|0|
49|830|540|0|150|2|0|
49|818|540|0|150|2|0|
49|820|540|0|150|2|0|
49|841|540|0|150|2|0|
49|814|540|0|150|2|0|
49|817|540|0|150|2|0|
49|827|540|0|150|2|0|
49|771|432|0|150|2|0|
49|764|540|0|150|2|0|
49|774|540|0|150|2|0|
49|822|648|0|150|2|0|
49|818|432|0|150|2|0|
49|771|540|0|150|2|0|
49|816|540|0|150|2|0|
49|819|540|0|150|2|0|
49|825|540|0|150|2|0|
49|924|540|0|150|2|0|
49|817|540|0|150|2|0|
49|967|648|0|150|2|0|
49|846|432|0|150|2|0|
49|817|432|0|150|2|0|
49|777|540|0|150|2|0|
49|757|432|0|150|2|0|
49|791|540|0|150|2|0|
49|825|540|0|150|2|0|
49|820|432|0|150|2|0|
49|831|432|0|150|2|0|
49|833|648|0|150|2|0|
49|829|540|0|150|2|0|
49|829|540|0|150|2|0|
