INSTRUCTIONS_RETIRED|CYCLES|UNKNOWN|LD_BLOCKS.STORE_FORWARD|UOPS_EXECUTED.CORE|BR_MISP_RETIRED.ALL_BRANCHES|UOPS_ISSUED.SINGLE_MUL|
14|377|192|0|85|1|0|
14|403|192|0|87|1|0|
14|384|288|0|328|1|0|
14|392|192|0|87|1|0|
14|402|192|0|87|1|0|
14|567|288|0|335|1|0|
14|360|192|0|86|1|0|
14|386|192|0|87|1|0|
14|382|288|0|87|1|0|
14|364|192|0|87|1|0|
14|389|288|0|87|1|0|
14|385|96|0|87|1|0|
14|383|192|0|87|1|0|
14|380|192|0|87|1|0|
14|389|192|0|87|1|0|
14|392|192|0|87|1|0|
14|591|288|0|335|1|0|
14|377|192|0|87|1|0|
14|605|288|0|336|1|0|
14|386|192|0|87|1|0|
14|597|384|0|335|1|0|
14|395|288|0|87|1|0|
14|398|192|0|87|1|0|
14|387|192|0|87|1|0|
14|381|192|0|87|1|0|
14|381|288|0|87|1|0|
14|341|192|0|87|1|0|
14|377|192|0|87|1|0|
14|375|192|0|87|1|0|
14|372|192|0|87|1|0|
14|401|192|0|327|1|0|
14|388|288|0|87|1|0|
14|384|192|0|87|1|0|
14|381|192|0|87|1|0|
14|380|288|0|87|1|0|
14|387|192|0|87|1|0|
14|390|96|0|87|1|0|
14|391|192|0|87|1|0|
14|388|192|0|325|1|0|
14|389|288|0|325|1|0|
14|569|384|0|337|1|0|
14|590|192|0|335|1|0|
14|391|192|0|87|1|0|
14|397|288|0|87|1|0|
14|388|192|0|87|1|0|
14|376|192|0|87|1|0|
14|376|192|0|87|1|0|
14|391|192|0|87|1|0|
14|385|192|0|87|1|0|
14|2009|1152|0|334|1|0|
14|605|384|0|335|1|0|
14|393|192|0|324|1|0|
14|397|192|0|87|1|0|
14|389|192|0|87|1|0|
14|598|288|0|340|1|0|
14|386|288|0|87|1|0|
14|391|288|0|87|1|0|
14|378|192|0|87|1|0|
14|602|384|0|335|1|0|
14|363|192|0|87|1|0|
14|384|192|0|87|1|0|
14|383|192|0|87|1|0|
14|357|288|0|86|1|0|
14|361|192|0|87|1|0|
14|391|192|0|87|1|0|
14|385|192|0|87|1|0|
14|387|192|0|87|1|0|
14|1898|1056|0|87|1|0|
14|373|192|0|87|1|0|
14|394|192|0|87|1|0|
14|391|192|0|87|1|0|
14|383|192|0|87|1|0|
14|389|192|0|87|1|0|
14|1424|768|0|87|1|0|
14|395|288|0|87|1|0|
14|392|192|0|87|1|0|
14|376|192|0|87|1|0|
14|391|192|0|87|1|0|
14|384|288|0|87|1|0|
14|386|288|0|87|1|0|
14|394|192|0|87|1|0|
14|601|288|0|335|1|0|
14|374|288|0|87|1|0|
14|394|192|0|87|1|0|
14|378|192|0|87|1|0|
14|398|192|0|87|1|0|
14|392|192|0|87|1|0|
14|392|192|0|87|1|0|
14|390|192|0|325|1|0|
14|388|192|0|87|1|0|
14|379|192|0|87|1|0|
14|389|192|0|87|1|0|
14|390|192|0|87|1|0|
14|397|192|0|324|1|0|
14|1227|672|0|334|1|0|
14|386|192|0|324|1|0|
14|379|192|0|87|1|0|
14|382|192|0|87|1|0|
14|398|192|0|87|1|0|
14|365|192|0|87|1|0|
14|397|192|0|87|1|0|
14|587|384|0|336|1|0|
14|1396|672|0|87|1|0|
14|386|192|0|87|1|0|
14|565|384|0|87|1|0|
14|399|192|0|87|1|0|
14|394|192|0|87|1|0|
14|346|192|0|87|1|0|
14|401|192|0|325|1|0|
14|608|288|0|334|1|0|
14|389|192|0|87|1|0|
14|371|192|0|87|1|0|
14|376|192|0|87|1|0|
14|384|192|0|87|1|0|
14|389|192|0|87|1|0|
14|373|192|0|87|1|0|
14|378|192|0|87|1|0|
14|389|288|0|87|1|0|
14|373|192|0|324|1|0|
14|583|288|0|335|1|0|
14|384|192|0|87|1|0|
14|391|192|0|87|1|0|
14|377|192|0|87|1|0|
14|375|192|0|87|1|0|
14|379|192|0|87|1|0|
14|592|384|0|334|1|0|
14|374|192|0|328|1|0|
14|393|192|0|323|1|0|
14|601|288|0|336|1|0|
14|405|192|0|324|1|0|
14|606|288|0|336|1|0|
14|392|192|0|87|1|0|
14|402|192|0|87|1|0|
14|387|192|0|87|1|0|
14|402|192|0|87|1|0|
14|390|192|0|87|1|0|
14|403|288|0|87|1|0|
14|391|192|0|87|1|0|
14|402|192|0|87|1|0|
14|392|192|0|87|1|0|
14|397|192|0|87|1|0|
14|388|192|0|87|1|0|
14|402|288|0|87|1|0|
14|397|192|0|87|1|0|
14|979|576|0|87|1|0|
14|390|192|0|87|1|0|
14|399|192|0|87|1|0|
14|395|192|0|87|1|0|
14|399|192|0|87|1|0|
14|386|96|0|87|1|0|
14|383|192|0|85|1|0|
14|393|192|0|87|1|0|
14|390|192|0|87|1|0|
14|397|192|0|87|1|0|
14|388|192|0|87|1|0|
14|358|192|0|87|1|0|
14|383|192|0|87|1|0|
14|367|192|0|87|1|0|
14|389|288|0|87|1|0|
14|359|192|0|87|1|0|
14|392|192|0|87|1|0|
14|353|192|0|87|1|0|
14|392|288|0|87|1|0|
14|395|192|0|87|1|0|
14|392|192|0|87|1|0|
14|386|192|0|87|1|0|
14|384|192|0|87|1|0|
14|392|192|0|87|1|0|
14|402|288|0|87|1|0|
14|1700|864|0|87|1|0|
14|382|192|0|87|1|0|
14|404|192|0|87|1|0|
14|380|192|0|87|1|0|
14|1264|672|0|87|1|0|
14|405|192|0|87|1|0|
14|401|192|0|87|1|0|
14|393|288|0|87|1|0|
14|385|192|0|87|1|0|
14|372|192|0|87|1|0|
14|393|192|0|87|1|0|
14|394|192|0|87|1|0|
14|377|192|0|87|1|0|
14|398|288|0|87|1|0|
14|389|192|0|87|1|0|
14|1806|960|0|87|1|0|
14|379|192|0|87|1|0|
14|372|192|0|87|1|0|
14|388|192|0|87|1|0|
14|376|192|0|87|1|0|
14|383|192|0|87|1|0|
14|376|192|0|87|1|0|
14|394|288|0|324|1|0|
14|393|192|0|87|1|0|
14|391|192|0|87|1|0|
14|395|192|0|325|1|0|
14|384|192|0|87|1|0|
14|391|192|0|87|1|0|
14|390|288|0|324|1|0|
14|397|288|0|87|1|0|
14|596|384|0|337|1|0|
14|388|192|0|327|1|0|
14|387|288|0|87|1|0|
14|378|192|0|85|1|0|
14|393|192|0|325|1|0|
14|600|384|0|338|1|0|
14|389|192|0|87|1|0|
14|384|192|0|87|1|0|
14|386|192|0|87|1|0|
14|349|192|0|87|1|0|
14|384|192|0|324|1|0|
14|391|192|0|87|1|0|
14|397|192|0|87|1|0|
14|380|192|0|87|1|0|
14|593|288|0|335|1|0|
14|358|288|0|87|1|0|
14|385|192|0|87|1|0|
14|404|288|0|87|1|0|
14|381|192|0|87|1|0|
14|392|192|0|87|1|0|
14|404|192|0|87|1|0|
14|377|192|0|87|1|0|
14|395|192|0|323|1|0|
14|394|192|0|324|1|0|
14|448|192|0|85|1|0|
14|389|288|0|87|1|0|
14|1265|672|0|87|1|0|
14|401|192|0|87|1|0|
14|389|288|0|87|1|0|
14|400|192|0|87|1|0|
14|392|192|0|87|1|0|
14|607|288|0|337|1|0|
14|615|288|0|336|1|0|
14|386|192|0|87|1|0|
14|598|288|0|335|1|0|
14|402|192|0|87|1|0|
14|387|192|0|87|1|0|
14|391|288|0|87|1|0|
14|400|192|0|87|1|0|
14|386|192|0|87|1|0|
14|387|192|0|87|1|0|
14|393|192|0|87|1|0|
14|398|192|0|87|1|0|
14|401|192|0|87|1|0|
14|608|288|0|337|1|0|
14|385|288|0|87|1|0|
14|387|192|0|87|1|0|
14|390|192|0|87|1|0|
14|398|192|0|87|1|0|
14|398|192|0|87|1|0|
14|399|192|0|85|1|0|
14|386|192|0|87|1|0|
14|591|384|0|337|1|0|
14|392|192|0|87|1|0|
14|430|288|0|87|1|0|
14|788|384|0|87|1|0|
14|380|192|0|87|1|0|
14|385|192|0|87|1|0|
14|403|192|0|87|1|0|
14|401|192|0|87|1|0|
14|399|288|0|87|1|0|
14|364|192|0|87|1|0|
14|389|288|0|87|1|0|
14|397|192|0|87|1|0|
14|383|192|0|87|1|0|
14|385|192|0|87|1|0|
14|396|192|0|87|1|0|
14|382|192|0|87|1|0|
14|388|192|0|85|1|0|
14|403|288|0|87|1|0|
14|453|288|0|87|1|0|
14|398|192|0|87|1|0|
14|404|192|0|87|1|0|
14|1605|864|0|87|1|0|
14|378|192|0|87|1|0|
14|379|192|0|87|1|0|
14|383|288|0|87|1|0|
14|397|192|0|87|1|0|
14|1782|960|0|87|1|0|
14|390|192|0|87|1|0|
14|615|288|0|340|1|0|
14|605|384|0|336|1|0|
14|389|192|0|87|1|0|
14|608|288|0|336|1|0|
14|394|288|0|87|1|0|
14|379|192|0|87|1|0|
14|391|192|0|87|1|0|
14|393|192|0|87|1|0|
14|380|192|0|87|1|0|
14|848|480|0|87|1|0|
14|392|192|0|87|1|0|
14|400|288|0|87|1|0|
14|381|288|0|87|1|0|
14|390|192|0|87|1|0|
14|380|192|0|87|1|0|
14|396|192|0|87|1|0|
14|380|192|0|87|1|0|
14|365|192|0|87|1|0|
14|373|192|0|87|1|0|
14|378|192|0|87|1|0|
14|391|288|0|87|1|0|
14|394|192|0|87|1|0|
14|376|192|0|87|1|0|
14|398|192|0|87|1|0|
14|384|192|0|87|1|0|
14|378|192|0|87|1|0|
14|398|192|0|87|1|0|
14|405|192|0|87|1|0|
14|365|288|0|87|1|0|
14|612|384|0|336|1|0|
14|382|192|0|87|1|0|
14|392|288|0|324|1|0|
14|1152|576|0|87|1|0|
14|399|192|0|325|1|0|
14|386|192|0|87|1|0|
14|374|288|0|87|1|0|
14|404|192|0|325|1|0|
14|610|384|0|335|1|0|
14|391|192|0|328|1|0|
14|400|288|0|87|1|0|
14|384|192|0|87|1|0|
14|431|288|0|87|1|0|
14|386|288|0|87|1|0|
14|376|192|0|87|1|0|
14|387|192|0|87|1|0|
14|392|192|0|87|1|0|
14|378|192|0|87|1|0|
14|388|192|0|87|1|0|
14|384|192|0|87|1|0|
14|401|192|0|87|1|0|
14|399|192|0|87|1|0|
14|601|288|0|335|1|0|
14|389|192|0|87|1|0|
14|589|192|0|336|1|0|
14|377|192|0|87|1|0|
14|394|192|0|87|1|0|
14|595|288|0|336|1|0|
14|376|288|0|86|1|0|
14|597|288|0|336|1|0|
14|393|192|0|87|1|0|
14|394|192|0|87|1|0|
14|380|288|0|87|1|0|
14|392|192|0|87|1|0|
14|601|384|0|337|1|0|
14|593|288|0|335|1|0|
14|388|192|0|87|1|0|
14|400|192|0|87|1|0|
14|386|192|0|87|1|0|
14|344|192|0|87|1|0|
14|384|192|0|87|1|0|
14|395|192|0|87|1|0|
14|373|192|0|87|1|0|
14|390|192|0|87|1|0|
14|374|192|0|87|1|0|
14|393|192|0|87|1|0|
14|610|288|0|336|1|0|
14|395|192|0|324|1|0|
14|393|288|0|323|1|0|
14|450|192|0|87|1|0|
14|401|192|0|87|1|0|
14|402|288|0|87|1|0|
14|393|192|0|87|1|0|
14|391|192|0|87|1|0|
14|395|192|0|86|1|0|
14|362|192|0|87|1|0|
14|382|192|0|87|1|0|
14|1010|576|0|87|1|0|
14|391|192|0|87|1|0|
14|398|192|0|87|1|0|
14|402|192|0|87|1|0|
14|395|192|0|87|1|0|
14|374|192|0|87|1|0|
14|384|192|0|87|1|0|
14|392|192|0|87|1|0|
14|502|192|0|87|1|0|
14|403|192|0|87|1|0|
14|384|192|0|87|1|0|
14|399|192|0|87|1|0|
14|606|288|0|334|1|0|
14|596|288|0|334|1|0|
14|401|192|0|87|1|0|
14|392|192|0|87|1|0|
14|609|288|0|337|1|0|
14|604|288|0|334|1|0|
14|604|288|0|336|1|0|
14|396|192|0|324|1|0|
14|400|192|0|87|1|0|
14|381|192|0|87|1|0|
14|399|192|0|87|1|0|
14|395|192|0|87|1|0|
14|385|192|0|87|1|0|
14|394|192|0|87|1|0|
14|389|192|0|87|1|0|
14|400|192|0|325|1|0|
14|608|288|0|335|1|0|
14|557|288|0|337|1|0|
14|597|288|0|335|1|0|
14|393|192|0|87|1|0|
14|569|288|0|335|1|0|
14|390|192|0|87|1|0|
14|383|192|0|325|1|0|
14|387|192|0|87|1|0|
14|395|288|0|87|1|0|
14|383|192|0|87|1|0|
14|381|192|0|87|1|0|
14|394|288|0|87|1|0|
14|383|192|0|87|1|0|
14|379|96|0|87|1|0|
14|383|192|0|87|1|0|
14|400|192|0|87|1|0|
14|404|192|0|87|1|0|
14|388|192|0|87|1|0|
14|402|288|0|87|1|0|
14|398|192|0|87|1|0|
14|388|192|0|87|1|0|
14|394|192|0|87|1|0|
14|398|192|0|328|1|0|
14|609|288|0|337|1|0|
14|610|288|0|336|1|0|
14|381|192|0|325|1|0|
14|616|384|0|337|1|0|
14|395|192|0|87|1|0|
14|391|192|0|87|1|0|
14|602|288|0|335|1|0|
14|407|192|0|325|1|0|
14|400|192|0|325|1|0|
14|381|192|0|325|1|0|
14|603|384|0|335|1|0|
14|386|192|0|87|1|0|
14|393|192|0|87|1|0|
14|390|192|0|87|1|0|
14|380|96|0|87|1|0|
14|392|192|0|87|1|0|
14|404|192|0|87|1|0|
14|396|192|0|87|1|0|
14|400|192|0|87|1|0|
14|378|192|0|87|1|0|
14|392|192|0|87|1|0|
14|406|192|0|87|1|0|
14|397|192|0|87|1|0|
14|397|192|0|87|1|0|
14|395|192|0|87|1|0|
14|386|192|0|87|1|0|
14|404|192|0|87|1|0|
14|385|192|0|87|1|0|
14|383|192|0|87|1|0|
14|378|192|0|87|1|0|
14|609|288|0|337|1|0|
14|611|384|0|336|1|0|
14|390|192|0|86|1|0|
14|400|192|0|87|1|0|
14|393|192|0|87|1|0|
14|385|192|0|87|1|0|
14|1534|768|0|87|1|0|
14|392|192|0|87|1|0|
14|394|192|0|87|1|0|
14|395|192|0|87|1|0|
14|385|192|0|87|1|0|
14|1754|960|0|87|1|0|
14|360|192|0|87|1|0|
14|383|96|0|87|1|0|
14|399|192|0|87|1|0|
14|1004|480|0|325|1|0|
14|388|192|0|325|1|0|
14|396|192|0|87|1|0|
14|615|288|0|335|1|0|
14|605|288|0|336|1|0|
14|396|192|0|87|1|0|
14|613|288|0|337|1|0|
14|406|192|0|87|1|0|
14|1291|672|0|87|1|0|
14|397|192|0|87|1|0|
14|404|192|0|87|1|0|
14|389|192|0|86|1|0|
14|404|192|0|87|1|0|
14|376|192|0|87|1|0|
14|393|288|0|325|1|0|
14|401|192|0|87|1|0|
14|401|288|0|87|1|0|
14|382|192|0|87|1|0|
14|380|192|0|87|1|0|
14|397|192|0|87|1|0|
14|391|288|0|87|1|0|
14|387|192|0|325|1|0|
14|391|192|0|87|1|0|
14|384|192|0|325|1|0|
14|390|192|0|325|1|0|
14|398|192|0|87|1|0|
14|403|192|0|87|1|0|
14|615|384|0|337|1|0|
14|608|288|0|334|1|0|
14|385|192|0|87|1|0|
14|396|192|0|87|1|0|
14|386|192|0|87|1|0|
14|618|288|0|87|1|0|
14|883|480|0|87|1|0|
14|392|192|0|87|1|0|
14|389|192|0|87|1|0|
14|594|288|0|336|1|0|
14|382|192|0|87|1|0|
14|384|192|0|324|1|0|
14|397|192|0|325|1|0|
14|379|192|0|87|1|0|
14|385|192|0|87|1|0|
14|406|192|0|87|1|0|
14|392|288|0|87|1|0|
14|395|192|0|87|1|0|
14|396|192|0|87|1|0|
14|402|288|0|87|1|0|
14|384|192|0|87|1|0|
14|393|192|0|87|1|0|
14|403|192|0|87|1|0|
14|394|288|0|87|1|0|
14|383|192|0|87|1|0|
14|612|288|0|336|1|0|
14|592|384|0|337|1|0|
14|383|288|0|323|1|0|
14|398|192|0|87|1|0|
14|395|192|0|87|1|0|
14|382|192|0|87|1|0|
14|389|192|0|328|1|0|
14|391|192|0|87|1|0|
14|391|192|0|87|1|0|
14|397|192|0|87|1|0|
14|401|192|0|87|1|0|
14|388|192|0|87|1|0|
14|616|288|0|337|1|0|
14|604|288|0|336|1|0|
14|384|192|0|87|1|0|
14|1823|960|0|86|1|0|
14|380|192|0|87|1|0|
14|387|192|0|86|1|0|
14|390|192|0|87|1|0|
14|381|192|0|86|1|0|
14|385|192|0|87|1|0|
14|397|192|0|87|1|0|
14|603|288|0|339|1|0|
14|603|288|0|337|1|0|
14|394|192|0|87|1|0|
14|396|192|0|87|1|0|
14|375|192|0|86|1|0|
14|389|192|0|87|1|0|
14|392|192|0|87|1|0|
14|393|192|0|87|1|0|
14|397|288|0|87|1|0|
14|385|192|0|87|1|0|
14|380|192|0|87|1|0|
14|390|192|0|87|1|0|
14|399|192|0|87|1|0|
14|1877|960|0|87|1|0|
14|403|288|0|87|1|0|
14|383|288|0|87|1|0|
14|396|288|0|87|1|0|
14|378|192|0|87|1|0|
14|1011|480|0|87|1|0|
14|729|384|0|337|1|0|
14|396|192|0|87|1|0|
14|609|288|0|336|1|0|
14|402|192|0|87|1|0|
14|394|192|0|87|1|0|
14|395|192|0|326|1|0|
14|608|288|0|336|1|0|
14|383|192|0|87|1|0|
14|405|192|0|87|1|0|
14|389|192|0|87|1|0|
14|398|192|0|87|1|0|
14|1279|672|0|87|1|0|
14|377|192|0|87|1|0|
14|377|288|0|87|1|0|
14|383|288|0|87|1|0|
14|400|192|0|87|1|0|
14|406|192|0|324|1|0|
14|392|192|0|87|1|0|
14|390|192|0|87|1|0|
14|392|288|0|87|1|0|
14|383|192|0|87|1|0|
14|391|192|0|87|1|0|
14|402|192|0|87|1|0|
14|404|192|0|87|1|0|
14|391|192|0|87|1|0|
14|378|192|0|85|1|0|
14|385|288|0|87|1|0|
14|392|192|0|87|1|0|
14|391|192|0|87|1|0|
14|1082|576|0|87|1|0|
14|394|192|0|87|1|0|
14|385|192|0|87|1|0|
14|396|288|0|87|1|0|
14|404|288|0|87|1|0|
14|394|192|0|87|1|0|
14|603|288|0|335|1|0|
14|403|192|0|87|1|0|
14|396|192|0|87|1|0|
14|388|192|0|328|1|0|
14|594|288|0|337|1|0|
14|390|192|0|87|1|0|
14|390|288|0|87|1|0|
14|378|288|0|87|1|0|
14|434|288|0|87|1|0|
14|559|288|0|336|1|0|
14|390|288|0|86|1|0|
14|440|192|0|87|1|0|
14|406|192|0|87|1|0|
14|365|192|0|87|1|0|
14|390|192|0|87|1|0|
14|393|192|0|87|1|0|
14|363|192|0|87|1|0|
14|359|192|0|87|1|0|
14|356|96|0|87|1|0|
14|574|288|0|337|1|0|
14|790|480|0|337|1|0|
14|384|288|0|323|1|0|
14|383|288|0|86|1|0|
14|350|96|0|87|1|0|
14|393|192|0|87|1|0|
14|385|192|0|87|1|0|
14|400|192|0|87|1|0|
14|437|192|0|324|1|0|
14|391|192|0|87|1|0|
14|598|288|0|335|1|0|
14|753|384|0|1141|1|0|
14|385|192|0|87|1|0|
14|395|192|0|87|1|0|
14|357|192|0|87|1|0|
14|392|288|0|87|1|0|
14|388|288|0|87|1|0|
14|385|192|0|87|1|0|
14|396|192|0|87|1|0|
14|1589|864|0|325|1|0|
14|385|192|0|87|1|0|
14|389|288|0|87|1|0|
14|396|288|0|87|1|0|
14|400|288|0|87|1|0|
14|393|192|0|328|1|0|
14|400|288|0|328|1|0|
14|603|288|0|334|1|0|
14|398|192|0|87|1|0|
14|390|192|0|87|1|0|
14|389|192|0|87|1|0|
14|394|192|0|325|1|0|
14|604|288|0|337|1|0|
14|400|192|0|87|1|0|
14|394|192|0|87|1|0|
14|392|192|0|87|1|0|
14|392|192|0|87|1|0|
14|400|192|0|87|1|0|
14|379|192|0|87|1|0|
14|394|192|0|87|1|0|
14|400|192|0|87|1|0|
14|382|192|0|87|1|0|
14|379|192|0|87|1|0|
14|595|384|0|337|1|0|
14|384|192|0|87|1|0|
14|395|192|0|87|1|0|
14|1345|768|0|87|1|0|
14|399|192|0|87|1|0|
14|1342|768|0|87|1|0|
14|393|192|0|87|1|0|
14|385|192|0|87|1|0|
14|399|192|0|87|1|0|
14|394|288|0|87|1|0|
14|405|192|0|325|1|0|
14|385|192|0|87|1|0|
14|393|288|0|323|1|0|
14|605|288|0|337|1|0|
14|596|384|0|337|1|0|
14|384|192|0|87|1|0|
14|392|192|0|87|1|0|
14|401|192|0|87|1|0|
14|385|192|0|87|1|0|
14|393|288|0|87|1|0|
14|1156|576|0|86|1|0|
14|389|288|0|87|1|0|
14|355|192|0|87|1|0|
14|610|288|0|334|1|0|
14|399|192|0|87|1|0|
14|389|192|0|87|1|0|
14|398|192|0|87|1|0|
14|385|192|0|87|1|0|
14|401|192|0|87|1|0|
14|596|288|0|336|1|0|
14|595|288|0|334|1|0|
14|362|192|0|323|1|0|
14|401|288|0|87|1|0|
14|389|192|0|87|1|0|
14|591|288|0|334|1|0|
14|394|192|0|325|1|0|
14|382|192|0|87|1|0|
14|387|192|0|87|1|0|
14|378|192|0|87|1|0|
14|391|192|0|87|1|0|
14|389|192|0|87|1|0|
14|403|192|0|87|1|0|
14|390|192|0|87|1|0|
14|399|288|0|87|1|0|
14|392|192|0|87|1|0|
14|392|192|0|87|1|0|
14|396|288|0|87|1|0|
14|405|192|0|87|1|0|
14|376|192|0|87|1|0|
14|390|192|0|87|1|0|
14|1745|960|0|87|1|0|
14|397|192|0|87|1|0|
14|351|192|0|87|1|0|
14|429|192|0|327|1|0|
14|617|288|0|337|1|0|
14|385|288|0|87|1|0|
14|385|192|0|87|1|0|
14|403|192|0|86|1|0|
14|383|192|0|87|1|0|
14|386|192|0|87|1|0|
14|394|192|0|87|1|0|
14|394|192|0|87|1|0|
14|384|192|0|87|1|0|
14|384|192|0|87|1|0|
14|380|192|0|87|1|0|
14|405|192|0|87|1|0|
14|385|192|0|87|1|0|
14|395|192|0|87|1|0|
14|405|192|0|87|1|0|
14|384|192|0|87|1|0|
14|595|288|0|337|1|0|
14|636|384|0|87|1|0|
14|405|192|0|323|1|0|
14|399|192|0|87|1|0|
14|394|192|0|87|1|0|
14|387|192|0|324|1|0|
14|403|288|0|87|1|0|
14|1820|960|0|87|1|0|
14|1721|864|0|87|1|0|
14|383|192|0|87|1|0|
14|404|192|0|87|1|0|
14|609|288|0|337|1|0|
14|381|192|0|86|1|0|
14|587|288|0|335|1|0|
14|378|192|0|87|1|0|
14|392|96|0|85|1|0|
14|390|288|0|86|1|0|
14|396|288|0|87|1|0|
14|371|288|0|87|1|0|
14|396|192|0|324|1|0|
14|382|192|0|87|1|0|
14|381|192|0|87|1|0|
14|393|192|0|87|1|0|
14|603|288|0|335|1|0|
14|397|192|0|87|1|0|
14|380|192|0|85|1|0|
14|391|192|0|87|1|0|
14|400|288|0|87|1|0|
14|393|288|0|87|1|0|
14|379|192|0|87|1|0|
14|392|288|0|87|1|0|
14|1411|768|0|87|1|0|
14|403|192|0|87|1|0|
14|390|192|0|86|1|0|
14|398|192|0|328|1|0|
14|603|288|0|339|1|0|
14|391|192|0|87|1|0|
14|611|288|0|335|1|0|
14|1077|576|0|340|1|0|
14|606|384|0|335|1|0|
14|386|192|0|87|1|0|
14|398|192|0|87|1|0|
14|395|288|0|87|1|0|
14|399|192|0|86|1|0|
14|396|288|0|87|1|0|
14|399|192|0|87|1|0|
14|387|192|0|87|1|0|
14|383|288|0|87|1|0|
14|389|288|0|87|1|0|
14|390|192|0|87|1|0|
14|380|288|0|87|1|0|
14|380|192|0|86|1|0|
14|396|288|0|87|1|0|
14|396|192|0|324|1|0|
14|390|192|0|87|1|0|
14|382|192|0|87|1|0|
14|1044|576|0|87|1|0|
14|400|96|0|87|1|0|
14|394|288|0|87|1|0|
14|389|192|0|87|1|0|
14|396|192|0|87|1|0|
14|377|192|0|87|1|0|
14|389|96|0|87|1|0|
14|392|192|0|87|1|0|
14|398|288|0|87|1|0|
14|385|192|0|87|1|0|
14|939|480|0|87|1|0|
14|400|192|0|87|1|0|
14|379|192|0|87|1|0|
14|613|288|0|335|1|0|
14|390|192|0|87|1|0|
14|393|192|0|87|1|0|
14|356|192|0|87|1|0|
14|1192|672|0|87|1|0|
14|390|192|0|87|1|0|
14|385|192|0|87|1|0|
14|383|192|0|87|1|0|
14|384|192|0|87|1|0|
14|383|96|0|324|1|0|
14|609|288|0|334|1|0|
14|389|192|0|87|1|0|
14|385|192|0|87|1|0|
14|384|192|0|87|1|0|
14|393|192|0|87|1|0|
14|405|192|0|323|1|0|
14|382|192|0|87|1|0|
14|1514|768|0|87|1|0|
14|394|288|0|87|1|0|
14|883|384|0|87|1|0|
14|377|192|0|87|1|0|
14|592|288|0|336|1|0|
14|383|192|0|87|1|0|
14|383|192|0|328|1|0|
14|610|384|0|334|1|0|
14|602|288|0|336|1|0|
14|390|192|0|87|1|0|
14|387|288|0|87|1|0|
14|603|288|0|337|1|0|
14|384|96|0|87|1|0|
14|388|288|0|87|1|0|
14|390|192|0|87|1|0|
14|378|192|0|87|1|0|
14|395|192|0|87|1|0|
14|392|192|0|87|1|0|
14|381|192|0|87|1|0|
14|392|192|0|87|1|0|
14|390|192|0|87|1|0|
14|392|192|0|324|1|0|
14|398|192|0|87|1|0|
14|401|192|0|87|1|0|
14|386|288|0|87|1|0|
14|398|192|0|87|1|0|
14|395|192|0|87|1|0|
14|388|192|0|87|1|0|
14|387|192|0|87|1|0|
14|395|192|0|87|1|0|
14|597|288|0|337|1|0|
14|386|192|0|87|1|0|
14|400|192|0|325|1|0|
14|392|192|0|325|1|0|
14|388|192|0|87|1|0|
14|384|192|0|87|1|0|
14|404|192|0|87|1|0|
14|385|192|0|87|1|0|
14|389|192|0|87|1|0|
14|389|192|0|87|1|0|
14|407|192|0|85|1|0|
14|401|192|0|87|1|0|
14|395|192|0|87|1|0|
14|393|192|0|87|1|0|
14|405|288|0|87|1|0|
14|400|192|0|87|1|0|
14|408|192|0|87|1|0|
14|385|192|0|87|1|0|
14|387|192|0|87|1|0|
14|392|192|0|87|1|0|
14|401|192|0|325|1|0|
14|609|384|0|336|1|0|
14|389|192|0|87|1|0|
14|601|384|0|336|1|0|
14|389|192|0|87|1|0|
14|389|192|0|87|1|0|
14|981|576|0|87|1|0|
14|409|192|0|325|1|0|
14|401|192|0|87|1|0|
14|397|192|0|87|1|0|
14|397|192|0|87|1|0|
14|399|192|0|87|1|0|
14|388|192|0|86|1|0|
14|388|288|0|87|1|0|
14|392|192|0|87|1|0|
14|401|192|0|324|1|0|
14|404|192|0|87|1|0|
14|401|288|0|87|1|0|
14|391|192|0|87|1|0|
14|394|192|0|87|1|0|
14|396|192|0|87|1|0|
14|992|480|0|87|1|0|
14|1261|768|0|337|1|0|
14|394|192|0|87|1|0|
14|384|192|0|87|1|0|
14|398|192|0|87|1|0|
14|390|192|0|87|1|0|
14|612|288|0|336|1|0|
14|395|288|0|324|1|0|
14|401|192|0|87|1|0|
14|390|192|0|87|1|0|
14|395|192|0|87|1|0|
14|393|192|0|87|1|0|
14|612|288|0|335|1|0|
14|615|288|0|337|1|0|
14|398|192|0|87|1|0|
14|387|192|0|87|1|0|
14|397|192|0|87|1|0|
14|388|192|0|87|1|0|
14|405|192|0|87|1|0|
14|1445|672|0|87|1|0|
14|393|192|0|87|1|0|
14|369|96|0|87|1|0|
14|393|288|0|87|1|0|
14|392|288|0|87|1|0|
14|395|192|0|87|1|0|
14|405|192|0|87|1|0|
14|608|288|0|335|1|0|
14|406|192|0|87|1|0|
14|404|192|0|325|1|0|
14|399|192|0|87|1|0|
14|398|192|0|324|1|0|
14|407|288|0|87|1|0|
14|403|192|0|323|1|0|
14|396|192|0|323|1|0|
14|396|192|0|87|1|0|
14|402|192|0|87|1|0|
14|391|192|0|87|1|0|
14|389|192|0|87|1|0|
14|390|192|0|87|1|0|
14|400|192|0|87|1|0|
14|401|192|0|87|1|0|
14|603|288|0|337|1|0|
14|392|192|0|323|1|0|
14|609|288|0|336|1|0|
14|390|288|0|87|1|0|
14|394|192|0|87|1|0|
14|410|192|0|87|1|0|
14|654|288|0|87|1|0|
14|606|288|0|337|1|0|
14|401|192|0|323|1|0|
14|387|192|0|87|1|0|
14|404|192|0|87|1|0|
14|400|192|0|324|1|0|
14|387|192|0|87|1|0|
14|592|384|0|334|1|0|
14|379|192|0|87|1|0|
14|363|192|0|87|1|0|
14|377|192|0|87|1|0|
14|391|192|0|87|1|0|
14|399|192|0|87|1|0|
14|393|192|0|87|1|0|
14|395|288|0|87|1|0|
14|401|192|0|323|1|0|
14|390|192|0|87|1|0|
14|385|192|0|87|1|0|
14|387|192|0|324|1|0|
14|399|288|0|87|1|0|
14|396|192|0|325|1|0|
14|399|192|0|87|1|0|
14|348|288|0|87|1|0|
14|391|192|0|87|1|0|
14|392|288|0|87|1|0|
14|382|96|0|87|1|0|
14|472|288|0|324|1|0|
14|362|192|0|87|1|0|
14|593|288|0|337|1|0|
14|611|288|0|337|1|0|
14|616|384|0|338|1|0|
14|381|192|0|85|1|0|
14|380|192|0|325|1|0|
14|397|192|0|87|1|0|
14|388|192|0|87|1|0|
14|376|192|0|87|1|0|
14|377|192|0|87|1|0|
14|384|192|0|87|1|0|
14|602|288|0|337|1|0|
14|612|288|0|337|1|0|
14|386|192|0|327|1|0|
14|392|192|0|87|1|0|
14|611|288|0|336|1|0|
14|393|192|0|87|1|0|
14|385|192|0|87|1|0|
14|397|192|0|323|1|0|
14|594|288|0|337|1|0|
14|396|192|0|87|1|0|
14|392|192|0|87|1|0|
14|395|192|0|87|1|0|
14|599|288|0|340|1|0|
14|391|192|0|87|1|0|
14|390|192|0|85|1|0|
14|393|192|0|87|1|0|
14|394|192|0|87|1|0|
14|408|192|0|87|1|0|
14|385|288|0|323|1|0|
14|382|288|0|85|1|0|
14|384|192|0|328|1|0|
14|611|288|0|337|1|0|
14|618|288|0|337|1|0|
14|597|384|0|338|1|0|
14|615|288|0|339|1|0|
14|387|192|0|328|1|0|
14|399|192|0|87|1|0|
14|389|96|0|325|1|0|
14|379|192|0|87|1|0|
14|404|192|0|87|1|0|
14|386|192|0|87|1|0|
14|1146|672|0|87|1|0|
14|609|384|0|334|1|0|
14|594|384|0|336|1|0|
14|396|192|0|87|1|0|
14|1895|960|0|87|1|0|
14|380|192|0|87|1|0|
14|374|192|0|87|1|0|
