INSTRUCTIONS_RETIRED|CYCLES|UNKNOWN|LD_BLOCKS.STORE_FORWARD|UOPS_EXECUTED.CORE|BR_MISP_RETIRED.ALL_BRANCHES|UOPS_ISSUED.SINGLE_MUL|
14|320|192|0|68|1|0|
14|248|256|0|68|1|0|
14|248|240|0|68|1|0|
14|245|240|0|68|1|0|
14|245|240|0|68|1|0|
14|248|256|0|68|1|0|
14|244|240|0|68|1|0|
14|247|240|0|68|1|0|
14|246|256|0|68|1|0|
14|248|256|0|68|1|0|
14|247|240|0|68|1|0|
14|272|272|0|641|1|0|
14|265|208|0|68|1|0|
14|277|208|0|68|1|0|
14|280|208|0|68|1|0|
14|254|192|0|58|0|0|
14|251|240|0|68|1|0|
14|249|240|0|68|1|0|
14|247|256|0|68|1|0|
14|245|240|0|68|1|0|
14|277|272|0|68|1|0|
14|245|256|0|68|1|0|
14|247|240|0|68|1|0|
14|248|224|0|68|1|0|
14|275|272|0|336|1|0|
14|245|240|0|68|1|0|
14|244|240|0|68|1|0|
14|245|256|0|68|1|0|
14|244|240|0|68|1|0|
14|248|256|0|68|1|0|
14|244|240|0|68|1|0|
14|248|240|0|68|1|0|
14|247|240|0|68|1|0|
14|244|256|0|68|1|0|
14|247|240|0|68|1|0|
14|245|256|0|68|1|0|
14|250|240|0|85|1|0|
14|244|256|0|68|1|0|
14|244|224|0|68|1|0|
14|246|240|0|68|1|0|
14|244|224|0|68|1|0|
14|245|256|0|68|1|0|
14|245|240|0|68|1|0|
14|249|240|0|68|1|0|
14|247|256|0|68|1|0|
14|244|256|0|68|1|0|
14|245|240|0|68|1|0|
14|245|224|0|68|1|0|
14|244|240|0|68|1|0|
14|245|256|0|68|1|0|
14|245|240|0|68|1|0|
14|245|240|0|68|1|0|
14|245|256|0|68|1|0|
14|246|256|0|68|1|0|
14|245|240|0|68|1|0|
14|249|256|0|68|1|0|
14|245|240|0|68|1|0|
14|247|240|0|68|1|0|
14|247|256|0|68|1|0|
14|244|240|0|68|1|0|
14|247|224|0|68|1|0|
14|245|256|0|68|1|0|
14|248|240|0|68|1|0|
14|244|240|0|68|1|0|
14|245|240|0|68|1|0|
14|245|240|0|68|1|0|
14|244|240|0|68|1|0|
14|246|240|0|68|1|0|
14|245|256|0|68|1|0|
14|244|256|0|68|1|0|
14|247|256|0|68|1|0|
14|245|240|0|68|1|0|
14|245|240|0|68|1|0|
14|245|240|0|68|1|0|
14|244|240|0|68|1|0|
14|245|240|0|68|1|0|
14|244|256|0|68|1|0|
14|248|256|0|68|1|0|
14|247|256|0|68|1|0|
14|244|240|0|68|1|0|
14|245|256|0|68|1|0|
14|245|240|0|68|1|0|
14|244|256|0|68|1|0|
14|245|240|0|68|1|0|
14|247|240|0|68|1|0|
14|246|240|0|68|1|0|
14|245|240|0|68|1|0|
14|244|240|0|68|1|0|
14|245|256|0|68|1|0|
14|244|240|0|68|1|0|
14|245|256|0|68|1|0|
14|245|240|0|68|1|0|
14|245|256|0|68|1|0|
14|245|240|0|68|1|0|
14|245|240|0|68|1|0|
14|245|240|0|68|1|0|
14|245|240|0|68|1|0|
14|245|240|0|68|1|0|
14|247|240|0|68|1|0|
14|245|256|0|68|1|0|
14|245|240|0|68|1|0|
14|250|256|0|68|1|0|
14|267|272|0|68|2|0|
14|247|240|0|68|1|0|
14|245|256|0|68|1|0|
14|247|240|0|68|1|0|
14|244|240|0|68|1|0|
14|249|256|0|68|1|0|
14|245|240|0|68|1|0|
14|245|240|0|68|1|0|
14|245|240|0|68|1|0|
14|244|240|0|68|1|0|
14|245|256|0|68|1|0|
14|247|240|0|68|1|0|
14|245|240|0|68|1|0|
14|244|240|0|68|1|0|
14|246|256|0|68|1|0|
14|248|240|0|68|1|0|
14|245|240|0|68|1|0|
14|244|256|0|68|1|0|
14|245|240|0|68|1|0|
14|245|240|0|68|1|0|
14|245|240|0|68|1|0|
14|244|256|0|68|1|0|
14|292|304|0|76|1|0|
14|247|240|0|68|1|0|
14|247|240|0|68|1|0|
14|245|240|0|68|1|0|
14|245|256|0|68|1|0|
14|246|240|0|68|1|0|
14|244|240|0|68|1|0|
14|245|240|0|68|1|0|
14|247|256|0|68|1|0|
14|244|256|0|68|1|0|
14|245|240|0|68|1|0|
14|245|256|0|68|1|0|
14|246|240|0|68|1|0|
14|247|240|0|68|1|0|
14|244|256|0|68|1|0|
14|248|240|0|68|1|0|
14|244|240|0|68|1|0|
14|244|256|0|68|1|0|
14|246|240|0|68|1|0|
14|244|240|0|68|1|0|
14|250|256|0|68|1|0|
14|249|256|0|68|1|0|
14|245|240|0|68|1|0|
14|245|240|0|68|1|0|
14|244|240|0|68|1|0|
14|249|256|0|68|1|0|
14|246|240|0|68|1|0|
14|247|240|0|68|1|0|
14|245|240|0|68|1|0|
14|244|240|0|68|1|0|
14|244|240|0|68|1|0|
14|245|256|0|68|1|0|
14|259|272|0|169|1|0|
14|245|256|0|68|1|0|
14|247|256|0|68|1|0|
14|246|256|0|68|1|0|
14|247|256|0|68|1|0|
14|248|256|0|68|1|0|
14|246|256|0|68|1|0|
14|248|256|0|68|1|0|
14|244|256|0|68|1|0|
14|247|240|0|68|1|0|
14|247|240|0|68|1|0|
14|247|256|0|68|1|0|
14|244|256|0|68|1|0|
14|245|240|0|68|1|0|
14|245|240|0|68|1|0|
14|247|256|0|68|1|0|
14|244|256|0|68|1|0|
14|245|256|0|68|1|0|
14|245|256|0|68|1|0|
14|247|240|0|68|1|0|
14|245|256|0|68|1|0|
14|246|240|0|68|1|0|
14|245|256|0|68|1|0|
14|245|240|0|68|1|0|
14|244|256|0|68|1|0|
14|244|240|0|68|1|0|
14|247|240|0|68|1|0|
14|247|256|0|68|1|0|
14|247|256|0|68|1|0|
14|244|240|0|68|1|0|
14|245|240|0|68|1|0|
14|247|240|0|68|1|0|
14|245|240|0|68|1|0|
14|244|256|0|68|1|0|
14|245|224|0|68|1|0|
14|247|240|0|68|1|0|
14|245|240|0|68|1|0|
14|245|256|0|68|1|0|
14|245|240|0|68|1|0|
14|245|240|0|68|1|0|
14|245|240|0|68|1|0|
14|245|256|0|68|1|0|
14|247|256|0|68|1|0|
14|245|256|0|68|1|0|
14|245|240|0|68|1|0|
14|245|240|0|68|1|0|
14|244|256|0|68|1|0|
14|245|256|0|68|1|0|
14|245|240|0|68|1|0|
14|246|240|0|68|1|0|
14|246|240|0|68|1|0|
14|245|256|0|68|1|0|
14|246|256|0|68|1|0|
14|244|240|0|68|1|0|
14|247|256|0|68|1|0|
14|244|224|0|68|1|0|
14|245|240|0|68|1|0|
14|244|256|0|68|1|0|
14|245|240|0|68|1|0|
14|250|240|0|68|1|0|
14|245|240|0|68|1|0|
14|247|240|0|68|1|0|
14|244|224|0|68|1|0|
14|249|240|0|68|1|0|
14|245|256|0|68|1|0|
14|247|240|0|68|1|0|
14|266|256|0|307|1|0|
14|250|256|0|68|1|0|
14|338|352|0|68|1|0|
14|245|256|0|68|1|0|
14|245|240|0|68|1|0|
14|245|240|0|68|1|0|
14|245|240|0|68|1|0|
14|245|240|0|68|1|0|
14|245|256|0|68|1|0|
14|245|240|0|68|1|0|
14|247|256|0|68|1|0|
14|244|256|0|68|1|0|
14|245|240|0|68|1|0|
14|251|256|0|68|1|0|
14|245|240|0|68|1|0|
14|244|240|0|68|1|0|
14|245|256|0|68|1|0|
14|245|240|0|68|1|0|
14|245|256|0|68|1|0|
14|244|240|0|68|1|0|
14|245|240|0|68|1|0|
14|244|224|0|68|1|0|
14|244|256|0|68|1|0|
14|246|240|0|68|1|0|
14|245|256|0|68|1|0|
14|244|240|0|68|1|0|
14|244|240|0|68|1|0|
14|244|256|0|68|1|0|
14|245|256|0|68|1|0|
14|245|240|0|68|1|0|
14|249|240|0|68|1|0|
14|244|240|0|68|1|0|
14|245|240|0|68|1|0|
14|245|256|0|68|1|0|
14|245|240|0|68|1|0|
14|246|256|0|68|1|0|
14|244|224|0|68|1|0|
14|245|240|0|68|1|0|
14|245|240|0|68|1|0|
14|245|240|0|68|1|0|
14|247|240|0|68|1|0|
14|245|256|0|68|1|0|
14|245|256|0|68|1|0|
14|245|240|0|68|1|0|
14|247|256|0|68|1|0|
14|247|256|0|68|1|0|
14|247|240|0|68|1|0|
14|244|240|0|68|1|0|
14|244|240|0|68|1|0|
14|245|256|0|68|1|0|
14|249|240|0|68|1|0|
14|247|256|0|68|1|0|
14|248|256|0|68|1|0|
14|247|240|0|68|1|0|
14|247|240|0|68|1|0|
14|245|240|0|68|1|0|
14|248|256|0|68|1|0|
14|249|240|0|68|1|0|
14|245|240|0|68|1|0|
14|245|240|0|68|1|0|
14|245|256|0|68|1|0|
14|246|256|0|68|1|0|
14|247|256|0|68|1|0|
14|248|240|0|68|1|0|
14|248|256|0|68|1|0|
14|245|240|0|68|1|0|
14|248|256|0|68|1|0|
14|378|368|0|68|1|0|
14|245|240|0|68|1|0|
14|245|240|0|68|1|0|
14|244|240|0|68|1|0|
14|245|256|0|68|1|0|
14|244|256|0|68|1|0|
14|245|240|0|68|1|0|
14|245|224|0|68|1|0|
14|245|256|0|68|1|0|
14|244|240|0|68|1|0|
14|245|240|0|68|1|0|
14|248|256|0|68|1|0|
14|248|256|0|68|1|0|
14|246|240|0|68|1|0|
14|246|256|0|68|1|0|
14|271|272|0|68|1|0|
14|244|224|0|68|1|0|
14|246|240|0|68|1|0|
14|245|240|0|68|1|0|
14|244|240|0|68|1|0|
14|245|256|0|68|1|0|
14|244|240|0|68|1|0|
14|547|560|0|68|1|0|
14|245|256|0|68|1|0|
14|245|240|0|68|1|0|
14|245|224|0|68|1|0|
14|245|224|0|68|1|0|
14|245|240|0|68|1|0|
14|247|256|0|68|1|0|
14|246|240|0|68|1|0|
14|251|240|0|68|1|0|
14|247|256|0|68|1|0|
14|245|240|0|68|1|0|
14|247|256|0|68|1|0|
14|246|256|0|68|1|0|
14|245|256|0|68|1|0|
14|245|240|0|68|1|0|
14|249|256|0|68|1|0|
14|245|256|0|68|1|0|
14|250|256|0|68|1|0|
14|245|240|0|68|1|0|
14|245|240|0|68|1|0|
14|245|240|0|68|1|0|
14|244|224|0|68|1|0|
14|245|240|0|68|1|0|
14|244|240|0|68|1|0|
14|245|256|0|68|1|0|
14|246|240|0|68|1|0|
14|244|240|0|68|1|0|
14|245|240|0|68|1|0|
14|245|240|0|68|1|0|
14|245|240|0|68|1|0|
14|244|240|0|68|1|0|
14|244|240|0|68|1|0|
14|245|240|0|68|1|0|
14|244|256|0|68|1|0|
14|248|256|0|68|1|0|
14|247|256|0|68|1|0|
14|245|256|0|68|1|0|
14|246|240|0|68|1|0|
14|246|256|0|68|1|0|
14|246|240|0|68|1|0|
14|245|240|0|68|1|0|
14|246|256|0|68|1|0|
14|244|240|0|68|1|0|
14|244|256|0|68|1|0|
14|246|240|0|68|1|0|
14|245|240|0|68|1|0|
14|247|240|0|68|1|0|
14|244|240|0|68|1|0|
14|246|256|0|68|1|0|
14|245|240|0|68|1|0|
14|245|240|0|68|1|0|
14|245|256|0|68|1|0|
14|244|224|0|68|1|0|
14|245|240|0|68|1|0|
14|245|240|0|68|1|0|
14|245|256|0|68|1|0|
14|244|240|0|68|1|0|
14|245|256|0|68|1|0|
14|250|240|0|68|1|0|
14|244|240|0|68|1|0|
14|248|256|0|68|1|0|
14|245|256|0|68|1|0|
14|244|224|0|68|1|0|
14|245|240|0|68|1|0|
14|250|224|0|68|1|0|
14|251|240|0|68|1|0|
14|247|224|0|68|1|0|
14|561|576|0|68|1|0|
14|246|240|0|68|1|0|
14|245|256|0|68|1|0|
14|247|256|0|68|1|0|
14|247|256|0|68|1|0|
14|245|256|0|68|1|0|
14|247|240|0|68|1|0|
14|247|240|0|68|1|0|
14|245|256|0|68|1|0|
14|245|256|0|68|1|0|
14|246|240|0|68|1|0|
14|249|240|0|68|1|0|
14|247|256|0|68|1|0|
14|248|240|0|68|1|0|
14|245|240|0|68|1|0|
14|245|256|0|68|1|0|
14|245|256|0|68|1|0|
14|245|256|0|68|1|0|
14|251|224|0|68|1|0|
14|249|240|0|68|1|0|
14|248|256|0|68|1|0|
14|245|240|0|68|1|0|
14|245|256|0|68|1|0|
14|246|240|0|68|1|0|
14|245|240|0|68|1|0|
14|248|240|0|68|1|0|
14|247|256|0|68|1|0|
14|244|240|0|68|1|0|
14|247|240|0|68|1|0|
14|249|240|0|68|1|0|
14|247|256|0|68|1|0|
14|244|256|0|68|1|0|
14|250|256|0|68|1|0|
14|245|240|0|68|1|0|
14|245|240|0|68|1|0|
14|245|240|0|68|1|0|
14|244|256|0|68|1|0|
14|244|256|0|68|1|0|
14|245|240|0|68|1|0|
14|245|240|0|68|1|0|
14|245|240|0|68|1|0|
14|246|256|0|68|1|0|
14|284|288|0|68|1|0|
14|247|240|0|68|1|0|
14|249|256|0|68|1|0|
14|245|240|0|68|1|0|
14|247|240|0|68|1|0|
14|248|256|0|68|1|0|
14|245|256|0|68|1|0|
14|248|256|0|68|1|0|
14|247|256|0|68|1|0|
14|247|240|0|68|1|0|
14|245|240|0|68|1|0|
14|245|256|0|68|1|0|
14|248|256|0|68|1|0|
14|245|256|0|68|1|0|
14|246|240|0|68|1|0|
14|245|240|0|68|1|0|
14|247|256|0|68|1|0|
14|245|240|0|68|1|0|
14|245|240|0|68|1|0|
14|245|240|0|68|1|0|
14|246|256|0|68|1|0|
14|244|256|0|68|1|0|
14|245|240|0|68|1|0|
14|244|256|0|68|1|0|
14|245|256|0|68|1|0|
14|245|256|0|68|1|0|
14|245|240|0|68|1|0|
14|245|256|0|68|1|0|
14|246|240|0|68|1|0|
14|245|240|0|68|1|0|
14|245|256|0|68|1|0|
14|248|256|0|68|1|0|
14|448|448|0|68|1|0|
14|247|240|0|68|1|0|
14|245|240|0|68|1|0|
14|245|256|0|68|1|0|
14|249|256|0|68|1|0|
14|380|368|0|68|1|0|
14|248|224|0|68|1|0|
14|245|240|0|68|1|0|
14|244|256|0|68|1|0|
14|244|240|0|68|1|0|
14|246|256|0|68|1|0|
14|245|240|0|68|1|0|
14|245|240|0|68|1|0|
14|245|240|0|68|1|0|
14|384|384|0|68|1|0|
14|244|256|0|68|1|0|
14|244|240|0|68|1|0|
14|245|256|0|68|1|0|
14|248|240|0|68|1|0|
14|245|256|0|68|1|0|
14|245|240|0|68|1|0|
14|244|240|0|68|1|0|
14|247|240|0|68|1|0|
14|246|240|0|68|1|0|
14|245|240|0|68|1|0|
14|245|256|0|68|1|0|
14|244|256|0|68|1|0|
14|246|240|0|68|1|0|
14|247|240|0|68|1|0|
14|245|224|0|68|1|0|
14|245|240|0|68|1|0|
14|246|256|0|68|1|0|
14|244|240|0|68|1|0|
14|245|256|0|68|1|0|
14|244|240|0|68|1|0|
14|244|256|0|68|1|0|
14|245|224|0|68|1|0|
14|245|256|0|68|1|0|
14|248|240|0|68|1|0|
14|244|240|0|68|1|0|
14|245|224|0|68|1|0|
14|247|256|0|68|1|0|
14|248|256|0|68|1|0|
14|244|256|0|68|1|0|
14|250|240|0|68|1|0|
14|246|240|0|68|1|0|
14|247|256|0|68|1|0|
14|247|240|0|68|1|0|
14|245|256|0|68|1|0|
14|249|256|0|68|1|0|
14|245|240|0|68|1|0|
14|246|256|0|68|1|0|
14|245|240|0|68|1|0|
14|246|256|0|68|1|0|
14|247|256|0|68|1|0|
14|245|240|0|68|1|0|
14|244|240|0|68|1|0|
14|245|256|0|68|1|0|
14|246|224|0|68|1|0|
14|247|240|0|68|1|0|
14|245|240|0|68|1|0|
14|248|256|0|68|1|0|
14|245|240|0|68|1|0|
14|246|256|0|68|1|0|
14|245|240|0|68|1|0|
14|251|240|0|68|1|0|
14|245|256|0|68|1|0|
14|246|240|0|68|1|0|
14|245|256|0|68|1|0|
14|248|256|0|68|1|0|
14|244|240|0|68|1|0|
14|248|240|0|68|1|0|
14|244|256|0|68|1|0|
14|245|256|0|68|1|0|
14|249|256|0|68|1|0|
14|245|240|0|68|1|0|
14|245|240|0|68|1|0|
14|244|240|0|68|1|0|
14|249|256|0|68|1|0|
14|245|240|0|68|1|0|
14|245|240|0|68|1|0|
14|245|240|0|68|1|0|
14|249|256|0|68|1|0|
14|244|256|0|68|1|0|
14|247|256|0|68|1|0|
14|245|240|0|68|1|0|
14|246|240|0|68|1|0|
14|244|240|0|68|1|0|
14|244|240|0|68|1|0|
14|245|240|0|68|1|0|
14|245|256|0|68|1|0|
14|245|240|0|68|1|0|
14|245|256|0|68|1|0|
14|245|240|0|68|1|0|
14|245|240|0|68|1|0|
14|245|256|0|68|1|0|
14|246|256|0|68|1|0|
14|244|240|0|68|1|0|
14|247|256|0|68|1|0|
14|249|256|0|68|1|0|
14|248|256|0|68|1|0|
14|248|256|0|68|1|0|
14|247|256|0|68|1|0|
14|245|240|0|68|1|0|
14|245|240|0|68|1|0|
14|245|240|0|68|1|0|
14|245|256|0|68|1|0|
14|245|240|0|68|1|0|
14|245|256|0|68|1|0|
14|244|256|0|68|1|0|
14|248|256|0|68|1|0|
14|245|240|0|68|1|0|
14|244|240|0|68|1|0|
14|245|240|0|68|1|0|
14|248|240|0|68|1|0|
14|245|256|0|68|1|0|
14|245|240|0|68|1|0|
14|248|256|0|68|1|0|
14|245|256|0|68|1|0|
14|248|240|0|68|1|0|
14|245|256|0|68|1|0|
14|245|256|0|68|1|0|
14|245|256|0|68|1|0|
14|244|256|0|68|1|0|
14|247|256|0|68|1|0|
14|244|240|0|68|1|0|
14|254|240|0|158|1|0|
14|254|256|0|68|1|0|
14|275|208|0|68|1|0|
14|275|208|0|68|1|0|
14|275|208|0|68|1|0|
14|272|208|0|68|1|0|
14|388|288|0|540|1|0|
14|311|272|0|194|1|0|
14|258|240|0|68|1|0|
14|357|336|0|68|1|0|
14|247|240|0|68|1|0|
14|247|256|0|68|1|0|
14|250|256|0|68|1|0|
14|245|240|0|68|1|0|
14|246|256|0|68|1|0|
14|247|240|0|68|1|0|
14|245|240|0|68|1|0|
14|246|240|0|68|1|0|
14|246|256|0|68|1|0|
14|245|224|0|68|1|0|
14|256|256|0|83|1|0|
14|266|224|0|68|1|0|
14|267|208|0|68|1|0|
14|245|240|0|68|1|0|
14|245|240|0|68|1|0|
14|245|256|0|68|1|0|
14|244|240|0|68|1|0|
14|245|256|0|68|1|0|
14|245|240|0|68|1|0|
14|244|256|0|68|1|0|
14|245|240|0|68|1|0|
14|245|256|0|68|1|0|
14|245|240|0|68|1|0|
14|249|240|0|68|1|0|
14|245|256|0|68|1|0|
14|248|240|0|68|1|0|
14|245|256|0|68|1|0|
14|250|256|0|68|1|0|
14|245|256|0|68|1|0|
14|244|256|0|68|1|0|
14|260|240|0|68|1|0|
14|244|256|0|68|1|0|
14|261|272|0|171|1|0|
14|271|272|0|68|1|0|
14|245|256|0|68|1|0|
14|245|256|0|68|1|0|
14|244|240|0|68|1|0|
14|245|256|0|68|1|0|
14|246|256|0|68|1|0|
14|245|240|0|68|1|0|
14|245|240|0|68|1|0|
14|245|240|0|68|1|0|
14|245|256|0|68|1|0|
14|267|272|0|249|1|0|
14|252|256|0|68|1|0|
14|245|240|0|68|1|0|
14|248|224|0|68|1|0|
14|249|256|0|68|1|0|
14|245|240|0|68|1|0|
14|245|240|0|68|1|0|
14|245|256|0|68|1|0|
14|246|240|0|68|1|0|
14|245|256|0|68|1|0|
14|246|256|0|68|1|0|
14|245|256|0|68|1|0|
14|245|240|0|68|1|0|
14|245|240|0|68|1|0|
14|245|240|0|68|1|0|
14|244|256|0|68|1|0|
14|263|272|0|110|1|0|
14|245|224|0|68|1|0|
14|265|240|0|68|1|0|
14|245|240|0|68|1|0|
14|245|240|0|68|1|0|
14|255|256|0|131|1|0|
14|296|288|0|157|1|0|
14|243|240|0|68|1|0|
14|248|256|0|68|1|0|
14|310|240|0|68|1|0|
14|266|208|0|68|1|0|
14|269|208|0|68|1|0|
14|246|240|0|68|1|0|
14|246|224|0|68|1|0|
14|244|256|0|68|1|0|
14|245|240|0|68|1|0|
14|283|288|0|81|1|0|
14|244|240|0|68|1|0|
14|245|256|0|68|1|0|
14|245|240|0|68|1|0|
14|245|256|0|68|1|0|
14|245|240|0|68|1|0|
14|247|240|0|68|1|0|
14|245|240|0|68|1|0|
14|249|256|0|68|1|0|
14|248|240|0|68|1|0|
14|248|256|0|68|1|0|
14|264|240|0|168|1|0|
14|257|272|0|68|1|0|
14|245|240|0|68|1|0|
14|246|256|0|68|1|0|
14|244|240|0|68|1|0|
14|245|256|0|68|1|0|
14|244|240|0|68|1|0|
14|248|240|0|68|1|0|
14|246|240|0|68|1|0|
14|247|256|0|68|1|0|
14|245|256|0|68|1|0|
14|244|256|0|68|1|0|
14|246|224|0|68|1|0|
14|245|240|0|68|1|0|
14|245|256|0|68|1|0|
14|248|240|0|68|1|0|
14|271|224|0|68|1|0|
14|382|288|0|126|1|0|
14|287|224|0|71|1|0|
14|281|224|0|106|1|0|
14|300|240|0|154|1|0|
14|275|208|0|68|1|0|
14|330|256|0|68|1|0|
14|285|192|0|68|1|0|
14|303|208|0|169|1|0|
14|308|208|0|257|1|0|
14|288|208|0|68|1|0|
14|297|208|0|108|1|0|
14|286|208|0|68|1|0|
14|289|192|0|68|1|0|
14|332|224|0|68|1|0|
14|286|192|0|68|1|0|
14|294|208|0|68|1|0|
14|289|192|0|68|1|0|
14|329|224|0|68|1|0|
14|287|192|0|68|1|0|
14|287|192|0|68|1|0|
14|297|192|0|68|1|0|
14|413|272|0|664|1|0|
14|339|208|0|111|1|0|
14|296|192|0|68|1|0|
14|300|192|0|68|1|0|
14|367|224|0|68|1|0|
14|298|208|0|68|1|0|
14|299|192|0|68|1|0|
14|298|192|0|68|1|0|
14|296|192|0|68|1|0|
14|299|208|0|68|1|0|
14|298|176|0|68|1|0|
14|297|192|0|68|1|0|
14|300|192|0|68|1|0|
14|396|240|0|246|1|0|
14|295|208|0|68|1|0|
14|301|208|0|68|1|0|
14|323|208|0|434|1|0|
14|298|192|0|68|1|0|
14|299|176|0|68|1|0|
14|296|192|0|68|1|0|
14|298|192|0|68|1|0|
14|300|192|0|68|1|0|
14|344|224|0|68|1|0|
14|307|208|0|156|1|0|
14|297|176|0|68|1|0|
14|299|192|0|68|1|0|
14|621|400|0|68|1|0|
14|296|192|0|68|1|0|
14|485|320|0|68|1|0|
14|297|192|0|68|1|0|
14|296|208|0|68|1|0|
14|317|192|0|68|1|0|
14|298|192|0|68|1|0|
14|297|192|0|68|1|0|
14|296|176|0|68|1|0|
14|297|192|0|68|1|0|
14|325|208|0|68|1|0|
14|309|192|0|149|1|0|
14|307|208|0|133|1|0|
14|307|208|0|275|1|0|
14|296|192|0|68|1|0|
14|313|192|0|68|1|0|
14|288|208|0|68|1|0|
14|263|208|0|68|1|0|
14|357|336|0|68|1|0|
14|253|240|0|68|1|0|
14|296|192|0|68|1|0|
14|298|192|0|68|1|0|
14|300|192|0|68|1|0|
14|296|192|0|68|1|0|
14|282|208|0|68|1|0|
14|251|240|0|68|1|0|
14|245|256|0|68|1|0|
14|245|256|0|68|1|0|
14|245|240|0|68|1|0|
14|245|256|0|68|1|0|
14|245|256|0|68|1|0|
14|256|256|0|74|1|0|
14|244|256|0|68|1|0|
14|419|416|0|68|1|0|
14|247|256|0|68|1|0|
14|245|240|0|68|1|0|
14|246|256|0|68|1|0|
14|245|256|0|68|1|0|
14|252|240|0|68|1|0|
14|247|240|0|68|1|0|
14|250|256|0|132|1|0|
14|458|432|0|104|1|0|
14|284|288|0|409|1|0|
14|248|240|0|68|1|0|
14|247|240|0|68|1|0|
14|245|256|0|68|1|0|
14|358|352|0|68|1|0|
14|245|256|0|68|1|0|
14|245|240|0|68|1|0|
14|244|240|0|68|1|0|
14|245|240|0|68|1|0|
14|244|240|0|68|1|0|
14|249|240|0|68|1|0|
14|245|256|0|68|1|0|
14|248|256|0|68|1|0|
14|256|224|0|68|1|0|
14|257|224|0|68|1|0|
14|258|224|0|68|1|0|
14|249|240|0|68|1|0|
14|245|240|0|68|1|0|
14|245|240|0|68|1|0|
14|244|256|0|68|1|0|
14|264|272|0|215|1|0|
14|245|240|0|68|1|0|
14|245|240|0|68|1|0|
14|245|256|0|68|1|0|
14|245|240|0|68|1|0|
14|246|256|0|68|1|0|
14|245|240|0|68|1|0|
14|260|272|0|209|1|0|
14|248|256|0|68|1|0|
14|244|240|0|68|1|0|
14|248|256|0|68|1|0|
14|247|256|0|68|1|0|
14|247|256|0|68|1|0|
14|246|256|0|68|1|0|
14|247|256|0|68|1|0|
14|245|256|0|68|1|0|
14|245|240|0|68|1|0|
14|301|304|0|68|1|0|
14|244|256|0|68|1|0|
14|248|240|0|68|1|0|
14|244|240|0|68|1|0|
14|249|240|0|68|1|0|
14|244|256|0|68|1|0|
14|247|256|0|68|1|0|
14|248|240|0|68|1|0|
14|248|240|0|68|1|0|
14|249|240|0|68|1|0|
14|247|256|0|68|1|0|
14|247|240|0|68|1|0|
14|247|256|0|68|1|0|
14|251|240|0|68|1|0|
14|245|240|0|68|1|0|
14|245|240|0|68|1|0|
14|246|240|0|68|1|0|
14|385|384|0|68|1|0|
14|246|240|0|68|1|0|
14|244|240|0|68|1|0|
14|246|240|0|68|1|0|
14|246|256|0|68|1|0|
14|245|240|0|68|1|0|
14|246|240|0|68|1|0|
14|244|240|0|68|1|0|
14|246|240|0|68|1|0|
14|245|256|0|68|1|0|
14|244|256|0|68|1|0|
14|250|256|0|68|1|0|
14|245|256|0|68|1|0|
14|291|288|0|68|1|0|
14|248|256|0|68|1|0|
14|247|240|0|68|1|0|
14|244|240|0|68|1|0|
14|247|256|0|68|1|0|
14|249|240|0|68|1|0|
14|244|240|0|68|1|0|
14|247|256|0|68|1|0|
14|245|240|0|68|1|0|
14|244|256|0|68|1|0|
14|246|256|0|68|1|0|
14|245|256|0|68|1|0|
14|245|240|0|68|1|0|
14|246|256|0|68|1|0|
14|245|256|0|68|1|0|
14|245|240|0|68|1|0|
14|245|240|0|68|1|0|
14|249|240|0|68|1|0|
14|245|256|0|68|1|0|
14|247|224|0|68|1|0|
14|245|256|0|68|1|0|
14|245|256|0|68|1|0|
14|245|240|0|68|1|0|
14|245|240|0|68|1|0|
14|245|240|0|68|1|0|
14|248|256|0|68|1|0|
14|247|240|0|68|1|0|
14|295|304|0|68|1|0|
14|248|256|0|68|1|0|
14|244|240|0|68|1|0|
14|245|240|0|68|1|0|
14|245|240|0|68|1|0|
14|244|256|0|68|1|0|
14|245|240|0|68|1|0|
14|245|256|0|68|1|0|
14|245|240|0|68|1|0|
14|245|240|0|68|1|0|
14|249|224|0|68|1|0|
14|249|224|0|68|1|0|
14|248|256|0|68|1|0|
14|245|240|0|68|1|0|
14|245|240|0|68|1|0|
14|278|288|0|132|1|0|
14|245|240|0|68|1|0|
14|249|240|0|68|1|0|
14|250|256|0|68|1|0|
14|247|240|0|68|1|0|
14|244|240|0|68|1|0|
14|249|256|0|68|1|0|
14|245|240|0|68|1|0|
14|245|240|0|68|1|0|
14|247|240|0|68|1|0|
14|288|288|0|68|1|0|
14|247|240|0|68|1|0|
14|250|224|0|68|1|0|
14|253|240|0|68|1|0|
14|245|240|0|68|1|0|
14|246|240|0|68|1|0|
14|246|240|0|68|1|0|
14|245|240|0|68|1|0|
14|244|240|0|68|1|0|
14|245|256|0|68|1|0|
14|247|256|0|68|1|0|
14|245|240|0|68|1|0|
14|267|288|0|68|2|0|
14|245|256|0|68|1|0|
14|245|240|0|68|1|0|
14|244|256|0|68|1|0|
14|248|240|0|68|1|0|
14|245|240|0|68|1|0|
14|245|256|0|68|1|0|
14|247|240|0|68|1|0|
14|247|240|0|68|1|0|
14|247|240|0|68|1|0|
14|248|256|0|68|1|0|
14|248|256|0|68|1|0|
14|244|256|0|68|1|0|
14|248|256|0|68|1|0|
14|244|240|0|68|1|0|
14|245|240|0|68|1|0|
14|245|240|0|68|1|0|
14|245|224|0|68|1|0|
14|246|256|0|68|1|0|
14|245|256|0|68|1|0|
14|245|240|0|68|1|0|
14|268|256|0|233|1|0|
14|248|256|0|68|1|0|
14|248|240|0|68|1|0|
14|246|240|0|68|1|0|
14|280|288|0|427|1|0|
14|245|256|0|68|1|0|
14|304|304|0|68|1|0|
14|245|240|0|68|1|0|
14|245|240|0|68|1|0|
14|244|256|0|68|1|0|
14|248|256|0|68|1|0|
14|246|240|0|68|1|0|
14|255|240|0|68|1|0|
14|251|240|0|68|1|0|
14|245|240|0|68|1|0|
14|244|240|0|68|1|0|
14|248|240|0|68|1|0|
14|245|240|0|68|1|0|
14|247|240|0|68|1|0|
14|245|240|0|68|1|0|
14|246|240|0|68|1|0|
14|246|256|0|68|1|0|
14|259|272|0|131|1|0|
14|245|240|0|68|1|0|
14|246|240|0|68|1|0|
14|245|256|0|68|1|0|
14|245|256|0|68|1|0|
14|247|240|0|68|1|0|
14|245|240|0|68|1|0|
14|247|240|0|68|1|0|
14|245|256|0|68|1|0|
14|245|256|0|68|1|0|
14|245|256|0|68|1|0|
14|249|256|0|68|1|0|
14|247|256|0|68|1|0|
14|245|240|0|68|1|0|
14|246|240|0|68|1|0|
14|246|240|0|68|1|0|
14|247|256|0|68|1|0|
14|247|240|0|68|1|0|
14|245|240|0|68|1|0|
14|256|256|0|68|1|0|
14|250|240|0|68|1|0|
14|247|256|0|68|1|0|
14|251|256|0|136|1|0|
14|248|256|0|68|1|0|
14|247|256|0|68|1|0|
14|245|256|0|68|1|0|
14|245|256|0|68|1|0|
14|245|240|0|68|1|0|
14|245|240|0|68|1|0|
14|247|256|0|68|1|0|
14|244|256|0|68|1|0|
14|244|256|0|68|1|0|
14|244|240|0|68|1|0|
14|246|240|0|68|1|0|
14|257|240|0|68|1|0|
14|255|272|0|68|1|0|
14|245|240|0|68|1|0|
14|244|240|0|68|1|0|
14|262|208|0|68|1|0|
14|262|240|0|68|1|0|
14|245|240|0|68|1|0|
14|279|208|0|68|1|0|
14|258|224|0|68|1|0|
14|245|256|0|68|1|0|
14|275|288|0|212|1|0|
14|245|256|0|68|1|0|
