INSTRUCTIONS_RETIRED|CYCLES|UNKNOWN|LD_BLOCKS.STORE_FORWARD|UOPS_EXECUTED.CORE|BR_MISP_RETIRED.ALL_BRANCHES|UOPS_ISSUED.SINGLE_MUL|
14|393|192|0|93|1|0|
14|414|192|0|93|1|0|
14|407|192|0|93|1|0|
14|400|192|0|93|1|0|
14|404|192|0|93|1|0|
14|410|192|0|93|1|0|
14|1827|960|0|93|1|0|
14|413|192|0|93|1|0|
14|417|192|0|93|1|0|
14|410|192|0|93|1|0|
14|411|192|0|93|1|0|
14|389|192|0|93|1|0|
14|414|192|0|93|1|0|
14|414|192|0|93|1|0|
14|406|288|0|93|1|0|
14|402|192|0|93|1|0|
14|412|192|0|93|1|0|
14|413|192|0|93|1|0|
14|418|192|0|925|1|0|
14|434|192|0|829|1|0|
14|418|192|0|208|1|0|
14|376|192|0|93|1|0|
14|408|192|0|93|1|0|
14|461|192|0|278|1|0|
14|401|192|0|338|1|0|
14|411|192|0|93|1|0|
14|416|192|0|93|1|0|
14|393|192|0|93|1|0|
14|414|192|0|93|1|0|
14|623|384|0|343|1|0|
14|1970|960|0|93|1|0|
14|415|192|0|338|1|0|
14|408|288|0|93|1|0|
14|390|192|0|93|1|0|
14|406|192|0|93|1|0|
14|408|192|0|93|1|0|
14|616|384|0|343|1|0|
14|402|192|0|93|1|0|
14|399|192|0|337|1|0|
14|396|192|0|93|1|0|
14|396|192|0|93|1|0|
14|407|192|0|93|1|0|
14|397|192|0|93|1|0|
14|405|192|0|93|1|0|
14|400|288|0|93|1|0|
14|392|192|0|93|1|0|
14|410|192|0|93|1|0|
14|410|288|0|341|1|0|
14|393|192|0|93|1|0|
14|607|288|0|343|1|0|
14|405|192|0|93|1|0|
14|416|288|0|338|1|0|
14|405|192|0|93|1|0|
14|607|384|0|342|1|0|
14|414|192|0|340|1|0|
14|398|288|0|93|1|0|
14|408|288|0|93|1|0|
14|624|384|0|341|1|0|
14|366|192|0|93|1|0|
14|395|192|0|93|1|0|
14|406|192|0|93|1|0|
14|605|288|0|341|1|0|
14|410|192|0|93|1|0|
14|392|192|0|93|1|0|
14|392|192|0|335|1|0|
14|403|192|0|93|1|0|
14|408|192|0|93|1|0|
14|406|192|0|93|1|0|
14|400|192|0|89|1|0|
14|399|192|0|340|1|0|
14|409|288|0|93|1|0|
14|408|192|0|93|1|0|
14|391|192|0|93|1|0|
14|404|192|0|93|1|0|
14|401|288|0|93|1|0|
14|618|288|0|343|1|0|
14|399|192|0|93|1|0|
14|610|288|0|343|1|0|
14|410|192|0|809|1|0|
14|397|192|0|93|1|0|
14|387|192|0|93|1|0|
14|620|384|0|341|1|0|
14|393|192|0|93|1|0|
14|388|288|0|93|1|0|
14|401|192|0|93|1|0|
14|603|288|0|342|1|0|
14|414|288|0|93|1|0|
14|400|192|0|93|1|0|
14|416|192|0|338|1|0|
14|401|192|0|93|1|0|
14|406|192|0|337|1|0|
14|394|192|0|91|1|0|
14|389|192|0|93|1|0|
14|603|288|0|342|1|0|
14|397|192|0|93|1|0|
14|393|288|0|93|1|0|
14|399|192|0|338|1|0|
14|393|192|0|93|1|0|
14|412|192|0|93|1|0|
14|602|384|0|340|1|0|
14|400|192|0|93|1|0|
14|397|288|0|337|1|0|
14|401|192|0|93|1|0|
14|405|192|0|93|1|0|
14|408|192|0|93|1|0|
14|395|192|0|93|1|0|
14|395|192|0|93|1|0|
14|402|288|0|93|1|0|
14|407|192|0|93|1|0|
14|396|192|0|93|1|0|
14|619|288|0|341|1|0|
14|412|192|0|93|1|0|
14|417|288|0|93|1|0|
14|399|192|0|93|1|0|
14|419|288|0|337|1|0|
14|397|192|0|93|1|0|
14|412|192|0|93|1|0|
14|399|288|0|338|1|0|
14|405|192|0|93|1|0|
14|397|192|0|93|1|0|
14|404|288|0|93|1|0|
14|393|192|0|313|1|0|
14|409|288|0|93|1|0|
14|392|192|0|93|1|0|
14|393|192|0|93|1|0|
14|625|288|0|344|1|0|
14|398|192|0|93|1|0|
14|411|192|0|338|1|0|
14|395|192|0|93|1|0|
14|620|384|0|343|1|0|
14|406|192|0|93|1|0|
14|397|192|0|337|1|0|
14|377|288|0|93|1|0|
14|395|192|0|335|1|0|
14|392|192|0|93|1|0|
14|407|192|0|91|1|0|
14|410|192|0|93|1|0|
14|401|192|0|338|1|0|
14|407|192|0|93|1|0|
14|401|288|0|338|1|0|
14|401|192|0|93|1|0|
14|406|192|0|93|1|0|
14|400|288|0|93|1|0|
14|413|192|0|91|1|0|
14|607|288|0|345|1|0|
14|399|192|0|93|1|0|
14|616|288|0|346|1|0|
14|404|192|0|93|1|0|
14|407|192|0|341|1|0|
14|414|288|0|93|1|0|
14|401|192|0|340|1|0|
14|394|192|0|93|1|0|
14|393|192|0|336|1|0|
14|393|192|0|93|1|0|
14|391|192|0|93|1|0|
14|391|192|0|93|1|0|
14|413|192|0|338|1|0|
14|394|192|0|93|1|0|
14|628|288|0|343|1|0|
14|396|192|0|93|1|0|
14|614|288|0|343|1|0|
14|396|192|0|93|1|0|
14|396|288|0|93|1|0|
14|400|192|0|93|1|0|
14|404|192|0|93|1|0|
14|402|192|0|93|1|0|
14|400|192|0|93|1|0|
14|1610|864|0|93|1|0|
14|623|288|0|343|1|0|
14|403|192|0|91|1|0|
14|399|192|0|91|1|0|
14|412|192|0|93|1|0|
14|402|192|0|93|1|0|
14|409|288|0|93|1|0|
14|616|384|0|342|1|0|
14|1604|960|0|93|1|0|
14|405|288|0|93|1|0|
14|404|192|0|93|1|0|
14|614|288|0|343|1|0|
14|398|192|0|91|1|0|
14|403|192|0|93|1|0|
14|397|192|0|91|1|0|
14|401|192|0|338|1|0|
14|404|192|0|91|1|0|
14|613|288|0|343|1|0|
14|412|192|0|91|1|0|
14|401|192|0|93|1|0|
14|410|192|0|93|1|0|
14|604|288|0|342|1|0|
14|409|288|0|93|1|0|
14|393|288|0|93|1|0|
14|411|192|0|337|1|0|
14|392|192|0|93|1|0|
14|409|192|0|93|1|0|
14|396|192|0|93|1|0|
14|407|192|0|93|1|0|
14|391|192|0|93|1|0|
14|414|192|0|93|1|0|
14|395|192|0|93|1|0|
14|392|192|0|93|1|0|
14|402|192|0|93|1|0|
14|608|288|0|340|1|0|
14|768|288|0|93|1|0|
14|611|288|0|344|1|0|
14|392|192|0|93|1|0|
14|396|192|0|93|1|0|
14|405|192|0|93|1|0|
14|407|192|0|93|1|0|
14|390|192|0|91|1|0|
14|2234|1152|0|341|1|0|
14|396|192|0|93|1|0|
14|412|192|0|335|1|0|
14|413|192|0|93|1|0|
14|410|192|0|337|1|0|
14|413|192|0|93|1|0|
14|404|192|0|93|1|0|
14|612|288|0|340|1|0|
14|409|192|0|93|1|0|
14|412|192|0|339|1|0|
14|410|192|0|93|1|0|
14|121|0|0|93|1|0|
14|402|288|0|338|1|0|
14|397|192|0|93|1|0|
14|397|192|0|93|1|0|
14|623|384|0|341|1|0|
14|402|192|0|93|1|0|
14|409|192|0|93|1|0|
14|396|192|0|93|1|0|
14|410|192|0|93|1|0|
14|399|192|0|93|1|0|
14|400|192|0|93|1|0|
14|398|192|0|338|1|0|
14|402|192|0|93|1|0|
14|613|384|0|343|1|0|
14|400|192|0|93|1|0|
14|390|192|0|93|1|0|
14|406|192|0|91|1|0|
14|394|192|0|93|1|0|
14|411|192|0|93|1|0|
14|410|192|0|93|1|0|
14|407|192|0|93|1|0|
14|621|384|0|341|1|0|
14|412|192|0|93|1|0|
14|402|192|0|93|1|0|
14|625|288|0|345|1|0|
14|393|192|0|93|1|0|
14|415|192|0|93|1|0|
14|387|192|0|93|1|0|
14|1139|576|0|93|1|0|
14|391|192|0|338|1|0|
14|394|192|0|93|1|0|
14|395|192|0|93|1|0|
14|394|192|0|93|1|0|
14|396|192|0|93|1|0|
14|409|192|0|341|1|0|
14|400|192|0|93|1|0|
14|641|288|0|93|1|0|
14|1813|960|0|93|1|0|
14|408|192|0|93|1|0|
14|626|288|0|345|1|0|
14|391|192|0|93|1|0|
14|1601|768|0|338|1|0|
14|607|288|0|345|1|0|
14|408|288|0|93|1|0|
14|394|192|0|337|1|0|
14|409|192|0|93|1|0|
14|407|192|0|93|1|0|
14|403|192|0|93|1|0|
14|406|192|0|91|1|0|
14|412|288|0|93|1|0|
14|410|192|0|93|1|0|
14|412|288|0|93|1|0|
14|400|192|0|93|1|0|
14|405|192|0|93|1|0|
14|402|192|0|93|1|0|
14|396|192|0|93|1|0|
14|396|288|0|93|1|0|
14|398|192|0|93|1|0|
14|397|288|0|93|1|0|
14|392|192|0|93|1|0|
14|405|192|0|93|1|0|
14|398|192|0|93|1|0|
14|405|192|0|334|1|0|
14|611|288|0|341|1|0|
14|1806|960|0|93|1|0|
14|396|192|0|93|1|0|
14|411|192|0|338|1|0|
14|399|192|0|93|1|0|
14|394|192|0|93|1|0|
14|1806|864|0|344|1|0|
14|393|192|0|93|1|0|
14|407|192|0|93|1|0|
14|406|192|0|93|1|0|
14|1043|480|0|343|1|0|
14|396|192|0|337|1|0|
14|401|192|0|93|1|0|
14|400|192|0|93|1|0|
14|613|288|0|341|1|0|
14|397|192|0|93|1|0|
14|395|192|0|93|1|0|
14|391|192|0|93|1|0|
14|414|288|0|93|1|0|
14|402|192|0|338|1|0|
14|398|192|0|93|1|0|
14|401|192|0|336|1|0|
14|401|192|0|93|1|0|
14|399|192|0|93|1|0|
14|405|192|0|93|1|0|
14|410|192|0|93|1|0|
14|396|192|0|93|1|0|
14|410|192|0|93|1|0|
14|407|192|0|93|1|0|
14|624|384|0|342|1|0|
14|412|192|0|93|1|0|
14|391|192|0|93|1|0|
14|615|288|0|343|1|0|
14|386|192|0|93|1|0|
14|414|192|0|340|1|0|
14|388|192|0|93|1|0|
14|392|192|0|93|1|0|
14|390|192|0|93|1|0|
14|394|192|0|93|1|0|
14|401|192|0|93|1|0|
14|395|288|0|93|1|0|
14|409|192|0|93|1|0|
14|396|192|0|93|1|0|
14|406|192|0|93|1|0|
14|398|192|0|93|1|0|
14|407|192|0|93|1|0|
14|393|192|0|93|1|0|
14|412|192|0|338|1|0|
14|395|288|0|93|1|0|
14|391|192|0|93|1|0|
14|604|288|0|343|1|0|
14|412|192|0|93|1|0|
14|415|288|0|93|1|0|
14|391|192|0|91|1|0|
14|416|192|0|93|1|0|
14|387|288|0|91|1|0|
14|391|192|0|93|1|0|
14|392|192|0|93|1|0|
14|401|192|0|93|1|0|
14|391|192|0|93|1|0|
14|400|192|0|336|1|0|
14|396|192|0|93|1|0|
14|399|192|0|93|1|0|
14|398|192|0|93|1|0|
14|403|192|0|93|1|0|
14|610|288|0|340|1|0|
14|415|192|0|93|1|0|
14|403|192|0|93|1|0|
14|412|192|0|338|1|0|
14|400|192|0|93|1|0|
14|391|192|0|93|1|0|
14|603|288|0|341|1|0|
14|391|192|0|93|1|0|
14|408|288|0|93|1|0|
14|416|192|0|93|1|0|
14|410|192|0|93|1|0|
14|407|192|0|93|1|0|
14|396|192|0|93|1|0|
14|392|192|0|93|1|0|
14|416|192|0|93|1|0|
14|395|192|0|93|1|0|
14|408|192|0|93|1|0|
14|402|192|0|93|1|0|
14|406|192|0|93|1|0|
14|396|192|0|93|1|0|
14|414|192|0|93|1|0|
14|607|288|0|342|1|0|
14|397|192|0|93|1|0|
14|415|192|0|93|1|0|
14|416|192|0|93|1|0|
14|413|192|0|93|1|0|
14|411|288|0|93|1|0|
14|393|192|0|93|1|0|
14|414|192|0|93|1|0|
14|402|192|0|93|1|0|
14|396|192|0|91|1|0|
14|401|192|0|93|1|0|
14|412|192|0|93|1|0|
14|400|192|0|93|1|0|
14|410|192|0|335|1|0|
14|397|192|0|93|1|0|
14|409|288|0|93|1|0|
14|394|192|0|93|1|0|
14|602|288|0|341|1|0|
14|394|192|0|93|1|0|
14|397|192|0|340|1|0|
14|401|192|0|93|1|0|
14|391|192|0|93|1|0|
14|398|192|0|93|1|0|
14|408|192|0|93|1|0|
14|412|192|0|93|1|0|
14|412|192|0|93|1|0|
14|403|192|0|93|1|0|
14|391|192|0|93|1|0|
14|403|288|0|93|1|0|
14|446|192|0|93|1|0|
14|403|192|0|93|1|0|
14|408|192|0|93|1|0|
14|410|192|0|93|1|0|
14|410|192|0|93|1|0|
14|406|288|0|93|1|0|
14|390|192|0|93|1|0|
14|415|192|0|93|1|0|
14|398|192|0|93|1|0|
14|386|192|0|91|1|0|
14|394|192|0|93|1|0|
14|406|288|0|93|1|0|
14|414|192|0|93|1|0|
14|405|192|0|93|1|0|
14|412|192|0|93|1|0|
14|414|288|0|93|1|0|
14|400|192|0|93|1|0|
14|403|192|0|93|1|0|
14|394|192|0|93|1|0|
14|398|192|0|93|1|0|
14|397|192|0|93|1|0|
14|393|192|0|93|1|0|
14|404|288|0|93|1|0|
14|389|192|0|93|1|0|
14|398|192|0|93|1|0|
14|390|192|0|93|1|0|
14|398|192|0|93|1|0|
14|409|192|0|91|1|0|
14|394|192|0|93|1|0|
14|402|192|0|93|1|0|
14|400|192|0|93|1|0|
14|404|288|0|93|1|0|
14|404|192|0|93|1|0|
14|396|192|0|93|1|0|
14|405|192|0|93|1|0|
14|392|192|0|93|1|0|
14|398|192|0|93|1|0|
14|396|192|0|93|1|0|
14|394|192|0|93|1|0|
14|401|192|0|93|1|0|
14|397|192|0|93|1|0|
14|402|192|0|93|1|0|
14|390|192|0|93|1|0|
14|405|288|0|92|1|0|
14|399|192|0|91|1|0|
14|396|192|0|93|1|0|
14|409|192|0|93|1|0|
14|406|192|0|93|1|0|
14|409|288|0|91|1|0|
14|413|192|0|93|1|0|
14|413|192|0|93|1|0|
14|391|288|0|93|1|0|
14|412|192|0|93|1|0|
14|388|192|0|93|1|0|
14|410|192|0|93|1|0|
14|1470|672|0|93|1|0|
14|401|192|0|93|1|0|
14|398|192|0|89|1|0|
14|387|192|0|93|1|0|
14|410|192|0|93|1|0|
14|399|192|0|93|1|0|
14|408|288|0|93|1|0|
14|409|192|0|93|1|0|
14|395|192|0|93|1|0|
14|410|192|0|93|1|0|
14|395|192|0|93|1|0|
14|415|192|0|93|1|0|
14|411|192|0|93|1|0|
14|411|192|0|93|1|0|
14|410|192|0|93|1|0|
14|415|192|0|93|1|0|
14|408|192|0|93|1|0|
14|398|192|0|93|1|0|
14|1612|864|0|93|1|0|
14|391|192|0|93|1|0|
14|1352|672|0|93|1|0|
14|400|192|0|93|1|0|
14|407|192|0|91|1|0|
14|411|192|0|93|1|0|
14|397|192|0|93|1|0|
14|412|288|0|93|1|0|
14|394|192|0|93|1|0|
14|408|192|0|93|1|0|
14|400|288|0|93|1|0|
14|405|288|0|93|1|0|
14|397|288|0|93|1|0|
14|399|192|0|93|1|0|
14|403|192|0|93|1|0|
14|400|192|0|93|1|0|
14|405|192|0|93|1|0|
14|407|192|0|93|1|0|
14|402|192|0|91|1|0|
14|406|192|0|93|1|0|
14|388|192|0|93|1|0|
14|401|192|0|93|1|0|
14|393|192|0|93|1|0|
14|402|192|0|93|1|0|
14|396|192|0|93|1|0|
14|392|288|0|93|1|0|
14|412|192|0|93|1|0|
14|395|192|0|93|1|0|
14|406|288|0|93|1|0|
14|411|192|0|93|1|0|
14|413|192|0|93|1|0|
14|398|192|0|93|1|0|
14|407|288|0|93|1|0|
14|389|192|0|93|1|0|
14|406|192|0|93|1|0|
14|394|192|0|93|1|0|
14|390|192|0|93|1|0|
14|393|192|0|93|1|0|
14|397|192|0|93|1|0|
14|1735|864|0|93|1|0|
14|399|192|0|93|1|0|
14|400|192|0|93|1|0|
14|397|288|0|93|1|0|
14|400|288|0|93|1|0|
14|402|192|0|93|1|0|
14|404|288|0|93|1|0|
14|415|192|0|93|1|0|
14|1491|672|0|93|1|0|
14|410|192|0|93|1|0|
14|394|192|0|93|1|0|
14|414|288|0|93|1|0|
14|394|192|0|93|1|0|
14|413|192|0|93|1|0|
14|406|192|0|93|1|0|
14|1656|864|0|93|1|0|
14|404|192|0|93|1|0|
14|394|192|0|93|1|0|
14|413|288|0|93|1|0|
14|392|192|0|93|1|0|
14|398|192|0|93|1|0|
14|406|192|0|93|1|0|
14|394|192|0|93|1|0|
14|405|288|0|93|1|0|
14|406|192|0|93|1|0|
14|410|192|0|93|1|0|
14|401|288|0|93|1|0|
14|408|192|0|93|1|0|
14|399|192|0|93|1|0|
14|395|192|0|93|1|0|
14|414|96|0|93|1|0|
14|397|192|0|93|1|0|
14|392|192|0|93|1|0|
14|405|192|0|93|1|0|
14|409|192|0|93|1|0|
14|397|192|0|93|1|0|
14|404|192|0|93|1|0|
14|406|192|0|91|1|0|
14|388|192|0|93|1|0|
14|401|288|0|93|1|0|
14|385|192|0|91|1|0|
14|405|288|0|93|1|0|
14|390|192|0|93|1|0|
14|397|192|0|93|1|0|
14|408|192|0|91|1|0|
14|410|192|0|93|1|0|
14|1733|864|0|93|1|0|
14|394|192|0|93|1|0|
14|1463|768|0|93|1|0|
14|393|192|0|93|1|0|
14|414|192|0|93|1|0|
14|399|192|0|93|1|0|
14|403|192|0|93|1|0|
14|407|192|0|93|1|0|
14|413|288|0|93|1|0|
14|408|192|0|93|1|0|
14|401|192|0|93|1|0|
14|397|192|0|93|1|0|
14|410|192|0|93|1|0|
14|411|192|0|93|1|0|
14|412|192|0|93|1|0|
14|412|192|0|93|1|0|
14|392|192|0|93|1|0|
14|412|192|0|93|1|0|
14|395|192|0|93|1|0|
14|397|192|0|93|1|0|
14|406|288|0|93|1|0|
14|390|192|0|93|1|0|
14|400|192|0|93|1|0|
14|392|192|0|93|1|0|
14|397|192|0|93|1|0|
14|398|192|0|93|1|0|
14|400|192|0|93|1|0|
14|396|288|0|93|1|0|
14|395|192|0|93|1|0|
14|396|192|0|93|1|0|
14|394|192|0|93|1|0|
14|405|192|0|93|1|0|
14|403|192|0|93|1|0|
14|398|192|0|93|1|0|
14|401|192|0|93|1|0|
14|404|192|0|93|1|0|
14|403|192|0|93|1|0|
14|2010|1056|0|93|1|0|
14|401|192|0|93|1|0|
14|413|192|0|93|1|0|
14|397|192|0|93|1|0|
14|413|192|0|93|1|0|
14|401|192|0|93|1|0|
14|397|288|0|93|1|0|
14|404|288|0|93|1|0|
14|410|192|0|93|1|0|
14|396|192|0|93|1|0|
14|408|288|0|93|1|0|
14|396|192|0|93|1|0|
14|410|192|0|93|1|0|
14|413|192|0|93|1|0|
14|412|192|0|93|1|0|
14|392|192|0|93|1|0|
14|408|192|0|93|1|0|
14|389|192|0|93|1|0|
14|412|192|0|93|1|0|
14|390|192|0|93|1|0|
14|400|288|0|93|1|0|
14|411|192|0|93|1|0|
14|400|192|0|93|1|0|
14|414|192|0|93|1|0|
14|393|192|0|93|1|0|
14|412|192|0|93|1|0|
14|403|192|0|93|1|0|
14|411|192|0|93|1|0|
14|405|192|0|93|1|0|
14|393|192|0|93|1|0|
14|404|192|0|93|1|0|
14|404|192|0|93|1|0|
14|398|192|0|93|1|0|
14|406|192|0|93|1|0|
14|399|192|0|93|1|0|
14|413|192|0|93|1|0|
14|406|192|0|93|1|0|
14|399|192|0|93|1|0|
14|408|192|0|93|1|0|
14|402|192|0|93|1|0|
14|406|192|0|91|1|0|
14|408|192|0|93|1|0|
14|400|192|0|93|1|0|
14|406|192|0|93|1|0|
14|413|192|0|93|1|0|
14|407|192|0|93|1|0|
14|412|192|0|93|1|0|
14|405|192|0|93|1|0|
14|396|192|0|93|1|0|
14|391|192|0|93|1|0|
14|395|192|0|93|1|0|
14|403|192|0|93|1|0|
14|407|288|0|93|1|0|
14|400|192|0|93|1|0|
14|404|192|0|93|1|0|
14|393|192|0|93|1|0|
14|402|192|0|93|1|0|
14|408|192|0|93|1|0|
14|415|192|0|93|1|0|
14|401|192|0|93|1|0|
14|391|192|0|93|1|0|
14|410|192|0|93|1|0|
14|402|192|0|93|1|0|
14|409|192|0|93|1|0|
14|409|288|0|93|1|0|
14|408|192|0|93|1|0|
14|1485|768|0|93|1|0|
14|397|192|0|93|1|0|
14|401|192|0|93|1|0|
14|401|192|0|93|1|0|
14|403|288|0|93|1|0|
14|398|192|0|93|1|0|
14|403|192|0|93|1|0|
14|396|192|0|93|1|0|
14|401|192|0|93|1|0|
14|396|192|0|93|1|0|
14|407|192|0|93|1|0|
14|415|192|0|93|1|0|
14|408|192|0|92|1|0|
14|416|192|0|93|1|0|
14|414|192|0|93|1|0|
14|399|192|0|93|1|0|
14|410|192|0|91|1|0|
14|391|192|0|93|1|0|
14|410|192|0|93|1|0|
14|410|192|0|93|1|0|
14|391|192|0|93|1|0|
14|410|192|0|93|1|0|
14|396|192|0|93|1|0|
14|393|192|0|93|1|0|
14|411|192|0|93|1|0|
14|395|192|0|93|1|0|
14|412|192|0|93|1|0|
14|390|288|0|93|1|0|
14|411|192|0|93|1|0|
14|388|192|0|93|1|0|
14|407|192|0|93|1|0|
14|406|192|0|93|1|0|
14|396|192|0|93|1|0|
14|402|192|0|93|1|0|
14|395|192|0|93|1|0|
14|399|192|0|91|1|0|
14|399|192|0|93|1|0|
14|407|192|0|93|1|0|
14|415|192|0|93|1|0|
14|403|192|0|93|1|0|
14|401|192|0|93|1|0|
14|2009|1056|0|93|1|0|
14|396|192|0|93|1|0|
14|398|192|0|93|1|0|
14|417|192|0|93|1|0|
14|413|192|0|93|1|0|
14|416|192|0|93|1|0|
14|407|288|0|93|1|0|
14|415|192|0|91|1|0|
14|396|192|0|93|1|0|
14|415|192|0|93|1|0|
14|394|192|0|93|1|0|
14|392|192|0|93|1|0|
14|414|288|0|93|1|0|
14|394|192|0|93|1|0|
14|391|192|0|93|1|0|
14|405|192|0|93|1|0|
14|395|192|0|93|1|0|
14|410|288|0|93|1|0|
14|394|192|0|93|1|0|
14|398|192|0|93|1|0|
14|409|192|0|335|1|0|
14|391|192|0|93|1|0|
14|610|384|0|341|1|0|
14|393|192|0|93|1|0|
14|607|288|0|342|1|0|
14|416|192|0|93|1|0|
14|415|192|0|338|1|0|
14|1762|960|0|93|1|0|
14|412|192|0|93|1|0|
14|412|192|0|336|1|0|
14|1328|672|0|93|1|0|
14|390|192|0|338|1|0|
14|611|384|0|342|1|0|
14|397|288|0|93|1|0|
14|410|192|0|93|1|0|
14|390|192|0|93|1|0|
14|619|288|0|341|1|0|
14|410|192|0|93|1|0|
14|608|288|0|343|1|0|
14|410|288|0|93|1|0|
14|621|288|0|339|1|0|
14|398|192|0|93|1|0|
14|603|288|0|340|1|0|
14|404|192|0|93|1|0|
14|407|192|0|93|1|0|
14|405|192|0|338|1|0|
14|405|288|0|93|1|0|
14|402|192|0|93|1|0|
14|405|288|0|93|1|0|
14|403|192|0|336|1|0|
14|407|192|0|93|1|0|
14|405|192|0|336|1|0|
14|408|192|0|93|1|0|
14|624|288|0|343|1|0|
14|408|192|0|93|1|0|
14|414|192|0|93|1|0|
14|403|192|0|93|1|0|
14|414|288|0|93|1|0|
14|395|192|0|93|1|0|
14|622|384|0|343|1|0|
14|408|288|0|93|1|0|
14|612|288|0|342|1|0|
14|407|288|0|93|1|0|
14|416|192|0|93|1|0|
14|388|288|0|93|1|0|
14|414|192|0|93|1|0|
14|400|192|0|93|1|0|
14|1908|960|0|336|1|0|
14|415|192|0|93|1|0|
14|397|192|0|340|1|0|
14|400|192|0|93|1|0|
14|396|192|0|93|1|0|
14|398|192|0|93|1|0|
14|400|288|0|93|1|0|
14|395|192|0|93|1|0|
14|392|192|0|93|1|0|
14|413|192|0|93|1|0|
14|385|192|0|92|1|0|
14|394|192|0|93|1|0|
14|405|192|0|93|1|0|
14|605|288|0|341|1|0|
14|389|192|0|93|1|0|
14|398|192|0|336|1|0|
14|392|288|0|93|1|0|
14|612|288|0|343|1|0|
14|405|288|0|93|1|0|
14|390|192|0|93|1|0|
14|391|192|0|334|1|0|
14|408|192|0|93|1|0|
14|392|192|0|93|1|0|
14|603|288|0|341|1|0|
14|387|192|0|91|1|0|
14|390|192|0|93|1|0|
14|400|192|0|93|1|0|
14|410|288|0|93|1|0|
14|391|288|0|93|1|0|
14|413|288|0|93|1|0|
14|391|192|0|93|1|0|
14|414|288|0|93|1|0|
14|401|288|0|93|1|0|
14|601|288|0|343|1|0|
14|404|192|0|93|1|0|
14|608|288|0|343|1|0|
14|399|192|0|93|1|0|
14|615|288|0|341|1|0|
14|413|192|0|93|1|0|
14|406|192|0|93|1|0|
14|411|192|0|93|1|0|
14|624|384|0|340|1|0|
14|601|288|0|343|1|0|
14|409|192|0|93|1|0|
14|2036|1056|0|93|1|0|
14|388|192|0|93|1|0|
14|412|288|0|93|1|0|
14|394|192|0|93|1|0|
14|408|192|0|93|1|0|
14|413|192|0|93|1|0|
14|390|192|0|93|1|0|
14|393|192|0|93|1|0|
14|408|192|0|93|1|0|
14|390|192|0|93|1|0|
14|405|288|0|93|1|0|
14|393|192|0|93|1|0|
14|405|192|0|93|1|0|
14|410|288|0|93|1|0|
14|392|192|0|338|1|0|
14|399|192|0|93|1|0|
14|402|192|0|93|1|0|
14|393|192|0|93|1|0|
14|410|288|0|93|1|0|
14|1473|768|0|93|1|0|
14|408|288|0|91|1|0|
14|403|192|0|93|1|0|
14|413|192|0|93|1|0|
14|420|288|0|338|1|0|
14|408|288|0|93|1|0|
14|624|288|0|343|1|0|
14|1945|1056|0|93|1|0|
14|393|192|0|93|1|0|
14|404|192|0|93|1|0|
14|397|192|0|93|1|0|
14|407|192|0|93|1|0|
14|402|192|0|93|1|0|
14|400|288|0|93|1|0|
14|413|192|0|93|1|0|
14|412|192|0|93|1|0|
14|396|192|0|93|1|0|
14|397|192|0|338|1|0|
14|399|192|0|93|1|0|
14|393|192|0|93|1|0|
14|402|192|0|93|1|0|
14|399|192|0|93|1|0|
14|402|192|0|93|1|0|
14|610|384|0|342|1|0|
14|402|192|0|93|1|0|
14|413|192|0|93|1|0|
14|608|288|0|341|1|0|
14|413|192|0|93|1|0|
14|626|288|0|342|1|0|
14|406|288|0|91|1|0|
14|402|192|0|93|1|0|
14|408|192|0|93|1|0|
14|683|288|0|93|1|0|
14|416|192|0|338|1|0|
14|410|192|0|93|1|0|
14|399|192|0|341|1|0|
14|392|192|0|93|1|0|
14|395|192|0|93|1|0|
14|401|192|0|93|1|0|
14|399|192|0|93|1|0|
14|414|192|0|93|1|0|
14|627|288|0|346|1|0|
14|409|192|0|91|1|0|
14|622|288|0|346|1|0|
14|395|192|0|93|1|0|
14|406|192|0|338|1|0|
14|401|192|0|93|1|0|
14|393|192|0|336|1|0|
14|403|288|0|93|1|0|
14|394|192|0|93|1|0|
14|410|192|0|93|1|0|
14|1680|864|0|337|1|0|
14|1455|672|0|93|1|0|
14|408|192|0|335|1|0|
14|1032|480|0|93|1|0|
14|392|192|0|93|1|0|
14|606|288|0|342|1|0|
14|400|192|0|93|1|0|
14|418|192|0|337|1|0|
14|393|192|0|91|1|0|
14|409|192|0|93|1|0|
14|419|192|0|336|1|0|
14|404|192|0|93|1|0|
14|406|288|0|93|1|0|
14|407|288|0|91|1|0|
14|398|192|0|336|1|0|
14|395|192|0|93|1|0|
14|626|288|0|343|1|0|
14|412|192|0|93|1|0|
14|412|192|0|93|1|0|
14|411|192|0|93|1|0|
14|601|288|0|342|1|0|
14|410|192|0|93|1|0|
14|622|384|0|341|1|0|
14|391|192|0|93|1|0|
14|394|192|0|93|1|0|
14|394|192|0|93|1|0|
14|612|288|0|341|1|0|
14|390|192|0|93|1|0|
14|400|192|0|93|1|0|
14|409|192|0|93|1|0|
14|611|288|0|343|1|0|
14|406|192|0|93|1|0|
14|409|192|0|338|1|0|
14|408|192|0|93|1|0|
14|396|192|0|93|1|0|
14|410|192|0|93|1|0|
14|400|192|0|93|1|0|
14|413|192|0|338|1|0|
14|402|192|0|93|1|0|
14|412|192|0|93|1|0|
14|613|288|0|343|1|0|
14|399|192|0|91|1|0|
14|402|192|0|93|1|0|
14|392|192|0|93|1|0|
14|416|288|0|93|1|0|
14|395|192|0|336|1|0|
14|1515|672|0|93|1|0|
14|417|192|0|336|1|0|
14|399|192|0|93|1|0|
14|415|192|0|93|1|0|
14|403|288|0|93|1|0|
14|418|192|0|335|1|0|
14|412|192|0|93|1|0|
14|399|192|0|93|1|0|
14|416|192|0|93|1|0|
14|398|192|0|93|1|0|
14|612|288|0|343|1|0|
14|397|192|0|93|1|0|
14|396|192|0|93|1|0|
14|394|192|0|93|1|0|
14|400|192|0|93|1|0|
14|397|192|0|93|1|0|
14|391|192|0|93|1|0|
14|401|192|0|93|1|0|
14|393|192|0|93|1|0|
14|399|192|0|338|1|0|
14|404|192|0|93|1|0|
14|399|192|0|338|1|0|
14|404|192|0|93|1|0|
14|414|192|0|93|1|0|
14|394|192|0|93|1|0|
14|402|192|0|93|1|0|
14|392|288|0|93|1|0|
14|402|192|0|93|1|0|
14|412|192|0|93|1|0|
14|393|192|0|93|1|0|
14|409|192|0|93|1|0|
14|405|192|0|336|1|0|
14|398|192|0|93|1|0|
14|402|192|0|93|1|0|
14|408|192|0|93|1|0|
14|610|288|0|344|1|0|
14|411|192|0|93|1|0|
14|401|192|0|338|1|0|
14|384|192|0|93|1|0|
14|391|192|0|91|1|0|
14|396|192|0|336|1|0|
14|410|288|0|93|1|0|
14|400|192|0|337|1|0|
14|413|192|0|93|1|0|
14|396|192|0|93|1|0|
14|411|192|0|93|1|0|
14|398|192|0|93|1|0|
14|617|288|0|341|1|0|
14|406|192|0|93|1|0|
14|396|192|0|91|1|0|
14|404|192|0|93|1|0|
14|626|288|0|341|1|0|
14|410|192|0|93|1|0|
14|410|192|0|93|1|0|
14|412|192|0|93|1|0|
14|391|192|0|93|1|0|
14|409|192|0|93|1|0|
14|694|288|0|93|1|0|
14|407|192|0|337|1|0|
14|401|192|0|93|1|0|
14|394|192|0|93|1|0|
14|407|192|0|93|1|0|
14|396|192|0|93|1|0|
14|401|288|0|93|1|0|
14|390|192|0|93|1|0|
14|606|288|0|345|1|0|
14|387|192|0|93|1|0|
14|606|288|0|343|1|0|
14|410|288|0|93|1|0|
14|395|192|0|93|1|0|
14|404|192|0|93|1|0|
14|615|288|0|341|1|0|
14|391|192|0|93|1|0|
