INSTRUCTIONS_RETIRED|CYCLES|UNKNOWN|LD_BLOCKS.STORE_FORWARD|UOPS_EXECUTED.THREAD|BR_MISP_RETIRED.ALL_BRANCHES|UOPS_ISSUED.SINGLE_MUL|
14|396|192|0|1454|3|0|
14|384|192|0|1448|2|0|
14|380|192|0|1459|3|0|
14|402|192|0|1685|6|0|
14|385|192|0|1441|2|0|
14|398|192|0|1440|3|0|
14|398|192|0|1446|6|0|
14|383|192|0|1451|2|0|
14|401|288|0|1460|5|0|
14|380|192|0|1441|2|0|
14|400|192|0|1453|6|0|
14|394|192|0|1695|6|0|
14|397|288|0|1471|2|0|
14|379|192|0|1462|6|0|
14|581|288|0|1443|6|0|
14|363|192|0|1454|3|0|
14|374|192|0|1464|6|0|
14|1095|480|0|1442|3|0|
14|391|192|0|1461|3|0|
14|386|192|0|1446|6|0|
14|380|192|0|1461|3|0|
14|384|192|0|1441|2|0|
14|363|192|0|1451|5|0|
14|389|192|0|1456|4|0|
14|386|192|0|1460|6|0|
14|373|192|0|1455|2|0|
14|738|384|0|1444|6|0|
14|378|192|0|1445|3|0|
14|386|192|0|1445|5|0|
14|386|192|0|1442|2|0|
14|391|192|0|1445|6|0|
14|384|192|0|1455|3|0|
14|580|384|0|1456|6|0|
14|388|192|0|1444|6|0|
14|384|192|0|1445|6|0|
14|384|192|0|1451|2|0|
14|594|384|0|1453|6|0|
14|356|192|0|1452|6|0|
14|377|192|0|1471|2|0|
14|867|480|0|1453|6|0|
14|1297|672|0|1452|6|0|
14|393|192|0|1453|6|0|
14|353|192|0|1457|3|0|
14|385|192|0|1457|2|0|
14|371|192|0|1449|5|0|
14|385|192|0|1449|5|0|
14|341|192|0|1449|2|0|
14|396|288|0|1451|6|0|
14|372|192|0|1441|3|0|
14|875|480|0|1443|6|0|
14|605|384|0|1443|6|0|
14|692|384|0|1450|3|0|
14|368|192|0|1446|2|0|
14|609|384|0|1445|6|0|
14|382|192|0|1443|2|0|
14|417|192|1|9774|121|0|
14|370|192|0|1441|2|0|
14|374|192|0|1444|6|0|
14|391|288|0|1442|3|0|
14|604|384|0|1447|6|0|
14|390|288|0|1445|5|0|
14|603|384|0|1447|6|0|
14|388|192|0|1445|5|0|
14|374|192|0|1441|2|0|
14|388|96|0|1442|3|0|
14|394|192|0|1454|2|0|
14|388|192|0|1464|6|0|
14|391|192|0|1442|3|0|
14|380|96|0|1450|6|0|
14|389|192|0|1446|3|0|
14|410|288|0|1445|6|0|
14|397|192|0|1440|3|0|
14|1002|576|0|1441|2|0|
14|376|192|0|1444|5|0|
14|398|192|0|1471|2|0|
14|392|288|0|1454|6|0|
14|349|192|0|1442|3|0|
14|381|192|0|1445|6|0|
14|392|192|0|1441|3|0|
14|385|288|0|1459|2|0|
14|396|192|0|1457|3|0|
14|384|192|0|1450|2|0|
14|443|288|0|1447|6|0|
14|390|288|0|1440|3|0|
14|402|192|0|1447|6|0|
14|390|192|0|1440|2|0|
14|392|192|0|1447|6|0|
14|398|192|0|1442|3|0|
14|600|288|0|1465|6|0|
14|406|192|0|1443|5|0|
14|382|192|0|1439|2|0|
14|389|192|0|1444|5|0|
14|388|192|0|1440|3|0|
14|399|288|0|1452|6|0|
14|390|192|0|1443|3|0|
14|388|192|0|1446|6|0|
14|598|384|0|1455|6|0|
14|384|192|0|1452|5|0|
14|402|192|0|1448|2|0|
14|405|192|0|1445|3|0|
14|1288|672|0|1452|6|0|
14|396|192|0|1452|3|0|
14|379|192|0|1456|6|0|
14|395|192|0|1440|2|0|
14|400|192|0|1444|6|0|
14|391|192|0|1440|3|0|
14|395|192|0|1451|6|0|
14|392|192|0|1451|3|0|
14|611|288|0|1504|6|0|
14|396|288|0|1442|5|0|
14|607|288|0|1450|6|0|
14|397|192|0|1441|3|0|
14|389|192|0|1441|3|0|
14|407|192|0|1451|6|0|
14|383|192|0|1440|3|0|
14|414|288|0|1439|2|0|
14|385|192|0|1439|3|0|
14|402|192|0|1443|2|0|
14|409|288|0|1442|3|0|
14|406|192|0|1450|3|0|
14|405|192|0|1449|6|0|
14|405|192|0|1449|3|0|
14|403|192|0|1450|6|0|
14|387|192|0|1446|3|0|
14|620|384|0|1452|6|0|
14|405|192|0|1445|6|0|
14|405|192|0|1442|5|0|
14|408|192|0|1444|3|0|
14|394|192|0|1442|4|0|
14|354|96|0|1438|2|0|
14|373|192|0|1454|6|0|
14|410|192|0|1452|3|0|
14|373|288|0|1445|6|0|
14|403|192|0|1442|3|0|
14|385|192|0|1445|6|0|
14|388|288|0|1461|3|0|
14|374|192|0|1711|6|0|
14|380|192|0|1456|5|0|
14|394|192|0|1444|3|0|
14|378|192|0|1690|6|0|
14|401|192|0|1705|6|0|
14|401|192|0|1467|6|0|
14|401|192|0|1699|6|0|
14|390|192|0|1461|3|0|
14|389|192|0|1708|6|0|
14|405|192|0|1459|3|0|
14|395|192|0|1685|6|0|
14|398|192|0|1447|5|0|
14|407|192|0|1437|2|0|
14|383|192|0|1707|6|0|
14|390|192|0|1442|2|0|
14|401|192|0|1448|5|0|
14|386|288|0|1440|2|0|
14|386|192|0|1446|6|0|
14|1373|672|0|1444|3|0|
14|403|192|0|1444|3|0|
14|405|192|0|1442|3|0|
14|387|192|0|1706|6|0|
14|381|192|0|1459|3|0|
14|389|192|0|1459|2|0|
14|385|192|0|1441|3|0|
14|405|192|0|1715|6|0|
14|387|192|0|1442|3|0|
14|403|192|0|1713|6|0|
14|384|192|0|1458|3|0|
14|396|288|0|1709|6|0|
14|393|192|0|1457|3|0|
14|403|192|0|1690|6|0|
14|347|288|0|1444|5|0|
14|398|192|0|1443|3|0|
14|391|192|0|1441|3|0|
14|399|192|0|1713|6|0|
14|393|192|0|1448|5|0|
14|402|192|0|1697|6|0|
14|382|192|0|1450|5|0|
14|381|192|0|1701|6|0|
14|401|192|0|1452|6|0|
14|381|192|0|1451|3|0|
14|402|192|0|1452|6|0|
14|394|288|0|1695|6|0|
14|1760|960|0|1448|3|0|
14|393|192|0|1441|2|0|
14|403|192|0|1723|6|0|
14|377|192|0|1451|2|0|
14|407|192|0|1451|5|0|
14|380|192|0|1441|2|0|
14|389|192|0|1446|4|0|
14|384|192|0|1721|6|0|
14|404|192|0|1440|2|0|
14|381|192|0|1444|3|0|
14|381|192|0|1445|5|0|
14|377|192|0|1452|2|0|
14|393|192|0|1444|5|0|
14|384|192|0|1440|3|0|
14|400|192|0|1441|2|0|
14|399|288|0|1460|6|0|
14|387|192|0|1692|6|0|
14|387|192|0|1445|6|0|
14|386|96|0|1686|6|0|
14|385|192|0|1441|3|0|
14|402|288|0|1445|3|0|
14|401|192|0|1442|3|0|
14|385|192|0|1707|6|0|
14|407|192|0|1520|3|0|
14|404|192|0|1446|5|0|
14|392|192|0|1443|3|0|
14|407|192|0|1463|3|0|
14|388|288|0|1704|6|0|
14|409|192|0|1461|4|0|
14|367|192|0|1703|6|0|
14|354|192|0|1707|6|0|
14|396|192|0|1443|3|0|
14|653|384|0|1448|6|0|
14|373|192|0|1443|3|0|
14|394|192|0|1456|3|0|
14|407|192|0|1460|6|0|
14|390|192|0|1441|3|0|
14|409|192|0|1455|6|0|
14|591|288|0|1446|6|0|
14|368|192|0|1499|2|0|
14|399|192|0|1463|6|0|
14|410|192|0|1469|2|0|
14|390|192|0|1446|6|0|
14|410|192|0|1443|3|0|
14|617|288|0|1454|6|0|
14|392|192|0|1473|5|0|
14|614|288|0|1443|6|0|
14|398|288|0|1456|2|0|
14|405|192|0|1459|4|0|
14|616|384|0|1445|6|0|
14|403|288|0|1444|3|0|
14|391|192|0|1458|6|0|
14|401|192|0|1442|3|0|
14|398|192|0|1456|2|0|
14|387|192|0|1457|4|0|
14|1651|960|0|1452|2|0|
14|409|192|0|1442|3|0|
14|407|192|0|1446|6|0|
14|396|192|0|1452|3|0|
14|403|192|0|1718|6|0|
14|383|192|0|1448|3|0|
14|408|192|0|1446|6|0|
14|403|192|0|1441|3|0|
14|387|192|0|1449|5|0|
14|386|192|0|1446|2|0|
14|655|288|0|1452|6|0|
14|388|192|0|1458|2|0|
14|403|192|0|1701|6|0|
14|388|192|0|1461|3|0|
14|1958|1056|0|1692|6|0|
14|404|288|0|1442|3|0|
14|404|192|0|1719|6|0|
14|385|288|0|1513|3|0|
14|406|288|0|1504|6|0|
14|388|192|0|1453|3|0|
14|405|192|0|1699|6|0|
14|387|192|0|1444|2|0|
14|1218|672|0|1695|6|0|
14|399|192|0|1441|3|0|
14|384|192|0|1442|3|0|
14|1390|768|0|1442|3|0|
14|391|288|0|1446|5|0|
14|389|192|0|1442|3|0|
14|405|192|0|1441|3|0|
14|386|288|0|1458|5|0|
14|411|192|0|1447|3|0|
14|873|480|0|1697|6|0|
14|409|192|0|1452|5|0|
14|399|192|0|1449|2|0|
14|397|192|0|1450|5|0|
14|407|192|0|1443|3|0|
14|394|192|0|1441|5|0|
14|388|192|0|1461|2|0|
14|355|192|0|1754|6|0|
14|426|192|0|1458|3|0|
14|345|192|0|1713|6|0|
14|450|288|0|1447|6|0|
14|343|192|0|1458|3|0|
14|397|192|0|1692|6|0|
14|408|192|0|1462|5|0|
14|406|192|0|1444|2|0|
14|389|192|0|1716|6|0|
14|386|288|0|1449|2|0|
14|396|192|0|1715|6|0|
14|396|288|0|1447|3|0|
14|398|192|0|1707|6|0|
14|395|192|0|1502|3|0|
14|392|288|0|1708|6|0|
14|401|192|0|1439|3|0|
14|391|192|0|1687|6|0|
14|399|192|0|1458|3|0|
14|381|192|0|1698|6|0|
14|401|192|0|1448|3|0|
14|411|192|0|1445|6|0|
14|390|288|0|1448|2|0|
14|409|288|0|1453|6|0|
14|396|288|0|1696|6|0|
14|379|192|0|1445|6|0|
14|406|192|0|1712|6|0|
14|393|192|0|1502|6|0|
14|407|192|0|1691|6|0|
14|392|288|0|1439|2|0|
14|401|288|0|1445|5|0|
14|389|192|0|1438|2|0|
14|402|192|0|1444|5|0|
14|398|192|0|1690|6|0|
14|399|192|0|1444|3|0|
14|391|192|0|1716|6|0|
14|396|192|0|1453|3|0|
14|408|192|0|1475|4|0|
14|395|192|0|1688|6|0|
14|406|192|0|1440|3|0|
14|383|192|0|1444|6|0|
14|404|192|0|1439|2|0|
14|393|192|0|1455|5|0|
14|402|192|0|1454|5|0|
14|388|288|0|1449|2|0|
14|387|192|0|1509|6|0|
14|408|288|0|1725|6|0|
14|390|192|0|1452|2|0|
14|387|192|0|1444|6|0|
14|397|192|0|1443|3|0|
14|387|192|0|1456|3|0|
14|387|192|0|1439|2|0|
14|385|192|0|1458|3|0|
14|399|192|0|1494|2|0|
14|397|288|0|1457|6|0|
14|387|192|0|1448|2|0|
14|397|288|0|1687|6|0|
14|396|192|0|1441|3|0|
14|400|192|0|1441|2|0|
14|398|192|0|1441|5|0|
14|410|192|0|1470|2|0|
14|401|192|0|1448|3|0|
14|404|192|0|1697|6|0|
14|403|288|0|1451|3|0|
14|399|192|0|1453|6|0|
14|401|288|0|1458|2|0|
14|407|288|0|1450|3|0|
14|389|192|0|1453|3|0|
14|407|192|0|1455|4|0|
14|409|192|0|1459|5|0|
14|371|192|0|1500|2|0|
14|407|192|0|1742|6|0|
14|400|192|0|1456|3|0|
14|410|192|0|1459|5|0|
14|400|288|0|1695|6|0|
14|383|192|0|1450|3|0|
14|398|192|0|1476|4|0|
14|385|192|0|1458|2|0|
14|387|192|0|1694|6|0|
14|400|192|0|1441|2|0|
14|396|192|0|1443|6|0|
14|396|192|0|1440|2|0|
14|408|288|0|1442|5|0|
14|394|192|0|1441|3|0|
14|390|192|0|1446|5|0|
14|389|192|0|1442|3|0|
14|354|192|0|1443|3|0|
14|382|192|0|1464|6|0|
14|409|192|0|1461|2|0|
14|407|192|0|1455|3|0|
14|400|96|0|1705|6|0|
14|389|192|0|1458|3|0|
14|404|192|0|1708|6|0|
14|392|192|0|1449|2|0|
14|394|192|0|1721|6|0|
14|400|192|0|1462|5|0|
14|392|192|0|1510|3|0|
14|385|192|0|1518|5|0|
14|397|192|0|1444|2|0|
14|401|192|0|1447|3|0|
14|400|288|0|1724|6|0|
14|402|192|0|1452|6|0|
14|393|192|0|1453|2|0|
14|406|192|0|1441|4|0|
14|393|192|0|1441|2|0|
14|410|192|0|1445|6|0|
14|407|192|0|1706|6|0|
14|406|192|0|1443|5|0|
14|385|192|0|1452|2|0|
14|397|192|0|1439|2|0|
14|384|192|0|1459|3|0|
14|408|192|0|1712|6|0|
14|393|192|0|1449|2|0|
14|413|288|0|1709|6|0|
14|391|192|0|1470|3|0|
14|384|192|0|1438|2|0|
14|409|192|0|1500|6|0|
14|384|192|0|1693|6|0|
14|383|192|0|1463|3|0|
14|393|192|0|1460|3|0|
14|397|192|0|1718|6|0|
14|400|192|0|1447|3|0|
14|391|192|0|1446|6|0|
14|391|192|0|1443|3|0|
14|399|192|0|1688|6|0|
14|401|192|0|1452|2|0|
14|404|192|0|1458|3|0|
14|405|192|0|1507|2|0|
14|409|192|0|1444|5|0|
14|387|96|0|1443|3|0|
14|387|192|0|1445|5|0|
14|399|288|0|1459|2|0|
14|400|192|0|1702|6|0|
14|379|192|0|1438|2|0|
14|399|192|0|1456|3|0|
14|395|288|0|1712|6|0|
14|392|192|0|1461|5|0|
14|391|192|0|1702|6|0|
14|384|192|0|1463|3|0|
14|384|192|0|1456|2|0|
14|404|192|0|1719|6|0|
14|380|192|0|1458|2|0|
14|390|192|0|1719|6|0|
14|386|288|0|1475|3|0|
14|984|480|0|1503|6|0|
14|381|192|0|1452|3|0|
14|388|288|0|1754|6|0|
14|377|192|0|1440|2|0|
14|402|288|0|1462|6|0|
14|389|192|0|1471|3|0|
14|398|192|0|1455|5|0|
14|389|192|0|1696|6|0|
14|402|192|0|1454|5|0|
14|399|192|0|1453|2|0|
14|396|192|0|1445|6|0|
14|396|288|0|1452|3|0|
14|380|192|0|1457|3|0|
14|393|192|0|1686|6|0|
14|396|192|0|1440|2|0|
14|389|192|0|1446|6|0|
14|399|192|0|1444|2|0|
14|382|96|0|1689|6|0|
14|399|192|0|1460|3|0|
14|394|192|0|1447|6|0|
14|384|192|0|1691|6|0|
14|398|192|0|1445|6|0|
14|382|192|0|1713|6|0|
14|398|288|0|1452|3|0|
14|386|192|0|1462|6|0|
14|396|192|0|1442|3|0|
14|389|192|0|1441|3|0|
14|388|192|0|1460|2|0|
14|386|192|0|1692|6|0|
14|385|192|0|1443|3|0|
14|388|192|0|1705|6|0|
14|399|288|0|1460|3|0|
14|400|288|0|1702|6|0|
14|399|192|0|1459|6|0|
14|383|192|0|1457|2|0|
14|402|192|0|1453|6|0|
14|381|192|0|1704|6|0|
14|396|192|0|1454|3|0|
14|381|192|0|1452|3|0|
14|386|192|0|1457|3|0|
14|385|288|0|1458|2|0|
14|390|192|0|1710|6|0|
14|401|192|0|1496|5|0|
14|391|192|0|1691|6|0|
14|387|192|0|1443|3|0|
14|399|288|0|1689|6|0|
14|391|192|0|1442|3|0|
14|395|192|0|1439|2|0|
14|392|192|0|1443|3|0|
14|390|192|0|1693|6|0|
14|387|192|0|1460|3|0|
14|404|288|0|1711|6|0|
14|1678|864|0|1442|3|0|
14|401|192|0|1467|5|0|
14|391|192|0|1470|3|0|
14|386|192|0|1461|5|0|
14|401|192|0|1457|2|0|
14|383|192|0|1443|6|0|
14|390|192|0|1441|3|0|
14|381|192|0|1694|6|0|
14|398|192|0|1445|3|0|
14|381|192|0|1707|6|0|
14|398|192|0|1474|3|0|
14|386|192|0|1449|3|0|
14|404|192|0|1438|2|0|
14|386|288|0|1445|6|0|
14|396|192|0|1442|3|0|
14|393|288|0|1703|6|0|
14|385|288|0|1441|2|0|
14|408|288|0|1461|5|0|
14|394|192|0|1444|3|0|
14|400|192|0|1698|6|0|
14|381|192|0|1444|5|0|
14|404|288|0|1456|4|0|
14|379|192|0|1455|5|0|
14|403|192|0|1447|2|0|
14|379|192|0|1451|5|0|
14|402|192|0|1450|3|0|
14|395|192|0|1445|6|0|
14|395|192|0|1440|2|0|
14|404|192|0|1445|5|0|
14|395|192|0|1686|6|0|
14|393|192|0|1453|2|0|
14|393|192|0|1711|6|0|
14|399|192|0|1460|3|0|
14|395|192|0|1705|6|0|
14|384|192|0|1500|3|0|
14|387|192|0|1691|6|0|
14|447|192|0|1464|3|0|
14|393|192|0|1708|6|0|
14|396|192|0|1461|3|0|
14|404|192|0|1444|5|0|
14|386|192|0|1460|2|0|
14|384|192|0|1502|5|0|
14|394|192|0|1499|3|0|
14|375|288|0|1445|6|0|
14|383|192|0|1459|3|0|
14|377|192|0|1442|5|0|
14|389|192|0|1442|3|0|
14|400|192|0|1455|6|0|
14|379|192|0|1448|2|0|
14|391|192|0|1445|2|0|
14|386|192|0|1693|6|0|
14|385|192|0|1443|3|0|
14|1113|576|0|1440|3|0|
14|403|192|0|1704|6|0|
14|394|192|0|1452|5|0|
14|386|192|0|1701|7|0|
14|382|192|0|1456|3|0|
14|398|192|0|1462|5|0|
14|399|192|0|1442|3|0|
14|387|192|0|1702|6|0|
14|394|192|0|1442|3|0|
14|402|288|0|1463|4|0|
14|383|192|0|1441|2|0|
14|384|192|0|1465|6|0|
14|381|192|0|1440|3|0|
14|383|192|0|1445|3|0|
14|383|192|0|1708|6|0|
14|389|192|0|1446|6|0|
14|394|288|0|1458|2|0|
14|382|192|0|1695|6|0|
14|382|192|0|1453|3|0|
14|388|192|0|1738|6|0|
14|385|192|0|1459|3|0|
14|387|192|0|1702|6|0|
14|346|192|0|1519|3|0|
14|1932|960|0|1750|6|0|
14|379|192|0|1444|3|0|
14|399|192|0|1444|5|0|
14|394|192|0|1442|3|0|
14|401|192|0|1690|6|0|
14|395|192|0|1447|2|0|
14|391|192|0|1458|6|0|
14|396|192|0|1438|2|0|
14|392|192|0|1446|5|0|
14|398|192|0|1451|5|0|
14|400|192|0|1445|2|0|
14|393|192|0|1452|3|0|
14|1780|864|0|1691|6|0|
14|398|288|0|1439|2|0|
14|396|288|0|1443|5|0|
14|385|192|0|1439|2|0|
14|399|192|0|1446|6|0|
14|401|192|0|1692|6|0|
14|407|192|0|1442|3|0|
14|402|192|0|1688|6|0|
14|397|192|0|1440|3|0|
14|400|192|0|1447|3|0|
14|405|192|0|1449|5|0|
14|396|192|0|1714|6|0|
14|388|192|0|1476|5|0|
14|399|192|0|1704|6|0|
14|404|192|0|1443|3|0|
14|399|192|0|1441|3|0|
14|404|192|0|1445|3|0|
14|377|96|0|1686|6|0|
14|393|192|0|1452|2|0|
14|403|288|0|1479|6|0|
14|377|192|0|1442|2|0|
14|378|192|0|1687|6|0|
14|381|192|0|1457|6|0|
14|379|192|0|1451|3|0|
14|398|288|0|1708|6|0|
14|382|192|0|1462|3|0|
14|378|192|0|1458|3|0|
14|388|192|0|1450|2|0|
14|380|192|0|1463|6|0|
14|400|192|0|1496|2|0|
14|381|192|0|1477|6|0|
14|383|192|0|1455|2|0|
14|1567|768|0|1444|5|0|
14|392|192|0|1451|2|0|
14|386|192|0|1456|3|0|
14|391|288|0|1455|4|0|
14|378|192|0|1439|2|0|
14|391|192|0|1448|5|0|
14|392|192|0|1452|3|0|
14|378|192|0|1454|3|0|
14|398|192|0|1475|3|0|
14|377|192|0|1709|6|0|
14|395|192|0|1462|3|0|
14|380|96|0|1719|6|0|
14|380|192|0|1444|3|0|
14|382|192|0|1456|6|0|
14|377|192|0|1457|3|0|
14|386|192|0|1689|6|0|
14|376|192|0|1440|2|0|
14|1183|672|0|1443|5|0|
14|506|288|0|1455|2|0|
14|404|192|0|1453|6|0|
14|383|288|0|1442|3|0|
14|392|192|0|1470|2|0|
14|407|288|0|1447|3|0|
14|394|192|0|1704|6|0|
14|405|192|0|1448|3|0|
14|382|192|0|1701|6|0|
14|396|192|0|1706|6|0|
14|396|192|0|1465|6|0|
14|394|192|0|1453|2|0|
14|386|192|0|1444|3|0|
14|398|192|0|1453|6|0|
14|396|288|0|1704|6|0|
14|394|192|0|1466|5|0|
14|397|192|0|1452|3|0|
14|396|192|0|1463|6|0|
14|397|192|0|1693|6|0|
14|404|192|0|1444|3|0|
14|1924|1056|0|1439|2|0|
14|395|192|0|1690|6|0|
14|402|192|0|1451|3|0|
14|386|192|0|1440|2|0|
14|388|288|0|1444|5|0|
14|381|192|0|1462|2|0|
14|389|192|0|1463|6|0|
14|386|192|0|1453|2|0|
14|398|192|0|1463|6|0|
14|385|192|0|1459|2|0|
14|403|192|0|1462|6|0|
14|381|192|0|1454|5|0|
14|399|192|0|1450|3|0|
14|383|192|0|1461|5|0|
14|979|480|0|1440|3|0|
14|378|192|0|1441|3|0|
14|381|192|0|1442|5|0|
14|396|192|0|1440|3|0|
14|380|192|0|1688|6|0|
14|393|192|0|1461|2|0|
14|387|288|0|1510|2|0|
14|395|192|0|1451|3|0|
14|394|192|0|1463|3|0|
14|384|192|0|1460|6|0|
14|404|192|0|1705|6|0|
14|377|192|0|1449|3|0|
14|402|192|0|1694|6|0|
14|379|192|0|1442|5|0|
14|399|192|0|1458|3|0|
14|380|288|0|1521|6|0|
14|1935|1056|0|1472|3|0|
14|379|192|0|1688|6|0|
14|381|192|0|1454|6|0|
14|402|192|0|1710|6|0|
14|382|192|0|1503|5|0|
14|401|192|0|1702|6|0|
14|399|192|0|1474|3|0|
14|399|288|0|1705|6|0|
14|398|192|0|1447|3|0|
14|385|192|0|1451|4|0|
14|399|192|0|1470|3|0|
14|399|192|0|1451|3|0|
14|402|288|0|1449|5|0|
14|390|288|0|1721|6|0|
14|378|192|0|1457|6|0|
14|388|192|0|1441|3|0|
14|391|192|0|1704|6|0|
14|387|192|0|1455|2|0|
14|399|192|0|1456|6|0|
14|389|192|0|1472|3|0|
14|397|192|0|1720|6|0|
14|404|192|0|1453|2|0|
14|407|288|0|1450|6|0|
14|395|192|0|1692|6|0|
14|398|192|0|1446|5|0|
14|381|192|0|1443|3|0|
14|397|192|0|1451|3|0|
14|405|288|0|1698|6|0|
14|395|192|0|1455|6|0|
14|397|288|0|1449|3|0|
14|384|192|0|1717|6|0|
14|395|192|0|1452|3|0|
14|398|192|0|1705|6|0|
14|378|192|0|1465|3|0|
14|378|192|0|1708|6|0|
14|399|192|0|1458|3|0|
14|395|192|0|1723|6|0|
14|401|192|0|1457|3|0|
14|393|192|0|1458|2|0|
14|393|192|0|1450|4|0|
14|387|192|0|1448|2|0|
14|388|192|0|1448|5|0|
14|392|192|0|1439|2|0|
14|388|192|0|1455|3|0|
14|402|192|0|1458|3|0|
14|387|192|0|1460|6|0|
14|398|192|0|1440|3|0|
14|402|288|0|1446|6|0|
14|399|192|0|1705|6|0|
14|401|192|0|1458|3|0|
14|392|192|0|1692|6|0|
14|1930|960|0|1439|2|0|
14|400|192|0|1708|6|0|
14|381|192|0|1452|6|0|
14|402|288|0|1447|2|0|
14|392|288|0|1440|3|0|
14|397|288|0|1707|6|0|
14|397|192|0|1719|6|0|
14|393|192|0|1461|6|0|
14|396|192|0|1453|3|0|
14|389|288|0|1457|5|0|
14|402|192|0|1703|6|0|
14|405|192|0|1441|3|0|
14|389|192|0|1690|6|0|
14|402|192|0|1453|3|0|
14|395|192|0|1700|6|0|
14|407|192|0|1447|3|0|
14|390|192|0|1695|6|0|
14|403|288|0|1460|3|0|
14|382|96|0|1687|6|0|
14|385|192|0|1453|3|0|
14|405|192|0|1691|6|0|
14|391|192|0|1443|3|0|
14|393|288|0|1513|2|0|
14|399|192|0|1450|6|0|
14|1803|960|0|1697|6|0|
14|383|192|0|1440|3|0|
14|394|192|0|1698|6|0|
14|384|192|0|1458|3|0|
14|393|192|0|1714|6|0|
14|386|192|0|1451|2|0|
14|382|192|0|1526|6|0|
14|383|192|0|1516|3|0|
14|391|192|0|1451|6|0|
14|404|192|0|1698|6|0|
14|391|192|0|1461|3|0|
14|387|192|0|1443|2|0|
14|402|192|0|1446|6|0|
14|378|192|0|1709|6|0|
14|401|192|0|1476|3|0|
14|382|192|0|1705|6|0|
14|391|192|0|1477|6|0|
14|402|192|0|1457|2|0|
14|380|192|0|1462|4|0|
14|392|192|0|1460|2|0|
14|379|192|0|1708|6|0|
14|393|192|0|1456|2|0|
14|391|96|0|1709|6|0|
14|1553|768|0|1473|3|0|
14|394|192|0|1723|6|0|
14|396|192|0|1453|3|0|
14|387|192|0|1709|6|0|
14|401|192|0|1468|3|0|
14|389|192|0|1686|6|0|
14|378|192|0|1442|2|0|
14|397|192|0|1704|6|0|
14|1153|576|0|1457|2|0|
14|400|192|0|1708|6|0|
14|386|192|0|1459|3|0|
14|388|288|0|1446|5|0|
14|401|288|0|1691|6|0|
14|383|192|0|1457|2|0|
14|379|192|0|1443|3|0|
14|384|192|0|1439|2|0|
14|385|288|0|1446|6|0|
14|387|288|0|1441|2|0|
14|402|192|0|1442|5|0|
14|396|192|0|1457|2|0|
14|643|288|0|1471|2|0|
14|395|288|0|1462|6|0|
14|383|192|0|1709|6|0|
14|402|192|0|1459|2|0|
14|384|192|0|1523|6|0|
14|398|192|0|1442|2|0|
14|397|288|0|1462|6|0|
14|398|288|0|1441|2|0|
14|408|288|0|1442|5|0|
14|386|192|0|1690|6|0|
14|377|192|0|1447|6|0|
14|382|192|0|1440|2|0|
14|401|288|0|1455|3|0|
14|387|192|0|1687|6|0|
14|403|192|0|1439|2|0|
14|397|192|0|1703|6|0|
14|392|96|0|1454|3|0|
14|388|192|0|1766|6|0|
14|393|192|0|1497|2|0|
14|399|192|0|1498|3|0|
14|394|288|0|1473|5|0|
14|384|192|0|1440|3|0|
14|391|192|0|1442|2|0|
14|383|192|0|1453|6|0|
14|390|192|0|1450|2|0|
14|388|192|0|1692|6|0|
14|391|192|0|1442|3|0|
14|391|192|0|1440|5|0|
14|395|192|0|1449|2|0|
14|397|192|0|1717|6|0|
14|385|192|0|1441|3|0|
14|385|192|0|1452|6|0|
14|395|192|0|1441|3|0|
14|408|192|0|1453|6|0|
14|393|192|0|1454|2|0|
14|1699|864|0|1445|6|0|
14|393|192|0|1455|3|0|
14|402|192|0|1447|5|0|
14|1172|576|0|1457|2|0|
14|405|288|0|1451|3|0|
14|393|288|0|1696|6|0|
14|404|192|0|1471|3|0|
14|397|192|0|1705|6|0|
14|399|192|0|1522|3|0|
14|406|192|0|1443|4|0|
14|407|192|0|1701|6|0|
14|388|192|0|1441|2|0|
14|403|192|0|1449|3|0|
14|400|192|0|1456|3|0|
14|400|192|0|1442|3|0|
14|401|192|0|1708|6|0|
14|402|192|0|1450|3|0|
14|401|192|0|1463|3|0|
14|388|192|0|1454|5|0|
14|384|192|0|1452|3|0|
14|391|192|0|1470|5|0|
14|397|192|0|1454|3|0|
14|401|192|0|1446|6|0|
14|411|192|0|1444|3|0|
14|403|288|0|1455|6|0|
14|404|192|0|1448|3|0|
14|409|192|0|1518|5|0|
14|405|192|0|1514|2|0|
14|402|192|0|1440|3|0|
14|396|192|0|1691|6|0|
14|404|192|0|1450|3|0|
14|414|192|0|1701|6|0|
14|398|192|0|1464|3|0|
14|408|192|0|1457|2|0|
14|394|192|0|1458|6|0|
14|409|192|0|1720|6|0|
14|396|192|0|1442|3|0|
14|878|480|0|1689|6|0|
14|408|192|0|1441|2|0|
14|389|192|0|1452|6|0|
14|406|192|0|1695|6|0|
14|386|192|0|1439|3|0|
14|387|192|0|1688|6|0|
14|396|192|0|1450|3|0|
14|402|192|0|1690|6|0|
14|397|192|0|1439|2|0|
14|390|192|0|1707|6|0|
14|403|192|0|1441|3|0|
14|401|192|0|1712|6|0|
14|402|192|0|1456|6|0|
14|401|192|0|1476|2|0|
14|407|288|0|1451|6|0|
14|403|192|0|1446|2|0|
14|403|192|0|1463|6|0|
14|1508|768|0|1706|6|0|
14|388|192|0|1460|3|0|
14|389|288|0|1700|6|0|
14|395|288|0|1444|2|0|
14|402|288|0|1445|6|0|
14|391|192|0|1453|3|0|
14|550|192|0|1694|6|0|
14|403|192|0|1443|2|0|
14|1793|864|0|1452|3|0|
14|403|288|0|1450|5|0|
14|385|192|0|1456|3|0|
14|388|192|0|1690|6|0|
14|384|192|0|1453|3|0|
14|1629|864|0|1774|6|0|
14|407|192|0|1444|3|0|
14|400|288|0|1701|6|0|
14|390|192|0|1452|3|0|
14|399|192|0|1700|6|0|
14|399|192|0|1452|3|0|
14|398|192|0|1464|6|0|
14|393|192|0|1438|2|0|
14|1488|768|0|1441|3|0|
14|376|192|0|1526|6|0|
14|408|192|0|1460|3|0|
14|385|192|0|1460|6|0|
14|396|288|0|1448|3|0|
14|386|192|0|1453|3|0|
14|394|192|0|1452|3|0|
14|401|192|0|1458|4|0|
14|394|192|0|1459|3|0|
14|397|192|0|1747|6|0|
14|389|192|0|1471|3|0|
14|393|192|0|1717|6|0|
14|385|192|0|1439|2|0|
14|388|288|0|1723|6|0|
14|388|192|0|1449|3|0|
14|391|192|0|1701|6|0|
14|399|192|0|1448|3|0|
14|398|192|0|1449|5|0|
14|394|192|0|1451|3|0|
14|399|192|0|1443|2|0|
14|398|192|0|1444|5|0|
14|400|192|0|1442|3|0|
14|405|192|0|1445|6|0|
14|398|192|0|1440|2|0|
14|407|192|0|1448|6|0|
14|411|192|0|1444|3|0|
14|408|192|0|1691|6|0|
14|397|192|0|1444|5|0|
14|407|192|0|1451|3|0|
14|385|192|0|1451|3|0|
14|408|192|0|1719|6|0|
14|405|192|0|1450|2|0|
14|387|192|0|1447|6|0|
14|385|192|0|1692|6|0|
14|389|192|0|1444|3|0|
14|405|288|0|1439|2|0|
14|390|192|0|1436|2|0|
14|391|192|0|1444|6|0|
14|400|192|0|1445|2|0|
14|403|288|0|1443|3|0|
14|403|192|0|1519|6|0|
14|399|192|0|1697|6|0|
14|407|288|0|1447|3|0|
14|408|192|0|1710|6|0|
14|387|192|0|1447|5|0|
14|404|192|0|1456|2|0|
14|402|192|0|1457|5|0|
14|394|192|0|1440|2|0|
14|384|192|0|1458|6|0|
14|1331|672|0|1693|6|0|
14|393|192|0|1441|3|0|
14|387|192|0|1712|6|0|
14|396|192|0|1456|3|0|
14|389|192|0|1695|6|0|
14|393|288|0|1444|3|0|
14|391|96|0|1723|6|0|
14|385|192|0|1474|4|0|
14|389|192|0|1457|5|0|
14|404|192|0|1463|2|0|
14|389|96|0|1687|6|0|
14|385|192|0|1453|2|0|
14|400|192|0|1501|4|0|
14|389|192|0|1448|2|0|
14|399|288|0|1704|6|0|
14|407|192|0|1440|3|0|
14|398|192|0|1446|6|0|
14|405|192|0|1441|2|0|
14|380|192|0|1456|6|0|
14|402|288|0|1710|6|0|
14|380|192|0|1473|3|0|
14|393|192|0|1445|6|0|
14|391|96|0|1703|6|0|
14|395|192|0|1458|3|0|
14|403|288|0|1703|6|0|
14|393|192|0|1461|2|0|
14|401|192|0|1457|5|0|
14|397|192|0|1441|3|0|
14|401|288|0|1465|5|0|
14|396|192|0|1516|2|0|
14|386|192|0|1458|4|0|
14|384|192|0|1440|2|0|
14|397|192|0|1441|5|0|
14|401|192|0|1689|6|0|
14|411|192|0|1443|3|0|
14|392|192|0|1692|6|0|
14|408|192|0|1452|3|0|
14|405|192|0|1455|6|0|
14|408|192|0|1447|3|0|
14|387|192|0|1447|3|0|
14|408|288|0|1715|6|0|
14|408|192|0|1474|6|0|
14|380|192|0|1461|2|0|
14|391|192|0|1476|3|0|
14|382|192|0|1725|6|0|
14|407|192|0|1451|3|0|
14|385|192|0|1472|2|0|
14|404|192|0|1445|6|0|
14|399|192|0|1441|2|0|
14|394|192|0|1446|6|0|
14|406|192|0|1438|2|0|
14|405|192|0|1442|3|0|
14|404|192|0|1689|6|0|
14|402|192|0|1443|3|0|
14|402|288|0|1686|6|0|
14|392|192|0|1442|3|0|
14|404|192|0|1707|6|0|
14|387|192|0|1455|3|0|
14|397|192|0|1706|6|0|
14|402|192|0|1475|3|0|
14|411|192|0|1460|6|0|
14|395|192|0|1451|3|0|
14|400|192|0|1702|6|0|
14|393|288|0|1440|3|0|
14|407|192|0|1452|2|0|
14|385|192|0|1460|3|0|
14|401|192|0|1454|2|0|
14|387|192|0|1441|3|0|
14|406|192|0|1688|6|0|
