INSTRUCTIONS_RETIRED|CYCLES|UNKNOWN|LD_BLOCKS.STORE_FORWARD|UOPS_EXECUTED.CORE|BR_MISP_RETIRED.ALL_BRANCHES|UOPS_RETIRED.ANY|
144|238|144|1|221|0|251|
144|238|192|1|221|0|251|
144|236|192|1|221|0|251|
144|236|192|1|221|0|251|
144|238|224|1|221|0|251|
144|238|240|1|221|0|251|
144|238|240|1|221|0|251|
144|238|256|1|221|0|251|
144|237|240|1|221|0|251|
144|236|240|1|221|0|251|
144|238|240|1|221|0|251|
144|238|240|1|221|0|251|
144|238|224|1|221|0|251|
144|237|240|1|221|0|251|
144|237|240|1|221|0|251|
144|304|304|1|255|0|253|
144|238|240|1|221|0|251|
144|238|224|1|221|0|251|
144|454|448|1|1008|0|254|
144|477|480|1|889|0|255|
144|436|384|1|745|0|255|
144|302|272|1|255|0|253|
144|238|240|1|221|0|251|
144|236|240|1|221|0|251|
144|236|240|1|221|0|251|
144|238|240|1|221|0|251|
144|237|240|1|221|0|251|
144|238|224|1|221|0|251|
144|238|240|1|221|0|251|
144|303|320|1|256|0|253|
144|237|240|1|221|0|251|
144|237|240|1|221|0|251|
144|238|224|1|221|0|251|
144|238|240|1|221|0|251|
144|238|224|1|221|0|251|
144|238|240|1|221|0|251|
144|238|240|1|221|0|251|
144|244|240|1|229|0|251|
144|238|224|1|221|0|251|
144|323|320|1|376|0|249|
144|238|240|1|221|0|251|
144|238|240|1|221|0|251|
144|237|240|1|221|0|251|
144|238|240|1|221|0|251|
144|237|224|1|221|0|251|
144|238|240|1|221|0|251|
144|238|240|1|221|0|251|
144|237|240|1|221|0|251|
144|237|240|1|221|0|251|
144|237|256|1|221|0|251|
144|237|256|1|221|0|251|
144|238|240|1|221|0|251|
144|238|240|1|221|0|251|
144|238|224|1|221|0|251|
144|238|240|1|221|0|251|
144|238|256|1|221|0|251|
144|238|224|1|221|0|251|
144|236|240|1|221|0|251|
144|238|256|1|221|0|251|
144|238|256|1|221|0|251|
144|238|240|1|221|0|251|
144|238|240|1|221|0|251|
144|237|240|1|221|0|251|
144|236|240|1|221|0|251|
144|238|240|1|221|0|251|
144|238|240|1|221|0|251|
144|236|240|1|221|0|251|
144|238|224|1|221|0|251|
144|237|256|1|221|0|251|
144|238|240|1|221|0|251|
144|238|240|1|221|0|251|
144|238|256|1|221|0|251|
144|236|224|1|221|0|251|
144|238|224|1|221|0|251|
144|237|224|1|221|0|251|
144|238|224|1|221|0|251|
144|236|240|1|221|0|251|
144|238|240|1|221|0|251|
144|238|240|1|221|0|251|
144|238|240|1|221|0|251|
144|237|224|1|221|0|251|
144|236|240|1|221|0|251|
144|238|256|1|221|0|251|
144|238|240|1|221|0|251|
144|236|240|1|221|0|251|
144|238|240|1|221|0|251|
144|238|224|1|221|0|251|
144|265|256|1|291|0|251|
144|238|224|1|221|0|251|
144|236|208|1|221|0|251|
144|427|384|2|354|0|253|
144|237|224|1|221|0|251|
144|238|240|1|221|0|251|
144|302|256|1|255|0|253|
144|236|192|1|221|0|251|
144|238|192|1|221|0|251|
144|237|240|1|221|0|251|
144|238|240|1|221|0|251|
144|236|240|1|221|0|251|
144|238|240|1|221|0|251|
144|238|256|1|221|0|251|
144|238|240|1|221|0|251|
144|237|240|1|221|0|251|
144|237|240|1|221|0|251|
144|302|320|1|255|0|253|
144|238|240|1|221|0|251|
144|238|240|1|221|0|251|
144|236|240|1|221|0|251|
144|238|224|1|221|0|251|
144|237|224|1|221|0|251|
144|238|240|1|221|0|251|
144|238|240|1|221|0|251|
144|238|240|1|221|0|251|
144|238|240|1|221|0|251|
144|237|240|1|221|0|251|
144|237|240|1|221|0|251|
144|236|224|1|221|0|251|
144|238|240|1|221|0|251|
144|238|240|1|221|0|251|
144|302|288|1|255|0|253|
144|238|224|1|221|0|251|
144|237|240|1|221|0|251|
144|238|224|1|221|0|251|
144|238|240|1|221|0|251|
144|238|240|1|221|0|251|
144|238|240|1|221|0|251|
144|238|240|1|221|0|251|
144|237|240|1|221|0|251|
144|236|240|1|221|0|251|
144|238|240|1|221|0|251|
144|236|240|1|221|0|251|
144|238|224|1|221|0|251|
144|237|240|1|221|0|251|
144|237|240|1|221|0|251|
144|238|240|1|221|0|251|
144|236|224|1|221|0|251|
144|238|224|1|221|0|251|
144|238|224|1|221|0|251|
144|237|240|1|221|0|251|
144|238|240|1|221|0|251|
144|305|304|1|256|0|253|
144|238|240|1|221|0|251|
144|238|240|1|221|0|251|
144|238|240|1|221|0|251|
144|236|240|1|221|0|251|
144|238|240|1|221|0|251|
144|238|256|1|221|0|251|
144|236|240|1|221|0|251|
144|238|240|1|221|0|251|
144|237|224|1|221|0|251|
144|237|240|1|221|0|251|
144|238|240|1|221|0|251|
144|302|304|1|255|0|253|
144|238|240|1|221|0|251|
144|238|224|1|221|0|251|
144|237|240|1|221|0|251|
144|237|240|1|221|0|251|
144|238|240|1|221|0|251|
144|236|224|1|221|0|251|
144|238|240|1|221|0|251|
144|238|240|1|221|0|251|
144|237|224|1|221|0|251|
144|237|240|1|221|0|251|
144|238|240|1|221|0|251|
144|237|240|1|221|0|251|
144|238|240|1|221|0|251|
144|238|240|1|221|0|251|
144|237|240|1|221|0|251|
144|237|240|1|221|0|251|
144|236|224|1|221|0|251|
144|238|240|1|221|0|251|
144|237|240|1|221|0|251|
144|236|224|1|221|0|251|
144|238|224|1|221|0|251|
144|238|240|1|221|0|251|
144|236|224|1|221|0|251|
144|238|240|1|221|0|251|
144|238|224|1|221|0|251|
144|238|240|1|221|0|251|
144|237|240|1|221|0|251|
144|237|224|1|221|0|251|
144|238|224|1|221|0|251|
144|238|240|1|221|0|251|
144|236|240|1|221|0|251|
144|238|240|1|221|0|251|
144|237|240|1|221|0|251|
144|237|240|1|221|0|251|
144|238|240|1|221|0|251|
144|238|240|1|221|0|251|
144|238|240|1|221|0|251|
144|238|240|1|221|0|251|
144|238|240|1|221|0|251|
144|238|240|1|221|0|251|
144|238|256|1|221|0|251|
144|238|256|1|221|0|251|
144|236|224|1|221|0|251|
144|236|240|1|221|0|251|
144|238|240|1|221|0|251|
144|236|224|1|221|0|251|
144|238|256|1|221|0|251|
144|238|224|1|221|0|251|
144|238|240|1|221|0|251|
144|236|240|1|221|0|251|
144|237|224|1|221|0|251|
144|237|224|1|221|0|251|
144|236|240|1|221|0|251|
144|238|240|1|221|0|251|
144|236|224|1|221|0|251|
144|238|240|1|221|0|251|
144|236|240|1|221|0|251|
144|315|304|1|388|0|251|
144|236|224|1|221|0|251|
144|238|256|1|221|0|251|
144|236|240|1|221|0|251|
144|238|240|1|221|0|251|
144|238|224|1|221|0|251|
144|238|240|1|221|0|251|
144|238|224|1|221|0|251|
144|238|240|1|221|0|251|
144|238|256|1|221|0|251|
144|238|240|1|221|0|251|
144|238|224|1|221|0|251|
144|237|240|1|221|0|251|
144|236|240|1|221|0|251|
144|238|224|1|221|0|251|
144|238|240|1|221|0|251|
144|238|240|1|221|0|251|
144|302|320|1|255|0|253|
144|237|240|1|221|0|251|
144|238|224|1|221|0|251|
144|238|224|1|221|0|251|
144|236|224|1|221|0|251|
144|238|240|1|221|0|251|
144|238|240|1|221|0|251|
144|302|320|1|255|0|253|
144|238|224|1|221|0|251|
144|238|256|1|221|0|251|
144|238|240|1|221|0|251|
144|238|256|1|221|0|251|
144|238|224|1|221|0|251|
144|237|224|1|221|0|251|
144|238|240|1|221|0|251|
144|238|224|1|221|0|251|
144|238|240|1|221|0|251|
144|238|240|1|221|0|251|
144|237|256|1|221|0|251|
144|237|240|1|221|0|251|
144|237|224|1|221|0|251|
144|238|240|1|221|0|251|
144|238|240|1|221|0|251|
144|238|240|1|221|0|251|
144|237|256|1|221|0|251|
144|237|240|1|221|0|251|
144|237|240|1|221|0|251|
144|238|240|1|221|0|251|
144|238|240|1|221|0|251|
144|238|240|1|221|0|251|
144|238|224|1|221|0|251|
144|238|240|1|221|0|251|
144|237|240|1|221|0|251|
144|238|224|1|221|0|251|
144|238|240|1|221|0|251|
144|238|240|1|221|0|251|
144|238|224|1|221|0|251|
144|238|256|1|221|0|251|
144|238|240|1|221|0|251|
144|238|256|1|221|0|251|
144|238|240|1|221|0|251|
144|238|240|1|221|0|251|
144|238|240|1|221|0|251|
144|238|240|1|221|0|251|
144|237|240|1|221|0|251|
144|236|256|1|221|0|251|
144|238|224|1|221|0|251|
144|238|240|1|221|0|251|
144|238|224|1|221|0|251|
144|237|224|1|221|0|251|
144|236|240|1|221|0|251|
144|303|304|1|256|0|253|
144|238|240|1|221|0|251|
144|237|240|1|221|0|251|
144|238|240|1|221|0|251|
144|237|240|1|221|0|251|
144|237|240|1|221|0|251|
144|238|224|1|221|0|251|
144|238|240|1|221|0|251|
144|238|224|1|221|0|251|
144|238|240|1|221|0|251|
144|238|224|1|221|0|251|
144|237|240|1|221|0|251|
144|238|208|1|221|0|251|
144|238|224|1|221|0|251|
144|236|240|1|221|0|251|
144|238|256|1|221|0|251|
144|238|240|1|221|0|251|
144|237|224|1|221|0|251|
144|238|224|1|221|0|251|
144|238|240|1|221|0|251|
144|238|256|1|221|0|251|
144|236|240|1|221|0|251|
144|303|304|1|254|0|253|
144|237|240|1|221|0|251|
144|238|224|1|221|0|251|
144|238|256|1|221|0|251|
144|238|240|1|221|0|251|
144|236|240|1|221|0|251|
144|238|240|1|221|0|251|
144|237|240|1|221|0|251|
144|237|240|1|221|0|251|
144|236|240|1|221|0|251|
144|238|240|1|221|0|251|
144|238|240|1|221|0|251|
144|238|240|1|221|0|251|
144|237|224|1|221|0|251|
144|237|224|1|221|0|251|
144|236|240|1|221|0|251|
144|237|224|1|221|0|251|
144|236|224|1|221|0|251|
144|238|240|1|221|0|251|
144|237|256|1|221|0|251|
144|237|224|1|221|0|251|
144|238|240|1|221|0|251|
144|238|240|1|221|0|251|
144|238|224|1|221|0|251|
144|238|224|1|221|0|251|
144|238|224|1|221|0|251|
144|237|240|1|221|0|251|
144|236|224|1|221|0|251|
144|238|256|1|221|0|251|
144|238|224|1|221|0|251|
144|238|240|1|221|0|251|
144|238|240|1|221|0|251|
144|237|240|1|221|0|251|
144|238|240|1|221|0|251|
144|238|240|1|221|0|251|
144|238|240|1|221|0|251|
144|238|240|1|221|0|251|
144|238|256|1|221|0|251|
144|238|240|1|221|0|251|
144|238|240|1|221|0|251|
144|238|224|1|221|0|251|
144|236|240|1|221|0|251|
144|238|240|1|221|0|251|
144|238|240|1|221|0|251|
144|237|240|1|221|0|251|
144|238|240|1|221|0|251|
144|236|240|1|221|0|251|
144|238|240|1|221|0|251|
144|238|224|1|221|0|251|
144|238|224|1|221|0|251|
144|238|224|1|221|0|251|
144|238|256|1|221|0|251|
144|236|224|1|221|0|251|
144|238|256|1|221|0|251|
144|238|224|1|221|0|251|
144|303|288|1|256|0|253|
144|237|256|1|221|0|251|
144|237|256|1|221|0|251|
144|238|240|1|221|0|251|
144|238|224|1|221|0|251|
144|238|224|1|221|0|251|
144|238|240|1|221|0|251|
144|237|224|1|221|0|251|
144|237|240|1|221|0|251|
144|238|240|1|221|0|251|
144|236|224|1|221|0|251|
144|238|224|1|221|0|251|
144|238|240|1|221|0|251|
144|238|256|1|221|0|251|
144|237|224|1|221|0|251|
144|238|224|1|221|0|251|
144|238|224|1|221|0|251|
144|238|240|1|221|0|251|
144|236|224|1|221|0|251|
144|237|240|1|221|0|251|
144|237|240|1|221|0|251|
144|304|320|1|255|0|253|
144|238|240|1|221|0|251|
144|238|256|1|221|0|251|
144|238|240|1|221|0|251|
144|237|240|1|221|0|251|
144|237|240|1|221|0|251|
144|238|240|1|221|0|251|
144|238|240|1|221|0|251|
144|238|240|1|221|0|251|
144|238|240|1|221|0|251|
144|237|240|1|221|0|251|
144|237|240|1|221|0|251|
144|238|240|1|221|0|251|
144|238|240|1|221|0|251|
144|238|240|1|221|0|251|
144|238|240|1|221|0|251|
144|238|224|1|221|0|251|
144|237|224|1|221|0|251|
144|238|240|1|221|0|251|
144|238|256|1|221|0|251|
144|238|224|1|221|0|251|
144|238|240|1|221|0|251|
144|238|224|1|221|0|251|
144|323|336|1|276|0|253|
144|238|240|1|221|0|251|
144|238|224|1|221|0|251|
144|238|240|1|221|0|251|
144|238|240|1|221|0|251|
144|238|224|1|221|0|251|
144|304|320|1|255|0|253|
144|238|224|1|221|0|251|
144|236|224|1|221|0|251|
144|238|224|1|221|0|251|
144|238|240|1|221|0|251|
144|237|224|1|221|0|251|
144|237|240|1|221|0|251|
144|237|240|1|221|0|251|
144|238|240|1|221|0|251|
144|238|224|1|221|0|251|
144|238|224|1|221|0|251|
144|237|224|1|221|0|251|
144|237|240|1|221|0|251|
144|303|288|1|256|0|253|
144|238|224|1|221|0|251|
144|238|224|1|221|0|251|
144|236|240|1|221|0|251|
144|238|240|1|221|0|251|
144|238|240|1|221|0|251|
144|238|224|1|221|0|251|
144|236|224|1|221|0|251|
144|237|240|1|221|0|251|
144|238|240|1|221|0|251|
144|237|224|1|221|0|251|
144|304|320|1|256|0|253|
144|236|240|1|221|0|251|
144|238|240|1|221|0|251|
144|238|240|1|221|0|251|
144|238|256|1|221|0|251|
144|237|224|1|221|0|251|
144|237|256|1|221|0|251|
144|236|240|1|221|0|251|
144|238|224|1|221|0|251|
144|237|256|1|221|0|251|
144|236|240|1|221|0|251|
144|238|208|1|221|0|251|
144|237|208|1|221|0|251|
144|238|240|1|221|0|251|
144|236|240|1|221|0|251|
144|236|240|1|221|0|251|
144|238|240|1|221|0|251|
144|237|240|1|221|0|251|
144|238|224|1|221|0|251|
144|238|240|1|221|0|251|
144|238|224|1|221|0|251|
144|238|240|1|221|0|251|
144|238|256|1|221|0|251|
144|238|240|1|221|0|251|
144|302|304|1|255|0|253|
144|236|240|1|221|0|251|
144|238|256|1|221|0|251|
144|281|288|1|221|0|251|
144|237|240|1|221|0|251|
144|304|304|1|255|0|253|
144|237|224|1|221|0|251|
144|237|240|1|221|0|251|
144|238|240|1|221|0|251|
144|238|240|1|221|0|251|
144|238|256|1|221|0|251|
144|238|224|1|221|0|251|
144|237|240|1|221|0|251|
144|238|240|1|221|0|251|
144|236|224|1|221|0|251|
144|238|240|1|221|0|251|
144|238|224|1|221|0|251|
144|237|240|1|221|0|251|
144|304|304|1|255|0|253|
144|237|240|1|221|0|251|
144|238|256|1|221|0|251|
144|238|240|1|221|0|251|
144|302|304|1|255|0|253|
144|238|240|1|221|0|251|
144|238|256|1|221|0|251|
144|238|240|1|221|0|251|
144|236|240|1|221|0|251|
144|236|240|1|221|0|251|
144|238|224|1|221|0|251|
144|238|256|1|221|0|251|
144|418|416|2|354|0|253|
144|238|240|1|221|0|251|
144|236|240|1|221|0|251|
144|238|240|1|221|0|251|
144|237|224|1|221|0|251|
144|237|240|1|221|0|251|
144|237|224|1|221|0|251|
144|236|240|1|221|0|251|
144|238|256|1|221|0|251|
144|238|224|1|221|0|251|
144|237|240|1|221|0|251|
144|238|240|1|221|0|251|
144|237|224|1|221|0|251|
144|237|240|1|221|0|251|
144|238|240|1|221|0|251|
144|238|240|1|221|0|251|
144|238|224|1|221|0|251|
144|238|240|1|221|0|251|
144|237|240|1|221|0|251|
144|304|304|1|255|0|253|
144|303|320|1|254|0|253|
144|238|240|1|221|0|251|
144|238|240|1|221|0|251|
144|238|240|1|221|0|251|
144|237|240|1|221|0|251|
144|238|240|1|221|0|251|
144|238|224|1|221|0|251|
144|238|240|1|221|0|251|
144|236|240|1|221|0|251|
144|236|240|1|221|0|251|
144|238|224|1|221|0|251|
144|237|240|1|221|0|251|
144|236|240|1|221|0|251|
144|238|240|1|221|0|251|
144|237|224|1|221|0|251|
144|238|256|1|221|0|251|
144|238|240|1|221|0|251|
144|269|256|1|221|0|251|
144|238|240|1|221|0|251|
144|238|240|1|221|0|251|
144|238|224|1|221|0|251|
144|236|240|1|221|0|251|
144|238|208|1|221|0|251|
144|304|272|1|255|0|253|
144|238|224|1|221|0|251|
144|238|240|1|221|0|251|
144|238|240|1|221|0|251|
144|237|224|1|221|0|251|
144|304|304|1|255|0|253|
144|237|224|1|221|0|251|
144|238|240|1|221|0|251|
144|238|240|1|221|0|251|
144|238|240|1|221|0|251|
144|238|240|1|221|0|251|
144|237|240|1|221|0|251|
144|304|288|1|255|0|253|
144|238|224|1|221|0|251|
144|238|240|1|221|0|251|
144|238|240|1|221|0|251|
144|238|240|1|221|0|251|
144|237|224|1|221|0|251|
144|237|240|1|221|0|251|
144|236|240|1|221|0|251|
144|238|240|1|221|0|251|
144|238|224|1|221|0|251|
144|236|240|1|221|0|251|
144|237|240|1|221|0|251|
144|237|240|1|221|0|251|
144|238|240|1|221|0|251|
144|238|224|1|221|0|251|
144|238|240|1|221|0|251|
144|238|240|1|221|0|251|
144|238|224|1|221|0|251|
144|237|224|1|221|0|251|
144|238|240|1|221|0|251|
144|238|224|1|221|0|251|
144|236|240|1|221|0|251|
144|238|224|1|221|0|251|
144|237|240|1|221|0|251|
144|237|240|1|221|0|251|
144|238|224|1|221|0|251|
144|238|224|1|221|0|251|
144|238|240|1|221|0|251|
144|238|240|1|221|0|251|
144|237|240|1|221|0|251|
144|237|224|1|221|0|251|
144|236|240|1|221|0|251|
144|236|240|1|221|0|251|
144|236|240|1|221|0|251|
144|238|240|1|221|0|251|
144|238|240|1|221|0|251|
144|238|256|1|221|0|251|
144|237|240|1|221|0|251|
144|238|240|1|221|0|251|
144|238|240|1|221|0|251|
144|238|256|1|221|0|251|
144|238|224|1|221|0|251|
144|238|224|1|221|0|251|
144|236|240|1|221|0|251|
144|237|240|1|221|0|251|
144|238|240|1|221|0|251|
144|238|240|1|221|0|251|
144|238|240|1|221|0|251|
144|238|240|1|221|0|251|
144|237|240|1|221|0|251|
144|236|240|1|221|0|251|
144|238|240|1|221|0|251|
144|238|224|1|221|0|251|
144|238|240|1|221|0|251|
144|238|224|1|221|0|251|
144|238|240|1|221|0|251|
144|236|240|1|221|0|251|
144|238|256|1|221|0|251|
144|238|240|1|221|0|251|
144|237|240|1|221|0|251|
144|238|240|1|221|0|251|
144|274|272|1|221|0|251|
144|238|240|1|221|0|251|
144|236|240|1|221|0|251|
144|236|240|1|221|0|251|
144|237|240|1|221|0|251|
144|237|240|1|221|0|251|
144|237|256|1|221|0|251|
144|238|256|1|221|0|251|
144|238|240|1|221|0|251|
144|238|240|1|221|0|251|
144|238|256|1|221|0|251|
144|237|256|1|221|0|251|
144|237|240|1|221|0|251|
144|238|240|1|221|0|251|
144|238|240|1|221|0|251|
144|238|224|1|221|0|251|
144|237|224|1|221|0|251|
144|237|240|1|221|0|251|
144|303|304|1|254|0|253|
144|238|240|1|221|0|251|
144|238|240|1|221|0|251|
144|238|240|1|221|0|251|
144|238|224|1|221|0|251|
144|238|240|1|221|0|251|
144|237|240|1|221|0|251|
144|238|240|1|221|0|251|
144|238|240|1|221|0|251|
144|238|240|1|221|0|251|
144|237|240|1|221|0|251|
144|237|224|1|221|0|251|
144|237|240|1|221|0|251|
144|237|240|1|221|0|251|
144|302|304|1|255|0|253|
144|238|240|1|221|0|251|
144|237|224|1|221|0|251|
144|237|240|1|221|0|251|
144|237|240|1|221|0|251|
144|237|224|1|221|0|251|
144|238|224|1|221|0|251|
144|238|224|1|221|0|251|
144|237|240|1|221|0|251|
144|237|224|1|221|0|251|
144|238|240|1|221|0|251|
144|238|240|1|221|0|251|
144|236|224|1|221|0|251|
144|238|240|1|221|0|251|
144|238|256|1|221|0|251|
144|237|240|1|221|0|251|
144|237|224|1|221|0|251|
144|237|240|1|221|0|251|
144|236|224|1|221|0|251|
144|236|224|1|221|0|251|
144|236|224|1|221|0|251|
144|237|240|1|221|0|251|
144|237|224|1|221|0|251|
144|238|240|1|221|0|251|
144|238|256|1|221|0|251|
144|238|240|1|221|0|251|
144|238|240|1|221|0|251|
144|238|224|1|221|0|251|
144|237|240|1|221|0|251|
144|238|240|1|221|0|251|
144|302|304|1|255|0|253|
144|238|240|1|221|0|251|
144|238|240|1|221|0|251|
144|302|304|1|255|0|253|
144|303|304|1|397|0|251|
144|238|240|1|221|0|251|
144|238|240|1|221|0|251|
144|238|240|1|221|0|251|
144|238|224|1|221|0|251|
144|237|240|1|221|0|251|
144|237|240|1|221|0|251|
144|238|240|1|221|0|251|
144|238|224|1|221|0|251|
144|238|240|1|221|0|251|
144|236|240|1|221|0|251|
144|237|224|1|221|0|251|
144|237|240|1|221|0|251|
144|238|256|1|221|0|251|
144|238|256|1|221|0|251|
144|238|240|1|221|0|251|
144|238|240|1|221|0|251|
144|238|224|1|221|0|251|
144|238|256|1|221|0|251|
144|238|240|1|221|0|251|
144|238|240|1|221|0|251|
144|236|224|1|221|0|251|
144|238|224|1|221|0|251|
144|238|240|1|221|0|251|
144|237|240|1|221|0|251|
144|238|240|1|221|0|251|
144|236|224|1|221|0|251|
144|302|304|1|255|0|253|
144|238|240|1|221|0|251|
144|237|240|1|221|0|251|
144|238|224|1|221|0|251|
144|238|240|1|221|0|251|
144|238|240|1|221|0|251|
144|238|240|1|221|0|251|
144|238|224|1|221|0|251|
144|237|240|1|221|0|251|
144|237|224|1|221|0|251|
144|236|240|1|221|0|251|
144|238|240|1|221|0|251|
144|238|224|1|221|0|251|
144|237|256|1|221|0|251|
144|238|256|1|221|0|251|
144|238|240|1|221|0|251|
144|238|240|1|221|0|251|
144|238|240|1|221|0|251|
144|238|224|1|221|0|251|
144|238|256|1|221|0|251|
144|238|240|1|221|0|251|
144|238|240|1|221|0|251|
144|237|256|1|221|0|251|
144|283|288|1|221|0|251|
144|236|240|1|221|0|251|
144|238|240|1|221|0|251|
144|238|240|1|221|0|251|
144|238|240|1|221|0|251|
144|237|224|1|221|0|251|
144|236|224|1|221|0|251|
144|238|240|1|221|0|251|
144|238|240|1|221|0|251|
144|238|240|1|221|0|251|
144|238|224|1|221|0|251|
144|237|240|1|221|0|251|
144|238|240|1|221|0|251|
144|238|256|1|221|0|251|
144|238|240|1|221|0|251|
144|236|240|1|221|0|251|
144|238|240|1|221|0|251|
144|237|224|1|221|0|251|
144|238|240|1|221|0|251|
144|275|288|1|221|0|251|
144|238|224|1|221|0|251|
144|238|224|1|221|0|251|
144|238|240|1|221|0|251|
144|237|240|1|221|0|251|
144|236|240|1|221|0|251|
144|238|240|1|221|0|251|
144|238|224|1|221|0|251|
144|238|256|1|221|0|251|
144|238|240|1|221|0|251|
144|237|256|1|221|0|251|
144|270|272|1|221|0|251|
144|238|240|1|221|0|251|
144|238|256|1|221|0|251|
144|238|224|1|221|0|251|
144|237|240|1|221|0|251|
144|237|256|1|221|0|251|
144|238|240|1|221|0|251|
144|238|240|1|221|0|251|
144|236|240|1|221|0|251|
144|274|272|1|221|0|251|
144|303|304|1|256|0|253|
144|237|224|1|221|0|251|
144|238|240|1|221|0|251|
144|238|240|1|221|0|251|
144|236|224|1|221|0|251|
144|237|240|1|221|0|251|
144|237|240|1|221|0|251|
144|339|336|1|491|0|249|
144|238|240|1|221|0|251|
144|238|240|1|221|0|251|
144|373|384|1|648|0|254|
144|297|272|1|254|0|250|
144|350|320|1|654|0|251|
144|375|336|0|836|0|250|
144|303|256|1|517|0|251|
144|371|320|1|593|0|253|
144|329|304|1|494|0|250|
144|336|288|1|559|0|251|
144|307|272|1|453|0|249|
144|353|304|1|659|0|250|
144|382|336|1|818|0|250|
144|361|320|1|563|0|251|
144|374|336|1|608|0|253|
144|329|288|1|504|0|252|
144|296|272|1|450|0|250|
144|281|192|1|357|0|253|
144|321|224|1|595|0|251|
144|312|208|1|450|0|251|
144|362|208|1|732|0|250|
144|380|224|1|791|0|250|
144|321|192|1|521|0|251|
144|319|192|1|504|0|250|
144|323|208|1|481|0|251|
144|326|192|1|531|0|253|
144|372|224|1|758|0|252|
144|330|192|1|512|0|254|
144|268|176|1|266|0|251|
144|244|144|1|223|0|251|
144|555|352|1|951|0|251|
144|359|192|1|462|0|251|
144|358|224|1|671|0|251|
144|383|240|1|965|0|251|
144|333|208|1|488|0|250|
144|315|192|1|420|0|251|
144|372|224|1|579|0|251|
144|409|256|1|481|0|253|
144|238|144|1|221|0|251|
144|238|224|1|221|0|251|
144|303|256|1|254|0|253|
144|238|240|1|221|0|251|
144|238|224|1|221|0|251|
144|238|240|1|221|0|251|
144|236|240|1|221|0|251|
144|238|240|1|221|0|251|
144|238|240|1|221|0|251|
144|237|240|1|221|0|251|
144|238|240|1|221|0|251|
144|238|240|1|221|0|251|
144|238|256|1|221|0|251|
144|236|240|1|221|0|251|
144|237|224|1|221|0|251|
144|237|256|1|221|0|251|
144|238|256|1|221|0|251|
144|238|224|1|221|0|251|
144|238|240|1|221|0|251|
144|236|224|1|221|0|251|
144|237|240|1|221|0|251|
144|237|224|1|221|0|251|
144|238|224|1|221|0|251|
144|236|224|1|221|0|251|
144|238|224|1|221|0|251|
144|236|240|1|221|0|251|
144|237|240|1|221|0|251|
144|314|320|1|365|0|250|
144|238|240|1|221|0|251|
144|238|240|1|221|0|251|
144|236|224|1|221|0|251|
144|238|224|1|221|0|251|
144|237|240|1|221|0|251|
144|237|240|1|221|0|251|
144|238|240|1|221|0|251|
144|238|256|1|221|0|251|
144|238|240|1|221|0|251|
144|238|224|1|221|0|251|
144|238|256|1|221|0|251|
144|237|240|1|221|0|251|
144|238|224|1|221|0|251|
144|238|256|1|221|0|251|
144|238|224|1|221|0|251|
144|238|224|1|221|0|251|
144|237|240|1|221|0|251|
144|237|240|1|221|0|251|
144|238|240|1|221|0|251|
144|238|240|1|221|0|251|
144|238|240|1|221|0|251|
144|238|240|1|221|0|251|
144|238|240|1|221|0|251|
144|238|256|1|221|0|251|
144|238|240|1|221|0|251|
144|238|240|1|221|0|251|
144|238|240|1|221|0|251|
144|238|240|1|221|0|251|
144|238|240|1|221|0|251|
144|237|240|1|221|0|251|
144|303|288|1|256|0|253|
144|238|224|1|221|0|251|
144|236|240|1|221|0|251|
144|238|240|1|221|0|251|
144|304|320|1|255|0|253|
144|237|240|1|221|0|251|
144|236|240|1|221|0|251|
144|238|224|1|221|0|251|
144|238|240|1|221|0|251|
144|238|240|1|221|0|251|
144|237|240|1|221|0|251|
144|237|240|1|221|0|251|
144|238|240|1|221|0|251|
144|302|304|1|255|0|253|
144|238|256|1|221|0|251|
144|236|240|1|221|0|251|
144|238|240|1|221|0|251|
144|237|240|1|221|0|251|
144|238|240|1|221|0|251|
144|238|240|1|221|0|251|
144|236|240|1|221|0|251|
144|238|240|1|221|0|251|
144|238|240|1|221|0|251|
144|237|240|1|221|0|251|
144|238|224|1|221|0|251|
144|238|240|1|221|0|251|
144|236|224|1|221|0|251|
144|238|224|1|221|0|251|
144|238|256|1|221|0|251|
144|237|240|1|221|0|251|
144|238|256|1|221|0|251|
144|238|256|1|221|0|251|
144|238|240|1|221|0|251|
144|238|240|1|221|0|251|
144|238|240|1|221|0|251|
144|238|240|1|221|0|251|
144|238|240|1|221|0|251|
144|237|240|1|221|0|251|
144|238|240|1|221|0|251|
144|238|256|1|221|0|251|
144|237|224|1|221|0|251|
144|237|224|1|221|0|251|
144|237|240|1|221|0|251|
144|238|224|1|221|0|251|
144|238|240|1|221|0|251|
144|238|240|1|221|0|251|
144|238|240|1|221|0|251|
144|237|224|1|221|0|251|
144|237|240|1|221|0|251|
144|238|240|1|221|0|251|
144|236|224|1|221|0|251|
144|237|240|1|221|0|251|
144|238|256|1|221|0|251|
144|237|256|1|221|0|251|
144|237|256|1|221|0|251|
144|238|240|1|221|0|251|
144|302|304|1|255|0|253|
144|237|224|1|221|0|251|
144|237|256|1|221|0|251|
144|237|224|1|221|0|251|
144|238|240|1|221|0|251|
144|236|240|1|221|0|251|
144|238|240|1|221|0|251|
144|238|240|1|221|0|251|
144|238|240|1|221|0|251|
144|238|224|1|221|0|251|
144|302|304|1|255|0|253|
144|238|240|1|221|0|251|
144|238|240|1|221|0|251|
144|238|240|1|221|0|251|
144|302|288|1|255|0|253|
144|263|272|1|260|0|251|
144|238|240|1|221|0|251|
144|238|240|1|221|0|251|
144|238|240|1|221|0|251|
144|238|240|1|221|0|251|
144|237|224|1|221|0|251|
144|237|224|1|221|0|251|
144|238|256|1|221|0|251|
144|238|224|1|221|0|251|
144|238|224|1|221|0|251|
144|236|240|1|221|0|251|
144|238|240|1|221|0|251|
144|238|256|1|221|0|251|
144|238|256|1|221|0|251|
144|238|224|1|221|0|251|
144|238|240|1|221|0|251|
144|238|208|1|221|0|251|
144|238|240|1|221|0|251|
144|238|224|1|221|0|251|
144|237|240|1|221|0|251|
144|237|240|1|221|0|251|
144|238|224|1|221|0|251|
144|238|224|1|221|0|251|
144|238|240|1|221|0|251|
144|238|240|1|221|0|251|
144|237|240|1|221|0|251|
144|237|224|1|221|0|251|
144|236|240|1|221|0|251|
144|238|240|1|221|0|251|
144|237|240|1|221|0|251|
144|238|256|1|221|0|251|
144|238|240|1|221|0|251|
144|237|240|1|221|0|251|
144|238|240|1|221|0|251|
144|238|240|1|221|0|251|
144|238|240|1|221|0|251|
144|238|240|1|221|0|251|
144|238|240|1|221|0|251|
144|237|256|1|221|0|251|
144|238|256|1|221|0|251|
144|238|240|1|221|0|251|
144|238|256|1|221|0|251|
144|238|240|1|221|0|251|
144|238|240|1|221|0|251|
144|238|224|1|221|0|251|
144|236|240|1|221|0|251|
144|238|240|1|221|0|251|
144|238|256|1|221|0|251|
144|238|224|1|221|0|251|
144|237|240|1|221|0|251|
144|237|224|1|221|0|251|
144|237|240|1|221|0|251|
144|238|240|1|221|0|251|
144|238|240|1|221|0|251|
144|238|240|1|221|0|251|
144|237|224|1|221|0|251|
144|237|224|1|221|0|251|
144|237|240|1|221|0|251|
144|238|240|1|221|0|251|
144|238|240|1|221|0|251|
144|236|240|1|221|0|251|
144|238|240|1|221|0|251|
144|237|224|1|221|0|251|
144|305|320|1|255|0|253|
144|238|240|1|221|0|251|
144|238|240|1|221|0|251|
144|238|256|1|221|0|251|
144|237|240|1|221|0|251|
144|237|224|1|221|0|251|
144|304|304|1|255|0|253|
