INSTRUCTIONS_RETIRED|CYCLES|UNKNOWN|LD_BLOCKS.STORE_FORWARD|UOPS_EXECUTED.CORE|BR_MISP_RETIRED.ALL_BRANCHES|UOPS_RETIRED.ANY|
93|185|112|1|170|0|200|
93|188|128|1|170|0|200|
93|188|160|1|170|0|200|
93|188|160|1|170|0|200|
93|188|192|1|170|0|200|
93|187|192|1|170|0|200|
93|187|192|1|170|0|200|
93|185|192|1|170|0|200|
93|188|176|1|170|0|200|
93|188|192|1|170|0|200|
93|188|176|1|170|0|200|
93|187|192|1|170|0|200|
93|187|192|1|170|0|200|
93|187|192|1|170|0|200|
93|348|336|1|810|0|202|
93|340|352|1|517|0|202|
93|188|128|1|170|0|200|
93|256|160|1|205|0|202|
93|188|144|1|170|0|200|
93|185|112|1|170|0|200|
93|185|160|1|170|0|200|
93|188|192|1|170|0|200|
93|188|192|1|170|0|200|
93|187|176|1|170|0|200|
93|187|176|1|170|0|200|
93|188|176|1|170|0|200|
93|188|192|1|170|0|200|
93|188|176|1|170|0|200|
93|188|176|1|170|0|200|
93|187|192|1|170|0|200|
93|187|176|1|170|0|200|
93|187|192|1|170|0|200|
93|188|176|1|170|0|200|
93|188|176|1|170|0|200|
93|188|176|1|170|0|200|
93|187|176|1|170|0|200|
93|187|192|1|170|0|200|
93|185|192|1|170|0|200|
93|188|192|1|170|0|200|
93|188|192|1|170|0|200|
93|188|176|1|170|0|200|
93|188|192|1|170|0|200|
93|187|176|1|170|0|200|
93|185|192|1|170|0|200|
93|185|192|1|170|0|200|
93|188|192|1|170|0|200|
93|188|192|1|170|0|200|
93|188|192|1|170|0|200|
93|188|176|1|170|0|200|
93|255|256|1|204|0|202|
93|188|176|1|170|0|200|
93|188|176|1|170|0|200|
93|188|192|1|170|0|200|
93|185|176|1|170|0|200|
93|187|176|1|170|0|200|
93|187|176|1|170|0|200|
93|188|176|1|170|0|200|
93|185|176|1|170|0|200|
93|188|192|1|170|0|200|
93|188|192|1|170|0|200|
93|188|192|1|170|0|200|
93|187|192|1|170|0|200|
93|188|192|1|170|0|200|
93|188|192|1|170|0|200|
93|188|192|1|170|0|200|
93|188|192|1|170|0|200|
93|188|192|1|170|0|200|
93|185|192|1|170|0|200|
93|188|192|1|170|0|200|
93|188|192|1|170|0|200|
93|188|192|1|170|0|200|
93|188|192|1|170|0|200|
93|187|192|1|170|0|200|
93|187|192|1|170|0|200|
93|185|192|1|170|0|200|
93|188|192|1|170|0|200|
93|188|192|1|170|0|200|
93|188|192|1|170|0|200|
93|188|192|1|170|0|200|
93|188|192|1|170|0|200|
93|188|192|1|170|0|200|
93|188|176|1|170|0|200|
93|188|192|1|170|0|200|
93|188|192|1|170|0|200|
93|188|192|1|170|0|200|
93|187|192|1|170|0|200|
93|188|192|1|170|0|200|
93|188|192|1|170|0|200|
93|188|192|1|170|0|200|
93|188|176|1|170|0|200|
93|188|192|1|170|0|200|
93|187|192|1|170|0|200|
93|188|192|1|170|0|200|
93|185|176|1|170|0|200|
93|188|176|1|170|0|200|
93|187|176|1|170|0|200|
93|187|192|1|170|0|200|
93|188|192|1|170|0|200|
93|188|176|1|170|0|200|
93|188|192|1|170|0|200|
93|188|192|1|170|0|200|
93|188|192|1|170|0|200|
93|188|192|1|170|0|200|
93|188|176|1|170|0|200|
93|188|176|1|170|0|200|
93|188|176|1|170|0|200|
93|188|192|1|170|0|200|
93|188|192|1|170|0|200|
93|187|192|1|170|0|200|
93|188|176|1|170|0|200|
93|188|192|1|170|0|200|
93|185|192|1|170|0|200|
93|188|176|1|170|0|200|
93|188|192|1|170|0|200|
93|188|176|1|170|0|200|
93|187|192|1|170|0|200|
93|188|192|1|170|0|200|
93|188|192|1|170|0|200|
93|188|192|1|170|0|200|
93|188|192|1|170|0|200|
93|187|192|1|170|0|200|
93|187|192|1|170|0|200|
93|188|192|1|170|0|200|
93|188|192|1|170|0|200|
93|188|192|1|170|0|200|
93|188|192|1|170|0|200|
93|188|192|1|170|0|200|
93|187|176|1|170|0|200|
93|188|192|1|170|0|200|
93|188|192|1|170|0|200|
93|188|192|1|170|0|200|
93|188|192|1|170|0|200|
93|188|192|1|170|0|200|
93|187|192|1|170|0|200|
93|187|192|1|170|0|200|
93|188|176|1|170|0|200|
93|188|192|1|170|0|200|
93|185|176|1|170|0|200|
93|187|192|1|170|0|200|
93|187|176|1|170|0|200|
93|188|192|1|170|0|200|
93|255|272|1|204|0|202|
93|188|192|1|170|0|200|
93|187|192|1|170|0|200|
93|255|256|1|204|0|202|
93|188|176|1|170|0|200|
93|185|192|1|170|0|200|
93|188|192|1|170|0|200|
93|185|176|1|170|0|200|
93|188|192|1|170|0|200|
93|188|192|1|170|0|200|
93|187|192|1|170|0|200|
93|188|192|1|170|0|200|
93|188|192|1|170|0|200|
93|188|176|1|170|0|200|
93|188|192|1|170|0|200|
93|188|192|1|170|0|200|
93|188|192|1|170|0|200|
93|188|192|1|170|0|200|
93|185|192|1|170|0|200|
93|185|192|1|170|0|200|
93|188|176|1|170|0|200|
93|188|176|1|170|0|200|
93|188|192|1|170|0|200|
93|188|192|1|170|0|200|
93|188|176|1|170|0|200|
93|187|192|1|170|0|200|
93|251|256|1|204|0|202|
93|187|192|1|170|0|200|
93|187|192|1|170|0|200|
93|187|192|1|170|0|200|
93|188|176|1|170|0|200|
93|187|176|1|170|0|200|
93|187|192|1|170|0|200|
93|187|176|1|170|0|200|
93|187|192|1|170|0|200|
93|187|192|1|170|0|200|
93|187|192|1|170|0|200|
93|188|192|1|170|0|200|
93|188|192|1|170|0|200|
93|187|176|1|170|0|200|
93|187|192|1|170|0|200|
93|187|176|1|170|0|200|
93|187|192|1|170|0|200|
93|185|192|1|170|0|200|
93|188|192|1|170|0|200|
93|187|192|1|170|0|200|
93|188|192|1|170|0|200|
93|187|192|1|170|0|200|
93|250|256|1|203|0|202|
93|187|192|1|170|0|200|
93|187|192|1|170|0|200|
93|187|192|1|170|0|200|
93|251|240|1|204|0|202|
93|187|160|1|170|0|200|
93|187|192|1|170|0|200|
93|187|192|1|170|0|200|
93|187|192|1|170|0|200|
93|187|192|1|170|0|200|
93|188|176|1|170|0|200|
93|187|192|1|170|0|200|
93|187|192|1|170|0|200|
93|251|240|1|204|0|202|
93|187|192|1|170|0|200|
93|187|192|1|170|0|200|
93|187|192|1|170|0|200|
93|188|192|1|170|0|200|
93|188|176|1|170|0|200|
93|187|192|1|170|0|200|
93|187|192|1|170|0|200|
93|187|192|1|170|0|200|
93|187|192|1|170|0|200|
93|187|192|1|170|0|200|
93|187|192|1|170|0|200|
93|187|176|1|170|0|200|
93|187|192|1|170|0|200|
93|187|176|1|170|0|200|
93|187|192|1|170|0|200|
93|187|192|1|170|0|200|
93|185|176|1|170|0|200|
93|211|208|1|220|0|200|
93|188|192|1|170|0|200|
93|245|240|1|281|0|200|
93|313|288|1|172|0|200|
93|258|224|1|380|0|200|
93|245|192|1|303|0|200|
93|212|192|1|236|0|200|
93|319|256|1|334|0|202|
93|469|400|1|409|0|200|
93|231|144|1|204|0|200|
93|350|224|1|389|0|201|
93|257|176|1|205|0|202|
93|246|160|1|327|0|200|
93|325|208|1|394|0|202|
93|327|208|1|312|0|202|
93|486|304|2|407|0|202|
93|256|176|1|205|0|202|
93|187|112|1|170|0|200|
93|188|112|1|170|0|200|
93|188|112|1|170|0|200|
93|188|192|1|170|0|200|
93|188|192|1|170|0|200|
93|188|192|1|170|0|200|
93|187|176|1|170|0|200|
93|187|192|1|170|0|200|
93|212|208|1|170|0|200|
93|188|192|1|170|0|200|
93|188|176|1|170|0|200|
93|187|192|1|170|0|200|
93|188|176|1|170|0|200|
93|187|192|1|170|0|200|
93|187|176|1|170|0|200|
93|187|176|1|170|0|200|
93|188|176|1|170|0|200|
93|187|192|1|170|0|200|
93|187|160|1|170|0|200|
93|187|192|1|170|0|200|
93|187|192|1|170|0|200|
93|187|192|1|170|0|200|
93|188|192|1|170|0|200|
93|187|176|1|170|0|200|
93|187|160|1|170|0|200|
93|187|192|1|170|0|200|
93|187|192|1|170|0|200|
93|187|192|1|170|0|200|
93|187|192|1|170|0|200|
93|187|176|1|170|0|200|
93|187|176|1|170|0|200|
93|188|160|1|170|0|200|
93|187|192|1|170|0|200|
93|187|192|1|170|0|200|
93|187|192|1|170|0|200|
93|187|192|1|170|0|200|
93|187|192|1|170|0|200|
93|187|176|1|170|0|200|
93|187|192|1|170|0|200|
93|187|176|1|170|0|200|
93|187|192|1|170|0|200|
93|187|192|1|170|0|200|
93|252|240|1|204|0|202|
93|188|192|1|170|0|200|
93|187|176|1|170|0|200|
93|187|192|1|170|0|200|
93|251|240|1|204|0|202|
93|187|192|1|170|0|200|
93|187|192|1|170|0|200|
93|187|192|1|170|0|200|
93|188|192|1|170|0|200|
93|187|192|1|170|0|200|
93|187|176|1|170|0|200|
93|187|192|1|170|0|200|
93|187|192|1|170|0|200|
93|187|192|1|170|0|200|
93|185|192|1|170|0|200|
93|187|192|1|170|0|200|
93|187|176|1|170|0|200|
93|187|192|1|170|0|200|
93|251|256|1|204|0|202|
93|187|192|1|170|0|200|
93|187|192|1|170|0|200|
93|187|192|1|170|0|200|
93|188|176|1|170|0|200|
93|188|176|1|170|0|200|
93|187|176|1|170|0|200|
93|187|192|1|170|0|200|
93|187|176|1|170|0|200|
93|187|192|1|170|0|200|
93|187|176|1|170|0|200|
93|188|192|1|170|0|200|
93|251|256|1|203|0|202|
93|188|192|1|170|0|200|
93|187|192|1|170|0|200|
93|187|192|1|170|0|200|
93|187|192|1|170|0|200|
93|187|176|1|170|0|200|
93|188|192|1|170|0|200|
93|187|192|1|170|0|200|
93|187|192|1|170|0|200|
93|251|256|1|204|0|202|
93|187|176|1|170|0|200|
93|187|192|1|170|0|200|
93|187|192|1|170|0|200|
93|188|192|1|170|0|200|
93|187|192|1|170|0|200|
93|187|176|1|170|0|200|
93|187|192|1|170|0|200|
93|187|176|1|170|0|200|
93|187|192|1|170|0|200|
93|187|192|1|170|0|200|
93|187|192|1|170|0|200|
93|251|240|1|204|0|202|
93|187|192|1|170|0|200|
93|187|160|1|170|0|200|
93|187|192|1|170|0|200|
93|187|176|1|170|0|200|
93|187|176|1|170|0|200|
93|187|176|1|170|0|200|
93|187|176|1|170|0|200|
93|187|176|1|170|0|200|
93|187|192|1|170|0|200|
93|187|192|1|170|0|200|
93|187|192|1|170|0|200|
93|188|192|1|170|0|200|
93|188|192|1|170|0|200|
93|188|192|1|170|0|200|
93|188|192|1|170|0|200|
93|187|192|1|170|0|200|
93|187|192|1|170|0|200|
93|187|192|1|170|0|200|
93|187|192|1|170|0|200|
93|187|192|1|170|0|200|
93|187|192|1|170|0|200|
93|250|256|1|203|0|202|
93|187|176|1|170|0|200|
93|187|192|1|170|0|200|
93|185|176|1|170|0|200|
93|188|192|1|170|0|200|
93|188|192|1|170|0|200|
93|187|192|1|170|0|200|
93|187|192|1|170|0|200|
93|187|192|1|170|0|200|
93|251|240|1|204|0|202|
93|188|192|1|170|0|200|
93|188|192|1|170|0|200|
93|187|176|1|170|0|200|
93|187|192|1|170|0|200|
93|187|192|1|170|0|200|
93|187|176|1|170|0|200|
93|187|192|1|170|0|200|
93|188|176|1|170|0|200|
93|188|192|1|170|0|200|
93|188|192|1|170|0|200|
93|187|176|1|170|0|200|
93|250|240|1|203|0|202|
93|187|192|1|170|0|200|
93|251|256|1|204|0|202|
93|188|192|1|170|0|200|
93|188|192|1|170|0|200|
93|188|192|1|170|0|200|
93|188|192|1|170|0|200|
93|188|192|1|170|0|200|
93|250|256|1|203|0|202|
93|185|160|1|170|0|200|
93|187|192|1|170|0|200|
93|187|176|1|170|0|200|
93|187|192|1|170|0|200|
93|187|192|1|170|0|200|
93|187|192|1|170|0|200|
93|185|176|1|170|0|200|
93|188|192|1|170|0|200|
93|256|256|1|205|0|202|
93|187|192|1|170|0|200|
93|187|176|1|170|0|200|
93|187|176|1|170|0|200|
93|251|256|1|204|0|202|
93|187|192|1|170|0|200|
93|185|192|1|170|0|200|
93|187|192|1|170|0|200|
93|251|256|1|204|0|202|
93|187|192|1|170|0|200|
93|187|192|1|170|0|200|
93|187|192|1|170|0|200|
93|250|240|1|203|0|202|
93|188|192|1|170|0|200|
93|188|176|1|170|0|200|
93|187|192|1|170|0|200|
93|188|192|1|170|0|200|
93|187|192|1|170|0|200|
93|187|192|1|170|0|200|
93|187|176|1|170|0|200|
93|188|192|1|170|0|200|
93|187|192|1|170|0|200|
93|187|192|1|170|0|200|
93|187|192|1|170|0|200|
93|187|192|1|170|0|200|
93|187|192|1|170|0|200|
93|185|192|1|170|0|200|
93|187|192|1|170|0|200|
93|187|176|1|170|0|200|
93|187|176|1|170|0|200|
93|187|176|1|170|0|200|
93|187|192|1|170|0|200|
93|187|192|1|170|0|200|
93|255|256|1|204|0|202|
93|188|176|1|170|0|200|
93|188|192|1|170|0|200|
93|187|192|1|170|0|200|
93|187|192|1|170|0|200|
93|187|192|1|170|0|200|
93|251|240|1|204|0|202|
93|188|192|1|170|0|200|
93|188|192|1|170|0|200|
93|188|176|1|170|0|200|
93|188|192|1|170|0|200|
93|187|176|1|170|0|200|
93|187|192|1|170|0|200|
93|187|192|1|170|0|200|
93|188|176|1|170|0|200|
93|189|176|1|170|0|200|
93|188|192|1|170|0|200|
93|188|192|1|170|0|200|
93|188|192|1|170|0|200|
93|187|192|1|170|0|200|
93|187|192|1|170|0|200|
93|187|192|1|170|0|200|
93|187|176|1|170|0|200|
93|187|192|1|170|0|200|
93|187|192|1|170|0|200|
93|187|176|1|170|0|200|
93|187|192|1|170|0|200|
93|187|192|1|170|0|200|
93|188|192|1|170|0|200|
93|188|192|1|170|0|200|
93|187|192|1|170|0|200|
93|187|176|1|170|0|200|
93|187|192|1|170|0|200|
93|187|192|1|170|0|200|
93|188|176|1|170|0|200|
93|187|160|1|170|0|200|
93|188|192|1|170|0|200|
93|187|192|1|170|0|200|
93|187|192|1|170|0|200|
93|187|176|1|170|0|200|
93|187|192|1|170|0|200|
93|188|176|1|170|0|200|
93|188|192|1|170|0|200|
93|188|192|1|170|0|200|
93|187|160|1|170|0|200|
93|187|192|1|170|0|200|
93|187|192|1|170|0|200|
93|187|192|1|170|0|200|
93|188|192|1|170|0|200|
93|188|192|1|170|0|200|
93|187|192|1|170|0|200|
93|188|176|1|170|0|200|
93|187|176|1|170|0|200|
93|187|192|1|170|0|200|
93|187|192|1|170|0|200|
93|188|176|1|170|0|200|
93|187|192|1|170|0|200|
93|187|192|1|170|0|200|
93|187|192|1|170|0|200|
93|187|192|1|170|0|200|
93|187|192|1|170|0|200|
93|185|192|1|170|0|200|
93|188|192|1|170|0|200|
93|188|192|1|170|0|200|
93|188|192|1|170|0|200|
93|185|192|1|170|0|200|
93|187|192|1|170|0|200|
93|251|256|1|205|0|202|
93|188|160|1|170|0|200|
93|188|160|1|170|0|200|
93|187|160|1|170|0|200|
93|187|160|1|170|0|200|
93|292|256|1|170|0|200|
93|187|144|1|170|0|200|
93|288|240|1|238|0|201|
93|253|208|1|205|0|202|
93|188|160|1|170|0|200|
93|188|192|1|170|0|200|
93|188|192|1|170|0|200|
93|187|192|1|170|0|200|
93|188|192|1|170|0|200|
93|185|176|1|170|0|200|
93|187|192|1|170|0|200|
93|187|192|1|170|0|200|
93|187|192|1|170|0|200|
93|187|192|1|170|0|200|
93|251|240|1|204|0|202|
93|188|192|1|170|0|200|
93|188|176|1|170|0|200|
93|188|176|1|170|0|200|
93|188|192|1|170|0|200|
93|187|192|1|170|0|200|
93|276|256|1|170|0|200|
93|188|192|1|170|0|200|
93|185|192|1|170|0|200|
93|188|160|1|170|0|200|
93|203|208|1|170|0|200|
93|187|192|1|170|0|200|
93|187|176|1|170|0|200|
93|188|192|1|170|0|200|
93|188|192|1|170|0|200|
93|187|176|1|170|0|200|
93|187|176|1|170|0|200|
93|187|176|1|170|0|200|
93|187|176|1|170|0|200|
93|187|176|1|170|0|200|
93|187|176|1|170|0|200|
93|187|176|1|170|0|200|
93|187|192|1|170|0|200|
93|187|192|1|170|0|200|
93|187|176|1|170|0|200|
93|187|176|1|170|0|200|
93|187|192|1|170|0|200|
93|256|256|1|205|0|202|
93|188|176|1|170|0|200|
93|188|176|1|170|0|200|
93|188|192|1|170|0|200|
93|251|256|1|204|0|202|
93|187|192|1|170|0|200|
93|188|176|1|170|0|200|
93|195|192|1|200|0|200|
93|251|240|1|204|0|202|
93|187|192|1|170|0|200|
93|187|192|1|170|0|200|
93|187|192|1|170|0|200|
93|187|192|1|170|0|200|
93|188|192|1|170|0|200|
93|188|192|1|170|0|200|
93|188|192|1|170|0|200|
93|187|192|1|170|0|200|
93|251|256|1|204|0|202|
93|188|192|1|170|0|200|
93|188|192|1|170|0|200|
93|188|192|1|170|0|200|
93|188|176|1|170|0|200|
93|187|176|1|170|0|200|
93|187|192|1|170|0|200|
93|187|192|1|170|0|200|
93|188|176|1|170|0|200|
93|188|192|1|170|0|200|
93|187|192|1|170|0|200|
93|187|176|1|170|0|200|
93|187|192|1|170|0|200|
93|187|192|1|170|0|200|
93|188|192|1|170|0|200|
93|187|192|1|170|0|200|
93|250|224|1|203|0|202|
93|187|192|1|170|0|200|
93|187|192|1|170|0|200|
93|187|192|1|170|0|200|
93|188|192|1|170|0|200|
93|185|192|1|170|0|200|
93|188|192|1|170|0|200|
93|188|192|1|170|0|200|
93|187|192|1|170|0|200|
93|185|192|1|170|0|200|
93|187|192|1|170|0|200|
93|187|192|1|170|0|200|
93|187|192|1|170|0|200|
93|187|192|1|170|0|200|
93|187|192|1|170|0|200|
93|187|192|1|170|0|200|
93|188|192|1|170|0|200|
93|187|176|1|170|0|200|
93|187|192|1|170|0|200|
93|187|192|1|170|0|200|
93|187|176|1|170|0|200|
93|187|192|1|170|0|200|
93|187|160|1|170|0|200|
93|187|192|1|170|0|200|
93|187|192|1|170|0|200|
93|188|192|1|170|0|200|
93|188|176|1|170|0|200|
93|188|192|1|170|0|200|
93|187|192|1|170|0|200|
93|188|192|1|170|0|200|
93|188|192|1|170|0|200|
93|188|192|1|170|0|200|
93|187|192|1|170|0|200|
93|187|192|1|170|0|200|
93|187|192|1|170|0|200|
93|187|192|1|170|0|200|
93|188|176|1|170|0|200|
93|187|192|1|170|0|200|
93|187|192|1|170|0|200|
93|187|192|1|170|0|200|
93|187|192|1|170|0|200|
93|185|192|1|170|0|200|
93|187|176|1|170|0|200|
93|187|192|1|170|0|200|
93|187|192|1|170|0|200|
93|188|176|1|170|0|200|
93|188|192|1|170|0|200|
93|187|192|1|170|0|200|
93|188|176|1|170|0|200|
93|188|192|1|170|0|200|
93|188|176|1|170|0|200|
93|185|192|1|170|0|200|
93|187|176|1|170|0|200|
93|251|256|1|204|0|202|
93|187|192|1|170|0|200|
93|188|192|1|170|0|200|
93|188|192|1|170|0|200|
93|188|176|1|170|0|200|
93|187|192|1|170|0|200|
93|187|192|1|170|0|200|
93|187|192|1|170|0|200|
93|187|192|1|170|0|200|
93|188|192|1|170|0|200|
93|187|192|1|170|0|200|
93|187|176|1|170|0|200|
93|187|192|1|170|0|200|
93|187|192|1|170|0|200|
93|187|192|1|170|0|200|
93|187|176|1|170|0|200|
93|188|192|1|170|0|200|
93|185|176|1|170|0|200|
93|188|176|1|170|0|200|
93|187|192|1|170|0|200|
93|187|192|1|170|0|200|
93|253|240|1|205|0|202|
93|188|192|1|170|0|200|
93|187|176|1|170|0|200|
93|187|192|1|170|0|200|
93|188|192|1|170|0|200|
93|187|176|1|170|0|200|
93|187|192|1|170|0|200|
93|251|256|1|204|0|202|
93|251|256|1|204|0|202|
93|187|192|1|170|0|200|
93|187|192|1|170|0|200|
93|251|240|1|204|0|202|
93|187|192|1|170|0|200|
93|187|192|1|170|0|200|
93|188|176|1|170|0|200|
93|188|176|1|170|0|200|
93|187|192|1|170|0|200|
93|188|192|1|170|0|200|
93|187|192|1|170|0|200|
93|187|192|1|170|0|200|
93|188|192|1|170|0|200|
93|255|272|1|204|0|202|
93|187|192|1|170|0|200|
93|187|192|1|170|0|200|
93|187|192|1|170|0|200|
93|187|192|1|170|0|200|
93|187|176|1|170|0|200|
93|188|192|1|170|0|200|
93|188|192|1|170|0|200|
93|187|192|1|170|0|200|
93|187|192|1|170|0|200|
93|187|176|1|170|0|200|
93|187|192|1|170|0|200|
93|251|256|1|204|0|202|
93|188|176|1|170|0|200|
93|188|192|1|170|0|200|
93|187|192|1|170|0|200|
93|187|192|1|170|0|200|
93|187|192|1|170|0|200|
93|251|256|1|204|0|202|
93|188|192|1|170|0|200|
93|188|176|1|170|0|200|
93|188|192|1|170|0|200|
93|188|192|1|170|0|200|
93|187|192|1|170|0|200|
93|187|192|1|170|0|200|
93|187|192|1|170|0|200|
93|188|192|1|170|0|200|
93|188|192|1|170|0|200|
93|188|192|1|170|0|200|
93|187|176|1|170|0|200|
93|187|192|1|170|0|200|
93|187|192|1|170|0|200|
93|185|192|1|170|0|200|
93|188|192|1|170|0|200|
93|188|192|1|170|0|200|
93|188|192|1|170|0|200|
93|187|176|1|170|0|200|
93|187|176|1|170|0|200|
93|187|176|1|170|0|200|
93|188|192|1|170|0|200|
93|188|192|1|170|0|200|
93|187|176|1|170|0|200|
93|250|256|1|203|0|202|
93|187|192|1|170|0|200|
93|187|176|1|170|0|200|
93|188|192|1|170|0|200|
93|187|192|1|170|0|200|
93|187|192|1|170|0|200|
93|187|192|1|170|0|200|
93|187|176|1|170|0|200|
93|187|176|1|170|0|200|
93|250|256|1|205|0|202|
93|188|192|1|170|0|200|
93|187|192|1|170|0|200|
93|187|192|1|170|0|200|
93|188|176|1|170|0|200|
93|187|192|1|170|0|200|
93|187|192|1|170|0|200|
93|188|192|1|170|0|200|
93|188|176|1|170|0|200|
93|185|192|1|170|0|200|
93|187|192|1|170|0|200|
93|187|176|1|170|0|200|
93|187|192|1|170|0|200|
93|185|176|1|170|0|200|
93|188|192|1|170|0|200|
93|187|192|1|170|0|200|
93|187|176|1|170|0|200|
93|187|176|1|170|0|200|
93|187|192|1|170|0|200|
93|187|176|1|170|0|200|
93|187|192|1|170|0|200|
93|188|192|1|170|0|200|
93|187|192|1|170|0|200|
93|187|160|1|170|0|200|
93|187|176|1|170|0|200|
93|187|192|1|170|0|200|
93|187|192|1|170|0|200|
93|187|192|1|170|0|200|
93|188|192|1|170|0|200|
93|188|176|1|170|0|200|
93|187|192|1|170|0|200|
93|213|192|1|306|0|200|
93|188|160|1|170|0|200|
93|187|192|1|170|0|200|
93|185|192|1|170|0|200|
93|188|176|1|170|0|200|
93|187|192|1|170|0|200|
93|187|192|1|170|0|200|
93|187|192|1|170|0|200|
93|187|192|1|170|0|200|
93|187|192|1|170|0|200|
93|188|192|1|170|0|200|
93|187|176|1|170|0|200|
93|233|240|1|199|0|200|
93|187|192|1|170|0|200|
93|187|176|1|170|0|200|
93|187|192|1|170|0|200|
93|188|192|1|170|0|200|
93|187|192|1|170|0|200|
93|187|192|1|170|0|200|
93|187|192|1|170|0|200|
93|187|192|1|170|0|200|
93|251|256|1|204|0|202|
93|187|192|1|170|0|200|
93|188|192|1|170|0|200|
93|187|192|1|170|0|200|
93|188|192|1|170|0|200|
93|187|176|1|170|0|200|
93|188|192|1|170|0|200|
93|187|176|1|170|0|200|
93|188|176|1|170|0|200|
93|188|192|1|170|0|200|
93|188|192|1|170|0|200|
93|187|192|1|170|0|200|
93|187|192|1|170|0|200|
93|187|192|1|170|0|200|
93|250|256|1|205|0|202|
93|188|192|1|170|0|200|
93|187|192|1|170|0|200|
93|187|192|1|170|0|200|
93|187|192|1|170|0|200|
93|187|192|1|170|0|200|
93|188|192|1|170|0|200|
93|187|192|1|170|0|200|
93|188|176|1|170|0|200|
93|188|192|1|170|0|200|
93|188|192|1|170|0|200|
93|188|192|1|170|0|200|
93|187|192|1|170|0|200|
93|187|176|1|170|0|200|
93|187|192|1|170|0|200|
93|188|192|1|170|0|200|
93|187|192|1|170|0|200|
93|187|160|1|170|0|200|
93|187|176|1|170|0|200|
93|251|256|1|204|0|202|
93|187|192|1|170|0|200|
93|187|192|1|170|0|200|
93|188|176|1|170|0|200|
93|188|192|1|170|0|200|
93|188|192|1|170|0|200|
93|188|192|1|170|0|200|
93|188|192|1|170|0|200|
93|188|192|1|170|0|200|
93|185|192|1|170|0|200|
93|188|192|1|170|0|200|
93|188|176|1|170|0|200|
93|187|192|1|170|0|200|
93|188|176|1|170|0|200|
93|187|192|1|170|0|200|
93|187|192|1|170|0|200|
93|250|256|1|203|0|202|
93|188|192|1|170|0|200|
93|187|192|1|170|0|200|
93|187|176|1|170|0|200|
93|187|192|1|170|0|200|
93|187|192|1|170|0|200|
93|187|176|1|170|0|200|
93|187|192|1|170|0|200|
93|187|192|1|170|0|200|
93|188|192|1|170|0|200|
93|188|192|1|170|0|200|
93|187|192|1|170|0|200|
93|187|176|1|170|0|200|
93|187|192|1|170|0|200|
93|188|176|1|170|0|200|
93|187|160|1|170|0|200|
93|187|192|1|170|0|200|
93|187|176|1|170|0|200|
93|251|256|1|204|0|202|
93|187|192|1|170|0|200|
93|187|192|1|170|0|200|
93|188|192|1|170|0|200|
93|188|192|1|170|0|200|
93|187|192|1|170|0|200|
93|187|192|1|170|0|200|
93|187|192|1|170|0|200|
93|187|192|1|170|0|200|
93|251|256|1|204|0|202|
93|188|192|1|170|0|200|
93|187|192|1|170|0|200|
93|187|192|1|170|0|200|
93|187|176|1|170|0|200|
93|187|176|1|170|0|200|
93|187|192|1|170|0|200|
93|188|192|1|170|0|200|
93|188|192|1|170|0|200|
93|188|176|1|170|0|200|
93|188|192|1|170|0|200|
93|187|176|1|170|0|200|
93|188|176|1|170|0|200|
93|188|176|1|170|0|200|
93|188|192|1|170|0|200|
93|188|192|1|170|0|200|
93|188|192|1|170|0|200|
93|187|176|1|170|0|200|
93|187|192|1|170|0|200|
93|187|192|1|170|0|200|
93|187|192|1|170|0|200|
93|188|192|1|170|0|200|
93|188|192|1|170|0|200|
93|187|176|1|170|0|200|
93|187|192|1|170|0|200|
93|188|192|1|170|0|200|
93|187|192|1|170|0|200|
93|187|192|1|170|0|200|
93|188|192|1|170|0|200|
93|188|192|1|170|0|200|
93|187|192|1|170|0|200|
93|187|176|1|170|0|200|
93|187|176|1|170|0|200|
93|187|176|1|170|0|200|
93|187|192|1|170|0|200|
93|188|192|1|170|0|200|
93|188|192|1|170|0|200|
93|188|192|1|170|0|200|
93|187|192|1|170|0|200|
93|187|176|1|170|0|200|
93|187|192|1|170|0|200|
93|187|176|1|170|0|200|
93|188|192|1|170|0|200|
93|188|192|1|170|0|200|
93|187|192|1|170|0|200|
93|187|176|1|170|0|200|
93|187|192|1|170|0|200|
93|187|192|1|170|0|200|
93|187|176|1|170|0|200|
93|187|176|1|170|0|200|
93|187|192|1|170|0|200|
93|187|192|1|170|0|200|
93|187|192|1|170|0|200|
93|187|176|1|170|0|200|
93|187|192|1|170|0|200|
93|185|176|1|170|0|200|
93|188|176|1|170|0|200|
93|187|192|1|170|0|200|
93|187|192|1|170|0|200|
93|187|192|1|170|0|200|
93|187|192|1|170|0|200|
93|187|192|1|170|0|200|
93|188|192|1|170|0|200|
93|188|192|1|170|0|200|
93|251|256|1|204|0|202|
93|187|192|1|170|0|200|
93|187|192|1|170|0|200|
93|187|192|1|170|0|200|
93|187|176|1|170|0|200|
93|185|176|1|170|0|200|
93|188|192|1|170|0|200|
93|187|192|1|170|0|200|
93|187|192|1|170|0|200|
93|250|256|1|203|0|202|
93|187|192|1|170|0|200|
93|187|192|1|170|0|200|
93|251|224|1|204|0|202|
93|187|176|1|170|0|200|
93|187|192|1|170|0|200|
93|187|192|1|170|0|200|
93|187|176|1|170|0|200|
93|187|192|1|170|0|200|
93|187|192|1|170|0|200|
93|187|176|1|170|0|200|
93|187|192|1|170|0|200|
93|187|192|1|170|0|200|
93|187|192|1|170|0|200|
93|187|192|1|170|0|200|
93|188|192|1|170|0|200|
93|187|192|1|170|0|200|
93|187|192|1|170|0|200|
93|188|192|1|170|0|200|
93|187|192|1|170|0|200|
93|188|192|1|170|0|200|
93|187|192|1|170|0|200|
93|188|192|1|170|0|200|
93|187|192|1|170|0|200|
93|187|192|1|170|0|200|
93|251|240|1|204|0|202|
93|187|176|1|170|0|200|
93|187|192|1|170|0|200|
93|187|192|1|170|0|200|
93|256|240|1|205|0|202|
93|188|176|1|170|0|200|
93|188|192|1|170|0|200|
93|187|176|1|170|0|200|
93|187|176|1|170|0|200|
93|250|256|1|203|0|202|
93|188|192|1|170|0|200|
93|188|192|1|170|0|200|
93|187|192|1|170|0|200|
93|187|176|1|170|0|200|
93|187|192|1|170|0|200|
93|187|192|1|170|0|200|
93|187|192|1|170|0|200|
93|188|192|1|170|0|200|
93|188|192|1|170|0|200|
93|187|192|1|170|0|200|
93|187|192|1|170|0|200|
93|187|192|1|170|0|200|
93|187|192|1|170|0|200|
93|187|192|1|170|0|200|
93|188|176|1|170|0|200|
93|188|192|1|170|0|200|
93|188|192|1|170|0|200|
93|187|192|1|170|0|200|
93|187|192|1|170|0|200|
93|187|192|1|170|0|200|
93|187|192|1|170|0|200|
93|188|192|1|170|0|200|
93|188|176|1|170|0|200|
93|255|256|1|204|0|202|
93|295|288|1|405|0|199|
93|255|240|1|204|0|202|
93|187|160|1|170|0|200|
93|188|192|1|170|0|200|
93|187|176|1|170|0|200|
93|187|176|1|170|0|200|
93|187|176|1|170|0|200|
93|187|192|1|170|0|200|
93|187|176|1|170|0|200|
93|187|176|1|170|0|200|
93|188|176|1|170|0|200|
93|188|192|1|170|0|200|
93|187|192|1|170|0|200|
93|187|192|1|170|0|200|
93|187|192|1|170|0|200|
93|188|192|1|170|0|200|
93|188|192|1|170|0|200|
93|188|176|1|170|0|200|
93|188|192|1|170|0|200|
93|187|192|1|170|0|200|
93|188|176|1|170|0|200|
93|187|192|1|170|0|200|
93|188|192|1|170|0|200|
93|188|176|1|170|0|200|
93|188|192|1|170|0|200|
