INSTRUCTIONS_RETIRED|CYCLES|UNKNOWN|LD_BLOCKS.STORE_FORWARD|UOPS_EXECUTED.CORE|BR_MISP_RETIRED.ALL_BRANCHES|UOPS_RETIRED.ANY|
50|147|80|1|127|0|157|
50|168|112|1|182|0|155|
50|149|128|1|127|0|157|
50|147|112|1|127|0|157|
50|149|144|1|127|0|157|
50|150|144|1|127|0|157|
50|148|128|1|127|0|157|
50|148|160|1|127|0|157|
50|147|144|1|127|0|157|
50|149|128|1|127|0|157|
50|149|144|1|127|0|157|
50|148|144|1|127|0|157|
50|149|160|1|127|0|157|
50|149|160|1|127|0|157|
50|149|144|1|127|0|157|
50|268|256|1|638|0|159|
50|281|272|2|460|0|162|
50|270|176|2|545|0|159|
50|925|544|2|166|0|159|
50|149|128|1|127|0|157|
50|149|144|1|127|0|157|
50|149|144|1|127|0|157|
50|150|128|1|127|0|157|
50|149|160|1|127|0|157|
50|148|160|1|127|0|157|
50|148|160|1|127|0|157|
50|149|144|1|127|0|157|
50|149|144|1|127|0|157|
50|149|160|1|127|0|157|
50|149|144|1|127|0|157|
50|148|160|1|127|0|157|
50|148|144|1|127|0|157|
50|149|160|1|127|0|157|
50|148|160|1|127|0|157|
50|149|160|1|127|0|157|
50|149|128|1|127|0|157|
50|150|160|1|127|0|157|
50|148|128|1|127|0|157|
50|149|144|1|127|0|157|
50|147|144|1|127|0|157|
50|149|144|1|127|0|157|
50|149|144|1|127|0|157|
50|150|160|1|127|0|157|
50|148|160|1|127|0|157|
50|150|160|1|127|0|157|
50|149|160|1|127|0|157|
50|149|160|1|127|0|157|
50|150|128|1|127|0|157|
50|148|160|1|127|0|157|
50|147|128|1|127|0|157|
50|149|160|1|127|0|157|
50|149|160|1|127|0|157|
50|150|160|1|127|0|157|
50|209|224|2|166|0|159|
50|148|144|1|127|0|157|
50|148|144|1|127|0|157|
50|147|128|1|127|0|157|
50|150|160|1|127|0|157|
50|149|144|1|127|0|157|
50|149|144|1|127|0|157|
50|148|144|1|127|0|157|
50|148|128|1|127|0|157|
50|148|160|1|127|0|157|
50|149|160|1|127|0|157|
50|147|144|1|127|0|157|
50|149|128|1|127|0|157|
50|149|144|1|127|0|157|
50|148|160|1|127|0|157|
50|150|128|1|127|0|157|
50|149|160|1|127|0|157|
50|147|128|1|127|0|157|
50|150|160|1|127|0|157|
50|148|160|1|127|0|157|
50|148|128|1|127|0|157|
50|147|128|1|127|0|157|
50|147|128|1|127|0|157|
50|150|160|1|127|0|157|
50|149|160|1|127|0|157|
50|147|160|1|127|0|157|
50|147|160|1|127|0|157|
50|150|160|1|127|0|157|
50|149|160|1|127|0|157|
50|147|128|1|127|0|157|
50|148|144|1|127|0|157|
50|149|144|1|127|0|157|
50|274|256|1|127|0|157|
50|149|160|1|127|0|157|
50|150|160|1|127|0|157|
50|147|144|1|127|0|157|
50|149|160|1|127|0|157|
50|147|160|1|127|0|157|
50|149|144|1|127|0|157|
50|172|176|1|223|0|157|
50|150|160|1|127|0|157|
50|147|160|1|127|0|157|
50|149|160|1|127|0|157|
50|147|160|1|127|0|157|
50|147|160|1|127|0|157|
50|150|144|1|127|0|157|
50|149|160|1|127|0|157|
50|150|144|1|127|0|157|
50|149|160|1|127|0|157|
50|149|160|1|127|0|157|
50|148|160|1|127|0|157|
50|149|160|1|127|0|157|
50|147|144|1|127|0|157|
50|149|160|1|127|0|157|
50|149|160|1|127|0|157|
50|150|144|1|127|0|157|
50|147|160|1|127|0|157|
50|149|160|1|127|0|157|
50|147|160|1|127|0|157|
50|147|160|1|127|0|157|
50|150|128|1|127|0|157|
50|150|128|1|127|0|157|
50|148|144|1|127|0|157|
50|147|160|1|127|0|157|
50|150|160|1|127|0|157|
50|147|160|1|127|0|157|
50|147|144|1|127|0|157|
50|148|160|1|127|0|157|
50|148|160|1|127|0|157|
50|150|160|1|127|0|157|
50|150|160|1|127|0|157|
50|149|160|1|127|0|157|
50|149|160|1|127|0|157|
50|149|160|1|127|0|157|
50|148|160|1|127|0|157|
50|149|144|1|127|0|157|
50|147|160|1|127|0|157|
50|149|160|1|127|0|157|
50|150|160|1|127|0|157|
50|150|144|1|127|0|157|
50|149|160|1|127|0|157|
50|149|144|1|127|0|157|
50|149|144|1|127|0|157|
50|149|160|1|127|0|157|
50|147|144|1|127|0|157|
50|150|160|1|127|0|157|
50|148|144|1|127|0|157|
50|149|144|1|127|0|157|
50|149|128|1|127|0|157|
50|147|160|1|127|0|157|
50|150|160|1|127|0|157|
50|149|144|1|127|0|157|
50|147|144|1|127|0|157|
50|149|160|1|127|0|157|
50|150|160|1|127|0|157|
50|147|144|1|127|0|157|
50|149|144|1|127|0|157|
50|149|144|1|127|0|157|
50|148|160|1|127|0|157|
50|147|144|1|127|0|157|
50|150|144|1|127|0|157|
50|149|144|1|127|0|157|
50|150|160|1|127|0|157|
50|147|144|1|127|0|157|
50|148|160|1|127|0|157|
50|208|224|2|166|0|159|
50|149|160|1|127|0|157|
50|149|160|1|127|0|157|
50|147|144|1|127|0|157|
50|210|208|2|166|0|159|
50|148|160|1|127|0|157|
50|150|160|1|127|0|157|
50|149|144|1|127|0|157|
50|149|144|1|127|0|157|
50|150|144|1|127|0|157|
50|147|144|1|127|0|157|
50|149|160|1|127|0|157|
50|209|224|2|166|0|159|
50|149|160|1|127|0|157|
50|150|160|1|127|0|157|
50|147|144|1|127|0|157|
50|148|128|1|127|0|157|
50|209|208|2|166|0|159|
50|147|160|1|127|0|157|
50|149|144|1|127|0|157|
50|149|128|1|127|0|157|
50|150|160|1|127|0|157|
50|149|144|1|127|0|157|
50|149|160|1|127|0|157|
50|147|160|1|127|0|157|
50|275|272|1|127|0|157|
50|149|128|1|127|0|157|
50|149|128|1|127|0|157|
50|148|144|1|127|0|157|
50|149|160|1|127|0|157|
50|149|160|1|127|0|157|
50|150|160|1|127|0|157|
50|150|128|1|127|0|157|
50|147|144|1|127|0|157|
50|163|176|1|127|0|157|
50|147|160|1|127|0|157|
50|149|160|1|127|0|157|
50|209|208|2|166|0|159|
50|149|144|1|127|0|157|
50|147|160|1|127|0|157|
50|147|144|1|127|0|157|
50|150|160|1|127|0|157|
50|149|144|1|127|0|157|
50|149|160|1|127|0|157|
50|149|160|1|127|0|157|
50|147|160|1|127|0|157|
50|148|160|1|127|0|157|
50|149|128|1|127|0|157|
50|150|128|1|127|0|157|
50|149|144|1|127|0|157|
50|159|160|1|127|0|157|
50|209|224|2|166|0|159|
50|148|160|1|127|0|157|
50|150|144|1|127|0|157|
50|147|160|1|127|0|157|
50|147|144|1|127|0|157|
50|147|144|1|127|0|157|
50|148|144|1|127|0|157|
50|147|144|1|127|0|157|
50|147|144|1|127|0|157|
50|147|160|1|127|0|157|
50|149|128|1|127|0|157|
50|149|160|1|127|0|157|
50|208|192|2|166|0|159|
50|147|128|1|127|0|157|
50|148|128|1|127|0|157|
50|149|144|1|127|0|157|
50|149|144|1|127|0|157|
50|150|144|1|127|0|157|
50|148|144|1|127|0|157|
50|148|128|1|127|0|157|
50|147|144|1|127|0|157|
50|149|144|1|127|0|157|
50|149|144|1|127|0|157|
50|147|144|1|127|0|157|
50|150|144|1|127|0|157|
50|147|160|1|127|0|157|
50|149|160|1|127|0|157|
50|149|160|1|127|0|157|
50|149|128|1|127|0|157|
50|149|160|1|127|0|157|
50|148|160|1|127|0|157|
50|147|160|1|127|0|157|
50|147|128|1|127|0|157|
50|149|144|1|127|0|157|
50|150|160|1|127|0|157|
50|150|160|1|127|0|157|
50|149|160|1|127|0|157|
50|148|144|1|127|0|157|
50|149|144|1|127|0|157|
50|149|160|1|127|0|157|
50|147|144|1|127|0|157|
50|150|144|1|127|0|157|
50|147|144|1|127|0|157|
50|149|144|1|127|0|157|
50|149|144|1|127|0|157|
50|147|144|1|127|0|157|
50|147|160|1|127|0|157|
50|150|160|1|127|0|157|
50|148|144|1|127|0|157|
50|148|144|1|127|0|157|
50|147|160|1|127|0|157|
50|149|160|1|127|0|157|
50|149|160|1|127|0|157|
50|149|160|1|127|0|157|
50|150|144|1|127|0|157|
50|150|144|1|127|0|157|
50|149|144|1|127|0|157|
50|150|160|1|127|0|157|
50|150|160|1|127|0|157|
50|149|160|1|127|0|157|
50|149|144|1|127|0|157|
50|150|160|1|127|0|157|
50|150|128|1|127|0|157|
50|149|144|1|127|0|157|
50|149|160|1|127|0|157|
50|150|144|1|127|0|157|
50|147|128|1|127|0|157|
50|148|144|1|127|0|157|
50|147|160|1|127|0|157|
50|150|160|1|127|0|157|
50|150|144|1|127|0|157|
50|149|128|1|127|0|157|
50|149|160|1|127|0|157|
50|150|144|1|127|0|157|
50|150|144|1|127|0|157|
50|149|144|1|127|0|157|
50|150|160|1|127|0|157|
50|150|160|1|127|0|157|
50|149|160|1|127|0|157|
50|148|144|1|127|0|157|
50|148|160|1|127|0|157|
50|149|160|1|127|0|157|
50|149|160|1|127|0|157|
50|150|160|1|127|0|157|
50|149|128|1|127|0|157|
50|148|144|1|127|0|157|
50|148|160|1|127|0|157|
50|149|160|1|127|0|157|
50|150|144|1|127|0|157|
50|147|160|1|127|0|157|
50|147|128|1|127|0|157|
50|149|160|1|127|0|157|
50|148|144|1|127|0|157|
50|149|160|1|127|0|157|
50|150|160|1|127|0|157|
50|150|160|1|127|0|157|
50|149|160|1|127|0|157|
50|150|160|1|127|0|157|
50|149|144|1|127|0|157|
50|147|160|1|127|0|157|
50|147|144|1|127|0|157|
50|150|160|1|127|0|157|
50|149|144|1|127|0|157|
50|149|160|1|127|0|157|
50|148|144|1|127|0|157|
50|147|144|1|127|0|157|
50|149|160|1|127|0|157|
50|149|160|1|127|0|157|
50|150|144|1|127|0|157|
50|149|160|1|127|0|157|
50|150|128|1|127|0|157|
50|147|144|1|127|0|157|
50|280|272|1|127|0|157|
50|147|144|1|127|0|157|
50|149|144|1|127|0|157|
50|149|144|1|127|0|157|
50|149|160|1|127|0|157|
50|148|160|1|127|0|157|
50|149|144|1|127|0|157|
50|147|128|1|127|0|157|
50|274|272|1|127|0|157|
50|150|160|1|127|0|157|
50|148|128|1|127|0|157|
50|147|160|1|127|0|157|
50|157|160|1|127|0|157|
50|149|128|1|127|0|157|
50|149|160|1|127|0|157|
50|150|160|1|127|0|157|
50|150|160|1|127|0|157|
50|148|144|1|127|0|157|
50|148|144|1|127|0|157|
50|150|128|1|127|0|157|
50|147|160|1|127|0|157|
50|147|160|1|127|0|157|
50|150|144|1|127|0|157|
50|148|160|1|127|0|157|
50|147|160|1|127|0|157|
50|149|128|1|127|0|157|
50|149|128|1|127|0|157|
50|150|160|1|127|0|157|
50|149|160|1|127|0|157|
50|147|144|1|127|0|157|
50|148|160|1|127|0|157|
50|150|160|1|127|0|157|
50|149|144|1|127|0|157|
50|149|160|1|127|0|157|
50|164|176|1|127|0|157|
50|147|160|1|127|0|157|
50|148|160|1|127|0|157|
50|149|160|1|127|0|157|
50|149|144|1|127|0|157|
50|150|144|1|127|0|157|
50|149|144|1|127|0|157|
50|147|144|1|127|0|157|
50|147|144|1|127|0|157|
50|149|160|1|127|0|157|
50|149|144|1|127|0|157|
50|149|160|1|127|0|157|
50|149|128|1|127|0|157|
50|149|160|1|127|0|157|
50|149|160|1|127|0|157|
50|149|128|1|127|0|157|
50|149|128|1|127|0|157|
50|147|160|1|127|0|157|
50|149|160|1|127|0|157|
50|150|160|1|127|0|157|
50|148|160|1|127|0|157|
50|149|144|1|127|0|157|
50|150|144|1|127|0|157|
50|149|160|1|127|0|157|
50|147|144|1|127|0|157|
50|150|144|1|127|0|157|
50|208|224|2|166|0|159|
50|147|144|1|127|0|157|
50|149|160|1|127|0|157|
50|150|160|1|127|0|157|
50|150|160|1|127|0|157|
50|148|144|1|127|0|157|
50|147|144|1|127|0|157|
50|150|160|1|127|0|157|
50|149|144|1|127|0|157|
50|147|160|1|127|0|157|
50|150|144|1|127|0|157|
50|149|144|1|127|0|157|
50|148|160|1|127|0|157|
50|149|160|1|127|0|157|
50|150|144|1|127|0|157|
50|150|144|1|127|0|157|
50|147|160|1|127|0|157|
50|147|160|1|127|0|157|
50|147|160|1|127|0|157|
50|150|160|1|127|0|157|
50|149|128|1|127|0|157|
50|150|160|1|127|0|157|
50|149|144|1|127|0|157|
50|150|144|1|127|0|157|
50|148|144|1|127|0|157|
50|150|128|1|127|0|157|
50|149|128|1|127|0|157|
50|149|160|1|127|0|157|
50|149|144|1|127|0|157|
50|149|144|1|127|0|157|
50|147|144|1|127|0|157|
50|149|128|1|127|0|157|
50|149|160|1|127|0|157|
50|149|144|1|127|0|157|
50|149|128|1|127|0|157|
50|149|160|1|127|0|157|
50|149|144|1|127|0|157|
50|150|160|1|127|0|157|
50|147|144|1|127|0|157|
50|150|160|1|127|0|157|
50|149|160|1|127|0|157|
50|150|160|1|127|0|157|
50|150|144|1|127|0|157|
50|149|128|1|127|0|157|
50|147|144|1|127|0|157|
50|150|160|1|127|0|157|
50|149|144|1|127|0|157|
50|150|144|1|127|0|157|
50|148|160|1|127|0|157|
50|149|128|1|127|0|157|
50|149|160|1|127|0|157|
50|150|144|1|127|0|157|
50|147|144|1|127|0|157|
50|150|144|1|127|0|157|
50|148|128|1|127|0|157|
50|150|144|1|127|0|157|
50|149|144|1|127|0|157|
50|150|144|1|127|0|157|
50|150|160|1|127|0|157|
50|148|160|1|127|0|157|
50|147|144|1|127|0|157|
50|149|144|1|127|0|157|
50|150|128|1|127|0|157|
50|149|144|1|127|0|157|
50|147|144|1|127|0|157|
50|149|160|1|127|0|157|
50|149|144|1|127|0|157|
50|149|144|1|127|0|157|
50|150|160|1|127|0|157|
50|149|144|1|127|0|157|
50|150|128|1|127|0|157|
50|148|160|1|127|0|157|
50|148|144|1|127|0|157|
50|150|128|1|127|0|157|
50|149|160|1|127|0|157|
50|149|144|1|127|0|157|
50|148|160|1|127|0|157|
50|148|128|1|127|0|157|
50|158|160|1|127|0|157|
50|150|160|1|127|0|157|
50|149|160|1|127|0|157|
50|147|160|1|127|0|157|
50|149|144|1|127|0|157|
50|148|128|1|127|0|157|
50|148|160|1|127|0|157|
50|150|144|1|127|0|157|
50|149|160|1|127|0|157|
50|149|160|1|127|0|157|
50|149|160|1|127|0|157|
50|150|128|1|127|0|157|
50|147|128|1|127|0|157|
50|150|160|1|127|0|157|
50|150|160|1|127|0|157|
50|150|144|1|127|0|157|
50|147|160|1|127|0|157|
50|210|208|2|166|0|159|
50|210|208|2|166|0|159|
50|149|144|1|127|0|157|
50|150|160|1|127|0|157|
50|208|224|2|166|0|159|
50|150|160|1|127|0|157|
50|149|160|1|127|0|157|
50|148|144|1|127|0|157|
50|149|160|1|127|0|157|
50|149|160|1|127|0|157|
50|149|160|1|127|0|157|
50|147|160|1|127|0|157|
50|148|160|1|127|0|157|
50|147|144|1|127|0|157|
50|147|144|1|127|0|157|
50|149|160|1|127|0|157|
50|149|160|1|127|0|157|
50|147|144|1|127|0|157|
50|148|160|1|127|0|157|
50|148|144|1|127|0|157|
50|149|160|1|127|0|157|
50|147|144|1|127|0|157|
50|149|144|1|127|0|157|
50|149|128|1|127|0|157|
50|149|160|1|127|0|157|
50|210|224|2|166|0|159|
50|210|224|2|166|0|159|
50|147|128|1|127|0|157|
50|149|144|1|127|0|157|
50|149|160|1|127|0|157|
50|149|160|1|127|0|157|
50|147|160|1|127|0|157|
50|148|160|1|127|0|157|
50|147|144|1|127|0|157|
50|149|144|1|127|0|157|
50|149|128|1|127|0|157|
50|149|160|1|127|0|157|
50|147|160|1|127|0|157|
50|209|192|2|166|0|159|
50|150|160|1|127|0|157|
50|149|144|1|127|0|157|
50|150|160|1|127|0|157|
50|149|160|1|127|0|157|
50|150|160|1|127|0|157|
50|149|160|1|127|0|157|
50|149|144|1|127|0|157|
50|208|224|2|166|0|159|
50|149|160|1|127|0|157|
50|147|144|1|127|0|157|
50|148|128|1|127|0|157|
50|162|160|1|127|0|157|
50|150|160|1|127|0|157|
50|149|128|1|127|0|157|
50|149|128|1|127|0|157|
50|149|160|1|127|0|157|
50|149|160|1|127|0|157|
50|148|144|1|127|0|157|
50|149|128|1|127|0|157|
50|149|144|1|127|0|157|
50|149|144|1|127|0|157|
50|149|160|1|127|0|157|
50|148|128|1|127|0|157|
50|148|160|1|127|0|157|
50|147|144|1|127|0|157|
50|147|160|1|127|0|157|
50|149|160|1|127|0|157|
50|149|160|1|127|0|157|
50|150|128|1|127|0|157|
50|210|224|2|166|0|159|
50|149|160|1|127|0|157|
50|150|160|1|127|0|157|
50|149|160|1|127|0|157|
50|150|144|1|127|0|157|
50|149|160|1|127|0|157|
50|147|128|1|127|0|157|
50|150|144|1|127|0|157|
50|149|144|1|127|0|157|
50|149|160|1|127|0|157|
50|149|160|1|127|0|157|
50|150|144|1|127|0|157|
50|208|208|2|166|0|159|
50|147|160|1|127|0|157|
50|149|144|1|127|0|157|
50|149|144|1|127|0|157|
50|147|144|1|127|0|157|
50|149|160|1|127|0|157|
50|148|160|1|127|0|157|
50|149|160|1|127|0|157|
50|149|144|1|127|0|157|
50|208|208|2|166|0|159|
50|150|160|1|127|0|157|
50|149|144|1|127|0|157|
50|150|160|1|127|0|157|
50|147|160|1|127|0|157|
50|149|160|1|127|0|157|
50|147|160|1|127|0|157|
50|149|128|1|127|0|157|
50|149|160|1|127|0|157|
50|210|208|2|166|0|159|
50|150|144|1|127|0|157|
50|150|144|1|127|0|157|
50|149|144|1|127|0|157|
50|147|160|1|127|0|157|
50|150|128|1|127|0|157|
50|147|144|1|127|0|157|
50|149|160|1|127|0|157|
50|147|160|1|127|0|157|
50|149|160|1|127|0|157|
50|149|144|1|127|0|157|
50|148|160|1|127|0|157|
50|148|160|1|127|0|157|
50|150|160|1|127|0|157|
50|149|160|1|127|0|157|
50|149|144|1|127|0|157|
50|149|144|1|127|0|157|
50|150|160|1|127|0|157|
50|147|128|1|127|0|157|
50|147|144|1|127|0|157|
50|149|128|1|127|0|157|
50|149|160|1|127|0|157|
50|149|144|1|127|0|157|
50|148|144|1|127|0|157|
50|148|128|1|127|0|157|
50|149|160|1|127|0|157|
50|149|160|1|127|0|157|
50|149|128|1|127|0|157|
50|147|160|1|127|0|157|
50|175|192|1|270|0|156|
50|148|144|1|127|0|157|
50|209|208|2|166|0|159|
50|149|144|1|127|0|157|
50|150|160|1|127|0|157|
50|149|144|1|127|0|157|
50|149|128|1|127|0|157|
50|148|160|1|127|0|157|
50|274|288|1|127|0|157|
50|149|144|1|127|0|157|
50|149|144|1|127|0|157|
50|149|160|1|127|0|157|
50|150|144|1|127|0|157|
50|149|144|1|127|0|157|
50|149|144|1|127|0|157|
50|147|144|1|127|0|157|
50|149|144|1|127|0|157|
50|149|160|1|127|0|157|
50|149|144|1|127|0|157|
50|149|160|1|127|0|157|
50|149|160|1|127|0|157|
50|150|160|1|127|0|157|
50|149|160|1|127|0|157|
50|147|144|1|127|0|157|
50|149|128|1|127|0|157|
50|148|160|1|127|0|157|
50|209|192|2|166|0|159|
50|149|160|1|127|0|157|
50|149|144|1|127|0|157|
50|147|160|1|127|0|157|
50|149|144|1|127|0|157|
50|149|160|1|127|0|157|
50|147|160|1|127|0|157|
50|147|144|1|127|0|157|
50|149|144|1|127|0|157|
50|147|160|1|127|0|157|
50|150|144|1|127|0|157|
50|148|144|1|127|0|157|
50|148|160|1|127|0|157|
50|150|128|1|127|0|157|
50|147|128|1|127|0|157|
50|149|160|1|127|0|157|
50|148|128|1|127|0|157|
50|147|160|1|127|0|157|
50|148|160|1|127|0|157|
50|149|128|1|127|0|157|
50|149|144|1|127|0|157|
50|209|208|2|166|0|159|
50|150|144|1|127|0|157|
50|150|128|1|127|0|157|
50|148|144|1|127|0|157|
50|149|160|1|127|0|157|
50|150|160|1|127|0|157|
50|150|160|1|127|0|157|
50|149|160|1|127|0|157|
50|148|160|1|127|0|157|
50|148|160|1|127|0|157|
50|149|160|1|127|0|157|
50|149|160|1|127|0|157|
50|149|128|1|127|0|157|
50|147|144|1|127|0|157|
50|148|160|1|127|0|157|
50|148|144|1|127|0|157|
50|147|144|1|127|0|157|
50|150|128|1|127|0|157|
50|149|160|1|127|0|157|
50|149|128|1|127|0|157|
50|149|128|1|127|0|157|
50|148|160|1|127|0|157|
50|150|144|1|127|0|157|
50|149|144|1|127|0|157|
50|150|128|1|127|0|157|
50|150|144|1|127|0|157|
50|148|160|1|127|0|157|
50|148|160|1|127|0|157|
50|147|144|1|127|0|157|
50|150|144|1|127|0|157|
50|150|160|1|127|0|157|
50|149|144|1|127|0|157|
50|150|160|1|127|0|157|
50|148|128|1|127|0|157|
50|150|160|1|127|0|157|
50|149|144|1|127|0|157|
50|149|160|1|127|0|157|
50|149|160|1|127|0|157|
50|149|144|1|127|0|157|
50|209|208|2|166|0|159|
50|150|160|1|127|0|157|
50|149|144|1|127|0|157|
50|149|144|1|127|0|157|
50|149|128|1|127|0|157|
50|148|160|1|127|0|157|
50|148|160|1|127|0|157|
50|150|160|1|127|0|157|
50|149|160|1|127|0|157|
50|150|144|1|127|0|157|
50|150|160|1|127|0|157|
50|147|128|1|127|0|157|
50|147|160|1|127|0|157|
50|149|160|1|127|0|157|
50|150|144|1|127|0|157|
50|149|144|1|127|0|157|
50|147|144|1|127|0|157|
50|149|160|1|127|0|157|
50|148|144|1|127|0|157|
50|149|144|1|127|0|157|
50|149|160|1|127|0|157|
50|149|144|1|127|0|157|
50|149|128|1|127|0|157|
50|209|208|2|166|0|159|
50|148|144|1|127|0|157|
50|150|160|1|127|0|157|
50|150|160|1|127|0|157|
50|149|144|1|127|0|157|
50|149|160|1|127|0|157|
50|149|160|1|127|0|157|
50|147|160|1|127|0|157|
50|147|144|1|127|0|157|
50|149|144|1|127|0|157|
50|149|128|1|127|0|157|
50|149|144|1|127|0|157|
50|148|144|1|127|0|157|
50|157|160|1|127|0|157|
50|150|144|1|127|0|157|
50|147|128|1|127|0|157|
50|149|160|1|127|0|157|
50|149|160|1|127|0|157|
50|149|144|1|127|0|157|
50|149|160|1|127|0|157|
50|150|160|1|127|0|157|
50|147|144|1|127|0|157|
50|149|144|1|127|0|157|
50|150|144|1|127|0|157|
50|149|160|1|127|0|157|
50|147|144|1|127|0|157|
50|149|144|1|127|0|157|
50|149|160|1|127|0|157|
50|149|160|1|127|0|157|
50|149|160|1|127|0|157|
50|150|160|1|127|0|157|
50|148|128|1|127|0|157|
50|149|144|1|127|0|157|
50|149|128|1|127|0|157|
50|149|160|1|127|0|157|
50|149|128|1|127|0|157|
50|150|160|1|127|0|157|
50|148|160|1|127|0|157|
50|150|144|1|127|0|157|
50|150|160|1|127|0|157|
50|147|144|1|127|0|157|
50|150|160|1|127|0|157|
50|150|160|1|127|0|157|
50|149|144|1|127|0|157|
50|149|144|1|127|0|157|
50|149|144|1|127|0|157|
50|149|160|1|127|0|157|
50|150|128|1|127|0|157|
50|208|208|2|166|0|159|
50|147|160|1|127|0|157|
50|149|160|1|127|0|157|
50|149|160|1|127|0|157|
50|149|144|1|127|0|157|
50|149|144|1|127|0|157|
50|147|144|1|127|0|157|
50|148|144|1|127|0|157|
50|149|144|1|127|0|157|
50|150|160|1|127|0|157|
50|149|144|1|127|0|157|
50|150|144|1|127|0|157|
50|150|128|1|127|0|157|
50|149|144|1|127|0|157|
50|274|272|1|127|0|157|
50|150|144|1|127|0|157|
50|149|160|1|127|0|157|
50|150|128|1|127|0|157|
50|149|144|1|127|0|157|
50|148|144|1|127|0|157|
50|149|160|1|127|0|157|
50|149|144|1|127|0|157|
50|150|144|1|127|0|157|
50|150|160|1|127|0|157|
50|150|160|1|127|0|157|
50|149|128|1|127|0|157|
50|149|160|1|127|0|157|
50|149|160|1|127|0|157|
50|149|160|1|127|0|157|
50|150|160|1|127|0|157|
50|148|144|1|127|0|157|
50|149|144|1|127|0|157|
50|150|160|1|127|0|157|
50|149|160|1|127|0|157|
50|149|144|1|127|0|157|
50|148|144|1|127|0|157|
50|148|160|1|127|0|157|
50|149|128|1|127|0|157|
50|150|160|1|127|0|157|
50|149|160|1|127|0|157|
50|149|144|1|127|0|157|
50|149|144|1|127|0|157|
50|149|160|1|127|0|157|
50|150|160|1|127|0|157|
50|149|160|1|127|0|157|
50|149|160|1|127|0|157|
50|149|160|1|127|0|157|
50|149|144|1|127|0|157|
50|149|160|1|127|0|157|
50|149|144|1|127|0|157|
50|149|128|1|127|0|157|
50|148|160|1|127|0|157|
50|149|144|1|127|0|157|
50|149|160|1|127|0|157|
50|149|128|1|127|0|157|
50|149|144|1|127|0|157|
50|149|144|1|127|0|157|
50|149|144|1|127|0|157|
50|149|160|1|127|0|157|
50|150|128|1|127|0|157|
50|149|128|1|127|0|157|
50|147|160|1|127|0|157|
50|149|160|1|127|0|157|
50|149|160|1|127|0|157|
50|149|160|1|127|0|157|
50|149|160|1|127|0|157|
50|148|160|1|127|0|157|
50|147|160|1|127|0|157|
50|149|160|1|127|0|157|
50|149|160|1|127|0|157|
50|149|160|1|127|0|157|
50|147|160|1|127|0|157|
50|147|144|1|127|0|157|
50|147|128|1|127|0|157|
50|147|144|1|127|0|157|
50|149|160|1|127|0|157|
50|149|160|1|127|0|157|
50|208|208|2|166|0|159|
50|149|128|1|127|0|157|
50|150|144|1|127|0|157|
50|149|128|1|127|0|157|
50|147|144|1|127|0|157|
50|149|144|1|127|0|157|
50|147|144|1|127|0|157|
50|150|144|1|127|0|157|
50|150|160|1|127|0|157|
50|149|128|1|127|0|157|
50|149|160|1|127|0|157|
50|149|144|1|127|0|157|
50|150|160|1|127|0|157|
50|148|144|1|127|0|157|
50|150|144|1|127|0|157|
50|147|128|1|127|0|157|
50|150|144|1|127|0|157|
50|149|160|1|127|0|157|
50|150|160|1|127|0|157|
50|148|144|1|127|0|157|
50|147|144|1|127|0|157|
50|149|160|1|127|0|157|
50|149|144|1|127|0|157|
50|149|160|1|127|0|157|
50|149|160|1|127|0|157|
50|148|144|1|127|0|157|
50|150|144|1|127|0|157|
50|149|144|1|127|0|157|
50|148|160|1|127|0|157|
50|149|160|1|127|0|157|
50|149|144|1|127|0|157|
50|148|160|1|127|0|157|
50|149|160|1|127|0|157|
50|147|160|1|127|0|157|
50|149|160|1|127|0|157|
50|147|144|1|127|0|157|
50|148|128|1|127|0|157|
50|148|160|1|127|0|157|
50|150|160|1|127|0|157|
50|149|160|1|127|0|157|
50|149|144|1|127|0|157|
50|149|144|1|127|0|157|
50|150|160|1|127|0|157|
50|165|176|1|127|0|157|
50|149|160|1|127|0|157|
50|149|144|1|127|0|157|
50|150|160|1|127|0|157|
50|149|160|1|127|0|157|
50|149|144|1|127|0|157|
50|162|160|1|127|0|157|
50|150|160|1|127|0|157|
50|150|144|1|127|0|157|
50|149|144|1|127|0|157|
50|149|144|1|127|0|157|
50|160|160|1|190|0|157|
50|210|192|2|166|0|159|
50|147|144|1|127|0|157|
50|147|160|1|127|0|157|
50|150|160|1|127|0|157|
50|149|160|1|127|0|157|
50|148|160|1|127|0|157|
50|149|160|1|127|0|157|
50|149|128|1|127|0|157|
50|147|160|1|127|0|157|
50|150|160|1|127|0|157|
50|149|144|1|127|0|157|
50|147|144|1|127|0|157|
50|148|128|1|127|0|157|
50|159|160|1|127|0|157|
50|149|160|1|127|0|157|
50|149|128|1|127|0|157|
50|150|128|1|127|0|157|
50|148|144|1|127|0|157|
50|148|128|1|127|0|157|
50|149|160|1|127|0|157|
50|149|144|1|127|0|157|
50|147|144|1|127|0|157|
50|149|144|1|127|0|157|
50|147|144|1|127|0|157|
50|147|128|1|127|0|157|
50|147|160|1|127|0|157|
50|147|160|1|127|0|157|
50|149|160|1|127|0|157|
50|149|128|1|127|0|157|
50|149|128|1|127|0|157|
50|147|144|1|127|0|157|
50|149|144|1|127|0|157|
50|149|144|1|127|0|157|
50|149|160|1|127|0|157|
50|149|144|1|127|0|157|
50|149|144|1|127|0|157|
50|148|128|1|127|0|157|
50|149|144|1|127|0|157|
50|150|144|1|127|0|157|
50|149|160|1|127|0|157|
50|149|144|1|127|0|157|
50|148|144|1|127|0|157|
50|163|176|1|127|0|157|
50|149|160|1|127|0|157|
50|150|160|1|127|0|157|
50|150|160|1|127|0|157|
50|149|160|1|127|0|157|
50|147|128|1|127|0|157|
50|150|144|1|127|0|157|
50|150|144|1|127|0|157|
50|149|144|1|127|0|157|
50|149|160|1|127|0|157|
50|149|160|1|127|0|157|
50|150|128|1|127|0|157|
50|147|160|1|127|0|157|
50|150|160|1|127|0|157|
50|150|160|1|127|0|157|
50|149|144|1|127|0|157|
50|147|160|1|127|0|157|
50|148|128|1|127|0|157|
50|148|160|1|127|0|157|
50|149|144|1|127|0|157|
50|150|160|1|127|0|157|
50|149|144|1|127|0|157|
50|150|128|1|127|0|157|
50|148|128|1|127|0|157|
50|147|144|1|127|0|157|
50|149|160|1|127|0|157|
50|150|144|1|127|0|157|
50|150|144|1|127|0|157|
50|195|192|1|392|0|157|
50|209|208|2|166|0|159|
50|147|144|1|127|0|157|
50|149|144|1|127|0|157|
50|149|160|1|127|0|157|
50|209|192|2|166|0|159|
50|149|160|1|127|0|157|
50|147|128|1|127|0|157|
50|210|208|2|166|0|159|
50|149|144|1|127|0|157|
50|150|160|1|127|0|157|
50|149|144|1|127|0|157|
50|150|160|1|127|0|157|
50|150|144|1|127|0|157|
50|162|176|1|127|0|157|
50|150|160|1|127|0|157|
50|150|144|1|127|0|157|
50|149|160|1|127|0|157|
50|150|160|1|127|0|157|
50|147|144|1|127|0|157|
50|147|128|1|127|0|157|
50|148|128|1|127|0|157|
50|149|128|1|127|0|157|
50|149|144|1|127|0|157|
50|150|144|1|127|0|157|
50|148|160|1|127|0|157|
50|148|144|1|127|0|157|
50|148|144|1|127|0|157|
50|149|144|1|127|0|157|
50|149|160|1|127|0|157|
50|147|144|1|127|0|157|
50|149|160|1|127|0|157|
50|149|128|1|127|0|157|
50|150|160|1|127|0|157|
50|149|160|1|127|0|157|
50|150|160|1|127|0|157|
50|149|128|1|127|0|157|
50|149|160|1|127|0|157|
