INSTRUCTIONS_RETIRED|CYCLES|UNKNOWN|LD_BLOCKS.STORE_FORWARD|UOPS_EXECUTED.CORE|BR_MISP_RETIRED.ALL_BRANCHES|UOPS_RETIRED.ANY|
195|290|192|1|272|0|302|
195|290|192|1|272|0|302|
195|309|208|1|272|1|302|
195|290|224|1|272|0|302|
195|290|208|1|272|0|302|
195|290|304|1|272|0|302|
195|289|288|1|272|0|302|
195|357|336|1|306|0|304|
195|289|192|1|272|0|302|
195|352|240|1|305|0|304|
195|290|176|1|272|0|302|
195|311|192|1|272|1|302|
195|287|240|1|272|0|302|
195|290|256|1|272|0|302|
195|289|288|1|272|0|302|
195|289|304|1|272|0|302|
195|289|288|1|272|0|302|
195|565|560|1|1328|0|304|
195|524|528|1|976|0|304|
195|443|352|1|638|0|304|
195|290|224|1|272|0|302|
195|290|288|1|272|0|302|
195|290|304|1|272|0|302|
195|311|320|1|272|1|302|
195|357|368|1|306|0|304|
195|289|304|1|272|0|302|
195|290|304|1|272|0|302|
195|378|368|1|306|1|304|
195|311|304|1|272|1|302|
195|357|352|1|306|0|304|
195|289|288|1|272|0|302|
195|368|368|1|365|0|301|
195|324|336|1|310|1|302|
195|453|384|1|342|0|302|
195|375|352|1|437|0|300|
195|289|288|1|272|0|302|
195|289|288|1|272|0|302|
195|290|304|1|272|0|302|
195|311|304|1|272|1|302|
195|290|288|1|272|0|302|
195|290|288|1|272|0|302|
195|289|304|1|272|0|302|
195|352|336|1|307|0|304|
195|290|288|1|272|0|302|
195|290|272|1|272|0|302|
195|311|304|1|272|1|302|
195|311|304|1|272|1|302|
195|290|272|1|272|0|302|
195|289|288|1|272|0|302|
195|287|288|1|272|0|302|
195|371|384|1|404|0|300|
195|290|272|1|272|0|302|
195|290|288|1|272|0|302|
195|290|288|1|272|0|302|
195|289|288|1|272|0|302|
195|311|304|1|272|1|302|
195|290|272|1|272|0|302|
195|311|320|1|272|1|302|
195|290|304|1|272|0|302|
195|289|272|1|272|0|302|
195|289|288|1|272|0|302|
195|289|304|1|272|0|302|
195|311|304|1|272|1|302|
195|290|288|1|272|0|302|
195|311|320|1|272|1|302|
195|289|304|1|272|0|302|
195|289|288|1|272|0|302|
195|353|352|1|306|0|304|
195|309|304|1|272|1|302|
195|311|304|1|272|1|302|
195|290|288|1|272|0|302|
195|289|304|1|272|0|302|
195|289|272|1|272|0|302|
195|310|304|1|272|1|302|
195|290|288|1|272|0|302|
195|287|304|1|272|0|302|
195|378|368|1|306|1|304|
195|311|320|1|272|1|302|
195|290|272|1|272|0|302|
195|289|304|1|272|0|302|
195|290|288|1|272|0|302|
195|290|304|1|272|0|302|
195|287|288|1|272|0|302|
195|290|272|1|272|0|302|
195|290|304|1|272|0|302|
195|289|304|1|272|0|302|
195|290|288|1|272|0|302|
195|309|304|1|272|1|302|
195|290|272|1|272|0|302|
195|311|320|1|272|1|302|
195|289|272|1|272|0|302|
195|289|304|1|272|0|302|
195|290|288|1|272|0|302|
195|289|272|1|272|0|302|
195|309|304|1|272|1|302|
195|290|288|1|272|0|302|
195|290|304|1|272|0|302|
195|289|304|1|272|0|302|
195|290|288|1|272|0|302|
195|290|288|1|272|0|302|
195|290|272|1|272|0|302|
195|290|304|1|272|0|302|
195|289|288|1|272|0|302|
195|289|288|1|272|0|302|
195|309|304|1|272|1|302|
195|290|272|1|272|0|302|
195|290|272|1|272|0|302|
195|311|320|1|272|1|302|
195|291|304|1|272|0|302|
195|289|288|1|272|0|302|
195|290|288|1|272|0|302|
195|311|304|1|272|1|302|
195|287|272|1|272|0|302|
195|290|288|1|272|0|302|
195|289|304|1|272|0|302|
195|289|288|1|272|0|302|
195|311|320|1|272|1|302|
195|290|288|1|272|0|302|
195|290|288|1|272|0|302|
195|290|288|1|272|0|302|
195|291|288|1|272|0|302|
195|289|288|1|272|0|302|
195|310|304|1|272|1|302|
195|290|288|1|272|0|302|
195|311|304|1|272|1|302|
195|290|272|1|272|0|302|
195|290|288|1|272|0|302|
195|290|288|1|272|0|302|
195|287|272|1|272|0|302|
195|289|288|1|272|0|302|
195|290|304|1|272|0|302|
195|290|288|1|272|0|302|
195|289|272|1|272|0|302|
195|290|288|1|272|0|302|
195|289|304|1|272|0|302|
195|289|304|1|272|0|302|
195|290|288|1|272|0|302|
195|290|288|1|272|0|302|
195|290|272|1|272|0|302|
195|289|288|1|272|0|302|
195|377|384|1|307|1|304|
195|290|288|1|272|0|302|
195|335|352|1|368|0|302|
195|371|368|1|323|0|304|
195|289|288|1|272|0|302|
195|289|304|1|272|0|302|
195|309|304|1|272|1|302|
195|290|272|1|272|0|302|
195|290|304|1|272|0|302|
195|290|272|1|272|0|302|
195|289|288|1|272|0|302|
195|289|288|1|272|0|302|
195|309|320|1|272|1|302|
195|309|320|1|272|1|302|
195|290|304|1|272|0|302|
195|290|288|1|272|0|302|
195|289|288|1|272|0|302|
195|289|304|1|272|0|302|
195|290|288|1|272|0|302|
195|290|288|1|272|0|302|
195|290|288|1|272|0|302|
195|290|288|1|272|0|302|
195|289|288|1|272|0|302|
195|353|352|1|305|0|304|
195|309|304|1|272|1|302|
195|310|320|1|272|1|302|
195|290|288|1|272|0|302|
195|311|320|1|272|1|302|
195|291|288|1|272|0|302|
195|287|288|1|272|0|302|
195|290|304|1|272|0|302|
195|353|368|1|306|0|304|
195|311|304|1|272|1|302|
195|290|288|1|272|0|302|
195|290|304|1|272|0|302|
195|290|304|1|272|0|302|
195|287|288|1|272|0|302|
195|290|304|1|272|0|302|
195|290|288|1|272|0|302|
195|290|304|1|272|0|302|
195|290|304|1|272|0|302|
195|290|288|1|272|0|302|
195|290|272|1|272|0|302|
195|309|304|1|272|1|302|
195|290|272|1|272|0|302|
195|290|304|1|272|0|302|
195|290|304|1|272|0|302|
195|289|304|1|272|0|302|
195|290|288|1|272|0|302|
195|311|304|1|272|1|302|
195|290|304|1|272|0|302|
195|290|272|1|272|0|302|
195|289|304|1|272|0|302|
195|289|288|1|272|0|302|
195|290|288|1|272|0|302|
195|290|288|1|272|0|302|
195|311|320|1|272|1|302|
195|290|272|1|272|0|302|
195|290|288|1|272|0|302|
195|290|272|1|272|0|302|
195|287|304|1|272|0|302|
195|290|272|1|272|0|302|
195|406|416|1|494|1|302|
195|311|304|1|272|1|302|
195|290|288|1|272|0|302|
195|290|288|1|272|0|302|
195|311|320|1|272|1|302|
195|290|288|1|272|0|302|
195|290|304|1|272|0|302|
195|311|320|1|272|1|302|
195|289|288|1|272|0|302|
195|289|288|1|272|0|302|
195|289|288|1|272|0|302|
195|290|272|1|272|0|302|
195|407|416|1|383|0|304|
195|289|272|1|272|0|302|
195|289|304|1|272|0|302|
195|289|288|1|272|0|302|
195|290|288|1|272|0|302|
195|290|288|1|272|0|302|
195|287|272|1|272|0|302|
195|290|272|1|272|0|302|
195|289|272|1|272|0|302|
195|289|288|1|272|0|302|
195|290|288|1|272|0|302|
195|290|288|1|272|0|302|
195|311|304|1|272|1|302|
195|311|304|1|272|1|302|
195|289|272|1|272|0|302|
195|289|288|1|272|0|302|
195|287|304|1|272|0|302|
195|290|272|1|272|0|302|
195|290|288|1|272|0|302|
195|290|304|1|272|0|302|
195|289|288|1|272|0|302|
195|289|272|1|272|0|302|
195|311|304|1|272|1|302|
195|290|288|1|272|0|302|
195|311|320|1|272|1|302|
195|290|304|1|272|0|302|
195|289|288|1|272|0|302|
195|373|384|1|407|0|302|
195|290|272|1|272|0|302|
195|290|288|1|272|0|302|
195|290|288|1|272|0|302|
195|290|272|1|272|0|302|
195|290|304|1|272|0|302|
195|290|304|1|272|0|302|
195|290|288|1|272|0|302|
195|290|288|1|272|0|302|
195|311|304|1|272|1|302|
195|335|336|1|333|0|302|
195|290|288|1|272|0|302|
195|289|288|1|272|0|302|
195|287|304|1|272|0|302|
195|290|288|1|272|0|302|
195|290|288|1|272|0|302|
195|290|272|1|272|0|302|
195|289|304|1|272|0|302|
195|290|272|1|272|0|302|
195|289|304|1|272|0|302|
195|290|272|1|272|0|302|
195|357|352|1|306|0|304|
195|290|304|1|272|0|302|
195|289|304|1|272|0|302|
195|289|272|1|272|0|302|
195|311|304|1|272|1|302|
195|290|288|1|272|0|302|
195|311|320|1|272|1|302|
195|290|288|1|272|0|302|
195|358|368|1|307|0|304|
195|289|272|1|272|0|302|
195|309|304|1|272|1|302|
195|290|272|1|272|0|302|
195|309|320|1|272|1|302|
195|494|496|1|1204|0|303|
195|358|352|1|307|0|304|
195|290|272|1|272|0|302|
195|290|304|1|272|0|302|
195|289|304|1|272|0|302|
195|289|272|1|272|0|302|
195|349|352|1|512|0|302|
195|352|336|1|305|0|304|
195|357|304|1|306|0|304|
195|379|320|1|307|1|304|
195|290|288|1|272|0|302|
195|290|304|1|272|0|302|
195|362|368|1|383|0|302|
195|357|368|1|306|0|304|
195|290|288|1|272|0|302|
195|287|272|1|272|0|302|
195|287|288|1|272|0|302|
195|311|304|1|272|1|302|
195|287|304|1|272|0|302|
195|289|272|1|272|0|302|
195|289|288|1|272|0|302|
195|287|288|1|272|0|302|
195|287|288|1|272|0|302|
195|290|304|1|272|0|302|
195|311|304|1|272|1|302|
195|378|368|1|306|1|304|
195|290|288|1|272|0|302|
195|290|272|1|272|0|302|
195|290|288|1|272|0|302|
195|290|288|1|272|0|302|
195|290|288|1|272|0|302|
195|289|288|1|272|0|302|
195|289|272|1|272|0|302|
195|289|272|1|272|0|302|
195|289|272|1|272|0|302|
195|375|384|1|463|0|302|
195|290|288|1|272|0|302|
195|287|288|1|272|0|302|
195|289|304|1|272|0|302|
195|289|272|1|272|0|302|
195|311|304|1|272|1|302|
195|287|272|1|272|0|302|
195|290|288|1|272|0|302|
195|287|288|1|272|0|302|
195|290|304|1|272|0|302|
195|287|272|1|272|0|302|
195|287|288|1|272|0|302|
195|290|304|1|272|0|302|
195|289|304|1|272|0|302|
195|289|272|1|272|0|302|
195|324|320|1|283|1|302|
195|311|320|1|272|1|302|
195|311|304|1|272|1|302|
195|289|288|1|272|0|302|
195|290|272|1|272|0|302|
195|525|528|1|808|1|304|
195|417|368|1|379|0|304|
195|403|352|1|401|0|304|
195|437|400|1|488|0|304|
195|504|448|1|716|0|304|
195|541|480|1|799|0|304|
195|468|416|1|678|0|306|
195|539|496|1|707|0|305|
195|431|384|1|652|0|302|
195|541|480|1|951|0|305|
195|517|448|1|560|0|305|
195|397|320|1|349|0|304|
195|309|240|1|353|0|302|
195|508|384|1|721|0|301|
195|415|320|1|727|0|302|
195|644|528|1|791|0|304|
195|465|368|1|1067|0|301|
195|469|368|1|1104|0|302|
195|477|368|1|1040|0|302|
195|485|384|1|1055|0|302|
195|360|288|1|1038|0|302|
195|451|368|1|480|0|304|
195|549|432|1|1265|0|303|
195|543|432|1|752|1|304|
195|372|304|1|376|1|302|
195|378|320|1|307|1|304|
195|358|288|1|306|0|304|
195|290|272|1|272|0|302|
195|358|320|1|307|0|304|
195|437|384|1|451|0|304|
195|543|336|1|418|0|304|
195|353|208|1|306|0|304|
195|289|160|1|272|0|302|
195|289|208|1|272|0|302|
195|290|208|1|272|0|302|
195|290|224|1|272|0|302|
195|289|256|1|272|0|302|
195|290|256|1|272|0|302|
195|290|288|1|272|0|302|
195|290|304|1|272|0|302|
195|289|272|1|272|0|302|
195|318|304|1|287|0|302|
195|422|416|1|432|0|306|
195|352|320|1|307|0|304|
195|289|272|1|272|0|302|
195|289|256|1|272|0|302|
195|290|272|1|272|0|302|
195|290|272|1|272|0|302|
195|353|336|1|306|0|304|
195|290|288|1|272|0|302|
195|290|304|1|272|0|302|
195|352|352|1|305|0|304|
195|289|304|1|272|0|302|
195|355|352|1|307|0|304|
195|378|320|1|555|0|302|
195|319|240|1|279|0|302|
195|377|288|1|307|1|304|
195|290|224|1|272|0|302|
195|299|304|1|272|0|302|
195|311|304|1|272|1|302|
195|290|304|1|272|0|302|
195|287|288|1|272|0|302|
195|290|288|1|272|0|302|
195|310|304|1|292|0|302|
195|595|592|1|705|1|303|
195|310|304|1|272|1|302|
195|289|304|1|272|0|302|
195|374|384|1|306|1|304|
195|289|272|1|272|0|302|
195|290|288|1|272|0|302|
195|491|496|1|420|1|304|
195|289|288|1|272|0|302|
195|290|304|1|272|0|302|
195|290|304|1|272|0|302|
195|290|304|1|272|0|302|
195|468|480|1|718|0|304|
195|424|368|1|745|0|304|
195|398|336|1|336|1|304|
195|554|464|2|456|0|304|
195|358|272|1|307|0|304|
195|291|224|1|272|0|302|
195|289|256|1|272|0|302|
195|290|272|1|272|0|302|
195|289|288|1|272|0|302|
195|289|288|1|272|0|302|
195|353|352|1|306|0|304|
195|289|288|1|272|0|302|
195|289|288|1|272|0|302|
195|518|496|1|524|0|304|
195|303|208|1|286|0|302|
195|289|176|1|272|0|302|
195|400|256|1|474|0|301|
195|290|256|1|272|0|302|
195|289|272|1|272|0|302|
195|352|352|1|305|0|304|
195|289|304|1|272|0|302|
195|289|288|1|272|0|302|
195|290|304|1|272|0|302|
195|311|320|1|272|1|302|
195|290|272|1|272|0|302|
195|373|368|1|364|1|303|
195|542|544|1|1427|0|304|
195|500|352|1|650|0|304|
195|376|256|1|353|1|301|
195|357|272|1|306|0|304|
195|291|208|1|272|0|302|
195|290|208|1|272|0|302|
195|290|304|1|272|0|302|
195|290|304|1|272|0|302|
195|290|288|1|272|0|302|
195|290|272|1|272|0|302|
195|291|304|1|272|0|302|
195|539|432|1|1419|0|305|
195|290|240|1|272|0|302|
195|290|272|1|272|0|302|
195|290|288|1|272|0|302|
195|290|304|1|272|0|302|
195|290|304|1|272|0|302|
195|290|304|1|272|0|302|
195|289|288|1|272|0|302|
195|290|272|1|272|0|302|
195|290|304|1|272|0|302|
195|311|304|1|272|1|302|
195|373|384|1|447|0|302|
195|358|352|1|307|0|304|
195|290|272|1|272|0|302|
195|353|336|1|306|0|304|
195|290|256|1|272|0|302|
195|355|368|1|307|0|304|
195|289|272|1|272|0|302|
195|289|288|1|272|0|302|
195|289|288|1|272|0|302|
195|289|288|1|272|0|302|
195|290|288|1|272|0|302|
195|290|304|1|272|0|302|
195|290|304|1|272|0|302|
195|290|288|1|272|0|302|
195|290|304|1|272|0|302|
195|290|288|1|272|0|302|
195|309|304|1|272|1|302|
195|290|288|1|272|0|302|
195|290|304|1|272|0|302|
195|289|288|1|272|0|302|
195|289|288|1|272|0|302|
195|311|304|1|272|1|302|
195|290|304|1|272|0|302|
195|290|272|1|272|0|302|
195|381|384|1|474|1|302|
195|290|288|1|272|0|302|
195|290|288|1|272|0|302|
195|290|288|1|272|0|302|
195|289|272|1|272|0|302|
195|393|352|1|366|0|304|
195|290|256|1|272|0|302|
195|292|256|1|272|0|302|
195|406|368|1|479|1|302|
195|378|352|1|306|1|304|
195|290|256|1|272|0|302|
195|290|288|1|272|0|302|
195|290|304|1|272|0|302|
195|289|304|1|272|0|302|
195|365|368|1|436|0|300|
195|289|288|1|272|0|302|
195|290|288|1|272|0|302|
195|290|304|1|272|0|302|
195|289|288|1|272|0|302|
195|289|288|1|272|0|302|
195|289|304|1|272|0|302|
195|290|304|1|272|0|302|
195|311|304|1|272|1|302|
195|357|352|1|306|0|304|
195|289|288|1|272|0|302|
195|289|272|1|272|0|302|
195|299|304|1|294|0|302|
195|289|288|1|272|0|302|
195|290|288|1|272|0|302|
195|290|304|1|272|0|302|
195|290|288|1|272|0|302|
195|290|304|1|272|0|302|
195|291|288|1|272|0|302|
195|311|304|1|272|1|302|
195|290|288|1|272|0|302|
195|290|272|1|272|0|302|
195|417|416|1|596|1|302|
195|291|288|1|272|0|302|
195|290|304|1|272|0|302|
195|290|288|1|272|0|302|
195|290|288|1|272|0|302|
195|290|304|1|272|0|302|
195|287|288|1|272|0|302|
195|290|288|1|272|0|302|
195|290|288|1|272|0|302|
195|309|304|1|272|1|302|
195|289|304|1|272|0|302|
195|311|320|1|272|1|302|
195|290|288|1|272|0|302|
195|289|304|1|272|0|302|
195|289|288|1|272|0|302|
195|289|288|1|272|0|302|
195|357|352|1|369|0|302|
195|301|272|1|294|0|302|
195|296|288|1|285|0|302|
195|363|352|1|332|1|302|
195|441|400|1|657|0|302|
195|380|336|1|480|0|302|
195|456|448|1|749|0|304|
195|378|368|1|459|0|302|
195|392|368|1|586|0|302|
195|334|272|1|363|0|302|
195|447|304|1|632|0|302|
195|429|304|1|765|0|302|
195|379|240|1|429|0|304|
195|498|288|1|994|1|303|
195|455|256|1|684|0|302|
195|347|208|1|530|0|302|
195|331|208|1|338|0|302|
195|347|192|1|509|0|301|
195|298|176|1|278|0|302|
195|463|272|1|949|0|301|
195|328|208|1|373|0|302|
195|468|288|1|1116|0|301|
195|410|256|1|396|0|303|
195|289|192|1|272|0|302|
195|353|240|1|306|0|304|
195|289|176|1|272|0|302|
195|311|192|1|272|1|302|
195|311|288|1|272|1|302|
195|289|272|1|272|0|302|
195|290|304|1|272|0|302|
195|290|288|1|272|0|302|
195|290|288|1|272|0|302|
195|352|368|1|307|0|304|
195|287|272|1|272|0|302|
195|290|288|1|272|0|302|
195|290|272|1|272|0|302|
195|290|304|1|272|0|302|
195|289|288|1|272|0|302|
195|289|288|1|272|0|302|
195|379|368|1|307|1|304|
195|290|288|1|272|0|302|
195|311|304|1|272|1|302|
195|290|288|1|272|0|302|
195|289|304|1|272|0|302|
195|290|272|1|272|0|302|
195|311|320|1|272|1|302|
195|290|288|1|272|0|302|
195|290|288|1|272|0|302|
195|289|304|1|272|0|302|
195|289|288|1|272|0|302|
195|311|304|1|272|1|302|
195|290|272|1|272|0|302|
195|290|304|1|272|0|302|
195|289|288|1|272|0|302|
195|289|288|1|272|0|302|
195|357|336|1|340|0|302|
195|290|288|1|272|0|302|
195|290|288|1|272|0|302|
195|311|304|1|272|1|302|
195|289|272|1|272|0|302|
195|290|304|1|272|0|302|
195|289|304|1|272|0|302|
195|357|368|1|306|0|304|
195|290|288|1|272|0|302|
195|287|288|1|272|0|302|
195|290|304|1|272|0|302|
195|311|320|1|272|1|302|
195|290|288|1|272|0|302|
195|287|288|1|272|0|302|
195|290|288|1|272|0|302|
195|287|272|1|272|0|302|
195|290|304|1|272|0|302|
195|290|304|1|272|0|302|
195|290|272|1|272|0|302|
195|290|272|1|272|0|302|
195|289|256|1|272|0|302|
195|287|272|1|272|0|302|
195|289|272|1|272|0|302|
195|290|288|1|272|0|302|
195|290|304|1|272|0|302|
195|290|288|1|272|0|302|
195|289|272|1|272|0|302|
195|309|304|1|272|1|302|
195|287|288|1|272|0|302|
195|290|272|1|272|0|302|
195|290|288|1|272|0|302|
195|290|288|1|272|0|302|
195|289|272|1|272|0|302|
195|290|288|1|272|0|302|
195|289|288|1|272|0|302|
195|290|288|1|272|0|302|
195|290|288|1|272|0|302|
195|289|288|1|272|0|302|
195|290|304|1|272|0|302|
195|290|288|1|272|0|302|
195|290|288|1|272|0|302|
195|358|368|1|307|0|304|
195|290|304|1|272|0|302|
195|289|288|1|272|0|302|
195|289|304|1|272|0|302|
195|290|304|1|272|0|302|
195|355|352|1|307|0|304|
195|290|288|1|272|0|302|
195|311|304|1|272|1|302|
195|289|288|1|272|0|302|
195|289|304|1|272|0|302|
195|287|288|1|272|0|302|
195|311|320|1|272|1|302|
195|310|320|1|272|1|302|
195|290|288|1|272|0|302|
195|311|320|1|272|1|302|
195|289|304|1|272|0|302|
195|287|272|1|272|0|302|
195|289|288|1|272|0|302|
195|311|304|1|272|1|302|
195|290|288|1|272|0|302|
195|290|288|1|272|0|302|
195|289|304|1|272|0|302|
195|311|304|1|272|1|302|
195|290|272|1|272|0|302|
195|473|464|1|422|0|304|
195|311|304|1|272|1|302|
195|290|288|1|272|0|302|
195|289|288|1|272|0|302|
195|290|288|1|272|0|302|
195|290|272|1|272|0|302|
195|311|320|1|272|1|302|
195|290|304|1|272|0|302|
195|289|288|1|272|0|302|
195|289|272|1|272|0|302|
195|311|304|1|272|1|302|
195|287|272|1|272|0|302|
195|311|304|1|272|1|302|
195|287|288|1|272|0|302|
195|289|288|1|272|0|302|
195|290|272|1|272|0|302|
195|289|304|1|272|0|302|
195|378|384|1|521|0|302|
195|311|304|1|272|1|302|
195|287|288|1|272|0|302|
195|311|320|1|272|1|302|
195|290|304|1|272|0|302|
195|291|272|1|272|0|302|
195|290|288|1|272|0|302|
195|290|304|1|272|0|302|
195|290|288|1|272|0|302|
195|378|368|1|306|1|304|
195|289|304|1|272|0|302|
195|290|288|1|272|0|302|
195|377|368|1|307|1|304|
195|290|272|1|272|0|302|
195|287|272|1|272|0|302|
195|290|288|1|272|0|302|
195|289|288|1|272|0|302|
195|357|352|1|306|0|304|
195|290|304|1|272|0|302|
195|290|288|1|272|0|302|
195|290|288|1|272|0|302|
195|290|288|1|272|0|302|
195|290|288|1|272|0|302|
195|289|288|1|272|0|302|
195|311|304|1|272|1|302|
195|290|288|1|272|0|302|
195|287|272|1|272|0|302|
195|290|304|1|272|0|302|
195|289|288|1|272|0|302|
195|439|432|1|623|0|303|
195|287|288|1|272|0|302|
195|290|288|1|272|0|302|
195|287|288|1|272|0|302|
195|403|400|1|464|0|302|
195|290|288|1|272|0|302|
195|289|304|1|272|0|302|
195|290|288|1|272|0|302|
195|311|320|1|272|1|302|
195|311|320|1|272|1|302|
195|290|304|1|272|0|302|
195|290|272|1|272|0|302|
195|289|288|1|272|0|302|
195|290|272|1|272|0|302|
195|290|304|1|272|0|302|
195|290|272|1|272|0|302|
195|378|368|1|306|1|304|
195|289|272|1|272|0|302|
195|289|304|1|272|0|302|
195|290|304|1|272|0|302|
195|311|304|1|272|1|302|
195|357|352|1|306|0|304|
195|290|288|1|272|0|302|
195|290|288|1|272|0|302|
195|290|288|1|272|0|302|
195|290|304|1|272|0|302|
195|311|304|1|272|1|302|
195|290|288|1|272|0|302|
195|311|304|1|272|1|302|
195|344|336|1|359|0|300|
195|290|304|1|272|0|302|
195|290|288|1|272|0|302|
195|287|288|1|272|0|302|
195|290|272|1|272|0|302|
195|290|272|1|272|0|302|
195|289|288|1|272|0|302|
195|290|288|1|272|0|302|
195|311|320|1|272|1|302|
195|289|288|1|272|0|302|
195|290|288|1|272|0|302|
195|289|288|1|272|0|302|
195|353|352|1|306|0|304|
195|287|288|1|272|0|302|
195|290|288|1|272|0|302|
195|290|288|1|272|0|302|
195|287|288|1|272|0|302|
195|290|272|1|272|0|302|
195|290|288|1|272|0|302|
195|287|272|1|272|0|302|
195|290|272|1|272|0|302|
195|310|304|1|272|1|302|
195|287|288|1|272|0|302|
195|290|288|1|272|0|302|
195|289|288|1|272|0|302|
195|290|304|1|272|0|302|
195|287|288|1|272|0|302|
195|311|304|1|272|1|302|
195|290|288|1|272|0|302|
195|290|288|1|272|0|302|
195|289|272|1|272|0|302|
195|290|288|1|272|0|302|
195|290|304|1|272|0|302|
195|290|304|1|272|0|302|
195|311|320|1|272|1|302|
195|287|288|1|272|0|302|
195|289|272|1|272|0|302|
195|290|272|1|272|0|302|
195|290|272|1|272|0|302|
195|290|288|1|272|0|302|
195|290|288|1|272|0|302|
195|289|288|1|272|0|302|
195|289|272|1|272|0|302|
195|287|304|1|272|0|302|
195|290|304|1|272|0|302|
195|290|272|1|272|0|302|
195|290|304|1|272|0|302|
195|354|368|1|306|0|304|
195|289|288|1|272|0|302|
195|289|288|1|272|0|302|
195|290|288|1|272|0|302|
195|287|288|1|272|0|302|
195|290|304|1|272|0|302|
195|290|272|1|272|0|302|
195|289|288|1|272|0|302|
195|334|336|1|272|0|302|
195|290|288|1|272|0|302|
195|290|304|1|272|0|302|
195|290|288|1|272|0|302|
195|352|336|1|305|0|304|
195|289|288|1|272|0|302|
195|289|288|1|272|0|302|
195|290|272|1|272|0|302|
195|290|304|1|272|0|302|
195|290|288|1|272|0|302|
195|289|288|1|272|0|302|
195|289|304|1|272|0|302|
195|311|304|1|272|1|302|
195|311|320|1|272|1|302|
195|290|288|1|272|0|302|
195|311|320|1|272|1|302|
195|290|304|1|272|0|302|
195|290|304|1|272|0|302|
195|289|304|1|272|0|302|
195|290|288|1|272|0|302|
195|290|288|1|272|0|302|
195|287|288|1|272|0|302|
195|309|304|1|272|1|302|
195|289|304|1|272|0|302|
195|290|304|1|272|0|302|
195|311|304|1|272|1|302|
195|357|368|1|306|0|304|
195|309|304|1|272|1|302|
195|290|288|1|272|0|302|
195|289|304|1|272|0|302|
195|289|288|1|272|0|302|
195|311|320|1|272|1|302|
195|290|288|1|272|0|302|
195|290|272|1|272|0|302|
195|289|288|1|272|0|302|
195|289|288|1|272|0|302|
195|289|288|1|272|0|302|
195|290|288|1|272|0|302|
195|290|288|1|272|0|302|
195|290|304|1|272|0|302|
195|289|288|1|272|0|302|
195|289|288|1|272|0|302|
195|287|288|1|272|0|302|
195|287|288|1|272|0|302|
195|309|320|1|272|1|302|
195|289|304|1|272|0|302|
195|290|304|1|272|0|302|
195|290|288|1|272|0|302|
195|290|304|1|272|0|302|
195|290|272|1|272|0|302|
195|290|304|1|272|0|302|
195|311|320|1|272|1|302|
195|287|288|1|272|0|302|
195|290|304|1|272|0|302|
195|290|272|1|272|0|302|
195|290|288|1|272|0|302|
195|310|304|1|272|1|302|
195|290|304|1|272|0|302|
195|311|304|1|272|1|302|
195|290|304|1|272|0|302|
195|289|288|1|272|0|302|
195|290|288|1|272|0|302|
195|311|304|1|272|1|302|
195|290|288|1|272|0|302|
195|287|304|1|272|0|302|
195|289|288|1|272|0|302|
195|289|288|1|272|0|302|
195|290|304|1|272|0|302|
195|311|320|1|272|1|302|
195|290|304|1|272|0|302|
195|290|304|1|272|0|302|
195|290|288|1|272|0|302|
195|290|272|1|272|0|302|
195|287|272|1|272|0|302|
195|290|304|1|272|0|302|
195|311|304|1|272|1|302|
195|311|304|1|272|1|302|
195|290|288|1|272|0|302|
195|287|272|1|272|0|302|
195|290|288|1|272|0|302|
195|309|320|1|272|1|302|
195|290|304|1|272|0|302|
195|290|304|1|272|0|302|
195|311|320|1|272|1|302|
195|287|288|1|272|0|302|
195|290|304|1|272|0|302|
195|290|272|1|272|0|302|
195|290|304|1|272|0|302|
195|311|336|1|272|1|302|
195|289|272|1|272|0|302|
195|289|288|1|272|0|302|
195|311|304|1|272|1|302|
195|311|320|1|272|1|302|
195|290|288|1|272|0|302|
195|290|272|1|272|0|302|
195|289|272|1|272|0|302|
195|353|352|1|306|0|304|
195|309|320|1|272|1|302|
195|290|288|1|272|0|302|
195|290|304|1|272|0|302|
195|289|272|1|272|0|302|
195|290|288|1|272|0|302|
195|290|304|1|272|0|302|
195|290|304|1|272|0|302|
195|290|304|1|272|0|302|
195|289|304|1|272|0|302|
195|289|304|1|272|0|302|
195|290|272|1|272|0|302|
195|287|288|1|272|0|302|
195|290|272|1|272|0|302|
195|290|304|1|272|0|302|
195|289|304|1|272|0|302|
195|347|352|1|360|0|302|
195|289|288|1|272|0|302|
195|290|288|1|272|0|302|
195|290|288|1|272|0|302|
195|290|288|1|272|0|302|
195|290|288|1|272|0|302|
195|289|304|1|272|0|302|
195|290|304|1|272|0|302|
195|289|288|1|272|0|302|
195|287|288|1|272|0|302|
195|290|288|1|272|0|302|
195|310|320|1|272|1|302|
195|290|288|1|272|0|302|
195|289|304|1|272|0|302|
195|290|288|1|272|0|302|
195|290|304|1|272|0|302|
195|290|288|1|272|0|302|
195|289|288|1|272|0|302|
195|290|288|1|272|0|302|
195|289|288|1|272|0|302|
195|290|288|1|272|0|302|
195|290|304|1|272|0|302|
195|290|288|1|272|0|302|
195|290|288|1|272|0|302|
195|311|304|1|272|1|302|
195|290|288|1|272|0|302|
195|310|304|1|272|1|302|
195|311|320|1|272|1|302|
195|290|304|1|272|0|302|
195|290|272|1|272|0|302|
195|290|288|1|272|0|302|
195|311|304|1|272|1|302|
195|290|304|1|272|0|302|
195|290|304|1|272|0|302|
195|289|272|1|272|0|302|
195|289|304|1|272|0|302|
195|353|352|1|306|0|304|
195|290|288|1|272|0|302|
195|290|272|1|272|0|302|
195|287|288|1|272|0|302|
195|357|368|1|306|0|304|
195|290|304|1|272|0|302|
195|290|288|1|272|0|302|
195|290|288|1|272|0|302|
195|290|288|1|272|0|302|
195|287|288|1|272|0|302|
195|290|288|1|272|0|302|
195|289|288|1|272|0|302|
195|290|288|1|272|0|302|
195|311|304|1|272|1|302|
195|287|288|1|272|0|302|
195|290|288|1|272|0|302|
195|290|304|1|272|0|302|
195|290|304|1|272|0|302|
195|309|304|1|272|1|302|
195|290|288|1|272|0|302|
195|342|352|1|428|0|302|
195|579|560|1|731|0|304|
195|450|432|1|577|0|304|
195|620|576|1|478|0|334|
195|290|288|1|272|0|302|
195|290|304|1|272|0|302|
195|289|288|1|272|0|302|
195|289|304|1|272|0|302|
195|311|320|1|272|1|302|
195|289|288|1|272|0|302|
195|451|432|1|794|0|302|
195|321|304|1|440|0|302|
195|377|352|1|535|0|302|
195|439|416|1|670|0|303|
195|374|304|1|307|1|304|
195|516|416|2|456|0|304|
195|501|384|2|456|0|304|
195|357|288|1|306|0|304|
195|290|256|1|272|0|302|
195|311|304|1|272|1|302|
195|290|288|1|272|0|302|
195|311|320|1|272|1|302|
195|290|304|1|272|0|302|
195|289|272|1|272|0|302|
195|290|288|1|272|0|302|
195|290|288|1|272|0|302|
195|290|288|1|272|0|302|
195|290|288|1|272|0|302|
195|290|288|1|272|0|302|
195|289|304|1|272|0|302|
195|290|272|1|272|0|302|
195|290|304|1|272|0|302|
195|290|288|1|272|0|302|
195|290|288|1|272|0|302|
195|289|288|1|272|0|302|
195|289|288|1|272|0|302|
195|287|288|1|272|0|302|
195|290|288|1|272|0|302|
195|311|304|1|272|1|302|
195|311|304|1|272|1|302|
195|290|288|1|272|0|302|
195|289|304|1|272|0|302|
195|311|304|1|272|1|302|
195|290|288|1|272|0|302|
195|311|304|1|272|1|302|
195|290|288|1|272|0|302|
195|290|288|1|272|0|302|
195|289|288|1|272|0|302|
195|290|272|1|272|0|302|
195|309|304|1|272|1|302|
195|290|288|1|272|0|302|
195|287|288|1|272|0|302|
195|289|304|1|272|0|302|
