INSTRUCTIONS_RETIRED|CYCLES|UNKNOWN|LD_BLOCKS.STORE_FORWARD|UOPS_EXECUTED.CORE|BR_MISP_RETIRED.ALL_BRANCHES|UOPS_RETIRED.ANY|
216|310|176|1|293|0|323|
216|310|224|1|293|0|323|
216|308|224|1|293|0|323|
216|310|256|1|293|0|323|
216|310|272|1|293|0|323|
216|310|320|1|293|0|323|
216|310|320|1|293|0|323|
216|310|304|1|293|0|323|
216|308|272|1|293|0|323|
216|358|288|1|330|0|323|
216|310|240|1|293|0|323|
216|310|240|1|293|0|323|
216|310|256|1|293|0|323|
216|310|320|1|293|0|323|
216|309|288|1|293|0|323|
216|358|368|1|915|0|323|
216|727|720|1|1476|0|325|
216|373|384|1|328|0|325|
216|310|208|1|293|0|323|
216|310|256|1|293|0|323|
216|309|256|1|293|0|323|
216|310|304|1|293|0|323|
216|310|320|1|293|0|323|
216|310|288|1|293|0|323|
216|310|304|1|293|0|323|
216|310|320|1|293|0|323|
216|310|288|1|293|0|323|
216|474|480|1|600|0|323|
216|310|288|1|293|0|323|
216|310|320|1|293|0|323|
216|310|304|1|293|0|323|
216|309|304|1|293|0|323|
216|563|560|1|905|0|327|
216|514|416|1|619|0|325|
216|440|352|1|293|0|323|
216|310|320|1|293|0|323|
216|309|304|1|293|0|323|
216|309|320|1|293|0|323|
216|310|320|1|293|0|323|
216|310|320|1|293|0|323|
216|310|304|1|293|0|323|
216|310|288|1|293|0|323|
216|310|288|1|293|0|323|
216|309|304|1|293|0|323|
216|309|288|1|293|0|323|
216|310|288|1|293|0|323|
216|310|304|1|293|0|323|
216|310|288|1|293|0|323|
216|310|304|1|293|0|323|
216|309|320|1|293|0|323|
216|309|304|1|293|0|323|
216|374|384|1|327|0|325|
216|309|320|1|293|0|323|
216|310|288|1|293|0|323|
216|309|320|1|293|0|323|
216|310|304|1|293|0|323|
216|310|320|1|293|0|323|
216|310|304|1|293|0|323|
216|310|320|1|293|0|323|
216|310|320|1|293|0|323|
216|309|320|1|293|0|323|
216|310|288|1|293|0|323|
216|310|288|1|293|0|323|
216|374|384|1|327|0|325|
216|308|304|1|293|0|323|
216|310|304|1|293|0|323|
216|310|304|1|293|0|323|
216|310|320|1|293|0|323|
216|375|384|1|328|0|325|
216|310|304|1|293|0|323|
216|309|288|1|293|0|323|
216|309|288|1|293|0|323|
216|376|368|1|327|0|325|
216|348|320|1|329|0|323|
216|310|272|1|293|0|323|
216|310|304|1|293|0|323|
216|309|304|1|293|0|323|
216|309|320|1|293|0|323|
216|310|304|1|293|0|323|
216|310|320|1|293|0|323|
216|310|304|1|293|0|323|
216|310|320|1|293|0|323|
216|309|304|1|293|0|323|
216|308|320|1|293|0|323|
216|310|320|1|293|0|323|
216|309|304|1|293|0|323|
216|310|304|1|293|0|323|
216|310|304|1|293|0|323|
216|309|320|1|293|0|323|
216|309|304|1|293|0|323|
216|310|304|1|293|0|323|
216|309|304|1|293|0|323|
216|310|320|1|293|0|323|
216|310|320|1|293|0|323|
216|310|304|1|293|0|323|
216|309|304|1|293|0|323|
216|310|288|1|293|0|323|
216|310|304|1|293|0|323|
216|310|320|1|293|0|323|
216|310|320|1|293|0|323|
216|310|320|1|293|0|323|
216|309|320|1|293|0|323|
216|309|320|1|293|0|323|
216|310|320|1|293|0|323|
216|310|304|1|293|0|323|
216|310|288|1|293|0|323|
216|310|304|1|293|0|323|
216|374|368|1|327|0|325|
216|310|320|1|293|0|323|
216|310|288|1|293|0|323|
216|310|320|1|293|0|323|
216|310|320|1|293|0|323|
216|308|320|1|293|0|323|
216|310|320|1|293|0|323|
216|310|320|1|293|0|323|
216|310|320|1|293|0|323|
216|308|320|1|293|0|323|
216|310|320|1|293|0|323|
216|310|320|1|293|0|323|
216|309|320|1|293|0|323|
216|375|368|1|328|0|325|
216|310|320|1|293|0|323|
216|310|288|1|293|0|323|
216|309|320|1|293|0|323|
216|310|320|1|293|0|323|
216|309|288|1|293|0|323|
216|310|320|1|293|0|323|
216|308|304|1|293|0|323|
216|310|320|1|293|0|323|
216|308|304|1|293|0|323|
216|310|320|1|293|0|323|
216|310|288|1|293|0|323|
216|309|320|1|293|0|323|
216|310|320|1|293|0|323|
216|310|320|1|293|0|323|
216|310|304|1|293|0|323|
216|310|288|1|293|0|323|
216|309|320|1|293|0|323|
216|310|320|1|293|0|323|
216|310|320|1|293|0|323|
216|310|320|1|293|0|323|
216|310|304|1|293|0|323|
216|310|320|1|293|0|323|
216|310|304|1|293|0|323|
216|308|304|1|293|0|323|
216|310|320|1|293|0|323|
216|310|304|1|293|0|323|
216|380|368|1|397|0|325|
216|487|480|1|755|0|323|
216|358|288|1|444|0|323|
216|327|272|1|350|0|323|
216|466|384|1|763|0|323|
216|360|288|1|440|0|324|
216|309|256|1|293|0|323|
216|309|256|1|293|0|323|
216|310|304|1|293|0|323|
216|310|320|1|293|0|323|
216|310|320|1|293|0|323|
216|310|304|1|293|0|323|
216|309|320|1|293|0|323|
216|309|320|1|293|0|323|
216|309|320|1|293|0|323|
216|308|304|1|293|0|323|
216|309|288|1|293|0|323|
216|309|304|1|293|0|323|
216|308|304|1|293|0|323|
216|309|320|1|293|0|323|
216|309|304|1|293|0|323|
216|374|384|1|327|0|325|
216|308|304|1|293|0|323|
216|308|320|1|293|0|323|
216|310|320|1|293|0|323|
216|310|304|1|293|0|323|
216|309|304|1|293|0|323|
216|310|288|1|293|0|323|
216|310|304|1|293|0|323|
216|310|320|1|293|0|323|
216|309|288|1|293|0|323|
216|309|304|1|293|0|323|
216|309|320|1|293|0|323|
216|310|288|1|293|0|323|
216|310|288|1|293|0|323|
216|310|320|1|293|0|323|
216|310|304|1|293|0|323|
216|309|304|1|293|0|323|
216|376|384|1|327|0|325|
216|310|320|1|293|0|323|
216|308|320|1|293|0|323|
216|308|320|1|293|0|323|
216|310|304|1|293|0|323|
216|310|304|1|293|0|323|
216|310|304|1|293|0|323|
216|310|320|1|293|0|323|
216|310|304|1|293|0|323|
216|309|288|1|293|0|323|
216|310|320|1|293|0|323|
216|309|320|1|293|0|323|
216|309|304|1|293|0|323|
216|309|304|1|293|0|323|
216|310|320|1|293|0|323|
216|308|288|1|293|0|323|
216|310|288|1|293|0|323|
216|393|384|1|563|0|323|
216|533|528|1|450|0|324|
216|504|416|1|457|0|325|
216|376|320|1|328|0|325|
216|374|320|1|327|0|325|
216|309|272|1|293|0|323|
216|310|320|1|293|0|323|
216|309|304|1|293|0|323|
216|308|304|1|293|0|323|
216|374|384|1|327|0|325|
216|310|320|1|293|0|323|
216|353|352|1|379|0|321|
216|527|432|1|718|0|327|
216|506|416|1|459|0|325|
216|309|272|1|293|0|323|
216|309|272|1|293|0|323|
216|309|304|1|293|0|323|
216|309|288|1|293|0|323|
216|376|384|1|327|0|325|
216|309|320|1|293|0|323|
216|309|320|1|293|0|323|
216|309|320|1|293|0|323|
216|309|304|1|293|0|323|
216|309|320|1|293|0|323|
216|376|384|1|403|0|323|
216|376|352|1|327|0|325|
216|744|512|1|978|0|325|
216|346|240|1|323|0|323|
216|432|304|1|646|0|323|
216|376|240|1|327|0|325|
216|309|224|1|293|0|323|
216|309|256|1|293|0|323|
216|309|256|1|293|0|323|
216|309|272|1|293|0|323|
216|309|272|1|293|0|323|
216|309|288|1|293|0|323|
216|309|288|1|293|0|323|
216|498|512|1|756|0|323|
216|511|496|1|562|0|325|
216|443|448|1|521|0|325|
216|374|256|1|327|0|325|
216|310|224|1|293|0|323|
216|309|256|1|293|0|323|
216|309|256|1|293|0|323|
216|309|288|1|293|0|323|
216|309|304|1|293|0|323|
216|309|288|1|293|0|323|
216|309|320|1|293|0|323|
216|309|320|1|293|0|323|
216|309|320|1|293|0|323|
216|309|320|1|293|0|323|
216|309|304|1|293|0|323|
216|595|592|1|1146|0|325|
216|495|512|1|568|0|325|
216|457|416|1|609|0|325|
216|507|432|1|458|0|325|
216|309|272|1|293|0|323|
216|309|304|1|293|0|323|
216|308|304|1|293|0|323|
216|489|352|1|544|0|325|
216|465|336|1|478|0|324|
216|513|384|1|571|0|328|
216|651|448|1|796|0|325|
216|376|240|1|328|0|325|
216|309|208|1|293|0|323|
216|309|224|1|293|0|323|
216|309|240|1|293|0|323|
216|309|224|1|293|0|323|
216|309|304|1|293|0|323|
216|309|320|1|293|0|323|
216|309|304|1|293|0|323|
216|309|320|1|293|0|323|
216|309|320|1|293|0|323|
216|309|320|1|293|0|323|
216|309|320|1|293|0|323|
216|404|400|1|449|0|323|
216|497|496|1|632|0|326|
216|375|320|1|326|0|325|
216|309|256|1|293|0|323|
216|309|256|1|293|0|323|
216|309|256|1|293|0|323|
216|504|416|1|458|0|325|
216|376|320|1|327|0|325|
216|309|320|1|293|0|323|
216|310|304|1|293|0|323|
216|310|320|1|293|0|323|
216|308|320|1|293|0|323|
216|414|400|1|485|0|323|
216|311|304|1|293|0|323|
216|374|304|1|327|0|325|
216|309|272|1|293|0|323|
216|309|320|1|293|0|323|
216|309|288|1|293|0|323|
216|309|320|1|293|0|323|
216|309|304|1|293|0|323|
216|309|304|1|293|0|323|
216|309|320|1|293|0|323|
216|309|304|1|293|0|323|
216|309|304|1|293|0|323|
216|309|320|1|293|0|323|
216|309|320|1|293|0|323|
216|376|384|1|326|0|325|
216|385|384|1|502|0|323|
216|376|320|1|327|0|325|
216|309|256|1|293|0|323|
216|309|320|1|293|0|323|
216|309|320|1|293|0|323|
216|309|320|1|293|0|323|
216|309|304|1|293|0|323|
216|375|320|1|326|0|325|
216|310|256|1|293|0|323|
216|310|304|1|293|0|323|
216|308|320|1|293|0|323|
216|564|544|1|650|0|329|
216|521|480|1|626|0|325|
216|309|256|1|293|0|323|
216|309|272|1|293|0|323|
216|309|288|1|293|0|323|
216|309|304|1|293|0|323|
216|309|304|1|293|0|323|
216|309|304|1|293|0|323|
216|309|288|1|293|0|323|
216|309|304|1|293|0|323|
216|310|320|1|293|0|323|
216|310|304|1|293|0|323|
216|308|288|1|293|0|323|
216|308|304|1|293|0|323|
216|432|416|1|481|0|323|
216|540|480|1|787|0|325|
216|374|304|1|327|0|325|
216|310|240|1|293|0|323|
216|309|288|1|293|0|323|
216|309|304|1|293|0|323|
216|309|320|1|293|0|323|
216|309|320|1|293|0|323|
216|373|384|1|328|0|325|
216|310|272|1|293|0|323|
216|308|272|1|293|0|323|
216|309|304|1|293|0|323|
216|308|304|1|293|0|323|
216|773|672|1|1120|0|327|
216|374|336|1|327|0|325|
216|310|272|1|293|0|323|
216|310|288|1|293|0|323|
216|309|320|1|293|0|323|
216|309|320|1|293|0|323|
216|309|288|1|293|0|323|
216|309|320|1|293|0|323|
216|309|288|1|293|0|323|
216|309|320|1|293|0|323|
216|309|320|1|293|0|323|
216|309|320|1|293|0|323|
216|309|320|1|293|0|323|
216|390|384|1|569|0|321|
216|421|416|1|482|0|325|
216|393|288|1|445|0|325|
216|310|240|1|293|0|323|
216|308|240|1|293|0|323|
216|309|240|1|293|0|323|
216|309|256|1|293|0|323|
216|376|320|1|327|0|325|
216|309|304|1|293|0|323|
216|309|288|1|293|0|323|
216|309|320|1|293|0|323|
216|510|512|1|461|0|325|
216|309|288|1|293|0|323|
216|309|304|1|293|0|323|
216|309|320|1|293|0|323|
216|545|544|1|810|0|325|
216|376|272|1|328|0|325|
216|310|208|1|293|0|323|
216|309|272|1|293|0|323|
216|309|256|1|293|0|323|
216|376|384|1|327|0|325|
216|309|304|1|293|0|323|
216|309|320|1|293|0|323|
216|308|288|1|293|0|323|
216|376|368|1|327|0|325|
216|310|320|1|293|0|323|
216|310|304|1|293|0|323|
216|310|304|1|293|0|323|
216|334|352|1|390|0|323|
216|553|544|1|817|0|328|
216|373|336|1|328|0|325|
216|310|256|1|293|0|323|
216|309|304|1|293|0|323|
216|309|288|1|293|0|323|
216|309|320|1|293|0|323|
216|309|320|1|293|0|323|
216|309|320|1|293|0|323|
216|376|352|1|327|0|325|
216|377|384|1|328|0|325|
216|310|288|1|293|0|323|
216|310|304|1|293|0|323|
216|308|304|1|293|0|323|
216|389|400|1|344|0|325|
216|393|336|1|347|0|325|
216|309|256|1|293|0|323|
216|309|288|1|293|0|323|
216|309|288|1|293|0|323|
216|309|320|1|293|0|323|
216|309|304|1|293|0|323|
216|375|384|1|326|0|325|
216|309|320|1|293|0|323|
216|309|320|1|293|0|323|
216|309|320|1|293|0|323|
216|309|288|1|293|0|323|
216|309|304|1|293|0|323|
216|309|304|1|293|0|323|
216|309|288|1|293|0|323|
216|310|320|1|293|0|323|
216|310|304|1|293|0|323|
216|308|304|1|293|0|323|
216|308|320|1|293|0|323|
216|309|320|1|293|0|323|
216|308|320|1|293|0|323|
216|310|320|1|293|0|323|
216|308|320|1|293|0|323|
216|373|352|1|328|0|325|
216|466|416|1|585|0|325|
216|375|288|1|328|0|325|
216|376|304|1|328|0|325|
216|310|240|1|293|0|323|
216|309|224|1|293|0|323|
216|310|240|1|293|0|323|
216|310|256|1|293|0|323|
216|309|256|1|293|0|323|
216|309|272|1|293|0|323|
216|309|304|1|293|0|323|
216|309|320|1|293|0|323|
216|309|304|1|293|0|323|
216|309|304|1|293|0|323|
216|309|288|1|293|0|323|
216|375|384|1|326|0|325|
216|309|320|1|293|0|323|
216|309|320|1|293|0|323|
216|309|304|1|293|0|323|
216|310|288|1|293|0|323|
216|310|304|1|293|0|323|
216|310|320|1|293|0|323|
216|310|304|1|293|0|323|
216|309|320|1|293|0|323|
216|309|320|1|293|0|323|
216|308|304|1|293|0|323|
216|310|304|1|293|0|323|
216|310|320|1|293|0|323|
216|330|336|1|351|0|323|
216|373|384|1|328|0|325|
216|310|256|1|293|0|323|
216|310|320|1|293|0|323|
216|310|304|1|293|0|323|
216|310|304|1|293|0|323|
216|309|320|1|293|0|323|
216|309|320|1|293|0|323|
216|310|320|1|293|0|323|
216|308|304|1|293|0|323|
216|310|320|1|293|0|323|
216|309|320|1|293|0|323|
216|310|320|1|293|0|323|
216|310|320|1|293|0|323|
216|310|320|1|293|0|323|
216|310|304|1|293|0|323|
216|308|320|1|293|0|323|
216|376|384|1|327|0|325|
216|309|288|1|293|0|323|
216|376|384|1|327|0|325|
216|310|304|1|293|0|323|
216|308|320|1|293|0|323|
216|310|288|1|293|0|323|
216|310|304|1|293|0|323|
216|374|384|1|327|0|325|
216|309|288|1|293|0|323|
216|310|320|1|293|0|323|
216|310|304|1|293|0|323|
216|310|304|1|293|0|323|
216|309|320|1|293|0|323|
216|309|304|1|293|0|323|
216|309|320|1|293|0|323|
216|310|288|1|293|0|323|
216|310|320|1|293|0|323|
216|310|320|1|293|0|323|
216|375|384|1|328|0|325|
216|310|320|1|293|0|323|
216|310|320|1|293|0|323|
216|310|304|1|293|0|323|
216|310|304|1|293|0|323|
216|310|304|1|293|0|323|
216|308|304|1|293|0|323|
216|309|304|1|293|0|323|
216|309|320|1|293|0|323|
216|309|320|1|293|0|323|
216|310|304|1|293|0|323|
216|310|304|1|293|0|323|
216|309|320|1|293|0|323|
216|309|304|1|293|0|323|
216|309|320|1|293|0|323|
216|309|320|1|293|0|323|
216|310|320|1|293|0|323|
216|310|304|1|293|0|323|
216|310|288|1|293|0|323|
216|309|320|1|293|0|323|
216|309|320|1|293|0|323|
216|309|320|1|293|0|323|
216|308|304|1|293|0|323|
216|310|304|1|293|0|323|
216|310|304|1|293|0|323|
216|310|320|1|293|0|323|
216|309|304|1|293|0|323|
216|309|320|1|293|0|323|
216|310|304|1|293|0|323|
216|310|288|1|293|0|323|
216|310|304|1|293|0|323|
216|310|320|1|293|0|323|
216|310|304|1|293|0|323|
216|309|320|1|293|0|323|
216|309|320|1|293|0|323|
216|310|304|1|293|0|323|
216|310|320|1|293|0|323|
216|308|320|1|293|0|323|
216|310|304|1|293|0|323|
216|309|320|1|293|0|323|
216|310|320|1|293|0|323|
216|310|320|1|293|0|323|
216|310|304|1|293|0|323|
216|374|368|1|327|0|325|
216|310|320|1|293|0|323|
216|412|416|1|508|0|323|
216|310|304|1|293|0|323|
216|310|304|1|293|0|323|
216|310|304|1|293|0|323|
216|310|320|1|293|0|323|
216|434|432|1|574|0|322|
216|309|320|1|293|0|323|
216|308|304|1|293|0|323|
216|310|320|1|293|0|323|
216|310|320|1|293|0|323|
216|310|304|1|293|0|323|
216|309|320|1|293|0|323|
216|310|304|1|293|0|323|
216|308|288|1|293|0|323|
216|309|320|1|293|0|323|
216|310|288|1|293|0|323|
216|309|288|1|293|0|323|
216|309|320|1|293|0|323|
216|310|320|1|293|0|323|
216|308|304|1|293|0|323|
216|310|288|1|293|0|323|
216|310|304|1|293|0|323|
216|309|304|1|293|0|323|
216|309|288|1|293|0|323|
216|310|304|1|293|0|323|
216|310|320|1|293|0|323|
216|310|304|1|293|0|323|
216|310|288|1|293|0|323|
216|376|368|1|327|0|325|
216|309|288|1|293|0|323|
216|310|320|1|293|0|323|
216|308|304|1|293|0|323|
216|308|304|1|293|0|323|
216|310|320|1|293|0|323|
216|309|320|1|293|0|323|
216|309|304|1|293|0|323|
216|309|320|1|293|0|323|
216|310|320|1|293|0|323|
216|310|288|1|293|0|323|
216|310|320|1|293|0|323|
216|310|304|1|293|0|323|
216|309|320|1|293|0|323|
216|309|320|1|293|0|323|
216|310|320|1|293|0|323|
216|310|320|1|293|0|323|
216|310|288|1|293|0|323|
216|309|320|1|293|0|323|
216|309|288|1|293|0|323|
216|309|304|1|293|0|323|
216|310|320|1|293|0|323|
216|310|304|1|293|0|323|
216|310|320|1|293|0|323|
216|310|304|1|293|0|323|
216|310|304|1|293|0|323|
216|310|304|1|293|0|323|
216|310|320|1|293|0|323|
216|308|304|1|293|0|323|
216|374|384|1|327|0|325|
216|310|304|1|293|0|323|
216|309|320|1|293|0|323|
216|309|304|1|293|0|323|
216|310|320|1|293|0|323|
216|310|320|1|293|0|323|
216|310|304|1|293|0|323|
216|310|320|1|293|0|323|
216|310|288|1|293|0|323|
216|309|320|1|293|0|323|
216|309|304|1|293|0|323|
216|310|320|1|293|0|323|
216|308|320|1|293|0|323|
216|310|304|1|293|0|323|
216|310|304|1|293|0|323|
216|309|304|1|293|0|323|
216|309|304|1|293|0|323|
216|310|320|1|293|0|323|
216|310|320|1|293|0|323|
216|310|304|1|293|0|323|
216|310|304|1|293|0|323|
216|309|320|1|293|0|323|
216|309|320|1|293|0|323|
216|310|320|1|293|0|323|
216|310|304|1|293|0|323|
216|310|320|1|293|0|323|
216|310|320|1|293|0|323|
216|375|368|1|328|0|325|
216|310|320|1|293|0|323|
216|310|320|1|293|0|323|
216|310|320|1|293|0|323|
216|310|320|1|293|0|323|
216|310|320|1|293|0|323|
216|309|304|1|293|0|323|
216|309|320|1|293|0|323|
216|310|320|1|293|0|323|
216|310|320|1|293|0|323|
216|309|304|1|293|0|323|
216|309|304|1|293|0|323|
216|529|512|1|418|0|325|
216|662|528|1|856|0|325|
216|543|432|1|660|0|325|
216|507|432|1|460|0|325|
216|309|256|1|293|0|323|
216|308|240|1|293|0|323|
216|1144|912|1|778|0|348|
216|390|304|1|353|0|325|
216|310|256|1|293|0|323|
216|310|256|1|293|0|323|
216|310|304|1|293|0|323|
216|310|304|1|293|0|323|
216|309|272|1|293|0|323|
216|310|320|1|293|0|323|
216|310|320|1|293|0|323|
216|310|304|1|293|0|323|
216|310|304|1|293|0|323|
216|310|304|1|293|0|323|
216|310|304|1|293|0|323|
216|310|304|1|293|0|323|
216|308|320|1|293|0|323|
216|310|320|1|293|0|323|
216|310|288|1|293|0|323|
216|309|304|1|293|0|323|
216|309|288|1|293|0|323|
216|309|304|1|293|0|323|
216|375|384|1|328|0|325|
216|310|320|1|293|0|323|
216|459|464|1|455|0|325|
216|310|304|1|293|0|323|
216|310|304|1|293|0|323|
216|309|304|1|293|0|323|
216|308|288|1|293|0|323|
216|310|320|1|293|0|323|
216|310|320|1|293|0|323|
216|310|304|1|293|0|323|
216|310|288|1|293|0|323|
216|310|320|1|293|0|323|
216|310|320|1|293|0|323|
216|310|304|1|293|0|323|
216|309|320|1|293|0|323|
216|309|288|1|293|0|323|
216|375|368|1|326|0|325|
216|310|320|1|293|0|323|
216|310|304|1|293|0|323|
216|309|320|1|293|0|323|
216|374|352|1|327|0|325|
216|310|304|1|293|0|323|
216|309|320|1|293|0|323|
216|310|320|1|293|0|323|
216|310|320|1|293|0|323|
216|310|320|1|293|0|323|
216|370|384|1|363|0|323|
216|434|432|1|467|0|327|
216|310|288|1|293|0|323|
216|374|368|1|327|0|325|
216|308|304|1|293|0|323|
216|308|304|1|293|0|323|
216|309|288|1|293|0|323|
216|309|320|1|293|0|323|
216|309|320|1|293|0|323|
216|310|320|1|293|0|323|
216|310|320|1|293|0|323|
216|310|304|1|293|0|323|
216|310|304|1|293|0|323|
216|309|320|1|293|0|323|
216|310|320|1|293|0|323|
216|310|320|1|293|0|323|
216|308|304|1|293|0|323|
216|374|368|1|327|0|325|
216|309|320|1|293|0|323|
216|309|320|1|293|0|323|
216|310|320|1|293|0|323|
216|308|320|1|293|0|323|
216|308|288|1|293|0|323|
216|309|320|1|293|0|323|
216|309|320|1|293|0|323|
216|310|320|1|293|0|323|
216|310|304|1|293|0|323|
216|308|320|1|293|0|323|
216|310|320|1|293|0|323|
216|310|320|1|293|0|323|
216|310|320|1|293|0|323|
216|310|320|1|293|0|323|
216|308|320|1|293|0|323|
216|308|320|1|293|0|323|
216|308|288|1|293|0|323|
216|309|320|1|293|0|323|
216|309|288|1|293|0|323|
216|309|320|1|293|0|323|
216|310|304|1|293|0|323|
216|310|304|1|293|0|323|
216|310|320|1|293|0|323|
216|308|304|1|293|0|323|
216|310|320|1|293|0|323|
216|310|304|1|293|0|323|
216|310|304|1|293|0|323|
216|375|384|1|328|0|325|
216|310|304|1|293|0|323|
216|310|288|1|293|0|323|
216|309|320|1|293|0|323|
216|309|288|1|293|0|323|
216|310|304|1|293|0|323|
216|310|320|1|293|0|323|
216|310|320|1|293|0|323|
216|309|320|1|293|0|323|
216|375|384|1|326|0|325|
216|309|288|1|293|0|323|
216|310|320|1|293|0|323|
216|308|304|1|293|0|323|
216|308|304|1|293|0|323|
216|310|320|1|293|0|323|
216|310|288|1|293|0|323|
216|309|304|1|293|0|323|
216|310|320|1|293|0|323|
216|310|304|1|293|0|323|
216|310|320|1|293|0|323|
216|310|288|1|293|0|323|
216|310|320|1|293|0|323|
216|309|320|1|293|0|323|
216|310|304|1|293|0|323|
216|308|320|1|293|0|323|
216|308|320|1|293|0|323|
216|375|368|1|328|0|325|
216|310|304|1|293|0|323|
216|309|320|1|293|0|323|
216|308|288|1|293|0|323|
216|308|304|1|293|0|323|
216|310|304|1|293|0|323|
216|310|304|1|293|0|323|
216|310|320|1|293|0|323|
216|425|448|1|446|0|323|
216|310|320|1|293|0|323|
216|308|304|1|293|0|323|
216|308|288|1|293|0|323|
216|310|320|1|293|0|323|
216|310|304|1|293|0|323|
216|308|320|1|293|0|323|
216|310|304|1|293|0|323|
216|310|288|1|293|0|323|
216|326|336|1|351|0|321|
216|309|304|1|293|0|323|
216|309|288|1|293|0|323|
216|310|288|1|293|0|323|
216|310|304|1|293|0|323|
216|310|320|1|293|0|323|
216|310|304|1|293|0|323|
216|309|288|1|293|0|323|
216|309|304|1|293|0|323|
216|308|320|1|293|0|323|
216|310|320|1|293|0|323|
216|308|304|1|293|0|323|
216|310|304|1|293|0|323|
216|310|320|1|293|0|323|
216|376|384|1|327|0|325|
216|310|320|1|293|0|323|
216|310|320|1|293|0|323|
216|310|304|1|293|0|323|
216|310|304|1|293|0|323|
216|309|304|1|293|0|323|
216|309|304|1|293|0|323|
216|310|288|1|293|0|323|
216|310|320|1|293|0|323|
216|374|368|1|327|0|325|
216|309|304|1|293|0|323|
216|308|304|1|293|0|323|
216|310|304|1|293|0|323|
216|310|288|1|293|0|323|
216|310|320|1|293|0|323|
216|310|304|1|293|0|323|
216|310|288|1|293|0|323|
216|309|304|1|293|0|323|
216|309|304|1|293|0|323|
216|310|320|1|293|0|323|
216|309|304|1|293|0|323|
216|374|368|1|327|0|325|
216|310|288|1|293|0|323|
216|309|304|1|293|0|323|
216|309|288|1|293|0|323|
216|376|304|1|327|0|325|
216|309|256|1|293|0|323|
216|309|272|1|293|0|323|
216|310|304|1|293|0|323|
216|310|320|1|293|0|323|
216|374|368|1|327|0|325|
216|310|304|1|293|0|323|
216|309|304|1|293|0|323|
216|310|304|1|293|0|323|
216|310|320|1|293|0|323|
216|310|304|1|293|0|323|
216|310|304|1|293|0|323|
216|309|320|1|293|0|323|
216|309|320|1|293|0|323|
216|310|320|1|293|0|323|
216|310|304|1|293|0|323|
216|310|320|1|293|0|323|
216|310|320|1|293|0|323|
216|310|304|1|293|0|323|
216|309|304|1|293|0|323|
216|309|304|1|293|0|323|
216|310|320|1|293|0|323|
216|308|288|1|293|0|323|
216|310|304|1|293|0|323|
216|310|320|1|293|0|323|
216|310|288|1|293|0|323|
216|432|416|1|449|0|325|
216|405|368|1|462|0|323|
216|309|272|1|293|0|323|
216|308|320|1|293|0|323|
216|310|288|1|293|0|323|
216|310|304|1|293|0|323|
216|308|288|1|293|0|323|
216|310|288|1|293|0|323|
216|310|304|1|293|0|323|
216|310|288|1|293|0|323|
216|310|288|1|293|0|323|
216|309|320|1|293|0|323|
216|309|320|1|293|0|323|
216|374|368|1|327|0|325|
216|308|304|1|293|0|323|
216|310|320|1|293|0|323|
216|310|288|1|293|0|323|
216|308|320|1|293|0|323|
216|310|320|1|293|0|323|
216|309|304|1|293|0|323|
216|310|320|1|293|0|323|
216|308|320|1|293|0|323|
216|310|288|1|293|0|323|
216|310|304|1|293|0|323|
216|309|304|1|293|0|323|
216|309|304|1|293|0|323|
216|318|320|1|306|0|323|
216|376|320|1|328|0|325|
216|310|256|1|293|0|323|
216|308|320|1|293|0|323|
216|309|304|1|293|0|323|
216|309|304|1|293|0|323|
216|310|320|1|293|0|323|
216|310|304|1|293|0|323|
216|310|288|1|293|0|323|
216|308|304|1|293|0|323|
216|374|384|1|327|0|325|
216|309|288|1|293|0|323|
216|310|320|1|293|0|323|
216|310|320|1|293|0|323|
216|309|288|1|293|0|323|
216|308|304|1|293|0|323|
216|309|320|1|293|0|323|
216|309|320|1|293|0|323|
216|308|304|1|293|0|323|
216|310|320|1|293|0|323|
216|308|320|1|293|0|323|
216|310|320|1|293|0|323|
216|309|304|1|293|0|323|
216|309|320|1|293|0|323|
216|309|288|1|293|0|323|
216|308|320|1|293|0|323|
216|308|304|1|293|0|323|
216|310|288|1|293|0|323|
216|309|320|1|293|0|323|
216|309|304|1|293|0|323|
216|309|320|1|293|0|323|
216|310|304|1|293|0|323|
216|310|320|1|293|0|323|
216|308|304|1|293|0|323|
216|310|320|1|293|0|323|
216|309|304|1|293|0|323|
216|309|304|1|293|0|323|
216|310|320|1|293|0|323|
216|308|288|1|293|0|323|
216|310|320|1|293|0|323|
216|310|320|1|293|0|323|
216|309|320|1|293|0|323|
216|309|288|1|293|0|323|
216|310|320|1|293|0|323|
216|310|304|1|293|0|323|
216|308|288|1|293|0|323|
216|310|320|1|293|0|323|
216|309|320|1|293|0|323|
216|376|384|1|327|0|325|
216|310|320|1|293|0|323|
216|308|288|1|293|0|323|
216|310|288|1|293|0|323|
216|310|304|1|293|0|323|
216|310|320|1|293|0|323|
216|309|320|1|293|0|323|
216|310|320|1|293|0|323|
216|310|304|1|293|0|323|
216|309|304|1|293|0|323|
216|310|320|1|293|0|323|
216|310|320|1|293|0|323|
216|310|320|1|293|0|323|
216|310|320|1|293|0|323|
216|310|304|1|293|0|323|
216|310|304|1|293|0|323|
216|376|384|1|327|0|325|
216|309|304|1|293|0|323|
216|309|320|1|293|0|323|
216|392|384|1|420|0|323|
216|310|288|1|293|0|323|
216|310|304|1|293|0|323|
216|310|320|1|293|0|323|
216|310|320|1|293|0|323|
216|309|304|1|293|0|323|
216|309|320|1|293|0|323|
216|308|288|1|293|0|323|
216|310|320|1|293|0|323|
216|310|320|1|293|0|323|
216|310|320|1|293|0|323|
216|310|304|1|293|0|323|
216|310|320|1|293|0|323|
216|310|320|1|293|0|323|
216|310|288|1|293|0|323|
216|310|320|1|293|0|323|
216|310|320|1|293|0|323|
216|310|304|1|293|0|323|
216|309|288|1|293|0|323|
216|374|368|1|327|0|325|
216|310|320|1|293|0|323|
216|310|320|1|293|0|323|
216|310|320|1|293|0|323|
216|309|304|1|293|0|323|
216|309|320|1|293|0|323|
216|309|304|1|293|0|323|
216|310|320|1|293|0|323|
216|310|304|1|293|0|323|
216|374|384|1|327|0|325|
216|310|288|1|293|0|323|
216|310|320|1|293|0|323|
216|310|304|1|293|0|323|
216|310|320|1|293|0|323|
216|308|288|1|293|0|323|
216|308|320|1|293|0|323|
216|308|304|1|293|0|323|
216|375|384|1|326|0|325|
216|309|288|1|293|0|323|
216|310|320|1|293|0|323|
216|308|320|1|293|0|323|
216|310|304|1|293|0|323|
216|310|304|1|293|0|323|
216|309|320|1|293|0|323|
216|309|304|1|293|0|323|
216|310|304|1|293|0|323|
216|308|288|1|293|0|323|
216|308|304|1|293|0|323|
216|310|320|1|293|0|323|
216|310|288|1|293|0|323|
216|310|320|1|293|0|323|
216|310|320|1|293|0|323|
216|310|288|1|293|0|323|
216|308|288|1|293|0|323|
216|310|320|1|293|0|323|
216|310|320|1|293|0|323|
216|310|304|1|293|0|323|
216|309|304|1|293|0|323|
216|310|304|1|293|0|323|
216|310|304|1|293|0|323|
216|310|320|1|293|0|323|
216|310|320|1|293|0|323|
216|310|320|1|293|0|323|
216|309|320|1|293|0|323|
216|310|304|1|293|0|323|
216|308|304|1|293|0|323|
216|308|304|1|293|0|323|
216|310|304|1|293|0|323|
216|309|288|1|293|0|323|
216|309|288|1|293|0|323|
216|310|304|1|293|0|323|
216|310|288|1|293|0|323|
216|310|304|1|293|0|323|
216|310|304|1|293|0|323|
216|309|320|1|293|0|323|
216|310|288|1|293|0|323|
216|310|304|1|293|0|323|
216|310|320|1|293|0|323|
216|309|320|1|293|0|323|
