INSTRUCTIONS_RETIRED|CYCLES|UNKNOWN|LD_BLOCKS.STORE_FORWARD|UOPS_EXECUTED.CORE|BR_MISP_RETIRED.ALL_BRANCHES|UOPS_RETIRED.ANY|
92|187|112|1|169|0|199|
92|186|160|1|169|0|199|
92|186|160|1|169|0|199|
92|186|144|1|169|0|199|
92|184|192|1|169|0|199|
92|187|192|1|169|0|199|
92|186|192|1|169|0|199|
92|187|176|1|169|0|199|
92|187|176|1|169|0|199|
92|186|192|1|169|0|199|
92|186|192|1|169|0|199|
92|186|192|1|169|0|199|
92|186|192|1|169|0|199|
92|186|192|1|169|0|199|
92|253|240|1|203|0|201|
92|186|176|1|169|0|199|
92|186|192|1|169|0|199|
92|186|176|1|169|0|199|
92|186|192|1|169|0|199|
92|274|208|1|223|0|201|
92|251|176|1|203|0|201|
92|186|160|1|169|0|199|
92|187|176|1|169|0|199|
92|186|192|1|169|0|199|
92|186|192|1|169|0|199|
92|186|192|1|169|0|199|
92|186|176|1|169|0|199|
92|186|192|1|169|0|199|
92|251|240|1|203|0|201|
92|184|160|1|169|0|199|
92|186|176|1|169|0|199|
92|186|176|1|169|0|199|
92|186|192|1|169|0|199|
92|186|192|1|169|0|199|
92|186|192|1|169|0|199|
92|187|192|1|169|0|199|
92|184|176|1|169|0|199|
92|187|192|1|169|0|199|
92|187|176|1|169|0|199|
92|186|192|1|169|0|199|
92|186|176|1|169|0|199|
92|186|192|1|169|0|199|
92|187|192|1|169|0|199|
92|186|192|1|169|0|199|
92|186|192|1|169|0|199|
92|186|192|1|169|0|199|
92|253|256|1|203|0|201|
92|186|192|1|169|0|199|
92|186|192|1|169|0|199|
92|186|192|1|169|0|199|
92|187|192|1|169|0|199|
92|187|176|1|169|0|199|
92|186|192|1|169|0|199|
92|186|192|1|169|0|199|
92|186|176|1|169|0|199|
92|186|192|1|169|0|199|
92|186|176|1|169|0|199|
92|186|176|1|169|0|199|
92|186|176|1|169|0|199|
92|186|176|1|169|0|199|
92|186|192|1|169|0|199|
92|218|208|1|307|0|198|
92|186|192|1|169|0|199|
92|187|176|1|169|0|199|
92|187|160|1|169|0|199|
92|187|176|1|169|0|199|
92|187|192|1|169|0|199|
92|187|176|1|169|0|199|
92|184|192|1|169|0|199|
92|187|176|1|169|0|199|
92|186|192|1|169|0|199|
92|186|192|1|169|0|199|
92|186|192|1|169|0|199|
92|186|192|1|169|0|199|
92|186|176|1|169|0|199|
92|252|256|1|202|0|201|
92|186|176|1|169|0|199|
92|186|160|1|169|0|199|
92|186|192|1|169|0|199|
92|253|256|1|203|0|201|
92|186|176|1|169|0|199|
92|186|176|1|169|0|199|
92|187|192|1|169|0|199|
92|187|192|1|169|0|199|
92|186|176|1|169|0|199|
92|186|192|1|169|0|199|
92|186|176|1|169|0|199|
92|186|176|1|169|0|199|
92|186|176|1|169|0|199|
92|187|192|1|169|0|199|
92|187|176|1|169|0|199|
92|187|192|1|169|0|199|
92|186|176|1|169|0|199|
92|186|176|1|169|0|199|
92|187|192|1|169|0|199|
92|187|176|1|169|0|199|
92|187|192|1|169|0|199|
92|253|256|1|203|0|201|
92|186|192|1|169|0|199|
92|186|192|1|169|0|199|
92|186|192|1|169|0|199|
92|186|192|1|169|0|199|
92|186|192|1|169|0|199|
92|186|192|1|169|0|199|
92|186|192|1|169|0|199|
92|186|192|1|169|0|199|
92|186|176|1|169|0|199|
92|186|192|1|169|0|199|
92|186|192|1|169|0|199|
92|187|192|1|169|0|199|
92|186|160|1|169|0|199|
92|187|192|1|169|0|199|
92|186|192|1|169|0|199|
92|186|192|1|169|0|199|
92|186|176|1|169|0|199|
92|186|192|1|169|0|199|
92|184|160|1|169|0|199|
92|187|192|1|169|0|199|
92|187|192|1|169|0|199|
92|186|192|1|169|0|199|
92|186|176|1|169|0|199|
92|186|176|1|169|0|199|
92|186|176|1|169|0|199|
92|186|176|1|169|0|199|
92|186|176|1|169|0|199|
92|253|256|1|203|0|201|
92|186|192|1|169|0|199|
92|186|192|1|169|0|199|
92|186|160|1|169|0|199|
92|186|176|1|169|0|199|
92|186|192|1|169|0|199|
92|186|192|1|169|0|199|
92|186|192|1|169|0|199|
92|186|192|1|169|0|199|
92|186|192|1|169|0|199|
92|253|256|1|203|0|201|
92|187|176|1|169|0|199|
92|187|192|1|169|0|199|
92|184|192|1|169|0|199|
92|186|192|1|169|0|199|
92|186|192|1|169|0|199|
92|186|192|1|169|0|199|
92|184|192|1|169|0|199|
92|187|176|1|169|0|199|
92|186|192|1|169|0|199|
92|186|192|1|169|0|199|
92|186|176|1|169|0|199|
92|186|176|1|169|0|199|
92|186|192|1|169|0|199|
92|186|160|1|169|0|199|
92|186|176|1|169|0|199|
92|186|192|1|169|0|199|
92|253|256|1|203|0|201|
92|186|192|1|169|0|199|
92|186|176|1|169|0|199|
92|186|192|1|169|0|199|
92|187|192|1|169|0|199|
92|187|192|1|169|0|199|
92|187|176|1|169|0|199|
92|203|208|1|223|0|198|
92|187|192|1|169|0|199|
92|186|192|1|169|0|199|
92|187|160|1|169|0|199|
92|187|192|1|169|0|199|
92|186|192|1|169|0|199|
92|186|192|1|169|0|199|
92|186|176|1|169|0|199|
92|186|192|1|169|0|199|
92|184|192|1|169|0|199|
92|187|176|1|169|0|199|
92|186|192|1|169|0|199|
92|186|192|1|169|0|199|
92|186|176|1|169|0|199|
92|187|192|1|169|0|199|
92|252|256|1|204|0|201|
92|187|192|1|169|0|199|
92|187|192|1|169|0|199|
92|187|176|1|169|0|199|
92|186|192|1|169|0|199|
92|186|176|1|169|0|199|
92|186|192|1|169|0|199|
92|186|192|1|169|0|199|
92|253|256|1|203|0|201|
92|187|176|1|169|0|199|
92|186|192|1|169|0|199|
92|186|192|1|169|0|199|
92|186|176|1|169|0|199|
92|186|192|1|169|0|199|
92|186|192|1|169|0|199|
92|186|192|1|169|0|199|
92|184|192|1|169|0|199|
92|187|192|1|169|0|199|
92|186|192|1|169|0|199|
92|186|192|1|169|0|199|
92|186|176|1|169|0|199|
92|253|256|1|203|0|201|
92|184|176|1|169|0|199|
92|187|192|1|169|0|199|
92|186|192|1|169|0|199|
92|186|192|1|169|0|199|
92|186|192|1|169|0|199|
92|186|192|1|169|0|199|
92|186|176|1|169|0|199|
92|253|256|1|203|0|201|
92|187|192|1|169|0|199|
92|187|192|1|169|0|199|
92|186|176|1|169|0|199|
92|186|192|1|169|0|199|
92|186|192|1|169|0|199|
92|186|192|1|169|0|199|
92|186|192|1|169|0|199|
92|184|192|1|169|0|199|
92|187|192|1|169|0|199|
92|186|192|1|169|0|199|
92|186|192|1|169|0|199|
92|186|192|1|169|0|199|
92|186|192|1|169|0|199|
92|186|176|1|169|0|199|
92|186|192|1|169|0|199|
92|186|176|1|169|0|199|
92|186|192|1|169|0|199|
92|186|176|1|169|0|199|
92|186|192|1|169|0|199|
92|186|192|1|169|0|199|
92|187|192|1|169|0|199|
92|186|176|1|169|0|199|
92|186|192|1|169|0|199|
92|186|176|1|169|0|199|
92|186|192|1|169|0|199|
92|186|192|1|169|0|199|
92|184|192|1|169|0|199|
92|187|160|1|169|0|199|
92|187|192|1|169|0|199|
92|187|192|1|169|0|199|
92|187|192|1|169|0|199|
92|186|176|1|169|0|199|
92|187|192|1|169|0|199|
92|187|192|1|169|0|199|
92|186|176|1|169|0|199|
92|186|192|1|169|0|199|
92|186|176|1|169|0|199|
92|186|176|1|169|0|199|
92|253|240|1|203|0|201|
92|184|176|1|169|0|199|
92|187|176|1|169|0|199|
92|186|176|1|169|0|199|
92|186|192|1|169|0|199|
92|186|192|1|169|0|199|
92|186|176|1|169|0|199|
92|253|256|1|203|0|201|
92|186|192|1|169|0|199|
92|186|176|1|169|0|199|
92|186|192|1|169|0|199|
92|186|192|1|169|0|199|
92|186|176|1|169|0|199|
92|186|176|1|169|0|199|
92|186|192|1|169|0|199|
92|187|176|1|169|0|199|
92|186|192|1|169|0|199|
92|186|192|1|169|0|199|
92|186|192|1|169|0|199|
92|186|192|1|169|0|199|
92|186|192|1|169|0|199|
92|186|192|1|169|0|199|
92|186|192|1|169|0|199|
92|186|192|1|169|0|199|
92|186|192|1|169|0|199|
92|253|240|1|203|0|201|
92|186|192|1|169|0|199|
92|186|192|1|169|0|199|
92|187|176|1|169|0|199|
92|252|256|1|202|0|201|
92|187|176|1|169|0|199|
92|186|192|1|169|0|199|
92|186|176|1|169|0|199|
92|186|192|1|169|0|199|
92|186|192|1|169|0|199|
92|187|192|1|169|0|199|
92|187|176|1|169|0|199|
92|187|192|1|169|0|199|
92|186|176|1|169|0|199|
92|186|192|1|169|0|199|
92|186|176|1|169|0|199|
92|184|192|1|169|0|199|
92|251|256|1|203|0|201|
92|187|192|1|169|0|199|
92|187|192|1|169|0|199|
92|186|192|1|169|0|199|
92|252|256|1|202|0|201|
92|186|176|1|169|0|199|
92|184|176|1|169|0|199|
92|186|192|1|169|0|199|
92|186|176|1|169|0|199|
92|186|192|1|169|0|199|
92|186|192|1|169|0|199|
92|186|192|1|169|0|199|
92|252|256|1|204|0|201|
92|187|192|1|169|0|199|
92|187|192|1|169|0|199|
92|187|192|1|169|0|199|
92|186|176|1|169|0|199|
92|253|240|1|203|0|201|
92|186|192|1|169|0|199|
92|184|192|1|169|0|199|
92|187|192|1|169|0|199|
92|186|192|1|169|0|199|
92|187|176|1|169|0|199|
92|187|160|1|169|0|199|
92|186|192|1|169|0|199|
92|186|192|1|169|0|199|
92|187|176|1|169|0|199|
92|186|192|1|169|0|199|
92|186|192|1|169|0|199|
92|186|176|1|169|0|199|
92|186|192|1|169|0|199|
92|186|192|1|169|0|199|
92|184|192|1|169|0|199|
92|252|256|1|204|0|201|
92|187|192|1|169|0|199|
92|186|192|1|169|0|199|
92|186|176|1|169|0|199|
92|186|192|1|169|0|199|
92|186|192|1|169|0|199|
92|186|192|1|169|0|199|
92|187|192|1|169|0|199|
92|187|192|1|169|0|199|
92|186|176|1|169|0|199|
92|253|256|1|203|0|201|
92|186|192|1|169|0|199|
92|186|192|1|169|0|199|
92|186|176|1|169|0|199|
92|186|192|1|169|0|199|
92|186|176|1|169|0|199|
92|186|192|1|169|0|199|
92|186|192|1|169|0|199|
92|186|176|1|169|0|199|
92|186|176|1|169|0|199|
92|253|256|1|203|0|201|
92|186|160|1|169|0|199|
92|186|192|1|169|0|199|
92|186|176|1|169|0|199|
92|186|176|1|169|0|199|
92|186|176|1|169|0|199|
93|884|896|1|662|0|409|
92|187|192|1|169|0|199|
92|184|176|1|169|0|199|
92|187|176|1|169|0|199|
92|186|176|1|169|0|199|
92|253|256|1|203|0|201|
92|186|192|1|169|0|199|
92|253|240|1|203|0|201|
92|187|176|1|169|0|199|
92|253|240|1|203|0|201|
92|186|176|1|169|0|199|
92|186|192|1|169|0|199|
92|186|176|1|169|0|199|
92|270|288|1|169|0|199|
92|187|192|1|169|0|199|
92|187|192|1|169|0|199|
92|186|192|1|169|0|199|
92|186|192|1|169|0|199|
92|186|176|1|169|0|199|
92|186|176|1|169|0|199|
92|186|176|1|169|0|199|
92|187|192|1|169|0|199|
92|186|192|1|169|0|199|
92|186|192|1|169|0|199|
92|186|192|1|169|0|199|
92|186|192|1|169|0|199|
92|186|192|1|169|0|199|
92|184|192|1|169|0|199|
92|187|192|1|169|0|199|
92|186|192|1|169|0|199|
92|186|192|1|169|0|199|
92|186|192|1|169|0|199|
92|186|160|1|169|0|199|
92|186|192|1|169|0|199|
92|187|192|1|169|0|199|
92|187|192|1|169|0|199|
92|187|192|1|169|0|199|
92|186|192|1|169|0|199|
92|187|176|1|169|0|199|
92|187|192|1|169|0|199|
92|187|192|1|169|0|199|
92|187|192|1|169|0|199|
92|187|192|1|169|0|199|
92|187|160|1|169|0|199|
92|186|176|1|169|0|199|
92|186|176|1|169|0|199|
92|186|176|1|169|0|199|
92|186|192|1|169|0|199|
92|187|176|1|169|0|199|
92|187|176|1|169|0|199|
92|186|176|1|169|0|199|
92|186|176|1|169|0|199|
92|186|192|1|169|0|199|
92|186|192|1|169|0|199|
92|186|192|1|169|0|199|
92|187|192|1|169|0|199|
92|187|192|1|169|0|199|
92|187|176|1|169|0|199|
92|186|176|1|169|0|199|
92|186|192|1|169|0|199|
92|184|160|1|169|0|199|
92|187|192|1|169|0|199|
92|187|176|1|169|0|199|
92|251|256|1|203|0|201|
92|186|192|1|169|0|199|
92|186|176|1|169|0|199|
92|187|192|1|169|0|199|
92|186|176|1|169|0|199|
92|187|192|1|169|0|199|
92|184|192|1|169|0|199|
92|186|176|1|169|0|199|
92|186|192|1|169|0|199|
92|186|192|1|169|0|199|
92|187|176|1|169|0|199|
92|251|256|1|203|0|201|
92|187|192|1|169|0|199|
92|184|192|1|169|0|199|
92|186|192|1|169|0|199|
92|186|176|1|169|0|199|
92|186|192|1|169|0|199|
92|187|192|1|169|0|199|
92|186|192|1|169|0|199|
92|186|176|1|169|0|199|
92|186|192|1|169|0|199|
92|186|192|1|169|0|199|
92|186|192|1|169|0|199|
92|186|176|1|169|0|199|
92|184|176|1|169|0|199|
92|251|256|1|203|0|201|
92|186|192|1|169|0|199|
92|187|192|1|169|0|199|
92|186|192|1|169|0|199|
92|186|192|1|169|0|199|
92|186|192|1|169|0|199|
92|187|192|1|169|0|199|
92|187|176|1|169|0|199|
92|186|176|1|169|0|199|
92|186|176|1|169|0|199|
92|186|192|1|169|0|199|
92|186|176|1|169|0|199|
92|253|240|1|203|0|201|
92|187|192|1|169|0|199|
92|186|176|1|169|0|199|
92|186|192|1|169|0|199|
92|252|256|1|202|0|201|
92|186|192|1|169|0|199|
92|186|192|1|169|0|199|
92|187|176|1|169|0|199|
92|187|176|1|169|0|199|
92|187|192|1|169|0|199|
92|187|176|1|169|0|199|
92|186|176|1|169|0|199|
92|186|192|1|169|0|199|
92|252|256|1|204|0|201|
92|187|192|1|169|0|199|
92|187|192|1|169|0|199|
92|187|192|1|169|0|199|
92|186|176|1|169|0|199|
92|186|192|1|169|0|199|
92|186|192|1|169|0|199|
92|186|192|1|169|0|199|
92|187|192|1|169|0|199|
92|186|192|1|169|0|199|
92|186|192|1|169|0|199|
92|186|192|1|169|0|199|
92|186|192|1|169|0|199|
92|253|256|1|203|0|201|
92|244|240|1|457|0|200|
92|316|304|1|417|0|201|
92|309|256|1|404|0|203|
92|291|240|1|238|0|201|
92|253|224|1|203|0|201|
92|186|176|1|169|0|199|
92|187|160|1|169|0|199|
92|187|192|1|169|0|199|
92|186|192|1|169|0|199|
92|186|160|1|169|0|199|
92|186|192|1|169|0|199|
92|186|192|1|169|0|199|
92|186|192|1|169|0|199|
92|187|192|1|169|0|199|
92|187|192|1|169|0|199|
92|187|192|1|169|0|199|
92|186|192|1|169|0|199|
92|186|192|1|169|0|199|
92|186|192|1|169|0|199|
92|253|256|1|203|0|201|
92|252|256|1|204|0|201|
92|186|192|1|169|0|199|
92|186|192|1|169|0|199|
92|186|176|1|169|0|199|
92|186|176|1|169|0|199|
92|253|256|1|203|0|201|
92|187|192|1|169|0|199|
92|186|176|1|169|0|199|
92|186|176|1|169|0|199|
92|186|192|1|169|0|199|
92|186|176|1|169|0|199|
92|186|192|1|169|0|199|
92|253|256|1|203|0|201|
92|187|192|1|169|0|199|
92|187|192|1|169|0|199|
92|186|192|1|169|0|199|
92|187|192|1|169|0|199|
92|184|192|1|169|0|199|
92|289|272|1|325|0|201|
92|251|208|1|203|0|201|
92|187|176|1|169|0|199|
92|187|160|1|169|0|199|
92|187|160|1|169|0|199|
92|252|224|1|412|0|198|
92|219|176|1|291|0|199|
92|241|176|1|258|0|199|
92|252|144|1|204|0|201|
92|279|208|1|438|0|198|
92|358|240|1|397|0|199|
92|274|176|1|516|0|199|
92|285|192|1|601|0|199|
92|268|160|1|456|0|199|
92|269|176|1|366|0|198|
92|418|272|2|250|0|201|
92|186|112|1|169|0|199|
92|186|128|1|169|0|199|
92|186|96|1|169|0|199|
92|186|128|1|169|0|199|
92|186|128|1|169|0|199|
92|186|128|1|169|0|199|
92|187|128|1|169|0|199|
92|186|192|1|169|0|199|
92|186|192|1|169|0|199|
92|187|192|1|169|0|199|
92|187|192|1|169|0|199|
92|186|176|1|169|0|199|
92|186|192|1|169|0|199|
92|186|176|1|169|0|199|
92|186|192|1|169|0|199|
92|253|240|1|203|0|201|
92|187|192|1|169|0|199|
92|186|192|1|169|0|199|
92|186|176|1|169|0|199|
92|186|192|1|169|0|199|
92|186|176|1|169|0|199|
92|184|192|1|169|0|199|
92|186|192|1|169|0|199|
92|187|192|1|169|0|199|
92|186|176|1|169|0|199|
92|186|176|1|169|0|199|
92|186|192|1|169|0|199|
92|253|272|1|203|0|201|
92|186|192|1|169|0|199|
92|186|192|1|169|0|199|
92|253|256|1|203|0|201|
92|186|176|1|169|0|199|
92|186|192|1|169|0|199|
92|186|192|1|169|0|199|
92|187|192|1|169|0|199|
92|186|176|1|169|0|199|
92|186|192|1|169|0|199|
92|186|192|1|169|0|199|
92|186|192|1|169|0|199|
92|186|176|1|169|0|199|
92|187|192|1|169|0|199|
92|187|192|1|169|0|199|
92|187|192|1|169|0|199|
92|187|192|1|169|0|199|
92|187|192|1|169|0|199|
92|186|192|1|169|0|199|
92|186|192|1|169|0|199|
92|187|192|1|169|0|199|
92|186|176|1|169|0|199|
92|187|192|1|169|0|199|
92|186|176|1|169|0|199|
92|186|176|1|169|0|199|
92|186|160|1|169|0|199|
92|187|192|1|169|0|199|
92|187|192|1|169|0|199|
92|186|192|1|169|0|199|
92|187|176|1|169|0|199|
92|186|192|1|169|0|199|
92|186|176|1|169|0|199|
92|186|176|1|169|0|199|
92|184|192|1|169|0|199|
92|187|192|1|169|0|199|
92|187|176|1|169|0|199|
92|252|240|1|202|0|201|
92|186|192|1|169|0|199|
92|186|192|1|169|0|199|
92|186|144|1|169|0|199|
92|251|208|1|203|0|201|
92|186|176|1|169|0|199|
92|186|192|1|169|0|199|
92|186|192|1|169|0|199|
92|187|192|1|169|0|199|
92|186|176|1|169|0|199|
92|186|192|1|169|0|199|
92|186|192|1|169|0|199|
92|186|176|1|169|0|199|
92|186|192|1|169|0|199|
92|186|192|1|169|0|199|
92|187|192|1|169|0|199|
92|187|192|1|169|0|199|
92|187|176|1|169|0|199|
92|186|192|1|169|0|199|
92|186|192|1|169|0|199|
92|186|176|1|169|0|199|
92|186|176|1|169|0|199|
92|187|192|1|169|0|199|
92|187|192|1|169|0|199|
92|186|192|1|169|0|199|
92|186|176|1|169|0|199|
92|186|192|1|169|0|199|
92|186|192|1|169|0|199|
92|186|176|1|169|0|199|
92|186|192|1|169|0|199|
92|186|192|1|169|0|199|
92|186|192|1|169|0|199|
92|186|176|1|169|0|199|
92|186|176|1|169|0|199|
92|186|176|1|169|0|199|
92|252|256|1|204|0|201|
92|187|192|1|169|0|199|
92|186|192|1|169|0|199|
92|186|176|1|169|0|199|
92|186|192|1|169|0|199|
92|187|160|1|169|0|199|
92|187|160|1|169|0|199|
92|187|192|1|169|0|199|
92|187|176|1|169|0|199|
92|186|192|1|169|0|199|
92|186|176|1|169|0|199|
92|186|192|1|169|0|199|
92|187|192|1|169|0|199|
92|187|192|1|169|0|199|
92|186|176|1|169|0|199|
92|186|192|1|169|0|199|
92|252|256|1|202|0|201|
92|186|192|1|169|0|199|
92|186|192|1|169|0|199|
92|186|192|1|169|0|199|
92|186|192|1|169|0|199|
92|186|192|1|169|0|199|
92|186|176|1|169|0|199|
92|186|192|1|169|0|199|
92|186|176|1|169|0|199|
92|253|256|1|203|0|201|
92|187|192|1|169|0|199|
92|187|192|1|169|0|199|
92|186|192|1|169|0|199|
92|253|240|1|203|0|201|
92|186|176|1|169|0|199|
92|186|192|1|169|0|199|
92|186|192|1|169|0|199|
92|251|256|1|203|0|201|
92|187|192|1|169|0|199|
92|186|176|1|169|0|199|
92|186|192|1|169|0|199|
92|186|176|1|169|0|199|
92|186|176|1|169|0|199|
92|186|176|1|169|0|199|
92|187|192|1|169|0|199|
92|187|192|1|169|0|199|
92|187|192|1|169|0|199|
92|186|176|1|169|0|199|
92|186|192|1|169|0|199|
92|186|192|1|169|0|199|
92|187|176|1|169|0|199|
92|187|192|1|169|0|199|
92|187|176|1|169|0|199|
92|186|192|1|169|0|199|
92|186|192|1|169|0|199|
92|186|192|1|169|0|199|
92|186|192|1|169|0|199|
92|187|192|1|169|0|199|
92|186|176|1|169|0|199|
92|186|192|1|169|0|199|
92|186|192|1|169|0|199|
92|186|192|1|169|0|199|
92|186|192|1|169|0|199|
92|187|192|1|169|0|199|
92|184|192|1|169|0|199|
92|184|176|1|169|0|199|
92|186|192|1|169|0|199|
92|186|160|1|169|0|199|
92|186|192|1|169|0|199|
92|186|192|1|169|0|199|
92|187|192|1|169|0|199|
92|187|192|1|169|0|199|
92|187|192|1|169|0|199|
92|186|176|1|169|0|199|
92|186|192|1|169|0|199|
92|186|192|1|169|0|199|
92|186|176|1|169|0|199|
92|253|240|1|203|0|201|
92|194|192|1|176|0|199|
92|342|336|1|407|0|201|
92|186|192|1|169|0|199|
92|186|192|1|169|0|199|
92|187|176|1|169|0|199|
92|184|192|1|169|0|199|
92|187|192|1|169|0|199|
92|187|192|1|169|0|199|
92|186|160|1|169|0|199|
92|186|192|1|169|0|199|
92|187|192|1|169|0|199|
92|252|240|1|204|0|201|
92|187|192|1|169|0|199|
92|186|192|1|169|0|199|
92|186|192|1|169|0|199|
92|186|176|1|169|0|199|
92|186|176|1|169|0|199|
92|186|192|1|169|0|199|
92|186|160|1|169|0|199|
92|253|240|1|203|0|201|
92|186|176|1|169|0|199|
92|186|192|1|169|0|199|
92|186|176|1|169|0|199|
92|186|192|1|169|0|199|
92|186|192|1|169|0|199|
92|186|192|1|169|0|199|
92|186|192|1|169|0|199|
92|253|256|1|203|0|201|
92|186|192|1|169|0|199|
92|186|192|1|169|0|199|
92|186|192|1|169|0|199|
92|186|192|1|169|0|199|
92|186|192|1|169|0|199|
92|186|176|1|169|0|199|
92|186|192|1|169|0|199|
92|186|176|1|169|0|199|
92|249|256|1|204|0|201|
92|184|192|1|169|0|199|
92|187|176|1|169|0|199|
92|186|192|1|169|0|199|
92|253|256|1|203|0|201|
92|186|192|1|169|0|199|
92|186|192|1|169|0|199|
92|184|176|1|169|0|199|
92|187|192|1|169|0|199|
92|187|192|1|169|0|199|
92|186|176|1|169|0|199|
92|186|192|1|169|0|199|
92|186|192|1|169|0|199|
92|186|176|1|169|0|199|
92|186|192|1|169|0|199|
92|187|192|1|169|0|199|
92|187|192|1|169|0|199|
92|186|192|1|169|0|199|
92|186|192|1|169|0|199|
92|186|192|1|169|0|199|
92|186|192|1|169|0|199|
92|186|192|1|169|0|199|
92|187|192|1|169|0|199|
92|187|192|1|169|0|199|
92|186|192|1|169|0|199|
92|186|176|1|169|0|199|
92|252|256|1|202|0|201|
92|186|192|1|169|0|199|
92|187|192|1|169|0|199|
92|187|176|1|169|0|199|
92|186|176|1|169|0|199|
92|186|192|1|169|0|199|
92|186|192|1|169|0|199|
92|186|192|1|169|0|199|
92|252|256|1|202|0|201|
92|187|176|1|169|0|199|
92|186|192|1|169|0|199|
92|186|192|1|169|0|199|
92|186|192|1|169|0|199|
92|186|192|1|169|0|199|
92|184|176|1|169|0|199|
92|187|176|1|169|0|199|
92|187|192|1|169|0|199|
92|252|256|1|202|0|201|
92|187|192|1|169|0|199|
92|187|192|1|169|0|199|
92|187|192|1|169|0|199|
92|186|192|1|169|0|199|
92|186|176|1|169|0|199|
92|186|192|1|169|0|199|
92|186|176|1|169|0|199|
92|252|256|1|202|0|201|
92|186|192|1|169|0|199|
92|186|176|1|169|0|199|
92|186|192|1|169|0|199|
92|184|192|1|169|0|199|
92|187|192|1|169|0|199|
92|186|176|1|169|0|199|
92|186|192|1|169|0|199|
92|186|176|1|169|0|199|
92|186|176|1|169|0|199|
92|187|192|1|169|0|199|
92|187|176|1|169|0|199|
92|186|176|1|169|0|199|
92|253|256|1|203|0|201|
92|186|176|1|169|0|199|
92|186|176|1|169|0|199|
92|253|240|1|203|0|201|
92|187|160|1|169|0|199|
92|277|288|1|169|0|199|
92|187|176|1|169|0|199|
92|186|192|1|169|0|199|
92|186|176|1|169|0|199|
92|186|192|1|169|0|199|
92|186|160|1|169|0|199|
92|187|176|1|169|0|199|
92|186|192|1|169|0|199|
92|186|192|1|169|0|199|
92|186|176|1|169|0|199|
92|186|192|1|169|0|199|
92|186|160|1|169|0|199|
92|187|192|1|169|0|199|
92|187|192|1|169|0|199|
92|187|176|1|169|0|199|
92|186|192|1|169|0|199|
92|186|192|1|169|0|199|
92|186|176|1|169|0|199|
92|186|192|1|169|0|199|
92|186|192|1|169|0|199|
92|186|176|1|169|0|199|
92|186|192|1|169|0|199|
92|186|192|1|169|0|199|
92|186|192|1|169|0|199|
92|186|192|1|169|0|199|
92|186|160|1|169|0|199|
92|186|192|1|169|0|199|
92|186|192|1|169|0|199|
92|253|272|1|203|0|201|
92|186|192|1|169|0|199|
92|186|176|1|169|0|199|
92|186|192|1|169|0|199|
92|186|192|1|169|0|199|
92|186|192|1|169|0|199|
92|186|192|1|169|0|199|
92|186|192|1|169|0|199|
92|186|192|1|169|0|199|
92|253|256|1|203|0|201|
92|186|192|1|169|0|199|
92|186|192|1|169|0|199|
92|187|192|1|169|0|199|
92|187|192|1|169|0|199|
92|186|192|1|169|0|199|
92|186|192|1|169|0|199|
92|186|192|1|169|0|199|
92|186|160|1|169|0|199|
92|187|192|1|169|0|199|
92|187|192|1|169|0|199|
92|187|192|1|169|0|199|
92|187|176|1|169|0|199|
92|186|192|1|169|0|199|
92|186|176|1|169|0|199|
92|186|192|1|169|0|199|
92|184|176|1|169|0|199|
92|187|192|1|169|0|199|
92|186|176|1|169|0|199|
92|186|192|1|169|0|199|
92|186|160|1|169|0|199|
92|184|176|1|169|0|199|
92|187|192|1|169|0|199|
92|187|192|1|169|0|199|
92|186|176|1|169|0|199|
92|186|192|1|169|0|199|
92|253|256|1|203|0|201|
92|186|176|1|169|0|199|
92|187|192|1|169|0|199|
92|186|176|1|169|0|199|
92|186|192|1|169|0|199|
92|186|192|1|169|0|199|
92|186|192|1|169|0|199|
92|186|160|1|169|0|199|
92|186|192|1|169|0|199|
92|187|176|1|169|0|199|
92|187|192|1|169|0|199|
92|186|192|1|169|0|199|
92|186|176|1|169|0|199|
92|186|192|1|169|0|199|
92|186|192|1|169|0|199|
92|186|192|1|169|0|199|
92|187|176|1|169|0|199|
92|187|192|1|169|0|199|
92|187|176|1|169|0|199|
92|186|192|1|169|0|199|
92|187|176|1|169|0|199|
92|253|240|1|203|0|201|
92|187|192|1|169|0|199|
92|187|192|1|169|0|199|
92|186|176|1|169|0|199|
92|186|192|1|169|0|199|
92|186|176|1|169|0|199|
92|186|176|1|169|0|199|
92|186|192|1|169|0|199|
92|187|192|1|169|0|199|
92|187|192|1|169|0|199|
92|187|192|1|169|0|199|
92|186|192|1|169|0|199|
92|186|192|1|169|0|199|
92|187|176|1|169|0|199|
92|187|176|1|169|0|199|
92|275|272|1|169|0|199|
92|187|176|1|169|0|199|
92|186|192|1|169|0|199|
92|186|192|1|169|0|199|
92|186|192|1|169|0|199|
92|187|176|1|169|0|199|
92|187|192|1|169|0|199|
92|186|176|1|169|0|199|
92|253|240|1|203|0|201|
92|186|192|1|169|0|199|
92|186|176|1|169|0|199|
92|186|192|1|169|0|199|
92|184|192|1|169|0|199|
92|187|176|1|169|0|199|
92|186|192|1|169|0|199|
92|186|192|1|169|0|199|
92|186|192|1|169|0|199|
92|186|192|1|169|0|199|
92|186|176|1|169|0|199|
92|187|192|1|169|0|199|
92|187|176|1|169|0|199|
92|187|192|1|169|0|199|
92|186|176|1|169|0|199|
92|186|192|1|169|0|199|
92|187|192|1|169|0|199|
92|251|240|1|203|0|201|
92|186|192|1|169|0|199|
92|186|192|1|169|0|199|
92|186|176|1|169|0|199|
92|186|176|1|169|0|199|
92|186|192|1|169|0|199|
92|187|192|1|169|0|199|
92|186|192|1|169|0|199|
92|186|176|1|169|0|199|
92|186|176|1|169|0|199|
92|186|192|1|169|0|199|
92|186|192|1|169|0|199|
92|253|256|1|203|0|201|
92|186|192|1|169|0|199|
92|186|192|1|169|0|199|
92|186|192|1|169|0|199|
92|186|192|1|169|0|199|
92|186|192|1|169|0|199|
92|186|176|1|169|0|199|
92|187|192|1|169|0|199|
92|187|192|1|169|0|199|
92|186|192|1|169|0|199|
92|186|192|1|169|0|199|
92|186|176|1|169|0|199|
92|186|176|1|169|0|199|
92|187|192|1|169|0|199|
92|187|192|1|169|0|199|
92|187|192|1|169|0|199|
92|187|192|1|169|0|199|
92|186|192|1|169|0|199|
92|186|192|1|169|0|199|
92|187|192|1|169|0|199|
92|187|176|1|169|0|199|
92|187|192|1|169|0|199|
92|187|192|1|169|0|199|
92|187|192|1|169|0|199|
92|186|192|1|169|0|199|
92|186|192|1|169|0|199|
92|186|176|1|169|0|199|
92|186|176|1|169|0|199|
92|186|192|1|169|0|199|
92|186|192|1|169|0|199|
92|253|256|1|203|0|201|
92|186|192|1|169|0|199|
92|186|192|1|169|0|199|
92|186|192|1|169|0|199|
92|184|192|1|169|0|199|
92|186|192|1|169|0|199|
92|186|192|1|169|0|199|
92|186|192|1|169|0|199|
92|186|192|1|169|0|199|
92|252|256|1|202|0|201|
92|184|192|1|169|0|199|
92|277|272|1|169|0|199|
92|187|192|1|169|0|199|
92|187|192|1|169|0|199|
92|186|176|1|169|0|199|
92|186|192|1|169|0|199|
92|186|192|1|169|0|199|
92|253|240|1|203|0|201|
92|187|176|1|169|0|199|
92|186|160|1|169|0|199|
92|186|192|1|169|0|199|
92|186|160|1|169|0|199|
92|186|160|1|169|0|199|
92|186|192|1|169|0|199|
92|186|192|1|169|0|199|
92|186|192|1|169|0|199|
92|252|240|1|202|0|201|
92|186|176|1|169|0|199|
92|186|176|1|169|0|199|
92|186|192|1|169|0|199|
92|186|176|1|169|0|199|
92|186|192|1|169|0|199|
92|187|192|1|169|0|199|
