INSTRUCTIONS_RETIRED|CYCLES|UNKNOWN|LD_BLOCKS.STORE_FORWARD|UOPS_EXECUTED.CORE|BR_MISP_RETIRED.ALL_BRANCHES|UOPS_RETIRED.ANY|
189|284|160|1|266|0|296|
189|281|208|1|266|0|296|
189|284|192|1|266|0|296|
189|284|272|1|266|0|296|
189|283|288|1|266|0|296|
189|284|272|1|266|0|296|
189|284|288|1|266|0|296|
189|284|288|1|266|0|296|
189|284|288|1|266|0|296|
189|284|288|1|266|0|296|
189|283|288|1|266|0|296|
189|283|272|1|266|0|296|
189|281|288|1|266|0|296|
189|284|288|1|266|0|296|
189|283|288|1|266|0|296|
189|457|464|1|789|0|297|
189|531|512|1|998|0|298|
189|281|256|1|266|0|296|
189|351|288|1|300|0|298|
189|284|256|1|266|0|296|
189|283|272|1|266|0|296|
189|283|288|1|266|0|296|
189|284|288|1|266|0|296|
189|284|288|1|266|0|296|
189|284|288|1|266|0|296|
189|284|288|1|266|0|296|
189|283|272|1|266|0|296|
189|283|288|1|266|0|296|
189|283|288|1|266|0|296|
189|284|288|1|266|0|296|
189|283|272|1|266|0|296|
189|283|272|1|266|0|296|
189|283|288|1|266|0|296|
189|283|288|1|266|0|296|
189|284|272|1|266|0|296|
189|284|272|1|266|0|296|
189|284|288|1|266|0|296|
189|284|288|1|266|0|296|
189|283|288|1|266|0|296|
189|281|288|1|266|0|296|
189|284|288|1|266|0|296|
189|284|288|1|266|0|296|
189|283|272|1|266|0|296|
189|281|272|1|266|0|296|
189|283|288|1|266|0|296|
189|283|288|1|266|0|296|
189|284|288|1|266|0|296|
189|281|272|1|266|0|296|
189|284|288|1|266|0|296|
189|284|288|1|266|0|296|
189|284|288|1|266|0|296|
189|283|288|1|266|0|296|
189|281|272|1|266|0|296|
189|284|272|1|266|0|296|
189|349|336|1|301|0|298|
189|284|288|1|266|0|296|
189|283|288|1|266|0|296|
189|283|288|1|266|0|296|
189|284|288|1|266|0|296|
189|300|304|1|281|0|296|
189|284|272|1|266|0|296|
189|284|288|1|266|0|296|
189|283|288|1|266|0|296|
189|283|288|1|266|0|296|
189|281|288|1|266|0|296|
189|284|288|1|266|0|296|
189|284|288|1|266|0|296|
189|284|288|1|266|0|296|
189|283|288|1|266|0|296|
189|283|288|1|266|0|296|
189|284|288|1|266|0|296|
189|284|272|1|266|0|296|
189|284|288|1|266|0|296|
189|284|288|1|266|0|296|
189|283|272|1|266|0|296|
189|349|352|1|300|0|298|
189|284|272|1|266|0|296|
189|281|288|1|266|0|296|
189|284|288|1|266|0|296|
189|284|272|1|266|0|296|
189|347|352|1|300|0|298|
189|283|288|1|266|0|296|
189|284|288|1|266|0|296|
189|284|288|1|266|0|296|
189|284|288|1|266|0|296|
189|284|288|1|266|0|296|
189|284|288|1|266|0|296|
189|284|288|1|266|0|296|
189|284|288|1|266|0|296|
189|284|272|1|266|0|296|
189|284|288|1|266|0|296|
189|284|272|1|266|0|296|
189|283|272|1|266|0|296|
189|283|272|1|266|0|296|
189|283|272|1|266|0|296|
189|284|288|1|266|0|296|
189|284|272|1|266|0|296|
189|284|288|1|266|0|296|
189|281|272|1|266|0|296|
189|284|288|1|266|0|296|
189|283|288|1|266|0|296|
189|284|288|1|266|0|296|
189|284|288|1|266|0|296|
189|284|288|1|266|0|296|
189|284|288|1|266|0|296|
189|283|288|1|266|0|296|
189|283|288|1|266|0|296|
189|284|288|1|266|0|296|
189|283|272|1|266|0|296|
189|281|288|1|266|0|296|
189|284|288|1|266|0|296|
189|284|288|1|266|0|296|
189|284|288|1|266|0|296|
189|352|352|1|301|0|298|
189|283|288|1|266|0|296|
189|284|272|1|266|0|296|
189|284|288|1|266|0|296|
189|284|288|1|266|0|296|
189|284|288|1|266|0|296|
189|284|272|1|266|0|296|
189|284|288|1|266|0|296|
189|284|288|1|266|0|296|
189|284|272|1|266|0|296|
189|284|288|1|266|0|296|
189|283|288|1|266|0|296|
189|284|288|1|266|0|296|
189|284|288|1|266|0|296|
189|284|288|1|266|0|296|
189|284|288|1|266|0|296|
189|284|288|1|266|0|296|
189|285|288|1|266|0|296|
189|284|288|1|266|0|296|
189|284|272|1|266|0|296|
189|281|272|1|266|0|296|
189|284|272|1|266|0|296|
189|284|288|1|266|0|296|
189|283|288|1|266|0|296|
189|283|272|1|266|0|296|
189|284|288|1|266|0|296|
189|284|288|1|266|0|296|
189|284|288|1|266|0|296|
189|283|272|1|266|0|296|
189|283|288|1|266|0|296|
189|347|352|1|386|0|295|
189|284|288|1|266|0|296|
189|284|272|1|266|0|296|
189|284|288|1|266|0|296|
189|283|288|1|266|0|296|
189|283|288|1|266|0|296|
189|283|288|1|266|0|296|
189|284|288|1|266|0|296|
189|284|288|1|266|0|296|
189|351|352|1|300|0|298|
189|285|288|1|266|0|296|
189|283|288|1|266|0|296|
189|283|272|1|266|0|296|
189|284|288|1|266|0|296|
189|283|272|1|266|0|296|
189|284|288|1|266|0|296|
189|284|288|1|266|0|296|
189|284|288|1|266|0|296|
189|283|272|1|266|0|296|
189|284|288|1|266|0|296|
189|284|272|1|266|0|296|
189|284|288|1|266|0|296|
189|283|272|1|266|0|296|
189|283|288|1|266|0|296|
189|283|288|1|266|0|296|
189|284|272|1|266|0|296|
189|284|288|1|266|0|296|
189|283|288|1|266|0|296|
189|284|288|1|266|0|296|
189|346|352|1|299|0|298|
189|283|288|1|266|0|296|
189|281|272|1|266|0|296|
189|284|288|1|266|0|296|
189|284|288|1|266|0|296|
189|284|272|1|266|0|296|
189|283|272|1|266|0|296|
189|283|288|1|266|0|296|
189|286|272|1|266|0|296|
189|346|352|1|301|0|298|
189|284|272|1|266|0|296|
189|284|272|1|266|0|296|
189|284|288|1|266|0|296|
189|346|336|1|301|0|298|
189|284|288|1|266|0|296|
189|284|288|1|266|0|296|
189|284|288|1|266|0|296|
189|284|288|1|266|0|296|
189|284|288|1|266|0|296|
189|284|272|1|266|0|296|
189|284|288|1|266|0|296|
189|284|288|1|266|0|296|
189|284|272|1|266|0|296|
189|284|288|1|266|0|296|
189|347|336|1|300|0|298|
189|283|288|1|266|0|296|
189|284|288|1|266|0|296|
189|284|288|1|266|0|296|
189|284|288|1|266|0|296|
189|284|288|1|266|0|296|
189|284|272|1|266|0|296|
189|283|288|1|266|0|296|
189|281|288|1|266|0|296|
189|284|288|1|266|0|296|
189|284|288|1|266|0|296|
189|284|288|1|266|0|296|
189|284|288|1|266|0|296|
189|283|288|1|266|0|296|
189|284|288|1|266|0|296|
189|283|288|1|266|0|296|
189|281|288|1|266|0|296|
189|281|288|1|266|0|296|
189|284|288|1|266|0|296|
189|284|288|1|266|0|296|
189|284|288|1|266|0|296|
189|284|288|1|266|0|296|
189|281|272|1|266|0|296|
189|281|288|1|266|0|296|
189|283|288|1|266|0|296|
189|283|272|1|266|0|296|
189|281|288|1|266|0|296|
189|284|288|1|266|0|296|
189|283|288|1|266|0|296|
189|281|288|1|266|0|296|
189|283|288|1|266|0|296|
189|397|400|1|511|0|296|
189|283|288|1|266|0|296|
189|283|288|1|266|0|296|
189|281|288|1|266|0|296|
189|283|288|1|266|0|296|
189|347|336|1|300|0|298|
189|283|288|1|266|0|296|
189|283|288|1|266|0|296|
189|347|352|1|300|0|298|
189|283|272|1|266|0|296|
189|283|288|1|266|0|296|
189|283|272|1|266|0|296|
189|347|352|1|300|0|298|
189|283|288|1|266|0|296|
189|284|272|1|266|0|296|
189|284|256|1|266|0|296|
189|281|272|1|266|0|296|
189|284|288|1|266|0|296|
189|284|288|1|266|0|296|
189|284|272|1|266|0|296|
189|284|288|1|266|0|296|
189|284|288|1|266|0|296|
189|284|288|1|266|0|296|
189|284|288|1|266|0|296|
189|284|288|1|266|0|296|
189|283|288|1|266|0|296|
189|300|304|1|320|0|296|
189|399|400|1|733|0|295|
189|284|224|1|266|0|296|
189|284|224|1|266|0|296|
189|283|240|1|266|0|296|
189|283|240|1|266|0|296|
189|283|288|1|266|0|296|
189|284|272|1|266|0|296|
189|284|288|1|266|0|296|
189|284|288|1|266|0|296|
189|284|288|1|266|0|296|
189|283|288|1|266|0|296|
189|283|272|1|266|0|296|
189|346|352|1|301|0|298|
189|284|272|1|266|0|296|
189|281|288|1|266|0|296|
189|284|272|1|266|0|296|
189|284|272|1|266|0|296|
189|283|288|1|266|0|296|
189|283|288|1|266|0|296|
189|284|288|1|266|0|296|
189|284|288|1|266|0|296|
189|284|288|1|266|0|296|
189|284|288|1|266|0|296|
189|284|272|1|266|0|296|
189|283|288|1|266|0|296|
189|281|288|1|266|0|296|
189|284|288|1|266|0|296|
189|284|288|1|266|0|296|
189|284|288|1|266|0|296|
189|283|272|1|266|0|296|
189|283|288|1|266|0|296|
189|281|288|1|266|0|296|
189|284|288|1|266|0|296|
189|284|272|1|266|0|296|
189|284|272|1|266|0|296|
189|284|272|1|266|0|296|
189|283|288|1|266|0|296|
189|347|336|1|300|0|298|
189|284|272|1|266|0|296|
189|284|288|1|266|0|296|
189|283|272|1|266|0|296|
189|284|288|1|266|0|296|
189|284|288|1|266|0|296|
189|284|288|1|266|0|296|
189|284|272|1|266|0|296|
189|284|272|1|266|0|296|
189|284|288|1|266|0|296|
189|281|288|1|266|0|296|
189|284|288|1|266|0|296|
189|283|288|1|266|0|296|
189|284|288|1|266|0|296|
189|284|272|1|266|0|296|
189|284|272|1|266|0|296|
189|284|288|1|266|0|296|
189|284|272|1|266|0|296|
189|283|272|1|266|0|296|
189|284|288|1|266|0|296|
189|284|272|1|266|0|296|
189|284|272|1|266|0|296|
189|284|272|1|266|0|296|
189|284|272|1|266|0|296|
189|284|288|1|266|0|296|
189|284|288|1|266|0|296|
189|281|288|1|266|0|296|
189|284|288|1|266|0|296|
189|284|288|1|266|0|296|
189|284|288|1|266|0|296|
189|283|288|1|266|0|296|
189|284|288|1|266|0|296|
189|284|288|1|266|0|296|
189|284|272|1|266|0|296|
189|281|256|1|266|0|296|
189|283|288|1|266|0|296|
189|283|288|1|266|0|296|
189|284|288|1|266|0|296|
189|284|272|1|266|0|296|
189|284|288|1|266|0|296|
189|283|288|1|266|0|296|
189|283|272|1|266|0|296|
189|283|288|1|266|0|296|
189|284|272|1|266|0|296|
189|284|288|1|266|0|296|
189|284|288|1|266|0|296|
189|284|272|1|266|0|296|
189|283|288|1|266|0|296|
189|281|288|1|266|0|296|
189|284|272|1|266|0|296|
189|284|272|1|266|0|296|
189|284|272|1|266|0|296|
189|284|272|1|266|0|296|
189|347|352|1|300|0|298|
189|281|288|1|266|0|296|
189|284|288|1|266|0|296|
189|284|272|1|266|0|296|
189|284|272|1|266|0|296|
189|284|288|1|266|0|296|
189|284|272|1|266|0|296|
189|283|288|1|266|0|296|
189|284|272|1|266|0|296|
189|284|288|1|266|0|296|
189|281|272|1|266|0|296|
189|284|288|1|266|0|296|
189|283|288|1|266|0|296|
189|347|336|1|300|0|298|
189|281|288|1|266|0|296|
189|284|288|1|266|0|296|
189|281|272|1|266|0|296|
189|284|288|1|266|0|296|
189|283|288|1|266|0|296|
189|283|272|1|266|0|296|
189|284|288|1|266|0|296|
189|284|272|1|266|0|296|
189|284|272|1|266|0|296|
189|284|272|1|266|0|296|
189|283|272|1|266|0|296|
189|283|288|1|266|0|296|
189|281|288|1|266|0|296|
189|284|288|1|266|0|296|
189|284|288|1|266|0|296|
189|284|288|1|266|0|296|
189|283|288|1|266|0|296|
189|283|288|1|266|0|296|
189|281|288|1|266|0|296|
189|284|288|1|266|0|296|
189|284|288|1|266|0|296|
189|284|288|1|266|0|296|
189|283|288|1|266|0|296|
189|283|288|1|266|0|296|
189|284|272|1|266|0|296|
189|284|272|1|266|0|296|
189|281|288|1|266|0|296|
189|284|272|1|266|0|296|
189|284|288|1|266|0|296|
189|281|288|1|266|0|296|
189|284|288|1|266|0|296|
189|281|288|1|266|0|296|
189|284|288|1|266|0|296|
189|284|288|1|266|0|296|
189|284|288|1|266|0|296|
189|283|272|1|266|0|296|
189|284|288|1|266|0|296|
189|284|288|1|266|0|296|
189|284|288|1|266|0|296|
189|284|272|1|266|0|296|
189|284|288|1|266|0|296|
189|283|288|1|266|0|296|
189|351|352|1|300|0|298|
189|281|288|1|266|0|296|
189|284|272|1|266|0|296|
189|281|288|1|266|0|296|
189|351|352|1|300|0|298|
189|283|288|1|266|0|296|
189|283|272|1|266|0|296|
189|284|288|1|266|0|296|
189|281|256|1|266|0|296|
189|284|272|1|266|0|296|
189|284|288|1|266|0|296|
189|283|288|1|266|0|296|
189|281|272|1|266|0|296|
189|284|288|1|266|0|296|
189|284|272|1|266|0|296|
189|284|288|1|266|0|296|
189|284|288|1|266|0|296|
189|283|288|1|266|0|296|
189|283|288|1|266|0|296|
189|284|288|1|266|0|296|
189|284|288|1|266|0|296|
189|284|288|1|266|0|296|
189|281|288|1|266|0|296|
189|284|272|1|266|0|296|
189|284|288|1|266|0|296|
189|284|288|1|266|0|296|
189|351|336|1|300|0|298|
189|281|288|1|266|0|296|
189|284|288|1|266|0|296|
189|284|288|1|266|0|296|
189|283|272|1|266|0|296|
189|284|288|1|266|0|296|
189|281|288|1|266|0|296|
189|284|288|1|266|0|296|
189|284|272|1|266|0|296|
189|283|272|1|266|0|296|
189|283|288|1|266|0|296|
189|284|272|1|266|0|296|
189|284|288|1|266|0|296|
189|284|288|1|266|0|296|
189|281|288|1|266|0|296|
189|284|272|1|266|0|296|
189|284|272|1|266|0|296|
189|284|288|1|266|0|296|
189|284|272|1|266|0|296|
189|284|288|1|266|0|296|
189|284|288|1|266|0|296|
189|283|272|1|266|0|296|
190|1065|1072|1|638|0|507|
189|284|272|1|266|0|296|
189|284|288|1|266|0|296|
189|283|256|1|266|0|296|
189|284|288|1|266|0|296|
189|283|288|1|266|0|296|
189|283|288|1|266|0|296|
189|347|336|1|300|0|298|
189|283|288|1|266|0|296|
189|284|288|1|266|0|296|
189|284|288|1|266|0|296|
189|284|272|1|266|0|296|
189|284|288|1|266|0|296|
189|284|288|1|266|0|296|
189|281|272|1|266|0|296|
189|284|288|1|266|0|296|
189|284|272|1|266|0|296|
189|284|288|1|266|0|296|
189|283|272|1|266|0|296|
189|284|272|1|266|0|296|
189|284|288|1|266|0|296|
189|284|272|1|266|0|296|
189|284|288|1|266|0|296|
189|283|288|1|266|0|296|
189|283|288|1|266|0|296|
189|283|288|1|266|0|296|
189|281|288|1|266|0|296|
189|284|288|1|266|0|296|
189|284|288|1|266|0|296|
189|283|288|1|266|0|296|
189|283|272|1|266|0|296|
189|283|288|1|266|0|296|
189|281|288|1|266|0|296|
189|284|272|1|266|0|296|
189|346|304|1|301|0|298|
189|283|240|1|266|0|296|
189|283|272|1|266|0|296|
189|284|288|1|266|0|296|
189|348|352|1|301|0|298|
189|284|288|1|266|0|296|
189|284|272|1|266|0|296|
189|283|288|1|266|0|296|
189|346|352|1|299|0|298|
189|284|288|1|266|0|296|
189|284|288|1|266|0|296|
189|284|288|1|266|0|296|
189|284|288|1|266|0|296|
189|281|288|1|266|0|296|
189|283|288|1|266|0|296|
189|284|288|1|266|0|296|
189|346|336|1|301|0|298|
189|281|272|1|266|0|296|
189|284|288|1|266|0|296|
189|284|288|1|266|0|296|
189|284|288|1|266|0|296|
189|284|288|1|266|0|296|
189|284|288|1|266|0|296|
189|284|272|1|266|0|296|
189|281|272|1|266|0|296|
189|351|352|1|300|0|298|
189|284|288|1|266|0|296|
189|281|288|1|266|0|296|
189|284|288|1|266|0|296|
189|284|272|1|266|0|296|
189|284|288|1|266|0|296|
189|347|352|1|300|0|298|
189|283|288|1|266|0|296|
189|347|320|1|300|0|298|
189|287|240|1|266|0|296|
189|283|240|1|266|0|296|
189|284|288|1|266|0|296|
189|281|272|1|266|0|296|
189|284|288|1|266|0|296|
189|283|288|1|266|0|296|
189|283|288|1|266|0|296|
189|284|272|1|266|0|296|
189|281|288|1|266|0|296|
189|281|288|1|266|0|296|
189|281|272|1|266|0|296|
189|284|272|1|266|0|296|
189|283|288|1|266|0|296|
189|284|288|1|266|0|296|
189|284|288|1|266|0|296|
189|284|272|1|266|0|296|
189|283|288|1|266|0|296|
189|284|272|1|266|0|296|
189|284|288|1|266|0|296|
189|284|288|1|266|0|296|
189|284|288|1|266|0|296|
189|284|288|1|266|0|296|
189|281|272|1|266|0|296|
189|284|288|1|266|0|296|
189|283|272|1|266|0|296|
189|284|288|1|266|0|296|
189|284|288|1|266|0|296|
189|284|288|1|266|0|296|
189|283|272|1|266|0|296|
189|283|288|1|266|0|296|
189|283|272|1|266|0|296|
189|284|288|1|266|0|296|
189|284|272|1|266|0|296|
189|284|288|1|266|0|296|
189|281|288|1|266|0|296|
189|284|272|1|266|0|296|
189|283|288|1|266|0|296|
189|283|272|1|266|0|296|
189|281|272|1|266|0|296|
189|284|288|1|266|0|296|
189|281|288|1|266|0|296|
189|283|288|1|266|0|296|
189|283|288|1|266|0|296|
189|281|288|1|266|0|296|
189|284|288|1|266|0|296|
189|284|288|1|266|0|296|
189|284|272|1|266|0|296|
189|284|288|1|266|0|296|
189|284|288|1|266|0|296|
189|284|272|1|266|0|296|
189|284|288|1|266|0|296|
189|284|288|1|266|0|296|
189|284|288|1|266|0|296|
189|284|288|1|266|0|296|
189|283|288|1|266|0|296|
189|281|256|1|266|0|296|
189|284|288|1|266|0|296|
189|284|288|1|266|0|296|
189|284|272|1|266|0|296|
189|347|336|1|300|0|298|
189|283|288|1|266|0|296|
189|284|288|1|266|0|296|
189|284|288|1|266|0|296|
189|284|272|1|266|0|296|
189|284|272|1|266|0|296|
189|283|288|1|266|0|296|
189|283|256|1|266|0|296|
189|281|272|1|266|0|296|
189|284|288|1|266|0|296|
189|284|288|1|266|0|296|
189|284|288|1|266|0|296|
189|283|288|1|266|0|296|
189|283|288|1|266|0|296|
189|281|272|1|266|0|296|
189|284|272|1|266|0|296|
189|284|272|1|266|0|296|
189|284|288|1|266|0|296|
189|283|288|1|266|0|296|
189|428|432|1|463|0|296|
189|284|288|1|266|0|296|
189|284|288|1|266|0|296|
189|284|288|1|266|0|296|
189|281|288|1|266|0|296|
189|284|288|1|266|0|296|
189|283|288|1|266|0|296|
189|284|288|1|266|0|296|
189|281|272|1|266|0|296|
189|284|288|1|266|0|296|
189|284|288|1|266|0|296|
189|283|288|1|266|0|296|
189|283|272|1|266|0|296|
189|284|288|1|266|0|296|
189|284|288|1|266|0|296|
189|284|272|1|266|0|296|
189|283|272|1|266|0|296|
189|283|256|1|266|0|296|
189|285|288|1|266|0|296|
189|284|288|1|266|0|296|
189|281|256|1|266|0|296|
189|284|288|1|266|0|296|
189|284|288|1|266|0|296|
189|284|272|1|266|0|296|
189|283|272|1|266|0|296|
189|284|272|1|266|0|296|
189|284|272|1|266|0|296|
189|281|288|1|266|0|296|
189|284|288|1|266|0|296|
189|283|272|1|266|0|296|
189|281|272|1|266|0|296|
189|284|288|1|266|0|296|
189|284|288|1|266|0|296|
189|284|288|1|266|0|296|
189|284|288|1|266|0|296|
189|284|288|1|266|0|296|
189|283|288|1|266|0|296|
189|284|288|1|266|0|296|
189|284|288|1|266|0|296|
189|284|272|1|266|0|296|
189|284|288|1|266|0|296|
189|284|272|1|266|0|296|
189|281|288|1|266|0|296|
189|284|288|1|266|0|296|
189|284|288|1|266|0|296|
189|284|272|1|266|0|296|
189|284|288|1|266|0|296|
189|284|288|1|266|0|296|
189|284|288|1|266|0|296|
189|284|288|1|266|0|296|
189|281|288|1|266|0|296|
189|284|288|1|266|0|296|
189|284|288|1|266|0|296|
189|284|288|1|266|0|296|
189|284|288|1|266|0|296|
189|284|288|1|266|0|296|
189|284|288|1|266|0|296|
189|284|272|1|266|0|296|
189|284|288|1|266|0|296|
189|283|288|1|266|0|296|
189|281|288|1|266|0|296|
189|284|272|1|266|0|296|
189|284|272|1|266|0|296|
189|284|272|1|266|0|296|
189|284|288|1|266|0|296|
189|284|288|1|266|0|296|
189|284|272|1|266|0|296|
189|284|288|1|266|0|296|
189|403|416|1|619|0|295|
189|284|272|1|266|0|296|
189|325|336|1|339|0|296|
189|351|352|1|300|0|298|
189|284|288|1|266|0|296|
189|284|288|1|266|0|296|
189|284|288|1|266|0|296|
189|284|288|1|266|0|296|
189|283|288|1|266|0|296|
189|283|288|1|266|0|296|
189|284|272|1|266|0|296|
189|284|288|1|266|0|296|
189|284|288|1|266|0|296|
189|284|272|1|266|0|296|
189|283|288|1|266|0|296|
189|283|272|1|266|0|296|
189|281|288|1|266|0|296|
189|284|272|1|266|0|296|
189|284|288|1|266|0|296|
189|284|288|1|266|0|296|
189|284|288|1|266|0|296|
189|351|352|1|300|0|298|
189|284|272|1|266|0|296|
189|283|288|1|266|0|296|
189|284|272|1|266|0|296|
189|284|288|1|266|0|296|
189|284|288|1|266|0|296|
189|283|272|1|266|0|296|
189|281|272|1|266|0|296|
189|281|272|1|266|0|296|
189|281|288|1|266|0|296|
189|284|288|1|266|0|296|
189|283|288|1|266|0|296|
189|283|288|1|266|0|296|
189|284|288|1|266|0|296|
189|284|288|1|266|0|296|
189|284|272|1|266|0|296|
189|284|288|1|266|0|296|
189|283|288|1|266|0|296|
189|283|288|1|266|0|296|
189|284|272|1|266|0|296|
189|284|288|1|266|0|296|
189|281|288|1|266|0|296|
189|284|288|1|266|0|296|
189|284|288|1|266|0|296|
189|283|288|1|266|0|296|
189|284|288|1|266|0|296|
189|281|288|1|266|0|296|
189|284|288|1|266|0|296|
189|284|288|1|266|0|296|
189|284|272|1|266|0|296|
189|283|288|1|266|0|296|
189|284|288|1|266|0|296|
189|284|288|1|266|0|296|
189|284|288|1|266|0|296|
189|284|288|1|266|0|296|
189|283|272|1|266|0|296|
189|283|272|1|266|0|296|
189|346|336|1|301|0|298|
189|284|288|1|266|0|296|
189|284|272|1|266|0|296|
189|284|272|1|266|0|296|
189|284|288|1|266|0|296|
189|373|368|1|380|0|296|
189|284|272|1|266|0|296|
189|284|272|1|266|0|296|
189|444|448|1|539|0|297|
189|351|320|1|406|0|297|
189|346|304|1|461|0|296|
189|291|240|1|302|0|296|
189|345|320|1|353|0|296|
189|410|352|1|485|0|295|
189|410|368|1|545|0|296|
189|395|352|1|604|0|296|
189|352|304|1|301|0|298|
189|284|272|1|266|0|296|
189|284|288|1|266|0|296|
189|284|288|1|266|0|296|
189|281|288|1|266|0|296|
189|284|288|1|266|0|296|
189|283|272|1|266|0|296|
189|284|272|1|266|0|296|
189|284|288|1|266|0|296|
189|284|288|1|266|0|296|
189|284|288|1|266|0|296|
189|284|288|1|266|0|296|
189|283|272|1|266|0|296|
189|284|272|1|266|0|296|
189|281|272|1|266|0|296|
189|281|288|1|266|0|296|
189|284|288|1|266|0|296|
189|283|288|1|266|0|296|
189|284|272|1|266|0|296|
189|382|368|1|389|0|298|
189|460|448|1|415|0|298|
189|284|272|1|266|0|296|
189|284|288|1|266|0|296|
189|283|288|1|266|0|296|
189|283|288|1|266|0|296|
189|284|288|1|266|0|296|
189|284|288|1|266|0|296|
189|284|288|1|266|0|296|
189|284|288|1|266|0|296|
189|284|272|1|266|0|296|
190|1093|1104|1|955|0|507|
189|284|272|1|266|0|296|
189|284|288|1|266|0|296|
189|281|272|1|266|0|296|
189|284|272|1|266|0|296|
189|284|272|1|266|0|296|
189|316|336|1|281|0|296|
189|281|288|1|266|0|296|
189|284|288|1|266|0|296|
189|284|288|1|266|0|296|
189|284|272|1|266|0|296|
189|281|288|1|266|0|296|
189|283|272|1|266|0|296|
189|284|288|1|266|0|296|
189|284|288|1|266|0|296|
189|281|272|1|266|0|296|
189|284|288|1|266|0|296|
189|284|288|1|266|0|296|
189|284|288|1|266|0|296|
189|284|288|1|266|0|296|
189|284|288|1|266|0|296|
189|284|288|1|266|0|296|
189|284|288|1|266|0|296|
189|284|288|1|266|0|296|
189|351|352|1|300|0|298|
189|284|288|1|266|0|296|
189|284|288|1|266|0|296|
189|284|272|1|266|0|296|
189|283|272|1|266|0|296|
189|284|288|1|266|0|296|
189|283|288|1|266|0|296|
189|284|272|1|266|0|296|
189|284|288|1|266|0|296|
189|284|272|1|266|0|296|
189|284|272|1|266|0|296|
189|284|272|1|266|0|296|
189|283|288|1|266|0|296|
189|283|272|1|266|0|296|
189|284|288|1|266|0|296|
189|284|272|1|266|0|296|
189|281|272|1|266|0|296|
189|281|288|1|266|0|296|
189|284|288|1|266|0|296|
189|283|288|1|266|0|296|
189|284|272|1|266|0|296|
189|284|272|1|266|0|296|
189|351|352|1|300|0|298|
189|284|288|1|266|0|296|
189|283|288|1|266|0|296|
189|283|288|1|266|0|296|
189|284|288|1|266|0|296|
189|284|272|1|266|0|296|
189|284|288|1|266|0|296|
189|284|288|1|266|0|296|
189|284|288|1|266|0|296|
189|347|352|1|300|0|298|
189|283|272|1|266|0|296|
189|284|272|1|266|0|296|
189|284|288|1|266|0|296|
189|284|288|1|266|0|296|
189|283|288|1|266|0|296|
189|283|288|1|266|0|296|
189|284|288|1|266|0|296|
189|284|288|1|266|0|296|
189|281|288|1|266|0|296|
189|284|272|1|266|0|296|
189|283|288|1|266|0|296|
189|283|288|1|266|0|296|
189|281|272|1|266|0|296|
189|284|288|1|266|0|296|
189|284|288|1|266|0|296|
189|284|288|1|266|0|296|
189|284|272|1|266|0|296|
189|283|288|1|266|0|296|
189|283|288|1|266|0|296|
189|284|288|1|266|0|296|
189|284|288|1|266|0|296|
189|284|288|1|266|0|296|
189|284|288|1|266|0|296|
189|284|288|1|266|0|296|
189|284|288|1|266|0|296|
189|284|288|1|266|0|296|
189|284|288|1|266|0|296|
189|284|288|1|266|0|296|
189|284|288|1|266|0|296|
189|347|336|1|300|0|298|
189|283|272|1|266|0|296|
189|281|288|1|266|0|296|
189|283|288|1|266|0|296|
189|284|288|1|266|0|296|
189|281|272|1|266|0|296|
189|283|288|1|266|0|296|
189|284|272|1|266|0|296|
189|326|336|1|323|0|296|
189|284|272|1|266|0|296|
189|284|272|1|266|0|296|
189|281|288|1|266|0|296|
189|283|288|1|266|0|296|
189|283|288|1|266|0|296|
189|284|288|1|266|0|296|
189|284|288|1|266|0|296|
189|284|288|1|266|0|296|
189|284|288|1|266|0|296|
189|284|288|1|266|0|296|
189|283|288|1|266|0|296|
189|284|272|1|266|0|296|
189|284|288|1|266|0|296|
189|284|288|1|266|0|296|
189|284|272|1|266|0|296|
189|284|288|1|266|0|296|
189|283|272|1|266|0|296|
189|283|272|1|266|0|296|
189|284|288|1|266|0|296|
189|284|272|1|266|0|296|
189|284|288|1|266|0|296|
189|283|272|1|266|0|296|
189|283|288|1|266|0|296|
189|284|272|1|266|0|296|
189|284|288|1|266|0|296|
189|284|288|1|266|0|296|
189|284|288|1|266|0|296|
189|284|288|1|266|0|296|
189|284|288|1|266|0|296|
189|284|288|1|266|0|296|
189|284|288|1|266|0|296|
189|284|288|1|266|0|296|
189|283|288|1|266|0|296|
189|283|288|1|266|0|296|
189|283|288|1|266|0|296|
189|284|288|1|266|0|296|
189|284|288|1|266|0|296|
189|284|288|1|266|0|296|
189|284|288|1|266|0|296|
189|283|288|1|266|0|296|
189|283|288|1|266|0|296|
189|284|288|1|266|0|296|
189|284|288|1|266|0|296|
189|351|352|1|300|0|298|
189|284|288|1|266|0|296|
189|283|272|1|266|0|296|
189|283|288|1|266|0|296|
189|284|288|1|266|0|296|
189|284|272|1|266|0|296|
189|284|288|1|266|0|296|
189|284|288|1|266|0|296|
189|283|272|1|266|0|296|
189|283|288|1|266|0|296|
189|284|288|1|266|0|296|
189|284|288|1|266|0|296|
189|281|288|1|266|0|296|
189|284|288|1|266|0|296|
189|284|288|1|266|0|296|
189|283|272|1|266|0|296|
189|284|288|1|266|0|296|
189|281|288|1|266|0|296|
189|284|288|1|266|0|296|
189|284|288|1|266|0|296|
189|283|288|1|266|0|296|
189|283|288|1|266|0|296|
189|281|288|1|266|0|296|
189|284|288|1|266|0|296|
189|281|272|1|266|0|296|
189|284|288|1|266|0|296|
189|284|288|1|266|0|296|
189|283|288|1|266|0|296|
189|281|288|1|266|0|296|
189|284|272|1|266|0|296|
189|284|288|1|266|0|296|
189|284|288|1|266|0|296|
189|284|288|1|266|0|296|
189|283|272|1|266|0|296|
189|284|288|1|266|0|296|
189|284|288|1|266|0|296|
189|284|288|1|266|0|296|
189|284|272|1|266|0|296|
189|284|288|1|266|0|296|
189|283|272|1|266|0|296|
189|284|272|1|266|0|296|
189|284|288|1|266|0|296|
189|284|272|1|266|0|296|
189|281|288|1|266|0|296|
189|283|288|1|266|0|296|
189|283|288|1|266|0|296|
189|284|288|1|266|0|296|
189|284|288|1|266|0|296|
189|284|288|1|266|0|296|
189|284|288|1|266|0|296|
189|284|288|1|266|0|296|
189|283|288|1|266|0|296|
189|284|288|1|266|0|296|
189|284|272|1|266|0|296|
189|281|288|1|266|0|296|
189|284|288|1|266|0|296|
189|284|288|1|266|0|296|
189|283|288|1|266|0|296|
189|284|288|1|266|0|296|
189|284|272|1|266|0|296|
189|284|288|1|266|0|296|
189|351|368|1|300|0|298|
189|284|288|1|266|0|296|
189|283|288|1|266|0|296|
189|347|352|1|300|0|298|
189|284|272|1|266|0|296|
189|284|272|1|266|0|296|
189|281|288|1|266|0|296|
189|284|272|1|266|0|296|
189|283|288|1|266|0|296|
189|283|288|1|266|0|296|
189|281|288|1|266|0|296|
189|284|288|1|266|0|296|
189|281|288|1|266|0|296|
189|283|288|1|266|0|296|
189|283|272|1|266|0|296|
189|283|288|1|266|0|296|
189|284|288|1|266|0|296|
189|281|272|1|266|0|296|
189|284|288|1|266|0|296|
189|284|288|1|266|0|296|
189|283|288|1|266|0|296|
189|346|352|1|299|0|298|
189|284|272|1|266|0|296|
189|284|272|1|266|0|296|
189|284|288|1|266|0|296|
189|284|288|1|266|0|296|
189|283|288|1|266|0|296|
189|283|288|1|266|0|296|
189|284|288|1|266|0|296|
189|284|288|1|266|0|296|
189|281|272|1|266|0|296|
189|284|272|1|266|0|296|
189|284|288|1|266|0|296|
189|281|272|1|266|0|296|
189|351|352|1|300|0|298|
189|284|272|1|266|0|296|
