INSTRUCTIONS_RETIRED|CYCLES|UNKNOWN|LD_BLOCKS.STORE_FORWARD|UOPS_EXECUTED.CORE|BR_MISP_RETIRED.ALL_BRANCHES|UOPS_RETIRED.ANY|
57|152|96|1|134|0|164|
57|151|128|1|134|0|164|
57|151|160|1|134|0|164|
57|151|128|1|134|0|164|
57|151|144|1|134|0|164|
57|149|160|1|134|0|164|
57|149|160|1|134|0|164|
57|218|208|1|172|0|166|
57|150|144|1|134|0|164|
57|151|144|1|134|0|164|
57|150|160|1|134|0|164|
57|151|160|1|134|0|164|
57|218|208|1|172|0|166|
57|150|160|1|134|0|164|
57|150|160|1|134|0|164|
57|382|256|2|180|0|166|
57|219|128|1|174|0|166|
57|149|112|1|134|0|164|
57|150|128|1|134|0|164|
57|152|128|1|134|0|164|
57|218|208|1|172|0|166|
57|151|128|1|134|0|164|
57|150|144|1|134|0|164|
57|150|144|1|134|0|164|
57|149|160|1|134|0|164|
57|150|128|1|134|0|164|
57|151|144|1|134|0|164|
57|151|144|1|134|0|164|
57|152|160|1|134|0|164|
57|150|144|1|134|0|164|
57|151|160|1|134|0|164|
57|152|160|1|134|0|164|
57|150|160|1|134|0|164|
57|151|160|1|134|0|164|
57|150|160|1|134|0|164|
57|150|160|1|134|0|164|
57|213|224|1|172|0|166|
57|151|144|1|134|0|164|
57|150|128|1|134|0|164|
57|152|160|1|134|0|164|
57|150|160|1|134|0|164|
57|150|160|1|134|0|164|
57|150|160|1|134|0|164|
57|151|160|1|134|0|164|
57|150|160|1|134|0|164|
57|151|160|1|134|0|164|
57|150|144|1|134|0|164|
57|150|160|1|134|0|164|
57|199|192|1|303|0|164|
57|152|160|1|134|0|164|
57|151|160|1|134|0|164|
57|152|160|1|134|0|164|
57|151|144|1|134|0|164|
57|150|128|1|134|0|164|
57|150|160|1|134|0|164|
57|151|144|1|134|0|164|
57|152|160|1|134|0|164|
57|151|128|1|134|0|164|
57|149|160|1|134|0|164|
57|151|160|1|134|0|164|
57|150|144|1|134|0|164|
57|151|128|1|134|0|164|
57|151|128|1|134|0|164|
57|151|128|1|134|0|164|
57|151|144|1|134|0|164|
57|150|160|1|134|0|164|
57|214|224|1|172|0|166|
57|150|144|1|134|0|164|
57|151|160|1|134|0|164|
57|151|144|1|134|0|164|
57|152|160|1|134|0|164|
57|150|160|1|134|0|164|
57|150|144|1|134|0|164|
57|150|144|1|134|0|164|
57|152|160|1|134|0|164|
57|152|160|1|134|0|164|
57|151|160|1|134|0|164|
57|149|144|1|134|0|164|
57|151|144|1|134|0|164|
57|150|144|1|134|0|164|
57|151|160|1|134|0|164|
57|151|160|1|134|0|164|
57|149|160|1|134|0|164|
57|149|144|1|134|0|164|
57|150|144|1|134|0|164|
57|150|160|1|134|0|164|
57|151|160|1|134|0|164|
57|151|128|1|134|0|164|
57|151|128|1|134|0|164|
57|150|160|1|134|0|164|
57|150|160|1|134|0|164|
57|149|160|1|134|0|164|
57|152|128|1|134|0|164|
57|151|160|1|134|0|164|
57|150|128|1|134|0|164|
57|218|208|1|172|0|166|
57|151|144|1|134|0|164|
57|150|160|1|134|0|164|
57|150|144|1|134|0|164|
57|152|160|1|134|0|164|
57|152|160|1|134|0|164|
57|150|160|1|134|0|164|
57|151|160|1|134|0|164|
57|151|144|1|134|0|164|
57|152|160|1|134|0|164|
57|151|160|1|134|0|164|
57|150|160|1|134|0|164|
57|152|144|1|134|0|164|
57|149|144|1|134|0|164|
57|150|160|1|134|0|164|
57|214|224|1|172|0|166|
57|151|144|1|134|0|164|
57|151|160|1|134|0|164|
57|150|144|1|134|0|164|
57|151|160|1|134|0|164|
57|152|144|1|134|0|164|
57|152|160|1|134|0|164|
57|151|144|1|134|0|164|
57|151|160|1|134|0|164|
57|151|128|1|134|0|164|
57|151|128|1|134|0|164|
57|150|144|1|134|0|164|
57|152|160|1|134|0|164|
57|151|128|1|134|0|164|
57|152|144|1|134|0|164|
57|151|160|1|134|0|164|
57|149|144|1|134|0|164|
57|150|128|1|134|0|164|
57|151|160|1|134|0|164|
57|150|128|1|134|0|164|
57|151|128|1|134|0|164|
57|150|160|1|134|0|164|
57|151|160|1|134|0|164|
57|150|128|1|134|0|164|
57|152|144|1|134|0|164|
57|151|160|1|134|0|164|
57|152|160|1|134|0|164|
57|151|144|1|134|0|164|
57|151|160|1|134|0|164|
57|151|160|1|134|0|164|
57|150|144|1|134|0|164|
57|150|144|1|134|0|164|
57|151|144|1|134|0|164|
57|150|160|1|134|0|164|
57|151|160|1|134|0|164|
57|150|144|1|134|0|164|
57|151|160|1|134|0|164|
57|151|160|1|134|0|164|
57|152|160|1|134|0|164|
57|152|160|1|134|0|164|
57|151|160|1|134|0|164|
57|151|160|1|134|0|164|
57|151|128|1|134|0|164|
57|158|160|1|134|0|164|
57|150|160|1|134|0|164|
57|151|144|1|134|0|164|
57|150|160|1|134|0|164|
57|150|128|1|134|0|164|
57|150|128|1|134|0|164|
57|150|160|1|134|0|164|
57|149|144|1|134|0|164|
57|150|144|1|134|0|164|
57|151|160|1|134|0|164|
57|150|160|1|134|0|164|
57|150|160|1|134|0|164|
57|152|128|1|134|0|164|
57|151|144|1|134|0|164|
57|150|160|1|134|0|164|
57|151|160|1|134|0|164|
57|151|144|1|134|0|164|
57|151|160|1|134|0|164|
57|151|144|1|134|0|164|
57|150|160|1|134|0|164|
57|150|144|1|134|0|164|
57|149|144|1|134|0|164|
57|149|160|1|134|0|164|
57|151|160|1|134|0|164|
57|152|160|1|134|0|164|
57|152|144|1|134|0|164|
57|151|128|1|134|0|164|
57|150|128|1|134|0|164|
57|149|144|1|134|0|164|
57|151|160|1|134|0|164|
57|149|160|1|134|0|164|
57|152|128|1|134|0|164|
57|150|160|1|134|0|164|
57|151|144|1|134|0|164|
57|150|160|1|134|0|164|
57|151|160|1|134|0|164|
57|151|160|1|134|0|164|
57|151|144|1|134|0|164|
57|150|144|1|134|0|164|
57|150|144|1|134|0|164|
57|149|160|1|134|0|164|
57|150|144|1|134|0|164|
57|151|128|1|134|0|164|
57|151|128|1|134|0|164|
57|151|160|1|134|0|164|
57|218|224|1|172|0|166|
57|151|160|1|134|0|164|
57|158|176|1|134|0|164|
57|152|128|1|134|0|164|
57|151|144|1|134|0|164|
57|151|160|1|134|0|164|
57|151|128|1|134|0|164|
57|151|160|1|134|0|164|
57|149|144|1|134|0|164|
57|151|160|1|134|0|164|
57|151|144|1|134|0|164|
57|150|160|1|134|0|164|
57|150|160|1|134|0|164|
57|151|160|1|134|0|164|
57|151|128|1|134|0|164|
57|150|160|1|134|0|164|
57|151|160|1|134|0|164|
57|152|144|1|134|0|164|
57|152|144|1|134|0|164|
57|150|160|1|134|0|164|
57|150|144|1|134|0|164|
57|213|208|1|172|0|166|
57|152|144|1|134|0|164|
57|151|144|1|134|0|164|
57|151|160|1|134|0|164|
57|214|224|1|172|0|166|
57|149|144|1|134|0|164|
57|150|160|1|134|0|164|
57|151|160|1|134|0|164|
57|150|144|1|134|0|164|
57|151|144|1|134|0|164|
57|152|160|1|134|0|164|
57|150|144|1|134|0|164|
57|151|128|1|134|0|164|
57|151|160|1|134|0|164|
57|150|160|1|134|0|164|
57|152|160|1|134|0|164|
57|150|160|1|134|0|164|
57|152|160|1|134|0|164|
57|149|160|1|134|0|164|
57|152|160|1|134|0|164|
57|151|160|1|134|0|164|
57|151|160|1|134|0|164|
57|151|144|1|134|0|164|
57|150|160|1|134|0|164|
57|214|224|1|172|0|166|
57|152|128|1|134|0|164|
57|151|128|1|134|0|164|
57|151|160|1|134|0|164|
57|151|144|1|134|0|164|
57|151|160|1|134|0|164|
57|151|160|1|134|0|164|
57|152|128|1|134|0|164|
57|151|160|1|134|0|164|
57|151|144|1|134|0|164|
57|152|160|1|134|0|164|
57|151|160|1|134|0|164|
57|149|144|1|134|0|164|
57|151|160|1|134|0|164|
57|151|160|1|134|0|164|
57|151|160|1|134|0|164|
57|152|160|1|134|0|164|
57|151|144|1|134|0|164|
57|150|144|1|134|0|164|
57|151|144|1|134|0|164|
57|152|144|1|134|0|164|
57|151|160|1|134|0|164|
57|150|128|1|134|0|164|
57|151|144|1|134|0|164|
57|151|144|1|134|0|164|
57|150|160|1|134|0|164|
57|150|128|1|134|0|164|
57|160|144|1|134|0|164|
57|158|176|1|134|0|164|
57|214|224|1|172|0|166|
57|150|160|1|134|0|164|
57|152|144|1|134|0|164|
57|151|144|1|134|0|164|
57|151|128|1|134|0|164|
57|218|224|1|172|0|166|
57|150|144|1|134|0|164|
57|149|128|1|134|0|164|
57|151|160|1|134|0|164|
57|151|144|1|134|0|164|
57|150|144|1|134|0|164|
57|151|144|1|134|0|164|
57|151|160|1|134|0|164|
57|151|160|1|134|0|164|
57|151|160|1|134|0|164|
57|151|144|1|134|0|164|
57|151|160|1|134|0|164|
57|151|128|1|134|0|164|
57|150|160|1|134|0|164|
57|149|160|1|134|0|164|
57|151|160|1|134|0|164|
57|150|144|1|134|0|164|
57|150|144|1|134|0|164|
57|152|160|1|134|0|164|
57|151|160|1|134|0|164|
57|151|144|1|134|0|164|
57|150|144|1|134|0|164|
57|150|144|1|134|0|164|
57|151|128|1|134|0|164|
57|152|160|1|134|0|164|
57|151|144|1|134|0|164|
57|151|160|1|134|0|164|
57|152|160|1|134|0|164|
57|151|160|1|134|0|164|
57|151|160|1|134|0|164|
57|152|160|1|134|0|164|
57|150|144|1|134|0|164|
57|150|128|1|134|0|164|
57|151|144|1|134|0|164|
57|152|160|1|134|0|164|
57|151|160|1|134|0|164|
57|152|160|1|134|0|164|
57|151|144|1|134|0|164|
57|151|144|1|134|0|164|
57|151|160|1|134|0|164|
57|151|160|1|134|0|164|
57|150|160|1|134|0|164|
57|152|160|1|134|0|164|
57|151|144|1|134|0|164|
57|150|128|1|134|0|164|
57|151|128|1|134|0|164|
57|150|160|1|134|0|164|
57|151|160|1|134|0|164|
57|151|160|1|134|0|164|
57|158|160|1|134|0|164|
57|150|160|1|134|0|164|
57|152|160|1|134|0|164|
57|151|160|1|134|0|164|
57|151|160|1|134|0|164|
57|151|160|1|134|0|164|
57|151|144|1|134|0|164|
57|218|224|1|172|0|166|
57|152|160|1|134|0|164|
57|151|144|1|134|0|164|
57|151|160|1|134|0|164|
57|151|160|1|134|0|164|
57|149|160|1|134|0|164|
57|150|144|1|134|0|164|
57|150|128|1|134|0|164|
57|152|160|1|134|0|164|
57|152|144|1|134|0|164|
57|151|160|1|134|0|164|
57|152|144|1|134|0|164|
57|218|224|1|172|0|166|
57|152|160|1|134|0|164|
57|150|160|1|134|0|164|
57|268|272|1|134|0|164|
57|152|160|1|134|0|164|
57|150|160|1|134|0|164|
57|150|160|1|134|0|164|
57|151|144|1|134|0|164|
57|151|160|1|134|0|164|
57|150|128|1|134|0|164|
57|152|160|1|134|0|164|
57|150|160|1|134|0|164|
57|150|144|1|134|0|164|
57|152|160|1|134|0|164|
57|150|160|1|134|0|164|
57|151|144|1|134|0|164|
57|217|224|1|174|0|166|
57|152|160|1|134|0|164|
57|149|144|1|134|0|164|
57|151|144|1|134|0|164|
57|214|208|1|174|0|166|
57|151|160|1|134|0|164|
57|151|144|1|134|0|164|
57|151|144|1|134|0|164|
57|150|128|1|134|0|164|
57|152|144|1|134|0|164|
57|150|160|1|134|0|164|
57|151|144|1|134|0|164|
57|151|160|1|134|0|164|
57|152|160|1|134|0|164|
57|150|160|1|134|0|164|
57|151|160|1|134|0|164|
57|150|128|1|134|0|164|
57|151|160|1|134|0|164|
57|151|160|1|134|0|164|
57|150|160|1|134|0|164|
57|150|160|1|134|0|164|
57|217|208|1|174|0|166|
57|150|128|1|134|0|164|
57|151|144|1|134|0|164|
57|152|160|1|134|0|164|
57|152|160|1|134|0|164|
57|149|160|1|134|0|164|
57|149|160|1|134|0|164|
57|151|160|1|134|0|164|
57|152|160|1|134|0|164|
57|150|160|1|134|0|164|
57|150|160|1|134|0|164|
57|150|160|1|134|0|164|
57|149|160|1|134|0|164|
57|150|144|1|134|0|164|
57|150|160|1|134|0|164|
57|151|160|1|134|0|164|
57|151|144|1|134|0|164|
57|151|160|1|134|0|164|
57|149|160|1|134|0|164|
57|152|144|1|134|0|164|
57|151|160|1|134|0|164|
57|151|144|1|134|0|164|
57|150|144|1|134|0|164|
57|150|160|1|134|0|164|
57|150|144|1|134|0|164|
57|218|208|1|172|0|166|
57|152|160|1|134|0|164|
57|152|160|1|134|0|164|
57|152|160|1|134|0|164|
57|151|128|1|134|0|164|
57|150|128|1|134|0|164|
57|151|144|1|134|0|164|
57|151|160|1|134|0|164|
57|151|144|1|134|0|164|
57|150|128|1|134|0|164|
57|150|128|1|134|0|164|
57|150|160|1|134|0|164|
57|151|144|1|134|0|164|
57|150|128|1|134|0|164|
57|151|128|1|134|0|164|
57|151|144|1|134|0|164|
57|151|160|1|134|0|164|
57|218|224|1|172|0|166|
57|314|320|1|134|0|164|
57|356|352|2|180|1|166|
57|173|176|1|134|1|164|
57|150|160|1|134|0|164|
57|151|160|1|134|0|164|
57|151|160|1|134|0|164|
57|152|160|1|134|0|164|
57|151|160|1|134|0|164|
57|218|224|1|172|0|166|
57|150|144|1|134|0|164|
57|149|160|1|134|0|164|
57|151|160|1|134|0|164|
57|218|224|1|172|0|166|
57|152|128|1|134|0|164|
57|151|160|1|134|0|164|
57|152|160|1|134|0|164|
57|149|128|1|134|0|164|
57|151|160|1|134|0|164|
57|150|160|1|134|0|164|
57|151|128|1|134|0|164|
57|150|128|1|134|0|164|
57|150|144|1|134|0|164|
57|149|160|1|134|0|164|
57|150|160|1|134|0|164|
57|152|160|1|134|0|164|
57|152|144|1|134|0|164|
57|165|144|1|134|0|164|
57|151|160|1|134|0|164|
57|158|160|1|134|0|164|
57|150|160|1|134|0|164|
57|150|144|1|134|0|164|
57|152|144|1|134|0|164|
57|159|160|1|134|0|164|
57|151|144|1|134|0|164|
57|149|160|1|134|0|164|
57|150|160|1|134|0|164|
57|151|160|1|134|0|164|
57|151|160|1|134|0|164|
57|152|144|1|134|0|164|
57|151|160|1|134|0|164|
57|150|160|1|134|0|164|
57|149|144|1|134|0|164|
57|150|160|1|134|0|164|
57|150|160|1|134|0|164|
57|207|208|1|296|0|164|
57|151|144|1|134|0|164|
57|152|160|1|134|0|164|
57|152|144|1|134|0|164|
57|151|160|1|134|0|164|
57|150|144|1|134|0|164|
57|151|160|1|134|0|164|
57|152|160|1|134|0|164|
57|163|160|1|134|0|164|
57|149|144|1|134|0|164|
57|151|144|1|134|0|164|
57|151|144|1|134|0|164|
57|152|160|1|134|0|164|
57|151|160|1|134|0|164|
57|150|160|1|134|0|164|
57|150|144|1|134|0|164|
57|214|208|1|172|0|166|
57|150|160|1|134|0|164|
57|151|160|1|134|0|164|
57|152|160|1|134|0|164|
57|150|144|1|134|0|164|
57|151|160|1|134|0|164|
57|152|160|1|134|0|164|
57|214|224|1|174|0|166|
57|152|160|1|134|0|164|
57|151|144|1|134|0|164|
57|151|160|1|134|0|164|
57|149|144|1|134|0|164|
57|150|160|1|134|0|164|
57|151|144|1|134|0|164|
57|152|144|1|134|0|164|
57|152|160|1|134|0|164|
57|151|160|1|134|0|164|
57|150|144|1|134|0|164|
57|150|144|1|134|0|164|
57|355|352|2|180|1|166|
57|151|128|1|134|0|164|
57|150|160|1|134|0|164|
57|150|160|1|134|0|164|
57|150|144|1|134|0|164|
57|151|144|1|134|0|164|
57|150|160|1|134|0|164|
57|151|144|1|134|0|164|
57|150|160|1|134|0|164|
57|150|160|1|134|0|164|
57|159|160|1|134|0|164|
57|152|160|1|134|0|164|
57|151|160|1|134|0|164|
57|151|144|1|134|0|164|
57|151|128|1|134|0|164|
57|152|144|1|134|0|164|
57|149|160|1|134|0|164|
57|152|144|1|134|0|164|
57|152|160|1|134|0|164|
57|152|160|1|134|0|164|
57|149|144|1|134|0|164|
57|150|144|1|134|0|164|
57|152|160|1|134|0|164|
57|152|144|1|134|0|164|
57|151|160|1|134|0|164|
57|149|128|1|134|0|164|
57|151|144|1|134|0|164|
57|151|144|1|134|0|164|
57|151|160|1|134|0|164|
57|150|160|1|134|0|164|
57|150|160|1|134|0|164|
57|150|144|1|134|0|164|
57|150|128|1|134|0|164|
57|150|144|1|134|0|164|
57|152|144|1|134|0|164|
57|151|160|1|134|0|164|
57|151|128|1|134|0|164|
57|152|144|1|134|0|164|
57|151|160|1|134|0|164|
57|149|128|1|134|0|164|
57|151|144|1|134|0|164|
57|151|128|1|134|0|164|
57|151|160|1|134|0|164|
57|151|128|1|134|0|164|
57|152|144|1|134|0|164|
57|149|160|1|134|0|164|
57|152|128|1|134|0|164|
57|151|144|1|134|0|164|
57|150|160|1|134|0|164|
57|151|160|1|134|0|164|
57|150|160|1|134|0|164|
57|150|128|1|134|0|164|
57|150|144|1|134|0|164|
57|150|160|1|134|0|164|
57|151|160|1|134|0|164|
57|151|160|1|134|0|164|
57|218|224|1|172|0|166|
57|150|160|1|134|0|164|
57|151|160|1|134|0|164|
57|151|160|1|134|0|164|
57|152|160|1|134|0|164|
57|151|128|1|134|0|164|
57|150|144|1|134|0|164|
57|159|160|1|134|0|164|
57|151|160|1|134|0|164|
57|151|144|1|134|0|164|
57|150|144|1|134|0|164|
57|150|128|1|134|0|164|
57|150|160|1|134|0|164|
57|150|144|1|134|0|164|
57|151|144|1|134|0|164|
57|151|144|1|134|0|164|
57|151|144|1|134|0|164|
57|234|240|1|172|1|166|
57|150|160|1|134|0|164|
57|149|160|1|134|0|164|
57|151|160|1|134|0|164|
57|151|160|1|134|0|164|
57|151|160|1|134|0|164|
57|149|160|1|134|0|164|
57|151|144|1|134|0|164|
57|150|144|1|134|0|164|
57|151|160|1|134|0|164|
57|152|160|1|134|0|164|
57|152|144|1|134|0|164|
57|152|144|1|134|0|164|
57|150|144|1|134|0|164|
57|150|160|1|134|0|164|
57|152|160|1|134|0|164|
57|150|160|1|134|0|164|
57|150|160|1|134|0|164|
57|150|160|1|134|0|164|
57|149|128|1|134|0|164|
57|150|144|1|134|0|164|
57|150|160|1|134|0|164|
57|150|160|1|134|0|164|
57|151|160|1|134|0|164|
57|152|160|1|134|0|164|
57|218|224|1|172|0|166|
57|152|128|1|134|0|164|
57|152|160|1|134|0|164|
57|151|144|1|134|0|164|
57|151|160|1|134|0|164|
57|151|160|1|134|0|164|
57|152|160|1|134|0|164|
57|150|160|1|134|0|164|
57|214|208|1|174|0|166|
57|151|160|1|134|0|164|
57|152|144|1|134|0|164|
57|151|144|1|134|0|164|
57|152|160|1|134|0|164|
57|151|160|1|134|0|164|
57|149|144|1|134|0|164|
57|151|160|1|134|0|164|
57|149|144|1|134|0|164|
57|150|160|1|134|0|164|
57|150|144|1|134|0|164|
57|151|128|1|134|0|164|
57|151|160|1|134|0|164|
57|151|128|1|134|0|164|
57|152|144|1|134|0|164|
57|150|160|1|134|0|164|
57|213|192|1|172|0|166|
57|151|144|1|134|0|164|
57|149|160|1|134|0|164|
57|159|160|1|134|0|164|
57|150|144|1|134|0|164|
57|149|128|1|134|0|164|
57|150|128|1|134|0|164|
57|152|144|1|134|0|164|
57|150|160|1|134|0|164|
57|150|144|1|134|0|164|
57|151|144|1|134|0|164|
57|150|144|1|134|0|164|
57|150|128|1|134|0|164|
57|151|160|1|134|0|164|
57|150|144|1|134|0|164|
57|152|144|1|134|0|164|
57|159|160|1|134|0|164|
57|151|160|1|134|0|164|
57|150|160|1|134|0|164|
57|152|144|1|134|0|164|
57|150|160|1|134|0|164|
57|150|128|1|134|0|164|
57|151|144|1|134|0|164|
57|152|160|1|134|0|164|
57|151|144|1|134|0|164|
57|149|160|1|134|0|164|
57|218|224|1|172|0|166|
57|152|144|1|134|0|164|
57|151|144|1|134|0|164|
57|150|160|1|134|0|164|
57|150|144|1|134|0|164|
57|150|160|1|134|0|164|
57|151|144|1|134|0|164|
57|151|144|1|134|0|164|
57|151|160|1|134|0|164|
57|151|160|1|134|0|164|
57|150|144|1|134|0|164|
57|151|144|1|134|0|164|
57|151|128|1|134|0|164|
57|151|144|1|134|0|164|
57|151|160|1|134|0|164|
57|150|160|1|134|0|164|
57|150|160|1|134|0|164|
57|150|160|1|134|0|164|
57|149|160|1|134|0|164|
57|151|160|1|134|0|164|
57|152|160|1|134|0|164|
57|219|224|1|174|0|166|
57|150|144|1|134|0|164|
57|150|160|1|134|0|164|
57|150|128|1|134|0|164|
57|218|224|1|172|0|166|
57|151|160|1|134|0|164|
57|151|144|1|134|0|164|
57|150|160|1|134|0|164|
57|218|224|1|172|0|166|
57|151|144|1|134|0|164|
57|151|160|1|134|0|164|
57|149|160|1|134|0|164|
57|150|144|1|134|0|164|
57|152|160|1|134|0|164|
57|152|144|1|134|0|164|
57|151|128|1|134|0|164|
57|152|160|1|134|0|164|
57|152|160|1|134|0|164|
57|150|144|1|134|0|164|
57|151|160|1|134|0|164|
57|151|160|1|134|0|164|
57|151|144|1|134|0|164|
57|151|160|1|134|0|164|
57|151|160|1|134|0|164|
57|149|128|1|134|0|164|
57|235|240|1|174|1|166|
57|151|160|1|134|0|164|
57|151|144|1|134|0|164|
57|239|192|1|172|1|166|
57|150|112|1|134|0|164|
57|386|384|2|302|1|168|
57|318|320|1|315|1|163|
57|152|144|1|134|0|164|
57|151|144|1|134|0|164|
57|151|144|1|134|0|164|
57|152|160|1|134|0|164|
57|150|144|1|134|0|164|
57|150|160|1|134|0|164|
57|152|144|1|134|0|164|
57|150|128|1|134|0|164|
57|151|144|1|134|0|164|
57|152|144|1|134|0|164|
57|183|176|1|305|0|165|
57|178|144|1|266|0|164|
57|189|176|1|269|0|164|
57|185|160|1|186|0|164|
57|311|272|1|446|0|163|
57|300|256|1|134|0|164|
57|150|128|1|134|0|164|
57|151|144|1|134|0|164|
57|152|160|1|134|0|164|
57|152|160|1|134|0|164|
57|150|144|1|134|0|164|
57|205|208|1|214|1|166|
57|187|192|1|142|1|164|
57|151|160|1|134|0|164|
57|152|128|1|134|0|164|
57|151|160|1|134|0|164|
57|151|160|1|134|0|164|
57|150|160|1|134|0|164|
57|150|144|1|134|0|164|
57|152|160|1|134|0|164|
57|150|144|1|134|0|164|
57|150|144|1|134|0|164|
57|235|240|2|180|0|166|
57|150|160|1|134|0|164|
57|150|144|1|134|0|164|
57|152|160|1|134|0|164|
57|152|160|1|134|0|164|
57|151|160|1|134|0|164|
57|150|160|1|134|0|164|
57|150|144|1|134|0|164|
57|152|160|1|134|0|164|
57|151|128|1|134|0|164|
57|151|160|1|134|0|164|
57|150|160|1|134|0|164|
57|214|208|1|172|0|166|
57|150|144|1|134|0|164|
57|152|160|1|134|0|164|
57|151|160|1|134|0|164|
57|151|144|1|134|0|164|
57|151|144|1|134|0|164|
57|151|160|1|134|0|164|
57|152|160|1|134|0|164|
57|152|160|1|134|0|164|
57|151|160|1|134|0|164|
57|151|160|1|134|0|164|
57|152|144|1|134|0|164|
57|150|160|1|134|0|164|
57|214|208|1|172|0|166|
57|151|160|1|134|0|164|
57|150|160|1|134|0|164|
57|151|160|1|134|0|164|
57|152|160|1|134|0|164|
57|151|160|1|134|0|164|
57|150|160|1|134|0|164|
57|150|160|1|134|0|164|
57|149|144|1|134|0|164|
57|152|160|1|134|0|164|
57|149|128|1|134|0|164|
57|150|160|1|134|0|164|
57|150|144|1|134|0|164|
57|219|224|1|174|0|166|
57|151|160|1|134|0|164|
57|149|160|1|134|0|164|
57|150|144|1|134|0|164|
57|151|160|1|134|0|164|
57|150|144|1|134|0|164|
57|152|160|1|134|0|164|
57|151|160|1|134|0|164|
57|151|144|1|134|0|164|
57|152|144|1|134|0|164|
57|150|144|1|134|0|164|
57|150|160|1|134|0|164|
57|151|144|1|134|0|164|
57|151|144|1|134|0|164|
57|150|128|1|134|0|164|
57|152|144|1|134|0|164|
57|151|160|1|134|0|164|
57|150|144|1|134|0|164|
57|152|160|1|134|0|164|
57|152|160|1|134|0|164|
57|151|160|1|134|0|164|
57|150|128|1|134|0|164|
57|150|128|1|134|0|164|
57|149|160|1|134|0|164|
57|150|160|1|134|0|164|
57|151|144|1|134|0|164|
57|151|160|1|134|0|164|
57|151|160|1|134|0|164|
57|151|160|1|134|0|164|
57|149|160|1|134|0|164|
57|150|128|1|134|0|164|
57|151|144|1|134|0|164|
57|150|128|1|134|0|164|
57|150|144|1|134|0|164|
57|152|160|1|134|0|164|
57|150|160|1|134|0|164|
57|150|160|1|134|0|164|
57|152|160|1|134|0|164|
57|151|144|1|134|0|164|
57|151|128|1|134|0|164|
57|151|144|1|134|0|164|
57|151|160|1|134|0|164|
57|150|160|1|134|0|164|
57|275|272|1|134|0|164|
57|151|160|1|134|0|164|
57|152|128|1|134|0|164|
57|152|160|1|134|0|164|
57|149|128|1|134|0|164|
57|151|144|1|134|0|164|
57|150|128|1|134|0|164|
57|150|160|1|134|0|164|
57|152|144|1|134|0|164|
57|151|144|1|134|0|164|
57|149|160|1|134|0|164|
57|151|144|1|134|0|164|
57|151|144|1|134|0|164|
57|152|144|1|134|0|164|
57|151|160|1|134|0|164|
57|151|128|1|134|0|164|
57|151|128|1|134|0|164|
57|151|144|1|134|0|164|
57|152|160|1|134|0|164|
57|151|144|1|134|0|164|
57|150|160|1|134|0|164|
57|218|224|1|172|0|166|
57|150|144|1|134|0|164|
57|150|160|1|134|0|164|
57|151|144|1|134|0|164|
57|151|160|1|134|0|164|
57|151|160|1|134|0|164|
57|152|160|1|134|0|164|
57|149|160|1|134|0|164|
57|214|224|1|172|0|166|
57|150|128|1|134|0|164|
57|152|128|1|134|0|164|
57|151|128|1|134|0|164|
57|151|160|1|134|0|164|
57|149|160|1|134|0|164|
57|149|144|1|134|0|164|
57|150|128|1|134|0|164|
57|151|160|1|134|0|164|
57|151|144|1|134|0|164|
57|149|160|1|134|0|164|
57|150|160|1|134|0|164|
57|149|160|1|134|0|164|
57|150|144|1|134|0|164|
57|150|160|1|134|0|164|
57|152|144|1|134|0|164|
57|150|160|1|134|0|164|
57|151|160|1|134|0|164|
57|150|128|1|134|0|164|
57|150|160|1|134|0|164|
57|152|160|1|134|0|164|
57|151|144|1|134|0|164|
57|218|208|1|172|0|166|
57|149|160|1|134|0|164|
57|150|160|1|134|0|164|
57|150|144|1|134|0|164|
57|150|160|1|134|0|164|
57|151|160|1|134|0|164|
57|151|160|1|134|0|164|
57|152|160|1|134|0|164|
57|150|160|1|134|0|164|
57|150|128|1|134|0|164|
57|151|160|1|134|0|164|
57|152|160|1|134|0|164|
57|151|160|1|134|0|164|
57|150|160|1|134|0|164|
57|150|160|1|134|0|164|
57|151|160|1|134|0|164|
57|152|144|1|134|0|164|
57|162|144|1|134|0|164|
57|151|144|1|134|0|164|
57|152|144|1|134|0|164|
57|150|144|1|134|0|164|
57|151|160|1|134|0|164|
57|152|160|1|134|0|164|
57|151|128|1|134|0|164|
57|151|144|1|134|0|164|
57|152|144|1|134|0|164|
57|214|224|1|172|0|166|
57|151|160|1|134|0|164|
57|152|144|1|134|0|164|
57|151|160|1|134|0|164|
57|151|160|1|134|0|164|
57|150|160|1|134|0|164|
57|161|160|1|134|0|164|
57|150|144|1|134|0|164|
57|151|160|1|134|0|164|
57|151|128|1|134|0|164|
57|151|144|1|134|0|164|
57|152|144|1|134|0|164|
57|150|160|1|134|0|164|
57|151|160|1|134|0|164|
57|151|144|1|134|0|164|
57|151|128|1|134|0|164|
57|151|160|1|134|0|164|
57|151|160|1|134|0|164|
57|150|144|1|134|0|164|
57|150|160|1|134|0|164|
57|151|144|1|134|0|164|
57|152|160|1|134|0|164|
57|151|160|1|134|0|164|
57|150|160|1|134|0|164|
57|214|208|1|172|0|166|
57|150|160|1|134|0|164|
57|150|128|1|134|0|164|
57|151|160|1|134|0|164|
57|150|144|1|134|0|164|
57|150|160|1|134|0|164|
57|150|160|1|134|0|164|
57|150|128|1|134|0|164|
57|151|160|1|134|0|164|
57|214|224|1|174|0|166|
57|151|144|1|134|0|164|
57|151|160|1|134|0|164|
57|150|144|1|134|0|164|
57|150|144|1|134|0|164|
57|152|160|1|134|0|164|
57|152|160|1|134|0|164|
57|151|160|1|134|0|164|
57|150|144|1|134|0|164|
57|150|128|1|134|0|164|
57|149|144|1|134|0|164|
57|150|144|1|134|0|164|
57|152|160|1|134|0|164|
57|151|144|1|134|0|164|
57|152|128|1|134|0|164|
57|151|128|1|134|0|164|
57|275|288|1|134|0|164|
57|152|144|1|134|0|164|
57|152|144|1|134|0|164|
57|151|144|1|134|0|164|
57|150|128|1|134|0|164|
57|152|160|1|134|0|164|
57|150|160|1|134|0|164|
57|150|144|1|134|0|164|
57|152|144|1|134|0|164|
57|151|144|1|134|0|164|
57|218|224|1|172|0|166|
57|151|160|1|134|0|164|
57|150|144|1|134|0|164|
57|213|224|1|172|0|166|
57|152|160|1|134|0|164|
57|151|160|1|134|0|164|
57|151|160|1|134|0|164|
57|151|160|1|134|0|164|
57|150|160|1|134|0|164|
57|151|160|1|134|0|164|
57|151|144|1|134|0|164|
57|151|144|1|134|0|164|
57|151|144|1|134|0|164|
57|150|144|1|134|0|164|
57|150|160|1|134|0|164|
57|158|160|1|134|0|164|
57|151|144|1|134|0|164|
57|150|144|1|134|0|164|
57|150|128|1|134|0|164|
57|150|160|1|134|0|164|
57|214|224|1|172|0|166|
57|150|160|1|134|0|164|
57|150|160|1|134|0|164|
57|149|144|1|134|0|164|
57|150|160|1|134|0|164|
57|151|160|1|134|0|164|
57|149|160|1|134|0|164|
57|150|160|1|134|0|164|
57|149|160|1|134|0|164|
57|151|160|1|134|0|164|
57|151|144|1|134|0|164|
57|159|160|1|134|0|164|
57|151|144|1|134|0|164|
57|214|208|1|172|0|166|
57|150|144|1|134|0|164|
57|152|160|1|134|0|164|
57|151|160|1|134|0|164|
57|151|144|1|134|0|164|
57|151|128|1|134|0|164|
57|151|160|1|134|0|164|
57|150|128|1|134|0|164|
57|152|160|1|134|0|164|
57|150|160|1|134|0|164|
57|151|144|1|134|0|164|
57|152|160|1|134|0|164|
57|150|160|1|134|0|164|
