INSTRUCTIONS_RETIRED|CYCLES|UNKNOWN|LD_BLOCKS.STORE_FORWARD|UOPS_EXECUTED.CORE|BR_MISP_RETIRED.ALL_BRANCHES|UOPS_RETIRED.ANY|
168|262|144|1|245|0|275|
168|262|272|1|245|0|275|
168|262|272|1|245|0|275|
168|262|256|1|245|0|275|
168|261|256|1|245|0|275|
168|262|256|1|245|0|275|
168|262|272|1|245|0|275|
168|262|272|1|245|0|275|
168|262|240|1|245|0|275|
168|262|256|1|245|0|275|
168|262|256|1|245|0|275|
168|261|256|1|245|0|275|
168|262|272|1|245|0|275|
168|262|256|1|245|0|275|
168|260|256|1|245|0|275|
168|262|256|1|245|0|275|
168|261|240|1|245|0|275|
168|499|512|1|1101|0|277|
168|508|448|1|1378|0|277|
168|541|480|1|966|0|276|
168|652|656|1|365|0|317|
168|262|272|1|245|0|275|
168|261|272|1|245|0|275|
168|262|272|1|245|0|275|
168|262|256|1|245|0|275|
168|262|256|1|245|0|275|
168|262|272|1|245|0|275|
168|262|256|1|245|0|275|
168|261|272|1|245|0|275|
168|261|240|1|245|0|275|
168|262|272|1|245|0|275|
168|262|272|1|245|0|275|
168|261|272|1|245|0|275|
168|262|272|1|245|0|275|
168|261|272|1|245|0|275|
168|262|272|1|245|0|275|
168|261|272|1|245|0|275|
168|262|256|1|245|0|275|
168|327|336|1|279|0|277|
168|261|272|1|245|0|275|
168|261|256|1|245|0|275|
168|262|272|1|245|0|275|
168|262|256|1|245|0|275|
168|262|272|1|245|0|275|
168|262|272|1|245|0|275|
168|261|256|1|245|0|275|
168|261|256|1|245|0|275|
168|328|336|1|279|0|277|
168|262|272|1|245|0|275|
168|260|272|1|245|0|275|
168|262|272|1|245|0|275|
168|262|256|1|245|0|275|
168|261|256|1|245|0|275|
168|262|272|1|245|0|275|
168|262|272|1|245|0|275|
168|262|272|1|245|0|275|
168|262|272|1|245|0|275|
168|262|256|1|245|0|275|
168|261|256|1|245|0|275|
168|262|272|1|245|0|275|
168|260|272|1|245|0|275|
168|260|256|1|245|0|275|
168|262|272|1|245|0|275|
168|328|320|1|279|0|277|
168|261|256|1|245|0|275|
168|262|240|1|245|0|275|
168|262|240|1|245|0|275|
168|260|272|1|245|0|275|
168|262|272|1|245|0|275|
168|262|272|1|245|0|275|
168|263|272|1|245|0|275|
168|262|272|1|245|0|275|
168|260|256|1|245|0|275|
168|261|272|1|245|0|275|
168|262|256|1|245|0|275|
168|262|256|1|245|0|275|
168|327|320|1|279|0|277|
168|262|272|1|245|0|275|
168|262|256|1|245|0|275|
168|262|272|1|245|0|275|
168|262|272|1|245|0|275|
168|261|256|1|245|0|275|
168|261|240|1|245|0|275|
168|262|272|1|245|0|275|
168|262|240|1|245|0|275|
168|262|256|1|245|0|275|
168|262|256|1|245|0|275|
168|261|272|1|245|0|275|
168|262|256|1|245|0|275|
168|262|240|1|245|0|275|
168|262|256|1|245|0|275|
168|260|256|1|245|0|275|
168|262|272|1|245|0|275|
168|261|240|1|245|0|275|
168|260|256|1|245|0|275|
168|262|272|1|245|0|275|
168|262|272|1|245|0|275|
168|262|272|1|245|0|275|
168|328|336|1|279|0|277|
168|261|272|1|245|0|275|
168|262|272|1|245|0|275|
168|262|256|1|245|0|275|
168|262|256|1|245|0|275|
168|260|272|1|245|0|275|
168|261|256|1|245|0|275|
168|261|256|1|245|0|275|
168|260|240|1|245|0|275|
168|262|256|1|245|0|275|
168|262|240|1|245|0|275|
168|260|272|1|245|0|275|
168|262|256|1|245|0|275|
168|261|240|1|245|0|275|
168|262|240|1|245|0|275|
168|262|240|1|245|0|275|
168|262|272|1|245|0|275|
168|326|320|1|279|0|277|
168|262|272|1|245|0|275|
168|262|256|1|245|0|275|
168|262|272|1|245|0|275|
168|260|240|1|245|0|275|
168|262|256|1|245|0|275|
168|262|240|1|245|0|275|
168|260|272|1|245|0|275|
168|329|336|1|279|0|277|
168|262|240|1|245|0|275|
168|262|256|1|245|0|275|
168|262|256|1|245|0|275|
168|262|240|1|245|0|275|
168|261|240|1|245|0|275|
168|261|256|1|245|0|275|
168|262|256|1|245|0|275|
168|262|272|1|245|0|275|
168|327|336|1|279|0|277|
168|262|240|1|245|0|275|
168|261|272|1|245|0|275|
168|261|256|1|245|0|275|
168|260|256|1|245|0|275|
168|262|240|1|245|0|275|
168|262|256|1|245|0|275|
168|262|272|1|245|0|275|
168|262|272|1|245|0|275|
168|261|272|1|245|0|275|
168|261|256|1|245|0|275|
168|262|272|1|245|0|275|
168|262|240|1|245|0|275|
168|262|272|1|245|0|275|
168|262|272|1|245|0|275|
168|261|256|1|245|0|275|
168|328|320|1|279|0|277|
168|262|272|1|245|0|275|
168|262|272|1|245|0|275|
168|260|240|1|245|0|275|
168|262|256|1|245|0|275|
168|262|272|1|245|0|275|
168|261|256|1|245|0|275|
168|262|240|1|245|0|275|
168|262|256|1|245|0|275|
168|327|320|1|279|0|277|
168|262|256|1|245|0|275|
168|261|256|1|245|0|275|
168|261|272|1|245|0|275|
168|262|240|1|245|0|275|
168|262|256|1|245|0|275|
168|262|272|1|245|0|275|
168|262|272|1|245|0|275|
168|262|272|1|245|0|275|
168|261|256|1|245|0|275|
168|262|256|1|245|0|275|
168|262|272|1|245|0|275|
168|262|272|1|245|0|275|
168|262|240|1|245|0|275|
168|262|272|1|245|0|275|
168|260|256|1|245|0|275|
168|262|272|1|245|0|275|
168|260|256|1|245|0|275|
168|262|240|1|245|0|275|
168|262|272|1|245|0|275|
168|262|256|1|245|0|275|
168|262|256|1|245|0|275|
168|262|272|1|245|0|275|
168|262|272|1|245|0|275|
168|262|240|1|245|0|275|
168|262|256|1|245|0|275|
168|261|256|1|245|0|275|
168|261|240|1|245|0|275|
168|262|256|1|245|0|275|
168|262|272|1|245|0|275|
168|262|272|1|245|0|275|
168|262|256|1|245|0|275|
168|262|240|1|245|0|275|
168|261|240|1|245|0|275|
168|262|272|1|245|0|275|
168|262|272|1|245|0|275|
168|260|272|1|245|0|275|
168|260|256|1|245|0|275|
168|262|272|1|245|0|275|
168|262|240|1|245|0|275|
168|261|240|1|245|0|275|
168|262|256|1|245|0|275|
168|260|256|1|245|0|275|
168|262|256|1|245|0|275|
168|262|272|1|245|0|275|
168|262|240|1|245|0|275|
168|262|256|1|245|0|275|
168|263|256|1|245|0|275|
168|260|272|1|245|0|275|
168|262|240|1|245|0|275|
168|262|240|1|245|0|275|
168|262|272|1|245|0|275|
168|261|256|1|245|0|275|
168|262|240|1|245|0|275|
168|262|256|1|245|0|275|
168|262|272|1|245|0|275|
168|262|272|1|245|0|275|
168|262|272|1|245|0|275|
168|261|240|1|245|0|275|
168|262|272|1|245|0|275|
168|326|320|1|279|0|277|
168|262|272|1|245|0|275|
168|262|272|1|245|0|275|
168|262|256|1|245|0|275|
168|261|256|1|245|0|275|
168|261|272|1|245|0|275|
168|262|272|1|245|0|275|
168|262|256|1|245|0|275|
168|262|256|1|245|0|275|
168|262|272|1|245|0|275|
168|327|336|1|279|0|277|
168|262|272|1|245|0|275|
168|262|272|1|245|0|275|
168|262|272|1|245|0|275|
168|262|272|1|245|0|275|
168|262|272|1|245|0|275|
168|261|272|1|245|0|275|
168|262|240|1|245|0|275|
168|260|256|1|245|0|275|
168|262|256|1|245|0|275|
168|260|240|1|245|0|275|
168|261|272|1|245|0|275|
168|393|416|1|473|0|276|
168|262|272|1|245|0|275|
168|262|256|1|245|0|275|
168|262|272|1|245|0|275|
168|326|320|1|279|0|277|
168|282|240|1|282|0|275|
168|319|304|1|438|1|275|
168|262|240|1|245|0|275|
168|262|272|1|245|0|275|
168|262|272|1|245|0|275|
168|262|256|1|245|0|275|
168|270|272|1|246|0|275|
168|262|240|1|245|0|275|
168|262|256|1|245|0|275|
168|262|240|1|245|0|275|
168|262|272|1|245|0|275|
168|261|272|1|245|0|275|
168|260|256|1|245|0|275|
168|260|240|1|245|0|275|
168|262|256|1|245|0|275|
168|262|256|1|245|0|275|
168|262|256|1|245|0|275|
168|262|256|1|245|0|275|
168|262|240|1|245|0|275|
168|262|256|1|245|0|275|
168|329|336|1|280|0|277|
168|262|272|1|245|0|275|
168|262|256|1|245|0|275|
168|285|272|1|330|0|274|
168|327|320|1|278|0|277|
168|262|240|1|245|0|275|
168|262|240|1|245|0|275|
168|262|240|1|245|0|275|
168|262|256|1|245|0|275|
168|261|272|1|245|0|275|
168|261|256|1|245|0|275|
168|262|272|1|245|0|275|
168|260|272|1|245|0|275|
168|262|272|1|245|0|275|
168|262|272|1|245|0|275|
168|262|272|1|245|0|275|
168|261|272|1|245|0|275|
168|260|272|1|245|0|275|
168|262|240|1|245|0|275|
168|262|272|1|245|0|275|
168|262|272|1|245|0|275|
168|262|272|1|245|0|275|
168|261|272|1|245|0|275|
168|262|256|1|245|0|275|
168|263|256|1|245|0|275|
168|262|240|1|245|0|275|
168|262|256|1|245|0|275|
168|327|320|1|280|0|277|
168|261|272|1|245|0|275|
168|262|240|1|245|0|275|
168|262|272|1|245|0|275|
168|260|272|1|245|0|275|
168|262|272|1|245|0|275|
168|261|272|1|245|0|275|
168|261|240|1|245|0|275|
168|306|304|1|325|0|275|
168|345|352|1|369|0|275|
168|393|352|1|632|0|275|
168|400|336|1|745|0|276|
168|389|320|1|641|0|275|
168|325|288|1|280|0|277|
168|262|224|1|245|0|275|
168|262|224|1|245|0|275|
168|262|272|1|245|0|275|
168|532|528|1|565|0|279|
168|290|288|1|278|0|275|
168|399|368|1|530|0|275|
168|311|272|1|405|0|274|
168|326|288|1|245|0|275|
168|262|224|1|245|0|275|
168|263|272|1|245|0|275|
168|262|256|1|245|0|275|
168|261|272|1|245|0|275|
168|262|272|1|245|0|275|
168|262|272|1|245|0|275|
168|262|256|1|245|0|275|
168|260|256|1|245|0|275|
168|262|256|1|245|0|275|
168|261|272|1|245|0|275|
168|262|240|1|245|0|275|
168|262|272|1|245|0|275|
168|262|272|1|245|0|275|
168|262|272|1|245|0|275|
168|261|272|1|245|0|275|
168|260|272|1|245|0|275|
168|262|240|1|245|0|275|
168|262|272|1|245|0|275|
168|261|272|1|245|0|275|
168|262|272|1|245|0|275|
168|262|272|1|245|0|275|
168|262|240|1|245|0|275|
168|260|272|1|245|0|275|
168|260|272|1|245|0|275|
168|262|272|1|245|0|275|
168|327|320|1|280|0|277|
168|260|256|1|245|0|275|
168|261|256|1|245|0|275|
168|262|272|1|245|0|275|
168|262|272|1|245|0|275|
168|262|240|1|245|0|275|
168|262|272|1|245|0|275|
168|262|256|1|245|0|275|
168|260|240|1|245|0|275|
168|262|240|1|245|0|275|
168|262|240|1|245|0|275|
168|262|256|1|245|0|275|
168|262|272|1|245|0|275|
168|327|320|1|278|0|277|
168|261|240|1|245|0|275|
168|262|240|1|245|0|275|
168|262|256|1|245|0|275|
168|262|272|1|245|0|275|
168|260|256|1|245|0|275|
168|262|256|1|245|0|275|
168|261|272|1|245|0|275|
168|262|272|1|245|0|275|
168|326|336|1|279|0|277|
168|260|256|1|245|0|275|
168|262|272|1|245|0|275|
168|262|272|1|245|0|275|
168|261|272|1|245|0|275|
168|262|240|1|245|0|275|
168|260|240|1|245|0|275|
168|262|272|1|245|0|275|
168|262|272|1|245|0|275|
168|261|240|1|245|0|275|
168|260|272|1|245|0|275|
168|262|272|1|245|0|275|
168|262|256|1|245|0|275|
168|326|336|1|279|0|277|
168|262|272|1|245|0|275|
168|261|256|1|245|0|275|
168|262|272|1|245|0|275|
168|262|256|1|245|0|275|
168|262|256|1|245|0|275|
168|262|272|1|245|0|275|
168|262|272|1|245|0|275|
168|261|272|1|245|0|275|
168|261|272|1|245|0|275|
168|261|272|1|245|0|275|
168|262|256|1|245|0|275|
168|262|272|1|245|0|275|
168|262|272|1|245|0|275|
168|261|272|1|245|0|275|
168|261|272|1|245|0|275|
168|260|272|1|245|0|275|
168|262|256|1|245|0|275|
168|262|272|1|245|0|275|
168|262|256|1|245|0|275|
168|262|272|1|245|0|275|
168|261|272|1|245|0|275|
168|262|272|1|245|0|275|
168|262|272|1|245|0|275|
168|262|272|1|245|0|275|
168|262|272|1|245|0|275|
168|262|272|1|245|0|275|
168|261|240|1|245|0|275|
168|262|272|1|245|0|275|
168|262|272|1|245|0|275|
168|262|272|1|245|0|275|
168|262|256|1|245|0|275|
168|261|272|1|245|0|275|
168|261|272|1|245|0|275|
168|260|272|1|245|0|275|
168|262|272|1|245|0|275|
168|262|272|1|245|0|275|
168|260|256|1|245|0|275|
168|262|256|1|245|0|275|
168|261|272|1|245|0|275|
168|262|256|1|245|0|275|
168|262|272|1|245|0|275|
168|262|256|1|245|0|275|
168|262|272|1|245|0|275|
168|261|256|1|245|0|275|
168|261|240|1|245|0|275|
168|262|240|1|245|0|275|
168|260|272|1|245|0|275|
168|262|256|1|245|0|275|
168|262|272|1|245|0|275|
168|262|272|1|245|0|275|
168|261|256|1|245|0|275|
168|262|272|1|245|0|275|
168|262|272|1|245|0|275|
168|262|272|1|245|0|275|
168|262|272|1|245|0|275|
168|262|272|1|245|0|275|
168|328|320|1|280|0|277|
168|262|272|1|245|0|275|
168|262|272|1|245|0|275|
168|262|272|1|245|0|275|
168|262|256|1|245|0|275|
168|262|272|1|245|0|275|
168|261|272|1|245|0|275|
168|260|272|1|245|0|275|
168|262|272|1|245|0|275|
168|260|240|1|245|0|275|
168|261|256|1|245|0|275|
168|262|256|1|245|0|275|
168|261|256|1|245|0|275|
168|262|272|1|245|0|275|
168|262|272|1|245|0|275|
168|262|272|1|245|0|275|
168|260|272|1|245|0|275|
168|261|272|1|245|0|275|
168|261|272|1|245|0|275|
168|263|272|1|245|0|275|
168|262|272|1|245|0|275|
168|260|272|1|245|0|275|
168|263|256|1|245|0|275|
168|261|256|1|245|0|275|
168|261|240|1|245|0|275|
168|262|272|1|245|0|275|
168|262|272|1|245|0|275|
168|262|272|1|245|0|275|
168|326|320|1|279|0|277|
168|262|256|1|245|0|275|
168|261|272|1|245|0|275|
168|261|256|1|245|0|275|
168|262|256|1|245|0|275|
168|263|272|1|245|0|275|
168|262|256|1|245|0|275|
168|262|256|1|245|0|275|
168|261|272|1|245|0|275|
168|261|272|1|245|0|275|
168|262|240|1|245|0|275|
168|262|272|1|245|0|275|
168|260|256|1|245|0|275|
168|262|256|1|245|0|275|
168|261|272|1|245|0|275|
168|261|256|1|245|0|275|
168|262|256|1|245|0|275|
168|260|256|1|245|0|275|
168|262|240|1|245|0|275|
168|262|272|1|245|0|275|
168|262|272|1|245|0|275|
168|327|336|1|279|0|277|
168|262|240|1|245|0|275|
168|260|240|1|245|0|275|
168|262|240|1|245|0|275|
168|262|272|1|245|0|275|
168|261|272|1|245|0|275|
168|261|272|1|245|0|275|
168|262|272|1|245|0|275|
168|262|272|1|245|0|275|
168|261|272|1|245|0|275|
168|260|256|1|245|0|275|
168|262|272|1|245|0|275|
168|261|272|1|245|0|275|
168|262|272|1|245|0|275|
168|262|272|1|245|0|275|
168|262|256|1|245|0|275|
168|260|256|1|245|0|275|
168|327|336|1|279|0|277|
168|261|272|1|245|0|275|
168|262|272|1|245|0|275|
168|262|256|1|245|0|275|
168|262|256|1|245|0|275|
168|262|256|1|245|0|275|
168|262|256|1|245|0|275|
168|262|256|1|245|0|275|
168|262|272|1|245|0|275|
168|263|272|1|245|0|275|
168|262|256|1|245|0|275|
168|262|256|1|245|0|275|
168|261|272|1|245|0|275|
168|261|272|1|245|0|275|
168|262|256|1|245|0|275|
168|262|272|1|245|0|275|
168|262|256|1|245|0|275|
168|262|256|1|245|0|275|
168|262|240|1|245|0|275|
168|261|256|1|245|0|275|
168|262|272|1|245|0|275|
168|262|272|1|245|0|275|
168|260|240|1|245|0|275|
168|262|256|1|245|0|275|
168|262|240|1|245|0|275|
168|261|272|1|245|0|275|
168|263|240|1|245|0|275|
168|260|272|1|245|0|275|
168|262|272|1|245|0|275|
168|261|256|1|245|0|275|
168|261|256|1|245|0|275|
168|261|272|1|245|0|275|
168|262|272|1|245|0|275|
168|262|272|1|245|0|275|
168|262|272|1|245|0|275|
168|262|272|1|245|0|275|
168|262|272|1|245|0|275|
168|328|336|1|279|0|277|
168|262|272|1|245|0|275|
168|262|240|1|245|0|275|
168|262|256|1|245|0|275|
168|262|256|1|245|0|275|
168|261|256|1|245|0|275|
168|261|256|1|245|0|275|
168|260|256|1|245|0|275|
168|262|272|1|245|0|275|
168|262|272|1|245|0|275|
168|262|272|1|245|0|275|
168|261|272|1|245|0|275|
168|261|256|1|245|0|275|
168|261|272|1|245|0|275|
168|262|272|1|245|0|275|
168|327|336|1|279|0|277|
168|262|272|1|245|0|275|
168|261|256|1|245|0|275|
168|261|272|1|245|0|275|
168|262|272|1|245|0|275|
168|262|256|1|245|0|275|
168|262|256|1|245|0|275|
168|262|240|1|245|0|275|
168|260|256|1|245|0|275|
168|328|336|1|279|0|277|
168|262|240|1|245|0|275|
168|262|256|1|245|0|275|
168|261|256|1|245|0|275|
168|260|256|1|245|0|275|
168|262|256|1|245|0|275|
168|261|256|1|245|0|275|
168|262|272|1|245|0|275|
168|262|256|1|245|0|275|
168|262|272|1|245|0|275|
168|260|240|1|245|0|275|
168|262|256|1|245|0|275|
168|262|240|1|245|0|275|
168|262|272|1|245|0|275|
168|260|272|1|245|0|275|
168|262|272|1|245|0|275|
168|262|272|1|245|0|275|
168|262|272|1|245|0|275|
168|262|272|1|245|0|275|
168|262|272|1|245|0|275|
168|262|256|1|245|0|275|
168|262|256|1|245|0|275|
168|262|240|1|245|0|275|
168|262|272|1|245|0|275|
168|261|240|1|245|0|275|
168|261|208|1|245|0|275|
168|262|192|1|245|0|275|
168|262|208|1|245|0|275|
168|262|208|1|245|0|275|
168|262|256|1|245|0|275|
168|260|256|1|245|0|275|
168|262|256|1|245|0|275|
168|262|272|1|245|0|275|
168|260|272|1|245|0|275|
168|262|240|1|245|0|275|
168|262|256|1|245|0|275|
168|262|272|1|245|0|275|
168|261|272|1|245|0|275|
168|311|304|1|350|0|275|
168|263|272|1|245|0|275|
168|263|272|1|245|0|275|
168|262|256|1|245|0|275|
168|262|272|1|245|0|275|
168|262|272|1|245|0|275|
168|262|256|1|245|0|275|
168|262|240|1|245|0|275|
168|262|272|1|245|0|275|
168|261|272|1|245|0|275|
168|262|256|1|245|0|275|
168|262|240|1|245|0|275|
168|261|272|1|245|0|275|
168|262|272|1|245|0|275|
168|262|256|1|245|0|275|
168|262|272|1|245|0|275|
168|262|256|1|245|0|275|
168|262|272|1|245|0|275|
168|261|272|1|245|0|275|
168|261|256|1|245|0|275|
168|262|272|1|245|0|275|
168|262|272|1|245|0|275|
168|262|272|1|245|0|275|
168|260|256|1|245|0|275|
168|262|256|1|245|0|275|
168|262|256|1|245|0|275|
168|260|256|1|245|0|275|
168|262|272|1|245|0|275|
168|262|256|1|245|0|275|
168|262|256|1|245|0|275|
168|444|448|2|402|0|277|
168|261|256|1|245|0|275|
168|262|272|1|245|0|275|
168|262|256|1|245|0|275|
168|260|240|1|245|0|275|
168|262|256|1|245|0|275|
168|270|256|1|245|0|275|
168|261|256|1|245|0|275|
168|262|272|1|245|0|275|
168|262|272|1|245|0|275|
168|261|256|1|245|0|275|
168|262|272|1|245|0|275|
168|261|272|1|245|0|275|
168|261|272|1|245|0|275|
168|262|272|1|245|0|275|
168|262|272|1|245|0|275|
168|262|240|1|245|0|275|
168|262|272|1|245|0|275|
168|261|272|1|245|0|275|
168|261|272|1|245|0|275|
168|262|256|1|245|0|275|
168|262|240|1|245|0|275|
168|262|272|1|245|0|275|
168|262|272|1|245|0|275|
168|262|256|1|245|0|275|
168|261|272|1|245|0|275|
168|262|272|1|245|0|275|
168|262|272|1|245|0|275|
168|262|256|1|245|0|275|
168|262|256|1|245|0|275|
168|262|256|1|245|0|275|
168|389|400|1|608|0|275|
168|431|384|1|726|0|275|
168|343|320|1|452|0|275|
168|396|352|1|639|0|275|
168|341|336|1|415|0|275|
168|443|416|2|402|0|277|
168|261|256|1|245|0|275|
168|262|256|1|245|0|275|
168|260|240|1|245|0|275|
168|260|272|1|245|0|275|
168|262|256|1|245|0|275|
168|261|272|1|245|0|275|
168|261|272|1|245|0|275|
168|262|272|1|245|0|275|
168|262|272|1|245|0|275|
168|262|272|1|245|0|275|
168|261|272|1|245|0|275|
168|261|272|1|245|0|275|
168|261|272|1|245|0|275|
168|262|272|1|245|0|275|
168|260|240|1|245|0|275|
168|263|272|1|245|0|275|
168|262|240|1|245|0|275|
168|261|272|1|245|0|275|
168|261|256|1|245|0|275|
168|261|240|1|245|0|275|
168|262|256|1|245|0|275|
168|260|272|1|245|0|275|
168|262|272|1|245|0|275|
168|261|256|1|245|0|275|
168|261|256|1|245|0|275|
168|262|240|1|245|0|275|
168|262|240|1|245|0|275|
168|262|256|1|245|0|275|
168|260|272|1|245|0|275|
168|262|256|1|245|0|275|
168|261|272|1|245|0|275|
168|260|256|1|245|0|275|
168|260|256|1|245|0|275|
168|262|256|1|245|0|275|
168|262|256|1|245|0|275|
168|262|272|1|245|0|275|
168|261|272|1|245|0|275|
168|262|256|1|245|0|275|
168|262|240|1|245|0|275|
168|262|272|1|245|0|275|
168|262|272|1|245|0|275|
168|262|272|1|245|0|275|
168|262|256|1|245|0|275|
168|262|272|1|245|0|275|
168|262|272|1|245|0|275|
168|262|256|1|245|0|275|
168|262|272|1|245|0|275|
168|262|272|1|245|0|275|
168|262|272|1|245|0|275|
168|262|272|1|245|0|275|
168|262|272|1|245|0|275|
168|262|272|1|245|0|275|
168|261|256|1|245|0|275|
168|328|336|1|279|0|277|
168|262|272|1|245|0|275|
168|260|240|1|245|0|275|
168|262|256|1|245|0|275|
168|262|240|1|245|0|275|
168|262|240|1|245|0|275|
168|262|272|1|245|0|275|
168|261|256|1|245|0|275|
168|262|256|1|245|0|275|
168|261|272|1|245|0|275|
168|262|240|1|245|0|275|
168|262|240|1|245|0|275|
168|261|240|1|245|0|275|
168|261|256|1|245|0|275|
168|262|272|1|245|0|275|
168|262|240|1|245|0|275|
168|262|272|1|245|0|275|
168|262|272|1|245|0|275|
168|328|320|1|280|0|277|
168|261|256|1|245|0|275|
168|262|256|1|245|0|275|
168|262|272|1|245|0|275|
168|262|272|1|245|0|275|
168|262|256|1|245|0|275|
168|261|256|1|245|0|275|
168|261|272|1|245|0|275|
168|260|256|1|245|0|275|
168|261|272|1|245|0|275|
168|262|240|1|245|0|275|
168|262|256|1|245|0|275|
168|262|272|1|245|0|275|
168|261|240|1|245|0|275|
168|262|256|1|245|0|275|
168|262|272|1|245|0|275|
168|262|272|1|245|0|275|
168|262|256|1|245|0|275|
168|262|240|1|245|0|275|
168|261|256|1|245|0|275|
168|262|272|1|245|0|275|
168|262|240|1|245|0|275|
168|262|256|1|245|0|275|
168|262|256|1|245|0|275|
168|262|256|1|245|0|275|
168|262|272|1|245|0|275|
168|262|272|1|245|0|275|
168|260|256|1|245|0|275|
168|262|256|1|245|0|275|
168|261|256|1|245|0|275|
168|326|304|1|279|0|277|
168|262|256|1|245|0|275|
168|261|272|1|245|0|275|
168|261|272|1|245|0|275|
168|262|272|1|245|0|275|
168|262|272|1|245|0|275|
168|262|272|1|245|0|275|
168|261|240|1|245|0|275|
168|261|272|1|245|0|275|
168|262|272|1|245|0|275|
168|262|272|1|245|0|275|
168|262|272|1|245|0|275|
168|262|256|1|245|0|275|
168|326|320|1|279|0|277|
168|262|256|1|245|0|275|
168|262|256|1|245|0|275|
168|262|272|1|245|0|275|
168|262|272|1|245|0|275|
168|262|240|1|245|0|275|
168|261|256|1|245|0|275|
168|261|240|1|245|0|275|
168|260|256|1|245|0|275|
168|262|272|1|245|0|275|
168|260|272|1|245|0|275|
168|261|272|1|245|0|275|
168|262|272|1|245|0|275|
168|262|272|1|245|0|275|
168|262|272|1|245|0|275|
168|262|256|1|245|0|275|
168|262|256|1|245|0|275|
168|262|272|1|245|0|275|
168|327|320|1|279|0|277|
168|261|272|1|245|0|275|
168|270|272|1|245|0|275|
168|261|256|1|245|0|275|
168|262|272|1|245|0|275|
168|262|240|1|245|0|275|
168|261|272|1|245|0|275|
168|328|336|1|279|0|277|
168|262|272|1|245|0|275|
168|262|272|1|245|0|275|
168|260|240|1|245|0|275|
168|262|272|1|245|0|275|
168|261|272|1|245|0|275|
168|261|256|1|245|0|275|
168|262|256|1|245|0|275|
168|260|256|1|245|0|275|
168|262|272|1|245|0|275|
168|262|240|1|245|0|275|
168|261|256|1|245|0|275|
168|261|256|1|245|0|275|
168|262|272|1|245|0|275|
168|262|272|1|245|0|275|
168|262|272|1|245|0|275|
168|261|256|1|245|0|275|
168|262|256|1|245|0|275|
168|261|272|1|245|0|275|
168|261|272|1|245|0|275|
168|262|272|1|245|0|275|
168|262|272|1|245|0|275|
168|260|256|1|245|0|275|
168|261|256|1|245|0|275|
168|261|256|1|245|0|275|
168|262|272|1|245|0|275|
168|261|256|1|245|0|275|
168|262|256|1|245|0|275|
168|262|256|1|245|0|275|
168|261|240|1|245|0|275|
168|261|272|1|245|0|275|
168|261|272|1|245|0|275|
168|262|256|1|245|0|275|
168|262|272|1|245|0|275|
168|262|240|1|245|0|275|
168|262|272|1|245|0|275|
168|260|272|1|245|0|275|
168|261|272|1|245|0|275|
168|262|272|1|245|0|275|
168|262|256|1|245|0|275|
168|262|256|1|245|0|275|
168|262|240|1|245|0|275|
168|261|272|1|245|0|275|
169|982|960|1|503|0|495|
168|262|240|1|245|0|275|
168|326|336|1|279|0|277|
168|262|272|1|245|0|275|
168|262|256|1|245|0|275|
168|261|272|1|245|0|275|
168|261|256|1|245|0|275|
168|262|240|1|245|0|275|
168|262|272|1|245|0|275|
168|262|272|1|245|0|275|
168|260|272|1|245|0|275|
168|262|272|1|245|0|275|
168|262|272|1|245|0|275|
168|260|272|1|245|0|275|
168|263|240|1|245|0|275|
168|260|256|1|245|0|275|
168|262|256|1|245|0|275|
168|262|256|1|245|0|275|
168|262|272|1|245|0|275|
168|262|272|1|245|0|275|
168|262|272|1|245|0|275|
168|262|272|1|245|0|275|
168|262|240|1|245|0|275|
168|262|272|1|245|0|275|
168|261|272|1|245|0|275|
168|262|272|1|245|0|275|
168|260|256|1|245|0|275|
168|262|272|1|245|0|275|
168|262|256|1|245|0|275|
168|262|272|1|245|0|275|
168|261|272|1|245|0|275|
168|262|240|1|245|0|275|
168|262|256|1|245|0|275|
168|262|240|1|245|0|275|
168|262|256|1|245|0|275|
168|262|256|1|245|0|275|
168|262|256|1|245|0|275|
168|262|272|1|245|0|275|
168|262|272|1|245|0|275|
168|262|272|1|245|0|275|
168|327|320|1|279|0|277|
168|262|240|1|245|0|275|
168|261|272|1|245|0|275|
168|262|256|1|245|0|275|
168|262|272|1|245|0|275|
168|262|256|1|245|0|275|
168|262|256|1|245|0|275|
168|263|256|1|245|0|275|
168|261|256|1|245|0|275|
168|326|336|1|279|0|277|
168|262|272|1|245|0|275|
168|262|240|1|245|0|275|
168|262|272|1|245|0|275|
168|262|256|1|245|0|275|
168|261|272|1|245|0|275|
168|261|240|1|245|0|275|
168|260|256|1|245|0|275|
168|262|272|1|245|0|275|
168|262|272|1|245|0|275|
168|261|240|1|245|0|275|
168|262|240|1|245|0|275|
168|261|272|1|245|0|275|
168|326|336|1|279|0|277|
168|262|272|1|245|0|275|
168|260|272|1|245|0|275|
168|262|272|1|245|0|275|
168|262|256|1|245|0|275|
168|261|240|1|245|0|275|
168|262|272|1|245|0|275|
168|262|240|1|245|0|275|
168|260|256|1|245|0|275|
168|263|256|1|245|0|275|
168|261|272|1|245|0|275|
168|261|256|1|245|0|275|
168|262|256|1|245|0|275|
168|261|272|1|245|0|275|
168|262|256|1|245|0|275|
168|262|240|1|245|0|275|
168|262|272|1|245|0|275|
168|329|336|1|279|0|277|
168|262|272|1|245|0|275|
168|260|240|1|245|0|275|
168|262|272|1|245|0|275|
168|262|272|1|245|0|275|
168|261|256|1|245|0|275|
168|261|256|1|245|0|275|
168|260|256|1|245|0|275|
168|262|240|1|245|0|275|
168|262|240|1|245|0|275|
168|262|256|1|245|0|275|
168|261|272|1|245|0|275|
168|261|272|1|245|0|275|
168|262|256|1|245|0|275|
168|264|272|1|245|0|275|
168|262|272|1|245|0|275|
168|276|288|1|245|0|275|
168|262|272|1|245|0|275|
168|261|272|1|245|0|275|
168|262|272|1|245|0|275|
168|262|272|1|245|0|275|
168|262|240|1|245|0|275|
168|262|240|1|245|0|275|
168|261|272|1|245|0|275|
168|261|272|1|245|0|275|
168|262|240|1|245|0|275|
168|260|256|1|245|0|275|
168|260|272|1|245|0|275|
168|262|256|1|245|0|275|
168|262|272|1|245|0|275|
168|261|256|1|245|0|275|
168|260|240|1|245|0|275|
168|262|272|1|245|0|275|
168|262|240|1|245|0|275|
168|262|272|1|245|0|275|
168|262|272|1|245|0|275|
168|262|240|1|245|0|275|
168|329|336|1|280|0|277|
168|262|272|1|245|0|275|
168|262|272|1|245|0|275|
168|262|272|1|245|0|275|
168|261|256|1|245|0|275|
168|261|256|1|245|0|275|
168|261|256|1|245|0|275|
168|260|240|1|245|0|275|
168|262|272|1|245|0|275|
168|262|256|1|245|0|275|
168|262|272|1|245|0|275|
168|262|272|1|245|0|275|
168|261|256|1|245|0|275|
168|262|272|1|245|0|275|
168|262|256|1|245|0|275|
168|262|256|1|245|0|275|
168|262|272|1|245|0|275|
168|262|256|1|245|0|275|
168|261|256|1|245|0|275|
168|262|272|1|245|0|275|
168|262|256|1|245|0|275|
168|262|256|1|245|0|275|
168|263|272|1|245|0|275|
168|261|240|1|245|0|275|
168|261|256|1|245|0|275|
168|261|256|1|245|0|275|
168|262|272|1|245|0|275|
168|262|272|1|245|0|275|
168|262|272|1|245|0|275|
168|262|240|1|245|0|275|
168|261|272|1|245|0|275|
168|261|256|1|245|0|275|
168|260|272|1|245|0|275|
168|262|272|1|245|0|275|
168|262|240|1|245|0|275|
168|260|240|1|245|0|275|
168|262|272|1|245|0|275|
168|261|256|1|245|0|275|
168|262|240|1|245|0|275|
168|262|256|1|245|0|275|
