INSTRUCTIONS_RETIRED|CYCLES|UNKNOWN|LD_BLOCKS.STORE_FORWARD|UOPS_EXECUTED.CORE|BR_MISP_RETIRED.ALL_BRANCHES|UOPS_RETIRED.ANY|
100|192|128|1|177|0|207|
100|195|192|1|177|0|207|
100|194|192|1|177|0|207|
100|195|192|1|177|0|207|
100|195|176|1|177|0|207|
100|195|192|1|177|0|207|
100|195|192|1|177|0|207|
100|195|208|1|177|0|207|
100|240|240|1|266|0|209|
100|195|192|1|177|0|207|
100|192|192|1|177|0|207|
100|261|272|1|211|0|209|
100|228|224|1|279|0|207|
100|295|304|1|559|0|207|
100|343|208|1|424|0|209|
100|222|144|1|239|0|207|
100|260|176|1|212|0|209|
100|195|144|1|177|0|207|
100|195|144|1|177|0|207|
100|194|176|1|177|0|207|
100|194|192|1|177|0|207|
100|195|176|1|177|0|207|
100|195|192|1|177|0|207|
100|195|208|1|177|0|207|
100|195|208|1|177|0|207|
100|195|208|1|177|0|207|
100|192|176|1|177|0|207|
100|195|208|1|177|0|207|
100|195|208|1|177|0|207|
100|195|192|1|177|0|207|
100|195|192|1|177|0|207|
100|195|208|1|177|0|207|
100|194|192|1|177|0|207|
100|195|208|1|177|0|207|
100|195|192|1|177|0|207|
100|195|192|1|177|0|207|
100|194|192|1|177|0|207|
100|195|192|1|177|0|207|
100|195|176|1|177|0|207|
100|260|272|1|212|0|209|
100|195|176|1|177|0|207|
100|192|192|1|177|0|207|
100|195|208|1|177|0|207|
100|195|192|1|177|0|207|
100|195|176|1|177|0|207|
100|195|176|1|177|0|207|
100|195|208|1|177|0|207|
100|195|192|1|177|0|207|
100|195|208|1|177|0|207|
100|195|192|1|177|0|207|
100|195|208|1|177|0|207|
100|195|208|1|177|0|207|
100|195|208|1|177|0|207|
100|195|192|1|177|0|207|
100|195|192|1|177|0|207|
100|195|208|1|177|0|207|
100|195|208|1|177|0|207|
100|259|240|1|211|0|209|
100|195|192|1|177|0|207|
100|195|208|1|177|0|207|
100|195|192|1|177|0|207|
100|195|192|1|177|0|207|
100|195|192|1|177|0|207|
100|195|192|1|177|0|207|
100|195|208|1|177|0|207|
100|260|256|1|212|0|209|
100|195|208|1|177|0|207|
100|195|208|1|177|0|207|
100|195|208|1|177|0|207|
100|195|208|1|177|0|207|
100|195|176|1|177|0|207|
100|194|192|1|177|0|207|
100|195|176|1|177|0|207|
100|195|208|1|177|0|207|
100|194|192|1|177|0|207|
100|195|176|1|177|0|207|
100|195|192|1|177|0|207|
100|195|192|1|177|0|207|
100|192|192|1|177|0|207|
100|195|192|1|177|0|207|
100|281|272|1|177|0|207|
100|195|208|1|177|0|207|
100|195|192|1|177|0|207|
100|192|192|1|177|0|207|
100|195|192|1|177|0|207|
100|194|192|1|177|0|207|
100|194|208|1|177|0|207|
100|195|192|1|177|0|207|
100|195|192|1|177|0|207|
100|195|208|1|177|0|207|
100|195|208|1|177|0|207|
100|376|384|2|266|0|209|
100|195|208|1|177|0|207|
100|195|176|1|177|0|207|
100|195|192|1|177|0|207|
100|195|208|1|177|0|207|
100|195|192|1|177|0|207|
100|194|192|1|177|0|207|
100|195|192|1|177|0|207|
100|195|192|1|177|0|207|
100|192|208|1|177|0|207|
100|194|192|1|177|0|207|
100|195|176|1|177|0|207|
100|195|176|1|177|0|207|
100|195|192|1|177|0|207|
100|195|192|1|177|0|207|
100|195|192|1|177|0|207|
100|192|192|1|177|0|207|
100|195|192|1|177|0|207|
100|194|192|1|177|0|207|
100|195|192|1|177|0|207|
100|195|192|1|177|0|207|
100|192|192|1|177|0|207|
100|195|192|1|177|0|207|
100|195|208|1|177|0|207|
100|261|272|1|211|0|209|
100|194|192|1|177|0|207|
100|195|192|1|177|0|207|
100|192|192|1|177|0|207|
100|195|192|1|177|0|207|
100|194|176|1|177|0|207|
100|194|192|1|177|0|207|
100|194|208|1|177|0|207|
100|195|208|1|177|0|207|
100|195|192|1|177|0|207|
100|195|208|1|177|0|207|
100|195|192|1|177|0|207|
100|195|208|1|177|0|207|
100|195|192|1|177|0|207|
100|195|208|1|177|0|207|
100|195|208|1|177|0|207|
100|195|208|1|177|0|207|
100|195|208|1|177|0|207|
100|195|208|1|177|0|207|
100|209|192|1|177|0|207|
100|195|208|1|177|0|207|
100|192|192|1|177|0|207|
100|195|192|1|177|0|207|
100|195|208|1|177|0|207|
100|195|208|1|177|0|207|
100|195|192|1|177|0|207|
100|195|208|1|177|0|207|
100|194|192|1|177|0|207|
100|195|192|1|177|0|207|
100|195|192|1|177|0|207|
100|192|208|1|177|0|207|
100|194|176|1|177|0|207|
100|195|176|1|177|0|207|
100|195|208|1|177|0|207|
100|195|208|1|177|0|207|
100|195|176|1|177|0|207|
100|194|176|1|177|0|207|
100|194|192|1|177|0|207|
100|195|176|1|177|0|207|
100|195|176|1|177|0|207|
100|195|208|1|177|0|207|
100|195|192|1|177|0|207|
100|195|192|1|177|0|207|
100|195|176|1|177|0|207|
100|195|192|1|177|0|207|
100|195|208|1|177|0|207|
100|195|192|1|177|0|207|
100|260|256|1|212|0|209|
100|194|192|1|177|0|207|
100|194|192|1|177|0|207|
100|192|192|1|177|0|207|
100|195|208|1|177|0|207|
100|195|192|1|177|0|207|
100|192|192|1|177|0|207|
100|194|192|1|177|0|207|
100|194|192|1|177|0|207|
100|194|192|1|177|0|207|
100|192|192|1|177|0|207|
100|194|208|1|177|0|207|
100|195|192|1|177|0|207|
100|195|176|1|177|0|207|
100|195|208|1|177|0|207|
100|195|192|1|177|0|207|
100|195|176|1|177|0|207|
100|195|192|1|177|0|207|
100|195|192|1|177|0|207|
100|192|192|1|177|0|207|
100|195|192|1|177|0|207|
100|195|208|1|177|0|207|
100|195|192|1|177|0|207|
100|195|208|1|177|0|207|
100|192|192|1|177|0|207|
100|195|208|1|177|0|207|
100|195|176|1|177|0|207|
100|194|208|1|177|0|207|
100|195|192|1|177|0|207|
100|194|208|1|177|0|207|
100|195|208|1|177|0|207|
100|195|176|1|177|0|207|
100|195|176|1|177|0|207|
100|195|192|1|177|0|207|
101|914|896|1|515|0|416|
100|259|256|1|211|0|209|
100|195|176|1|177|0|207|
100|192|176|1|177|0|207|
100|195|192|1|177|0|207|
100|195|208|1|177|0|207|
100|192|192|1|177|0|207|
100|195|208|1|177|0|207|
100|195|192|1|177|0|207|
100|195|208|1|177|0|207|
100|195|192|1|177|0|207|
100|195|176|1|177|0|207|
100|195|176|1|177|0|207|
100|195|192|1|177|0|207|
100|195|208|1|177|0|207|
100|195|176|1|177|0|207|
100|195|192|1|177|0|207|
100|195|192|1|177|0|207|
100|195|192|1|177|0|207|
100|195|192|1|177|0|207|
100|195|208|1|177|0|207|
100|195|208|1|177|0|207|
100|195|192|1|177|0|207|
100|194|192|1|177|0|207|
100|274|272|1|303|0|209|
100|195|192|1|177|0|207|
100|195|176|1|177|0|207|
100|195|176|1|177|0|207|
100|195|208|1|177|0|207|
100|195|208|1|177|0|207|
100|194|192|1|177|0|207|
100|259|256|1|211|0|209|
100|195|208|1|177|0|207|
100|195|192|1|177|0|207|
100|195|208|1|177|0|207|
100|195|192|1|177|0|207|
100|195|208|1|177|0|207|
100|195|192|1|177|0|207|
100|195|208|1|177|0|207|
100|195|176|1|177|0|207|
100|260|256|1|212|0|209|
100|194|208|1|177|0|207|
100|194|208|1|177|0|207|
100|195|192|1|177|0|207|
100|195|208|1|177|0|207|
100|195|208|1|177|0|207|
100|195|208|1|177|0|207|
100|194|192|1|177|0|207|
100|261|256|1|211|0|209|
100|192|208|1|177|0|207|
100|192|208|1|177|0|207|
100|195|192|1|177|0|207|
100|259|240|1|211|0|209|
100|195|176|1|177|0|207|
100|195|208|1|177|0|207|
100|273|272|1|177|0|207|
100|195|208|1|177|0|207|
100|195|192|1|177|0|207|
100|195|192|1|177|0|207|
100|195|208|1|177|0|207|
100|259|272|1|211|0|209|
100|194|192|1|177|0|207|
100|195|208|1|177|0|207|
100|192|208|1|177|0|207|
100|195|176|1|177|0|207|
100|195|192|1|177|0|207|
100|195|208|1|177|0|207|
100|194|192|1|177|0|207|
100|195|176|1|177|0|207|
100|195|176|1|177|0|207|
100|195|192|1|177|0|207|
100|195|192|1|177|0|207|
100|195|176|1|177|0|207|
100|195|176|1|177|0|207|
100|195|208|1|177|0|207|
100|195|208|1|177|0|207|
100|195|208|1|177|0|207|
100|192|192|1|177|0|207|
100|261|256|1|211|0|209|
100|195|208|1|177|0|207|
100|192|176|1|177|0|207|
100|195|176|1|177|0|207|
100|195|176|1|177|0|207|
100|195|192|1|177|0|207|
100|195|192|1|177|0|207|
100|195|208|1|177|0|207|
100|195|208|1|177|0|207|
100|195|192|1|177|0|207|
100|192|192|1|177|0|207|
100|194|176|1|177|0|207|
100|194|192|1|177|0|207|
100|195|192|1|177|0|207|
100|195|192|1|177|0|207|
100|194|192|1|177|0|207|
100|194|192|1|177|0|207|
100|194|192|1|177|0|207|
100|194|192|1|177|0|207|
100|275|288|1|382|0|207|
100|194|192|1|177|0|207|
100|194|208|1|177|0|207|
100|194|176|1|177|0|207|
100|194|208|1|177|0|207|
100|194|208|1|177|0|207|
100|194|176|1|177|0|207|
100|194|176|1|177|0|207|
100|194|208|1|177|0|207|
100|261|272|1|211|0|209|
100|194|176|1|177|0|207|
100|194|208|1|177|0|207|
100|194|208|1|177|0|207|
100|194|192|1|177|0|207|
100|194|192|1|177|0|207|
100|195|192|1|177|0|207|
100|195|192|1|177|0|207|
100|195|208|1|177|0|207|
100|195|208|1|177|0|207|
100|195|192|1|177|0|207|
100|194|192|1|177|0|207|
100|195|176|1|177|0|207|
100|195|208|1|177|0|207|
100|195|192|1|177|0|207|
100|195|192|1|177|0|207|
100|194|192|1|177|0|207|
100|194|176|1|177|0|207|
100|259|272|1|211|0|209|
100|195|176|1|177|0|207|
100|195|192|1|177|0|207|
100|195|192|1|177|0|207|
100|195|192|1|177|0|207|
100|195|208|1|177|0|207|
100|195|192|1|177|0|207|
100|195|208|1|177|0|207|
100|195|192|1|177|0|207|
100|195|192|1|177|0|207|
100|195|192|1|177|0|207|
100|195|192|1|177|0|207|
100|195|208|1|177|0|207|
100|259|256|1|211|0|209|
100|195|192|1|177|0|207|
100|192|192|1|177|0|207|
100|195|192|1|177|0|207|
100|195|192|1|177|0|207|
100|195|192|1|177|0|207|
100|195|208|1|177|0|207|
100|195|176|1|177|0|207|
100|260|256|1|212|0|209|
100|195|192|1|177|0|207|
100|195|176|1|177|0|207|
100|195|192|1|177|0|207|
100|195|192|1|177|0|207|
100|195|208|1|177|0|207|
100|195|176|1|177|0|207|
100|195|208|1|177|0|207|
100|194|192|1|177|0|207|
100|195|192|1|177|0|207|
100|195|192|1|177|0|207|
100|195|208|1|177|0|207|
100|195|176|1|177|0|207|
100|195|208|1|177|0|207|
100|195|192|1|177|0|207|
100|195|192|1|177|0|207|
100|195|208|1|177|0|207|
100|195|192|1|177|0|207|
100|192|192|1|177|0|207|
100|195|192|1|177|0|207|
100|195|208|1|177|0|207|
100|195|208|1|177|0|207|
100|195|208|1|177|0|207|
100|195|192|1|177|0|207|
100|194|208|1|177|0|207|
100|195|176|1|177|0|207|
100|195|192|1|177|0|207|
100|195|208|1|177|0|207|
100|195|176|1|177|0|207|
100|195|192|1|177|0|207|
100|195|208|1|177|0|207|
100|195|208|1|177|0|207|
100|195|192|1|177|0|207|
100|194|208|1|177|0|207|
100|195|192|1|177|0|207|
100|195|208|1|177|0|207|
100|195|192|1|177|0|207|
100|192|192|1|177|0|207|
100|194|208|1|177|0|207|
100|194|208|1|177|0|207|
100|192|192|1|177|0|207|
100|195|208|1|177|0|207|
100|195|208|1|177|0|207|
100|195|192|1|177|0|207|
100|194|208|1|177|0|207|
100|195|176|1|177|0|207|
100|195|208|1|177|0|207|
100|195|208|1|177|0|207|
100|195|192|1|177|0|207|
100|195|192|1|177|0|207|
100|195|208|1|177|0|207|
100|195|208|1|177|0|207|
100|195|192|1|177|0|207|
100|192|192|1|177|0|207|
100|195|208|1|177|0|207|
100|195|208|1|177|0|207|
100|195|208|1|177|0|207|
100|195|192|1|177|0|207|
100|195|208|1|177|0|207|
100|195|208|1|177|0|207|
100|192|208|1|177|0|207|
100|192|176|1|177|0|207|
100|195|192|1|177|0|207|
100|259|256|1|211|0|209|
100|260|240|1|212|0|209|
100|194|192|1|177|0|207|
100|195|176|1|177|0|207|
100|195|176|1|177|0|207|
100|192|192|1|177|0|207|
100|195|192|1|177|0|207|
100|194|192|1|177|0|207|
100|195|208|1|177|0|207|
100|192|192|1|177|0|207|
100|195|208|1|177|0|207|
100|194|208|1|177|0|207|
100|194|192|1|177|0|207|
100|192|192|1|177|0|207|
100|195|192|1|177|0|207|
100|192|176|1|177|0|207|
100|195|192|1|177|0|207|
100|194|208|1|177|0|207|
100|260|272|1|210|0|209|
100|195|192|1|177|0|207|
100|195|192|1|177|0|207|
100|195|192|1|177|0|207|
100|195|192|1|177|0|207|
100|195|176|1|177|0|207|
100|194|192|1|177|0|207|
100|192|176|1|177|0|207|
100|259|256|1|211|0|209|
100|194|176|1|177|0|207|
100|195|176|1|177|0|207|
100|195|208|1|177|0|207|
100|195|176|1|177|0|207|
100|192|208|1|177|0|207|
100|195|176|1|177|0|207|
100|195|176|1|177|0|207|
100|192|208|1|177|0|207|
100|195|176|1|177|0|207|
100|194|208|1|177|0|207|
100|195|208|1|177|0|207|
100|192|192|1|177|0|207|
100|195|192|1|177|0|207|
100|195|192|1|177|0|207|
100|195|192|1|177|0|207|
100|195|208|1|177|0|207|
100|195|192|1|177|0|207|
100|195|192|1|177|0|207|
100|195|208|1|177|0|207|
100|195|176|1|177|0|207|
100|280|288|1|229|0|209|
100|195|192|1|177|0|207|
100|195|192|1|177|0|207|
100|195|192|1|177|0|207|
100|195|192|1|177|0|207|
100|195|176|1|177|0|207|
100|194|208|1|177|0|207|
100|194|192|1|177|0|207|
100|195|208|1|177|0|207|
100|192|192|1|177|0|207|
100|192|192|1|177|0|207|
100|194|192|1|177|0|207|
100|195|192|1|177|0|207|
100|195|176|1|177|0|207|
100|195|208|1|177|0|207|
100|195|176|1|177|0|207|
100|195|208|1|177|0|207|
100|195|192|1|177|0|207|
100|194|208|1|177|0|207|
100|194|192|1|177|0|207|
100|194|176|1|177|0|207|
100|195|208|1|177|0|207|
100|259|272|1|211|0|209|
100|195|176|1|177|0|207|
100|195|176|1|177|0|207|
100|194|192|1|177|0|207|
100|194|208|1|177|0|207|
100|195|208|1|177|0|207|
100|195|192|1|177|0|207|
100|195|208|1|177|0|207|
100|260|240|1|212|0|209|
100|195|176|1|177|0|207|
100|195|208|1|177|0|207|
100|195|192|1|177|0|207|
100|195|192|1|177|0|207|
100|195|192|1|177|0|207|
100|195|208|1|177|0|207|
100|195|192|1|177|0|207|
100|195|208|1|177|0|207|
100|195|176|1|177|0|207|
100|194|208|1|177|0|207|
100|195|192|1|177|0|207|
100|195|192|1|177|0|207|
100|195|192|1|177|0|207|
100|195|192|1|177|0|207|
100|195|192|1|177|0|207|
100|195|192|1|177|0|207|
100|195|192|1|177|0|207|
100|195|192|1|177|0|207|
100|195|176|1|177|0|207|
100|194|208|1|177|0|207|
100|195|192|1|177|0|207|
100|194|192|1|177|0|207|
100|195|208|1|177|0|207|
100|194|208|1|177|0|207|
100|195|208|1|177|0|207|
100|194|192|1|177|0|207|
100|195|192|1|177|0|207|
100|192|192|1|177|0|207|
100|194|208|1|177|0|207|
100|195|176|1|177|0|207|
100|194|192|1|177|0|207|
100|194|192|1|177|0|207|
100|195|208|1|177|0|207|
100|195|208|1|177|0|207|
100|195|176|1|177|0|207|
100|195|192|1|177|0|207|
100|194|192|1|177|0|207|
100|194|192|1|177|0|207|
100|195|192|1|177|0|207|
100|195|208|1|177|0|207|
100|192|176|1|177|0|207|
100|195|208|1|177|0|207|
100|194|192|1|177|0|207|
100|194|192|1|177|0|207|
100|195|192|1|177|0|207|
100|195|192|1|177|0|207|
100|192|192|1|177|0|207|
100|195|192|1|177|0|207|
100|195|192|1|177|0|207|
100|260|256|1|212|0|209|
100|195|176|1|177|0|207|
100|195|208|1|177|0|207|
100|195|208|1|177|0|207|
100|194|192|1|177|0|207|
100|195|192|1|177|0|207|
100|195|208|1|177|0|207|
100|195|192|1|177|0|207|
100|194|208|1|177|0|207|
100|195|208|1|177|0|207|
100|195|208|1|177|0|207|
100|195|208|1|177|0|207|
100|194|192|1|177|0|207|
100|195|192|1|177|0|207|
100|195|176|1|177|0|207|
100|195|192|1|177|0|207|
100|195|192|1|177|0|207|
100|194|176|1|177|0|207|
100|192|192|1|177|0|207|
100|195|208|1|177|0|207|
100|192|176|1|177|0|207|
100|195|192|1|177|0|207|
100|195|208|1|177|0|207|
100|194|176|1|177|0|207|
100|194|192|1|177|0|207|
100|195|192|1|177|0|207|
100|192|192|1|177|0|207|
100|195|192|1|177|0|207|
100|195|208|1|177|0|207|
100|195|176|1|177|0|207|
100|194|192|1|177|0|207|
100|195|192|1|177|0|207|
100|192|208|1|177|0|207|
100|195|208|1|177|0|207|
100|195|192|1|177|0|207|
100|195|208|1|177|0|207|
100|195|176|1|177|0|207|
100|192|192|1|177|0|207|
100|195|192|1|177|0|207|
100|195|192|1|177|0|207|
100|195|208|1|177|0|207|
100|195|192|1|177|0|207|
100|261|256|1|211|0|209|
100|195|176|1|177|0|207|
100|195|208|1|177|0|207|
100|192|192|1|177|0|207|
100|194|176|1|177|0|207|
100|195|192|1|177|0|207|
100|195|208|1|177|0|207|
100|195|192|1|177|0|207|
100|195|208|1|177|0|207|
100|194|208|1|177|0|207|
100|195|208|1|177|0|207|
100|195|208|1|177|0|207|
100|195|192|1|177|0|207|
100|192|192|1|177|0|207|
100|194|208|1|177|0|207|
100|192|208|1|177|0|207|
100|195|192|1|177|0|207|
100|195|192|1|177|0|207|
100|195|192|1|177|0|207|
100|195|208|1|177|0|207|
100|195|208|1|177|0|207|
100|192|176|1|177|0|207|
100|195|176|1|177|0|207|
100|195|192|1|177|0|207|
100|194|176|1|177|0|207|
100|195|192|1|177|0|207|
100|195|208|1|177|0|207|
100|195|208|1|177|0|207|
100|195|192|1|177|0|207|
100|195|192|1|177|0|207|
100|195|208|1|177|0|207|
100|194|192|1|177|0|207|
100|192|208|1|177|0|207|
100|195|192|1|177|0|207|
100|195|208|1|177|0|207|
100|195|192|1|177|0|207|
100|195|208|1|177|0|207|
100|195|208|1|177|0|207|
100|195|208|1|177|0|207|
100|195|192|1|177|0|207|
100|195|208|1|177|0|207|
100|195|208|1|177|0|207|
100|194|192|1|177|0|207|
100|195|208|1|177|0|207|
100|195|192|1|177|0|207|
100|192|208|1|177|0|207|
100|194|208|1|177|0|207|
100|195|192|1|177|0|207|
100|194|192|1|177|0|207|
100|195|176|1|177|0|207|
100|195|208|1|177|0|207|
100|192|192|1|177|0|207|
100|192|208|1|177|0|207|
100|195|192|1|177|0|207|
100|195|192|1|177|0|207|
100|195|176|1|177|0|207|
100|195|208|1|177|0|207|
100|195|192|1|177|0|207|
100|236|240|1|252|0|207|
100|195|176|1|177|0|207|
100|260|272|1|212|0|209|
100|195|176|1|177|0|207|
100|195|208|1|177|0|207|
100|192|208|1|177|0|207|
100|195|192|1|177|0|207|
100|272|272|1|177|0|207|
100|194|176|1|177|0|207|
100|259|256|1|211|0|209|
100|192|176|1|177|0|207|
100|195|208|1|177|0|207|
100|194|192|1|177|0|207|
100|261|272|1|211|0|209|
100|195|208|1|177|0|207|
100|195|192|1|177|0|207|
100|195|208|1|177|0|207|
100|194|176|1|177|0|207|
100|194|192|1|177|0|207|
100|192|192|1|177|0|207|
100|192|192|1|177|0|207|
100|195|176|1|177|0|207|
100|194|192|1|177|0|207|
100|195|208|1|177|0|207|
100|195|192|1|177|0|207|
100|195|192|1|177|0|207|
100|260|256|1|212|0|209|
100|195|192|1|177|0|207|
100|192|208|1|177|0|207|
100|195|192|1|177|0|207|
100|260|208|1|212|0|209|
100|380|368|2|266|0|209|
100|318|288|1|329|0|207|
100|258|224|1|453|0|207|
100|349|272|1|564|0|210|
100|195|160|1|177|0|207|
100|195|144|1|177|0|207|
100|195|208|1|177|0|207|
100|195|192|1|177|0|207|
100|195|192|1|177|0|207|
100|194|208|1|177|0|207|
100|195|192|1|177|0|207|
100|195|208|1|177|0|207|
100|195|192|1|177|0|207|
100|195|192|1|177|0|207|
100|195|208|1|177|0|207|
100|195|192|1|177|0|207|
100|195|176|1|177|0|207|
100|195|192|1|177|0|207|
100|195|192|1|177|0|207|
100|195|192|1|177|0|207|
100|194|192|1|177|0|207|
100|195|208|1|177|0|207|
100|195|208|1|177|0|207|
100|195|208|1|177|0|207|
100|195|192|1|177|0|207|
100|195|192|1|177|0|207|
100|195|208|1|177|0|207|
100|195|176|1|177|0|207|
100|195|192|1|177|0|207|
100|195|192|1|177|0|207|
100|195|208|1|177|0|207|
100|195|192|1|177|0|207|
100|195|208|1|177|0|207|
100|192|208|1|177|0|207|
100|195|176|1|177|0|207|
100|195|208|1|177|0|207|
100|195|192|1|177|0|207|
100|195|192|1|177|0|207|
100|195|176|1|177|0|207|
100|194|192|1|177|0|207|
100|195|192|1|177|0|207|
100|195|192|1|177|0|207|
100|195|192|1|177|0|207|
100|194|192|1|177|0|207|
100|195|192|1|177|0|207|
100|194|208|1|177|0|207|
100|195|192|1|177|0|207|
100|195|208|1|177|0|207|
100|195|176|1|177|0|207|
100|195|192|1|177|0|207|
100|260|256|1|210|0|209|
100|195|192|1|177|0|207|
100|195|176|1|177|0|207|
100|192|192|1|177|0|207|
100|259|256|1|211|0|209|
100|195|208|1|177|0|207|
100|194|208|1|177|0|207|
100|195|208|1|177|0|207|
100|194|208|1|177|0|207|
100|195|208|1|177|0|207|
100|195|176|1|177|0|207|
100|195|192|1|177|0|207|
100|194|208|1|177|0|207|
100|259|256|1|211|0|209|
100|195|208|1|177|0|207|
100|195|208|1|177|0|207|
100|195|192|1|177|0|207|
100|194|208|1|177|0|207|
100|194|192|1|177|0|207|
100|195|208|1|177|0|207|
100|195|192|1|177|0|207|
100|195|192|1|177|0|207|
100|195|208|1|177|0|207|
100|195|208|1|177|0|207|
100|195|176|1|177|0|207|
100|195|208|1|177|0|207|
100|195|176|1|177|0|207|
100|195|208|1|177|0|207|
100|195|192|1|177|0|207|
100|194|176|1|177|0|207|
100|194|192|1|177|0|207|
100|192|192|1|177|0|207|
100|195|192|1|177|0|207|
100|195|208|1|177|0|207|
100|195|208|1|177|0|207|
100|195|192|1|177|0|207|
100|195|208|1|177|0|207|
100|195|208|1|177|0|207|
100|195|208|1|177|0|207|
100|195|176|1|177|0|207|
100|195|208|1|177|0|207|
100|195|192|1|177|0|207|
100|194|208|1|177|0|207|
100|195|192|1|177|0|207|
100|195|192|1|177|0|207|
100|195|208|1|177|0|207|
100|195|192|1|177|0|207|
100|195|176|1|177|0|207|
100|192|176|1|177|0|207|
100|261|272|1|211|0|209|
100|195|176|1|177|0|207|
100|195|208|1|177|0|207|
100|192|176|1|177|0|207|
100|195|208|1|177|0|207|
100|589|592|1|177|0|207|
100|194|192|1|177|0|207|
100|195|192|1|177|0|207|
100|192|192|1|177|0|207|
100|195|192|1|177|0|207|
100|195|192|1|177|0|207|
100|194|192|1|177|0|207|
100|194|192|1|177|0|207|
100|195|208|1|177|0|207|
100|195|208|1|177|0|207|
100|192|176|1|177|0|207|
100|194|192|1|177|0|207|
100|195|192|1|177|0|207|
100|193|192|1|177|0|207|
100|259|240|1|211|0|209|
100|195|176|1|177|0|207|
100|195|192|1|177|0|207|
100|195|192|1|177|0|207|
100|192|192|1|177|0|207|
100|192|192|1|177|0|207|
100|194|192|1|177|0|207|
100|194|192|1|177|0|207|
100|194|192|1|177|0|207|
100|194|176|1|177|0|207|
100|194|176|1|177|0|207|
100|192|176|1|177|0|207|
100|192|192|1|177|0|207|
100|195|208|1|177|0|207|
100|192|192|1|177|0|207|
100|195|192|1|177|0|207|
100|195|208|1|177|0|207|
100|195|208|1|177|0|207|
100|192|192|1|177|0|207|
100|195|192|1|177|0|207|
100|192|176|1|177|0|207|
100|195|176|1|177|0|207|
100|195|208|1|177|0|207|
100|194|176|1|177|0|207|
100|194|176|1|177|0|207|
100|265|272|1|405|0|208|
100|194|192|1|177|0|207|
100|195|208|1|177|0|207|
100|195|192|1|177|0|207|
100|278|288|1|177|0|207|
100|195|192|1|177|0|207|
100|195|208|1|177|0|207|
100|195|208|1|177|0|207|
100|194|192|1|177|0|207|
100|195|176|1|177|0|207|
100|195|192|1|177|0|207|
100|195|208|1|177|0|207|
100|194|192|1|177|0|207|
100|192|192|1|177|0|207|
100|195|208|1|177|0|207|
100|192|176|1|177|0|207|
100|194|176|1|177|0|207|
100|192|208|1|177|0|207|
100|195|192|1|177|0|207|
100|195|208|1|177|0|207|
100|195|208|1|177|0|207|
100|192|176|1|177|0|207|
100|260|240|1|212|0|209|
100|195|176|1|177|0|207|
100|192|208|1|177|0|207|
100|324|272|1|347|0|209|
100|259|224|1|211|0|209|
100|317|288|1|259|0|206|
100|257|224|1|212|0|209|
100|334|240|1|192|0|207|
100|216|176|1|232|0|207|
100|409|304|2|266|0|209|
100|303|208|1|406|0|209|
100|425|272|2|266|0|209|
100|277|176|1|229|0|209|
100|195|128|1|177|0|207|
100|195|128|1|177|0|207|
100|194|176|1|177|0|207|
100|194|144|1|177|0|207|
100|192|176|1|177|0|207|
100|195|176|1|177|0|207|
100|195|208|1|177|0|207|
100|192|176|1|177|0|207|
100|192|192|1|177|0|207|
100|195|192|1|177|0|207|
100|195|192|1|177|0|207|
100|195|208|1|177|0|207|
100|195|192|1|177|0|207|
100|195|192|1|177|0|207|
100|192|208|1|177|0|207|
100|195|208|1|177|0|207|
100|237|224|1|308|0|207|
100|195|208|1|177|0|207|
100|192|192|1|177|0|207|
100|195|208|1|177|0|207|
100|195|208|1|177|0|207|
100|194|192|1|177|0|207|
100|194|208|1|177|0|207|
100|195|192|1|177|0|207|
100|195|208|1|177|0|207|
100|195|176|1|177|0|207|
100|195|176|1|177|0|207|
100|194|192|1|177|0|207|
100|194|192|1|177|0|207|
100|194|176|1|177|0|207|
100|195|192|1|177|0|207|
100|195|208|1|177|0|207|
100|192|192|1|177|0|207|
100|194|208|1|177|0|207|
100|194|192|1|177|0|207|
100|195|208|1|177|0|207|
100|195|208|1|177|0|207|
100|195|208|1|177|0|207|
100|195|192|1|177|0|207|
100|195|176|1|177|0|207|
100|195|176|1|177|0|207|
100|192|192|1|177|0|207|
100|195|208|1|177|0|207|
100|195|192|1|177|0|207|
100|195|208|1|177|0|207|
100|195|176|1|177|0|207|
100|195|208|1|177|0|207|
100|195|192|1|177|0|207|
100|195|192|1|177|0|207|
100|195|208|1|177|0|207|
100|194|208|1|177|0|207|
100|195|176|1|177|0|207|
100|195|192|1|177|0|207|
100|195|176|1|177|0|207|
100|195|192|1|177|0|207|
100|192|192|1|177|0|207|
100|195|208|1|177|0|207|
100|195|192|1|177|0|207|
100|194|192|1|177|0|207|
100|194|192|1|177|0|207|
100|195|192|1|177|0|207|
100|195|176|1|177|0|207|
100|195|208|1|177|0|207|
100|195|192|1|177|0|207|
100|194|192|1|177|0|207|
100|261|272|1|211|0|209|
100|195|192|1|177|0|207|
100|195|208|1|177|0|207|
100|195|176|1|177|0|207|
100|259|240|1|211|0|209|
100|194|208|1|177|0|207|
100|195|176|1|177|0|207|
100|192|176|1|177|0|207|
100|195|192|1|177|0|207|
100|192|208|1|177|0|207|
100|195|208|1|177|0|207|
100|195|192|1|177|0|207|
100|195|208|1|177|0|207|
100|195|192|1|177|0|207|
100|192|208|1|177|0|207|
100|195|176|1|177|0|207|
100|195|192|1|177|0|207|
100|195|192|1|177|0|207|
100|194|192|1|177|0|207|
100|195|192|1|177|0|207|
100|195|192|1|177|0|207|
100|195|192|1|177|0|207|
100|195|192|1|177|0|207|
100|194|192|1|177|0|207|
100|194|208|1|177|0|207|
100|195|192|1|177|0|207|
100|195|192|1|177|0|207|
100|195|208|1|177|0|207|
100|195|208|1|177|0|207|
100|194|208|1|177|0|207|
100|261|272|1|211|0|209|
100|195|208|1|177|0|207|
100|195|208|1|177|0|207|
100|195|192|1|177|0|207|
100|195|192|1|177|0|207|
100|194|208|1|177|0|207|
100|194|176|1|177|0|207|
100|195|192|1|177|0|207|
100|192|192|1|177|0|207|
100|257|256|1|212|0|209|
100|195|192|1|177|0|207|
100|195|176|1|177|0|207|
100|195|176|1|177|0|207|
100|195|176|1|177|0|207|
100|195|208|1|177|0|207|
100|195|208|1|177|0|207|
100|195|192|1|177|0|207|
100|195|208|1|177|0|207|
100|194|208|1|177|0|207|
100|195|208|1|177|0|207|
100|192|192|1|177|0|207|
100|195|192|1|177|0|207|
100|195|192|1|177|0|207|
100|195|208|1|177|0|207|
100|195|176|1|177|0|207|
100|376|368|2|266|0|209|
100|195|208|1|177|0|207|
100|195|192|1|177|0|207|
100|194|176|1|177|0|207|
100|194|208|1|177|0|207|
100|194|192|1|177|0|207|
100|192|192|1|177|0|207|
100|192|176|1|177|0|207|
100|192|192|1|177|0|207|
100|192|192|1|177|0|207|
100|195|176|1|177|0|207|
100|238|240|1|269|0|202|
100|375|368|2|266|0|209|
100|195|192|1|177|0|207|
100|195|192|1|177|0|207|
100|195|176|1|177|0|207|
100|195|192|1|177|0|207|
100|195|208|1|177|0|207|
100|194|192|1|177|0|207|
100|195|176|1|177|0|207|
100|195|192|1|177|0|207|
100|195|208|1|177|0|207|
100|195|176|1|177|0|207|
100|195|208|1|177|0|207|
100|192|192|1|177|0|207|
100|195|192|1|177|0|207|
100|195|192|1|177|0|207|
100|195|192|1|177|0|207|
100|195|192|1|177|0|207|
100|195|192|1|177|0|207|
100|296|288|1|564|0|207|
100|195|192|1|177|0|207|
100|195|208|1|177|0|207|
100|195|176|1|177|0|207|
100|194|192|1|177|0|207|
100|192|176|1|177|0|207|
100|195|192|1|177|0|207|
100|259|256|1|211|0|209|
100|195|208|1|177|0|207|
100|194|208|1|177|0|207|
