INSTRUCTIONS_RETIRED|CYCLES|UNKNOWN|LD_BLOCKS.STORE_FORWARD|UOPS_EXECUTED.CORE|BR_MISP_RETIRED.ALL_BRANCHES|UOPS_RETIRED.ANY|
54|151|96|1|131|0|161|
54|151|160|1|131|0|161|
54|151|160|1|131|0|161|
54|151|160|1|131|0|161|
54|150|160|1|131|0|161|
54|150|160|1|131|0|161|
54|213|224|2|171|0|163|
54|151|160|1|131|0|161|
54|151|160|1|131|0|161|
54|151|144|1|131|0|161|
54|151|160|1|131|0|161|
54|149|144|1|131|0|161|
54|149|160|1|131|0|161|
54|151|160|1|131|0|161|
54|151|160|1|131|0|161|
54|151|160|1|131|0|161|
54|274|256|1|680|0|162|
54|172|144|1|168|0|161|
54|171|160|1|176|0|161|
54|152|128|1|131|0|161|
54|151|160|1|131|0|161|
54|149|160|1|131|0|161|
54|149|128|1|131|0|161|
54|149|160|1|131|0|161|
54|149|160|1|131|0|161|
54|149|144|1|131|0|161|
54|151|160|1|131|0|161|
54|152|128|1|131|0|161|
54|149|144|1|131|0|161|
54|151|144|1|131|0|161|
54|149|128|1|131|0|161|
54|151|160|1|131|0|161|
54|150|160|1|131|0|161|
54|150|144|1|131|0|161|
54|152|160|1|131|0|161|
54|152|160|1|131|0|161|
54|152|144|1|131|0|161|
54|149|160|1|131|0|161|
54|150|144|1|131|0|161|
54|150|144|1|131|0|161|
54|149|128|1|131|0|161|
54|149|160|1|131|0|161|
54|152|160|1|131|0|161|
54|151|144|1|131|0|161|
54|150|144|1|131|0|161|
54|150|144|1|131|0|161|
54|150|144|1|131|0|161|
54|151|144|1|131|0|161|
54|149|160|1|131|0|161|
54|149|144|1|131|0|161|
54|151|160|1|131|0|161|
54|150|160|1|131|0|161|
54|149|144|1|131|0|161|
54|151|160|1|131|0|161|
54|151|144|1|131|0|161|
54|151|144|1|131|0|161|
54|152|128|1|131|0|161|
54|151|144|1|131|0|161|
54|150|160|1|131|0|161|
54|151|160|1|131|0|161|
54|151|160|1|131|0|161|
54|152|160|1|131|0|161|
54|162|160|1|131|0|161|
54|150|160|1|131|0|161|
54|150|160|1|131|0|161|
54|151|128|1|131|0|161|
54|151|144|1|131|0|161|
54|151|160|1|131|0|161|
54|151|160|1|131|0|161|
54|151|160|1|131|0|161|
54|214|224|2|169|0|163|
54|152|160|1|131|0|161|
54|152|160|1|131|0|161|
54|152|144|1|131|0|161|
54|151|160|1|131|0|161|
54|150|160|1|131|0|161|
54|150|144|1|131|0|161|
54|151|144|1|131|0|161|
54|152|144|1|131|0|161|
54|149|160|1|131|0|161|
54|152|144|1|131|0|161|
54|150|144|1|131|0|161|
54|151|160|1|131|0|161|
54|151|160|1|131|0|161|
54|151|160|1|131|0|161|
54|152|144|1|131|0|161|
54|151|160|1|131|0|161|
54|149|160|1|131|0|161|
54|150|160|1|131|0|161|
54|151|144|1|131|0|161|
54|151|160|1|131|0|161|
54|152|160|1|131|0|161|
54|213|224|2|171|0|163|
54|152|144|1|131|0|161|
54|149|144|1|131|0|161|
54|152|160|1|131|0|161|
54|151|160|1|131|0|161|
54|151|160|1|131|0|161|
54|151|160|1|131|0|161|
54|151|160|1|131|0|161|
54|149|144|1|131|0|161|
54|149|144|1|131|0|161|
54|151|160|1|131|0|161|
54|152|160|1|131|0|161|
54|151|144|1|131|0|161|
54|152|160|1|131|0|161|
54|151|160|1|131|0|161|
54|151|144|1|131|0|161|
54|152|144|1|131|0|161|
54|152|144|1|131|0|161|
54|152|160|1|131|0|161|
54|151|160|1|131|0|161|
54|152|160|1|131|0|161|
54|213|224|2|171|0|163|
54|149|160|1|131|0|161|
54|151|160|1|131|0|161|
54|151|128|1|131|0|161|
54|211|224|2|172|0|163|
54|150|160|1|131|0|161|
54|152|128|1|131|0|161|
54|151|160|1|131|0|161|
54|166|160|1|131|0|161|
54|151|128|1|131|0|161|
54|149|144|1|131|0|161|
54|150|144|1|131|0|161|
54|149|144|1|131|0|161|
54|150|160|1|131|0|161|
54|149|144|1|131|0|161|
54|151|144|1|131|0|161|
54|152|160|1|131|0|161|
54|149|144|1|131|0|161|
54|213|224|2|171|0|163|
54|151|160|1|131|0|161|
54|149|144|1|131|0|161|
54|151|128|1|131|0|161|
54|151|160|1|131|0|161|
54|149|160|1|131|0|161|
54|149|160|1|131|0|161|
54|149|160|1|131|0|161|
54|149|144|1|131|0|161|
54|214|208|2|172|0|163|
54|161|144|1|131|0|161|
54|151|160|1|131|0|161|
54|150|144|1|131|0|161|
54|333|320|2|174|0|163|
54|151|128|1|131|0|161|
54|151|160|1|131|0|161|
54|151|160|1|131|0|161|
54|149|144|1|131|0|161|
54|150|128|1|131|0|161|
54|151|160|1|131|0|161|
54|152|160|1|131|0|161|
54|152|160|1|131|0|161|
54|151|128|1|131|0|161|
54|150|128|1|131|0|161|
54|149|144|1|131|0|161|
54|151|160|1|131|0|161|
54|214|192|2|172|0|163|
54|149|160|1|131|0|161|
54|151|160|1|131|0|161|
54|149|160|1|131|0|161|
54|150|160|1|131|0|161|
54|151|160|1|131|0|161|
54|151|160|1|131|0|161|
54|149|160|1|131|0|161|
54|151|160|1|131|0|161|
54|150|144|1|131|0|161|
54|149|144|1|131|0|161|
54|151|144|1|131|0|161|
54|149|128|1|131|0|161|
54|151|144|1|131|0|161|
54|149|144|1|131|0|161|
54|152|144|1|131|0|161|
54|149|144|1|131|0|161|
54|149|160|1|131|0|161|
54|151|128|1|131|0|161|
54|149|144|1|131|0|161|
54|149|160|1|131|0|161|
54|152|144|1|131|0|161|
54|213|192|2|171|0|163|
54|152|144|1|131|0|161|
54|149|160|1|131|0|161|
54|151|160|1|131|0|161|
54|149|144|1|131|0|161|
54|149|160|1|131|0|161|
54|150|160|1|131|0|161|
54|152|128|1|131|0|161|
54|151|160|1|131|0|161|
54|213|208|2|171|0|163|
54|151|160|1|131|0|161|
54|151|144|1|131|0|161|
54|149|160|1|131|0|161|
54|152|144|1|131|0|161|
54|151|160|1|131|0|161|
54|149|144|1|131|0|161|
54|160|160|1|131|0|161|
54|149|160|1|131|0|161|
54|213|224|2|171|0|163|
54|152|144|1|131|0|161|
54|152|144|1|131|0|161|
54|151|144|1|131|0|161|
54|149|144|1|131|0|161|
54|151|160|1|131|0|161|
54|152|144|1|131|0|161|
54|151|128|1|131|0|161|
54|152|144|1|131|0|161|
54|152|160|1|131|0|161|
54|150|160|1|131|0|161|
54|150|160|1|131|0|161|
54|149|144|1|131|0|161|
54|306|304|1|131|0|161|
54|151|160|1|131|0|161|
54|152|144|1|131|0|161|
54|214|224|2|172|0|163|
54|152|160|1|131|0|161|
54|149|144|1|131|0|161|
54|151|128|1|131|0|161|
54|151|160|1|131|0|161|
54|151|160|1|131|0|161|
54|151|144|1|131|0|161|
54|151|160|1|131|0|161|
54|150|160|1|131|0|161|
54|151|160|1|131|0|161|
54|151|160|1|131|0|161|
54|152|144|1|131|0|161|
54|150|144|1|131|0|161|
54|150|128|1|131|0|161|
54|215|224|2|171|0|163|
54|149|160|1|131|0|161|
54|151|160|1|131|0|161|
54|149|160|1|131|0|161|
54|150|144|1|131|0|161|
54|149|160|1|131|0|161|
54|150|144|1|131|0|161|
54|152|160|1|131|0|161|
54|151|144|1|131|0|161|
54|151|128|1|131|0|161|
54|213|208|2|171|0|163|
54|151|128|1|131|0|161|
54|150|160|1|131|0|161|
54|149|160|1|131|0|161|
54|149|144|1|131|0|161|
54|151|128|1|131|0|161|
54|151|160|1|131|0|161|
54|150|160|1|131|0|161|
54|150|160|1|131|0|161|
54|151|144|1|131|0|161|
54|151|144|1|131|0|161|
54|213|208|2|171|0|163|
54|152|160|1|131|0|161|
54|151|160|1|131|0|161|
54|149|128|1|131|0|161|
54|152|144|1|131|0|161|
54|151|160|1|131|0|161|
54|149|144|1|131|0|161|
54|151|160|1|131|0|161|
54|152|160|1|131|0|161|
54|149|160|1|131|0|161|
54|152|144|1|131|0|161|
54|166|160|1|131|0|161|
54|152|128|1|131|0|161|
54|151|144|1|131|0|161|
54|151|144|1|131|0|161|
54|150|160|1|131|0|161|
54|151|128|1|131|0|161|
54|151|128|1|131|0|161|
54|151|160|1|131|0|161|
54|214|224|2|169|0|163|
54|150|144|1|131|0|161|
54|149|160|1|131|0|161|
54|162|176|1|131|0|161|
54|152|144|1|131|0|161|
54|151|144|1|131|0|161|
54|151|160|1|131|0|161|
54|152|160|1|131|0|161|
54|152|160|1|131|0|161|
54|149|160|1|131|0|161|
54|151|144|1|131|0|161|
54|151|160|1|131|0|161|
54|150|144|1|131|0|161|
54|150|128|1|131|0|161|
54|152|144|1|131|0|161|
54|151|128|1|131|0|161|
54|151|144|1|131|0|161|
54|151|144|1|131|0|161|
54|152|160|1|131|0|161|
54|150|144|1|131|0|161|
54|149|160|1|131|0|161|
54|151|160|1|131|0|161|
54|149|144|1|131|0|161|
54|152|160|1|131|0|161|
54|152|144|1|131|0|161|
54|215|208|2|171|0|163|
54|151|144|1|131|0|161|
54|151|144|1|131|0|161|
54|151|160|1|131|0|161|
54|211|208|2|172|0|163|
54|151|144|1|131|0|161|
54|150|160|1|131|0|161|
54|149|128|1|131|0|161|
54|149|144|1|131|0|161|
54|152|160|1|131|0|161|
54|151|160|1|131|0|161|
54|151|160|1|131|0|161|
54|152|128|1|131|0|161|
54|150|144|1|131|0|161|
54|151|160|1|131|0|161|
54|152|160|1|131|0|161|
54|152|160|1|131|0|161|
54|151|160|1|131|0|161|
54|150|160|1|131|0|161|
54|151|160|1|131|0|161|
54|152|144|1|131|0|161|
54|161|144|1|131|0|161|
54|149|128|1|131|0|161|
54|151|160|1|131|0|161|
54|151|144|1|131|0|161|
54|150|160|1|131|0|161|
54|152|160|1|131|0|161|
54|151|160|1|131|0|161|
54|151|160|1|131|0|161|
54|152|160|1|131|0|161|
54|151|144|1|131|0|161|
54|149|160|1|131|0|161|
54|151|144|1|131|0|161|
54|152|160|1|131|0|161|
54|149|144|1|131|0|161|
54|151|160|1|131|0|161|
54|151|144|1|131|0|161|
54|150|144|1|131|0|161|
54|151|160|1|131|0|161|
54|149|144|1|131|0|161|
54|151|144|1|131|0|161|
54|163|144|1|131|0|161|
54|214|208|2|172|0|163|
54|150|160|1|131|0|161|
54|151|128|1|131|0|161|
54|151|144|1|131|0|161|
54|152|144|1|131|0|161|
54|151|160|1|131|0|161|
54|149|160|1|131|0|161|
54|150|160|1|131|0|161|
54|214|224|2|169|0|163|
54|152|144|1|131|0|161|
54|151|144|1|131|0|161|
54|152|160|1|131|0|161|
54|151|128|1|131|0|161|
54|151|160|1|131|0|161|
54|150|144|1|131|0|161|
54|151|144|1|131|0|161|
54|151|160|1|131|0|161|
54|151|160|1|131|0|161|
54|151|144|1|131|0|161|
54|150|160|1|131|0|161|
54|149|160|1|131|0|161|
54|152|160|1|131|0|161|
54|152|144|1|131|0|161|
54|151|144|1|131|0|161|
54|151|144|1|131|0|161|
54|150|144|1|131|0|161|
54|150|160|1|131|0|161|
54|151|160|1|131|0|161|
54|153|160|1|131|0|161|
54|151|160|1|131|0|161|
54|149|160|1|131|0|161|
54|151|144|1|131|0|161|
54|150|144|1|131|0|161|
54|151|144|1|131|0|161|
54|151|160|1|131|0|161|
54|151|160|1|131|0|161|
54|152|160|1|131|0|161|
54|151|144|1|131|0|161|
54|150|160|1|131|0|161|
54|151|160|1|131|0|161|
54|151|128|1|131|0|161|
54|151|144|1|131|0|161|
54|149|128|1|131|0|161|
54|152|160|1|131|0|161|
54|150|160|1|131|0|161|
54|151|160|1|131|0|161|
54|149|160|1|131|0|161|
54|152|160|1|131|0|161|
54|151|160|1|131|0|161|
54|149|160|1|131|0|161|
54|152|128|1|131|0|161|
54|150|160|1|131|0|161|
54|151|144|1|131|0|161|
54|149|144|1|131|0|161|
54|151|128|1|131|0|161|
54|149|128|1|131|0|161|
54|150|144|1|131|0|161|
54|149|160|1|131|0|161|
54|149|160|1|131|0|161|
54|152|160|1|131|0|161|
54|151|160|1|131|0|161|
54|213|224|2|171|0|163|
54|151|160|1|131|0|161|
54|149|144|1|131|0|161|
54|149|160|1|131|0|161|
54|213|224|2|171|0|163|
54|152|144|1|131|0|161|
54|151|160|1|131|0|161|
54|151|144|1|131|0|161|
54|151|144|1|131|0|161|
54|214|208|2|169|0|163|
54|149|128|1|131|0|161|
54|151|160|1|131|0|161|
54|151|160|1|131|0|161|
54|149|144|1|131|0|161|
54|149|128|1|131|0|161|
54|151|128|1|131|0|161|
54|152|160|1|131|0|161|
54|160|160|1|131|0|161|
54|151|160|1|131|0|161|
54|149|160|1|131|0|161|
54|149|160|1|131|0|161|
54|150|160|1|131|0|161|
54|151|144|1|131|0|161|
54|151|160|1|131|0|161|
54|151|144|1|131|0|161|
54|152|144|1|131|0|161|
54|151|144|1|131|0|161|
54|214|224|2|169|0|163|
54|152|144|1|131|0|161|
54|151|144|1|131|0|161|
54|151|144|1|131|0|161|
54|152|160|1|131|0|161|
54|150|144|1|131|0|161|
54|150|144|1|131|0|161|
54|214|192|2|169|0|163|
54|213|208|2|171|0|163|
54|160|176|1|131|0|161|
54|149|144|1|131|0|161|
54|150|160|1|131|0|161|
54|149|160|1|131|0|161|
54|149|160|1|131|0|161|
54|151|128|1|131|0|161|
54|151|160|1|131|0|161|
54|151|160|1|131|0|161|
54|149|144|1|131|0|161|
54|150|144|1|131|0|161|
54|151|128|1|131|0|161|
54|151|160|1|131|0|161|
54|152|160|1|131|0|161|
54|149|160|1|131|0|161|
54|149|160|1|131|0|161|
54|149|128|1|131|0|161|
54|151|160|1|131|0|161|
54|151|144|1|131|0|161|
54|151|144|1|131|0|161|
54|151|160|1|131|0|161|
54|151|144|1|131|0|161|
54|215|224|2|171|0|163|
54|152|160|1|131|0|161|
54|151|128|1|131|0|161|
54|151|160|1|131|0|161|
54|152|160|1|131|0|161|
54|151|160|1|131|0|161|
54|150|160|1|131|0|161|
54|151|144|1|131|0|161|
54|151|160|1|131|0|161|
54|151|144|1|131|0|161|
54|152|160|1|131|0|161|
54|151|144|1|131|0|161|
54|150|144|1|131|0|161|
54|152|144|1|131|0|161|
54|151|128|1|131|0|161|
54|149|160|1|131|0|161|
54|151|144|1|131|0|161|
54|215|208|2|171|0|163|
54|150|144|1|131|0|161|
54|215|224|2|171|0|163|
54|152|160|1|131|0|161|
54|151|128|1|131|0|161|
54|151|160|1|131|0|161|
54|152|160|1|131|0|161|
54|150|160|1|131|0|161|
54|152|160|1|131|0|161|
54|151|160|1|131|0|161|
54|149|144|1|131|0|161|
54|151|144|1|131|0|161|
54|149|160|1|131|0|161|
54|150|160|1|131|0|161|
54|150|144|1|131|0|161|
54|149|144|1|131|0|161|
54|151|160|1|131|0|161|
54|166|144|1|131|0|161|
54|152|144|1|131|0|161|
54|150|128|1|131|0|161|
54|149|160|1|131|0|161|
54|151|144|1|131|0|161|
54|151|160|1|131|0|161|
54|149|160|1|131|0|161|
54|284|288|1|282|0|161|
54|213|176|2|171|0|163|
54|149|112|1|131|0|161|
54|152|160|1|131|0|161|
54|151|144|1|131|0|161|
54|151|160|1|131|0|161|
54|151|160|1|131|0|161|
54|150|128|1|131|0|161|
54|149|144|1|131|0|161|
54|151|160|1|131|0|161|
54|152|160|1|131|0|161|
54|152|160|1|131|0|161|
54|152|160|1|131|0|161|
54|151|128|1|131|0|161|
54|215|224|2|171|0|163|
54|151|160|1|131|0|161|
54|151|144|1|131|0|161|
54|152|160|1|131|0|161|
54|152|144|1|131|0|161|
54|214|224|2|169|0|163|
54|150|160|1|131|0|161|
54|149|144|1|131|0|161|
54|151|144|1|131|0|161|
54|151|160|1|131|0|161|
54|152|160|1|131|0|161|
54|150|160|1|131|0|161|
54|150|160|1|131|0|161|
54|150|160|1|131|0|161|
54|152|160|1|131|0|161|
54|149|160|1|131|0|161|
54|152|160|1|131|0|161|
54|151|160|1|131|0|161|
54|173|176|1|131|0|161|
54|151|160|1|131|0|161|
54|151|160|1|131|0|161|
54|149|160|1|131|0|161|
54|150|160|1|131|0|161|
54|150|160|1|131|0|161|
54|149|160|1|131|0|161|
54|151|160|1|131|0|161|
54|214|208|2|172|0|163|
54|152|160|1|131|0|161|
54|151|160|1|131|0|161|
54|151|160|1|131|0|161|
54|150|144|1|131|0|161|
54|151|160|1|131|0|161|
54|152|160|1|131|0|161|
54|151|160|1|131|0|161|
54|213|224|2|171|0|163|
54|152|160|1|131|0|161|
54|150|160|1|131|0|161|
54|151|160|1|131|0|161|
54|149|160|1|131|0|161|
54|152|144|1|131|0|161|
54|151|160|1|131|0|161|
54|149|160|1|131|0|161|
54|150|144|1|131|0|161|
54|150|144|1|131|0|161|
54|151|160|1|131|0|161|
54|151|160|1|131|0|161|
54|152|160|1|131|0|161|
54|151|160|1|131|0|161|
54|149|160|1|131|0|161|
54|149|144|1|131|0|161|
54|152|160|1|131|0|161|
54|152|160|1|131|0|161|
54|151|160|1|131|0|161|
54|151|144|1|131|0|161|
54|149|128|1|131|0|161|
54|150|160|1|131|0|161|
54|151|160|1|131|0|161|
54|151|160|1|131|0|161|
54|151|160|1|131|0|161|
54|152|160|1|131|0|161|
54|150|128|1|131|0|161|
54|150|128|1|131|0|161|
54|149|160|1|131|0|161|
54|151|160|1|131|0|161|
54|151|160|1|131|0|161|
54|151|144|1|131|0|161|
54|151|144|1|131|0|161|
54|150|160|1|131|0|161|
54|151|160|1|131|0|161|
54|151|160|1|131|0|161|
54|151|144|1|131|0|161|
54|151|160|1|131|0|161|
54|152|160|1|131|0|161|
54|150|160|1|131|0|161|
54|151|144|1|131|0|161|
54|151|160|1|131|0|161|
54|151|160|1|131|0|161|
54|151|144|1|131|0|161|
54|214|208|2|169|0|163|
54|159|176|1|131|0|161|
54|152|144|1|131|0|161|
54|152|144|1|131|0|161|
54|149|160|1|131|0|161|
54|151|144|1|131|0|161|
54|150|160|1|131|0|161|
54|152|128|1|131|0|161|
54|151|144|1|131|0|161|
54|151|144|1|131|0|161|
54|152|160|1|131|0|161|
54|150|160|1|131|0|161|
54|150|160|1|131|0|161|
54|213|192|2|171|0|163|
54|152|160|1|131|0|161|
54|151|160|1|131|0|161|
54|152|160|1|131|0|161|
54|149|144|1|131|0|161|
54|149|160|1|131|0|161|
54|275|272|1|131|0|161|
54|151|160|1|131|0|161|
54|152|160|1|131|0|161|
54|213|224|2|171|0|163|
54|151|160|1|131|0|161|
54|151|144|1|131|0|161|
54|152|160|1|131|0|161|
54|149|160|1|131|0|161|
54|151|144|1|131|0|161|
54|151|160|1|131|0|161|
54|152|144|1|131|0|161|
54|150|144|1|131|0|161|
54|304|240|1|131|0|161|
54|150|128|1|131|0|161|
54|277|256|1|131|0|161|
54|149|144|1|131|0|161|
54|149|144|1|131|0|161|
54|152|144|1|131|0|161|
54|149|160|1|131|0|161|
54|215|208|2|171|0|163|
54|150|144|1|131|0|161|
54|149|144|1|131|0|161|
54|151|160|1|131|0|161|
54|149|160|1|131|0|161|
54|151|160|1|131|0|161|
54|151|160|1|131|0|161|
54|149|128|1|131|0|161|
54|152|144|1|131|0|161|
54|151|160|1|131|0|161|
54|151|144|1|131|0|161|
54|162|160|1|215|0|161|
54|192|192|1|304|0|163|
54|213|224|2|171|0|163|
54|188|176|1|265|0|161|
54|152|160|1|131|0|161|
54|151|144|1|131|0|161|
54|151|144|1|131|0|161|
54|276|272|1|131|0|161|
54|152|160|1|131|0|161|
54|152|160|1|131|0|161|
54|150|160|1|131|0|161|
54|151|144|1|131|0|161|
54|151|144|1|131|0|161|
54|179|192|1|253|0|160|
54|194|192|1|311|0|163|
54|165|160|1|194|0|161|
54|184|176|1|253|0|161|
54|295|256|1|199|0|161|
54|214|176|2|172|0|163|
54|214|192|2|172|0|163|
54|152|144|1|131|0|161|
54|152|160|1|131|0|161|
54|151|160|1|131|0|161|
54|151|144|1|131|0|161|
54|152|160|1|131|0|161|
54|150|144|1|131|0|161|
54|151|160|1|131|0|161|
54|151|128|1|131|0|161|
54|149|144|1|131|0|161|
54|152|144|1|131|0|161|
54|151|144|1|131|0|161|
54|150|160|1|131|0|161|
54|151|128|1|131|0|161|
54|211|208|2|172|0|163|
54|151|160|1|131|0|161|
54|151|160|1|131|0|161|
54|152|144|1|131|0|161|
54|150|160|1|131|0|161|
54|151|160|1|131|0|161|
54|151|144|1|131|0|161|
54|149|160|1|131|0|161|
54|149|160|1|131|0|161|
54|150|160|1|131|0|161|
54|150|160|1|131|0|161|
54|151|128|1|131|0|161|
54|152|160|1|131|0|161|
54|152|144|1|131|0|161|
54|149|160|1|131|0|161|
54|151|160|1|131|0|161|
54|151|160|1|131|0|161|
54|149|160|1|131|0|161|
54|151|160|1|131|0|161|
54|151|160|1|131|0|161|
54|151|128|1|131|0|161|
54|150|128|1|131|0|161|
54|150|128|1|131|0|161|
54|149|160|1|131|0|161|
54|151|160|1|131|0|161|
54|151|160|1|131|0|161|
54|152|160|1|131|0|161|
54|151|160|1|131|0|161|
54|150|144|1|131|0|161|
54|149|160|1|131|0|161|
54|152|144|1|131|0|161|
54|152|160|1|131|0|161|
54|149|144|1|131|0|161|
54|151|144|1|131|0|161|
54|151|160|1|131|0|161|
54|151|128|1|131|0|161|
54|151|160|1|131|0|161|
54|149|128|1|131|0|161|
54|151|160|1|131|0|161|
54|151|144|1|131|0|161|
54|150|144|1|131|0|161|
54|150|128|1|131|0|161|
54|152|128|1|131|0|161|
54|213|208|2|171|0|163|
54|151|160|1|131|0|161|
54|150|144|1|131|0|161|
54|150|144|1|131|0|161|
54|215|224|2|171|0|163|
54|151|160|1|131|0|161|
54|149|144|1|131|0|161|
54|151|144|1|131|0|161|
54|152|160|1|131|0|161|
54|149|160|1|131|0|161|
54|150|144|1|131|0|161|
54|151|160|1|131|0|161|
54|152|160|1|131|0|161|
54|151|160|1|131|0|161|
54|149|160|1|131|0|161|
54|152|160|1|131|0|161|
54|150|160|1|131|0|161|
54|151|160|1|131|0|161|
54|152|160|1|131|0|161|
54|149|144|1|131|0|161|
54|151|144|1|131|0|161|
54|150|160|1|131|0|161|
54|150|144|1|131|0|161|
54|149|144|1|131|0|161|
54|149|160|1|131|0|161|
54|151|160|1|131|0|161|
54|152|160|1|131|0|161|
54|150|144|1|131|0|161|
54|150|128|1|131|0|161|
54|151|160|1|131|0|161|
54|149|128|1|131|0|161|
54|151|160|1|131|0|161|
54|151|160|1|131|0|161|
54|150|144|1|131|0|161|
54|149|160|1|131|0|161|
54|151|160|1|131|0|161|
54|151|160|1|131|0|161|
54|151|144|1|131|0|161|
54|152|144|1|131|0|161|
54|151|144|1|131|0|161|
54|150|160|1|131|0|161|
54|149|144|1|131|0|161|
54|149|160|1|131|0|161|
54|152|160|1|131|0|161|
54|151|160|1|131|0|161|
54|151|160|1|131|0|161|
54|270|256|1|131|0|161|
54|151|160|1|131|0|161|
54|152|128|1|131|0|161|
54|151|160|1|131|0|161|
54|149|144|1|131|0|161|
54|215|224|2|171|0|163|
54|149|144|1|131|0|161|
54|150|160|1|131|0|161|
54|151|160|1|131|0|161|
54|214|224|2|172|0|163|
54|152|160|1|131|0|161|
54|152|160|1|131|0|161|
54|150|144|1|131|0|161|
54|151|144|1|131|0|161|
54|149|144|1|131|0|161|
54|152|144|1|131|0|161|
54|151|160|1|131|0|161|
54|152|160|1|131|0|161|
54|149|128|1|131|0|161|
54|150|144|1|131|0|161|
54|151|144|1|131|0|161|
54|151|160|1|131|0|161|
54|149|160|1|131|0|161|
54|151|160|1|131|0|161|
54|150|144|1|131|0|161|
54|215|208|2|171|0|163|
54|151|144|1|131|0|161|
54|151|160|1|131|0|161|
54|151|160|1|131|0|161|
54|151|144|1|131|0|161|
54|150|160|1|131|0|161|
54|215|224|2|171|0|163|
54|151|160|1|131|0|161|
54|152|160|1|131|0|161|
54|152|160|1|131|0|161|
54|152|144|1|131|0|161|
54|152|160|1|131|0|161|
54|152|128|1|131|0|161|
54|149|144|1|131|0|161|
54|152|128|1|131|0|161|
54|151|144|1|131|0|161|
54|152|160|1|131|0|161|
54|150|128|1|131|0|161|
54|150|144|1|131|0|161|
54|270|256|1|131|0|161|
54|151|160|1|131|0|161|
54|149|128|1|131|0|161|
54|151|160|1|131|0|161|
54|150|144|1|131|0|161|
54|214|208|2|169|0|163|
54|151|160|1|131|0|161|
54|149|144|1|131|0|161|
54|151|144|1|131|0|161|
54|151|144|1|131|0|161|
54|149|160|1|131|0|161|
54|150|128|1|131|0|161|
54|151|144|1|131|0|161|
54|151|144|1|131|0|161|
54|151|160|1|131|0|161|
54|151|144|1|131|0|161|
54|149|144|1|131|0|161|
54|150|144|1|131|0|161|
54|150|144|1|131|0|161|
54|151|144|1|131|0|161|
54|151|160|1|131|0|161|
54|149|144|1|131|0|161|
54|150|160|1|131|0|161|
54|149|160|1|131|0|161|
54|152|160|1|131|0|161|
54|151|160|1|131|0|161|
54|151|160|1|131|0|161|
54|151|128|1|131|0|161|
54|149|128|1|131|0|161|
54|150|128|1|131|0|161|
54|214|224|2|172|0|163|
54|152|144|1|131|0|161|
54|149|144|1|131|0|161|
54|151|144|1|131|0|161|
54|150|160|1|131|0|161|
54|150|144|1|131|0|161|
54|214|224|2|172|0|163|
54|151|160|1|131|0|161|
54|149|144|1|131|0|161|
54|152|144|1|131|0|161|
54|152|160|1|131|0|161|
54|150|160|1|131|0|161|
54|151|160|1|131|0|161|
54|149|160|1|131|0|161|
54|149|160|1|131|0|161|
54|152|160|1|131|0|161|
54|151|160|1|131|0|161|
54|150|144|1|131|0|161|
54|152|160|1|131|0|161|
54|151|144|1|131|0|161|
54|161|144|1|131|0|161|
54|151|144|1|131|0|161|
54|152|144|1|131|0|161|
54|151|144|1|131|0|161|
54|152|160|1|131|0|161|
54|151|160|1|131|0|161|
54|152|144|1|131|0|161|
54|152|160|1|131|0|161|
54|150|160|1|131|0|161|
54|215|192|2|171|0|163|
54|152|160|1|131|0|161|
54|151|144|1|131|0|161|
54|150|144|1|131|0|161|
54|151|160|1|131|0|161|
54|151|144|1|131|0|161|
54|150|128|1|131|0|161|
54|152|160|1|131|0|161|
54|152|160|1|131|0|161|
54|152|144|1|131|0|161|
54|213|224|2|171|0|163|
54|151|160|1|131|0|161|
54|149|144|1|131|0|161|
54|149|160|1|131|0|161|
54|152|128|1|131|0|161|
54|151|160|1|131|0|161|
54|149|128|1|131|0|161|
54|152|144|1|131|0|161|
54|151|160|1|131|0|161|
54|149|160|1|131|0|161|
54|151|144|1|131|0|161|
54|152|144|1|131|0|161|
54|151|144|1|131|0|161|
54|151|160|1|131|0|161|
54|150|144|1|131|0|161|
54|149|160|1|131|0|161|
54|151|160|1|131|0|161|
54|151|144|1|131|0|161|
54|151|160|1|131|0|161|
54|150|160|1|131|0|161|
54|151|144|1|131|0|161|
54|152|128|1|131|0|161|
54|151|144|1|131|0|161|
54|151|128|1|131|0|161|
54|151|160|1|131|0|161|
54|150|160|1|131|0|161|
54|151|160|1|131|0|161|
54|214|224|2|172|0|163|
54|149|160|1|131|0|161|
54|152|128|1|131|0|161|
54|150|160|1|131|0|161|
54|150|160|1|131|0|161|
54|152|128|1|131|0|161|
54|151|160|1|131|0|161|
54|149|160|1|131|0|161|
54|152|144|1|131|0|161|
54|149|144|1|131|0|161|
54|150|160|1|131|0|161|
54|151|160|1|131|0|161|
54|151|144|1|131|0|161|
54|151|144|1|131|0|161|
54|152|160|1|131|0|161|
54|151|160|1|131|0|161|
54|149|128|1|131|0|161|
54|152|144|1|131|0|161|
54|151|160|1|131|0|161|
54|149|144|1|131|0|161|
54|149|160|1|131|0|161|
54|151|128|1|131|0|161|
54|149|144|1|131|0|161|
54|152|160|1|131|0|161|
54|152|160|1|131|0|161|
54|151|144|1|131|0|161|
54|151|144|1|131|0|161|
54|150|160|1|131|0|161|
54|150|144|1|131|0|161|
54|152|144|1|131|0|161|
54|151|160|1|131|0|161|
54|151|144|1|131|0|161|
54|152|160|1|131|0|161|
54|151|160|1|131|0|161|
54|150|160|1|131|0|161|
54|151|160|1|131|0|161|
54|149|144|1|131|0|161|
54|151|144|1|131|0|161|
54|152|160|1|131|0|161|
54|150|128|1|131|0|161|
54|150|160|1|131|0|161|
54|151|144|1|131|0|161|
54|151|160|1|131|0|161|
54|152|160|1|131|0|161|
54|151|160|1|131|0|161|
54|151|144|1|131|0|161|
54|150|160|1|131|0|161|
54|151|128|1|131|0|161|
54|151|160|1|131|0|161|
54|151|160|1|131|0|161|
54|149|144|1|131|0|161|
54|150|144|1|131|0|161|
54|149|160|1|131|0|161|
54|151|160|1|131|0|161|
54|151|160|1|131|0|161|
54|151|160|1|131|0|161|
54|152|160|1|131|0|161|
54|152|160|1|131|0|161|
54|152|144|1|131|0|161|
54|151|144|1|131|0|161|
54|166|144|1|131|0|161|
54|152|144|1|131|0|161|
54|152|160|1|131|0|161|
54|151|160|1|131|0|161|
54|149|144|1|131|0|161|
54|151|160|1|131|0|161|
54|152|144|1|131|0|161|
54|152|128|1|131|0|161|
54|214|208|2|172|0|163|
54|150|144|1|131|0|161|
54|276|256|1|131|0|161|
54|151|144|1|131|0|161|
54|161|160|1|131|0|161|
54|151|128|1|131|0|161|
54|152|128|1|131|0|161|
54|150|144|1|131|0|161|
54|215|208|2|171|0|163|
54|151|160|1|131|0|161|
54|151|160|1|131|0|161|
54|151|160|1|131|0|161|
54|151|160|1|131|0|161|
54|150|160|1|131|0|161|
54|149|144|1|131|0|161|
54|149|144|1|131|0|161|
54|152|144|1|131|0|161|
54|151|128|1|131|0|161|
54|151|160|1|131|0|161|
54|151|144|1|131|0|161|
54|151|144|1|131|0|161|
54|214|224|2|169|0|163|
54|151|160|1|131|0|161|
54|149|160|1|131|0|161|
54|152|160|1|131|0|161|
54|149|128|1|131|0|161|
54|150|160|1|131|0|161|
54|150|144|1|131|0|161|
54|149|128|1|131|0|161|
54|152|144|1|131|0|161|
54|151|160|1|131|0|161|
54|152|144|1|131|0|161|
54|151|128|1|131|0|161|
54|150|144|1|131|0|161|
54|151|144|1|131|0|161|
54|149|128|1|131|0|161|
