INSTRUCTIONS_RETIRED|CYCLES|UNKNOWN|LD_BLOCKS.STORE_FORWARD|UOPS_EXECUTED.CORE|BR_MISP_RETIRED.ALL_BRANCHES|UOPS_ISSUED.SLOW_LEA|
13|400|324|0|83|1|29|
13|362|216|0|83|1|29|
13|990|648|0|83|1|29|
13|381|216|0|83|1|29|
13|382|216|0|83|1|29|
13|385|216|0|83|1|29|
13|379|216|0|83|1|29|
13|387|216|0|83|1|29|
13|394|216|0|83|1|29|
13|385|216|0|83|1|29|
13|390|324|0|83|1|29|
13|381|216|0|83|1|29|
13|387|216|0|83|1|29|
13|384|216|0|83|1|29|
13|392|324|0|83|1|29|
13|380|216|0|83|1|29|
13|385|216|0|83|1|29|
13|428|216|0|83|1|29|
13|392|216|0|83|1|29|
13|369|216|0|83|1|29|
13|221|756|0|83|1|29|
13|229|756|0|83|1|29|
13|409|1296|0|83|1|29|
13|211|648|0|83|1|29|
13|217|648|0|83|1|29|
13|227|756|0|364|1|9|
13|238|756|0|246|1|9|
13|992|3240|0|472|1|10|
13|247|864|0|150|1|25|
13|240|756|0|242|1|29|
13|270|972|0|211|2|29|
13|236|864|0|203|1|12|
13|233|756|0|250|1|4|
13|257|864|0|182|2|29|
13|285|972|0|694|2|6|
13|226|648|0|609|1|4|
13|268|972|0|345|2|12|
13|258|864|0|202|2|14|
13|265|756|0|600|2|1|
13|234|648|0|656|1|8|
13|273|864|0|616|2|29|
13|242|756|0|177|1|29|
13|240|864|0|595|1|0|
13|425|1296|0|813|1|20|
13|241|756|0|590|1|2|
13|250|864|0|585|2|1|
13|262|972|0|572|2|0|
13|228|864|0|583|1|1|
13|251|864|0|657|1|5|
13|273|864|0|679|2|4|
13|278|972|0|642|2|4|
13|244|864|0|672|1|0|
13|265|864|0|727|2|0|
13|495|1728|0|309|1|26|
13|242|756|0|552|1|5|
13|232|756|0|581|1|2|
13|239|756|0|564|1|5|
13|223|648|0|172|1|21|
13|241|756|0|128|1|29|
13|241|756|0|183|1|24|
13|239|648|0|135|1|29|
13|259|864|0|613|1|20|
13|243|864|0|580|1|29|
13|227|648|0|83|1|29|
13|218|756|0|83|1|29|
13|215|756|0|83|1|29|
13|213|648|0|83|1|29|
13|208|756|0|83|1|29|
13|209|648|0|83|1|29|
13|213|648|0|83|1|29|
13|262|864|0|83|1|29|
13|229|648|0|92|1|29|
13|212|648|0|83|1|29|
13|216|648|0|83|1|29|
13|223|756|0|83|1|29|
13|227|648|0|83|1|29|
13|211|648|0|83|1|29|
13|220|648|0|83|1|29|
13|219|756|0|83|1|29|
13|212|648|0|83|1|29|
13|224|756|0|83|1|29|
13|214|756|0|83|1|29|
13|274|864|0|83|1|29|
13|224|756|0|83|1|29|
13|215|648|0|83|1|29|
13|221|756|0|83|1|29|
13|225|756|0|83|1|29|
13|218|756|0|83|1|29|
13|223|756|0|83|1|29|
13|219|648|0|83|1|29|
13|224|648|0|83|1|29|
13|219|648|0|83|1|29|
13|219|648|0|83|1|29|
13|220|756|0|83|1|29|
13|227|756|0|83|1|29|
13|220|756|0|83|1|29|
13|211|756|0|83|1|29|
13|216|648|0|83|1|29|
13|226|756|0|83|1|29|
13|223|756|0|83|1|29|
13|224|648|0|83|1|29|
13|213|756|0|83|1|29|
13|223|864|0|83|1|29|
13|217|648|0|83|1|29|
13|219|648|0|83|1|29|
13|244|756|0|84|2|29|
13|219|756|0|83|1|29|
13|239|864|0|148|1|22|
13|262|864|0|318|1|1|
13|240|864|0|356|1|0|
13|216|756|0|83|1|29|
13|219|648|0|83|1|29|
13|218|756|0|83|1|29|
13|218|648|0|83|1|29|
13|213|648|0|83|1|29|
13|218|648|0|83|1|29|
13|248|756|0|84|2|29|
13|214|756|0|83|1|29|
13|218|756|0|83|1|29|
13|216|756|0|83|1|29|
13|217|648|0|83|1|29|
13|255|756|0|84|2|29|
13|219|756|0|83|1|29|
13|433|1404|0|83|1|29|
13|217|648|0|83|1|29|
13|245|864|0|84|2|29|
13|222|648|0|83|1|29|
13|244|756|0|84|2|29|
13|243|756|0|84|2|29|
13|223|756|0|83|1|29|
13|224|648|0|83|1|29|
13|211|648|0|83|1|29|
13|218|648|0|83|1|29|
13|223|648|0|83|1|29|
13|205|648|0|83|1|29|
13|223|648|0|83|1|29|
13|232|756|0|84|2|29|
13|238|756|0|84|2|29|
13|228|756|0|83|1|29|
13|218|648|0|83|1|29|
13|210|648|0|83|1|29|
13|206|648|0|83|1|29|
13|223|756|0|83|1|29|
13|218|756|0|83|1|29|
13|211|756|0|83|1|29|
13|225|864|0|259|1|7|
13|239|864|0|195|1|24|
13|228|864|0|154|1|19|
13|262|864|0|423|2|13|
13|226|756|0|83|1|29|
13|234|756|0|84|2|29|
13|226|648|0|83|1|29|
13|216|648|0|83|1|29|
13|218|756|0|83|1|29|
13|215|648|0|83|1|29|
13|485|1512|0|83|1|29|
13|216|648|0|83|1|29|
13|211|648|0|83|1|29|
13|243|864|0|84|2|29|
13|217|756|0|83|1|29|
13|219|648|0|83|1|29|
13|216|648|0|83|1|29|
13|234|756|0|84|2|29|
13|224|756|0|83|1|29|
13|216|648|0|83|1|29|
13|225|756|0|83|1|29|
13|245|864|0|84|2|29|
13|220|648|0|83|1|29|
13|234|756|0|84|2|29|
13|216|864|0|83|1|29|
13|224|756|0|83|1|29|
13|218|756|0|83|1|29|
13|224|756|0|83|1|29|
13|218|648|0|83|1|29|
13|246|756|0|84|2|29|
13|231|756|0|342|1|1|
13|232|756|0|321|1|0|
13|262|864|0|304|1|29|
13|279|864|0|354|2|4|
13|223|864|0|83|1|29|
13|235|756|0|84|2|29|
13|244|864|0|84|2|29|
13|210|648|0|83|1|29|
13|227|756|0|83|1|29|
13|209|648|0|83|1|29|
13|226|648|0|84|2|29|
13|227|756|0|84|2|29|
13|214|648|0|83|1|29|
13|233|756|0|84|2|29|
13|209|648|0|83|1|29|
13|224|756|0|83|1|29|
13|213|648|0|83|1|29|
13|218|648|0|83|1|29|
13|242|864|0|376|1|22|
13|220|756|0|83|1|29|
13|222|756|0|83|1|29|
13|266|864|0|84|2|29|
13|240|756|0|84|2|29|
13|225|648|0|83|1|29|
13|220|756|0|83|1|29|
13|226|648|0|83|1|29|
13|218|756|0|83|1|29|
13|227|864|0|83|1|29|
13|215|648|0|83|1|29|
13|226|648|0|83|1|29|
13|213|648|0|83|1|29|
13|244|864|0|84|2|29|
13|227|648|0|194|1|26|
13|231|756|0|347|1|16|
13|239|756|0|393|1|15|
13|207|648|0|83|1|29|
13|213|648|0|83|1|29|
13|224|756|0|83|1|29|
13|215|648|0|83|1|29|
13|239|756|0|84|2|29|
13|237|756|0|84|2|29|
13|212|756|0|83|1|29|
13|238|756|0|84|2|29|
13|213|648|0|83|1|29|
13|211|648|0|83|1|29|
13|213|756|0|83|1|29|
13|202|648|0|83|1|29|
13|213|648|0|83|1|29|
13|212|648|0|83|1|29|
13|213|648|0|83|1|29|
13|215|756|0|83|1|29|
13|228|756|0|83|1|29|
13|211|648|0|83|1|29|
13|214|756|0|83|1|29|
13|211|648|0|83|1|29|
13|226|648|0|83|1|29|
13|211|648|0|83|1|29|
13|223|648|0|83|1|29|
13|214|648|0|83|1|29|
13|224|864|0|83|1|29|
13|219|864|0|83|1|29|
13|226|756|0|83|1|29|
13|214|648|0|83|1|29|
13|255|864|0|303|1|23|
13|255|756|0|155|2|9|
13|259|972|0|84|2|29|
13|222|756|0|83|1|29|
13|254|864|0|84|2|29|
13|280|972|0|341|2|28|
13|220|648|0|83|1|29|
13|213|756|0|83|1|29|
13|211|648|0|83|1|29|
13|240|864|0|84|2|29|
13|211|756|0|83|1|29|
13|227|756|0|428|1|18|
13|226|756|0|193|1|29|
13|225|864|0|83|1|29|
13|224|756|0|207|1|27|
13|214|648|0|83|1|29|
13|232|756|0|220|1|30|
13|217|648|0|83|1|29|
13|235|648|0|358|1|1|
13|216|648|0|83|1|29|
13|238|756|0|135|1|0|
13|226|756|0|83|1|29|
13|219|648|0|83|1|29|
13|213|648|0|83|1|29|
13|226|756|0|83|1|29|
13|210|648|0|83|1|29|
13|212|648|0|83|1|29|
13|225|756|0|83|1|29|
13|224|648|0|83|1|29|
13|226|648|0|83|1|29|
13|223|864|0|83|1|29|
13|238|864|0|405|1|4|
13|229|756|0|83|1|29|
13|227|756|0|83|1|29|
13|211|648|0|83|1|29|
13|229|648|0|83|1|29|
13|221|648|0|83|1|29|
13|222|648|0|83|1|29|
13|212|648|0|83|1|29|
13|231|864|0|288|1|2|
13|239|756|0|449|1|5|
13|250|756|0|344|1|8|
13|242|756|0|498|1|2|
13|240|756|0|445|1|8|
13|243|648|0|523|1|2|
13|251|864|0|431|1|7|
13|231|756|0|337|1|7|
13|244|648|0|476|1|5|
13|244|864|0|416|1|0|
13|247|756|0|367|1|15|
13|242|864|0|362|1|11|
13|235|864|0|354|1|1|
13|239|864|0|486|1|5|
13|261|972|0|516|1|6|
13|224|756|0|374|1|4|
13|241|864|0|375|1|1|
13|238|756|0|434|1|7|
13|239|756|0|495|1|4|
13|271|864|0|573|2|1|
13|271|864|0|302|2|29|
13|466|1404|0|671|2|2|
13|279|972|0|520|2|6|
13|339|1080|0|716|2|14|
13|515|1620|0|300|2|18|
13|283|972|0|452|2|4|
13|333|972|0|431|1|25|
13|216|648|0|203|1|29|
13|245|756|0|440|1|22|
13|239|540|0|83|1|29|
13|248|540|0|83|1|29|
13|249|540|0|83|1|29|
13|278|648|0|565|1|5|
13|290|540|0|613|1|2|
13|998|1512|0|412|1|28|
13|273|432|0|156|1|28|
13|300|540|0|548|1|4|
13|279|432|0|625|1|13|
13|278|432|0|304|1|28|
13|319|540|0|675|1|0|
13|292|540|0|664|1|9|
13|281|324|0|384|1|30|
13|878|1188|0|1183|1|28|
13|291|432|0|585|1|0|
13|291|432|0|492|1|19|
13|315|324|0|593|1|1|
13|270|324|0|363|1|0|
13|932|1188|0|1551|1|17|
13|314|540|0|741|1|0|
13|285|324|0|629|1|0|
13|300|324|0|554|1|0|
13|294|432|0|533|1|0|
13|472|540|0|809|2|2|
13|331|324|0|414|1|4|
13|423|540|0|688|1|12|
13|437|540|0|843|1|11|
13|304|324|0|536|1|8|
13|317|324|0|153|1|28|
13|321|432|0|677|1|4|
13|334|324|0|384|1|6|
13|330|324|0|735|1|1|
13|307|324|0|565|1|10|
13|309|432|0|462|1|21|
13|343|324|0|479|1|28|
13|313|432|0|395|1|9|
13|1062|972|0|551|1|17|
13|341|324|0|652|1|7|
13|320|324|0|485|1|17|
13|354|216|0|428|1|18|
13|329|432|0|541|1|1|
13|328|432|0|683|1|7|
13|335|432|0|541|1|2|
13|330|324|0|317|1|2|
13|330|216|0|678|1|7|
13|333|216|0|811|1|1|
13|329|216|0|822|1|0|
13|345|216|0|715|1|15|
13|1112|1080|0|2554|1|4|
13|359|324|0|798|1|6|
13|335|324|0|591|1|7|
13|367|432|0|858|1|0|
13|379|216|0|799|1|0|
13|353|324|0|774|1|4|
13|362|432|0|487|1|17|
13|360|216|0|795|1|0|
13|409|432|0|861|1|0|
13|362|216|0|485|1|1|
13|374|216|0|800|1|12|
13|391|432|0|602|2|14|
13|419|324|0|635|2|1|
13|364|216|0|685|1|2|
13|365|324|0|453|1|28|
13|364|216|0|869|1|2|
13|347|324|0|562|1|0|
13|359|216|0|583|1|3|
13|337|216|0|520|1|1|
13|375|324|0|615|1|6|
13|380|216|0|616|1|28|
13|371|324|0|712|1|4|
13|382|216|0|779|1|2|
13|397|324|0|423|1|0|
13|384|216|0|441|1|1|
13|394|216|0|867|1|0|
13|403|324|0|547|2|28|
13|389|324|0|414|1|19|
13|378|324|0|591|1|8|
13|369|324|0|273|1|27|
13|393|324|0|604|1|10|
13|392|216|0|822|1|0|
13|386|216|0|359|1|26|
13|377|216|0|575|1|5|
13|382|324|0|640|1|0|
13|380|324|0|810|1|2|
13|379|324|0|777|1|4|
13|406|216|0|516|2|9|
13|423|216|0|814|2|12|
13|548|432|0|694|2|26|
13|434|216|0|491|2|9|
13|432|216|0|912|2|13|
13|385|324|0|223|2|26|
13|406|324|0|371|1|29|
13|415|324|0|922|1|6|
13|400|216|0|331|1|23|
13|423|216|0|750|1|8|
13|383|324|0|402|1|22|
13|396|324|0|640|1|1|
13|379|324|0|83|1|29|
13|488|324|0|83|1|29|
13|398|216|0|83|1|29|
13|364|216|0|175|1|14|
13|397|324|0|548|1|6|
13|391|216|0|611|1|3|
13|394|324|0|698|1|1|
13|412|216|0|796|1|0|
13|409|324|0|711|1|0|
13|413|324|0|707|1|15|
13|387|324|0|754|1|0|
13|397|216|0|692|1|4|
13|405|216|0|667|1|0|
13|405|324|0|782|1|14|
13|396|216|0|770|1|1|
13|411|216|0|831|1|2|
13|400|216|0|811|1|9|
13|413|216|0|843|1|10|
13|458|216|0|900|2|0|
13|414|216|0|785|1|13|
13|417|216|0|647|1|8|
13|399|324|0|688|1|7|
13|416|216|0|733|1|10|
13|406|216|0|282|1|28|
13|414|216|0|469|1|21|
13|401|216|0|568|1|8|
13|414|216|0|821|1|11|
13|404|324|0|330|1|29|
13|408|324|0|592|1|9|
13|412|324|0|530|1|22|
13|429|216|0|894|1|2|
13|424|324|0|644|1|28|
13|405|216|0|929|1|5|
13|406|216|0|761|1|2|
13|421|324|0|733|1|2|
13|417|324|0|858|1|2|
13|413|216|0|651|1|10|
13|390|216|0|788|1|4|
13|394|324|0|246|1|29|
13|450|324|0|648|2|6|
13|428|324|0|404|2|16|
13|385|324|0|83|1|29|
13|363|324|0|83|1|29|
13|409|216|0|584|1|2|
13|409|324|0|576|1|6|
13|406|216|0|651|1|2|
13|409|324|0|863|1|1|
13|414|216|0|668|1|5|
13|400|324|0|738|1|2|
13|413|216|0|823|1|4|
13|399|216|0|696|1|0|
13|412|216|0|804|1|21|
13|409|216|0|423|1|0|
13|437|216|0|626|1|2|
13|407|324|0|696|1|4|
13|406|216|0|475|1|1|
13|421|216|0|952|1|0|
13|404|216|0|435|1|9|
13|404|216|0|539|1|12|
13|411|216|0|341|1|10|
13|419|216|0|688|1|6|
13|421|216|0|777|1|0|
13|391|216|0|586|1|4|
13|398|324|0|750|1|22|
13|446|216|0|752|2|28|
13|415|324|0|404|1|30|
13|410|324|0|771|1|8|
13|417|324|0|605|1|0|
13|401|216|0|174|1|28|
13|431|216|0|945|1|11|
13|410|216|0|521|1|6|
13|403|216|0|859|1|2|
13|407|216|0|536|1|19|
13|411|324|0|803|1|13|
13|412|324|0|502|1|11|
13|409|324|0|797|1|2|
13|1430|972|0|2147|1|2|
13|404|216|0|424|1|28|
13|406|324|0|386|1|21|
13|408|324|0|672|1|0|
13|404|216|0|687|1|24|
13|364|216|0|83|1|29|
13|375|216|0|83|1|29|
13|385|324|0|83|1|29|
13|387|216|0|273|1|16|
13|416|216|0|777|1|4|
13|412|324|0|662|1|5|
13|406|216|0|802|1|22|
13|442|324|0|769|2|10|
13|421|216|0|574|2|8|
13|412|324|0|658|1|1|
13|402|216|0|582|1|26|
13|408|216|0|756|1|6|
13|410|324|0|913|1|9|
13|398|324|0|809|1|1|
13|414|216|0|812|1|25|
13|409|216|0|855|1|4|
13|408|432|0|519|1|17|
13|405|324|0|627|1|1|
13|402|324|0|816|1|13|
13|405|216|0|395|1|21|
13|392|216|0|714|1|28|
13|412|216|0|747|1|28|
13|395|216|0|624|1|5|
13|395|216|0|576|1|1|
13|442|324|0|662|1|21|
13|404|216|0|750|1|6|
13|417|216|0|742|1|1|
13|411|216|0|418|1|9|
13|409|432|0|576|1|19|
13|439|216|0|682|2|1|
13|434|216|0|885|2|4|
13|420|216|0|633|1|5|
13|392|216|0|820|1|12|
13|414|324|0|947|1|3|
13|431|216|0|823|1|0|
13|406|216|0|853|1|7|
13|405|216|0|804|1|0|
13|356|216|0|403|1|28|
13|413|216|0|291|1|30|
13|416|324|0|764|1|0|
13|349|216|0|83|1|29|
13|352|108|0|83|1|29|
13|390|216|0|83|1|29|
13|393|216|0|479|1|9|
13|435|324|0|461|1|0|
13|389|216|0|212|1|14|
13|421|216|0|665|1|14|
13|397|216|0|658|1|8|
13|408|324|0|512|1|0|
13|407|432|0|745|1|19|
13|422|216|0|885|1|6|
13|414|216|0|478|1|29|
13|425|216|0|533|1|12|
13|422|216|0|776|1|2|
13|417|324|0|677|1|15|
13|372|216|0|143|1|27|
13|404|216|0|773|1|8|
13|420|216|0|816|1|5|
13|392|216|0|650|1|8|
13|403|432|0|739|1|1|
13|414|324|0|846|1|14|
13|407|216|0|750|1|1|
13|413|324|0|842|1|4|
13|404|216|0|772|1|8|
13|402|216|0|841|1|0|
13|418|216|0|593|1|0|
13|415|324|0|746|1|4|
13|395|324|0|718|1|8|
13|409|216|0|705|1|0|
13|395|216|0|475|1|2|
13|382|324|0|369|1|4|
13|417|216|0|829|1|3|
13|407|216|0|711|1|2|
13|411|324|0|522|1|2|
13|406|216|0|679|1|4|
13|399|216|0|489|1|0|
13|377|216|0|415|1|28|
13|619|324|0|946|2|27|
13|421|324|0|363|1|3|
13|397|216|0|702|1|0|
13|415|216|0|84|2|29|
13|386|216|0|83|1|29|
13|365|324|0|83|1|29|
13|375|324|0|334|1|28|
13|1612|1188|0|2856|1|2|
13|453|216|0|890|2|0|
13|487|216|0|899|1|7|
13|417|216|0|565|1|18|
13|406|324|0|524|1|28|
13|404|324|0|723|1|13|
13|395|216|0|677|1|1|
13|440|324|0|245|1|28|
13|407|324|0|614|1|23|
13|401|216|0|482|1|1|
13|402|216|0|828|1|1|
13|397|216|0|299|1|26|
13|400|216|0|507|1|28|
13|399|324|0|754|1|3|
13|390|216|0|508|1|18|
13|409|324|0|838|1|20|
13|392|324|0|613|1|16|
13|389|216|0|596|1|4|
13|441|216|0|622|1|1|
13|419|216|0|822|1|10|
13|406|216|0|661|1|16|
13|440|324|0|681|2|29|
13|402|216|0|820|1|6|
13|435|216|0|831|1|3|
13|408|216|0|700|1|9|
13|420|324|0|405|1|26|
13|507|324|0|360|1|2|
13|410|216|0|773|1|16|
13|411|324|0|491|1|0|
13|427|216|0|551|2|2|
13|411|216|0|783|1|2|
13|413|432|0|760|1|10|
13|409|216|0|424|1|24|
13|410|216|0|706|1|6|
13|403|324|0|705|1|29|
13|408|216|0|347|1|29|
13|386|108|0|83|1|29|
13|388|324|0|83|1|29|
13|359|324|0|83|1|29|
13|412|216|0|679|1|21|
13|404|216|0|615|1|27|
13|414|216|0|841|1|0|
13|435|216|0|408|2|29|
13|457|324|0|833|2|6|
13|403|216|0|832|1|4|
13|416|216|0|460|1|28|
13|399|324|0|261|1|12|
13|442|324|0|516|2|26|
13|426|216|0|634|1|16|
13|410|216|0|442|1|25|
13|399|324|0|920|1|2|
13|395|216|0|726|1|1|
13|408|216|0|718|1|5|
13|403|216|0|773|1|0|
13|402|216|0|825|1|1|
13|402|216|0|868|1|3|
13|406|324|0|628|1|17|
13|411|216|0|793|1|2|
13|408|216|0|795|1|8|
13|454|216|0|841|1|5|
13|403|216|0|829|1|10|
13|402|216|0|819|1|7|
13|406|216|0|446|1|19|
13|411|324|0|663|1|1|
13|410|324|0|748|1|12|
13|406|216|0|338|1|10|
13|396|324|0|499|1|0|
13|394|216|0|783|1|4|
13|422|216|0|841|1|22|
13|426|324|0|663|1|6|
13|441|216|0|882|2|4|
13|406|216|0|664|1|5|
13|414|324|0|829|1|1|
13|363|216|0|554|1|28|
13|396|324|0|469|1|5|
13|376|216|0|774|1|1|
13|396|216|0|413|1|22|
13|394|216|0|83|1|29|
13|380|324|0|83|1|29|
13|359|216|0|83|1|29|
13|415|216|0|442|1|26|
13|433|216|0|579|2|12|
13|433|216|0|767|2|5|
13|426|216|0|838|1|28|
13|414|216|0|951|1|3|
13|416|324|0|907|1|8|
13|368|216|0|425|1|4|
13|414|216|0|739|1|4|
13|430|324|0|768|1|1|
13|403|324|0|785|1|2|
13|409|324|0|774|1|2|
13|394|324|0|285|1|30|
13|399|216|0|630|1|2|
13|416|216|0|742|1|27|
13|404|216|0|719|1|17|
13|398|216|0|728|1|2|
13|410|216|0|820|1|10|
13|414|324|0|647|1|1|
13|422|324|0|846|1|1|
13|383|216|0|493|1|12|
13|420|216|0|523|1|16|
13|396|324|0|245|1|25|
13|409|216|0|723|1|1|
13|475|324|0|314|1|27|
13|395|324|0|518|1|3|
13|401|216|0|491|1|5|
13|400|324|0|508|1|1|
13|415|216|0|423|1|5|
13|401|324|0|835|1|1|
13|413|216|0|588|1|4|
13|394|324|0|767|1|8|
13|416|216|0|829|1|4|
13|412|324|0|860|1|7|
13|411|216|0|553|1|1|
13|416|324|0|347|1|29|
13|398|324|0|248|1|29|
13|417|216|0|714|1|14|
13|410|216|0|449|1|27|
13|397|216|0|83|1|29|
13|386|216|0|83|1|29|
13|444|216|0|83|1|29|
13|418|324|0|723|1|12|
13|411|216|0|825|1|1|
13|446|324|0|704|2|30|
13|414|216|0|508|1|29|
13|416|324|0|682|1|7|
13|942|540|0|1862|1|2|
13|424|324|0|870|1|28|
13|416|324|0|669|1|0|
13|401|216|0|829|1|5|
13|418|216|0|320|1|29|
13|408|216|0|821|1|25|
13|412|216|0|629|1|9|
13|417|324|0|876|1|0|
13|413|216|0|809|1|0|
13|412|216|0|742|1|3|
13|413|324|0|419|1|1|
13|408|324|0|805|1|2|
13|448|216|0|935|2|2|
13|429|216|0|772|2|15|
13|412|216|0|802|1|6|
13|417|216|0|935|1|8|
13|401|216|0|424|1|27|
13|438|216|0|713|2|0|
13|419|216|0|434|1|1|
13|412|324|0|690|1|5|
13|403|216|0|860|1|11|
13|398|216|0|812|1|2|
13|405|324|0|805|1|0|
13|408|216|0|702|1|16|
13|422|324|0|680|1|1|
13|1634|1080|0|2090|1|9|
13|409|324|0|759|1|7|
13|410|216|0|791|1|2|
13|439|216|0|277|2|12|
13|1044|648|0|135|2|28|
13|404|216|0|166|1|12|
13|407|216|0|781|1|4|
13|356|216|0|83|1|29|
13|390|216|0|83|1|29|
13|359|216|0|83|1|29|
13|415|216|0|595|1|1|
13|403|216|0|666|1|24|
13|440|216|0|616|2|0|
13|395|324|0|83|1|29|
13|384|216|0|83|1|29|
13|392|324|0|83|1|29|
13|395|216|0|83|1|29|
13|395|324|0|83|1|29|
13|377|324|0|83|1|29|
13|393|216|0|83|1|29|
13|378|216|0|83|1|29|
13|395|324|0|83|1|29|
13|377|324|0|83|1|29|
13|382|216|0|83|1|29|
13|378|216|0|83|1|29|
13|383|216|0|83|1|29|
13|384|216|0|83|1|29|
13|385|216|0|83|1|29|
13|1761|1080|0|83|1|29|
13|394|216|0|83|1|29|
13|381|216|0|83|1|29|
13|392|216|0|83|1|29|
13|369|216|0|83|1|29|
13|393|324|0|83|1|29|
13|392|216|0|83|1|29|
13|344|324|0|83|1|29|
13|394|216|0|83|1|29|
13|379|108|0|83|1|29|
13|393|216|0|83|1|29|
13|393|324|0|83|1|29|
13|389|216|0|83|1|29|
13|362|324|0|83|1|29|
13|390|216|0|83|1|29|
13|377|324|0|83|1|29|
13|361|324|0|83|1|29|
13|383|216|0|83|1|29|
13|386|216|0|83|1|29|
13|391|216|0|83|1|29|
13|354|216|0|83|1|29|
13|383|216|0|83|1|29|
13|377|324|0|83|1|29|
13|392|216|0|83|1|29|
13|1787|1080|0|83|1|29|
13|381|216|0|83|1|29|
13|381|216|0|83|1|29|
13|392|216|0|83|1|29|
13|381|216|0|83|1|29|
13|380|216|0|83|1|29|
13|380|216|0|83|1|29|
13|391|216|0|83|1|29|
13|379|324|0|83|1|29|
13|392|216|0|83|1|29|
13|354|108|0|83|1|29|
13|380|216|0|83|1|29|
13|393|216|0|83|1|29|
13|373|216|0|83|1|29|
13|394|216|0|83|1|29|
13|389|216|0|83|1|29|
13|391|216|0|83|1|29|
13|386|216|0|83|1|29|
13|375|216|0|83|1|29|
13|385|216|0|83|1|29|
13|377|216|0|83|1|29|
13|1776|1188|0|83|1|29|
13|364|216|0|83|1|29|
13|354|216|0|83|1|29|
13|381|216|0|83|1|29|
13|384|216|0|83|1|29|
13|379|216|0|83|1|29|
13|354|216|0|83|1|29|
13|386|216|0|83|1|29|
13|386|216|0|83|1|29|
13|371|324|0|83|1|29|
13|384|216|0|83|1|29|
13|384|324|0|83|1|29|
13|393|216|0|83|1|29|
13|389|324|0|83|1|29|
13|392|216|0|83|1|29|
13|387|216|0|83|1|29|
13|377|216|0|83|1|29|
13|378|216|0|83|1|29|
13|380|216|0|83|1|29|
13|388|324|0|83|1|29|
13|381|216|0|83|1|29|
13|377|324|0|83|1|29|
13|392|216|0|83|1|29|
13|384|324|0|83|1|29|
13|387|216|0|83|1|29|
13|378|216|0|83|1|29|
13|387|324|0|83|1|29|
13|380|216|0|83|1|29|
13|360|216|0|83|1|29|
13|382|324|0|83|1|29|
13|384|216|0|83|1|29|
13|426|216|0|83|1|29|
13|978|648|0|83|1|29|
13|349|108|0|83|1|29|
13|352|324|0|83|1|29|
13|358|216|0|83|1|29|
13|382|216|0|83|1|29|
13|386|324|0|83|1|29|
13|386|216|0|83|1|29|
13|378|216|0|83|1|29|
13|395|216|0|83|1|29|
13|382|216|0|83|1|29|
13|392|216|0|83|1|29|
13|381|216|0|83|1|29|
13|363|324|0|83|1|29|
13|381|216|0|83|1|29|
13|389|324|0|83|1|29|
13|385|216|0|83|1|29|
13|381|216|0|83|1|29|
13|394|216|0|83|1|29|
13|389|324|0|83|1|29|
13|380|216|0|83|1|29|
13|376|108|0|83|1|29|
13|381|216|0|83|1|29|
13|395|216|0|83|1|29|
13|389|324|0|83|1|29|
13|1825|1080|0|83|1|29|
13|392|216|0|83|1|29|
13|394|216|0|83|1|29|
13|390|324|0|83|1|29|
13|397|216|0|83|1|29|
13|395|216|0|83|1|29|
13|393|216|0|83|1|29|
13|380|324|0|83|1|29|
13|382|216|0|83|1|29|
13|378|216|0|83|1|29|
13|371|108|0|83|1|29|
13|362|216|0|83|1|29|
13|394|216|0|83|1|29|
13|393|324|0|83|1|29|
13|394|324|0|83|1|29|
13|364|324|0|83|1|29|
13|379|216|0|83|1|29|
13|386|324|0|83|1|29|
13|391|216|0|83|1|29|
13|382|324|0|83|1|29|
13|381|216|0|83|1|29|
13|384|324|0|83|1|29|
13|386|216|0|83|1|29|
13|389|216|0|83|1|29|
13|391|324|0|83|1|29|
13|388|324|0|83|1|29|
13|384|108|0|83|1|29|
13|356|108|0|83|1|29|
13|384|216|0|83|1|29|
13|387|324|0|83|1|29|
13|379|216|0|83|1|29|
13|383|216|0|83|1|29|
13|384|324|0|83|1|29|
13|387|216|0|83|1|29|
13|386|216|0|83|1|29|
13|392|216|0|83|1|29|
13|386|108|0|83|1|29|
13|352|108|0|83|1|29|
13|395|216|0|83|1|29|
13|380|216|0|83|1|29|
13|358|108|0|83|1|29|
13|354|324|0|83|1|29|
13|355|216|0|83|1|29|
13|353|324|0|83|1|29|
13|388|324|0|83|1|29|
13|378|216|0|83|1|29|
13|383|216|0|83|1|29|
13|384|216|0|83|1|29|
13|378|216|0|83|1|29|
13|394|216|0|83|1|29|
13|390|216|0|83|1|29|
13|383|324|0|83|1|29|
13|396|216|0|83|1|29|
13|386|216|0|83|1|29|
13|393|216|0|83|1|29|
13|391|216|0|83|1|29|
13|385|216|0|83|1|29|
13|377|216|0|83|1|29|
13|383|216|0|83|1|29|
13|377|216|0|83|1|29|
13|384|216|0|83|1|29|
13|381|324|0|83|1|29|
13|386|216|0|83|1|29|
13|380|216|0|83|1|29|
13|387|324|0|83|1|29|
13|388|216|0|83|1|29|
13|393|216|0|83|1|29|
13|389|324|0|83|1|29|
13|393|324|0|83|1|29|
13|365|216|0|83|1|29|
13|379|324|0|83|1|29|
13|368|324|0|83|1|29|
13|368|324|0|83|1|29|
13|355|324|0|83|1|29|
13|366|108|0|83|1|29|
13|382|216|0|83|1|29|
13|396|216|0|83|1|29|
13|351|108|0|83|1|29|
13|384|216|0|83|1|29|
13|383|108|0|83|1|29|
13|388|216|0|83|1|29|
13|365|216|0|83|1|29|
13|389|216|0|83|1|29|
13|391|216|0|83|1|29|
13|394|216|0|83|1|29|
13|382|216|0|83|1|29|
13|395|324|0|83|1|29|
13|395|324|0|83|1|29|
13|384|216|0|83|1|29|
13|394|216|0|83|1|29|
13|393|216|0|83|1|29|
13|376|216|0|83|1|29|
13|387|216|0|83|1|29|
13|446|324|0|83|1|29|
13|388|216|0|83|1|29|
13|379|216|0|83|1|29|
13|392|216|0|83|1|29|
13|379|216|0|83|1|29|
13|394|216|0|83|1|29|
13|398|216|0|83|1|29|
13|391|216|0|83|1|29|
13|394|216|0|83|1|29|
13|378|324|0|83|1|29|
13|433|324|0|83|1|29|
13|388|324|0|83|1|29|
13|418|324|0|83|1|29|
13|354|108|0|83|1|29|
13|355|324|0|83|1|29|
13|384|216|0|83|1|29|
13|382|216|0|83|1|29|
13|393|324|0|83|1|29|
13|896|540|0|83|1|29|
13|389|216|0|83|1|29|
13|390|216|0|83|1|29|
13|389|324|0|83|1|29|
13|382|324|0|83|1|29|
13|392|324|0|83|1|29|
13|1313|756|0|83|1|29|
13|465|216|0|83|1|29|
13|381|216|0|83|1|29|
13|379|216|0|83|1|29|
13|385|216|0|83|1|29|
13|386|216|0|83|1|29|
13|376|324|0|83|1|29|
13|384|216|0|83|1|29|
13|376|108|0|83|1|29|
13|383|324|0|83|1|29|
13|385|216|0|83|1|29|
13|382|216|0|83|1|29|
13|389|216|0|83|1|29|
13|383|216|0|83|1|29|
13|390|324|0|83|1|29|
13|387|216|0|83|1|29|
13|391|216|0|83|1|29|
13|385|216|0|83|1|29|
13|361|108|0|83|1|29|
13|367|216|0|83|1|29|
13|380|324|0|83|1|29|
13|374|216|0|83|1|29|
13|434|324|0|83|1|29|
13|384|216|0|83|1|29|
13|384|216|0|83|1|29|
13|379|324|0|83|1|29|
13|384|216|0|83|1|29|
13|376|108|0|83|1|29|
13|388|216|0|83|1|29|
13|381|216|0|83|1|29|
13|393|216|0|83|1|29|
13|394|216|0|83|1|29|
13|386|324|0|83|1|29|
13|380|216|0|83|1|29|
13|355|108|0|83|1|29|
