INSTRUCTIONS_RETIRED|CYCLES|UNKNOWN|LD_BLOCKS.STORE_FORWARD|UOPS_EXECUTED.CORE|BR_MISP_RETIRED.ALL_BRANCHES|UOPS_ISSUED.SLOW_LEA|
13|337|216|0|114|1|60|
13|365|324|0|114|1|60|
13|384|216|0|114|1|60|
13|341|216|0|114|1|60|
13|438|216|0|114|1|60|
13|345|216|0|114|1|60|
13|348|324|0|114|1|60|
13|360|216|0|114|1|60|
13|341|216|0|114|1|60|
13|375|324|0|114|1|60|
13|342|216|0|114|1|60|
13|382|216|0|114|1|60|
13|386|216|0|114|1|60|
13|384|324|0|114|1|60|
13|388|216|0|114|1|60|
13|375|216|0|114|1|60|
13|393|324|0|114|1|60|
13|390|216|0|114|1|60|
13|364|216|0|114|1|60|
13|380|324|0|114|1|60|
13|373|216|0|114|1|60|
13|423|324|0|114|1|60|
13|374|108|0|114|1|60|
13|384|324|0|114|1|60|
13|368|324|0|114|1|60|
13|384|216|0|114|1|60|
13|367|216|0|114|1|60|
13|359|216|0|114|1|60|
13|369|216|0|114|1|60|
13|373|216|0|114|1|60|
13|357|216|0|114|1|60|
13|373|324|0|114|1|60|
13|368|432|0|114|1|60|
13|363|216|0|114|1|60|
13|362|324|0|114|1|60|
13|338|216|0|114|1|60|
13|367|324|0|114|1|60|
13|364|216|0|114|1|60|
13|361|324|0|114|1|60|
13|383|216|0|552|1|9|
13|349|216|0|114|1|60|
13|386|324|0|114|1|60|
13|358|216|0|114|1|60|
13|416|216|0|114|1|60|
13|377|216|0|114|1|60|
13|383|324|0|114|1|60|
13|379|216|0|114|1|60|
13|391|216|0|114|1|60|
13|354|108|0|114|1|60|
13|389|216|0|114|1|60|
13|388|216|0|114|1|60|
13|384|216|0|114|1|60|
13|388|216|0|114|1|60|
13|359|324|0|114|1|60|
13|373|216|0|114|1|60|
13|386|216|0|114|1|60|
13|394|216|0|114|1|60|
13|387|216|0|114|1|60|
13|373|216|0|114|1|60|
13|387|216|0|114|1|60|
13|390|216|0|114|1|60|
13|384|216|0|114|1|60|
13|352|324|0|114|1|60|
13|391|216|0|114|1|60|
13|378|216|0|114|1|60|
13|380|324|0|114|1|60|
13|385|216|0|114|1|60|
13|382|216|0|114|1|60|
13|388|216|0|114|1|60|
13|383|216|0|114|1|60|
13|510|324|0|114|1|60|
13|377|216|0|114|1|60|
13|388|324|0|114|1|60|
13|378|108|0|114|1|60|
13|357|324|0|114|1|60|
13|379|324|0|114|1|60|
13|490|324|0|114|1|60|
13|356|216|0|114|1|60|
13|376|324|0|114|1|60|
13|381|324|0|114|1|60|
13|347|216|0|114|1|60|
13|387|216|0|114|1|60|
13|385|324|0|114|1|60|
13|396|324|0|114|1|60|
13|385|216|0|114|1|60|
13|385|108|0|114|1|60|
13|391|324|0|114|1|60|
13|383|324|0|114|1|60|
13|642|432|0|114|1|60|
13|392|216|0|114|1|60|
13|393|324|0|114|1|60|
13|392|324|0|114|1|60|
13|386|324|0|114|1|60|
13|387|324|0|114|1|60|
13|384|216|0|114|1|60|
13|381|216|0|114|1|60|
13|361|216|0|114|1|60|
13|382|216|0|114|1|60|
13|385|216|0|114|1|60|
13|367|216|0|114|1|60|
13|378|216|0|114|1|60|
13|346|324|0|114|1|60|
13|373|216|0|114|1|60|
13|375|108|0|114|1|60|
13|381|216|0|114|1|60|
13|371|216|0|114|1|60|
13|534|432|0|114|1|60|
13|359|216|0|114|1|60|
13|374|216|0|114|1|60|
13|385|216|0|114|1|60|
13|387|216|0|114|1|60|
13|374|216|0|114|1|60|
13|384|216|0|114|1|60|
13|359|324|0|114|1|60|
13|383|216|0|114|1|60|
13|377|216|0|114|1|60|
13|378|216|0|114|1|60|
13|382|216|0|114|1|60|
13|380|216|0|114|1|60|
13|361|324|0|112|1|60|
13|383|216|0|114|1|60|
13|394|216|0|114|1|60|
13|377|216|0|246|1|60|
13|372|216|0|114|1|60|
13|387|216|0|114|1|60|
13|374|216|0|114|1|60|
13|1348|864|0|114|1|60|
13|369|324|0|114|1|60|
13|345|216|0|114|1|60|
13|372|216|0|114|1|60|
13|371|216|0|114|1|60|
13|384|216|0|114|1|60|
13|391|216|0|114|1|60|
13|750|432|0|114|1|60|
13|348|324|0|114|1|60|
13|371|216|0|114|1|60|
13|352|216|0|114|1|60|
13|369|216|0|114|1|60|
13|385|216|0|114|1|60|
14|1003|756|0|465|1|60|
13|379|216|0|114|1|60|
13|356|216|0|114|1|60|
13|382|324|0|114|1|60|
13|381|216|0|114|1|60|
13|381|216|0|114|1|60|
13|380|324|0|114|1|60|
13|382|216|0|114|1|60|
13|373|216|0|114|1|60|
13|383|216|0|114|1|60|
13|373|216|0|114|1|60|
13|392|324|0|114|1|60|
13|373|216|0|114|1|60|
13|383|324|0|114|1|60|
13|378|216|0|114|1|60|
13|380|216|0|114|1|60|
13|385|432|0|114|1|60|
13|375|324|0|114|1|60|
13|382|216|0|114|1|60|
13|374|216|0|114|1|60|
13|362|216|0|114|1|60|
13|364|216|0|114|1|60|
13|375|216|0|114|1|60|
13|371|324|0|114|1|60|
13|365|216|0|114|1|60|
13|373|216|0|114|1|60|
13|367|216|0|114|1|60|
13|377|216|0|114|1|60|
13|343|108|0|114|1|60|
13|381|324|0|114|1|60|
13|372|324|0|114|1|60|
13|371|216|0|114|1|60|
13|349|324|0|114|1|60|
13|382|216|0|114|1|60|
13|1146|648|0|672|1|41|
13|388|324|0|114|1|60|
13|365|324|0|114|1|60|
13|374|216|0|114|1|60|
13|391|216|0|114|1|60|
13|388|216|0|114|1|60|
13|384|216|0|114|1|60|
13|381|216|0|114|1|60|
13|1687|1080|0|114|1|60|
13|376|324|0|114|1|60|
13|524|324|0|114|1|60|
13|380|216|0|114|1|60|
13|374|324|0|114|1|60|
13|383|324|0|114|1|60|
13|360|216|0|114|1|60|
13|334|216|0|114|1|60|
13|372|216|0|114|1|60|
13|340|108|0|114|1|60|
13|368|324|0|114|1|60|
13|365|216|0|114|1|60|
13|366|324|0|114|1|60|
13|366|216|0|114|1|60|
13|374|216|0|114|1|60|
13|385|216|0|114|1|60|
13|370|324|0|114|1|60|
13|387|324|0|349|1|45|
13|369|216|0|114|1|60|
13|362|216|0|114|1|60|
13|369|216|0|114|1|60|
13|334|216|0|114|1|60|
13|380|216|0|114|1|60|
13|370|216|0|114|1|60|
13|387|216|0|114|1|60|
13|351|216|0|114|1|60|
13|382|324|0|114|1|60|
13|380|216|0|114|1|60|
13|385|324|0|114|1|60|
13|386|216|0|114|1|60|
13|374|324|0|114|1|60|
13|383|324|0|114|1|60|
13|372|324|0|114|1|60|
13|386|324|0|114|1|60|
13|382|216|0|114|1|60|
13|1157|756|0|114|1|60|
13|351|216|0|114|1|60|
13|362|324|0|114|1|60|
13|379|216|0|114|1|60|
13|378|216|0|114|1|60|
13|367|216|0|114|1|60|
13|1156|756|0|114|1|60|
13|370|216|0|114|1|60|
13|379|324|0|114|1|60|
13|368|216|0|114|1|60|
13|369|216|0|114|1|60|
13|366|216|0|114|1|60|
13|374|216|0|114|1|60|
13|348|216|0|114|1|60|
13|1454|972|0|114|1|60|
13|366|216|0|114|1|60|
13|374|324|0|114|1|60|
13|369|216|0|114|1|60|
13|383|216|0|114|1|60|
13|379|216|0|114|1|60|
13|375|216|0|114|1|60|
13|387|216|0|196|1|34|
13|375|216|0|114|1|60|
13|376|216|0|114|1|60|
13|384|216|0|114|1|60|
13|376|216|0|114|1|60|
13|384|216|0|114|1|60|
13|380|216|0|114|1|60|
13|388|324|0|114|1|60|
13|382|216|0|114|1|60|
13|530|324|0|114|1|60|
13|385|324|0|114|1|60|
13|384|216|0|114|1|60|
13|374|324|0|114|1|60|
13|369|216|0|114|1|60|
13|364|216|0|114|1|60|
13|368|324|0|114|1|60|
13|369|216|0|114|1|60|
13|377|324|0|114|1|60|
13|364|216|0|114|1|60|
13|372|324|0|114|1|60|
13|368|216|0|114|1|60|
13|394|216|0|114|1|60|
13|374|216|0|114|1|60|
13|378|324|0|114|1|60|
13|370|216|0|114|1|60|
13|359|216|0|114|1|60|
13|359|216|0|114|1|60|
13|372|216|0|114|1|60|
13|359|216|0|114|1|60|
13|376|216|0|114|1|60|
13|394|216|0|720|1|3|
13|365|216|0|114|1|60|
13|357|324|0|114|1|60|
13|379|216|0|114|1|60|
13|395|324|0|114|1|60|
13|379|216|0|114|1|60|
13|381|216|0|114|1|60|
13|589|324|0|114|1|60|
13|378|216|0|114|1|60|
13|378|216|0|114|1|60|
13|438|324|0|114|1|60|
13|358|324|0|114|1|60|
13|350|216|0|114|1|60|
13|379|216|0|114|1|60|
13|369|324|0|114|1|60|
13|356|324|0|114|1|60|
13|352|108|0|114|1|60|
13|364|216|0|114|1|60|
13|337|216|0|114|1|60|
13|362|216|0|114|1|60|
13|369|324|0|114|1|60|
13|365|216|0|114|1|60|
13|369|216|0|114|1|60|
13|339|216|0|114|1|60|
13|375|216|0|114|1|60|
13|362|216|0|114|1|60|
13|368|324|0|114|1|60|
13|369|216|0|114|1|60|
13|371|216|0|114|1|60|
13|343|108|0|114|1|60|
13|376|216|0|114|1|60|
13|375|216|0|114|1|60|
13|367|216|0|114|1|60|
13|376|216|0|114|1|60|
13|346|324|0|114|1|60|
13|371|324|0|114|1|60|
13|378|324|0|114|1|60|
13|379|216|0|114|1|60|
13|387|216|0|114|1|60|
13|374|216|0|114|1|60|
13|386|324|0|114|1|60|
13|1141|648|0|114|1|60|
13|374|216|0|114|1|60|
13|371|216|0|114|1|60|
13|366|216|0|114|1|60|
13|369|324|0|114|1|60|
13|348|216|0|114|1|60|
13|373|216|0|114|1|60|
13|371|216|0|114|1|60|
13|368|216|0|114|1|60|
13|378|216|0|114|1|60|
13|359|216|0|114|1|60|
13|361|216|0|114|1|60|
13|362|216|0|114|1|60|
13|364|216|0|114|1|60|
13|380|432|0|114|1|60|
13|370|324|0|114|1|60|
13|359|216|0|114|1|60|
13|366|324|0|114|1|60|
13|371|216|0|114|1|60|
13|350|324|0|114|1|60|
13|351|216|0|114|1|60|
13|374|216|0|114|1|60|
13|372|216|0|114|1|60|
13|373|216|0|160|1|60|
13|383|324|0|114|1|60|
13|342|108|0|114|1|60|
13|373|216|0|114|1|60|
13|385|216|0|114|1|60|
13|359|324|0|114|1|60|
13|379|324|0|114|1|60|
13|370|324|0|114|1|60|
13|374|324|0|114|1|60|
13|363|324|0|114|1|60|
13|370|324|0|114|1|60|
13|378|216|0|114|1|60|
13|364|216|0|114|1|60|
13|377|324|0|114|1|60|
13|365|216|0|114|1|60|
13|375|324|0|114|1|60|
13|381|216|0|114|1|60|
13|382|216|0|114|1|60|
13|373|216|0|114|1|60|
13|373|324|0|114|1|60|
13|365|324|0|114|1|60|
13|367|216|0|114|1|60|
13|367|216|0|114|1|60|
13|369|324|0|114|1|60|
13|365|324|0|114|1|60|
13|363|216|0|114|1|60|
13|371|324|0|114|1|60|
13|374|216|0|114|1|60|
13|369|216|0|114|1|60|
13|367|216|0|114|1|60|
13|381|216|0|114|1|60|
13|991|756|0|114|1|60|
13|374|216|0|114|1|60|
13|352|324|0|114|1|60|
13|367|216|0|114|1|60|
13|365|324|0|114|1|60|
13|373|216|0|114|1|60|
13|378|216|0|114|1|60|
13|389|216|0|114|1|60|
13|374|216|0|114|1|60|
13|373|216|0|114|1|60|
13|381|216|0|114|1|60|
13|376|216|0|114|1|60|
13|380|216|0|114|1|60|
13|376|216|0|114|1|60|
13|356|216|0|114|1|60|
13|365|216|0|114|1|60|
13|366|324|0|114|1|60|
13|377|324|0|114|1|60|
13|373|216|0|114|1|60|
13|368|216|0|114|1|60|
13|1665|1080|0|114|1|60|
13|369|324|0|114|1|60|
13|367|216|0|114|1|60|
13|365|216|0|114|1|60|
13|365|324|0|114|1|60|
13|360|324|0|114|1|60|
13|371|324|0|114|1|60|
13|368|216|0|114|1|60|
13|374|216|0|114|1|60|
13|373|216|0|114|1|60|
13|380|324|0|114|1|60|
13|367|216|0|114|1|60|
13|379|216|0|114|1|60|
13|400|216|0|114|1|60|
13|379|324|0|114|1|60|
13|360|324|0|114|1|60|
13|376|216|0|114|1|60|
13|375|216|0|114|1|60|
13|364|216|0|114|1|60|
13|385|216|0|114|1|60|
13|383|216|0|114|1|60|
13|384|216|0|114|1|60|
13|370|324|0|114|1|60|
13|377|324|0|114|1|60|
13|367|108|0|114|1|60|
13|372|216|0|114|1|60|
13|366|216|0|114|1|60|
13|384|324|0|114|1|60|
13|336|324|0|114|1|60|
13|375|216|0|114|1|60|
13|377|324|0|114|1|60|
13|365|216|0|114|1|60|
13|362|216|0|114|1|60|
13|536|324|0|114|1|60|
13|369|324|0|114|1|60|
13|371|216|0|114|1|60|
13|374|216|0|114|1|60|
13|370|216|0|114|1|60|
13|380|216|0|114|1|60|
13|374|324|0|114|1|60|
13|371|216|0|114|1|60|
13|375|324|0|114|1|60|
13|367|216|0|114|1|60|
13|1049|864|0|114|1|60|
13|366|324|0|114|1|60|
13|340|324|0|114|1|60|
13|368|216|0|114|1|60|
13|361|324|0|114|1|60|
13|383|216|0|114|1|60|
13|365|216|0|114|1|60|
13|378|324|0|114|1|60|
13|383|324|0|114|1|60|
13|384|216|0|114|1|60|
13|386|324|0|114|1|60|
13|385|216|0|114|1|60|
13|346|324|0|114|1|60|
13|382|324|0|114|1|60|
13|376|216|0|114|1|60|
13|358|324|0|114|1|60|
13|383|324|0|114|1|60|
13|372|216|0|114|1|60|
13|368|216|0|114|1|60|
13|368|324|0|114|1|60|
13|726|540|0|114|1|60|
13|368|216|0|114|1|60|
13|369|216|0|114|1|60|
13|343|216|0|114|1|60|
13|375|216|0|114|1|60|
13|368|216|0|114|1|60|
13|370|216|0|114|1|60|
13|365|324|0|114|1|60|
13|1350|972|0|114|1|60|
13|368|216|0|114|1|60|
13|368|324|0|114|1|60|
13|370|216|0|114|1|60|
13|365|216|0|114|1|60|
13|564|432|0|114|1|60|
13|351|216|0|114|1|60|
13|353|216|0|114|1|60|
13|377|216|0|114|1|60|
13|362|216|0|114|1|60|
13|376|216|0|114|1|60|
13|384|216|0|114|1|60|
13|380|216|0|114|1|60|
13|383|216|0|114|1|60|
13|388|324|0|114|1|60|
13|380|216|0|114|1|60|
13|387|216|0|114|1|60|
13|382|324|0|114|1|60|
13|376|216|0|114|1|60|
13|380|324|0|114|1|60|
13|376|216|0|114|1|60|
13|372|324|0|114|1|60|
13|370|324|0|114|1|60|
13|363|216|0|114|1|60|
13|372|216|0|114|1|60|
13|371|324|0|114|1|60|
13|371|216|0|114|1|60|
13|378|216|0|114|1|60|
13|363|324|0|114|1|60|
13|1366|972|0|114|1|60|
13|363|216|0|114|1|60|
13|365|324|0|114|1|60|
13|369|432|0|114|1|60|
13|348|216|0|114|1|60|
13|359|216|0|114|1|60|
13|335|216|0|114|1|60|
13|362|216|0|114|1|60|
13|357|216|0|114|1|60|
13|389|324|0|235|1|57|
13|357|216|0|114|1|60|
13|476|324|0|114|1|60|
13|362|324|0|114|1|60|
13|376|216|0|114|1|60|
13|378|108|0|114|1|60|
13|384|216|0|114|1|60|
13|384|216|0|114|1|60|
13|384|216|0|114|1|60|
13|368|216|0|114|1|60|
13|380|324|0|114|1|60|
13|368|216|0|114|1|60|
13|379|216|0|114|1|60|
13|368|216|0|114|1|60|
13|378|324|0|114|1|60|
13|1228|864|0|114|1|60|
13|372|216|0|114|1|60|
13|372|216|0|114|1|60|
13|368|216|0|114|1|60|
13|369|324|0|114|1|60|
13|366|216|0|114|1|60|
13|367|216|0|114|1|60|
13|367|324|0|114|1|60|
13|368|216|0|114|1|60|
13|367|216|0|114|1|60|
13|375|216|0|114|1|60|
13|364|324|0|114|1|60|
13|366|216|0|114|1|60|
13|360|216|0|114|1|60|
13|375|216|0|114|1|60|
13|371|216|0|114|1|60|
13|366|324|0|114|1|60|
13|390|324|0|684|1|5|
13|345|324|0|114|1|60|
13|556|324|0|846|1|19|
13|372|216|0|114|1|60|
13|382|324|0|114|1|60|
13|392|324|0|114|1|60|
13|377|216|0|114|1|60|
13|384|216|0|114|1|60|
13|373|324|0|114|1|60|
13|376|324|0|114|1|60|
13|372|216|0|114|1|60|
13|378|216|0|114|1|60|
13|1095|864|0|114|1|60|
13|373|216|0|114|1|60|
13|365|216|0|114|1|60|
13|374|216|0|114|1|60|
13|367|216|0|114|1|60|
13|372|216|0|114|1|60|
13|366|324|0|114|1|60|
13|369|216|0|114|1|60|
13|365|216|0|114|1|60|
13|1130|756|0|114|1|60|
13|377|324|0|114|1|60|
13|357|324|0|114|1|60|
13|375|216|0|114|1|60|
13|1409|1080|0|114|1|60|
13|367|216|0|114|1|60|
13|375|324|0|114|1|60|
13|364|216|0|114|1|60|
13|341|216|0|114|1|60|
13|364|216|0|114|1|60|
13|366|324|0|114|1|60|
13|420|324|0|114|1|60|
13|341|216|0|114|1|60|
13|397|324|0|114|1|60|
13|358|324|0|114|1|60|
13|377|216|0|114|1|60|
13|376|216|0|114|1|60|
13|428|216|0|114|1|60|
13|381|324|0|114|1|60|
13|377|216|0|114|1|60|
13|373|324|0|114|1|60|
13|380|324|0|114|1|60|
13|374|216|0|114|1|60|
13|369|216|0|114|1|60|
13|372|324|0|114|1|60|
13|377|216|0|114|1|60|
13|372|216|0|114|1|60|
13|371|324|0|114|1|60|
13|363|216|0|114|1|60|
13|379|216|0|114|1|60|
13|373|324|0|114|1|60|
13|375|216|0|114|1|60|
13|350|324|0|114|1|60|
13|365|216|0|114|1|60|
13|333|216|0|114|1|60|
13|366|216|0|114|1|60|
13|334|324|0|114|1|60|
13|359|324|0|114|1|60|
13|366|216|0|114|1|60|
13|358|324|0|114|1|60|
13|376|216|0|114|1|60|
13|363|216|0|114|1|60|
13|361|216|0|114|1|60|
13|363|216|0|114|1|60|
13|331|216|0|114|1|60|
13|351|108|0|114|1|60|
13|377|216|0|114|1|60|
13|381|216|0|114|1|60|
13|364|216|0|114|1|60|
13|372|216|0|114|1|60|
13|372|324|0|114|1|60|
13|387|324|0|114|1|60|
13|376|324|0|114|1|60|
13|365|216|0|114|1|60|
13|376|216|0|114|1|60|
13|369|216|0|114|1|60|
13|370|216|0|114|1|60|
13|365|216|0|114|1|60|
13|369|216|0|114|1|60|
13|367|216|0|114|1|60|
13|359|216|0|114|1|60|
13|362|324|0|114|1|60|
13|365|324|0|114|1|60|
13|370|216|0|114|1|60|
13|1622|1080|0|114|1|60|
13|371|432|0|114|1|60|
13|367|216|0|114|1|60|
13|373|216|0|114|1|60|
13|369|216|0|114|1|60|
13|374|216|0|114|1|60|
13|376|216|0|114|1|60|
13|334|216|0|114|1|60|
13|364|216|0|114|1|60|
13|361|216|0|114|1|60|
13|381|324|0|278|1|57|
13|360|216|0|114|1|60|
13|404|216|0|255|1|60|
13|352|216|0|114|1|60|
13|382|216|0|114|1|60|
13|391|216|0|114|1|60|
13|385|216|0|114|1|60|
13|383|216|0|114|1|60|
13|387|216|0|114|1|60|
13|377|216|0|114|1|60|
13|381|216|0|114|1|60|
13|341|216|0|114|1|60|
13|381|216|0|114|1|60|
13|378|324|0|114|1|60|
13|365|216|0|114|1|60|
13|362|324|0|114|1|60|
13|368|216|0|114|1|60|
13|360|216|0|114|1|60|
13|373|216|0|114|1|60|
13|373|216|0|114|1|60|
13|374|216|0|114|1|60|
13|575|324|0|114|1|60|
13|377|324|0|114|1|60|
13|376|216|0|114|1|60|
13|362|216|0|114|1|60|
13|379|216|0|114|1|60|
13|368|216|0|114|1|60|
13|377|216|0|114|1|60|
13|373|216|0|114|1|60|
13|360|216|0|114|1|60|
13|360|216|0|114|1|60|
13|374|216|0|114|1|60|
13|355|216|0|114|1|60|
13|382|324|0|114|1|60|
13|401|216|0|255|1|58|
13|374|216|0|114|1|60|
13|381|216|0|114|1|60|
13|883|648|0|114|1|60|
13|396|216|0|114|1|60|
13|377|324|0|114|1|60|
13|374|324|0|114|1|60|
13|372|216|0|114|1|60|
13|375|324|0|114|1|60|
13|359|216|0|114|1|60|
13|385|324|0|114|1|60|
13|370|216|0|114|1|60|
13|377|324|0|114|1|60|
13|370|324|0|114|1|60|
13|387|324|0|114|1|60|
13|376|324|0|114|1|60|
13|372|324|0|114|1|60|
13|360|216|0|114|1|60|
13|334|216|0|114|1|60|
13|419|324|0|114|1|60|
13|368|216|0|114|1|60|
13|370|216|0|114|1|60|
13|376|216|0|114|1|60|
13|368|216|0|114|1|60|
13|367|324|0|114|1|60|
13|373|324|0|114|1|60|
13|364|216|0|114|1|60|
13|377|324|0|114|1|60|
13|357|216|0|114|1|60|
13|372|216|0|114|1|60|
13|351|324|0|114|1|60|
13|1535|1080|0|114|1|60|
13|366|324|0|114|1|60|
13|371|216|0|114|1|60|
13|343|108|0|114|1|60|
13|347|216|0|114|1|60|
13|377|216|0|114|1|60|
13|371|216|0|114|1|60|
13|377|324|0|114|1|60|
13|367|216|0|114|1|60|
13|375|216|0|114|1|60|
13|378|216|0|114|1|60|
13|369|324|0|114|1|60|
13|345|216|0|114|1|60|
13|368|324|0|114|1|60|
13|370|216|0|114|1|60|
13|370|216|0|114|1|60|
13|360|216|0|114|1|60|
13|370|216|0|114|1|60|
13|373|216|0|114|1|60|
13|1052|756|0|114|1|60|
13|347|216|0|114|1|60|
13|372|216|0|114|1|60|
13|361|216|0|114|1|60|
13|370|216|0|114|1|60|
13|364|324|0|114|1|60|
13|381|216|0|114|1|60|
13|373|216|0|114|1|60|
13|370|216|0|114|1|60|
13|379|216|0|114|1|60|
13|1569|1080|0|114|1|60|
13|443|324|0|114|1|60|
13|364|216|0|114|1|60|
13|383|216|0|114|1|60|
13|443|216|0|114|1|60|
13|352|216|0|114|1|60|
13|379|216|0|114|1|60|
13|380|108|0|114|1|60|
13|389|216|0|114|1|60|
13|377|324|0|114|1|60|
13|380|216|0|114|1|60|
13|382|324|0|114|1|60|
13|367|216|0|114|1|60|
13|355|216|0|114|1|60|
13|366|216|0|114|1|60|
13|368|216|0|114|1|60|
13|360|216|0|114|1|60|
13|370|216|0|114|1|60|
13|366|216|0|114|1|60|
13|367|216|0|114|1|60|
13|347|324|0|114|1|60|
13|377|324|0|114|1|60|
13|367|324|0|114|1|60|
13|365|216|0|114|1|60|
13|1396|864|0|114|1|60|
13|345|216|0|114|1|60|
13|378|216|0|114|1|60|
13|373|216|0|114|1|60|
13|366|216|0|114|1|60|
13|377|216|0|114|1|60|
13|368|216|0|114|1|60|
13|402|432|0|114|1|60|
13|361|324|0|114|1|60|
13|489|324|0|114|1|60|
13|413|216|0|114|1|60|
13|355|216|0|114|1|60|
13|377|324|0|114|1|60|
13|380|216|0|114|1|60|
13|383|216|0|114|1|60|
13|381|216|0|114|1|60|
13|374|216|0|114|1|60|
13|375|324|0|114|1|60|
13|376|324|0|114|1|60|
13|373|324|0|114|1|60|
13|1485|972|0|114|1|60|
13|368|216|0|114|1|60|
13|367|216|0|114|1|60|
13|367|216|0|114|1|60|
13|365|216|0|114|1|60|
13|373|216|0|114|1|60|
13|383|216|0|114|1|60|
13|366|324|0|114|1|60|
13|383|216|0|114|1|60|
13|361|216|0|114|1|60|
13|375|324|0|114|1|60|
13|371|216|0|114|1|60|
13|377|324|0|114|1|60|
13|365|216|0|114|1|60|
13|371|216|0|114|1|60|
13|370|432|0|114|1|60|
13|369|216|0|114|1|60|
13|365|216|0|114|1|60|
13|372|216|0|114|1|60|
13|366|324|0|114|1|60|
13|335|216|0|114|1|60|
13|336|216|0|114|1|60|
13|360|324|0|114|1|60|
13|365|108|0|114|1|60|
13|376|108|0|114|1|60|
13|379|324|0|114|1|60|
13|380|216|0|114|1|60|
13|373|216|0|114|1|60|
13|380|324|0|114|1|60|
13|365|324|0|114|1|60|
13|387|216|0|114|1|60|
13|575|432|0|114|1|60|
13|368|216|0|114|1|60|
13|373|216|0|114|1|60|
13|365|216|0|114|1|60|
13|371|324|0|114|1|60|
13|367|324|0|114|1|60|
13|363|216|0|114|1|60|
13|376|216|0|114|1|60|
13|1094|756|0|114|1|60|
13|382|216|0|114|1|60|
13|366|216|0|114|1|60|
13|369|216|0|114|1|60|
13|375|324|0|114|1|60|
13|362|216|0|114|1|60|
13|380|324|0|114|1|60|
13|391|324|0|600|1|1|
13|408|216|0|742|1|0|
13|365|216|0|114|1|60|
13|348|216|0|114|1|60|
13|376|324|0|114|1|60|
13|348|324|0|114|1|60|
13|375|324|0|251|1|33|
13|363|216|0|114|1|60|
13|373|216|0|114|1|60|
13|359|216|0|114|1|60|
13|363|216|0|114|1|60|
13|388|216|0|114|1|60|
13|387|216|0|114|1|60|
13|377|216|0|114|1|60|
13|381|324|0|114|1|60|
13|369|324|0|114|1|60|
13|363|216|0|114|1|60|
13|368|324|0|114|1|60|
13|381|216|0|114|1|60|
13|369|324|0|114|1|60|
13|760|432|0|114|1|60|
13|367|216|0|114|1|60|
13|376|216|0|114|1|60|
13|375|216|0|114|1|60|
13|371|216|0|114|1|60|
13|364|216|0|114|1|60|
13|376|216|0|114|1|60|
13|337|216|0|114|1|60|
13|376|216|0|114|1|60|
13|368|216|0|114|1|60|
13|373|216|0|114|1|60|
13|375|216|0|114|1|60|
13|373|216|0|114|1|60|
13|375|324|0|114|1|60|
13|363|216|0|114|1|60|
13|1263|756|0|114|1|60|
13|363|324|0|114|1|60|
13|365|216|0|114|1|60|
13|345|216|0|114|1|60|
13|337|324|0|114|1|60|
13|351|324|0|114|1|60|
13|365|108|0|114|1|60|
13|375|216|0|114|1|60|
13|381|324|0|114|1|60|
13|388|324|0|114|1|60|
13|372|216|0|114|1|60|
13|420|324|0|114|1|60|
13|370|324|0|114|1|60|
13|378|216|0|114|1|60|
13|374|216|0|114|1|60|
13|366|324|0|114|1|60|
13|379|216|0|114|1|60|
13|359|216|0|114|1|60|
13|372|216|0|114|1|60|
13|361|216|0|114|1|60|
13|362|216|0|114|1|60|
13|375|324|0|114|1|60|
13|364|324|0|114|1|60|
13|367|216|0|114|1|60|
13|371|216|0|114|1|60|
13|1345|864|0|114|1|60|
13|339|216|0|114|1|60|
13|368|324|0|114|1|60|
13|373|216|0|114|1|60|
13|355|216|0|114|1|60|
13|373|324|0|114|1|60|
13|369|432|0|114|1|60|
13|370|216|0|114|1|60|
13|342|216|0|114|1|60|
13|374|216|0|114|1|60|
13|349|324|0|114|1|60|
13|375|216|0|114|1|60|
13|350|216|0|114|1|60|
13|406|216|0|378|1|59|
13|358|216|0|114|1|60|
13|347|108|0|114|1|60|
13|376|216|0|114|1|60|
13|385|216|0|114|1|60|
13|374|216|0|114|1|60|
13|367|216|0|114|1|60|
13|735|432|0|114|1|60|
13|377|216|0|114|1|60|
13|367|216|0|114|1|60|
13|378|216|0|114|1|60|
13|367|216|0|114|1|60|
13|418|216|0|114|1|60|
13|367|324|0|114|1|60|
13|380|216|0|114|1|60|
13|375|216|0|114|1|60|
13|383|216|0|114|1|60|
13|365|216|0|114|1|60|
13|365|216|0|114|1|60|
13|365|216|0|114|1|60|
13|377|216|0|114|1|60|
13|361|216|0|114|1|60|
13|646|432|0|114|1|60|
13|364|216|0|114|1|60|
13|373|324|0|114|1|60|
13|361|216|0|114|1|60|
13|367|324|0|114|1|60|
13|378|324|0|114|1|60|
13|369|216|0|114|1|60|
13|375|216|0|114|1|60|
13|389|324|0|317|1|38|
13|347|216|0|114|1|60|
13|666|540|0|114|1|60|
13|377|324|0|114|1|60|
13|381|108|0|114|1|60|
13|392|216|0|114|1|60|
13|394|216|0|114|1|60|
13|382|324|0|114|1|60|
13|1008|540|0|114|1|60|
13|558|432|0|114|1|60|
13|344|216|0|114|1|60|
13|371|216|0|114|1|60|
13|365|216|0|114|1|60|
13|372|324|0|114|1|60|
13|374|216|0|114|1|60|
13|378|216|0|114|1|60|
13|368|216|0|114|1|60|
13|378|324|0|114|1|60|
13|366|216|0|114|1|60|
13|365|216|0|114|1|60|
13|1285|756|0|114|1|60|
13|375|324|0|114|1|60|
13|366|324|0|114|1|60|
13|361|216|0|114|1|60|
13|361|324|0|114|1|60|
13|365|324|0|114|1|60|
13|370|324|0|114|1|60|
13|362|324|0|114|1|60|
13|372|324|0|114|1|60|
13|367|324|0|114|1|60|
13|374|216|0|114|1|60|
13|882|540|0|114|1|60|
13|348|216|0|114|1|60|
13|363|216|0|114|1|60|
13|391|216|0|207|1|47|
13|383|216|0|114|1|60|
13|384|216|0|114|1|60|
13|378|216|0|114|1|60|
13|389|216|0|114|1|60|
13|375|216|0|114|1|60|
13|354|324|0|114|1|60|
13|654|540|0|114|1|60|
13|366|216|0|114|1|60|
13|380|216|0|114|1|60|
13|370|324|0|114|1|60|
13|367|216|0|114|1|60|
13|379|324|0|114|1|60|
13|372|216|0|114|1|60|
13|377|216|0|114|1|60|
13|365|324|0|114|1|60|
13|360|216|0|114|1|60|
13|1600|1080|0|114|1|60|
13|364|324|0|114|1|60|
13|359|216|0|114|1|60|
13|369|324|0|114|1|60|
13|362|216|0|114|1|60|
13|371|216|0|114|1|60|
13|365|216|0|114|1|60|
13|370|216|0|114|1|60|
13|375|216|0|114|1|60|
13|367|216|0|114|1|60|
13|342|324|0|114|1|60|
13|375|324|0|114|1|60|
13|368|324|0|114|1|60|
13|420|216|0|114|1|60|
13|513|324|0|114|1|60|
13|359|324|0|114|1|60|
13|387|216|0|114|1|60|
13|384|324|0|114|1|60|
13|389|324|0|114|1|60|
13|375|216|0|114|1|60|
13|361|216|0|114|1|60|
13|376|216|0|114|1|60|
13|380|216|0|114|1|60|
13|370|324|0|114|1|60|
13|370|216|0|114|1|60|
13|345|216|0|114|1|60|
13|375|324|0|114|1|60|
13|372|324|0|114|1|60|
13|363|108|0|114|1|60|
13|363|324|0|114|1|60|
13|368|324|0|114|1|60|
13|361|216|0|114|1|60|
13|369|216|0|114|1|60|
13|346|216|0|114|1|60|
13|1413|1080|0|114|1|60|
13|377|216|0|114|1|60|
13|369|216|0|114|1|60|
13|343|324|0|114|1|60|
13|360|216|0|114|1|60|
13|366|216|0|114|1|60|
13|380|324|0|114|1|60|
13|357|216|0|114|1|60|
13|369|216|0|114|1|60|
13|355|216|0|114|1|60|
