INSTRUCTIONS_RETIRED|CYCLES|UNKNOWN|LD_BLOCKS.STORE_FORWARD|UOPS_EXECUTED.CORE|BR_MISP_RETIRED.ALL_BRANCHES|UOPS_ISSUED.SLOW_LEA|
13|352|216|0|137|1|119|
13|393|216|0|150|1|119|
13|368|216|0|142|1|119|
13|376|324|0|145|1|119|
13|1788|1080|0|175|1|119|
13|360|324|0|139|1|119|
13|389|324|0|149|1|119|
13|383|216|0|147|1|119|
13|395|216|0|151|1|119|
13|384|108|0|147|1|119|
13|386|216|0|148|1|119|
13|384|324|0|148|1|119|
13|385|216|0|148|1|119|
13|374|216|0|144|1|119|
13|372|216|0|143|1|119|
13|383|216|0|147|1|119|
13|383|324|0|147|1|119|
13|389|216|0|149|1|119|
13|381|324|0|146|1|119|
13|383|216|0|147|1|119|
13|366|324|0|142|1|119|
13|344|216|0|135|1|119|
13|372|216|0|143|1|119|
13|371|324|0|142|1|119|
13|419|216|0|159|1|119|
13|378|216|0|146|1|119|
13|346|216|0|135|1|119|
13|395|216|0|151|1|119|
13|484|216|0|175|1|119|
13|384|324|0|147|1|119|
13|1772|1080|0|175|1|119|
13|379|216|0|145|1|119|
13|390|324|0|149|1|119|
13|383|216|0|147|1|119|
13|391|216|0|150|1|119|
13|376|216|0|145|1|119|
13|385|216|0|148|1|119|
13|385|324|0|148|1|119|
13|425|216|0|161|1|119|
13|377|324|0|145|1|119|
13|368|216|0|143|1|119|
13|382|324|0|147|1|119|
13|390|216|0|149|1|119|
13|391|216|0|150|1|119|
13|387|216|0|148|1|119|
13|392|216|0|151|1|119|
13|379|108|0|146|1|119|
13|390|216|0|149|1|119|
13|388|216|0|149|1|119|
13|377|216|0|145|1|119|
13|1343|864|0|175|1|119|
13|386|216|0|148|1|119|
13|383|216|0|147|1|119|
13|387|216|0|148|1|119|
13|352|216|0|137|1|119|
13|382|216|0|147|1|119|
13|393|216|0|150|1|119|
13|355|324|0|138|1|119|
13|344|216|0|134|1|119|
13|366|216|0|141|1|119|
13|387|216|0|148|1|119|
13|355|324|0|138|1|119|
13|360|216|0|139|1|119|
13|386|216|0|149|1|119|
13|388|216|0|149|1|119|
13|389|216|0|150|1|119|
13|382|216|0|146|1|119|
13|391|216|0|150|1|119|
13|379|216|0|146|1|119|
13|395|216|0|151|1|119|
13|392|216|0|150|1|119|
13|367|216|0|141|1|119|
13|395|216|0|150|1|119|
13|366|216|0|141|1|119|
13|389|324|0|148|1|119|
13|400|216|0|153|1|119|
13|388|216|0|149|1|119|
13|387|324|0|148|1|119|
13|389|216|0|149|1|119|
13|1809|1296|0|175|1|119|
13|396|324|0|151|1|119|
13|381|216|0|147|1|119|
13|384|324|0|147|1|119|
13|387|324|0|148|1|119|
13|383|216|0|147|1|119|
13|379|324|0|146|1|119|
13|397|216|0|151|1|119|
13|386|324|0|149|1|119|
13|367|324|0|142|1|119|
13|348|108|0|136|1|119|
13|352|216|0|137|1|119|
13|364|216|0|141|1|119|
13|390|216|0|150|1|119|
13|392|216|0|150|1|119|
13|391|216|0|150|1|119|
13|385|324|0|147|1|119|
13|386|216|0|148|1|119|
13|392|324|0|150|1|119|
13|394|216|0|151|1|119|
13|396|324|0|151|1|119|
13|393|324|0|150|1|119|
13|379|324|0|145|1|119|
13|387|324|0|149|1|119|
13|387|216|0|148|1|119|
13|394|324|0|150|1|119|
13|381|216|0|147|1|119|
13|378|324|0|145|1|119|
13|392|216|0|150|1|119|
13|385|216|0|148|1|119|
13|379|108|0|145|1|119|
13|388|216|0|149|1|119|
13|362|324|0|141|1|119|
13|382|216|0|146|1|119|
13|398|216|0|152|1|119|
13|381|216|0|147|1|119|
13|393|324|0|150|1|119|
13|1127|756|0|175|1|119|
13|380|216|0|146|1|119|
13|381|324|0|146|1|119|
13|345|216|0|135|1|119|
13|351|108|0|136|1|119|
13|383|216|0|147|1|119|
13|390|324|0|149|1|119|
13|381|324|0|146|1|119|
13|435|324|0|164|1|119|
13|381|216|0|147|1|119|
13|1383|864|0|175|1|119|
13|366|216|0|141|1|119|
13|390|324|0|149|1|119|
13|390|216|0|149|1|119|
13|388|324|0|149|1|119|
13|390|216|0|149|1|119|
13|377|216|0|145|1|119|
13|386|324|0|148|1|119|
13|390|216|0|149|1|119|
13|389|216|0|150|1|119|
13|1560|1080|0|175|1|119|
13|389|216|0|150|1|119|
13|380|324|0|146|1|119|
13|394|324|0|151|1|119|
13|394|216|0|151|1|119|
13|1546|972|0|175|1|119|
13|396|216|0|151|1|119|
13|380|324|0|146|1|119|
13|389|324|0|149|1|119|
13|350|216|0|136|1|119|
13|515|324|0|175|1|119|
13|426|324|0|161|1|119|
13|392|216|0|150|1|119|
13|360|216|0|139|1|119|
13|385|216|0|147|1|119|
13|358|216|0|139|1|119|
13|389|216|0|149|1|119|
13|360|324|0|139|1|119|
13|377|216|0|145|1|119|
13|391|216|0|149|1|119|
13|394|216|0|151|1|119|
13|390|324|0|149|1|119|
13|387|324|0|149|1|119|
13|384|216|0|147|1|119|
13|393|324|0|150|1|119|
13|380|216|0|146|1|119|
13|1425|864|0|175|1|119|
13|381|216|0|146|1|119|
13|388|216|0|149|1|119|
13|998|756|0|175|1|119|
13|393|216|0|150|1|119|
13|395|216|0|152|1|119|
13|354|216|0|137|1|119|
13|380|216|0|147|1|119|
13|365|324|0|141|1|119|
13|394|216|0|150|1|119|
13|390|216|0|149|1|119|
13|394|216|0|151|1|119|
13|391|324|0|149|1|119|
13|379|216|0|146|1|119|
13|382|216|0|147|1|119|
13|394|216|0|151|1|119|
13|382|324|0|146|1|119|
13|365|324|0|140|1|119|
13|395|324|0|151|1|119|
13|359|108|0|140|1|119|
13|390|216|0|149|1|119|
13|386|216|0|148|1|119|
13|388|216|0|148|1|119|
13|386|216|0|148|1|119|
13|394|216|0|150|1|119|
13|383|216|0|147|1|119|
13|400|216|0|153|1|119|
13|385|324|0|148|1|119|
13|361|324|0|140|1|119|
13|1323|864|0|175|1|119|
13|378|108|0|146|1|119|
13|384|324|0|148|1|119|
13|382|324|0|147|1|119|
13|391|324|0|149|1|119|
13|383|324|0|147|1|119|
13|389|324|0|149|1|119|
13|396|216|0|151|1|119|
13|385|324|0|148|1|119|
13|381|324|0|146|1|119|
13|385|216|0|148|1|119|
13|496|324|0|175|1|119|
13|394|216|0|150|1|119|
13|379|108|0|145|1|119|
13|389|216|0|150|1|119|
13|996|648|0|175|1|119|
13|391|324|0|150|1|119|
13|383|216|0|147|1|119|
13|379|216|0|145|1|119|
13|1797|1188|0|175|1|119|
13|525|324|0|175|1|119|
13|393|216|0|150|1|119|
13|380|216|0|146|1|119|
13|378|324|0|146|1|119|
13|391|216|0|150|1|119|
13|376|324|0|144|1|119|
13|385|216|0|148|1|119|
13|396|216|0|151|1|119|
13|385|216|0|147|1|119|
13|355|216|0|138|1|119|
13|397|216|0|152|1|119|
13|390|216|0|149|1|119|
13|392|216|0|151|1|119|
13|378|216|0|146|1|119|
13|395|324|0|151|1|119|
13|348|108|0|136|1|119|
13|390|216|0|149|1|119|
13|378|216|0|145|1|119|
13|377|216|0|146|1|119|
13|374|108|0|144|1|119|
13|380|324|0|146|1|119|
13|376|324|0|144|1|119|
13|382|324|0|146|1|119|
13|387|216|0|148|1|119|
13|380|324|0|146|1|119|
13|391|324|0|150|1|119|
13|355|108|0|137|1|119|
13|377|216|0|145|1|119|
13|382|324|0|147|1|119|
13|391|216|0|149|1|119|
13|490|324|0|175|1|119|
13|395|216|0|151|1|119|
13|388|324|0|149|1|119|
13|585|324|0|175|1|119|
13|395|324|0|151|1|119|
13|395|216|0|151|1|119|
13|394|216|0|151|1|119|
13|389|216|0|150|1|119|
13|367|216|0|142|1|119|
13|386|216|0|148|1|119|
13|379|324|0|146|1|119|
13|387|216|0|148|1|119|
13|1620|1080|0|175|1|119|
13|380|216|0|146|1|119|
13|389|324|0|149|1|119|
13|377|216|0|145|1|119|
13|365|324|0|141|1|119|
13|391|216|0|150|1|119|
13|377|324|0|145|1|119|
13|383|216|0|147|1|119|
13|1197|756|0|175|1|119|
13|386|216|0|148|1|119|
13|382|216|0|147|1|119|
13|380|324|0|146|1|119|
13|388|324|0|149|1|119|
13|384|216|0|148|1|119|
13|434|324|0|163|1|119|
13|383|108|0|147|1|119|
13|352|216|0|136|1|119|
13|389|216|0|149|1|119|
13|354|216|0|137|1|119|
13|1401|864|0|175|1|119|
13|366|324|0|141|1|119|
13|378|216|0|145|1|119|
13|358|216|0|139|1|119|
13|378|216|0|146|1|119|
13|363|216|0|140|1|119|
13|389|216|0|149|1|119|
13|384|216|0|147|1|119|
13|391|216|0|150|1|119|
13|381|216|0|146|1|119|
13|383|216|0|147|1|119|
13|392|216|0|150|1|119|
13|386|216|0|148|1|119|
13|355|108|0|137|1|119|
13|395|324|0|151|1|119|
13|397|324|0|151|1|119|
13|389|324|0|150|1|119|
13|379|216|0|146|1|119|
13|381|216|0|146|1|119|
13|1101|648|0|175|1|119|
13|379|216|0|146|1|119|
13|393|216|0|150|1|119|
13|381|324|0|147|1|119|
13|379|216|0|146|1|119|
13|380|216|0|146|1|119|
13|366|216|0|141|1|119|
13|384|216|0|147|1|119|
13|396|216|0|151|1|119|
13|379|216|0|146|1|119|
13|361|216|0|139|1|119|
13|387|216|0|148|1|119|
13|378|216|0|146|1|119|
13|352|324|0|137|1|119|
13|394|324|0|151|1|119|
13|384|324|0|147|1|119|
13|388|216|0|148|1|119|
13|406|324|0|154|1|119|
13|1779|1188|0|175|1|119|
13|382|216|0|147|1|119|
13|379|324|0|145|1|119|
13|375|324|0|144|1|119|
13|374|108|0|145|1|119|
13|378|324|0|145|1|119|
13|378|216|0|145|1|119|
13|382|216|0|146|1|119|
13|391|216|0|149|1|119|
13|379|216|0|145|1|119|
13|355|108|0|138|1|119|
13|385|216|0|147|1|119|
13|380|324|0|146|1|119|
13|390|216|0|149|1|119|
13|389|324|0|150|1|119|
13|391|216|0|150|1|119|
13|384|216|0|147|1|119|
13|383|216|0|147|1|119|
13|386|216|0|148|1|119|
13|409|324|0|156|1|119|
13|388|216|0|148|1|119|
13|361|216|0|140|1|119|
13|397|324|0|151|1|119|
13|359|324|0|140|1|119|
13|376|216|0|145|1|119|
13|1713|1080|0|175|1|119|
13|361|216|0|140|1|119|
13|383|216|0|147|1|119|
13|377|216|0|146|1|119|
13|394|216|0|151|1|119|
13|395|216|0|151|1|119|
13|384|216|0|147|1|119|
13|386|216|0|148|1|119|
13|380|216|0|146|1|119|
13|387|216|0|148|1|119|
13|387|216|0|148|1|119|
13|378|216|0|146|1|119|
13|382|216|0|146|1|119|
13|385|216|0|148|1|119|
13|386|324|0|148|1|119|
13|382|216|0|147|1|119|
13|759|540|0|175|1|119|
13|377|216|0|145|1|119|
13|383|324|0|147|1|119|
13|388|216|0|148|1|119|
13|388|216|0|148|1|119|
13|384|216|0|148|1|119|
13|390|216|0|149|1|119|
13|385|216|0|148|1|119|
13|390|216|0|149|1|119|
13|387|216|0|148|1|119|
13|384|216|0|148|1|119|
13|362|108|0|141|1|119|
13|389|324|0|149|1|119|
13|387|216|0|148|1|119|
13|390|324|0|149|1|119|
13|382|216|0|146|1|119|
13|377|324|0|145|1|119|
13|382|216|0|147|1|119|
13|365|324|0|141|1|119|
13|393|216|0|151|1|119|
13|382|216|0|147|1|119|
13|382|216|0|147|1|119|
13|380|216|0|146|1|119|
13|385|216|0|147|1|119|
13|391|216|0|150|1|119|
13|378|108|0|145|1|119|
13|382|324|0|147|1|119|
13|380|216|0|146|1|119|
13|373|216|0|144|1|119|
13|395|324|0|151|1|119|
13|392|324|0|150|1|119|
13|386|216|0|149|1|119|
13|394|324|0|150|1|119|
13|378|324|0|146|1|119|
13|363|324|0|140|1|119|
13|372|216|0|143|1|119|
13|378|216|0|145|1|119|
13|379|216|0|145|1|119|
13|350|216|0|136|1|119|
13|381|216|0|146|1|119|
13|378|216|0|145|1|119|
13|362|324|0|140|1|119|
13|559|324|0|175|1|119|
13|350|216|0|136|1|119|
13|376|216|0|145|1|119|
13|383|324|0|147|1|119|
13|378|216|0|146|1|119|
13|376|216|0|145|1|119|
13|387|324|0|149|1|119|
13|386|324|0|148|1|119|
13|354|216|0|137|1|119|
13|383|216|0|146|1|119|
13|387|216|0|149|1|119|
13|381|216|0|146|1|119|
13|387|324|0|148|1|119|
13|396|324|0|152|1|119|
13|384|216|0|147|1|119|
13|376|216|0|145|1|119|
13|384|216|0|147|1|119|
13|392|324|0|150|1|119|
13|356|216|0|138|1|119|
13|390|324|0|149|1|119|
13|388|216|0|148|1|119|
13|390|324|0|149|1|119|
13|386|324|0|148|1|119|
13|397|216|0|151|1|119|
13|395|216|0|151|1|119|
13|395|216|0|151|1|119|
13|399|216|0|152|1|119|
13|390|324|0|149|1|119|
13|395|216|0|151|1|119|
13|360|216|0|140|1|119|
13|388|324|0|149|1|119|
13|388|216|0|148|1|119|
13|390|216|0|149|1|119|
13|384|216|0|148|1|119|
13|389|216|0|150|1|119|
13|382|216|0|146|1|119|
13|394|216|0|151|1|119|
13|391|216|0|150|1|119|
13|1809|1080|0|175|1|119|
13|385|324|0|148|1|119|
13|392|216|0|150|1|119|
13|387|324|0|148|1|119|
13|394|324|0|150|1|119|
13|389|324|0|149|1|119|
13|381|216|0|146|1|119|
13|386|324|0|148|1|119|
13|379|324|0|146|1|119|
13|382|216|0|147|1|119|
13|391|324|0|149|1|119|
13|380|216|0|147|1|119|
13|383|216|0|147|1|119|
13|393|216|0|151|1|119|
13|395|216|0|150|1|119|
13|386|324|0|148|1|119|
13|392|324|0|150|1|119|
13|382|108|0|147|1|119|
13|388|216|0|149|1|119|
13|363|216|0|140|1|119|
13|378|324|0|145|1|119|
13|366|216|0|141|1|119|
13|388|324|0|148|1|119|
13|390|216|0|149|1|119|
13|531|432|0|175|1|119|
13|386|324|0|148|1|119|
13|395|216|0|151|1|119|
13|382|216|0|147|1|119|
13|377|216|0|146|1|119|
13|385|216|0|148|1|119|
13|966|540|0|175|1|119|
13|378|216|0|145|1|119|
13|388|216|0|149|1|119|
13|389|216|0|149|1|119|
13|389|216|0|149|1|119|
13|386|324|0|147|1|119|
13|389|216|0|149|1|119|
13|384|216|0|147|1|119|
13|376|324|0|145|1|119|
13|390|216|0|150|1|119|
13|381|216|0|146|1|119|
13|387|216|0|148|1|119|
13|376|324|0|145|1|119|
13|378|324|0|145|1|119|
13|388|216|0|148|1|119|
13|375|216|0|144|1|119|
13|390|216|0|149|1|119|
13|374|216|0|145|1|119|
13|389|216|0|149|1|119|
13|548|216|0|175|1|119|
13|388|324|0|149|1|119|
13|1077|756|0|175|1|119|
13|376|324|0|144|1|119|
13|474|324|0|175|1|119|
13|376|216|0|144|1|119|
13|393|216|0|150|1|119|
13|380|216|0|146|1|119|
13|392|216|0|150|1|119|
13|390|216|0|149|1|119|
13|395|216|0|151|1|119|
13|752|540|0|175|1|119|
13|387|216|0|149|1|119|
13|362|216|0|140|1|119|
13|368|324|0|142|1|119|
13|386|216|0|148|1|119|
13|385|324|0|148|1|119|
13|389|216|0|149|1|119|
13|353|108|0|137|1|119|
13|388|216|0|148|1|119|
13|1024|648|0|175|1|119|
13|383|216|0|147|1|119|
13|386|216|0|148|1|119|
13|389|324|0|149|1|119|
13|376|216|0|145|1|119|
13|395|324|0|151|1|119|
13|389|216|0|149|1|119|
13|386|216|0|148|1|119|
13|353|216|0|136|1|119|
13|353|324|0|137|1|119|
13|356|108|0|138|1|119|
13|359|216|0|139|1|119|
13|392|324|0|150|1|119|
13|382|216|0|147|1|119|
13|366|216|0|141|1|119|
13|383|108|0|147|1|119|
13|382|216|0|146|1|119|
13|386|324|0|148|1|119|
13|376|324|0|145|1|119|
13|377|216|0|145|1|119|
13|389|216|0|149|1|119|
13|394|216|0|150|1|119|
13|390|324|0|149|1|119|
13|382|324|0|147|1|119|
13|397|324|0|151|1|119|
13|380|216|0|146|1|119|
13|396|216|0|151|1|119|
13|393|216|0|151|1|119|
13|382|324|0|146|1|119|
13|382|324|0|146|1|119|
13|680|432|0|175|1|119|
13|429|216|0|162|1|119|
13|385|216|0|147|1|119|
13|386|324|0|147|1|119|
13|384|216|0|148|1|119|
13|382|216|0|147|1|119|
13|1830|1188|0|175|1|119|
13|409|216|0|155|1|119|
13|388|216|0|149|1|119|
13|503|324|0|175|1|119|
13|361|108|0|140|1|119|
13|396|324|0|151|1|119|
13|395|324|0|151|1|119|
13|379|324|0|146|1|119|
13|399|216|0|152|1|119|
13|387|216|0|148|1|119|
13|395|216|0|151|1|119|
13|388|324|0|148|1|119|
13|392|324|0|150|1|119|
13|393|216|0|150|1|119|
13|393|216|0|150|1|119|
13|393|216|0|150|1|119|
13|396|216|0|151|1|119|
13|386|216|0|148|1|119|
13|381|216|0|146|1|119|
13|391|216|0|149|1|119|
13|382|216|0|147|1|119|
13|390|216|0|149|1|119|
13|388|216|0|148|1|119|
13|393|216|0|151|1|119|
13|381|216|0|146|1|119|
13|375|216|0|145|1|119|
13|382|216|0|146|1|119|
13|379|324|0|146|1|119|
13|1152|648|0|175|1|119|
13|397|216|0|151|1|119|
13|389|216|0|149|1|119|
13|382|216|0|147|1|119|
13|381|216|0|146|1|119|
13|397|324|0|151|1|119|
13|384|324|0|147|1|119|
13|347|216|0|136|1|119|
13|352|216|0|136|1|119|
13|362|324|0|140|1|119|
13|376|324|0|145|1|119|
13|381|324|0|146|1|119|
13|388|216|0|148|1|119|
13|367|324|0|141|1|119|
13|386|216|0|148|1|119|
13|377|324|0|145|1|119|
13|391|216|0|150|1|119|
13|374|216|0|145|1|119|
13|390|324|0|149|1|119|
13|386|324|0|148|1|119|
13|388|324|0|149|1|119|
13|385|216|0|147|1|119|
13|391|324|0|150|1|119|
13|393|216|0|150|1|119|
13|389|216|0|149|1|119|
13|387|216|0|148|1|119|
13|394|216|0|151|1|119|
13|378|216|0|145|1|119|
13|388|216|0|149|1|119|
13|377|216|0|145|1|119|
13|376|324|0|145|1|119|
13|393|216|0|150|1|119|
13|392|216|0|151|1|119|
13|392|216|0|151|1|119|
13|379|324|0|146|1|119|
13|364|216|0|140|1|119|
13|357|108|0|138|1|119|
13|363|324|0|140|1|119|
13|354|108|0|137|1|119|
13|455|216|0|171|1|119|
13|380|216|0|146|1|119|
13|395|216|0|150|1|119|
13|395|216|0|151|1|119|
13|392|216|0|151|1|119|
13|389|216|0|149|1|119|
13|385|324|0|148|1|119|
13|389|216|0|148|1|119|
13|384|216|0|148|1|119|
13|378|324|0|145|1|119|
13|391|216|0|149|1|119|
13|375|216|0|144|1|119|
13|375|108|0|144|1|119|
13|379|324|0|145|1|119|
13|377|216|0|145|1|119|
13|384|216|0|147|1|119|
13|377|216|0|145|1|119|
13|382|216|0|147|1|119|
13|397|216|0|152|1|119|
13|391|216|0|150|1|119|
13|379|216|0|146|1|119|
13|380|216|0|146|1|119|
13|380|216|0|146|1|119|
13|376|216|0|145|1|119|
13|372|324|0|144|1|119|
13|828|540|0|175|1|119|
13|360|324|0|139|1|119|
13|385|324|0|148|1|119|
13|383|216|0|147|1|119|
13|359|216|0|139|1|119|
13|364|108|0|140|1|119|
13|379|216|0|146|1|119|
13|381|216|0|146|1|119|
13|396|324|0|151|1|119|
13|393|324|0|150|1|119|
13|379|216|0|146|1|119|
13|375|216|0|145|1|119|
13|382|324|0|146|1|119|
13|377|216|0|145|1|119|
13|383|108|0|147|1|119|
13|373|324|0|144|1|119|
13|370|216|0|142|1|119|
13|395|216|0|151|1|119|
13|395|216|0|151|1|119|
13|396|216|0|151|1|119|
13|386|216|0|147|1|119|
13|398|324|0|151|1|119|
13|385|324|0|147|1|119|
13|386|324|0|148|1|119|
13|391|216|0|150|1|119|
13|387|216|0|148|1|119|
13|385|216|0|147|1|119|
13|387|324|0|148|1|119|
13|394|216|0|150|1|119|
13|355|324|0|137|1|119|
13|369|216|0|142|1|119|
13|384|216|0|147|1|119|
13|356|216|0|138|1|119|
13|362|216|0|140|1|119|
13|453|324|0|170|1|119|
13|388|216|0|149|1|119|
13|409|324|0|155|1|119|
13|389|216|0|149|1|119|
13|384|216|0|147|1|119|
13|1765|1080|0|175|1|119|
13|382|216|0|146|1|119|
13|393|216|0|150|1|119|
13|387|216|0|148|1|119|
13|393|324|0|150|1|119|
13|389|324|0|150|1|119|
13|392|216|0|150|1|119|
13|381|216|0|146|1|119|
13|387|216|0|148|1|119|
13|354|216|0|137|1|119|
13|385|216|0|147|1|119|
13|380|216|0|146|1|119|
13|374|324|0|144|1|119|
13|393|324|0|150|1|119|
13|383|108|0|146|1|119|
13|391|216|0|150|1|119|
13|380|216|0|146|1|119|
13|382|216|0|147|1|119|
13|392|216|0|150|1|119|
13|384|216|0|147|1|119|
13|382|216|0|147|1|119|
13|1622|1080|0|175|1|119|
13|383|216|0|147|1|119|
13|393|324|0|150|1|119|
13|366|108|0|141|1|119|
13|370|216|0|142|1|119|
13|380|216|0|146|1|119|
13|356|324|0|137|1|119|
13|352|324|0|136|1|119|
13|378|324|0|146|1|119|
13|378|324|0|145|1|119|
13|379|324|0|145|1|119|
13|355|216|0|137|1|119|
13|381|324|0|146|1|119|
13|393|216|0|150|1|119|
13|382|108|0|146|1|119|
13|393|216|0|150|1|119|
13|391|216|0|149|1|119|
13|396|216|0|151|1|119|
13|389|216|0|149|1|119|
13|393|324|0|151|1|119|
13|370|216|0|142|1|119|
13|396|216|0|151|1|119|
13|389|216|0|149|1|119|
13|373|216|0|144|1|119|
13|392|324|0|150|1|119|
13|357|216|0|138|1|119|
13|393|324|0|150|1|119|
13|388|216|0|148|1|119|
13|389|216|0|149|1|119|
13|359|216|0|139|1|119|
13|381|324|0|146|1|119|
13|395|324|0|151|1|119|
13|386|324|0|148|1|119|
13|405|216|0|154|1|119|
13|384|324|0|148|1|119|
13|380|324|0|145|1|119|
13|524|324|0|175|1|119|
13|384|216|0|437|1|49|
13|390|216|0|149|1|119|
13|377|216|0|145|1|119|
13|389|324|0|149|1|119|
13|377|216|0|145|1|119|
13|383|324|0|147|1|119|
13|376|324|0|144|1|119|
13|379|324|0|145|1|119|
13|385|324|0|148|1|119|
13|377|216|0|145|1|119|
13|364|108|0|141|1|119|
13|379|216|0|145|1|119|
13|392|216|0|150|1|119|
13|386|216|0|149|1|119|
13|387|324|0|148|1|119|
13|393|216|0|150|1|119|
13|373|216|0|143|1|119|
13|1702|1080|0|175|1|119|
13|394|216|0|151|1|119|
13|390|216|0|149|1|119|
13|386|216|0|148|1|119|
13|389|216|0|149|1|119|
13|368|216|0|142|1|119|
13|389|216|0|149|1|119|
13|429|324|0|162|1|119|
13|388|324|0|149|1|119|
13|358|324|0|139|1|119|
13|373|324|0|144|1|119|
13|391|324|0|149|1|119|
13|383|216|0|148|1|119|
13|360|216|0|139|1|119|
13|363|216|0|140|1|119|
13|388|324|0|149|1|119|
13|394|324|0|150|1|119|
13|389|216|0|149|1|119|
13|390|324|0|149|1|119|
13|378|216|0|145|1|119|
13|381|216|0|147|1|119|
13|375|216|0|145|1|119|
13|378|216|0|145|1|119|
13|380|216|0|146|1|119|
13|386|216|0|148|1|119|
13|388|216|0|148|1|119|
13|379|216|0|146|1|119|
13|358|324|0|139|1|119|
13|381|216|0|146|1|119|
13|390|216|0|149|1|119|
13|384|216|0|147|1|119|
13|390|216|0|149|1|119|
13|388|216|0|148|1|119|
13|375|216|0|144|1|119|
13|388|216|0|148|1|119|
13|377|324|0|145|1|119|
13|386|108|0|148|1|119|
13|391|216|0|149|1|119|
13|390|216|0|149|1|119|
13|392|324|0|150|1|119|
13|359|216|0|140|1|119|
13|364|216|0|141|1|119|
13|390|216|0|149|1|119|
13|375|324|0|144|1|119|
13|389|216|0|148|1|119|
13|566|432|0|175|1|119|
13|384|216|0|147|1|119|
13|1173|864|0|175|1|119|
13|379|216|0|146|1|119|
13|383|216|0|147|1|119|
13|384|216|0|147|1|119|
13|375|216|0|144|1|119|
13|381|216|0|146|1|119|
13|383|324|0|148|1|119|
13|393|216|0|150|1|119|
13|385|216|0|148|1|119|
13|389|216|0|150|1|119|
13|351|216|0|136|1|119|
13|401|324|0|153|1|119|
13|378|324|0|145|1|119|
13|394|216|0|150|1|119|
13|379|324|0|146|1|119|
13|390|216|0|150|1|119|
13|376|324|0|145|1|119|
13|387|216|0|148|1|119|
13|367|216|0|142|1|119|
13|377|324|0|145|1|119|
13|392|216|0|150|1|119|
13|1239|756|0|175|1|119|
13|377|108|0|145|1|119|
13|394|216|0|150|1|119|
13|377|216|0|146|1|119|
13|395|216|0|151|1|119|
13|356|216|0|139|1|119|
13|352|216|0|137|1|119|
13|396|216|0|151|1|119|
13|357|216|0|138|1|119|
13|382|216|0|147|1|119|
13|529|324|0|175|1|119|
13|383|216|0|147|1|119|
13|380|216|0|147|1|119|
13|387|216|0|149|1|119|
13|387|216|0|148|1|119|
13|388|216|0|149|1|119|
13|382|324|0|146|1|119|
13|383|216|0|146|1|119|
13|387|216|0|148|1|119|
13|393|216|0|150|1|119|
13|389|216|0|149|1|119|
13|392|216|0|150|1|119|
13|390|216|0|149|1|119|
13|394|324|0|150|1|119|
13|368|216|0|142|1|119|
13|390|216|0|149|1|119|
13|1139|756|0|175|1|119|
13|392|216|0|150|1|119|
13|401|216|0|153|1|119|
13|787|540|0|175|1|119|
13|375|324|0|144|1|119|
13|392|216|0|150|1|119|
13|375|216|0|145|1|119|
13|385|216|0|148|1|119|
13|372|324|0|143|1|119|
13|388|216|0|149|1|119|
13|352|324|0|136|1|119|
13|388|324|0|148|1|119|
13|352|216|0|137|1|119|
13|393|216|0|150|1|119|
13|365|324|0|140|1|119|
13|388|216|0|148|1|119|
13|373|324|0|144|1|119|
13|390|216|0|149|1|119|
13|380|216|0|146|1|119|
13|380|216|0|145|1|119|
13|376|216|0|145|1|119|
13|391|216|0|150|1|119|
13|388|216|0|149|1|119|
13|393|216|0|150|1|119|
13|388|216|0|149|1|119|
13|384|216|0|147|1|119|
13|391|216|0|149|1|119|
13|391|216|0|149|1|119|
13|389|216|0|148|1|119|
13|392|216|0|150|1|119|
13|1397|864|0|175|1|119|
13|381|216|0|147|1|119|
13|392|216|0|150|1|119|
13|392|216|0|150|1|119|
13|392|324|0|150|1|119|
13|382|324|0|146|1|119|
13|385|216|0|147|1|119|
13|386|216|0|148|1|119|
13|384|216|0|147|1|119|
13|381|216|0|146|1|119|
13|377|108|0|145|1|119|
13|377|216|0|146|1|119|
13|392|216|0|151|1|119|
13|379|324|0|145|1|119|
13|393|216|0|150|1|119|
13|383|216|0|147|1|119|
13|397|216|0|151|1|119|
13|381|216|0|147|1|119|
13|397|216|0|151|1|119|
13|546|324|0|175|1|119|
13|364|324|0|141|1|119|
13|379|324|0|145|1|119|
13|396|324|0|151|1|119|
13|389|216|0|149|1|119|
13|390|324|0|149|1|119|
13|383|216|0|147|1|119|
13|396|216|0|151|1|119|
13|395|216|0|151|1|119|
13|383|216|0|147|1|119|
13|386|216|0|148|1|119|
13|380|216|0|146|1|119|
13|384|216|0|147|1|119|
13|379|324|0|145|1|119|
13|370|108|0|142|1|119|
13|379|216|0|146|1|119|
13|389|216|0|149|1|119|
13|392|216|0|149|1|119|
13|389|216|0|148|1|119|
13|393|216|0|150|1|119|
13|387|324|0|149|1|119|
13|381|216|0|146|1|119|
13|389|216|0|149|1|119|
13|384|216|0|147|1|119|
13|357|216|0|138|1|119|
13|381|216|0|146|1|119|
13|357|108|0|138|1|119|
13|371|108|0|143|1|119|
13|384|324|0|147|1|119|
13|350|216|0|136|1|119|
13|519|216|0|175|1|119|
13|389|216|0|148|1|119|
13|383|216|0|146|1|119|
13|381|216|0|146|1|119|
13|377|216|0|145|1|119|
13|389|324|0|150|1|119|
13|384|324|0|147|1|119|
13|368|324|0|142|1|119|
13|391|216|0|149|1|119|
13|395|216|0|151|1|119|
13|365|216|0|141|1|119|
13|377|108|0|145|1|119|
13|382|324|0|146|1|119|
13|379|324|0|146|1|119|
13|383|324|0|147|1|119|
13|378|216|0|146|1|119|
13|396|216|0|151|1|119|
13|394|216|0|150|1|119|
13|394|216|0|151|1|119|
13|370|324|0|142|1|119|
13|377|216|0|145|1|119|
13|391|216|0|150|1|119|
13|1000|648|0|175|1|119|
13|384|216|0|147|1|119|
13|352|216|0|136|1|119|
13|386|324|0|148|1|119|
13|349|216|0|135|1|119|
13|383|324|0|147|1|119|
13|375|216|0|144|1|119|
13|392|324|0|150|1|119|
13|381|216|0|146|1|119|
13|366|216|0|141|1|119|
13|393|216|0|150|1|119|
13|396|216|0|151|1|119|
13|390|216|0|150|1|119|
13|380|216|0|147|1|119|
13|820|432|0|175|1|119|
13|380|216|0|146|1|119|
13|390|216|0|150|1|119|
13|384|216|0|147|1|119|
13|394|216|0|150|1|119|
13|355|108|0|137|1|119|
13|1130|756|0|175|1|119|
13|355|324|0|138|1|119|
13|391|216|0|149|1|119|
13|386|216|0|148|1|119|
13|389|216|0|149|1|119|
13|379|216|0|146|1|119|
13|388|324|0|149|1|119|
13|383|324|0|146|1|119|
13|391|216|0|150|1|119|
13|378|216|0|145|1|119|
13|389|216|0|149|1|119|
13|394|324|0|150|1|119|
13|363|216|0|140|1|119|
13|390|216|0|149|1|119|
13|388|324|0|149|1|119|
13|380|324|0|146|1|119|
13|369|324|0|143|1|119|
13|385|216|0|148|1|119|
13|371|324|0|143|1|119|
13|355|108|0|137|1|119|
13|402|216|0|154|1|119|
13|384|216|0|147|1|119|
13|362|216|0|139|1|119|
13|370|324|0|143|1|119|
13|392|216|0|150|1|119|
13|393|216|0|150|1|119|
13|382|216|0|147|1|119|
13|393|216|0|150|1|119|
13|1476|972|0|175|1|119|
13|390|216|0|149|1|119|
13|387|216|0|148|1|119|
13|381|216|0|146|1|119|
13|378|216|0|145|1|119|
13|387|324|0|148|1|119|
13|379|216|0|146|1|119|
13|389|324|0|149|1|119|
13|356|216|0|138|1|119|
13|386|216|0|148|1|119|
13|389|216|0|149|1|119|
13|377|324|0|145|1|119|
13|384|324|0|148|1|119|
13|392|324|0|150|1|119|
13|384|324|0|147|1|119|
13|379|216|0|146|1|119|
