INSTRUCTIONS_RETIRED|CYCLES|UNKNOWN|LD_BLOCKS.STORE_FORWARD|UOPS_EXECUTED.CORE|BR_MISP_RETIRED.ALL_BRANCHES|UOPS_ISSUED.SLOW_LEA|
13|360|108|0|139|1|141|
13|369|216|0|142|1|137|
13|507|324|0|188|1|137|
13|373|324|0|137|2|137|
13|412|216|0|885|1|6|
13|382|216|0|278|1|83|
13|384|216|0|146|1|137|
13|353|324|0|136|1|137|
13|359|216|0|139|1|137|
13|380|324|0|146|1|137|
13|390|216|0|148|1|137|
13|411|324|0|149|2|137|
13|387|216|0|148|1|137|
13|420|324|0|151|2|141|
13|393|324|0|150|1|141|
13|380|216|0|145|1|137|
13|382|324|0|146|1|141|
13|367|216|0|142|1|141|
13|391|216|0|148|1|141|
13|395|216|0|151|1|137|
13|382|216|0|145|1|137|
13|1410|864|0|193|1|141|
13|370|108|0|142|1|137|
13|363|216|0|140|1|137|
13|384|216|0|146|1|137|
13|385|324|0|146|1|137|
13|396|216|0|151|1|141|
13|1779|1188|0|189|1|137|
13|391|216|0|150|1|141|
13|388|216|0|148|1|137|
13|403|324|0|146|2|137|
13|388|216|0|148|1|141|
13|407|216|0|147|2|137|
13|400|216|0|145|2|137|
13|846|540|0|189|1|137|
13|387|216|0|148|1|137|
13|697|432|0|193|1|141|
13|487|324|0|173|2|141|
13|392|216|0|149|1|137|
13|352|216|0|137|1|141|
13|473|216|0|184|1|75|
13|384|216|0|273|1|85|
13|357|216|0|138|1|137|
13|385|216|0|147|1|141|
13|383|108|0|146|1|137|
13|355|324|0|136|1|137|
13|812|540|0|193|1|141|
13|381|216|0|146|1|137|
13|381|324|0|145|1|137|
13|403|216|0|146|2|137|
13|395|324|0|150|1|141|
13|381|216|0|145|1|137|
13|385|216|0|147|1|141|
13|399|324|0|151|1|137|
13|362|324|0|140|1|141|
13|397|216|0|143|2|137|
13|392|324|0|150|1|137|
13|388|216|0|148|1|141|
13|379|324|0|145|1|137|
13|387|216|0|148|1|137|
13|888|432|0|189|1|137|
13|390|324|0|149|1|137|
13|404|216|0|146|2|137|
13|391|324|0|150|1|137|
13|390|324|0|150|1|137|
13|381|216|0|146|1|141|
13|525|432|0|189|1|137|
13|1232|864|0|189|2|137|
13|358|216|0|138|1|141|
13|371|216|0|142|1|141|
13|890|648|0|189|2|137|
13|415|216|0|157|1|137|
13|370|216|0|141|1|137|
13|374|216|0|143|1|137|
13|351|108|0|136|1|141|
13|384|324|0|147|1|141|
13|449|216|0|170|1|141|
13|398|324|0|151|1|137|
13|408|324|0|147|2|137|
13|398|324|0|151|1|141|
13|459|216|0|172|1|137|
13|383|216|0|147|1|137|
13|378|216|0|145|1|137|
13|397|216|0|151|1|137|
13|380|216|0|145|1|137|
13|384|216|0|147|1|137|
13|388|324|0|148|1|137|
13|381|216|0|145|1|137|
13|354|216|0|136|1|137|
13|1460|972|0|189|1|137|
13|384|216|0|147|1|137|
13|548|432|0|177|1|125|
13|392|216|0|149|1|141|
13|1193|756|0|189|1|137|
13|397|216|0|151|1|141|
13|395|324|0|150|1|137|
13|368|324|0|141|1|137|
13|408|324|0|147|2|137|
13|376|216|0|144|1|137|
13|371|108|0|142|1|137|
13|540|432|0|189|2|137|
13|421|216|0|186|1|79|
13|405|324|0|623|1|28|
13|413|324|0|635|1|2|
13|380|216|0|145|1|137|
13|382|324|0|146|1|141|
13|382|216|0|145|1|141|
13|394|324|0|151|1|137|
13|934|648|0|189|1|137|
13|394|324|0|150|1|125|
13|383|216|0|147|1|137|
13|392|216|0|150|1|141|
13|371|216|0|142|1|137|
13|377|216|0|145|1|137|
13|413|324|0|149|2|141|
13|379|216|0|145|1|137|
13|1214|756|0|193|1|141|
13|393|324|0|150|1|137|
13|400|216|0|145|2|137|
13|394|216|0|150|1|137|
13|408|216|0|147|2|137|
13|392|216|0|149|1|137|
13|391|324|0|149|1|137|
13|390|324|0|149|1|137|
13|386|324|0|148|1|137|
13|393|216|0|150|1|141|
13|385|216|0|147|1|125|
13|382|216|0|146|1|141|
13|718|324|0|177|1|125|
13|373|216|0|135|2|137|
13|402|216|0|244|1|78|
13|431|216|0|560|2|35|
13|457|324|0|188|2|78|
13|405|216|0|147|2|137|
13|394|324|0|150|1|125|
13|391|216|0|149|1|137|
13|390|216|0|148|1|125|
13|395|216|0|150|1|141|
13|395|216|0|151|1|137|
13|388|216|0|149|1|137|
13|383|324|0|147|1|141|
13|391|216|0|150|1|137|
13|398|324|0|151|1|141|
13|381|216|0|145|1|137|
13|392|216|0|150|1|137|
13|381|324|0|146|1|141|
13|397|324|0|151|1|137|
13|379|216|0|146|1|137|
13|386|216|0|148|1|137|
13|381|216|0|146|1|137|
13|359|108|0|139|1|137|
13|385|324|0|147|1|137|
13|363|216|0|140|1|125|
13|386|324|0|148|1|137|
13|377|216|0|145|1|141|
13|368|324|0|142|1|137|
13|355|324|0|138|1|137|
13|388|324|0|140|2|137|
13|1261|756|0|1388|1|30|
13|451|216|0|558|1|64|
13|383|216|0|581|1|0|
13|489|324|0|181|1|137|
13|382|216|0|146|1|141|
13|390|216|0|149|1|137|
13|385|216|0|146|1|137|
13|389|216|0|148|1|137|
13|386|216|0|148|1|137|
13|398|216|0|151|1|141|
13|351|324|0|136|1|137|
13|385|216|0|147|1|125|
13|391|216|0|149|1|137|
13|414|216|0|150|2|137|
13|1192|648|0|193|2|141|
13|379|324|0|145|1|137|
13|403|324|0|146|2|137|
13|383|216|0|146|1|141|
13|384|216|0|147|1|137|
13|393|324|0|149|1|141|
13|387|324|0|148|1|125|
13|376|324|0|144|1|141|
13|383|216|0|146|1|141|
13|390|216|0|148|1|137|
13|384|216|0|147|1|137|
13|1400|864|0|189|2|137|
13|383|324|0|147|1|137|
13|644|432|0|189|1|137|
13|360|216|0|427|1|19|
13|390|216|0|409|1|75|
13|411|216|0|503|1|37|
13|394|216|0|528|1|23|
13|376|216|0|144|1|137|
13|378|216|0|145|1|141|
13|395|216|0|151|1|137|
13|380|108|0|146|1|137|
13|379|324|0|145|1|137|
13|384|216|0|147|1|137|
13|375|324|0|144|1|137|
13|396|216|0|150|1|125|
13|388|324|0|147|1|141|
13|385|216|0|147|1|137|
13|397|216|0|151|1|141|
13|383|324|0|146|1|137|
13|382|324|0|147|1|137|
13|382|216|0|146|1|137|
13|395|216|0|150|1|137|
13|388|216|0|148|1|137|
13|392|324|0|149|1|137|
13|402|324|0|146|2|137|
13|378|216|0|145|1|137|
13|415|216|0|150|2|137|
13|395|216|0|150|1|137|
13|398|216|0|151|1|137|
13|380|216|0|145|1|137|
13|352|324|0|136|1|137|
13|1374|864|0|193|1|141|
13|391|216|0|149|1|125|
13|356|108|0|137|1|137|
13|432|324|0|468|2|59|
13|415|216|0|531|1|19|
13|392|216|0|557|1|14|
13|375|324|0|144|1|137|
13|381|324|0|146|1|141|
13|383|216|0|146|1|137|
13|383|216|0|146|1|137|
13|379|216|0|145|1|125|
13|387|216|0|148|1|137|
13|396|324|0|151|1|141|
13|377|324|0|145|1|137|
13|380|216|0|146|1|137|
13|356|216|0|138|1|137|
13|400|216|0|145|2|137|
13|398|216|0|144|2|137|
13|393|216|0|150|1|137|
13|384|324|0|147|1|125|
13|355|324|0|138|1|137|
13|381|216|0|146|1|137|
13|390|216|0|149|1|137|
13|375|324|0|144|1|137|
13|381|216|0|146|1|137|
13|395|216|0|150|1|137|
13|1392|972|0|189|1|137|
13|392|216|0|149|1|137|
13|390|216|0|149|1|137|
13|356|216|0|137|1|141|
13|396|216|0|457|1|8|
13|1532|972|0|1238|1|41|
13|414|324|0|333|1|71|
13|385|216|0|147|1|137|
13|387|216|0|148|1|137|
13|391|216|0|150|1|137|
13|382|216|0|146|1|137|
13|394|216|0|150|1|141|
13|393|216|0|150|1|137|
13|357|108|0|138|1|137|
13|379|216|0|145|1|137|
13|405|216|0|147|2|137|
13|380|216|0|145|1|137|
13|408|216|0|147|2|137|
13|392|216|0|149|1|137|
13|389|216|0|150|1|137|
13|409|324|0|147|2|137|
13|394|216|0|150|1|141|
13|399|216|0|151|1|137|
13|394|216|0|151|1|137|
13|386|216|0|148|1|137|
13|1813|1188|0|193|1|141|
13|385|216|0|147|1|137|
13|1118|756|0|189|1|137|
13|394|216|0|150|1|141|
13|381|216|0|145|1|125|
13|367|216|0|140|1|141|
13|386|216|0|147|1|137|
13|379|324|0|145|1|137|
13|406|216|0|473|1|14|
13|416|216|0|228|1|61|
13|419|324|0|516|1|37|
13|399|216|0|504|1|40|
13|379|216|0|145|1|141|
13|359|324|0|138|1|137|
13|353|108|0|137|1|137|
13|387|324|0|148|1|137|
13|402|216|0|145|2|137|
13|379|216|0|146|1|137|
13|381|216|0|145|1|137|
13|393|216|0|149|1|137|
13|377|216|0|145|1|137|
13|383|216|0|147|1|137|
13|397|216|0|151|1|125|
13|377|324|0|145|1|137|
13|385|216|0|147|1|125|
13|384|324|0|146|1|137|
13|382|216|0|147|1|137|
13|386|324|0|147|1|137|
13|377|324|0|145|1|141|
13|368|216|0|142|1|141|
13|379|216|0|145|1|137|
13|374|216|0|144|1|141|
13|348|324|0|135|1|137|
13|366|216|0|140|1|125|
13|395|216|0|150|1|137|
13|381|216|0|146|1|137|
13|352|216|0|136|1|137|
13|402|216|0|569|1|55|
13|378|216|0|549|1|33|
13|804|540|0|824|1|68|
13|358|324|0|138|1|137|
13|378|216|0|144|1|137|
13|382|216|0|147|1|137|
13|392|216|0|150|1|137|
13|387|216|0|148|1|137|
13|358|216|0|138|1|137|
13|385|216|0|147|1|137|
13|385|108|0|147|1|137|
13|386|216|0|147|1|137|
13|380|216|0|145|1|137|
13|381|324|0|146|1|137|
13|383|216|0|146|1|137|
13|388|324|0|147|1|141|
13|354|216|0|137|1|137|
13|381|216|0|145|1|137|
13|379|324|0|145|1|137|
13|387|324|0|148|1|141|
13|379|324|0|145|1|137|
13|375|216|0|144|1|141|
13|355|216|0|137|1|137|
13|379|216|0|145|1|137|
13|383|324|0|146|1|137|
13|361|216|0|139|1|137|
13|352|216|0|136|1|137|
13|368|216|0|141|1|141|
13|360|324|0|139|1|141|
13|369|216|0|198|1|62|
13|409|216|0|466|1|52|
13|459|432|0|308|1|43|
13|386|324|0|147|1|137|
13|384|216|0|146|1|141|
13|406|216|0|147|2|137|
13|626|324|0|189|1|137|
13|1136|756|0|189|2|137|
13|399|324|0|145|2|137|
13|379|216|0|145|1|141|
13|390|216|0|149|1|125|
13|386|216|0|148|1|137|
13|396|324|0|150|1|137|
13|390|324|0|149|1|137|
13|395|216|0|150|1|141|
13|393|324|0|149|1|137|
13|394|324|0|150|1|137|
13|1400|756|0|189|1|137|
13|366|324|0|140|1|137|
13|389|216|0|148|1|141|
13|390|216|0|148|1|125|
13|380|216|0|145|1|137|
13|382|324|0|147|1|137|
13|1344|972|0|189|2|137|
13|394|216|0|150|1|137|
13|390|324|0|149|1|137|
13|393|216|0|150|1|137|
13|352|216|0|136|1|125|
13|694|432|0|724|1|43|
13|398|216|0|425|1|69|
13|392|216|0|384|1|35|
13|394|216|0|532|1|31|
13|388|216|0|149|1|137|
13|379|324|0|146|1|137|
13|396|216|0|151|1|137|
13|393|216|0|150|1|137|
13|388|216|0|149|1|137|
13|383|216|0|146|1|137|
13|392|216|0|149|1|137|
13|381|324|0|146|1|137|
13|392|216|0|150|1|137|
13|379|216|0|145|1|137|
13|384|324|0|147|1|141|
13|362|324|0|140|1|137|
13|386|216|0|148|1|137|
13|817|540|0|177|1|125|
13|363|216|0|139|1|137|
13|378|216|0|144|1|125|
13|1095|648|0|189|2|137|
13|379|216|0|146|1|137|
13|359|216|0|139|1|137|
13|390|324|0|149|1|141|
13|1028|756|0|189|1|137|
13|396|216|0|151|1|137|
13|383|324|0|146|1|141|
13|370|324|0|142|1|141|
13|394|324|0|150|1|137|
13|401|324|0|548|1|26|
13|405|216|0|606|1|32|
13|392|216|0|495|1|24|
13|387|216|0|148|1|137|
13|378|216|0|145|1|137|
13|381|216|0|146|1|141|
13|382|216|0|146|1|141|
13|380|216|0|146|1|137|
13|388|324|0|148|1|137|
13|391|324|0|149|1|141|
13|414|216|0|150|2|141|
13|415|324|0|149|2|137|
13|382|324|0|146|1|137|
13|384|216|0|147|1|137|
13|386|216|0|147|1|137|
13|398|324|0|151|1|137|
13|379|324|0|146|1|137|
13|957|648|0|193|1|141|
13|381|216|0|146|1|137|
13|377|216|0|145|1|137|
13|385|216|0|147|1|137|
13|387|324|0|148|1|141|
13|523|324|0|189|1|137|
13|389|324|0|148|1|137|
13|996|648|0|177|1|125|
13|383|324|0|146|1|137|
13|390|216|0|149|1|125|
13|394|216|0|150|1|137|
13|411|216|0|149|2|141|
13|436|216|0|672|2|25|
13|393|216|0|546|1|15|
13|371|324|0|516|1|40|
13|385|216|0|147|1|125|
13|379|216|0|145|1|141|
13|383|216|0|146|1|125|
13|394|324|0|151|1|137|
13|381|324|0|146|1|137|
13|380|324|0|145|1|137|
13|381|216|0|146|1|137|
13|373|324|0|144|1|137|
13|385|216|0|147|1|137|
13|775|540|0|177|1|125|
13|380|216|0|145|1|137|
13|391|216|0|149|1|125|
13|397|216|0|151|1|141|
13|388|216|0|148|1|141|
13|396|216|0|150|1|141|
13|395|216|0|150|1|137|
13|396|216|0|150|1|141|
13|379|216|0|145|1|137|
13|385|216|0|147|1|137|
13|374|108|0|144|1|141|
13|377|216|0|145|1|125|
13|379|324|0|145|1|137|
13|391|216|0|149|1|137|
13|547|324|0|189|1|137|
13|379|216|0|145|1|137|
13|372|216|0|142|1|141|
13|396|216|0|150|1|125|
13|412|216|0|295|1|39|
13|406|216|0|559|1|31|
13|425|216|0|553|1|24|
13|366|324|0|140|1|141|
13|390|216|0|148|1|141|
13|394|216|0|150|1|137|
13|383|216|0|146|1|141|
13|1233|864|0|193|1|141|
13|378|216|0|145|1|137|
13|388|324|0|148|1|125|
13|381|216|0|146|1|125|
13|387|324|0|147|1|137|
13|380|216|0|145|1|137|
13|415|324|0|150|2|141|
13|376|216|0|144|1|137|
13|383|216|0|146|1|137|
13|382|324|0|147|1|137|
13|387|216|0|148|1|137|
13|390|216|0|149|1|141|
13|388|324|0|148|1|125|
13|974|648|0|193|1|141|
13|350|108|0|136|1|125|
13|1044|648|0|189|1|137|
13|378|216|0|145|1|137|
13|1734|1080|0|193|2|141|
13|411|216|0|148|2|137|
13|379|216|0|137|2|137|
13|406|216|0|147|2|137|
13|400|324|0|144|2|137|
13|386|324|0|493|1|65|
13|414|216|0|382|1|8|
13|390|216|0|533|1|42|
13|423|324|0|530|1|62|
13|360|324|0|138|1|141|
13|396|216|0|151|1|137|
13|377|324|0|145|1|137|
13|382|216|0|147|1|137|
13|380|324|0|145|1|137|
13|355|216|0|137|1|137|
13|1418|864|0|189|1|137|
13|386|324|0|147|1|125|
13|393|216|0|150|1|137|
13|377|216|0|145|1|137|
13|378|216|0|145|1|137|
13|373|216|0|144|1|137|
13|381|324|0|146|1|137|
13|399|216|0|152|1|137|
13|387|216|0|148|1|125|
13|396|324|0|151|1|137|
13|358|108|0|138|1|137|
13|361|216|0|140|1|141|
13|379|216|0|145|1|137|
13|437|324|0|164|1|137|
13|1300|756|0|189|1|137|
13|386|216|0|147|1|137|
13|419|324|0|158|1|137|
13|395|324|0|150|1|125|
13|386|324|0|147|1|137|
13|351|216|0|136|1|137|
13|355|108|0|138|1|137|
13|420|216|0|349|2|15|
13|382|324|0|146|1|141|
13|662|324|0|193|1|141|
13|403|216|0|146|2|137|
13|1132|756|0|189|1|137|
13|382|324|0|145|1|137|
13|394|216|0|150|1|137|
13|386|216|0|147|1|141|
13|395|324|0|149|1|137|
13|387|216|0|148|1|141|
13|391|216|0|149|1|137|
13|349|108|0|136|1|137|
13|385|216|0|147|1|137|
13|412|216|0|149|2|141|
13|400|216|0|146|2|141|
13|392|324|0|150|1|141|
13|383|216|0|146|1|137|
13|393|216|0|149|1|137|
13|398|324|0|144|2|141|
13|380|216|0|145|1|137|
13|380|324|0|145|1|137|
13|378|216|0|145|1|137|
13|392|216|0|150|1|141|
13|363|216|0|141|1|137|
13|388|216|0|148|1|137|
13|391|324|0|148|1|141|
13|361|216|0|139|1|137|
13|349|216|0|135|1|139|
13|358|216|0|138|1|137|
13|407|324|0|463|1|32|
13|394|216|0|150|1|137|
13|389|216|0|149|1|137|
13|393|216|0|150|1|137|
13|388|216|0|148|1|137|
13|392|324|0|149|1|137|
13|383|216|0|146|1|137|
13|418|216|0|151|2|141|
13|397|216|0|150|1|137|
13|388|216|0|149|1|141|
13|395|216|0|149|1|137|
13|381|216|0|146|1|141|
13|394|216|0|150|1|137|
13|982|648|0|189|1|137|
13|386|216|0|148|1|137|
13|700|324|0|189|1|137|
13|362|216|0|139|1|141|
13|381|216|0|145|1|141|
13|397|216|0|150|1|137|
13|411|216|0|148|2|137|
13|1103|648|0|193|1|141|
13|382|216|0|146|1|137|
13|393|216|0|151|1|141|
13|394|216|0|150|1|137|
13|383|216|0|147|1|137|
13|383|216|0|146|1|137|
13|361|324|0|139|1|137|
13|398|216|0|151|1|137|
13|361|216|0|140|1|137|
13|397|216|0|151|1|137|
13|409|216|0|377|2|74|
13|398|216|0|151|1|141|
13|378|216|0|145|1|137|
13|406|216|0|146|2|137|
13|388|216|0|148|1|141|
13|402|216|0|146|2|137|
13|380|324|0|146|1|137|
13|402|216|0|146|2|137|
13|393|324|0|149|1|137|
13|385|324|0|147|1|137|
13|1378|972|0|189|1|137|
13|388|216|0|147|1|141|
13|382|216|0|146|1|137|
13|378|216|0|146|1|137|
13|380|216|0|145|1|137|
13|396|324|0|150|1|141|
13|393|216|0|149|1|137|
13|377|324|0|144|1|141|
13|392|216|0|150|1|141|
13|380|324|0|145|1|137|
13|1279|864|0|189|2|137|
13|400|216|0|151|1|137|
13|649|432|0|189|1|137|
13|381|216|0|145|1|137|
13|1773|1080|0|189|1|137|
13|379|324|0|145|1|137|
13|350|108|0|136|1|137|
13|379|216|0|145|1|137|
13|375|324|0|144|1|137|
13|375|324|0|145|1|137|
13|416|216|0|150|2|137|
13|401|216|0|145|2|137|
13|416|324|0|151|2|137|
13|394|216|0|150|1|137|
13|358|216|0|138|1|137|
13|397|324|0|150|1|137|
13|394|216|0|150|1|137|
13|388|216|0|148|1|137|
13|397|216|0|151|1|137|
13|381|216|0|145|1|137|
13|419|216|0|151|2|137|
13|389|216|0|148|1|137|
13|393|216|0|150|1|137|
13|384|324|0|146|1|141|
13|399|108|0|145|2|137|
13|394|216|0|151|1|141|
13|380|216|0|146|1|139|
13|413|216|0|149|2|141|
13|599|432|0|189|1|137|
13|387|324|0|149|1|137|
13|381|216|0|146|1|137|
13|390|324|0|149|1|137|
13|381|216|0|146|1|137|
13|383|216|0|147|1|141|
13|383|324|0|147|1|137|
13|405|216|0|147|2|137|
13|384|216|0|146|1|137|
13|381|216|0|147|1|137|
13|384|216|0|148|1|137|
13|361|324|0|139|1|137|
13|386|216|0|149|1|137|
13|387|216|0|147|1|137|
13|371|108|0|135|2|141|
13|403|216|0|146|2|141|
13|375|324|0|144|1|141|
13|375|216|0|144|1|137|
13|847|540|0|189|1|137|
13|380|216|0|145|1|141|
13|386|216|0|147|1|137|
13|391|216|0|148|1|137|
13|398|216|0|144|2|137|
13|1331|756|0|193|1|141|
13|410|324|0|148|2|137|
13|411|324|0|149|2|137|
13|381|216|0|145|1|137|
13|389|216|0|148|1|137|
13|1219|864|0|189|1|137|
13|386|324|0|147|1|137|
13|396|216|0|151|1|141|
13|1432|972|0|189|1|137|
13|1363|756|0|189|1|137|
13|387|324|0|148|1|141|
13|1097|648|0|193|2|141|
13|402|324|0|145|2|137|
13|395|216|0|150|1|137|
13|377|324|0|145|1|139|
13|416|216|0|150|2|137|
13|1293|864|0|189|1|137|
13|365|324|0|140|1|137|
13|379|216|0|145|1|137|
13|382|216|0|146|1|137|
13|379|216|0|145|1|135|
13|381|216|0|147|1|137|
13|385|216|0|147|1|137|
13|398|216|0|150|1|141|
13|937|540|0|189|1|137|
13|392|324|0|148|1|137|
13|375|324|0|144|1|137|
13|395|216|0|150|1|141|
13|388|216|0|148|1|137|
13|393|324|0|150|1|137|
13|398|216|0|151|1|141|
13|393|216|0|149|1|141|
13|377|324|0|145|1|141|
13|385|216|0|148|1|141|
13|376|324|0|145|1|139|
13|401|324|0|146|2|137|
13|377|216|0|145|1|137|
13|406|216|0|147|2|137|
13|393|216|0|151|1|137|
13|388|216|0|149|1|137|
13|383|324|0|147|1|141|
13|389|216|0|148|1|137|
13|393|324|0|150|1|137|
13|410|216|0|147|2|141|
13|385|216|0|146|1|137|
13|374|216|0|144|1|137|
13|405|324|0|146|2|137|
13|386|216|0|147|1|137|
13|408|324|0|343|1|64|
13|489|324|0|182|1|137|
13|383|324|0|147|1|141|
13|369|216|0|142|1|139|
13|418|216|0|151|2|137|
13|398|216|0|151|1|137|
13|377|324|0|145|1|137|
13|396|216|0|151|1|137|
13|389|216|0|149|1|137|
13|380|324|0|146|1|137|
13|386|216|0|147|1|137|
13|386|216|0|148|1|137|
13|376|216|0|145|1|139|
13|387|216|0|148|1|141|
13|378|324|0|145|1|137|
13|392|216|0|149|1|137|
13|402|324|0|146|2|137|
13|377|216|0|145|1|137|
13|381|216|0|146|1|137|
13|386|216|0|148|1|137|
13|388|216|0|148|1|137|
13|387|324|0|148|1|137|
13|385|324|0|147|1|137|
13|385|216|0|147|1|137|
13|847|432|0|193|1|141|
13|377|108|0|145|1|141|
13|392|216|0|149|1|137|
13|393|216|0|150|1|137|
13|383|216|0|146|1|141|
13|414|216|0|150|2|137|
13|358|324|0|139|1|137|
13|399|324|0|151|1|135|
13|408|324|0|154|1|137|
13|384|216|0|147|1|137|
13|398|216|0|151|1|141|
13|1336|756|0|193|2|141|
13|384|216|0|147|1|137|
13|383|216|0|147|1|137|
13|406|324|0|147|2|137|
13|378|216|0|146|1|137|
13|378|324|0|145|1|141|
13|385|324|0|147|1|137|
13|388|216|0|148|1|137|
13|389|216|0|148|1|137|
13|384|216|0|147|1|137|
13|392|216|0|149|1|137|
13|383|216|0|147|1|137|
13|1004|648|0|193|1|141|
13|383|216|0|146|1|137|
13|393|324|0|150|1|137|
13|376|324|0|144|1|137|
13|386|216|0|148|1|137|
13|385|324|0|147|1|141|
13|391|216|0|149|1|141|
13|395|324|0|150|1|137|
13|365|216|0|141|1|137|
13|379|216|0|145|1|137|
13|1408|972|0|189|1|137|
13|352|216|0|136|1|137|
13|388|216|0|148|1|137|
13|409|324|0|148|2|141|
13|377|216|0|145|1|137|
13|1126|756|0|193|1|141|
13|380|324|0|146|1|137|
13|384|324|0|148|1|137|
13|381|324|0|145|1|141|
13|397|324|0|151|1|137|
13|414|324|0|149|2|137|
13|398|216|0|151|1|137|
13|385|216|0|148|1|141|
13|379|324|0|145|1|137|
13|388|216|0|148|1|137|
13|743|432|0|193|1|141|
13|388|216|0|148|1|137|
13|408|216|0|147|2|137|
13|406|324|0|148|2|137|
13|385|216|0|146|1|137|
13|377|216|0|145|1|137|
13|386|216|0|147|1|137|
13|398|216|0|151|1|137|
13|450|216|0|162|2|137|
13|420|324|0|151|2|137|
13|391|216|0|148|1|137|
13|378|324|0|138|2|137|
13|391|216|0|149|1|137|
13|379|216|0|145|1|137|
13|435|216|0|894|1|5|
13|388|216|0|149|1|137|
13|396|216|0|151|1|137|
13|416|324|0|150|2|137|
13|387|216|0|148|1|141|
13|379|216|0|146|1|137|
13|390|216|0|148|1|141|
13|385|324|0|146|1|137|
13|395|216|0|150|1|137|
13|383|216|0|146|1|137|
13|392|216|0|149|1|137|
13|396|216|0|150|1|135|
13|386|108|0|147|1|137|
13|391|324|0|150|1|137|
13|378|216|0|146|1|137|
13|384|324|0|147|1|141|
13|389|216|0|149|1|137|
13|385|324|0|147|1|137|
13|406|216|0|147|2|141|
13|393|216|0|149|1|137|
13|392|216|0|149|1|137|
13|399|108|0|145|2|137|
13|411|216|0|149|2|141|
13|378|216|0|146|1|137|
13|408|216|0|147|2|137|
13|392|216|0|150|1|137|
13|349|324|0|136|1|137|
13|352|324|0|136|1|137|
13|379|216|0|145|1|137|
13|1000|648|0|189|1|137|
13|402|216|0|147|2|141|
13|389|324|0|147|1|137|
13|544|432|0|189|1|137|
13|393|216|0|149|1|137|
13|389|216|0|148|1|141|
13|684|540|0|189|1|137|
13|375|324|0|144|1|141|
13|404|324|0|147|2|137|
13|391|216|0|148|1|137|
13|1011|648|0|189|1|137|
13|382|216|0|146|1|137|
13|391|216|0|149|1|137|
13|381|216|0|146|1|137|
13|379|324|0|145|1|137|
13|390|216|0|141|2|137|
13|389|108|0|147|1|137|
13|394|324|0|150|1|137|
13|382|216|0|146|1|137|
13|383|216|0|146|1|141|
13|379|216|0|145|1|137|
13|390|324|0|149|1|141|
13|394|216|0|149|1|141|
13|1177|756|0|193|1|141|
13|391|216|0|149|1|137|
13|409|216|0|155|1|137|
13|356|216|0|137|1|137|
13|359|324|0|139|1|137|
13|393|324|0|150|1|137|
13|382|324|0|147|1|137|
13|395|216|0|151|1|137|
13|385|324|0|147|1|137|
13|384|216|0|147|1|141|
13|383|216|0|147|1|137|
13|379|216|0|145|1|141|
13|416|324|0|150|2|141|
13|379|324|0|145|1|137|
13|409|324|0|148|2|137|
13|394|216|0|150|1|137|
13|393|216|0|150|1|137|
13|1175|756|0|189|1|137|
13|1582|972|0|193|1|141|
13|380|216|0|146|1|137|
13|1039|648|0|189|1|137|
13|379|216|0|145|1|137|
13|405|216|0|146|2|141|
13|396|324|0|150|1|137|
13|374|324|0|144|1|137|
13|639|432|0|193|1|141|
13|412|324|0|149|2|137|
13|392|216|0|150|1|137|
13|391|324|0|148|1|141|
13|374|324|0|145|1|137|
13|413|216|0|149|2|137|
13|372|108|0|143|1|137|
13|395|216|0|151|1|137|
13|414|324|0|157|1|137|
13|739|432|0|404|2|64|
13|355|216|0|138|1|141|
13|369|216|0|141|1|137|
13|387|216|0|148|1|137|
13|390|216|0|148|1|139|
13|380|324|0|146|1|137|
13|381|324|0|146|1|137|
13|377|216|0|145|1|141|
13|394|216|0|149|1|137|
13|386|324|0|147|1|137|
13|378|216|0|145|1|137|
13|383|216|0|146|1|137|
13|388|108|0|147|1|141|
13|665|324|0|193|1|141|
13|659|432|0|189|1|137|
13|390|324|0|149|1|137|
13|377|108|0|145|1|137|
13|378|324|0|145|1|137|
13|377|216|0|145|1|139|
13|392|216|0|149|1|141|
13|382|216|0|146|1|141|
13|390|216|0|149|1|137|
13|382|216|0|147|1|141|
13|378|216|0|145|1|139|
13|376|324|0|145|1|137|
13|384|324|0|147|1|137|
13|369|324|0|135|2|137|
13|408|216|0|148|2|137|
13|373|108|0|136|2|137|
13|387|216|0|148|1|137|
13|383|324|0|146|1|137|
13|384|324|0|147|1|141|
13|370|324|0|142|1|137|
13|392|324|0|150|1|137|
13|407|216|0|146|2|137|
13|386|216|0|148|1|137|
13|379|216|0|145|1|137|
13|378|108|0|145|1|141|
13|375|324|0|145|1|137|
13|382|324|0|146|1|141|
13|400|216|0|152|1|137|
13|363|108|0|140|1|137|
13|390|216|0|149|1|137|
13|404|216|0|147|2|137|
13|397|324|0|151|1|137|
13|387|216|0|148|1|137|
13|370|108|0|142|1|141|
13|391|216|0|148|1|137|
13|1156|648|0|189|1|137|
13|384|216|0|146|1|137|
13|401|324|0|145|2|141|
13|388|216|0|148|1|137|
13|389|216|0|149|1|137|
13|362|216|0|140|1|141|
13|390|324|0|149|1|137|
13|1456|864|0|193|1|141|
13|358|216|0|139|1|141|
13|811|432|0|189|1|137|
13|393|324|0|142|2|141|
13|437|324|0|597|2|50|
13|935|540|0|189|1|137|
13|504|324|0|186|1|137|
13|388|216|0|148|1|137|
13|386|216|0|148|1|137|
13|389|216|0|148|1|137|
13|385|216|0|146|1|141|
13|399|324|0|151|1|135|
13|378|216|0|146|1|137|
13|363|324|0|140|1|137|
13|395|324|0|150|1|141|
13|378|216|0|146|1|137|
13|391|216|0|149|1|137|
13|382|216|0|145|1|137|
13|392|216|0|150|1|137|
13|387|216|0|148|1|137|
13|395|216|0|151|1|137|
13|385|216|0|146|1|137|
13|377|324|0|144|1|137|
13|376|324|0|145|1|137|
13|400|216|0|145|2|137|
13|376|216|0|145|1|137|
13|430|216|0|162|1|137|
13|463|324|0|173|1|137|
13|394|216|0|150|1|137|
13|387|324|0|147|1|137|
13|398|216|0|151|1|137|
13|385|324|0|147|1|137|
13|397|216|0|151|1|141|
13|361|216|0|139|1|137|
13|378|324|0|145|1|137|
13|398|216|0|151|1|137|
13|384|324|0|147|1|141|
13|534|324|0|189|2|137|
13|713|432|0|193|1|141|
13|388|324|0|148|1|137|
13|388|216|0|148|1|137|
13|395|216|0|150|1|139|
13|380|324|0|145|1|141|
13|390|216|0|150|1|141|
13|395|216|0|151|1|141|
13|390|216|0|149|1|137|
13|366|324|0|141|1|137|
13|376|324|0|145|1|137|
13|381|216|0|146|1|141|
13|378|216|0|145|1|137|
13|377|216|0|145|1|137|
13|383|324|0|146|1|141|
13|384|216|0|148|1|141|
13|400|216|0|145|2|137|
13|364|324|0|140|1|137|
13|379|108|0|145|1|141|
13|364|216|0|140|1|137|
13|414|216|0|346|1|33|
13|380|216|0|147|1|137|
13|379|216|0|145|1|141|
13|419|324|0|330|1|41|
13|411|216|0|149|2|137|
13|385|216|0|147|1|137|
13|387|216|0|147|1|137|
13|413|216|0|150|2|139|
13|391|324|0|149|1|137|
13|393|216|0|150|1|137|
13|399|216|0|152|1|141|
13|377|108|0|146|1|141|
13|390|324|0|149|1|137|
13|381|216|0|146|1|137|
13|392|324|0|149|1|141|
13|411|216|0|149|2|137|
13|388|216|0|147|1|137|
13|382|216|0|146|1|137|
13|381|216|0|146|1|141|
13|394|216|0|150|1|137|
13|387|216|0|148|1|137|
13|397|216|0|150|1|141|
13|372|216|0|144|1|137|
13|394|324|0|149|1|137|
13|378|216|0|145|1|137|
13|402|324|0|146|2|137|
13|375|216|0|137|2|141|
13|410|216|0|149|2|137|
13|383|216|0|146|1|137|
13|380|216|0|145|1|141|
13|380|216|0|146|1|137|
