INSTRUCTIONS_RETIRED|CYCLES|UNKNOWN|LD_BLOCKS.STORE_FORWARD|UOPS_EXECUTED.CORE|BR_MISP_RETIRED.ALL_BRANCHES|UOPS_ISSUED.SLOW_LEA|
13|378|216|0|177|1|75|
13|386|216|0|148|1|141|
13|396|324|0|318|1|46|
13|416|324|0|611|1|21|
13|365|216|0|141|1|137|
13|364|216|0|141|1|137|
13|386|216|0|148|1|141|
13|345|108|0|134|1|137|
13|380|216|0|146|1|137|
13|360|108|0|139|1|141|
13|390|216|0|149|1|137|
13|379|216|0|146|1|137|
13|376|324|0|145|1|137|
13|358|216|0|139|1|137|
13|373|216|0|144|1|137|
13|389|324|0|149|1|141|
13|398|216|0|541|1|39|
13|360|324|0|139|1|137|
13|427|216|0|208|1|83|
13|429|216|0|334|1|34|
13|442|432|0|379|1|33|
13|385|216|0|148|1|141|
13|358|324|0|139|1|137|
13|390|216|0|149|1|137|
13|374|324|0|144|1|137|
13|390|216|0|149|1|137|
13|386|216|0|148|1|137|
13|385|216|0|147|1|125|
13|381|216|0|146|1|141|
13|378|216|0|145|1|137|
13|376|324|0|145|1|137|
13|388|216|0|148|1|137|
13|381|216|0|146|1|141|
13|380|216|0|146|1|137|
13|392|216|0|150|1|137|
13|388|216|0|148|1|137|
13|430|216|0|162|1|141|
13|350|108|0|136|1|137|
13|385|216|0|147|1|137|
13|370|216|0|143|1|137|
13|354|216|0|137|1|137|
13|348|216|0|135|1|137|
13|375|216|0|144|1|137|
13|424|216|0|161|1|141|
13|383|216|0|147|1|137|
13|390|216|0|149|1|125|
13|376|216|0|145|1|137|
13|362|216|0|140|1|137|
13|399|216|0|538|1|33|
13|391|216|0|538|1|28|
13|412|216|0|502|1|68|
13|384|216|0|147|1|137|
13|395|216|0|151|1|141|
13|393|324|0|150|1|137|
13|378|108|0|145|1|141|
13|393|216|0|150|1|137|
13|382|216|0|147|1|137|
13|1526|1080|0|189|1|137|
13|419|324|0|159|1|137|
13|394|324|0|150|1|137|
13|380|216|0|146|1|141|
13|391|324|0|150|1|137|
13|394|216|0|151|1|137|
13|393|216|0|150|1|137|
13|1046|648|0|189|1|137|
13|391|216|0|149|1|125|
13|382|216|0|146|1|137|
13|381|216|0|146|1|137|
13|382|324|0|147|1|137|
13|367|216|0|141|1|141|
13|369|216|0|142|1|137|
13|367|324|0|141|1|125|
13|384|324|0|147|1|137|
13|386|216|0|148|1|137|
13|1318|756|0|189|1|137|
13|374|216|0|144|1|137|
13|403|324|0|295|1|40|
13|431|216|0|286|1|62|
13|424|216|0|581|1|5|
13|883|432|0|177|1|125|
13|384|216|0|148|1|125|
13|380|324|0|146|1|137|
13|386|216|0|148|1|137|
13|389|216|0|149|1|137|
13|387|324|0|148|1|137|
13|380|324|0|146|1|141|
13|391|216|0|150|1|137|
13|394|216|0|150|1|137|
13|387|216|0|148|1|125|
13|393|216|0|150|1|137|
13|388|216|0|149|1|137|
13|395|216|0|151|1|137|
13|380|216|0|146|1|137|
13|680|324|0|189|1|137|
13|396|216|0|151|1|137|
13|386|216|0|148|1|137|
13|389|216|0|149|1|137|
13|373|324|0|143|1|141|
13|373|324|0|143|1|137|
13|375|216|0|144|1|125|
13|387|324|0|148|1|141|
13|383|216|0|147|1|137|
13|373|216|0|144|1|137|
13|378|324|0|145|1|141|
13|373|216|0|213|1|59|
13|408|324|0|350|1|37|
13|445|216|0|396|1|49|
13|407|216|0|564|1|33|
13|364|216|0|140|1|141|
13|352|108|0|137|1|137|
13|376|216|0|145|1|137|
13|379|216|0|145|1|141|
13|382|216|0|147|1|137|
13|389|216|0|149|1|137|
13|380|216|0|146|1|125|
13|393|324|0|150|1|125|
13|386|324|0|149|1|137|
13|381|216|0|146|1|141|
13|473|324|0|177|1|137|
13|389|216|0|149|1|141|
13|387|324|0|148|1|137|
13|387|324|0|148|1|137|
13|383|324|0|147|1|137|
13|355|216|0|138|1|137|
13|377|324|0|145|1|125|
13|380|216|0|146|1|137|
13|359|216|0|139|1|137|
13|382|324|0|147|1|137|
13|1081|648|0|189|1|137|
13|382|216|0|147|1|137|
13|372|216|0|143|1|137|
13|373|324|0|143|1|141|
13|488|324|0|182|1|141|
13|390|216|0|584|1|12|
13|376|216|0|203|1|45|
13|407|216|0|567|1|41|
13|406|216|0|535|1|46|
13|389|216|0|149|1|141|
13|372|324|0|143|1|137|
13|376|216|0|144|1|137|
13|381|108|0|146|1|137|
13|378|216|0|145|1|125|
13|396|216|0|151|1|125|
13|383|216|0|147|1|137|
13|383|216|0|147|1|137|
13|384|324|0|147|1|137|
13|385|216|0|148|1|137|
13|396|216|0|151|1|141|
13|393|216|0|150|1|137|
13|398|216|0|152|1|137|
13|379|216|0|145|1|125|
13|387|216|0|148|1|141|
13|386|216|0|148|1|141|
13|381|216|0|146|1|137|
13|373|324|0|143|1|141|
13|371|216|0|143|1|137|
13|1737|1080|0|189|1|137|
13|375|216|0|144|1|137|
13|385|216|0|147|1|137|
13|373|324|0|143|1|125|
13|371|216|0|143|1|141|
13|397|324|0|152|1|137|
13|405|216|0|882|1|9|
13|409|216|0|334|1|81|
13|417|324|0|577|1|3|
13|402|324|0|577|1|50|
13|380|216|0|146|1|137|
13|395|216|0|151|1|137|
13|363|216|0|140|1|125|
13|374|324|0|144|1|141|
13|352|324|0|137|1|137|
13|378|216|0|145|1|141|
13|394|216|0|150|1|137|
13|393|216|0|150|1|137|
13|379|216|0|146|1|137|
13|385|324|0|148|1|137|
13|1024|648|0|189|1|137|
13|381|216|0|146|1|125|
13|364|216|0|141|1|137|
13|356|216|0|138|1|137|
13|380|324|0|146|1|141|
13|384|324|0|147|1|141|
13|389|216|0|149|1|141|
13|389|216|0|149|1|137|
13|349|216|0|136|1|141|
13|1784|1296|0|189|1|137|
13|358|324|0|139|1|137|
13|367|216|0|142|1|141|
13|365|216|0|141|1|137|
13|399|216|0|533|1|59|
13|423|216|0|615|1|16|
13|416|324|0|536|1|51|
13|449|216|0|224|1|70|
13|376|324|0|144|1|125|
13|393|216|0|150|1|125|
13|353|216|0|137|1|137|
13|366|324|0|141|1|137|
13|363|216|0|140|1|137|
13|386|216|0|148|1|137|
13|386|216|0|148|1|137|
13|391|216|0|150|1|137|
13|385|324|0|148|1|141|
13|351|324|0|136|1|137|
13|391|216|0|149|1|125|
13|409|324|0|155|1|125|
13|387|216|0|148|1|141|
13|393|216|0|150|1|141|
13|395|324|0|151|1|141|
13|400|216|0|153|1|137|
13|376|324|0|144|1|137|
13|374|216|0|144|1|137|
13|377|324|0|145|1|137|
13|388|324|0|148|1|137|
13|385|216|0|147|1|125|
13|367|216|0|141|1|141|
13|349|108|0|136|1|141|
13|366|216|0|141|1|137|
13|361|216|0|140|1|137|
13|447|324|0|155|1|76|
13|450|216|0|415|1|57|
13|394|216|0|150|1|137|
13|404|216|0|275|1|43|
13|367|216|0|142|1|137|
13|379|216|0|146|1|137|
13|392|324|0|150|1|141|
13|388|216|0|148|1|137|
13|393|324|0|150|1|137|
13|531|432|0|189|1|137|
13|380|216|0|146|1|137|
13|396|216|0|151|1|125|
13|381|108|0|146|1|137|
13|383|216|0|147|1|141|
13|353|216|0|137|1|137|
13|384|216|0|147|1|137|
13|383|216|0|147|1|137|
13|383|216|0|147|1|141|
13|380|324|0|146|1|137|
13|390|216|0|149|1|141|
13|383|216|0|147|1|137|
13|348|324|0|135|1|125|
13|356|216|0|138|1|137|
13|349|216|0|136|1|137|
13|1730|1080|0|193|1|141|
13|371|324|0|143|1|137|
13|351|216|0|136|1|137|
13|357|216|0|138|1|137|
13|354|324|0|137|1|141|
13|393|324|0|522|1|31|
13|362|216|0|526|1|33|
13|448|324|0|476|1|53|
13|377|216|0|145|1|125|
13|380|324|0|146|1|137|
13|381|324|0|146|1|137|
13|364|324|0|140|1|137|
13|394|324|0|150|1|137|
13|394|216|0|150|1|137|
13|552|324|0|470|1|84|
13|419|324|0|517|1|21|
13|381|324|0|146|1|125|
13|361|216|0|140|1|125|
13|383|324|0|148|1|141|
13|395|216|0|151|1|137|
13|393|216|0|150|1|137|
13|353|216|0|137|1|137|
13|385|216|0|148|1|137|
13|382|216|0|147|1|137|
13|394|216|0|151|1|141|
13|381|324|0|146|1|141|
13|375|216|0|144|1|125|
13|626|324|0|189|1|137|
13|373|216|0|144|1|137|
13|379|216|0|146|1|141|
13|372|324|0|143|1|137|
13|368|216|0|142|1|137|
13|379|324|0|146|1|141|
13|354|108|0|137|1|125|
13|373|216|0|143|1|141|
13|407|324|0|241|1|59|
13|412|216|0|527|1|52|
13|1824|1188|0|1818|1|21|
13|384|216|0|148|1|137|
13|389|216|0|149|1|141|
13|383|324|0|147|1|141|
13|389|216|0|149|1|137|
13|390|216|0|149|1|137|
13|383|216|0|147|1|137|
13|387|324|0|148|1|125|
13|396|324|0|151|1|137|
13|392|216|0|150|1|141|
13|381|216|0|146|1|137|
13|351|324|0|136|1|137|
13|373|216|0|144|1|137|
13|382|216|0|147|1|137|
13|378|216|0|145|1|137|
13|372|324|0|143|1|141|
13|453|216|0|170|1|141|
13|371|216|0|144|1|137|
13|378|216|0|145|1|137|
13|377|216|0|145|1|141|
13|379|216|0|146|1|137|
13|368|216|0|142|1|137|
13|378|216|0|145|1|137|
13|346|216|0|134|1|125|
13|386|216|0|148|1|137|
13|459|324|0|172|1|137|
13|384|216|0|147|1|141|
13|395|216|0|600|1|33|
13|379|216|0|515|1|58|
13|353|216|0|425|1|51|
13|381|108|0|146|1|141|
13|381|216|0|146|1|141|
13|377|324|0|145|1|137|
13|368|216|0|142|1|137|
13|393|216|0|150|1|141|
13|383|324|0|147|1|137|
13|390|216|0|149|1|137|
13|395|216|0|151|1|141|
13|394|216|0|150|1|137|
13|396|324|0|151|1|141|
13|379|216|0|145|1|125|
13|379|216|0|145|1|125|
13|375|216|0|144|1|137|
13|1146|864|0|193|1|141|
13|380|324|0|146|1|137|
13|382|324|0|147|1|137|
13|375|216|0|144|1|137|
13|377|216|0|145|1|137|
13|346|216|0|135|1|137|
13|337|324|0|132|1|137|
13|368|216|0|142|1|125|
13|372|216|0|143|1|137|
13|367|324|0|142|1|137|
13|379|216|0|146|1|137|
13|385|324|0|148|1|137|
13|385|216|0|148|1|137|
13|366|216|0|141|1|137|
13|385|324|0|461|1|48|
13|373|216|0|139|1|81|
13|402|324|0|597|1|32|
13|373|324|0|144|1|137|
13|370|216|0|143|1|137|
13|364|216|0|141|1|137|
13|361|216|0|140|1|137|
13|368|216|0|142|1|141|
13|368|216|0|143|1|137|
13|335|324|0|131|1|137|
13|366|432|0|141|1|125|
13|379|324|0|145|1|125|
13|379|216|0|145|1|137|
13|372|216|0|143|1|141|
13|361|216|0|140|1|137|
13|348|108|0|135|1|137|
13|368|216|0|142|1|137|
13|366|216|0|141|1|137|
13|367|216|0|142|1|137|
13|376|216|0|144|1|137|
13|377|216|0|145|1|141|
13|403|216|0|154|1|141|
13|369|216|0|143|1|141|
13|376|216|0|145|1|141|
13|368|216|0|142|1|137|
13|382|216|0|147|1|137|
13|376|432|0|144|1|141|
13|380|324|0|146|1|137|
13|376|216|0|145|1|137|
13|368|216|0|142|1|137|
13|385|216|0|147|1|125|
13|388|216|0|148|1|137|
13|384|216|0|147|1|137|
13|359|324|0|139|1|137|
13|463|216|0|173|1|137|
13|399|216|0|567|1|21|
13|1172|864|0|280|1|4|
13|1432|972|0|1490|1|67|
13|451|216|0|608|1|12|
13|354|216|0|137|1|137|
13|387|324|0|148|1|141|
13|394|324|0|151|1|137|
13|388|216|0|149|1|137|
13|376|216|0|145|1|137|
13|394|324|0|151|1|137|
13|610|432|0|189|1|137|
13|388|216|0|149|1|137|
13|383|324|0|147|1|137|
13|386|324|0|148|1|137|
13|348|216|0|135|1|141|
13|377|216|0|145|1|141|
13|371|216|0|143|1|141|
13|378|216|0|145|1|137|
13|382|216|0|146|1|137|
13|379|216|0|146|1|137|
13|369|324|0|143|1|125|
13|377|216|0|145|1|137|
13|342|216|0|133|1|137|
13|380|216|0|146|1|141|
13|366|324|0|141|1|137|
13|378|216|0|145|1|137|
13|382|216|0|147|1|137|
13|384|324|0|147|1|137|
13|376|216|0|145|1|137|
13|400|432|0|153|1|141|
13|386|216|0|561|1|6|
13|391|216|0|544|1|6|
13|405|216|0|605|1|12|
13|360|216|0|139|1|137|
13|389|216|0|150|1|137|
13|387|216|0|148|1|137|
13|380|108|0|146|1|141|
13|390|216|0|149|1|125|
13|348|324|0|135|1|137|
13|378|216|0|145|1|137|
13|359|324|0|139|1|137|
13|348|216|0|135|1|141|
13|390|324|0|149|1|137|
13|382|324|0|146|1|141|
13|395|216|0|151|1|137|
13|384|108|0|147|1|137|
13|393|216|0|150|1|125|
13|382|216|0|146|1|137|
13|384|324|0|147|1|141|
13|369|216|0|142|1|137|
13|384|216|0|147|1|141|
13|377|324|0|145|1|137|
13|385|216|0|148|1|137|
13|382|324|0|146|1|137|
13|384|216|0|147|1|141|
13|384|216|0|147|1|125|
13|378|216|0|146|1|137|
13|398|216|0|538|1|64|
13|424|324|0|746|1|4|
13|423|216|0|478|1|20|
13|383|216|0|147|1|141|
13|391|216|0|150|1|137|
13|385|216|0|147|1|137|
13|379|216|0|146|1|137|
13|385|216|0|148|1|137|
13|382|324|0|147|1|137|
13|393|216|0|150|1|137|
13|389|324|0|149|1|137|
13|388|216|0|148|1|141|
13|395|324|0|151|1|141|
13|386|216|0|148|1|137|
13|385|216|0|148|1|137|
13|371|108|0|143|1|137|
13|371|216|0|143|1|137|
13|384|216|0|147|1|137|
13|477|216|0|178|1|137|
13|381|216|0|146|1|137|
13|382|216|0|147|1|141|
13|387|324|0|148|1|141|
13|375|216|0|144|1|141|
13|386|324|0|148|1|137|
13|376|216|0|145|1|137|
13|386|324|0|148|1|125|
13|367|216|0|142|1|137|
13|380|216|0|146|1|141|
13|369|324|0|142|1|137|
13|465|432|0|489|1|52|
13|404|216|0|545|1|28|
13|454|216|0|365|1|29|
13|363|108|0|141|1|141|
13|391|324|0|150|1|125|
13|387|216|0|148|1|137|
13|385|216|0|147|1|137|
13|384|216|0|147|1|137|
13|354|108|0|137|1|137|
13|387|324|0|148|1|137|
13|379|324|0|146|1|137|
13|383|216|0|147|1|141|
13|397|216|0|151|1|141|
13|372|216|0|143|1|137|
13|380|216|0|146|1|137|
13|372|216|0|143|1|137|
13|387|216|0|148|1|137|
13|383|324|0|147|1|137|
13|386|324|0|148|1|141|
13|370|216|0|143|1|137|
13|388|216|0|149|1|137|
13|352|216|0|137|1|137|
13|378|216|0|145|1|125|
13|361|324|0|140|1|137|
13|371|324|0|143|1|137|
13|358|216|0|139|1|137|
13|377|216|0|145|1|137|
13|406|324|0|425|1|58|
13|410|216|0|581|1|30|
13|405|324|0|546|1|31|
13|384|216|0|147|1|125|
13|392|216|0|150|1|137|
13|397|216|0|151|1|125|
13|392|324|0|150|1|137|
13|397|216|0|152|1|137|
13|379|216|0|146|1|137|
13|381|216|0|146|1|137|
13|378|216|0|145|1|137|
13|383|216|0|147|1|125|
13|383|216|0|147|1|125|
13|378|216|0|145|1|137|
13|485|432|0|177|1|125|
13|359|324|0|139|1|141|
13|383|216|0|148|1|137|
13|376|324|0|144|1|141|
13|391|216|0|150|1|137|
13|371|216|0|143|1|137|
13|365|216|0|141|1|137|
13|373|216|0|143|1|125|
13|372|216|0|143|1|141|
13|345|324|0|134|1|137|
13|355|216|0|137|1|137|
13|367|324|0|142|1|141|
13|345|216|0|134|1|137|
13|396|216|0|550|1|29|
13|435|216|0|540|1|46|
13|400|324|0|580|1|29|
13|385|216|0|147|1|141|
13|661|540|0|189|1|137|
13|394|216|0|151|1|137|
13|382|108|0|147|1|141|
13|386|216|0|148|1|137|
13|389|216|0|149|1|141|
13|378|216|0|145|1|137|
13|388|216|0|148|1|141|
13|385|216|0|147|1|137|
13|381|216|0|146|1|137|
13|380|216|0|146|1|125|
13|1001|648|0|189|1|137|
13|394|216|0|151|1|137|
13|390|216|0|149|1|137|
13|393|216|0|150|1|141|
13|375|216|0|144|1|137|
13|369|324|0|142|1|137|
13|372|324|0|143|1|137|
13|378|216|0|145|1|141|
13|372|216|0|143|1|125|
13|370|108|0|142|1|141|
13|369|216|0|142|1|137|
13|385|216|0|148|1|137|
13|375|216|0|144|1|137|
13|348|216|0|135|1|137|
13|393|216|0|552|1|40|
13|391|324|0|479|1|48|
13|421|324|0|544|1|40|
13|409|216|0|662|1|25|
13|384|216|0|147|1|137|
13|389|216|0|149|1|137|
13|378|216|0|145|1|137|
13|387|216|0|148|1|141|
13|376|324|0|145|1|137|
13|382|108|0|146|1|125|
13|388|216|0|149|1|137|
13|392|324|0|150|1|141|
13|392|216|0|150|1|137|
13|395|216|0|151|1|141|
13|389|324|0|149|1|137|
13|377|216|0|145|1|137|
13|394|216|0|151|1|137|
13|377|216|0|145|1|141|
13|369|216|0|142|1|125|
13|378|324|0|145|1|141|
13|387|324|0|148|1|125|
13|379|216|0|145|1|141|
13|370|216|0|143|1|137|
13|375|216|0|144|1|137|
13|375|324|0|144|1|137|
13|372|216|0|143|1|141|
13|360|216|0|139|1|137|
13|345|108|0|134|1|125|
13|417|324|0|551|1|45|
13|573|324|0|838|1|40|
13|440|432|0|589|1|49|
13|383|324|0|281|1|51|
13|391|216|0|149|1|137|
13|385|216|0|147|1|137|
13|389|216|0|149|1|137|
13|392|324|0|150|1|137|
13|394|216|0|151|1|137|
13|398|324|0|152|1|125|
13|391|216|0|149|1|141|
13|380|216|0|146|1|137|
13|395|216|0|151|1|137|
13|380|216|0|146|1|137|
13|392|324|0|150|1|137|
13|373|216|0|143|1|137|
13|380|324|0|146|1|137|
13|386|216|0|148|1|137|
13|369|216|0|142|1|137|
13|359|216|0|139|1|141|
13|377|216|0|145|1|141|
13|381|216|0|146|1|137|
13|368|324|0|142|1|137|
13|384|216|0|147|1|137|
13|516|216|0|189|1|137|
13|347|216|0|135|1|137|
13|374|216|0|144|1|141|
13|391|324|0|149|1|137|
13|386|216|0|148|1|137|
13|380|216|0|146|1|137|
13|378|108|0|145|1|141|
13|387|216|0|148|1|139|
13|349|216|0|136|1|141|
13|384|216|0|148|1|137|
13|387|324|0|148|1|137|
13|393|216|0|150|1|141|
13|390|324|0|149|1|139|
13|394|216|0|150|1|141|
13|383|216|0|147|1|137|
13|393|324|0|150|1|137|
13|377|108|0|145|1|137|
13|392|216|0|150|1|137|
13|386|216|0|148|1|137|
13|555|324|0|193|1|141|
13|355|108|0|137|1|137|
13|373|216|0|143|1|141|
13|388|324|0|148|1|137|
13|353|108|0|137|1|137|
13|383|216|0|147|1|141|
13|374|216|0|144|1|141|
13|381|216|0|147|1|137|
13|375|324|0|144|1|137|
13|367|216|0|142|1|137|
13|364|216|0|140|1|137|
13|368|324|0|142|1|137|
13|375|324|0|145|1|141|
13|375|216|0|145|1|137|
13|377|216|0|145|1|135|
13|349|324|0|135|1|137|
13|359|216|0|138|1|137|
13|381|324|0|146|1|141|
13|386|216|0|148|1|141|
13|387|216|0|148|1|137|
13|392|216|0|149|1|141|
13|393|324|0|150|1|137|
13|397|324|0|151|1|141|
13|366|216|0|141|1|137|
13|386|216|0|147|1|137|
13|384|216|0|148|1|141|
13|949|648|0|189|1|137|
13|365|216|0|141|1|141|
13|374|216|0|143|1|141|
13|368|216|0|143|1|141|
13|348|216|0|135|1|137|
13|382|324|0|146|1|141|
13|373|216|0|144|1|141|
13|380|324|0|146|1|141|
13|363|324|0|140|1|141|
13|361|216|0|140|1|141|
13|365|216|0|140|1|137|
13|905|540|0|189|1|137|
13|679|432|0|189|1|137|
13|375|216|0|144|1|137|
13|375|216|0|145|1|137|
13|383|432|0|147|1|137|
13|369|324|0|142|1|137|
13|358|216|0|138|1|137|
13|378|216|0|145|1|137|
13|349|108|0|135|1|137|
13|391|216|0|149|1|137|
13|380|216|0|146|1|137|
13|393|216|0|151|1|137|
13|392|216|0|149|1|137|
13|385|324|0|147|1|139|
13|388|216|0|148|1|137|
13|384|216|0|147|1|137|
13|390|216|0|149|1|137|
13|386|216|0|148|1|137|
13|369|324|0|142|1|137|
13|384|324|0|147|1|137|
13|367|324|0|142|1|141|
13|367|216|0|141|1|137|
13|359|216|0|139|1|141|
13|1128|648|0|189|1|137|
13|385|216|0|147|1|137|
13|378|324|0|145|1|137|
13|386|216|0|147|1|137|
13|367|324|0|141|1|137|
13|384|216|0|147|1|141|
13|381|216|0|146|1|137|
13|373|216|0|143|1|137|
13|381|216|0|146|1|141|
13|386|216|0|147|1|137|
13|380|216|0|146|1|137|
13|357|216|0|139|1|137|
13|346|216|0|134|1|137|
13|404|324|0|154|1|137|
13|361|216|0|139|1|137|
13|395|324|0|150|1|137|
13|393|216|0|150|1|137|
13|383|324|0|146|1|137|
13|375|108|0|144|1|137|
13|378|216|0|145|1|141|
13|386|216|0|148|1|137|
13|386|216|0|148|1|137|
13|380|216|0|145|1|137|
13|389|216|0|148|1|141|
13|387|216|0|149|1|141|
13|375|216|0|144|1|137|
13|383|324|0|146|1|137|
13|369|324|0|142|1|137|
13|384|216|0|147|1|137|
13|377|324|0|144|1|137|
13|371|324|0|142|1|137|
13|378|324|0|145|1|141|
13|369|324|0|142|1|137|
13|365|216|0|141|1|137|
13|380|216|0|146|1|137|
13|370|216|0|142|1|141|
13|385|216|0|147|1|137|
13|372|216|0|143|1|137|
13|361|324|0|139|1|137|
13|959|540|0|193|1|141|
13|371|324|0|142|1|141|
13|350|216|0|136|1|137|
13|356|216|0|138|1|137|
13|374|216|0|143|1|137|
13|394|324|0|150|1|137|
13|396|216|0|151|1|137|
13|379|324|0|145|1|141|
13|846|540|0|193|1|141|
13|392|216|0|150|1|141|
13|873|540|0|189|1|137|
13|390|216|0|149|1|137|
13|351|216|0|136|1|137|
13|391|216|0|149|1|137|
13|378|216|0|145|1|137|
13|372|324|0|143|1|137|
13|374|324|0|144|1|137|
13|382|324|0|146|1|137|
13|371|216|0|142|1|137|
13|373|216|0|144|1|137|
13|373|216|0|143|1|137|
13|371|324|0|143|1|137|
13|795|432|0|189|1|137|
13|375|324|0|145|1|137|
13|350|108|0|136|1|137|
13|380|216|0|146|1|137|
13|371|324|0|142|1|137|
13|383|324|0|146|1|137|
13|373|324|0|143|1|137|
13|382|216|0|146|1|141|
13|370|324|0|142|1|137|
13|350|324|0|136|1|137|
13|377|324|0|144|1|141|
13|388|216|0|149|1|137|
13|385|216|0|148|1|139|
13|378|216|0|145|1|137|
13|380|216|0|145|1|137|
13|376|216|0|145|1|137|
13|382|324|0|146|1|137|
13|386|216|0|148|1|137|
13|393|324|0|150|1|137|
13|384|216|0|147|1|137|
13|381|324|0|146|1|137|
13|372|216|0|143|1|137|
13|379|216|0|145|1|141|
13|378|216|0|145|1|137|
13|1154|756|0|189|1|137|
13|388|216|0|149|1|141|
13|382|216|0|146|1|137|
13|1703|1080|0|189|1|137|
13|385|216|0|147|1|141|
13|380|216|0|146|1|137|
13|379|324|0|146|1|141|
13|380|216|0|146|1|137|
13|385|216|0|147|1|141|
13|377|324|0|144|1|137|
13|391|216|0|149|1|137|
13|357|324|0|138|1|137|
13|371|324|0|143|1|137|
13|518|324|0|189|1|137|
13|349|324|0|135|1|141|
13|429|216|0|162|1|137|
13|380|216|0|147|1|137|
13|388|108|0|148|1|137|
13|392|324|0|150|1|137|
13|395|216|0|150|1|137|
13|383|324|0|147|1|141|
13|382|216|0|147|1|141|
13|381|324|0|146|1|137|
13|397|324|0|151|1|137|
13|385|216|0|147|1|137|
13|378|324|0|146|1|137|
13|377|216|0|145|1|137|
13|369|324|0|143|1|137|
13|374|108|0|144|1|141|
13|364|324|0|141|1|137|
13|376|324|0|144|1|141|
13|381|216|0|146|1|137|
13|383|216|0|147|1|137|
13|379|216|0|145|1|141|
13|373|216|0|143|1|137|
13|369|324|0|143|1|137|
13|379|216|0|146|1|141|
13|381|324|0|146|1|141|
13|381|216|0|146|1|137|
13|373|216|0|143|1|137|
13|351|216|0|137|1|141|
13|385|216|0|147|1|137|
13|997|756|0|189|1|137|
13|380|216|0|146|1|137|
13|416|216|0|157|1|137|
13|361|108|0|139|1|141|
13|374|216|0|144|1|137|
13|353|324|0|137|1|137|
13|385|324|0|147|1|137|
13|394|324|0|151|1|141|
13|381|216|0|146|1|137|
13|357|324|0|138|1|137|
13|381|216|0|146|1|137|
13|384|216|0|147|1|137|
13|411|216|0|361|1|67|
13|373|324|0|143|1|139|
13|384|216|0|147|1|137|
13|373|216|0|143|1|139|
13|384|216|0|147|1|137|
13|385|324|0|147|1|137|
13|378|216|0|145|1|141|
13|384|216|0|147|1|137|
13|381|216|0|146|1|137|
13|382|216|0|147|1|141|
13|383|216|0|147|1|137|
13|382|216|0|147|1|141|
13|381|324|0|146|1|137|
13|386|324|0|147|1|137|
13|383|216|0|147|1|137|
13|1680|1080|0|189|1|137|
13|370|216|0|142|1|137|
13|381|216|0|146|1|137|
13|1548|972|0|189|1|137|
13|1050|648|0|189|1|137|
13|389|324|0|148|1|137|
13|385|216|0|147|1|141|
13|369|216|0|142|1|141|
13|386|324|0|148|1|141|
13|377|216|0|145|1|137|
13|379|216|0|145|1|141|
13|379|216|0|145|1|137|
13|351|216|0|136|1|141|
13|383|324|0|147|1|141|
13|482|216|0|180|1|137|
13|387|216|0|148|1|137|
13|384|216|0|147|1|137|
13|380|216|0|145|1|137|
13|386|324|0|148|1|137|
13|379|216|0|145|1|137|
13|387|216|0|148|1|141|
13|382|324|0|147|1|137|
13|376|216|0|145|1|137|
13|369|216|0|142|1|141|
13|379|324|0|145|1|137|
13|386|432|0|148|1|141|
13|366|216|0|141|1|137|
13|379|216|0|145|1|137|
13|386|216|0|147|1|137|
13|379|216|0|145|1|137|
13|379|324|0|145|1|137|
13|350|216|0|136|1|141|
13|375|216|0|144|1|137|
13|381|324|0|147|1|137|
13|1780|1296|0|189|1|137|
13|346|216|0|134|1|141|
13|382|216|0|147|1|137|
13|354|108|0|138|1|141|
13|379|216|0|145|1|137|
13|382|324|0|147|1|137|
13|379|324|0|146|1|137|
13|396|216|0|151|1|137|
13|415|324|0|152|1|83|
13|384|324|0|147|1|139|
13|359|216|0|139|1|141|
13|375|216|0|144|1|139|
13|371|216|0|143|1|141|
13|378|216|0|146|1|137|
13|391|216|0|150|1|141|
13|383|216|0|147|1|137|
13|385|216|0|147|1|137|
13|368|108|0|142|1|137|
13|383|216|0|146|1|137|
13|366|216|0|142|1|137|
13|377|216|0|144|1|137|
13|367|216|0|141|1|137|
13|375|216|0|144|1|137|
13|1750|1296|0|189|1|137|
13|377|216|0|145|1|137|
13|377|324|0|145|1|141|
13|356|216|0|137|1|137|
13|344|108|0|134|1|141|
13|374|324|0|143|1|137|
13|369|216|0|142|1|137|
13|382|216|0|146|1|137|
13|384|324|0|147|1|141|
13|391|216|0|149|1|137|
13|388|216|0|149|1|141|
13|367|108|0|141|1|137|
13|384|216|0|147|1|139|
13|351|324|0|136|1|137|
13|386|216|0|148|1|141|
13|444|216|0|221|1|79|
13|373|216|0|143|1|141|
13|392|216|0|149|1|137|
13|376|324|0|144|1|137|
13|378|216|0|146|1|137|
13|390|324|0|149|1|137|
13|382|216|0|146|1|137|
13|385|324|0|148|1|141|
13|498|324|0|185|1|137|
13|374|216|0|144|1|137|
13|370|324|0|142|1|137|
13|374|216|0|144|1|137|
13|371|216|0|142|1|137|
13|384|216|0|147|1|141|
13|384|216|0|148|1|137|
13|368|216|0|141|1|137|
13|368|216|0|141|1|137|
13|371|216|0|143|1|137|
13|380|216|0|146|1|141|
13|381|216|0|146|1|137|
13|352|216|0|136|1|137|
13|356|216|0|138|1|141|
13|363|216|0|140|1|141|
13|387|216|0|149|1|137|
13|486|324|0|181|1|137|
13|350|108|0|136|1|137|
13|379|216|0|146|1|141|
13|398|216|0|152|1|137|
13|381|216|0|147|1|141|
13|351|216|0|136|1|137|
13|370|216|0|142|1|141|
13|390|324|0|150|1|141|
13|356|324|0|138|1|141|
13|385|324|0|148|1|141|
13|384|216|0|147|1|137|
13|381|216|0|146|1|141|
13|384|324|0|147|1|137|
13|391|432|0|149|1|141|
13|376|216|0|145|1|141|
13|376|324|0|145|1|141|
13|374|216|0|144|1|141|
13|381|216|0|146|1|137|
13|370|216|0|143|1|141|
13|379|216|0|145|1|137|
13|365|324|0|141|1|137|
13|366|324|0|141|1|137|
13|347|108|0|134|1|137|
13|358|324|0|139|1|141|
13|383|216|0|146|1|137|
13|368|216|0|142|1|141|
13|363|216|0|141|1|137|
13|376|324|0|144|1|141|
13|386|216|0|147|1|141|
13|397|216|0|151|1|137|
13|391|324|0|149|1|137|
13|393|216|0|150|1|141|
13|393|216|0|150|1|137|
13|388|216|0|148|1|137|
13|372|216|0|143|1|137|
13|380|216|0|145|1|137|
13|409|216|0|155|1|141|
13|374|216|0|144|1|137|
13|383|324|0|146|1|137|
13|371|216|0|143|1|141|
13|373|324|0|143|1|137|
13|369|216|0|142|1|137|
13|373|216|0|143|1|137|
13|379|216|0|145|1|137|
13|369|216|0|142|1|137|
13|384|216|0|147|1|137|
13|382|324|0|146|1|137|
13|372|324|0|143|1|137|
13|356|216|0|138|1|141|
13|382|432|0|146|1|137|
13|568|324|0|193|1|141|
13|348|216|0|136|1|137|
13|347|216|0|134|1|137|
13|344|216|0|134|1|137|
13|341|216|0|133|1|137|
13|341|216|0|133|1|133|
13|374|216|0|144|1|141|
13|381|324|0|146|1|137|
13|394|216|0|151|1|137|
13|393|324|0|150|1|141|
13|394|216|0|150|1|137|
13|383|216|0|147|1|137|
13|391|216|0|150|1|137|
13|391|216|0|149|1|137|
13|391|216|0|149|1|141|
13|386|216|0|148|1|141|
13|380|324|0|146|1|137|
13|387|324|0|148|1|137|
13|374|324|0|145|1|137|
13|369|216|0|142|1|137|
13|377|324|0|144|1|137|
13|368|216|0|142|1|141|
13|377|216|0|144|1|137|
13|373|216|0|143|1|137|
13|1644|1080|0|189|1|137|
13|376|324|0|144|1|137|
13|363|216|0|141|1|141|
13|1612|1188|0|189|1|137|
13|381|324|0|147|1|141|
13|377|216|0|145|1|137|
