INSTRUCTIONS_RETIRED|CYCLES|UNKNOWN|LD_BLOCKS.STORE_FORWARD|UOPS_EXECUTED.CORE|BR_MISP_RETIRED.ALL_BRANCHES|UOPS_ISSUED.SLOW_LEA|
13|386|216|0|62|1|8|
13|385|216|0|62|1|8|
13|362|324|0|62|1|8|
13|340|216|0|62|1|8|
13|343|216|0|62|1|8|
13|351|216|0|62|1|8|
13|922|648|0|62|1|8|
13|371|324|0|62|1|8|
13|355|216|0|62|1|8|
13|358|216|0|62|1|8|
13|354|216|0|62|1|8|
13|400|324|0|62|1|8|
13|367|216|0|62|1|8|
13|345|216|0|62|1|8|
13|373|216|0|62|1|8|
13|371|324|0|62|1|8|
13|375|324|0|62|1|8|
13|972|648|0|62|1|8|
13|371|216|0|62|1|8|
13|359|216|0|62|1|8|
13|375|216|0|62|1|8|
13|369|216|0|62|1|8|
13|341|216|0|62|1|8|
13|374|324|0|62|1|8|
13|368|216|0|62|1|8|
13|383|216|0|62|1|8|
13|342|324|0|62|1|8|
13|386|216|0|62|1|8|
13|373|324|0|62|1|8|
13|389|324|0|62|1|8|
13|353|216|0|62|1|8|
13|390|216|0|62|1|8|
13|383|216|0|62|1|8|
13|372|216|0|62|1|8|
13|382|324|0|62|1|8|
13|774|540|0|62|1|8|
13|365|216|0|62|1|8|
13|384|324|0|62|1|8|
13|352|324|0|62|1|8|
13|340|324|0|62|1|8|
13|375|324|0|62|1|8|
13|351|216|0|62|1|8|
13|352|216|0|62|1|8|
13|371|216|0|62|1|8|
13|335|216|0|62|1|8|
13|366|216|0|62|1|8|
13|365|216|0|62|1|8|
13|368|216|0|62|1|8|
13|370|324|0|62|1|8|
13|364|324|0|62|1|8|
13|370|324|0|62|1|8|
13|367|216|0|62|1|8|
13|373|324|0|62|1|8|
13|359|324|0|62|1|8|
13|412|216|0|62|1|8|
13|364|324|0|62|1|8|
13|365|324|0|62|1|8|
13|347|324|0|62|1|8|
13|351|324|0|62|1|8|
13|373|216|0|62|1|8|
13|380|216|0|62|1|8|
13|372|216|0|62|1|8|
13|362|216|0|62|1|8|
13|373|216|0|62|1|8|
13|356|324|0|62|1|8|
13|373|216|0|62|1|8|
13|367|216|0|62|1|8|
13|372|216|0|62|1|8|
13|374|432|0|62|1|8|
13|360|216|0|62|1|8|
13|365|324|0|62|1|8|
13|367|324|0|62|1|8|
13|353|324|0|62|1|8|
13|366|216|0|62|1|8|
13|370|324|0|62|1|8|
13|343|216|0|62|1|8|
13|367|216|0|62|1|8|
13|372|324|0|62|1|8|
13|367|216|0|62|1|8|
13|370|216|0|62|1|8|
13|1491|972|0|62|1|8|
13|356|216|0|62|1|8|
13|351|324|0|62|1|8|
13|371|324|0|62|1|8|
13|346|216|0|62|1|8|
13|360|324|0|62|1|8|
13|513|324|0|62|1|8|
13|378|324|0|62|1|8|
13|388|216|0|62|1|8|
13|373|216|0|62|1|8|
13|1489|864|0|62|1|8|
13|371|108|0|62|1|8|
13|383|324|0|62|1|8|
13|425|324|0|62|1|8|
13|385|324|0|62|1|8|
13|336|216|0|62|1|8|
13|349|324|0|62|1|8|
13|368|216|0|62|1|8|
13|1082|648|0|62|1|8|
13|341|108|0|62|1|8|
13|922|756|0|62|1|8|
13|372|324|0|62|1|8|
13|352|324|0|62|1|8|
13|368|216|0|62|1|8|
13|329|216|0|62|1|8|
13|677|432|0|62|1|8|
13|343|216|0|62|1|8|
13|361|216|0|62|1|8|
13|382|216|0|62|1|8|
13|399|324|0|62|1|8|
13|345|216|0|62|1|8|
13|357|324|0|62|1|8|
13|328|216|0|62|1|8|
13|352|324|0|62|1|8|
13|332|216|0|62|1|8|
13|329|108|0|62|1|8|
13|369|324|0|62|1|8|
13|349|216|0|62|1|8|
13|326|216|0|62|1|8|
13|512|324|0|62|1|8|
13|358|324|0|224|1|4|
13|375|324|0|824|1|0|
13|421|324|0|695|1|2|
13|364|324|0|730|1|2|
13|409|216|0|649|1|2|
13|563|324|0|203|1|9|
13|404|216|0|734|1|4|
13|392|324|0|62|1|8|
13|374|216|0|62|1|8|
13|351|324|0|62|1|8|
13|356|324|0|62|1|8|
13|358|324|0|62|1|8|
13|351|216|0|62|1|8|
13|352|324|0|62|1|8|
13|313|216|0|62|1|8|
13|358|216|0|62|1|8|
13|340|216|0|62|1|8|
13|349|324|0|62|1|8|
13|353|324|0|62|1|8|
13|356|216|0|62|1|8|
13|354|216|0|62|1|8|
13|351|216|0|62|1|8|
13|355|216|0|62|1|8|
13|348|324|0|62|1|8|
13|343|216|0|62|1|8|
13|351|216|0|62|1|8|
13|357|324|0|62|1|8|
13|346|216|0|62|1|8|
13|358|324|0|62|1|8|
13|355|432|0|62|1|8|
13|344|216|0|62|1|8|
13|341|216|0|62|1|8|
13|342|216|0|62|1|8|
13|345|216|0|62|1|8|
13|351|324|0|62|1|8|
13|322|324|0|62|1|8|
13|343|432|0|62|1|8|
13|350|216|0|62|1|8|
13|340|216|0|62|1|8|
13|339|216|0|62|1|8|
13|345|216|0|62|1|8|
13|354|216|0|62|1|8|
13|355|324|0|62|1|8|
13|345|324|0|62|1|8|
13|341|432|0|62|1|8|
13|346|216|0|62|1|8|
13|341|324|0|62|1|8|
13|345|216|0|62|1|8|
13|339|324|0|62|1|8|
13|328|216|0|62|1|8|
13|352|324|0|62|1|8|
13|325|324|0|62|1|8|
13|327|216|0|62|1|8|
13|341|216|0|62|1|8|
13|322|216|0|62|1|8|
13|345|216|0|62|1|8|
13|345|324|0|62|1|8|
13|326|216|0|62|1|8|
13|354|324|0|62|1|8|
13|360|216|0|62|1|8|
13|364|216|0|62|1|8|
13|646|540|0|62|1|8|
13|345|324|0|62|1|8|
13|752|540|0|62|1|8|
13|343|324|0|62|1|8|
13|348|216|0|62|1|8|
13|346|324|0|62|1|8|
13|325|216|0|62|1|8|
13|350|216|0|62|1|8|
13|349|324|0|62|1|8|
13|342|216|0|62|1|8|
13|342|324|0|62|1|8|
13|339|216|0|62|1|8|
13|345|324|0|62|1|8|
13|346|216|0|62|1|8|
13|347|324|0|62|1|8|
13|354|324|0|62|1|8|
13|372|324|0|62|1|8|
13|351|324|0|62|1|8|
13|320|324|0|62|1|8|
13|353|216|0|62|1|8|
13|343|324|0|62|1|8|
13|353|216|0|62|1|8|
13|353|324|0|62|1|8|
13|353|216|0|62|1|8|
13|355|216|0|62|1|8|
13|349|216|0|62|1|8|
13|358|216|0|62|1|8|
13|353|324|0|62|1|8|
13|350|216|0|62|1|8|
13|910|756|0|62|1|8|
13|356|216|0|62|1|8|
13|348|216|0|62|1|8|
13|356|216|0|62|1|8|
13|351|216|0|62|1|8|
13|351|216|0|62|1|8|
13|343|324|0|62|1|8|
13|335|216|0|62|1|8|
13|856|648|0|62|1|8|
13|327|216|0|62|1|8|
13|343|216|0|62|1|8|
13|373|216|0|62|1|8|
13|333|216|0|62|1|8|
13|385|216|0|62|1|8|
13|394|216|0|168|1|1|
13|359|324|0|62|1|8|
13|351|324|0|62|1|8|
13|358|216|0|62|1|8|
13|362|216|0|62|1|8|
13|379|432|0|62|1|8|
13|351|216|0|62|1|8|
13|361|216|0|62|1|8|
13|389|216|0|736|1|9|
13|363|216|0|62|1|8|
13|351|324|0|62|1|8|
13|339|324|0|62|1|8|
13|381|324|0|62|1|8|
13|365|216|0|62|1|8|
13|363|324|0|62|1|8|
13|355|324|0|62|1|8|
13|367|324|0|62|1|8|
13|360|324|0|62|1|8|
13|354|216|0|62|1|8|
13|359|216|0|62|1|8|
13|356|216|0|62|1|8|
13|357|324|0|62|1|8|
13|338|324|0|62|1|8|
13|328|216|0|62|1|8|
13|372|216|0|413|1|1|
13|380|324|0|593|1|7|
13|357|324|0|62|1|8|
13|366|216|0|62|1|8|
13|357|216|0|62|1|8|
13|366|324|0|62|1|8|
13|369|216|0|62|1|8|
13|358|324|0|62|1|8|
13|357|216|0|62|1|8|
13|360|216|0|62|1|8|
13|333|216|0|62|1|8|
13|361|324|0|62|1|8|
13|361|216|0|62|1|8|
13|364|324|0|62|1|8|
13|365|324|0|62|1|8|
13|357|324|0|62|1|8|
13|368|216|0|62|1|8|
13|1575|1080|0|62|1|8|
13|355|216|0|62|1|8|
13|356|324|0|62|1|8|
13|365|216|0|62|1|8|
13|1454|972|0|62|1|8|
13|368|324|0|62|1|8|
13|358|216|0|62|1|8|
13|366|324|0|62|1|8|
13|361|324|0|62|1|8|
13|374|324|0|62|1|8|
13|1208|864|0|62|1|8|
13|372|216|0|62|1|8|
13|373|216|0|62|1|8|
13|371|216|0|62|1|8|
13|373|216|0|62|1|8|
13|374|324|0|62|1|8|
13|347|216|0|62|1|8|
13|372|216|0|201|1|1|
13|923|648|0|1000|1|7|
13|414|216|0|831|1|0|
13|380|216|0|62|1|8|
13|388|324|0|62|1|8|
13|384|216|0|62|1|8|
13|390|216|0|62|1|8|
13|390|216|0|62|1|8|
13|390|216|0|62|1|8|
13|379|216|0|62|1|8|
13|385|324|0|62|1|8|
13|381|216|0|62|1|8|
13|1052|648|0|62|1|8|
13|374|324|0|62|1|8|
13|365|216|0|62|1|8|
13|371|216|0|62|1|8|
13|361|216|0|62|1|8|
13|372|324|0|62|1|8|
13|368|216|0|62|1|8|
13|365|216|0|62|1|8|
13|369|216|0|62|1|8|
13|367|216|0|62|1|8|
13|370|216|0|62|1|8|
13|355|216|0|62|1|8|
13|367|216|0|62|1|8|
13|356|216|0|62|1|8|
13|355|216|0|62|1|8|
13|359|216|0|62|1|8|
13|556|432|0|62|1|8|
13|336|324|0|62|1|8|
13|378|216|0|62|1|8|
13|366|216|0|62|1|8|
13|374|216|0|62|1|8|
13|381|216|0|62|1|8|
13|377|216|0|62|1|8|
13|380|216|0|62|1|8|
13|373|216|0|62|1|8|
13|376|216|0|62|1|8|
13|375|216|0|62|1|8|
13|370|216|0|62|1|8|
13|370|216|0|62|1|8|
13|366|216|0|62|1|8|
13|338|324|0|62|1|8|
13|356|324|0|62|1|8|
13|360|216|0|62|1|8|
13|371|216|0|62|1|8|
13|332|324|0|62|1|8|
13|363|216|0|62|1|8|
13|363|216|0|62|1|8|
13|368|216|0|62|1|8|
13|369|216|0|62|1|8|
13|356|216|0|62|1|8|
13|359|324|0|62|1|8|
13|1282|864|0|62|1|8|
13|365|216|0|62|1|8|
13|357|324|0|62|1|8|
13|370|324|0|62|1|8|
13|364|324|0|62|1|8|
13|379|432|0|62|1|8|
13|486|216|0|1113|1|2|
13|384|216|0|62|1|8|
13|364|216|0|62|1|8|
13|379|216|0|62|1|8|
13|381|216|0|62|1|8|
13|360|108|0|62|1|8|
13|375|324|0|62|1|8|
13|373|324|0|62|1|8|
13|385|324|0|62|1|8|
13|379|216|0|62|1|8|
13|373|216|0|62|1|8|
13|371|216|0|62|1|8|
13|446|216|0|62|1|8|
13|363|324|0|62|1|8|
13|361|216|0|62|1|8|
13|376|216|0|62|1|8|
13|585|432|0|62|1|8|
13|362|216|0|62|1|8|
13|361|216|0|62|1|8|
13|364|216|0|62|1|8|
13|339|216|0|62|1|8|
13|372|216|0|62|1|8|
13|371|324|0|62|1|8|
13|369|324|0|62|1|8|
13|567|432|0|62|1|8|
13|853|540|0|62|1|8|
13|364|216|0|62|1|8|
13|340|216|0|62|1|8|
13|361|324|0|62|1|8|
13|359|216|0|62|1|8|
13|372|324|0|62|1|8|
13|378|216|0|62|1|8|
13|384|324|0|62|1|8|
13|380|324|0|62|1|8|
13|385|216|0|62|1|8|
13|381|324|0|62|1|8|
13|365|324|0|62|1|8|
13|385|216|0|62|1|8|
13|377|324|0|62|1|8|
13|382|324|0|62|1|8|
13|375|324|0|62|1|8|
13|378|324|0|62|1|8|
13|366|324|0|62|1|8|
13|369|216|0|62|1|8|
13|340|216|0|62|1|8|
13|371|216|0|62|1|8|
13|334|216|0|62|1|8|
13|827|648|0|62|1|8|
13|363|216|0|62|1|8|
13|369|216|0|62|1|8|
13|333|324|0|62|1|8|
13|362|216|0|62|1|8|
13|355|216|0|62|1|8|
13|353|216|0|62|1|8|
13|336|216|0|62|1|8|
13|355|324|0|62|1|8|
13|356|216|0|75|1|8|
13|364|216|0|62|1|8|
13|362|216|0|62|1|8|
13|351|216|0|62|1|8|
13|360|216|0|62|1|8|
13|389|324|0|62|1|8|
13|1376|864|0|62|1|8|
13|391|216|0|62|1|8|
13|385|324|0|62|1|8|
13|864|648|0|62|1|8|
13|384|324|0|62|1|8|
13|381|216|0|62|1|8|
13|379|324|0|62|1|8|
13|369|216|0|62|1|8|
13|367|216|0|62|1|8|
13|371|216|0|62|1|8|
13|366|216|0|62|1|8|
13|374|216|0|62|1|8|
13|359|216|0|62|1|8|
13|354|216|0|62|1|8|
13|355|324|0|62|1|8|
13|353|216|0|62|1|8|
13|363|216|0|62|1|8|
13|367|324|0|62|1|8|
13|358|216|0|62|1|8|
13|360|324|0|62|1|8|
13|354|216|0|62|1|8|
13|367|216|0|62|1|8|
13|367|324|0|62|1|8|
13|366|324|0|62|1|8|
13|361|216|0|169|1|1|
13|396|216|0|446|1|4|
13|401|216|0|475|1|7|
13|386|216|0|62|1|8|
13|391|216|0|62|1|8|
13|377|216|0|62|1|8|
13|393|216|0|62|1|8|
13|376|324|0|62|1|8|
13|379|216|0|62|1|8|
13|376|324|0|62|1|8|
13|384|216|0|62|1|8|
13|379|216|0|62|1|8|
13|362|324|0|62|1|8|
13|365|216|0|62|1|8|
13|364|324|0|62|1|8|
13|369|216|0|62|1|8|
13|377|216|0|62|1|8|
13|367|216|0|62|1|8|
13|376|216|0|62|1|8|
13|360|216|0|62|1|8|
13|372|432|0|62|1|8|
13|728|432|0|62|1|8|
13|367|216|0|62|1|8|
13|367|324|0|62|1|8|
13|351|216|0|55|0|1|
13|373|324|0|62|1|8|
13|368|216|0|62|1|8|
13|351|216|0|62|1|8|
13|347|216|0|62|1|8|
13|366|216|0|117|1|8|
13|400|324|0|756|1|0|
13|379|216|0|537|1|2|
13|373|216|0|55|0|1|
13|374|216|0|62|1|8|
13|393|216|0|62|1|8|
13|379|216|0|62|1|8|
13|391|324|0|62|1|8|
13|384|324|0|62|1|8|
13|381|216|0|62|1|8|
13|375|216|0|62|1|8|
13|382|216|0|62|1|8|
13|386|216|0|62|1|8|
13|379|324|0|62|1|8|
13|372|216|0|62|1|8|
13|364|216|0|62|1|8|
13|374|216|0|62|1|8|
13|1369|864|0|62|1|8|
13|378|216|0|62|1|8|
13|377|216|0|62|1|8|
13|363|216|0|62|1|8|
13|376|216|0|62|1|8|
13|363|324|0|62|1|8|
13|375|324|0|62|1|8|
13|361|216|0|62|1|8|
13|338|216|0|62|1|8|
13|371|216|0|62|1|8|
13|338|216|0|62|1|8|
13|514|324|0|62|1|8|
13|374|216|0|523|1|1|
13|363|324|0|282|1|5|
13|380|324|0|474|1|5|
13|416|216|0|62|1|8|
13|879|648|0|62|1|8|
13|387|216|0|62|1|8|
13|1795|1080|0|62|1|8|
13|386|216|0|62|1|8|
13|379|108|0|62|1|8|
13|376|324|0|62|1|8|
13|389|216|0|62|1|8|
13|375|216|0|62|1|8|
13|367|324|0|62|1|8|
13|353|216|0|62|1|8|
13|340|216|0|62|1|8|
13|378|216|0|62|1|8|
13|379|216|0|62|1|8|
13|372|216|0|62|1|8|
13|372|216|0|62|1|8|
13|361|324|0|62|1|8|
13|367|216|0|62|1|8|
13|369|324|0|62|1|8|
13|362|216|0|62|1|8|
13|374|216|0|62|1|8|
13|378|216|0|62|1|8|
13|350|216|0|62|1|8|
13|377|216|0|62|1|8|
13|360|216|0|62|1|8|
13|352|216|0|62|1|8|
13|382|324|0|554|1|0|
13|386|324|0|548|1|8|
13|370|216|0|510|1|5|
13|393|216|0|62|1|8|
13|379|324|0|62|1|8|
13|1030|648|0|62|1|8|
13|387|216|0|62|1|8|
13|349|216|0|62|1|8|
13|381|216|0|62|1|8|
13|392|216|0|62|1|8|
13|374|216|0|62|1|8|
13|342|216|0|62|1|8|
13|373|216|0|62|1|8|
13|374|216|0|62|1|8|
13|365|324|0|62|1|8|
13|370|216|0|62|1|8|
13|365|324|0|62|1|8|
13|358|216|0|62|1|8|
13|360|216|0|62|1|8|
13|374|216|0|62|1|8|
13|358|216|0|62|1|8|
13|374|324|0|62|1|8|
13|356|324|0|62|1|8|
13|360|216|0|62|1|8|
13|336|108|0|62|1|8|
13|379|324|0|62|1|8|
13|372|216|0|62|1|8|
13|387|216|0|378|1|8|
13|370|216|0|68|1|8|
13|400|216|0|588|1|0|
13|400|216|0|538|1|1|
13|364|324|0|62|1|8|
13|352|216|0|62|1|8|
13|391|216|0|62|1|8|
13|378|324|0|62|1|8|
13|494|432|0|62|1|8|
13|368|216|0|62|1|8|
13|381|324|0|62|1|8|
13|379|216|0|62|1|8|
13|384|216|0|62|1|8|
13|364|216|0|62|1|8|
13|359|216|0|62|1|8|
13|364|324|0|62|1|8|
13|364|324|0|62|1|8|
13|369|324|0|62|1|8|
13|362|216|0|62|1|8|
13|376|216|0|62|1|8|
13|376|216|0|62|1|8|
13|367|216|0|62|1|8|
13|364|216|0|62|1|8|
13|373|324|0|62|1|8|
13|363|216|0|62|1|8|
13|373|216|0|62|1|8|
13|368|216|0|62|1|8|
13|375|216|0|62|1|8|
13|358|324|0|62|1|8|
13|395|216|0|512|1|4|
13|399|324|0|350|1|0|
13|403|432|0|562|1|0|
13|393|216|0|62|1|8|
13|362|216|0|62|1|8|
13|387|216|0|62|1|8|
13|381|216|0|62|1|8|
13|389|216|0|62|1|8|
13|388|216|0|62|1|8|
13|387|216|0|62|1|8|
13|367|324|0|62|1|8|
13|384|216|0|62|1|8|
13|351|216|0|62|1|8|
13|360|216|0|62|1|8|
13|370|216|0|62|1|8|
13|366|216|0|62|1|8|
13|358|216|0|62|1|8|
13|589|324|0|62|1|8|
13|372|216|0|62|1|8|
13|369|216|0|62|1|8|
13|372|216|0|62|1|8|
13|357|216|0|62|1|8|
13|359|216|0|62|1|8|
13|362|216|0|62|1|8|
13|1366|972|0|62|1|8|
13|366|324|0|62|1|8|
13|348|216|0|62|1|8|
13|368|216|0|62|1|8|
13|376|216|0|62|1|8|
13|393|216|0|609|1|10|
13|408|216|0|610|1|1|
13|404|216|0|468|1|6|
13|415|324|0|555|1|3|
13|354|216|0|62|1|8|
13|385|324|0|62|1|8|
13|387|324|0|62|1|8|
13|381|324|0|62|1|8|
13|389|216|0|62|1|8|
13|371|324|0|62|1|8|
13|380|216|0|62|1|8|
13|376|216|0|62|1|8|
13|369|216|0|62|1|8|
13|341|216|0|62|1|8|
13|365|216|0|62|1|8|
13|369|216|0|62|1|8|
13|366|216|0|62|1|8|
13|367|216|0|62|1|8|
13|377|216|0|62|1|8|
13|362|216|0|62|1|8|
13|360|216|0|62|1|8|
13|375|216|0|62|1|8|
13|372|216|0|62|1|8|
13|375|216|0|62|1|8|
13|366|324|0|62|1|8|
13|373|216|0|62|1|8|
13|377|216|0|62|1|8|
13|363|216|0|62|1|8|
13|378|216|0|62|1|8|
13|403|216|0|537|1|1|
13|394|216|0|596|1|0|
13|396|216|0|529|1|4|
13|422|216|0|62|1|8|
13|391|216|0|62|1|8|
13|384|216|0|62|1|8|
13|387|324|0|62|1|8|
13|1341|756|0|62|1|8|
13|379|216|0|62|1|8|
13|376|216|0|62|1|8|
13|358|324|0|62|1|8|
13|365|216|0|62|1|8|
13|359|216|0|62|1|8|
13|370|324|0|62|1|8|
13|371|216|0|62|1|8|
13|380|216|0|62|1|8|
13|361|216|0|62|1|8|
13|360|216|0|62|1|8|
13|378|216|0|62|1|8|
13|375|432|0|62|1|8|
13|376|324|0|62|1|8|
13|378|324|0|62|1|8|
13|360|216|0|62|1|8|
13|377|216|0|62|1|8|
13|364|216|0|62|1|8|
13|341|216|0|62|1|8|
13|368|216|0|62|1|8|
13|349|216|0|62|1|8|
13|1592|1188|0|1978|1|7|
13|355|324|0|538|1|0|
13|398|216|0|242|1|7|
13|358|108|0|62|1|8|
13|363|216|0|62|1|8|
13|392|216|0|62|1|8|
13|356|216|0|62|1|8|
13|391|324|0|62|1|8|
13|378|216|0|62|1|8|
13|386|324|0|62|1|8|
13|361|324|0|62|1|8|
13|384|324|0|62|1|8|
13|380|324|0|62|1|8|
13|371|324|0|62|1|8|
13|364|216|0|62|1|8|
13|372|216|0|62|1|8|
13|376|216|0|62|1|8|
13|374|324|0|62|1|8|
13|364|216|0|62|1|8|
13|362|216|0|62|1|8|
13|359|324|0|62|1|8|
13|357|216|0|62|1|8|
13|364|216|0|62|1|8|
13|357|216|0|62|1|8|
13|374|216|0|62|1|8|
13|358|216|0|62|1|8|
13|350|216|0|62|1|8|
13|333|216|0|62|1|8|
13|375|216|0|465|1|3|
13|398|324|0|441|1|8|
13|376|216|0|459|1|7|
13|379|216|0|371|1|1|
13|385|216|0|62|1|8|
13|393|216|0|62|1|8|
13|376|216|0|62|1|8|
13|390|216|0|62|1|8|
13|387|216|0|62|1|8|
13|362|216|0|62|1|8|
13|383|216|0|62|1|8|
13|378|216|0|62|1|8|
13|377|216|0|62|1|8|
13|368|324|0|62|1|8|
13|363|324|0|62|1|8|
13|377|216|0|62|1|8|
13|366|216|0|62|1|8|
13|371|324|0|62|1|8|
13|373|324|0|62|1|8|
13|370|432|0|62|1|8|
13|373|216|0|62|1|8|
13|361|216|0|62|1|8|
13|370|324|0|62|1|8|
13|378|216|0|62|1|8|
13|371|324|0|62|1|8|
13|381|324|0|62|1|8|
13|367|216|0|62|1|8|
13|370|324|0|62|1|8|
13|347|324|0|62|1|8|
13|393|216|0|402|1|7|
13|414|216|0|332|1|1|
13|409|216|0|586|1|1|
13|375|324|0|493|1|7|
13|382|216|0|62|1|8|
13|379|324|0|62|1|8|
13|394|216|0|62|1|8|
13|382|216|0|62|1|8|
13|387|324|0|62|1|8|
13|384|324|0|62|1|8|
13|1020|648|0|62|1|8|
13|374|216|0|62|1|8|
13|384|216|0|62|1|8|
13|361|216|0|62|1|8|
13|362|216|0|62|1|8|
13|373|216|0|62|1|8|
13|367|216|0|62|1|8|
13|360|324|0|62|1|8|
13|363|216|0|62|1|8|
13|376|432|0|62|1|8|
13|342|216|0|62|1|8|
13|375|324|0|62|1|8|
13|360|216|0|62|1|8|
13|370|216|0|62|1|8|
13|364|216|0|62|1|8|
13|376|324|0|62|1|8|
13|362|216|0|62|1|8|
13|376|324|0|62|1|8|
13|336|216|0|62|1|8|
13|385|216|0|540|1|6|
13|404|432|0|529|1|3|
13|405|216|0|494|1|6|
13|387|324|0|62|1|8|
13|386|216|0|62|1|8|
13|382|216|0|62|1|8|
13|390|324|0|62|1|8|
13|389|216|0|62|1|8|
13|382|324|0|62|1|8|
13|377|216|0|62|1|8|
13|384|216|0|62|1|8|
13|373|324|0|62|1|8|
13|368|216|0|62|1|8|
13|384|216|0|62|1|8|
13|370|216|0|62|1|8|
13|366|324|0|62|1|8|
13|359|216|0|62|1|8|
13|362|216|0|62|1|8|
13|358|216|0|62|1|8|
13|365|216|0|62|1|8|
13|371|216|0|62|1|8|
13|371|216|0|62|1|8|
13|369|216|0|62|1|8|
13|370|324|0|62|1|8|
13|342|324|0|62|1|8|
13|361|216|0|62|1|8|
13|374|216|0|62|1|8|
13|373|216|0|62|1|8|
13|388|324|0|531|1|8|
13|365|216|0|156|1|2|
13|388|216|0|550|1|7|
13|1276|864|0|1125|1|3|
13|382|324|0|62|1|8|
13|380|216|0|62|1|8|
13|378|216|0|62|1|8|
13|381|216|0|62|1|8|
13|375|324|0|62|1|8|
13|371|216|0|62|1|8|
13|373|216|0|62|1|8|
13|362|216|0|62|1|8|
13|376|216|0|62|1|8|
13|363|216|0|62|1|8|
13|374|216|0|62|1|8|
13|368|216|0|62|1|8|
13|366|216|0|62|1|8|
13|368|216|0|62|1|8|
13|358|216|0|62|1|8|
13|369|324|0|62|1|8|
13|358|324|0|62|1|8|
13|357|324|0|62|1|8|
13|361|324|0|62|1|8|
13|355|324|0|62|1|8|
13|354|324|0|62|1|8|
13|353|216|0|62|1|8|
13|332|108|0|62|1|8|
13|348|216|0|62|1|8|
13|379|216|0|427|1|1|
13|407|216|0|484|1|4|
13|380|324|0|62|1|8|
13|391|216|0|62|1|8|
13|373|216|0|62|1|8|
13|378|324|0|62|1|8|
13|362|324|0|62|1|8|
13|377|324|0|62|1|8|
13|394|324|0|62|1|8|
13|388|324|0|62|1|8|
13|376|324|0|62|1|8|
13|534|432|0|62|1|8|
13|370|216|0|62|1|8|
13|373|324|0|62|1|8|
13|375|216|0|62|1|8|
13|361|216|0|62|1|8|
13|367|216|0|62|1|8|
13|369|216|0|62|1|8|
13|378|324|0|62|1|8|
13|370|216|0|62|1|8|
13|370|324|0|62|1|8|
13|367|216|0|62|1|8|
13|374|216|0|62|1|8|
13|372|216|0|62|1|8|
13|375|324|0|62|1|8|
13|366|324|0|62|1|8|
13|340|216|0|62|1|8|
13|358|216|0|62|1|8|
13|367|324|0|62|1|8|
13|362|216|0|62|1|8|
13|350|216|0|62|1|8|
13|365|216|0|62|1|8|
13|377|324|0|62|1|8|
13|365|324|0|62|1|8|
13|377|216|0|62|1|8|
13|374|216|0|62|1|8|
13|347|216|0|62|1|8|
13|372|216|0|62|1|8|
13|382|324|0|62|1|8|
13|370|216|0|62|1|8|
13|368|216|0|62|1|8|
13|351|324|0|62|1|8|
13|377|216|0|62|1|8|
13|365|216|0|62|1|8|
13|375|324|0|62|1|8|
13|359|216|0|62|1|8|
13|362|216|0|62|1|8|
13|359|324|0|62|1|8|
13|332|324|0|62|1|8|
13|368|324|0|62|1|8|
13|373|216|0|62|1|8|
13|364|216|0|62|1|8|
13|372|216|0|62|1|8|
13|338|108|0|62|1|8|
13|368|216|0|62|1|8|
13|342|216|0|62|1|8|
13|408|324|0|62|1|8|
13|338|216|0|62|1|8|
13|367|216|0|62|1|8|
13|393|216|0|772|1|0|
13|373|324|0|62|1|8|
13|353|324|0|62|1|8|
13|382|324|0|62|1|8|
13|383|216|0|62|1|8|
13|385|324|0|62|1|8|
13|371|108|0|62|1|8|
13|389|324|0|62|1|8|
13|386|216|0|62|1|8|
13|366|216|0|62|1|8|
13|346|216|0|62|1|8|
13|371|324|0|62|1|8|
13|375|324|0|62|1|8|
13|360|216|0|62|1|8|
13|360|324|0|62|1|8|
13|370|216|0|62|1|8|
13|372|216|0|62|1|8|
13|371|216|0|62|1|8|
13|351|216|0|62|1|8|
13|367|216|0|62|1|8|
13|367|324|0|62|1|8|
13|1350|972|0|62|1|8|
13|369|324|0|62|1|8|
13|371|216|0|62|1|8|
13|367|324|0|62|1|8|
13|372|324|0|62|1|8|
13|342|324|0|62|1|8|
13|357|216|0|62|1|8|
13|349|216|0|62|1|8|
13|376|216|0|62|1|8|
13|678|432|0|62|1|8|
13|385|216|0|62|1|8|
13|381|216|0|62|1|8|
13|381|324|0|62|1|8|
13|369|216|0|62|1|8|
13|376|216|0|62|1|8|
13|367|324|0|62|1|8|
13|382|216|0|62|1|8|
13|375|216|0|62|1|8|
13|362|324|0|62|1|8|
13|364|216|0|62|1|8|
13|354|216|0|62|1|8|
13|368|216|0|62|1|8|
13|329|216|0|62|1|8|
13|1664|1188|0|62|1|8|
13|361|216|0|62|1|8|
13|362|216|0|62|1|8|
13|357|216|0|62|1|8|
13|363|216|0|62|1|8|
13|368|216|0|62|1|8|
13|363|216|0|62|1|8|
13|369|216|0|62|1|8|
13|358|216|0|62|1|8|
13|367|324|0|62|1|8|
13|352|324|0|62|1|8|
13|371|324|0|62|1|8|
13|370|216|0|62|1|8|
13|365|216|0|62|1|8|
13|395|216|0|764|1|0|
13|366|216|0|62|1|8|
13|365|108|0|62|1|8|
13|391|216|0|62|1|8|
13|390|216|0|62|1|8|
13|387|216|0|62|1|8|
13|381|216|0|62|1|8|
13|384|216|0|62|1|8|
13|376|324|0|62|1|8|
13|1714|1188|0|62|1|8|
13|367|216|0|62|1|8|
13|369|216|0|62|1|8|
13|358|216|0|62|1|8|
13|373|324|0|62|1|8|
13|356|216|0|62|1|8|
13|370|216|0|62|1|8|
13|364|216|0|62|1|8|
13|362|324|0|62|1|8|
13|340|216|0|62|1|8|
13|369|216|0|62|1|8|
13|354|216|0|62|1|8|
13|346|216|0|62|1|8|
13|365|324|0|62|1|8|
13|362|216|0|62|1|8|
13|365|216|0|62|1|8|
13|360|216|0|62|1|8|
13|349|108|0|62|1|8|
13|363|216|0|62|1|8|
13|348|216|0|62|1|8|
13|379|216|0|62|1|8|
13|345|216|0|62|1|8|
13|371|216|0|62|1|8|
13|385|216|0|62|1|8|
13|387|216|0|62|1|8|
13|374|216|0|62|1|8|
13|388|216|0|62|1|8|
13|376|216|0|62|1|8|
13|380|216|0|62|1|8|
13|665|432|0|62|1|8|
13|378|216|0|62|1|8|
13|361|324|0|62|1|8|
13|665|432|0|62|1|8|
13|363|216|0|62|1|8|
13|882|648|0|62|1|8|
13|360|216|0|62|1|8|
13|340|324|0|62|1|8|
13|367|216|0|62|1|8|
13|354|324|0|62|1|8|
13|370|216|0|62|1|8|
13|369|216|0|62|1|8|
13|365|324|0|62|1|8|
13|374|216|0|62|1|8|
13|360|216|0|62|1|8|
13|364|324|0|62|1|8|
13|354|216|0|62|1|8|
13|352|216|0|62|1|8|
13|329|216|0|62|1|8|
13|361|216|0|62|1|8|
13|332|324|0|62|1|8|
13|364|216|0|62|1|8|
13|359|216|0|62|1|8|
13|364|216|0|62|1|8|
13|334|216|0|62|1|8|
13|374|216|0|62|1|8|
13|381|324|0|62|1|8|
13|372|216|0|62|1|8|
13|374|216|0|62|1|8|
13|375|216|0|62|1|8|
13|381|324|0|62|1|8|
13|367|216|0|62|1|8|
13|376|216|0|62|1|8|
13|361|216|0|62|1|8|
13|373|432|0|62|1|8|
13|376|216|0|62|1|8|
13|345|216|0|62|1|8|
13|373|216|0|62|1|8|
13|375|324|0|62|1|8|
13|356|324|0|62|1|8|
13|370|216|0|62|1|8|
13|345|216|0|62|1|8|
13|353|216|0|62|1|8|
13|368|216|0|62|1|8|
13|361|216|0|62|1|8|
13|348|324|0|62|1|8|
13|360|324|0|62|1|8|
