INSTRUCTIONS_RETIRED|CYCLES|UNKNOWN|LD_BLOCKS.STORE_FORWARD|UOPS_EXECUTED.CORE|BR_MISP_RETIRED.ALL_BRANCHES|UOPS_ISSUED.SLOW_LEA|
13|337|324|0|132|1|141|
13|358|324|0|139|1|141|
13|363|216|0|140|1|137|
13|338|216|0|131|1|137|
13|752|540|0|189|1|137|
13|339|216|0|133|1|137|
13|370|216|0|142|1|137|
13|384|324|0|147|1|137|
13|339|324|0|132|1|141|
13|382|216|0|146|1|137|
13|372|216|0|143|1|137|
13|356|216|0|138|1|137|
13|395|432|0|151|1|137|
13|346|216|0|134|1|141|
13|385|324|0|147|1|137|
13|381|216|0|147|1|141|
13|360|324|0|139|1|141|
13|371|216|0|143|1|137|
13|358|216|0|138|1|137|
13|373|216|0|143|1|137|
13|369|216|0|142|1|141|
13|372|324|0|142|1|135|
13|358|216|0|139|1|137|
13|372|216|0|143|1|137|
13|355|216|0|138|1|137|
13|369|324|0|142|1|141|
13|1142|864|0|189|1|137|
13|960|540|0|189|1|137|
13|366|324|0|142|1|137|
13|378|216|0|144|1|141|
13|363|324|0|139|1|137|
13|1582|1188|0|189|1|137|
13|367|324|0|141|1|137|
13|368|324|0|141|1|137|
13|367|216|0|142|1|137|
13|368|216|0|141|1|137|
13|365|216|0|140|1|137|
13|366|216|0|141|1|141|
13|713|540|0|189|1|137|
13|367|216|0|142|1|137|
13|373|324|0|143|1|141|
13|738|540|0|191|1|139|
13|378|324|0|145|1|141|
13|408|216|0|155|1|137|
13|349|324|0|136|1|137|
13|354|324|0|137|1|137|
13|376|216|0|145|1|141|
13|382|216|0|146|1|141|
13|374|324|0|143|1|141|
13|372|216|0|143|1|137|
13|382|216|0|146|1|137|
13|380|324|0|145|1|137|
13|355|324|0|137|1|137|
13|361|216|0|139|1|137|
13|1438|972|0|193|1|141|
13|354|216|0|137|1|141|
13|365|324|0|141|1|137|
13|365|324|0|141|1|141|
13|358|216|0|138|1|137|
13|364|324|0|140|1|137|
13|1202|864|0|189|1|137|
13|361|324|0|139|1|137|
13|362|216|0|139|1|137|
13|359|324|0|138|1|137|
13|350|216|0|136|1|141|
13|340|216|0|132|1|137|
13|364|216|0|141|1|137|
13|331|108|0|130|1|133|
13|347|216|0|135|1|141|
13|486|432|0|181|1|137|
13|364|324|0|141|1|137|
13|340|216|0|132|1|137|
13|384|216|0|147|1|137|
13|377|216|0|145|1|141|
13|375|216|0|145|1|141|
13|366|216|0|141|1|137|
13|379|216|0|145|1|137|
13|366|324|0|141|1|137|
13|371|216|0|142|1|137|
13|368|216|0|143|1|137|
13|371|216|0|142|1|137|
13|376|216|0|144|1|139|
13|369|216|0|143|1|137|
13|438|216|0|165|1|137|
13|376|216|0|144|1|139|
13|365|216|0|141|1|137|
13|361|216|0|140|1|137|
13|375|216|0|144|1|137|
13|370|324|0|142|1|137|
13|366|216|0|141|1|137|
13|369|324|0|142|1|137|
13|354|216|0|137|1|137|
13|355|216|0|137|1|137|
13|354|324|0|137|1|137|
13|354|216|0|137|1|137|
13|365|216|0|141|1|137|
13|356|324|0|138|1|137|
13|357|324|0|137|1|141|
13|355|216|0|138|1|137|
13|353|216|0|137|1|137|
13|442|216|0|167|1|137|
13|1424|972|0|189|1|137|
13|359|216|0|139|1|137|
13|370|216|0|142|1|141|
13|375|324|0|145|1|141|
13|381|216|0|147|1|137|
13|1592|1080|0|189|1|137|
13|372|216|0|144|1|141|
13|384|216|0|147|1|137|
13|375|216|0|144|1|137|
13|383|216|0|147|1|141|
13|374|216|0|144|1|141|
13|358|324|0|138|1|137|
13|376|324|0|145|1|141|
13|372|216|0|142|1|137|
13|991|756|0|189|1|137|
13|358|216|0|138|1|137|
13|1325|972|0|189|1|137|
13|363|216|0|139|1|137|
13|358|216|0|139|1|137|
13|368|216|0|142|1|141|
13|374|216|0|144|1|137|
13|373|324|0|143|1|137|
13|374|324|0|144|1|141|
13|362|216|0|139|1|141|
13|358|216|0|138|1|141|
13|351|324|0|137|1|137|
13|362|216|0|140|1|137|
13|362|216|0|140|1|141|
13|360|216|0|140|1|141|
13|342|324|0|133|1|137|
13|369|216|0|141|1|135|
13|371|324|0|143|1|137|
13|357|216|0|137|1|137|
13|350|324|0|135|1|137|
13|377|216|0|145|1|137|
13|374|216|0|144|1|137|
13|371|324|0|142|1|137|
13|383|216|0|146|1|137|
13|372|216|0|143|1|141|
13|365|216|0|141|1|137|
13|372|216|0|143|1|137|
13|367|216|0|141|1|137|
13|371|216|0|143|1|141|
13|362|216|0|140|1|137|
13|1313|972|0|189|1|137|
13|361|216|0|139|1|141|
13|360|216|0|139|1|137|
13|361|216|0|140|1|141|
13|1025|756|0|193|1|141|
13|1239|864|0|189|1|137|
13|605|432|0|189|1|137|
13|365|216|0|141|1|137|
13|367|324|0|142|1|137|
13|368|324|0|142|1|137|
13|355|216|0|138|1|141|
13|362|216|0|140|1|137|
13|345|216|0|134|1|137|
13|1322|1080|0|189|1|137|
13|345|216|0|134|1|137|
13|349|216|0|135|1|137|
13|344|216|0|134|1|137|
13|363|216|0|140|1|137|
13|374|216|0|144|1|137|
13|373|324|0|143|1|141|
13|347|216|0|135|1|137|
13|386|216|0|147|1|141|
13|382|324|0|146|1|137|
13|384|216|0|147|1|137|
13|353|216|0|137|1|137|
13|386|216|0|148|1|137|
13|374|216|0|144|1|137|
13|382|216|0|146|1|137|
13|358|216|0|139|1|137|
13|368|216|0|142|1|137|
13|373|324|0|144|1|141|
13|376|216|0|144|1|137|
13|398|324|0|152|1|141|
13|1185|864|0|189|1|137|
13|362|216|0|139|1|137|
13|849|648|0|189|1|137|
13|366|324|0|141|1|141|
13|374|324|0|144|1|137|
13|371|324|0|143|1|137|
13|359|324|0|139|1|137|
13|351|324|0|136|1|137|
13|352|324|0|136|1|137|
13|366|216|0|140|1|141|
13|338|216|0|132|1|137|
13|1352|972|0|189|1|137|
13|334|324|0|131|1|133|
13|367|216|0|142|1|141|
13|350|216|0|136|1|137|
13|387|216|0|148|1|137|
13|368|216|0|142|1|137|
13|381|324|0|147|1|137|
13|371|324|0|142|1|137|
13|380|216|0|146|1|137|
13|372|324|0|143|1|137|
13|372|216|0|143|1|137|
13|374|216|0|144|1|137|
13|372|324|0|143|1|137|
13|360|216|0|139|1|137|
13|367|216|0|141|1|137|
13|359|216|0|138|1|137|
13|352|216|0|136|1|137|
13|374|216|0|144|1|141|
13|1406|864|0|189|1|137|
13|375|216|0|144|1|137|
13|364|216|0|140|1|137|
13|372|324|0|143|1|137|
13|1502|1080|0|189|1|137|
13|367|216|0|141|1|137|
13|332|216|0|129|1|133|
13|363|216|0|140|1|137|
13|367|216|0|141|1|137|
13|343|216|0|133|1|137|
13|358|216|0|138|1|137|
13|372|324|0|143|1|141|
13|1433|1080|0|189|1|137|
13|378|216|0|145|1|141|
13|411|324|0|157|1|137|
13|384|324|0|147|1|137|
13|380|216|0|145|1|141|
13|380|324|0|146|1|137|
13|377|216|0|145|1|137|
13|383|216|0|147|1|141|
13|387|324|0|148|1|137|
13|385|216|0|147|1|141|
13|384|324|0|147|1|137|
13|367|216|0|141|1|141|
13|377|216|0|145|1|141|
13|360|324|0|139|1|137|
13|370|324|0|142|1|137|
13|372|216|0|143|1|137|
13|1433|972|0|193|1|141|
13|368|324|0|142|1|137|
13|376|324|0|144|1|137|
13|347|216|0|134|1|137|
13|1563|1080|0|189|1|137|
13|367|324|0|141|1|137|
13|366|216|0|141|1|141|
13|353|216|0|137|1|141|
13|372|324|0|142|1|137|
13|357|216|0|138|1|137|
13|372|216|0|143|1|137|
13|345|324|0|134|1|133|
13|369|324|0|142|1|137|
13|388|324|0|149|1|141|
13|344|216|0|134|1|137|
13|343|216|0|133|1|137|
13|347|324|0|134|1|137|
13|377|324|0|145|1|137|
13|376|216|0|144|1|137|
13|375|216|0|144|1|141|
13|387|216|0|148|1|137|
13|367|324|0|141|1|137|
13|382|216|0|146|1|137|
13|380|324|0|145|1|137|
13|375|216|0|143|1|141|
13|376|216|0|145|1|139|
13|372|216|0|142|1|137|
13|370|216|0|141|1|137|
13|371|324|0|142|1|137|
13|370|216|0|142|1|137|
13|374|216|0|143|1|141|
13|358|216|0|138|1|137|
13|362|216|0|139|1|137|
13|360|324|0|139|1|141|
13|379|216|0|145|1|137|
13|358|216|0|139|1|137|
13|375|324|0|144|1|137|
13|1259|972|0|189|1|137|
13|365|216|0|140|1|137|
13|354|216|0|137|1|141|
13|334|108|0|130|1|137|
13|351|216|0|136|1|141|
13|356|216|0|138|1|137|
13|336|324|0|131|1|137|
13|371|216|0|142|1|139|
13|366|324|0|141|1|137|
13|364|216|0|140|1|141|
13|364|216|0|140|1|137|
13|363|216|0|139|1|137|
13|379|216|0|145|1|137|
13|381|216|0|146|1|141|
13|380|324|0|146|1|141|
13|370|216|0|142|1|141|
13|352|216|0|136|1|137|
13|374|216|0|143|1|137|
13|377|216|0|145|1|137|
13|367|324|0|141|1|137|
13|378|216|0|145|1|137|
13|363|324|0|140|1|137|
13|366|216|0|141|1|137|
13|1413|972|0|189|1|137|
13|1201|756|0|189|1|137|
13|365|216|0|140|1|137|
13|375|324|0|144|1|137|
13|371|216|0|142|1|137|
13|373|324|0|143|1|137|
13|376|216|0|144|1|137|
13|375|324|0|144|1|137|
13|1121|756|0|189|1|137|
13|374|324|0|143|1|141|
13|330|216|0|129|1|133|
13|354|216|0|137|1|137|
13|326|324|0|128|1|133|
13|362|324|0|140|1|137|
13|364|216|0|140|1|137|
13|1149|864|0|189|1|137|
13|341|324|0|133|1|137|
13|376|216|0|145|1|141|
13|375|216|0|144|1|141|
13|385|216|0|147|1|137|
13|378|216|0|145|1|141|
13|382|216|0|146|1|137|
13|374|324|0|144|1|137|
13|358|216|0|138|1|141|
13|386|216|0|147|1|137|
13|385|216|0|147|1|137|
13|380|216|0|145|1|137|
13|378|216|0|145|1|141|
13|366|216|0|141|1|137|
13|371|324|0|143|1|137|
13|365|324|0|141|1|137|
13|367|324|0|141|1|137|
13|365|216|0|141|1|137|
13|362|324|0|139|1|141|
13|374|216|0|143|1|137|
13|371|216|0|142|1|141|
13|372|216|0|143|1|137|
13|366|324|0|140|1|137|
13|357|216|0|138|1|137|
13|370|324|0|142|1|137|
13|367|216|0|141|1|137|
13|353|324|0|137|1|137|
13|345|216|0|134|1|137|
13|360|216|0|139|1|141|
13|366|216|0|141|1|137|
13|361|324|0|140|1|139|
13|348|324|0|135|1|137|
13|341|216|0|134|1|137|
13|458|324|0|171|1|141|
13|373|324|0|143|1|137|
13|377|216|0|144|1|137|
13|372|324|0|143|1|137|
13|382|216|0|146|1|137|
13|371|324|0|143|1|137|
13|381|216|0|145|1|137|
13|366|216|0|141|1|137|
13|345|216|0|135|1|141|
13|362|216|0|139|1|137|
13|379|216|0|145|1|141|
13|380|324|0|145|1|141|
13|362|216|0|141|1|141|
13|357|216|0|138|1|137|
13|371|216|0|143|1|141|
13|358|216|0|138|1|137|
13|364|216|0|141|1|141|
13|366|324|0|141|1|137|
13|366|216|0|141|1|141|
13|362|216|0|139|1|137|
13|370|324|0|142|1|137|
13|358|216|0|138|1|137|
13|373|216|0|143|1|137|
13|362|324|0|139|1|137|
13|351|216|0|136|1|137|
13|393|216|0|151|1|137|
13|360|216|0|139|1|137|
13|344|216|0|134|1|141|
13|357|216|0|138|1|137|
13|1550|1080|0|189|1|137|
13|497|324|0|185|1|137|
13|368|324|0|141|1|137|
13|371|324|0|143|1|137|
13|374|324|0|143|1|141|
13|381|216|0|146|1|137|
13|378|216|0|145|1|137|
13|384|216|0|147|1|137|
13|395|216|0|151|1|137|
13|361|324|0|140|1|137|
13|370|216|0|141|1|137|
13|367|324|0|141|1|137|
13|372|324|0|143|1|141|
13|373|216|0|143|1|137|
13|370|216|0|143|1|137|
13|372|216|0|143|1|137|
13|351|216|0|136|1|135|
13|361|216|0|139|1|141|
13|366|216|0|141|1|137|
13|363|216|0|140|1|137|
13|352|216|0|136|1|141|
13|373|216|0|143|1|137|
13|358|324|0|138|1|137|
13|1554|1080|0|189|1|137|
13|375|216|0|144|1|137|
13|349|216|0|136|1|137|
13|361|216|0|139|1|141|
13|368|216|0|142|1|137|
13|357|324|0|139|1|137|
13|358|324|0|138|1|137|
13|362|216|0|140|1|137|
13|335|216|0|131|1|133|
13|360|216|0|138|1|137|
13|438|324|0|165|1|137|
13|357|216|0|138|1|137|
13|380|216|0|145|1|141|
13|376|216|0|144|1|137|
13|385|324|0|148|1|137|
13|384|216|0|146|1|141|
13|382|216|0|146|1|137|
13|377|216|0|145|1|141|
13|375|216|0|144|1|137|
13|370|324|0|142|1|137|
13|373|216|0|143|1|137|
13|359|216|0|139|1|137|
13|367|324|0|141|1|141|
13|353|324|0|138|1|141|
13|370|216|0|142|1|137|
13|371|216|0|142|1|141|
13|357|324|0|139|1|137|
13|365|324|0|140|1|137|
13|366|216|0|141|1|141|
13|355|324|0|137|1|137|
13|366|216|0|141|1|137|
13|364|324|0|140|1|137|
13|343|216|0|134|1|137|
13|374|216|0|143|1|137|
13|375|216|0|144|1|137|
13|358|216|0|138|1|137|
13|350|216|0|136|1|141|
13|479|432|0|179|1|137|
13|1614|1080|0|193|1|141|
13|376|216|0|144|1|141|
13|373|324|0|143|1|137|
13|376|324|0|144|1|137|
13|368|324|0|142|1|137|
13|376|216|0|145|1|137|
13|370|108|0|142|1|137|
13|384|216|0|147|1|137|
13|369|216|0|142|1|137|
13|372|324|0|142|1|137|
13|379|216|0|146|1|137|
13|373|216|0|143|1|137|
13|374|216|0|144|1|137|
13|361|216|0|139|1|137|
13|355|324|0|137|1|137|
13|361|324|0|139|1|137|
13|360|324|0|140|1|137|
13|365|216|0|141|1|137|
13|485|324|0|180|1|137|
13|336|216|0|131|1|137|
13|330|216|0|129|1|133|
13|367|324|0|141|1|137|
13|356|216|0|137|1|137|
13|350|216|0|136|1|137|
13|335|216|0|132|1|133|
13|409|216|0|155|1|137|
13|371|216|0|143|1|141|
13|351|324|0|136|1|137|
13|345|216|0|134|1|137|
13|344|108|0|133|1|137|
13|364|216|0|705|1|16|
13|394|216|0|684|1|13|
13|357|324|0|699|1|23|
13|391|216|0|657|1|6|
13|400|216|0|880|1|6|
13|371|324|0|770|1|14|
13|406|216|0|817|1|7|
13|411|216|0|864|1|12|
13|415|324|0|921|1|10|
13|350|324|0|135|1|137|
13|382|324|0|930|1|21|
13|400|216|0|844|1|16|
13|387|432|0|792|1|23|
13|393|216|0|831|1|28|
13|404|216|0|773|1|15|
13|378|216|0|752|1|10|
13|402|324|0|884|1|8|
13|397|216|0|830|1|11|
13|394|324|0|840|1|37|
13|415|324|0|839|1|14|
13|372|324|0|764|1|16|
13|402|324|0|712|1|44|
13|390|216|0|764|1|22|
13|397|324|0|888|1|10|
13|361|324|0|750|1|3|
13|402|324|0|839|1|17|
13|407|324|0|865|1|16|
13|399|432|0|740|1|16|
13|402|216|0|830|1|14|
13|395|216|0|829|1|18|
13|402|216|0|865|1|32|
13|404|216|0|825|1|10|
13|409|216|0|864|1|10|
13|387|324|0|852|1|20|
13|398|216|0|844|1|10|
13|366|216|0|700|1|16|
13|406|324|0|878|1|12|
13|412|216|0|237|1|15|
13|393|216|0|784|1|14|
13|398|324|0|816|1|9|
13|401|324|0|873|1|24|
13|403|216|0|861|1|11|
13|1408|972|0|2931|1|6|
13|410|216|0|832|1|10|
13|405|216|0|850|1|13|
13|399|432|0|797|1|24|
13|386|324|0|719|1|22|
13|416|324|0|725|1|18|
13|390|324|0|834|1|8|
13|411|216|0|1002|1|11|
13|398|324|0|735|1|9|
13|385|324|0|850|1|16|
13|403|216|0|872|1|7|
13|392|216|0|762|1|19|
13|374|216|0|755|1|17|
13|359|216|0|754|1|14|
13|360|216|0|521|1|13|
13|368|324|0|730|1|23|
13|414|216|0|899|1|8|
13|412|324|0|935|1|8|
13|415|324|0|792|1|22|
13|383|324|0|890|1|16|
13|402|324|0|893|1|3|
13|397|216|0|815|1|1|
13|395|216|0|866|1|6|
13|400|324|0|753|1|36|
13|387|216|0|701|1|16|
13|395|324|0|746|1|12|
13|406|216|0|744|1|22|
13|396|216|0|874|1|11|
13|396|216|0|708|1|6|
13|397|216|0|848|1|10|
13|394|216|0|838|1|18|
13|399|216|0|728|1|11|
13|367|324|0|853|1|10|
13|383|216|0|751|1|14|
13|397|216|0|785|1|15|
13|389|216|0|692|1|6|
13|403|324|0|749|1|10|
13|379|324|0|549|1|48|
13|353|324|0|136|1|137|
13|391|324|0|856|1|8|
13|378|324|0|361|1|24|
13|359|216|0|139|1|137|
13|360|324|0|139|1|137|
13|881|540|0|189|1|137|
13|350|216|0|136|1|137|
13|366|216|0|141|1|137|
13|380|324|0|146|1|137|
13|427|216|0|334|1|75|
13|384|216|0|386|1|67|
13|407|324|0|454|1|79|
13|381|216|0|555|1|21|
13|418|432|0|750|1|8|
13|398|216|0|864|1|17|
13|411|324|0|748|1|7|
13|409|216|0|841|1|35|
13|411|216|0|729|1|6|
13|385|216|0|830|1|10|
13|403|216|0|772|1|5|
13|1671|1188|0|3126|1|40|
13|387|216|0|738|1|11|
13|400|216|0|868|1|39|
13|378|216|0|761|1|20|
13|384|216|0|754|1|7|
13|388|324|0|810|1|7|
13|385|216|0|803|1|7|
13|378|324|0|764|1|23|
13|382|324|0|831|1|23|
13|399|216|0|781|1|8|
13|1286|864|0|712|0|2|
13|398|324|0|764|1|21|
13|402|324|0|862|1|12|
13|374|216|0|863|1|13|
13|367|324|0|804|1|11|
13|383|324|0|846|1|13|
13|397|324|0|721|1|43|
13|386|216|0|848|1|18|
13|390|324|0|837|1|9|
13|396|216|0|747|1|24|
13|400|324|0|721|1|12|
13|395|324|0|875|1|12|
13|403|216|0|845|1|15|
13|384|216|0|738|1|28|
13|376|216|0|787|1|14|
13|365|324|0|728|1|14|
13|1529|1080|0|2686|1|7|
13|351|108|0|318|1|58|
13|385|216|0|818|1|16|
13|359|216|0|723|1|8|
13|377|216|0|779|1|6|
13|388|324|0|723|1|17|
13|373|216|0|744|1|20|
13|374|216|0|701|1|19|
13|390|324|0|703|1|56|
13|375|216|0|757|1|20|
13|339|216|0|163|1|74|
13|394|324|0|726|1|14|
13|378|324|0|804|1|11|
13|374|216|0|600|1|54|
13|396|216|0|785|1|6|
13|387|324|0|707|1|9|
13|351|216|0|679|1|23|
13|389|324|0|798|1|15|
13|380|324|0|759|1|24|
13|421|216|0|792|1|5|
13|376|324|0|855|1|8|
13|371|324|0|592|1|12|
13|358|216|0|689|1|28|
13|375|324|0|762|1|36|
13|376|216|0|810|1|11|
13|367|216|0|828|1|18|
13|407|216|0|901|1|4|
13|370|324|0|501|1|37|
13|399|216|0|697|1|22|
13|402|216|0|787|1|8|
13|386|216|0|828|1|2|
13|399|324|0|859|1|8|
13|529|432|0|318|1|77|
13|402|324|0|914|1|29|
13|400|324|0|760|1|10|
13|381|324|0|716|1|16|
13|387|324|0|782|1|13|
13|369|216|0|142|1|137|
13|1385|972|0|189|1|137|
13|369|216|0|142|1|137|
13|369|216|0|141|1|141|
13|369|324|0|142|1|141|
13|369|324|0|142|1|137|
13|373|324|0|143|1|137|
13|359|216|0|139|1|137|
13|367|216|0|141|1|137|
13|355|216|0|138|1|137|
13|362|216|0|139|1|137|
13|357|216|0|137|1|137|
13|360|216|0|139|1|141|
13|361|216|0|139|1|137|
13|347|216|0|134|1|137|
13|348|216|0|135|1|137|
13|640|432|0|193|1|141|
13|351|324|0|157|1|79|
13|384|324|0|147|1|141|
13|386|324|0|147|1|137|
13|383|324|0|147|1|137|
13|384|216|0|147|1|137|
13|385|324|0|147|1|139|
13|386|216|0|148|1|137|
13|372|324|0|143|1|137|
13|365|216|0|141|1|137|
13|348|324|0|135|1|137|
13|372|216|0|144|1|141|
13|367|324|0|141|1|137|
13|361|216|0|140|1|137|
13|343|324|0|133|1|133|
13|368|216|0|142|1|137|
13|368|324|0|141|1|141|
13|368|324|0|142|1|137|
13|366|216|0|141|1|137|
13|370|324|0|142|1|141|
13|354|216|0|137|1|137|
13|376|216|0|144|1|137|
13|358|216|0|139|1|137|
13|367|216|0|141|1|137|
13|366|216|0|141|1|137|
13|370|324|0|143|1|141|
13|369|324|0|143|1|141|
13|401|324|0|599|1|21|
13|362|216|0|200|1|86|
13|389|216|0|569|1|32|
13|381|216|0|457|1|51|
13|345|216|0|134|1|137|
13|369|216|0|142|1|137|
13|372|216|0|143|1|137|
13|369|108|0|142|1|137|
13|385|216|0|147|1|137|
13|370|216|0|142|1|137|
13|384|216|0|147|1|141|
13|384|216|0|146|1|137|
13|373|324|0|143|1|141|
13|379|216|0|145|1|137|
13|362|324|0|140|1|137|
13|366|216|0|140|1|137|
13|356|216|0|138|1|137|
13|375|216|0|144|1|137|
13|367|216|0|140|1|137|
13|356|216|0|137|1|137|
13|365|216|0|140|1|137|
13|363|324|0|140|1|137|
13|365|216|0|141|1|141|
13|339|216|0|132|1|133|
13|364|216|0|140|1|137|
13|364|216|0|140|1|137|
13|364|216|0|140|1|137|
13|376|216|0|144|1|137|
13|337|216|0|131|1|133|
13|363|216|0|455|1|32|
13|436|216|0|605|1|12|
13|405|432|0|543|1|24|
13|369|324|0|142|1|141|
13|372|216|0|143|1|141|
13|371|324|0|143|1|137|
13|369|216|0|142|1|137|
13|354|324|0|137|1|137|
13|367|108|0|141|1|125|
13|382|216|0|146|1|137|
13|542|324|0|189|1|137|
13|383|216|0|146|1|137|
13|367|216|0|141|1|137|
13|465|324|0|174|1|141|
13|381|216|0|146|1|141|
13|369|324|0|142|1|141|
13|413|432|0|156|1|125|
13|371|324|0|143|1|137|
13|371|324|0|143|1|137|
13|369|216|0|142|1|141|
13|351|324|0|136|1|137|
13|363|324|0|140|1|137|
13|359|216|0|139|1|141|
13|356|216|0|137|1|141|
13|339|324|0|132|1|137|
13|357|216|0|138|1|137|
13|340|216|0|133|1|137|
13|369|216|0|142|1|141|
13|366|216|0|141|1|137|
13|881|648|0|537|1|22|
13|391|432|0|424|1|81|
13|404|324|0|575|1|52|
13|405|216|0|568|1|14|
13|359|216|0|139|1|125|
13|380|216|0|146|1|137|
13|386|216|0|148|1|137|
13|381|324|0|146|1|141|
13|362|324|0|139|1|137|
13|369|324|0|142|1|137|
13|376|216|0|144|1|137|
13|368|216|0|141|1|141|
13|377|324|0|144|1|125|
13|378|216|0|145|1|137|
13|369|216|0|142|1|125|
13|382|324|0|146|1|137|
13|533|324|0|189|1|137|
13|355|216|0|137|1|137|
13|369|216|0|142|1|137|
13|362|216|0|139|1|137|
13|361|324|0|139|1|125|
13|360|216|0|139|1|137|
13|366|216|0|141|1|137|
13|360|324|0|139|1|137|
13|368|216|0|142|1|137|
13|359|216|0|139|1|137|
13|357|216|0|138|1|137|
13|368|324|0|246|1|69|
13|366|216|0|194|1|70|
13|345|324|0|383|1|30|
13|374|324|0|144|1|125|
13|369|216|0|142|1|137|
13|369|216|0|142|1|141|
13|377|216|0|145|1|141|
13|370|216|0|142|1|137|
13|380|216|0|145|1|137|
13|371|324|0|143|1|137|
14|1185|756|0|480|1|139|
13|373|324|0|144|1|137|
13|371|216|0|492|1|16|
13|368|324|0|142|1|137|
13|369|216|0|142|1|137|
13|372|324|0|143|1|137|
13|368|324|0|142|1|141|
13|369|324|0|142|1|141|
13|369|324|0|142|1|137|
13|378|216|0|145|1|137|
13|357|216|0|137|1|141|
13|357|216|0|138|1|141|
13|359|216|0|138|1|137|
13|363|216|0|140|1|137|
13|334|216|0|130|1|133|
13|373|216|0|143|1|137|
13|335|216|0|131|1|133|
13|367|216|0|141|1|141|
13|368|216|0|142|1|137|
13|389|216|0|518|1|41|
13|363|324|0|276|1|49|
13|406|216|0|624|1|22|
13|376|216|0|528|1|12|
13|377|216|0|145|1|137|
13|378|216|0|145|1|137|
13|353|216|0|137|1|141|
13|387|216|0|148|1|125|
13|367|216|0|141|1|137|
13|381|324|0|146|1|125|
13|376|216|0|144|1|141|
13|367|216|0|141|1|137|
13|386|216|0|148|1|137|
13|376|216|0|144|1|137|
13|362|216|0|140|1|137|
13|369|216|0|142|1|125|
13|381|216|0|146|1|137|
13|352|216|0|136|1|125|
13|372|324|0|143|1|137|
13|360|216|0|139|1|137|
13|362|324|0|140|1|137|
13|356|324|0|138|1|137|
13|356|216|0|138|1|137|
13|356|324|0|138|1|125|
13|335|216|0|131|1|133|
13|355|216|0|137|1|137|
13|374|324|0|144|1|137|
13|339|216|0|527|1|70|
13|408|324|0|560|1|28|
13|1096|648|0|1217|1|16|
13|376|216|0|144|1|137|
13|379|216|0|145|1|137|
13|377|216|0|145|1|141|
13|1201|756|0|189|1|137|
13|384|216|0|147|1|141|
13|387|216|0|148|1|141|
13|409|324|0|155|1|137|
13|387|324|0|148|1|137|
13|397|216|0|377|1|11|
13|372|216|0|143|1|125|
13|366|216|0|141|1|137|
13|365|216|0|141|1|141|
13|370|216|0|143|1|137|
13|366|324|0|141|1|137|
13|366|216|0|141|1|141|
13|373|216|0|144|1|137|
13|362|216|0|139|1|137|
13|365|324|0|140|1|137|
13|359|216|0|139|1|137|
13|358|216|0|138|1|141|
13|341|216|0|133|1|125|
13|1116|864|0|193|1|141|
13|357|216|0|138|1|137|
13|339|216|0|132|1|137|
13|394|216|0|544|1|48|
13|399|216|0|469|1|45|
13|394|216|0|563|1|35|
13|356|324|0|443|1|35|
13|380|216|0|146|1|141|
13|372|216|0|143|1|137|
13|388|216|0|148|1|137|
13|367|216|0|141|1|141|
13|368|216|0|142|1|137|
13|369|216|0|142|1|141|
13|383|324|0|147|1|125|
13|368|216|0|142|1|125|
13|358|216|0|138|1|137|
13|365|216|0|141|1|137|
13|657|432|0|189|1|137|
13|376|216|0|144|1|137|
13|360|216|0|139|1|137|
13|379|324|0|145|1|137|
13|363|324|0|140|1|137|
13|1472|972|0|193|1|141|
13|360|216|0|139|1|137|
13|362|216|0|140|1|137|
13|377|216|0|145|1|137|
13|360|216|0|139|1|137|
13|1404|1080|0|189|1|137|
13|375|324|0|144|1|137|
13|375|324|0|144|1|137|
13|347|216|0|135|1|137|
13|368|216|0|142|1|141|
13|381|216|0|513|1|25|
13|390|432|0|672|1|21|
13|390|216|0|593|1|9|
13|414|216|0|157|1|141|
13|361|324|0|139|1|137|
13|382|216|0|146|1|137|
13|704|432|0|189|1|137|
13|383|216|0|147|1|137|
13|383|216|0|146|1|125|
13|383|324|0|147|1|137|
13|384|324|0|147|1|137|
13|382|216|0|146|1|137|
13|382|216|0|147|1|137|
13|348|216|0|135|1|137|
13|381|216|0|146|1|137|
13|380|216|0|146|1|137|
13|376|216|0|144|1|137|
13|363|216|0|140|1|137|
13|379|216|0|145|1|137|
13|368|216|0|141|1|141|
13|363|216|0|140|1|137|
13|349|216|0|136|1|137|
13|366|216|0|141|1|141|
13|369|216|0|142|1|137|
13|372|216|0|143|1|141|
13|357|216|0|137|1|137|
13|360|216|0|139|1|137|
13|476|432|0|177|1|137|
13|334|216|0|135|1|73|
13|395|216|0|584|1|31|
13|731|432|0|892|1|49|
13|340|216|0|133|1|137|
13|359|108|0|139|1|137|
13|368|324|0|141|1|141|
13|367|216|0|141|1|137|
13|1745|1080|0|189|1|137|
13|375|216|0|144|1|137|
13|373|216|0|143|1|137|
13|371|216|0|143|1|137|
13|386|216|0|148|1|137|
13|366|216|0|141|1|137|
13|1095|756|0|177|1|125|
13|373|216|0|143|1|137|
13|375|324|0|144|1|137|
13|360|216|0|139|1|137|
13|373|324|0|143|1|141|
13|359|216|0|138|1|137|
13|360|324|0|139|1|137|
13|369|324|0|142|1|137|
13|1252|864|0|189|1|137|
13|363|216|0|140|1|141|
13|366|324|0|141|1|137|
13|365|216|0|140|1|137|
13|427|216|0|161|1|137|
13|359|216|0|139|1|141|
13|362|216|0|140|1|141|
13|368|324|0|141|1|137|
13|385|432|0|475|1|33|
13|352|216|0|441|1|26|
13|412|216|0|546|1|38|
13|559|324|0|783|1|20|
13|356|216|0|138|1|137|
13|372|216|0|143|1|137|
13|356|324|0|138|1|137|
13|370|216|0|142|1|141|
13|386|216|0|147|1|137|
13|378|324|0|145|1|137|
13|385|216|0|147|1|125|
13|370|216|0|142|1|137|
13|380|216|0|146|1|125|
13|372|216|0|143|1|137|
13|385|216|0|147|1|137|
13|370|216|0|142|1|137|
13|380|324|0|145|1|141|
13|342|216|0|133|1|137|
13|363|324|0|140|1|137|
13|992|648|0|177|1|125|
13|362|216|0|139|1|137|
13|359|216|0|139|1|137|
13|358|324|0|138|1|137|
13|370|216|0|142|1|137|
13|361|324|0|140|1|141|
13|367|216|0|141|1|141|
13|364|324|0|140|1|137|
13|388|324|0|148|1|137|
13|386|216|0|524|1|42|
13|389|432|0|547|1|26|
13|391|216|0|593|1|32|
13|364|216|0|525|1|18|
13|342|216|0|133|1|137|
13|377|216|0|144|1|137|
13|368|324|0|142|1|137|
13|374|216|0|143|1|137|
13|369|324|0|142|1|141|
13|372|216|0|143|1|125|
13|371|216|0|142|1|141|
13|367|216|0|141|1|137|
13|371|216|0|142|1|141|
13|383|216|0|146|1|141|
13|369|324|0|142|1|141|
13|381|216|0|146|1|137|
13|379|216|0|145|1|137|
13|369|216|0|142|1|141|
13|377|324|0|145|1|141|
13|368|324|0|141|1|141|
13|378|216|0|145|1|137|
13|367|216|0|141|1|141|
13|1641|1188|0|189|1|137|
13|361|324|0|139|1|137|
13|359|324|0|139|1|141|
13|357|216|0|138|1|137|
13|362|216|0|140|1|137|
13|1061|756|0|189|1|137|
13|369|216|0|142|1|137|
13|366|216|0|141|1|137|
13|402|216|0|599|1|5|
13|389|216|0|337|1|62|
13|377|216|0|478|1|26|
13|384|324|0|147|1|125|
13|368|324|0|142|1|125|
13|383|216|0|147|1|137|
13|368|216|0|141|1|125|
13|375|216|0|144|1|137|
13|370|216|0|142|1|137|
13|388|216|0|148|1|137|
13|352|324|0|136|1|141|
13|380|216|0|146|1|137|
13|376|216|0|144|1|125|
13|380|216|0|145|1|137|
13|368|216|0|142|1|125|
13|340|216|0|132|1|137|
13|372|216|0|143|1|137|
13|364|216|0|140|1|137|
13|367|324|0|141|1|137|
