INSTRUCTIONS_RETIRED|CYCLES|UNKNOWN|LD_BLOCKS.STORE_FORWARD|UOPS_EXECUTED.CORE|BR_MISP_RETIRED.ALL_BRANCHES|UOPS_ISSUED.SLOW_LEA|
13|1704|1080|0|188|1|132|
13|381|324|0|147|1|132|
13|377|216|0|145|1|132|
13|407|324|0|921|1|8|
13|382|216|0|305|1|55|
13|364|216|0|141|1|132|
13|358|216|0|140|1|132|
13|389|216|0|150|1|132|
13|349|108|0|136|1|132|
13|388|324|0|150|1|132|
13|385|324|0|148|1|132|
13|386|216|0|149|1|132|
13|1047|648|0|188|1|132|
13|385|324|0|148|1|132|
13|358|216|0|139|1|132|
13|392|324|0|151|1|132|
13|381|216|0|147|1|132|
13|381|324|0|148|1|132|
13|390|324|0|150|1|132|
13|387|324|0|149|1|132|
13|375|216|0|146|1|132|
13|384|216|0|148|1|132|
13|1728|1080|0|188|1|132|
13|387|324|0|149|1|132|
13|382|216|0|147|1|132|
13|422|324|0|161|1|132|
13|379|216|0|146|1|132|
13|377|324|0|146|1|132|
13|475|324|0|178|1|132|
13|390|324|0|150|1|132|
13|393|324|0|151|1|132|
13|362|216|0|203|1|58|
13|380|216|0|147|1|132|
13|382|324|0|147|1|132|
13|384|216|0|148|1|132|
13|364|216|0|141|1|132|
13|380|216|0|147|1|132|
13|374|108|0|144|1|132|
13|366|216|0|543|1|36|
13|375|216|0|145|1|132|
13|385|216|0|148|1|132|
13|387|216|0|150|1|132|
13|389|216|0|150|1|132|
13|388|324|0|150|1|132|
13|403|324|0|155|1|132|
13|389|216|0|150|1|132|
13|388|216|0|149|1|132|
13|385|216|0|148|1|132|
13|357|324|0|139|1|132|
13|381|216|0|147|1|132|
13|372|216|0|144|1|132|
13|374|324|0|146|1|132|
13|384|324|0|148|1|132|
13|383|216|0|148|1|132|
13|356|216|0|139|1|132|
13|388|324|0|150|1|132|
13|382|216|0|148|1|132|
13|430|324|0|164|1|132|
13|352|108|0|138|1|132|
13|360|108|0|140|1|132|
13|392|216|0|151|1|132|
13|484|432|0|181|1|132|
13|372|216|0|145|1|132|
13|353|216|0|138|1|132|
13|372|216|0|145|1|132|
13|385|216|0|148|1|132|
13|380|108|0|147|1|132|
13|371|216|0|144|1|132|
13|362|324|0|141|1|132|
13|376|216|0|146|1|132|
13|390|216|0|150|1|132|
13|382|216|0|148|1|132|
13|390|324|0|150|1|132|
13|393|216|0|151|1|132|
13|381|216|0|148|1|132|
13|369|324|0|143|1|132|
13|382|216|0|147|1|132|
13|344|216|0|136|1|132|
13|382|216|0|147|1|132|
13|378|216|0|146|1|132|
13|382|324|0|147|1|132|
13|394|216|0|151|1|132|
13|371|216|0|145|1|132|
13|391|216|0|150|1|132|
13|380|216|0|147|1|132|
13|362|216|0|142|1|132|
13|390|216|0|150|1|132|
13|353|216|0|137|1|132|
13|432|324|0|217|1|77|
13|344|108|0|135|1|125|
13|381|324|0|148|1|132|
13|379|108|0|147|1|132|
13|392|324|0|151|1|132|
13|379|216|0|147|1|132|
13|425|216|0|163|1|132|
13|383|324|0|148|1|132|
13|390|324|0|150|1|132|
13|384|216|0|148|1|132|
13|387|216|0|149|1|132|
13|375|216|0|145|1|132|
13|390|324|0|150|1|132|
13|390|216|0|150|1|132|
13|378|216|0|146|1|132|
13|392|216|0|151|1|132|
13|383|216|0|149|1|132|
13|378|324|0|147|1|132|
13|386|324|0|149|1|132|
13|385|216|0|148|1|132|
13|385|324|0|148|1|132|
13|386|216|0|148|1|132|
13|382|216|0|148|1|132|
13|386|216|0|149|1|132|
13|384|216|0|148|1|132|
13|386|216|0|149|1|132|
13|391|324|0|151|1|132|
13|385|324|0|148|1|132|
13|369|216|0|143|1|132|
13|361|324|0|140|1|132|
13|374|108|0|145|1|132|
13|389|216|0|150|1|132|
13|385|324|0|149|1|132|
13|389|216|0|150|1|132|
13|343|216|0|135|1|132|
13|375|324|0|145|1|132|
13|375|216|0|145|1|132|
13|380|216|0|147|1|132|
13|376|216|0|145|1|132|
13|383|216|0|148|1|132|
13|918|540|0|188|1|132|
13|384|216|0|148|1|132|
13|388|216|0|150|1|132|
13|374|324|0|145|1|132|
13|376|324|0|145|1|132|
13|384|216|0|149|1|132|
13|386|324|0|149|1|132|
13|371|216|0|144|1|132|
13|379|216|0|147|1|132|
13|374|324|0|144|1|132|
13|391|216|0|151|1|132|
13|344|324|0|135|1|132|
13|374|216|0|146|1|132|
13|388|216|0|150|1|132|
13|375|216|0|145|1|132|
13|378|324|0|147|1|132|
13|378|216|0|146|1|132|
13|354|216|0|138|1|132|
13|412|324|0|314|1|22|
13|431|324|0|164|1|132|
13|385|216|0|149|1|132|
13|386|216|0|149|1|132|
13|383|324|0|148|1|132|
13|373|216|0|145|1|132|
13|389|324|0|150|1|132|
13|390|216|0|150|1|132|
13|383|216|0|148|1|132|
13|377|216|0|146|1|132|
13|352|108|0|138|1|132|
13|382|216|0|148|1|132|
13|385|324|0|148|1|132|
13|379|216|0|147|1|132|
13|391|324|0|151|1|132|
13|349|216|0|137|1|132|
13|391|324|0|150|1|132|
13|391|216|0|150|1|132|
13|388|216|0|150|1|132|
13|391|216|0|151|1|132|
13|389|324|0|150|1|132|
13|378|324|0|146|1|132|
13|383|324|0|149|1|132|
13|388|216|0|150|1|132|
13|392|216|0|151|1|132|
13|821|540|0|188|1|132|
13|386|216|0|148|1|132|
13|379|324|0|147|1|132|
13|354|216|0|138|1|132|
13|357|216|0|140|1|132|
13|361|324|0|140|1|132|
13|384|324|0|149|1|132|
13|387|216|0|149|1|132|
13|374|216|0|145|1|132|
13|389|324|0|150|1|132|
13|375|216|0|145|1|132|
13|373|216|0|144|1|132|
13|387|324|0|149|1|132|
13|375|324|0|145|1|132|
13|387|216|0|150|1|132|
13|380|216|0|148|1|132|
13|387|216|0|149|1|132|
13|383|324|0|148|1|132|
13|387|216|0|150|1|132|
13|383|216|0|148|1|132|
13|351|108|0|137|1|132|
13|383|216|0|148|1|132|
13|375|216|0|145|1|132|
13|389|216|0|150|1|132|
13|384|216|0|149|1|132|
13|387|216|0|149|1|132|
13|374|216|0|145|1|132|
13|393|216|0|151|1|132|
13|382|324|0|147|1|132|
13|382|216|0|147|1|132|
13|377|324|0|146|1|132|
13|351|216|0|137|1|132|
13|380|216|0|147|1|132|
13|363|216|0|142|1|132|
13|364|324|0|142|1|132|
13|396|216|0|267|1|85|
13|375|216|0|145|1|125|
13|385|324|0|149|1|125|
13|388|216|0|150|1|125|
13|389|216|0|150|1|132|
13|385|216|0|148|1|132|
13|359|216|0|141|1|132|
13|389|216|0|150|1|132|
13|386|216|0|150|1|132|
13|390|324|0|151|1|132|
13|415|216|0|159|1|132|
13|391|324|0|150|1|132|
13|380|216|0|147|1|132|
13|379|216|0|146|1|132|
13|373|216|0|145|1|132|
13|387|324|0|149|1|132|
13|376|324|0|145|1|132|
13|375|216|0|145|1|132|
13|382|216|0|147|1|132|
13|375|216|0|145|1|132|
13|395|324|0|152|1|132|
13|393|324|0|151|1|132|
13|393|216|0|151|1|132|
13|378|216|0|146|1|132|
13|581|324|0|188|1|132|
13|391|216|0|151|1|132|
13|382|216|0|148|1|132|
13|371|216|0|144|1|132|
13|390|216|0|150|1|132|
13|375|216|0|145|1|132|
13|394|216|0|152|1|132|
13|372|216|0|145|1|132|
13|375|216|0|145|1|132|
13|381|216|0|148|1|132|
13|370|216|0|144|1|132|
13|381|216|0|147|1|132|
13|378|216|0|147|1|132|
13|384|216|0|149|1|132|
13|381|216|0|147|1|132|
13|373|216|0|145|1|132|
13|381|216|0|148|1|132|
13|374|216|0|145|1|132|
13|378|324|0|146|1|132|
13|387|324|0|149|1|132|
13|378|216|0|146|1|132|
13|390|324|0|150|1|132|
13|393|216|0|151|1|132|
13|1545|972|0|188|1|132|
13|384|216|0|148|1|132|
13|387|324|0|149|1|132|
13|376|324|0|146|1|132|
13|390|216|0|150|1|132|
13|375|216|0|145|1|132|
13|389|216|0|150|1|132|
13|390|216|0|150|1|132|
13|375|108|0|145|1|132|
13|386|216|0|150|1|132|
13|388|216|0|150|1|132|
13|412|324|0|158|1|132|
13|520|432|0|188|1|132|
13|562|432|0|171|1|83|
13|509|432|0|177|1|125|
13|384|216|0|698|1|0|
13|361|108|0|140|1|125|
13|411|216|0|157|1|132|
13|362|108|0|141|1|132|
13|345|324|0|135|1|132|
13|381|216|0|147|1|132|
13|371|216|0|144|1|132|
13|388|324|0|150|1|132|
13|395|216|0|152|1|125|
13|379|216|0|146|1|132|
13|382|216|0|148|1|132|
13|382|216|0|148|1|132|
13|374|216|0|145|1|132|
13|362|216|0|142|1|132|
13|373|324|0|145|1|132|
13|385|216|0|148|1|132|
13|386|324|0|148|1|132|
13|1103|648|0|188|1|132|
13|378|324|0|146|1|132|
13|372|324|0|145|1|132|
13|376|324|0|145|1|132|
13|375|216|0|145|1|132|
13|383|216|0|148|1|132|
13|351|216|0|137|1|132|
13|378|324|0|146|1|132|
13|375|216|0|145|1|132|
13|361|108|0|140|1|132|
13|352|324|0|137|1|132|
13|387|216|0|149|1|132|
13|378|324|0|146|1|132|
13|389|324|0|150|1|132|
13|391|216|0|150|1|132|
13|380|216|0|148|1|132|
13|388|216|0|149|1|132|
13|390|216|0|150|1|132|
13|384|216|0|148|1|132|
13|383|324|0|148|1|132|
13|390|324|0|150|1|132|
13|354|216|0|138|1|132|
13|390|216|0|150|1|132|
13|390|216|0|150|1|132|
13|390|324|0|150|1|132|
13|390|216|0|150|1|132|
13|383|216|0|148|1|132|
13|382|216|0|148|1|132|
13|376|216|0|145|1|132|
13|381|216|0|147|1|132|
13|376|216|0|146|1|132|
13|391|216|0|150|1|132|
13|381|216|0|148|1|132|
13|392|324|0|151|1|132|
13|380|324|0|147|1|132|
13|574|324|0|188|1|132|
13|391|324|0|150|1|132|
13|439|324|0|167|1|132|
13|357|216|0|140|1|132|
13|349|324|0|137|1|132|
13|355|216|0|139|1|132|
13|1117|648|0|188|1|132|
13|386|216|0|150|1|132|
13|358|216|0|139|1|125|
13|350|108|0|137|1|132|
13|1819|1080|0|188|1|132|
13|352|216|0|137|1|132|
13|380|216|0|146|1|132|
13|384|216|0|148|1|132|
13|1726|1188|0|188|1|132|
13|374|324|0|145|1|132|
13|401|216|0|154|1|132|
13|376|216|0|145|1|132|
13|1248|864|0|188|1|132|
13|375|216|0|145|1|132|
13|379|216|0|147|1|132|
13|375|324|0|145|1|125|
13|383|216|0|148|1|132|
13|360|216|0|140|1|132|
13|375|324|0|145|1|132|
13|375|108|0|145|1|132|
13|348|324|0|136|1|132|
13|389|324|0|150|1|132|
13|343|216|0|135|1|132|
13|373|216|0|145|1|132|
13|374|216|0|145|1|132|
13|357|324|0|139|1|132|
13|376|216|0|146|1|132|
13|412|324|0|157|1|132|
13|379|216|0|146|1|132|
13|377|108|0|146|1|132|
13|390|324|0|150|1|132|
13|348|108|0|136|1|132|
13|377|216|0|145|1|132|
13|364|216|0|141|1|132|
13|377|216|0|145|1|132|
13|391|216|0|150|1|132|
13|380|216|0|146|1|132|
13|392|216|0|151|1|132|
13|386|216|0|148|1|132|
13|377|324|0|146|1|132|
13|1820|1080|0|188|1|132|
13|364|216|0|141|1|132|
13|376|216|0|145|1|132|
13|380|324|0|147|1|132|
13|375|324|0|145|1|132|
13|375|324|0|146|1|132|
13|370|324|0|144|1|132|
13|377|216|0|145|1|132|
13|364|216|0|141|1|132|
13|376|216|0|145|1|132|
13|388|324|0|150|1|132|
13|351|324|0|137|1|132|
13|391|216|0|150|1|132|
13|509|432|0|188|1|132|
13|379|324|0|147|1|132|
13|381|324|0|148|1|132|
13|376|216|0|146|1|132|
13|371|324|0|145|1|132|
13|363|216|0|141|1|132|
13|392|216|0|151|1|132|
13|477|432|0|179|1|132|
13|396|216|0|288|1|81|
13|382|324|0|148|1|125|
13|381|324|0|147|1|125|
13|382|324|0|148|1|125|
13|378|216|0|146|1|132|
13|374|324|0|145|1|132|
13|357|324|0|140|1|132|
13|370|324|0|144|1|132|
13|391|216|0|150|1|132|
13|373|108|0|145|1|132|
13|391|324|0|150|1|132|
13|388|216|0|150|1|132|
13|392|216|0|151|1|132|
13|387|216|0|150|1|132|
13|387|324|0|149|1|132|
13|390|216|0|150|1|132|
13|385|324|0|149|1|132|
13|379|324|0|146|1|132|
13|384|216|0|148|1|132|
13|387|216|0|149|1|132|
13|386|216|0|150|1|132|
13|384|216|0|149|1|132|
13|389|216|0|150|1|132|
13|1787|1080|0|188|1|132|
13|349|216|0|136|1|132|
13|385|324|0|148|1|132|
13|383|216|0|148|1|132|
13|386|216|0|149|1|132|
13|354|324|0|138|1|132|
13|348|108|0|136|1|132|
13|411|324|0|157|1|132|
13|377|216|0|146|1|132|
13|359|216|0|140|1|132|
13|393|216|0|151|1|132|
13|385|324|0|149|1|132|
13|382|216|0|147|1|132|
13|377|216|0|146|1|132|
13|386|216|0|149|1|132|
13|386|216|0|148|1|132|
13|376|324|0|146|1|132|
13|375|108|0|145|1|132|
13|388|216|0|150|1|132|
13|386|216|0|149|1|132|
13|995|648|0|188|1|132|
13|383|216|0|148|1|132|
13|391|216|0|150|1|132|
13|380|108|0|148|1|132|
13|385|216|0|149|1|132|
13|380|324|0|147|1|132|
13|389|216|0|149|1|132|
13|379|216|0|147|1|132|
13|376|108|0|146|1|132|
13|388|216|0|149|1|132|
13|386|324|0|149|1|132|
13|391|216|0|150|1|132|
13|391|216|0|150|1|132|
13|386|216|0|149|1|132|
13|383|216|0|148|1|132|
13|351|324|0|138|1|132|
13|347|108|0|137|1|132|
13|402|216|0|387|1|55|
13|383|324|0|147|1|123|
13|384|216|0|147|1|125|
13|382|324|0|147|1|132|
13|383|216|0|148|1|132|
13|365|216|0|142|1|132|
13|384|216|0|148|1|132|
13|382|216|0|148|1|132|
13|378|216|0|147|1|132|
13|387|324|0|149|1|132|
13|380|324|0|147|1|132|
13|380|216|0|146|1|132|
13|380|216|0|148|1|132|
13|377|216|0|146|1|132|
13|374|108|0|145|1|132|
13|377|216|0|146|1|132|
13|374|108|0|144|1|132|
13|379|216|0|147|1|132|
13|361|216|0|141|1|132|
13|376|216|0|146|1|132|
13|372|324|0|144|1|132|
13|1718|1188|0|188|1|132|
13|371|324|0|144|1|132|
13|387|216|0|149|1|132|
13|360|108|0|140|1|132|
13|373|216|0|144|1|132|
13|355|108|0|139|1|132|
13|369|108|0|144|1|132|
13|383|216|0|148|1|132|
13|388|216|0|150|1|132|
13|349|324|0|137|1|132|
13|388|216|0|150|1|132|
13|361|108|0|141|1|132|
13|392|216|0|151|1|132|
13|392|216|0|151|1|132|
13|392|324|0|151|1|132|
13|383|216|0|148|1|132|
13|379|216|0|147|1|132|
13|379|216|0|147|1|132|
13|380|216|0|148|1|132|
13|383|108|0|148|1|132|
13|386|324|0|149|1|132|
13|366|216|0|142|1|132|
13|1225|756|0|188|1|132|
13|378|324|0|147|1|132|
13|381|324|0|147|1|132|
13|380|324|0|147|1|132|
13|377|324|0|146|1|132|
13|379|216|0|147|1|132|
13|376|216|0|146|1|132|
13|1082|648|0|188|1|132|
13|393|216|0|151|1|132|
13|386|216|0|149|1|132|
13|389|216|0|150|1|132|
13|376|216|0|146|1|132|
13|391|216|0|150|1|132|
13|381|216|0|147|1|132|
13|374|324|0|146|1|132|
13|355|216|0|139|1|125|
13|366|216|0|143|1|132|
13|355|216|0|138|1|132|
13|387|216|0|149|1|132|
13|382|216|0|147|1|132|
13|356|216|0|139|1|132|
13|381|216|0|147|1|132|
13|393|216|0|151|1|132|
13|384|216|0|148|1|132|
13|390|216|0|150|1|132|
13|386|216|0|149|1|132|
13|384|324|0|148|1|132|
13|388|216|0|149|1|132|
13|381|216|0|147|1|132|
13|1207|756|0|188|1|132|
13|388|324|0|150|1|132|
13|392|216|0|151|1|132|
13|375|216|0|145|1|132|
13|395|216|0|151|1|132|
13|391|216|0|150|1|132|
13|372|324|0|144|1|132|
13|392|216|0|151|1|132|
13|376|216|0|145|1|132|
13|391|216|0|150|1|132|
13|387|324|0|149|1|132|
13|369|324|0|143|1|132|
13|384|324|0|148|1|132|
13|885|648|0|188|1|132|
13|359|216|0|141|1|132|
13|387|216|0|150|1|132|
13|362|324|0|141|1|132|
13|346|216|0|136|1|132|
13|377|216|0|147|1|132|
13|1309|864|0|188|1|132|
13|376|216|0|146|1|132|
13|390|216|0|150|1|132|
13|386|108|0|150|1|132|
13|384|216|0|148|1|132|
13|384|216|0|149|1|132|
13|377|216|0|147|1|132|
13|938|540|0|188|1|132|
13|363|324|0|141|1|132|
13|383|216|0|148|1|132|
13|382|216|0|148|1|132|
13|389|216|0|150|1|132|
13|354|216|0|138|1|132|
13|388|216|0|150|1|132|
13|381|324|0|147|1|132|
13|441|432|0|243|1|68|
13|380|216|0|147|1|132|
13|379|216|0|146|1|132|
13|382|216|0|147|1|132|
13|384|216|0|148|1|132|
13|388|324|0|150|1|132|
13|382|216|0|148|1|132|
13|372|216|0|144|1|132|
13|665|432|0|188|1|132|
13|372|216|0|144|1|132|
13|362|216|0|140|1|132|
13|365|108|0|142|1|132|
13|382|324|0|148|1|132|
13|392|216|0|151|1|132|
13|393|216|0|152|1|132|
13|389|216|0|151|1|132|
13|394|216|0|151|1|132|
13|389|216|0|150|1|132|
13|389|216|0|151|1|132|
13|375|216|0|145|1|132|
13|369|216|0|144|1|132|
13|376|216|0|145|1|132|
13|392|216|0|150|1|132|
13|391|216|0|150|1|132|
13|381|216|0|148|1|132|
13|1164|756|0|188|1|132|
13|382|216|0|148|1|132|
13|621|432|0|188|1|132|
13|390|324|0|150|1|132|
13|378|216|0|146|1|132|
13|1433|864|0|188|1|132|
13|384|324|0|490|1|29|
13|387|216|0|149|1|132|
13|374|216|0|145|1|132|
13|381|216|0|147|1|132|
13|376|324|0|146|1|132|
13|384|216|0|148|1|132|
13|359|216|0|140|1|132|
13|382|216|0|148|1|132|
13|361|108|0|141|1|132|
13|412|216|0|232|1|58|
13|388|216|0|150|1|132|
13|369|216|0|144|1|132|
13|381|324|0|147|1|132|
13|388|216|0|149|1|132|
13|386|216|0|149|1|132|
13|379|216|0|146|1|132|
13|386|216|0|149|1|132|
13|380|216|0|147|1|132|
13|379|324|0|146|1|132|
13|383|216|0|147|1|132|
13|376|324|0|145|1|127|
13|382|216|0|148|1|132|
13|375|216|0|146|1|132|
13|381|216|0|147|1|132|
13|391|324|0|150|1|132|
13|351|324|0|137|1|132|
13|390|324|0|150|1|132|
13|387|216|0|149|1|132|
13|362|216|0|140|1|132|
13|359|108|0|140|1|132|
13|363|216|0|141|1|132|
13|359|324|0|139|1|132|
13|390|216|0|151|1|132|
13|375|216|0|145|1|132|
13|386|216|0|149|1|132|
13|372|324|0|144|1|132|
13|405|324|0|802|1|7|
13|351|324|0|137|1|132|
13|353|108|0|138|1|125|
13|387|216|0|149|1|125|
13|385|216|0|148|1|132|
13|388|216|0|149|1|132|
13|376|324|0|146|1|132|
13|381|324|0|147|1|132|
13|375|216|0|145|1|132|
13|378|216|0|146|1|132|
13|387|216|0|149|1|132|
13|389|216|0|150|1|132|
13|391|216|0|150|1|125|
13|389|324|0|150|1|132|
13|391|216|0|151|1|132|
13|378|216|0|146|1|132|
13|389|216|0|151|1|132|
13|374|324|0|146|1|132|
13|389|324|0|150|1|132|
13|349|108|0|137|1|132|
13|377|216|0|146|1|132|
13|378|216|0|146|1|132|
13|376|216|0|145|1|132|
13|383|216|0|148|1|132|
13|382|216|0|148|1|132|
13|387|216|0|150|1|132|
13|384|216|0|149|1|132|
13|382|216|0|147|1|132|
13|377|216|0|146|1|132|
13|1307|864|0|188|1|132|
13|357|324|0|139|1|132|
13|383|216|0|148|1|132|
13|384|324|0|148|1|132|
13|375|324|0|145|1|132|
13|380|216|0|148|1|132|
13|1115|756|0|188|1|132|
13|382|216|0|148|1|132|
13|389|216|0|151|1|132|
13|382|216|0|148|1|132|
13|372|324|0|144|1|132|
13|375|108|0|145|1|132|
13|378|216|0|147|1|132|
13|389|324|0|150|1|132|
13|376|324|0|145|1|132|
13|391|216|0|150|1|132|
13|477|324|0|179|1|132|
13|389|216|0|150|1|132|
13|376|216|0|145|1|132|
13|390|216|0|150|1|132|
13|380|324|0|147|1|132|
13|392|216|0|151|1|132|
13|374|324|0|145|1|132|
13|385|216|0|148|1|132|
13|977|648|0|188|1|132|
13|354|216|0|138|1|132|
13|379|216|0|146|1|132|
13|375|216|0|145|1|132|
13|380|324|0|147|1|132|
13|365|216|0|141|1|132|
13|350|216|0|137|1|132|
13|380|216|0|146|1|125|
13|365|216|0|141|1|132|
13|349|216|0|137|1|132|
13|386|324|0|149|1|132|
13|1074|648|0|188|1|132|
13|387|324|0|149|1|132|
13|380|108|0|147|1|132|
13|388|324|0|149|1|132|
13|381|216|0|147|1|132|
13|384|216|0|148|1|132|
13|377|216|0|146|1|132|
13|373|216|0|144|1|132|
13|387|216|0|150|1|132|
13|374|324|0|145|1|132|
13|392|216|0|151|1|132|
13|392|216|0|151|1|132|
13|362|216|0|142|1|132|
13|385|216|0|149|1|132|
13|392|216|0|151|1|132|
13|382|216|0|147|1|132|
13|389|324|0|150|1|132|
13|378|216|0|146|1|132|
13|376|324|0|146|1|132|
13|381|216|0|147|1|132|
13|370|216|0|143|1|132|
13|383|216|0|148|1|132|
13|389|216|0|150|1|132|
13|348|216|0|137|1|132|
13|998|648|0|188|1|132|
13|381|216|0|147|1|132|
13|378|216|0|147|1|132|
13|392|216|0|151|1|132|
13|377|216|0|146|1|132|
13|373|324|0|145|1|132|
13|384|216|0|148|1|132|
13|376|324|0|146|1|132|
13|378|324|0|146|1|132|
13|377|216|0|146|1|132|
13|397|324|0|152|1|132|
13|377|324|0|146|1|132|
13|393|324|0|151|1|132|
13|375|216|0|145|1|132|
13|395|216|0|151|1|132|
13|384|216|0|148|1|132|
13|393|216|0|151|1|132|
13|390|216|0|150|1|132|
13|389|216|0|150|1|132|
13|382|216|0|148|1|132|
13|391|216|0|151|1|132|
13|378|216|0|146|1|132|
13|383|216|0|148|1|132|
13|375|216|0|146|1|132|
13|377|108|0|146|1|132|
13|377|324|0|145|1|132|
13|378|216|0|146|1|132|
13|378|216|0|146|1|132|
13|375|216|0|145|1|132|
13|379|324|0|147|1|132|
14|1207|864|0|945|0|133|
13|356|324|0|139|1|132|
13|385|216|0|148|1|125|
13|384|324|0|149|1|132|
13|385|216|0|148|1|132|
13|379|216|0|147|1|132|
13|381|216|0|147|1|132|
13|373|216|0|145|1|132|
13|381|324|0|147|1|132|
13|380|324|0|147|1|132|
13|386|216|0|149|1|132|
13|376|324|0|145|1|132|
13|1023|756|0|188|1|132|
13|390|216|0|151|1|132|
13|384|216|0|148|1|132|
13|388|324|0|150|1|132|
13|381|324|0|147|1|132|
13|399|216|0|154|1|132|
13|390|216|0|151|1|132|
13|1831|1188|0|188|1|132|
13|389|216|0|150|1|132|
13|378|216|0|146|1|132|
13|376|324|0|146|1|132|
13|391|216|0|151|1|132|
13|375|216|0|145|1|132|
13|381|324|0|147|1|132|
13|358|216|0|139|1|132|
13|389|216|0|149|1|132|
13|386|216|0|148|1|132|
13|425|324|0|161|1|132|
13|374|216|0|144|1|132|
13|386|216|0|148|1|132|
13|391|216|0|151|1|132|
13|380|216|0|148|1|132|
13|390|216|0|150|1|132|
13|384|324|0|149|1|132|
13|384|216|0|148|1|132|
13|390|324|0|150|1|132|
13|397|324|0|152|1|132|
13|378|108|0|146|1|132|
13|361|216|0|140|1|132|
13|394|324|0|151|1|132|
13|380|216|0|147|1|132|
13|392|216|0|151|1|132|
13|379|108|0|146|1|132|
13|380|216|0|147|1|132|
13|376|216|0|146|1|132|
13|361|216|0|140|1|132|
13|379|216|0|147|1|132|
13|387|216|0|149|1|132|
13|393|216|0|151|1|132|
13|380|216|0|147|1|132|
13|382|216|0|147|1|132|
13|374|324|0|145|1|132|
13|384|216|0|148|1|132|
13|342|324|0|134|1|132|
13|382|324|0|147|1|132|
13|375|324|0|145|1|132|
13|379|324|0|147|1|132|
13|351|108|0|137|1|132|
13|478|216|0|179|1|132|
13|664|432|0|779|1|6|
13|389|216|0|149|1|132|
13|377|216|0|147|1|132|
13|385|216|0|148|1|132|
13|384|324|0|148|1|132|
13|396|216|0|152|1|132|
13|382|216|0|147|1|132|
13|352|108|0|138|1|132|
13|382|216|0|148|1|132|
13|383|216|0|148|1|132|
13|392|324|0|151|1|132|
13|379|216|0|147|1|132|
13|391|324|0|150|1|132|
13|375|216|0|145|1|132|
13|376|216|0|146|1|132|
13|394|216|0|151|1|132|
13|377|216|0|146|1|132|
13|381|216|0|147|1|132|
13|370|216|0|144|1|132|
13|385|216|0|149|1|132|
13|380|324|0|148|1|132|
13|379|216|0|146|1|132|
13|383|216|0|149|1|132|
13|392|324|0|151|1|132|
13|381|108|0|147|1|132|
13|355|324|0|139|1|132|
13|382|216|0|148|1|132|
13|373|108|0|144|1|132|
13|362|216|0|142|1|132|
13|353|108|0|137|1|132|
13|366|216|0|142|1|132|
13|347|324|0|136|1|132|
13|384|216|0|148|1|132|
13|394|216|0|151|1|132|
13|379|216|0|146|1|132|
13|383|324|0|148|1|132|
13|378|216|0|146|1|132|
13|381|216|0|147|1|132|
13|379|216|0|147|1|132|
13|380|216|0|148|1|132|
13|384|216|0|148|1|132|
13|373|216|0|145|1|132|
13|388|216|0|149|1|132|
13|381|216|0|148|1|132|
13|373|324|0|145|1|132|
13|379|324|0|147|1|132|
13|875|540|0|188|1|132|
13|387|324|0|149|1|132|
13|390|324|0|150|1|132|
13|383|216|0|149|1|132|
13|365|108|0|141|1|132|
13|388|324|0|150|1|132|
13|378|216|0|146|1|132|
13|1669|1080|0|188|1|132|
13|344|324|0|135|1|132|
13|386|216|0|148|1|132|
13|370|216|0|143|1|132|
13|351|216|0|137|1|132|
13|372|324|0|144|1|132|
13|376|216|0|145|1|132|
13|394|324|0|151|1|132|
13|489|216|0|177|1|125|
13|386|216|0|149|1|125|
13|381|216|0|146|1|132|
13|383|324|0|148|1|132|
13|377|324|0|146|1|132|
13|377|216|0|146|1|132|
13|376|216|0|146|1|132|
13|376|216|0|145|1|132|
13|375|216|0|145|1|132|
13|384|216|0|148|1|132|
13|375|216|0|145|1|132|
13|374|108|0|145|1|132|
13|384|216|0|148|1|132|
13|376|216|0|146|1|132|
13|376|324|0|145|1|132|
13|366|216|0|142|1|132|
13|1687|1080|0|188|1|132|
13|380|324|0|147|1|132|
13|1463|972|0|188|1|132|
13|377|216|0|146|1|132|
13|384|216|0|149|1|132|
13|390|324|0|150|1|132|
13|382|216|0|147|1|132|
13|361|216|0|141|1|132|
13|353|216|0|139|1|132|
13|354|216|0|138|1|132|
13|385|216|0|148|1|132|
13|390|216|0|150|1|132|
13|351|216|0|137|1|132|
13|370|324|0|143|1|132|
13|392|324|0|151|1|132|
13|391|216|0|150|1|132|
13|406|216|0|155|1|132|
13|378|108|0|146|1|132|
13|386|216|0|150|1|132|
13|384|324|0|148|1|132|
13|586|324|0|188|1|132|
13|373|216|0|145|1|132|
13|379|216|0|147|1|132|
13|372|216|0|144|1|132|
13|376|324|0|145|1|132|
13|384|216|0|148|1|132|
13|381|216|0|147|1|132|
13|384|216|0|148|1|132|
13|383|216|0|148|1|132|
13|386|216|0|149|1|132|
13|384|216|0|148|1|132|
13|384|216|0|148|1|132|
13|388|216|0|150|1|132|
13|374|324|0|146|1|132|
13|383|324|0|148|1|132|
13|377|216|0|146|1|132|
13|374|216|0|145|1|132|
13|426|216|0|163|1|132|
13|385|216|0|149|1|132|
13|348|108|0|136|1|132|
13|420|324|0|334|1|73|
13|386|216|0|150|1|132|
13|393|216|0|151|1|132|
13|391|216|0|151|1|132|
13|349|108|0|137|1|132|
13|390|216|0|150|1|132|
13|345|216|0|135|1|132|
13|381|216|0|147|1|132|
13|389|216|0|150|1|132|
13|390|324|0|150|1|132|
13|1726|1080|0|188|1|132|
13|361|108|0|140|1|132|
13|384|324|0|148|1|132|
13|385|216|0|148|1|132|
13|387|324|0|150|1|132|
13|394|216|0|151|1|132|
13|375|216|0|146|1|132|
13|385|216|0|149|1|132|
13|385|324|0|148|1|132|
13|385|216|0|148|1|132|
13|358|108|0|139|1|132|
13|372|108|0|144|1|132|
13|385|216|0|148|1|132|
13|377|216|0|145|1|132|
13|392|216|0|151|1|132|
13|379|216|0|147|1|132|
13|390|216|0|151|1|132|
13|389|216|0|151|1|132|
13|389|324|0|150|1|132|
13|364|216|0|142|1|132|
13|366|216|0|142|1|132|
13|391|216|0|151|1|132|
13|380|216|0|147|1|132|
13|386|216|0|150|1|132|
13|389|324|0|150|1|132|
13|377|216|0|146|1|132|
13|386|216|0|150|1|132|
13|382|216|0|147|1|132|
13|390|216|0|150|1|132|
13|374|216|0|146|1|132|
13|373|108|0|144|1|132|
13|386|216|0|150|1|132|
13|392|216|0|151|1|132|
13|386|216|0|150|1|132|
13|391|216|0|151|1|132|
13|377|324|0|146|1|132|
13|1454|972|0|188|1|132|
13|393|324|0|151|1|132|
13|385|216|0|148|1|132|
13|377|216|0|146|1|132|
13|373|216|0|144|1|132|
13|1810|1188|0|188|1|132|
13|378|216|0|146|1|132|
13|360|216|0|140|1|132|
13|374|108|0|145|1|132|
13|380|324|0|148|1|132|
13|385|216|0|149|1|132|
13|386|216|0|148|1|132|
13|384|108|0|148|1|132|
13|499|324|0|187|1|132|
13|392|216|0|151|1|132|
13|393|324|0|283|1|73|
13|369|324|0|144|1|132|
13|383|216|0|148|1|132|
13|384|216|0|148|1|132|
13|390|216|0|151|1|132|
13|387|216|0|149|1|132|
13|390|324|0|150|1|132|
13|386|324|0|149|1|132|
13|373|324|0|145|1|132|
13|1828|1188|0|188|1|132|
13|350|324|0|137|1|132|
13|379|216|0|146|1|132|
13|377|216|0|146|1|132|
13|378|216|0|146|1|132|
13|384|216|0|148|1|132|
13|361|324|0|140|1|132|
13|383|324|0|148|1|132|
13|378|216|0|147|1|132|
13|386|216|0|149|1|132|
13|380|216|0|147|1|132|
13|346|216|0|136|1|132|
13|370|108|0|143|1|132|
13|371|216|0|144|1|132|
