INSTRUCTIONS_RETIRED|CYCLES|UNKNOWN|LD_BLOCKS.STORE_FORWARD|UOPS_EXECUTED.CORE|BR_MISP_RETIRED.ALL_BRANCHES|UOPS_ISSUED.SLOW_LEA|
13|386|216|0|149|1|122|
13|353|324|0|137|1|122|
13|1685|1080|0|178|1|122|
13|386|216|0|149|1|122|
13|390|324|0|150|1|122|
13|385|216|0|148|1|122|
13|378|324|0|146|1|122|
13|389|216|0|150|1|122|
13|376|324|0|145|1|122|
13|393|216|0|151|1|122|
13|395|216|0|151|1|122|
13|1439|864|0|178|1|122|
13|364|324|0|142|1|122|
13|1238|756|0|178|1|122|
13|386|216|0|149|1|122|
13|389|324|0|149|1|122|
13|355|216|0|138|1|122|
13|359|216|0|140|1|122|
13|402|216|0|154|1|122|
13|387|324|0|149|1|122|
13|389|216|0|150|1|122|
13|378|216|0|146|1|122|
13|386|216|0|149|1|122|
13|384|324|0|148|1|122|
13|393|216|0|150|1|122|
13|384|216|0|148|1|122|
13|389|216|0|149|1|122|
13|389|216|0|149|1|122|
13|388|324|0|149|1|122|
13|394|324|0|151|1|122|
13|388|216|0|149|1|122|
13|373|216|0|144|1|122|
13|390|216|0|149|1|122|
13|381|324|0|147|1|122|
13|388|216|0|150|1|122|
13|380|324|0|146|1|122|
13|386|216|0|148|1|122|
13|392|216|0|150|1|122|
13|377|216|0|261|1|48|
13|376|216|0|209|1|68|
13|377|216|0|146|1|122|
13|356|324|0|138|1|122|
13|353|324|0|137|1|122|
13|373|216|0|144|1|122|
13|385|324|0|148|1|122|
13|389|216|0|149|1|122|
13|382|216|0|148|1|122|
13|389|324|0|150|1|122|
13|378|216|0|146|1|122|
13|357|216|0|139|1|122|
13|387|216|0|149|1|122|
13|382|216|0|148|1|122|
13|363|108|0|141|1|122|
13|1197|864|0|178|1|122|
13|394|216|0|151|1|122|
13|347|108|0|136|1|122|
13|392|216|0|150|1|122|
13|1150|648|0|178|1|122|
13|724|324|0|178|1|122|
13|387|216|0|149|1|122|
13|375|216|0|145|1|122|
13|389|216|0|149|1|122|
13|376|108|0|145|1|122|
13|387|324|0|149|1|122|
13|390|216|0|149|1|122|
13|379|324|0|146|1|122|
13|387|216|0|149|1|122|
13|381|324|0|147|1|122|
13|391|324|0|150|1|122|
13|390|216|0|150|1|122|
13|382|216|0|147|1|122|
13|384|324|0|148|1|122|
13|380|216|0|147|1|122|
13|386|216|0|148|1|122|
13|380|216|0|147|1|122|
13|1325|972|0|178|1|122|
13|376|216|0|146|1|122|
13|508|324|0|178|1|122|
13|387|216|0|149|1|122|
13|390|324|0|149|1|122|
13|382|216|0|148|1|122|
13|378|324|0|146|1|122|
13|385|216|0|148|1|122|
13|376|216|0|145|1|122|
13|389|216|0|150|1|122|
13|384|324|0|148|1|122|
13|367|324|0|142|1|122|
13|383|216|0|147|1|122|
13|362|216|0|140|1|122|
13|380|216|0|146|1|122|
13|364|108|0|141|1|122|
13|392|216|0|151|1|122|
13|383|216|0|147|1|122|
13|1667|1080|0|178|1|122|
13|1648|1080|0|178|1|122|
13|378|216|0|146|1|122|
13|387|324|0|149|1|122|
13|390|216|0|149|1|122|
13|382|324|0|147|1|122|
13|385|324|0|148|1|122|
13|384|216|0|148|1|122|
13|361|324|0|140|1|122|
13|390|216|0|149|1|122|
13|380|108|0|146|1|122|
13|394|216|0|151|1|122|
13|381|324|0|147|1|122|
13|358|216|0|140|1|122|
13|395|216|0|152|1|122|
13|384|216|0|148|1|122|
13|363|216|0|141|1|122|
13|394|216|0|151|1|122|
13|390|324|0|149|1|122|
13|393|324|0|151|1|122|
13|380|216|0|146|1|122|
13|392|216|0|151|1|122|
13|351|108|0|137|1|122|
13|393|216|0|151|1|122|
13|379|216|0|146|1|122|
13|392|216|0|150|1|122|
13|375|324|0|145|1|122|
13|385|216|0|148|1|122|
13|377|216|0|145|1|122|
13|385|324|0|148|1|122|
13|373|216|0|144|1|122|
13|657|432|0|178|1|122|
13|386|216|0|148|1|122|
13|395|216|0|151|1|122|
13|385|324|0|148|1|122|
13|381|216|0|147|1|122|
13|384|216|0|148|1|122|
13|384|324|0|148|1|122|
13|379|216|0|146|1|122|
13|1774|1188|0|178|1|122|
13|378|216|0|146|1|122|
13|385|216|0|148|1|122|
13|386|216|0|148|1|122|
13|382|216|0|147|1|122|
13|396|216|0|152|1|122|
13|382|216|0|147|1|122|
13|355|216|0|138|1|122|
13|379|216|0|146|1|122|
13|397|216|0|152|1|122|
13|379|216|0|146|1|122|
13|381|216|0|147|1|122|
13|383|324|0|147|1|122|
13|380|216|0|146|1|122|
13|388|216|0|149|1|122|
13|350|216|0|136|1|122|
13|389|324|0|149|1|122|
13|364|324|0|141|1|122|
13|389|216|0|149|1|122|
13|388|324|0|149|1|122|
13|391|216|0|150|1|122|
13|383|216|0|148|1|122|
13|398|216|0|152|1|122|
13|381|324|0|146|1|122|
13|392|216|0|151|1|122|
13|381|216|0|147|1|122|
13|381|216|0|147|1|122|
13|381|216|0|147|1|122|
13|387|324|0|149|1|122|
13|393|324|0|150|1|122|
13|391|216|0|150|1|122|
13|384|216|0|148|1|122|
13|385|324|0|149|1|122|
13|386|216|0|148|1|122|
13|359|216|0|139|1|122|
13|355|216|0|138|1|122|
13|468|216|0|176|1|122|
13|361|216|0|141|1|122|
13|388|324|0|149|1|122|
13|382|216|0|147|1|122|
13|391|216|0|150|1|122|
13|379|216|0|146|1|122|
13|385|216|0|148|1|122|
13|375|324|0|145|1|122|
13|380|216|0|146|1|122|
13|1609|972|0|178|1|122|
13|378|216|0|146|1|122|
13|377|216|0|145|1|122|
13|381|216|0|147|1|122|
13|388|216|0|150|1|122|
13|392|324|0|151|1|122|
13|390|216|0|150|1|122|
13|386|216|0|149|1|122|
13|386|216|0|149|1|122|
13|395|216|0|151|1|122|
13|392|324|0|150|1|122|
13|379|324|0|146|1|122|
13|869|540|0|178|1|122|
13|372|216|0|143|1|122|
13|376|324|0|146|1|122|
13|351|324|0|138|1|122|
13|352|216|0|137|1|122|
13|958|540|0|178|1|122|
13|382|216|0|147|1|122|
13|382|324|0|147|1|122|
13|386|324|0|148|1|122|
13|386|324|0|149|1|122|
13|387|216|0|149|1|122|
13|381|216|0|146|1|122|
13|385|216|0|148|1|122|
13|392|216|0|150|1|122|
13|386|216|0|148|1|122|
13|389|216|0|150|1|122|
13|382|216|0|147|1|122|
13|390|324|0|150|1|122|
13|361|216|0|140|1|122|
13|386|324|0|148|1|122|
13|390|324|0|149|1|122|
13|391|216|0|150|1|122|
13|390|216|0|149|1|122|
13|386|216|0|148|1|122|
13|393|216|0|150|1|122|
13|387|324|0|149|1|122|
13|388|216|0|149|1|122|
13|386|216|0|149|1|122|
13|378|216|0|145|1|122|
13|384|216|0|147|1|122|
13|361|216|0|140|1|122|
13|377|216|0|145|1|122|
13|360|108|0|140|1|122|
13|400|324|0|153|1|122|
13|358|324|0|139|1|122|
13|362|216|0|140|1|122|
13|389|216|0|150|1|122|
13|384|216|0|148|1|122|
13|376|216|0|145|1|122|
13|369|216|0|143|1|122|
13|380|324|0|146|1|122|
13|391|324|0|150|1|122|
13|387|324|0|149|1|122|
13|369|324|0|143|1|122|
13|392|216|0|151|1|122|
13|390|216|0|150|1|122|
13|377|216|0|145|1|122|
13|385|216|0|148|1|122|
13|469|216|0|176|1|122|
13|376|216|0|145|1|122|
13|374|108|0|145|1|122|
13|378|324|0|146|1|122|
13|374|216|0|144|1|122|
13|391|216|0|150|1|122|
13|376|324|0|145|1|122|
13|390|324|0|150|1|122|
13|373|216|0|144|1|122|
13|395|216|0|151|1|122|
13|429|324|0|535|1|57|
13|361|216|0|140|1|122|
13|393|324|0|151|1|122|
13|353|216|0|138|1|122|
13|389|216|0|150|1|122|
13|373|216|0|144|1|122|
13|389|216|0|150|1|122|
13|391|216|0|150|1|122|
13|373|216|0|144|1|122|
13|385|216|0|148|1|122|
13|388|324|0|150|1|122|
13|387|216|0|149|1|122|
13|392|216|0|150|1|122|
13|379|216|0|146|1|122|
13|393|216|0|151|1|122|
13|391|216|0|150|1|122|
13|379|216|0|146|1|122|
13|395|216|0|151|1|122|
13|379|216|0|146|1|122|
13|365|108|0|142|1|122|
13|396|324|0|152|1|122|
13|395|324|0|151|1|122|
13|383|216|0|147|1|122|
13|395|324|0|151|1|122|
13|388|216|0|149|1|122|
13|386|216|0|148|1|122|
13|358|108|0|139|1|122|
13|384|216|0|148|1|122|
13|355|324|0|138|1|122|
13|374|216|0|144|1|122|
13|355|108|0|143|1|69|
13|455|324|0|172|1|122|
13|354|108|0|138|1|122|
13|385|216|0|148|1|122|
13|387|216|0|149|1|122|
13|389|216|0|149|1|122|
13|389|324|0|149|1|122|
13|385|216|0|148|1|122|
13|391|216|0|150|1|122|
13|388|216|0|149|1|122|
13|380|216|0|146|1|122|
13|391|216|0|150|1|122|
13|382|216|0|147|1|122|
13|392|324|0|150|1|122|
13|380|108|0|146|1|122|
13|382|324|0|147|1|122|
13|390|324|0|150|1|122|
13|384|216|0|148|1|122|
13|389|216|0|149|1|122|
13|385|216|0|148|1|122|
13|390|216|0|150|1|122|
13|383|324|0|148|1|122|
13|356|324|0|139|1|122|
13|360|324|0|140|1|122|
13|382|216|0|148|1|122|
13|382|216|0|147|1|122|
13|386|324|0|148|1|122|
13|362|216|0|140|1|122|
13|391|216|0|150|1|122|
13|350|324|0|137|1|122|
13|380|216|0|147|1|122|
13|385|216|0|148|1|122|
13|384|324|0|148|1|122|
13|385|216|0|148|1|122|
13|382|324|0|147|1|122|
13|388|216|0|149|1|122|
13|380|216|0|147|1|122|
13|377|216|0|146|1|122|
13|390|216|0|149|1|122|
13|380|324|0|147|1|122|
13|564|324|0|178|1|122|
13|378|324|0|147|1|122|
13|371|216|0|144|1|122|
13|375|216|0|145|1|122|
13|384|216|0|148|1|122|
13|374|216|0|144|1|122|
13|376|216|0|145|1|122|
13|357|216|0|139|1|122|
13|374|216|0|144|1|122|
13|395|324|0|152|1|122|
13|390|216|0|150|1|122|
13|385|324|0|148|1|122|
13|386|216|0|149|1|122|
13|382|216|0|147|1|122|
13|387|324|0|149|1|122|
13|372|216|0|144|1|122|
13|379|216|0|146|1|122|
13|541|432|0|178|1|122|
13|395|324|0|151|1|122|
13|363|216|0|141|1|122|
13|389|216|0|150|1|122|
13|357|216|0|139|1|122|
13|394|324|0|151|1|122|
13|387|216|0|150|1|122|
13|388|216|0|149|1|122|
13|388|216|0|149|1|122|
13|386|216|0|148|1|122|
13|387|216|0|149|1|122|
13|386|216|0|149|1|122|
13|390|216|0|150|1|122|
13|393|324|0|151|1|122|
13|390|324|0|150|1|122|
13|388|324|0|150|1|122|
13|387|216|0|149|1|122|
13|1486|972|0|178|1|122|
13|387|216|0|149|1|122|
13|1362|972|0|178|1|122|
13|369|216|0|143|1|122|
13|380|216|0|147|1|122|
13|385|216|0|148|1|122|
13|524|216|0|178|1|122|
13|388|216|0|149|1|122|
13|377|324|0|146|1|122|
13|380|216|0|147|1|122|
13|381|216|0|147|1|122|
13|482|432|0|178|1|122|
13|387|216|0|149|1|122|
13|1248|756|0|178|1|122|
13|374|216|0|144|1|122|
13|359|216|0|140|1|122|
13|421|216|0|160|1|122|
13|363|216|0|141|1|122|
13|392|216|0|151|1|122|
13|391|324|0|150|1|122|
13|395|216|0|151|1|122|
13|394|216|0|151|1|122|
13|396|216|0|152|1|122|
13|374|216|0|145|1|122|
13|389|216|0|150|1|122|
13|380|216|0|147|1|122|
13|386|324|0|149|1|122|
13|390|216|0|150|1|122|
13|387|216|0|149|1|122|
13|363|108|0|141|1|122|
13|391|216|0|150|1|122|
13|351|216|0|137|1|122|
13|778|432|0|178|1|122|
13|375|216|0|145|1|122|
13|376|216|0|145|1|122|
13|364|216|0|142|1|122|
13|383|324|0|148|1|122|
13|375|216|0|145|1|122|
13|374|324|0|144|1|122|
13|374|216|0|144|1|122|
13|383|216|0|147|1|122|
13|379|216|0|147|1|122|
13|378|216|0|146|1|122|
13|377|324|0|146|1|122|
13|348|216|0|136|1|122|
13|368|216|0|142|1|122|
13|380|216|0|147|1|122|
13|386|216|0|148|1|122|
13|383|324|0|147|1|122|
13|1042|756|0|178|1|122|
13|360|324|0|140|1|122|
13|387|216|0|149|1|122|
13|387|216|0|149|1|122|
13|385|324|0|148|1|122|
13|392|216|0|151|1|122|
13|388|216|0|149|1|122|
13|392|216|0|150|1|122|
13|384|324|0|147|1|122|
13|378|216|0|146|1|122|
13|386|216|0|148|1|122|
13|379|216|0|146|1|122|
13|383|216|0|148|1|122|
13|363|324|0|141|1|122|
13|381|324|0|147|1|122|
13|372|216|0|144|1|122|
13|347|108|0|135|1|122|
13|388|216|0|150|1|122|
13|386|324|0|148|1|122|
13|379|216|0|146|1|122|
13|360|216|0|140|1|122|
13|375|216|0|145|1|122|
13|356|324|0|138|1|122|
13|378|216|0|146|1|122|
13|384|324|0|147|1|122|
13|346|324|0|135|1|122|
13|388|216|0|150|1|122|
13|390|324|0|151|1|122|
13|392|216|0|150|1|122|
13|390|324|0|150|1|122|
13|381|216|0|147|1|122|
13|386|216|0|149|1|122|
13|375|216|0|145|1|122|
13|379|216|0|146|1|122|
13|369|216|0|144|1|122|
13|374|108|0|144|1|122|
13|370|108|0|143|1|122|
13|379|324|0|146|1|122|
13|375|324|0|145|1|122|
13|375|324|0|145|1|122|
13|697|324|0|178|1|122|
13|383|216|0|147|1|122|
13|375|216|0|145|1|122|
13|384|216|0|147|1|122|
13|383|324|0|148|1|122|
13|365|216|0|142|1|122|
13|382|216|0|147|1|122|
13|379|216|0|147|1|122|
13|378|216|0|184|1|55|
13|420|432|0|160|1|122|
13|376|216|0|145|1|122|
13|506|216|0|178|1|122|
13|403|324|0|301|1|46|
13|359|216|0|139|1|122|
13|377|324|0|324|1|64|
13|374|108|0|145|1|122|
13|391|324|0|150|1|122|
13|375|216|0|145|1|122|
13|377|324|0|145|1|122|
13|392|216|0|150|1|122|
13|378|216|0|146|1|122|
13|377|216|0|146|1|122|
13|349|216|0|136|1|122|
13|394|324|0|151|1|122|
13|388|324|0|150|1|122|
13|389|216|0|150|1|122|
13|391|216|0|150|1|122|
13|381|216|0|147|1|122|
13|390|216|0|150|1|122|
13|369|216|0|144|1|122|
13|383|324|0|148|1|122|
13|373|324|0|144|1|122|
13|385|216|0|148|1|122|
13|362|216|0|140|1|122|
13|1410|1080|0|178|1|122|
13|379|216|0|147|1|122|
13|351|216|0|137|1|122|
13|383|216|0|147|1|122|
14|1194|864|0|509|1|126|
13|1270|864|0|178|1|122|
13|379|216|0|146|1|122|
13|369|216|0|143|1|122|
13|382|324|0|147|1|122|
13|388|216|0|149|1|122|
13|382|216|0|147|1|122|
13|343|324|0|135|1|122|
13|386|216|0|148|1|122|
13|385|216|0|148|1|122|
13|378|324|0|146|1|122|
13|382|216|0|147|1|122|
13|680|540|0|178|1|122|
13|386|216|0|148|1|122|
13|385|216|0|148|1|122|
13|385|216|0|148|1|122|
13|381|216|0|146|1|122|
13|384|324|0|148|1|122|
13|376|324|0|145|1|122|
13|381|216|0|147|1|122|
13|343|216|0|135|1|122|
13|369|216|0|144|1|122|
13|383|216|0|147|1|122|
13|371|216|0|143|1|122|
13|345|216|0|135|1|122|
13|372|216|0|144|1|122|
13|372|216|0|144|1|122|
13|388|216|0|149|1|122|
13|358|108|0|139|1|122|
13|1569|1080|0|178|1|122|
13|379|216|0|147|1|122|
13|380|324|0|147|1|122|
13|380|216|0|147|1|122|
13|376|216|0|145|1|122|
13|368|324|0|142|1|122|
13|350|216|0|137|1|122|
13|377|216|0|145|1|122|
13|375|216|0|145|1|122|
13|383|216|0|147|1|122|
13|378|216|0|146|1|122|
13|380|324|0|147|1|122|
13|380|216|0|147|1|122|
13|377|216|0|145|1|122|
13|392|324|0|150|1|122|
13|385|216|0|148|1|122|
13|391|216|0|150|1|122|
13|390|216|0|149|1|122|
13|379|216|0|146|1|122|
13|389|216|0|149|1|122|
13|383|324|0|147|1|122|
13|386|216|0|149|1|122|
13|381|324|0|147|1|122|
13|805|432|0|178|1|122|
13|373|216|0|144|1|122|
13|371|216|0|144|1|122|
13|368|216|0|142|1|122|
13|375|216|0|145|1|122|
13|370|216|0|143|1|122|
13|381|216|0|148|1|122|
13|740|432|0|178|1|122|
13|371|216|0|143|1|122|
13|379|216|0|146|1|122|
13|382|216|0|147|1|122|
13|447|216|0|169|1|122|
13|376|324|0|145|1|122|
13|360|216|0|140|1|122|
13|388|216|0|149|1|122|
13|1123|756|0|178|1|122|
13|373|108|0|145|1|122|
13|389|216|0|149|1|122|
13|382|216|0|147|1|122|
13|753|432|0|178|1|122|
13|358|216|0|140|1|122|
13|393|216|0|150|1|122|
13|376|324|0|145|1|122|
13|388|216|0|149|1|122|
13|367|216|0|142|1|122|
13|379|216|0|146|1|122|
13|362|216|0|140|1|122|
13|378|216|0|146|1|122|
13|745|432|0|178|1|122|
13|372|216|0|144|1|122|
13|372|324|0|144|1|122|
13|377|324|0|145|1|122|
13|372|324|0|144|1|122|
13|379|216|0|146|1|122|
13|379|216|0|146|1|122|
13|366|324|0|142|1|122|
13|409|216|0|156|1|122|
13|348|216|0|136|1|122|
13|372|324|0|144|1|122|
13|380|324|0|146|1|122|
13|367|324|0|142|1|122|
13|379|324|0|146|1|122|
13|376|216|0|146|1|122|
13|385|324|0|148|1|122|
13|391|324|0|150|1|122|
13|380|216|0|146|1|122|
13|358|324|0|139|1|122|
13|386|216|0|149|1|122|
13|382|324|0|147|1|122|
13|422|324|0|160|1|122|
13|374|216|0|144|1|122|
13|372|324|0|144|1|122|
13|1422|972|0|178|1|122|
13|373|324|0|144|1|122|
13|377|324|0|146|1|122|
13|375|324|0|145|1|122|
13|373|216|0|144|1|122|
13|371|216|0|144|1|122|
13|348|216|0|136|1|122|
13|367|216|0|143|1|122|
13|368|216|0|142|1|122|
13|379|216|0|146|1|122|
13|368|324|0|142|1|122|
13|375|324|0|144|1|122|
13|371|216|0|143|1|122|
13|367|216|0|142|1|122|
13|696|432|0|178|1|122|
13|369|216|0|143|1|122|
13|375|216|0|145|1|122|
13|413|216|0|692|1|4|
13|346|216|0|135|1|122|
13|347|216|0|135|1|122|
13|815|432|0|178|1|122|
13|393|216|0|151|1|122|
13|386|216|0|149|1|122|
13|387|324|0|149|1|122|
13|373|108|0|144|1|122|
13|384|216|0|148|1|122|
13|383|324|0|147|1|122|
13|1085|648|0|178|1|122|
13|379|216|0|146|1|122|
13|369|324|0|143|1|122|
13|371|216|0|144|1|122|
13|375|216|0|145|1|122|
13|374|216|0|144|1|122|
13|371|216|0|143|1|122|
13|374|216|0|144|1|122|
13|377|216|0|146|1|122|
13|375|216|0|145|1|122|
13|366|324|0|143|1|122|
13|372|216|0|144|1|122|
13|380|324|0|146|1|122|
13|346|324|0|136|1|122|
13|384|216|0|148|1|122|
13|371|216|0|143|1|122|
13|371|216|0|144|1|122|
13|378|216|0|146|1|122|
13|372|216|0|145|1|122|
13|356|108|0|138|1|122|
13|373|216|0|144|1|122|
13|385|216|0|148|1|122|
13|384|216|0|148|1|122|
13|374|324|0|145|1|122|
13|386|216|0|149|1|122|
13|375|324|0|145|1|122|
13|379|324|0|146|1|122|
13|382|324|0|147|1|122|
13|372|216|0|144|1|122|
13|368|216|0|142|1|122|
13|377|216|0|146|1|122|
13|364|216|0|142|1|122|
13|371|216|0|144|1|122|
13|370|216|0|143|1|122|
13|375|216|0|146|1|122|
13|376|216|0|146|1|122|
13|377|216|0|145|1|122|
13|376|324|0|145|1|122|
13|374|216|0|145|1|122|
13|377|324|0|146|1|122|
13|368|216|0|142|1|122|
13|375|216|0|144|1|122|
13|363|216|0|141|1|122|
13|369|216|0|142|1|122|
13|366|324|0|142|1|122|
13|375|216|0|145|1|122|
13|343|216|0|134|1|122|
13|348|216|0|136|1|122|
13|374|324|0|144|1|122|
13|382|324|0|147|1|122|
13|378|216|0|146|1|122|
13|381|216|0|148|1|122|
13|381|216|0|147|1|122|
13|385|216|0|148|1|122|
13|379|216|0|146|1|122|
13|383|216|0|148|1|122|
13|383|216|0|147|1|122|
13|1274|756|0|178|1|122|
13|378|216|0|146|1|122|
13|368|108|0|142|1|122|
13|378|324|0|146|1|122|
13|380|324|0|147|1|122|
13|368|216|0|142|1|122|
13|368|324|0|142|1|122|
13|371|216|0|143|1|122|
13|376|216|0|145|1|122|
13|382|216|0|148|1|122|
13|378|216|0|146|1|122|
13|540|324|0|178|1|122|
13|371|216|0|143|1|122|
13|380|216|0|147|1|122|
13|374|216|0|144|1|122|
13|357|216|0|138|1|122|
13|363|216|0|141|1|122|
13|344|216|0|134|1|122|
13|407|432|0|155|1|122|
13|411|324|0|156|1|122|
13|336|216|0|132|1|122|
13|406|216|0|155|1|122|
13|369|324|0|143|1|122|
13|417|216|0|159|1|122|
13|357|216|0|139|1|122|
13|392|216|0|150|1|122|
13|380|216|0|146|1|122|
13|396|324|0|152|1|122|
13|381|216|0|147|1|122|
13|393|216|0|151|1|122|
13|379|216|0|146|1|122|
13|401|216|0|154|1|122|
13|527|324|0|178|1|122|
13|377|216|0|146|1|122|
13|365|216|0|141|1|122|
13|384|216|0|148|1|122|
13|367|216|0|142|1|122|
13|368|216|0|143|1|122|
13|367|216|0|142|1|122|
13|373|324|0|145|1|122|
13|383|324|0|147|1|122|
13|375|324|0|145|1|122|
13|380|216|0|146|1|122|
13|375|216|0|146|1|122|
13|688|432|0|178|1|122|
13|379|216|0|146|1|122|
13|378|216|0|146|1|122|
13|381|324|0|147|1|122|
13|382|216|0|148|1|122|
13|367|216|0|142|1|122|
13|352|108|0|137|1|122|
13|371|216|0|144|1|122|
13|376|216|0|145|1|122|
13|390|216|0|150|1|122|
13|381|216|0|148|1|122|
13|386|216|0|148|1|122|
13|378|324|0|146|1|122|
13|387|216|0|149|1|122|
13|1392|864|0|178|1|122|
13|378|216|0|146|1|122|
13|377|216|0|146|1|122|
13|378|324|0|145|1|122|
13|393|216|0|151|1|122|
13|375|324|0|145|1|122|
13|383|216|0|148|1|122|
13|372|216|0|144|1|122|
13|378|216|0|146|1|122|
13|366|324|0|142|1|122|
13|371|216|0|143|1|122|
13|374|216|0|145|1|122|
13|369|216|0|143|1|122|
13|370|216|0|143|1|122|
13|377|216|0|146|1|122|
13|911|648|0|178|1|122|
13|367|216|0|142|1|122|
13|374|216|0|144|1|122|
13|380|324|0|146|1|122|
13|364|216|0|141|1|122|
13|370|216|0|143|1|122|
13|374|324|0|144|1|122|
13|347|216|0|135|1|122|
13|365|324|0|141|1|122|
13|383|216|0|147|1|122|
13|357|216|0|139|1|122|
13|555|432|0|178|1|122|
13|386|216|0|149|1|122|
13|387|324|0|149|1|122|
13|376|216|0|145|1|122|
13|385|216|0|148|1|122|
13|373|216|0|145|1|122|
13|380|216|0|147|1|122|
13|388|324|0|149|1|122|
13|386|216|0|148|1|122|
13|371|324|0|143|1|122|
13|381|216|0|148|1|122|
13|339|216|0|133|1|122|
13|378|216|0|146|1|122|
13|336|216|0|132|1|122|
13|368|216|0|143|1|122|
13|364|216|0|142|1|122|
13|369|216|0|143|1|122|
13|372|216|0|144|1|122|
13|368|216|0|143|1|122|
13|372|216|0|144|1|122|
13|373|216|0|144|1|122|
13|363|324|0|141|1|122|
13|368|216|0|143|1|122|
13|732|648|0|178|1|122|
13|432|216|0|164|1|122|
13|368|216|0|142|1|122|
13|365|324|0|142|1|122|
13|359|108|0|270|1|84|
13|371|216|0|144|1|122|
13|374|216|0|355|1|69|
13|390|324|0|150|1|122|
13|384|324|0|147|1|122|
13|1831|1080|0|178|1|122|
13|382|216|0|147|1|122|
13|392|324|0|150|1|122|
13|393|216|0|150|1|122|
13|382|216|0|148|1|122|
13|388|216|0|149|1|122|
13|376|216|0|146|1|122|
13|383|216|0|148|1|122|
13|386|216|0|148|1|122|
13|376|216|0|145|1|122|
13|378|216|0|146|1|122|
13|375|216|0|145|1|122|
13|376|324|0|145|1|122|
13|374|216|0|145|1|122|
13|353|324|0|137|1|122|
13|372|324|0|144|1|122|
13|364|324|0|142|1|122|
13|358|324|0|139|1|122|
13|366|216|0|142|1|122|
13|360|216|0|140|1|122|
13|362|324|0|140|1|122|
13|365|216|0|142|1|122|
13|374|216|0|144|1|122|
13|368|216|0|143|1|122|
13|381|216|0|148|1|122|
13|350|216|0|136|1|122|
13|359|216|0|139|1|122|
13|351|216|0|137|1|122|
13|375|216|0|145|1|122|
13|363|216|0|140|1|122|
13|390|324|0|150|1|122|
13|384|324|0|148|1|122|
13|390|216|0|151|1|122|
13|392|216|0|151|1|122|
13|386|216|0|149|1|122|
13|391|216|0|150|1|122|
13|377|216|0|145|1|122|
13|386|216|0|148|1|122|
13|380|216|0|147|1|122|
13|420|324|0|160|1|122|
13|376|216|0|145|1|122|
13|377|216|0|146|1|122|
13|374|216|0|144|1|122|
13|381|324|0|147|1|122|
13|374|216|0|145|1|122|
13|379|324|0|147|1|122|
13|371|324|0|144|1|122|
13|379|324|0|146|1|122|
13|369|216|0|143|1|122|
13|368|216|0|143|1|122|
13|373|216|0|145|1|122|
13|368|324|0|143|1|122|
13|366|324|0|141|1|122|
13|339|216|0|132|1|122|
13|362|216|0|141|1|122|
13|365|216|0|141|1|122|
13|554|324|0|178|1|122|
13|341|324|0|133|1|122|
13|378|324|0|146|1|122|
13|349|216|0|136|1|122|
13|393|216|0|151|1|122|
13|379|324|0|146|1|122|
13|391|324|0|150|1|122|
13|386|216|0|149|1|122|
13|377|216|0|146|1|122|
13|381|216|0|147|1|122|
13|395|216|0|151|1|122|
13|380|216|0|147|1|122|
13|393|216|0|150|1|122|
13|382|216|0|147|1|122|
13|384|324|0|148|1|122|
13|371|216|0|143|1|122|
13|380|216|0|147|1|122|
13|367|216|0|142|1|122|
13|380|324|0|147|1|122|
13|372|216|0|144|1|122|
13|380|216|0|147|1|122|
13|374|216|0|144|1|122|
13|501|324|0|178|1|122|
13|381|216|0|147|1|122|
13|373|216|0|144|1|122|
13|338|216|0|133|1|122|
13|364|216|0|142|1|122|
13|373|216|0|144|1|122|
13|401|216|0|153|1|122|
13|686|432|0|178|1|122|
13|378|216|0|146|1|122|
13|371|216|0|143|1|122|
13|379|324|0|146|1|122|
13|383|324|0|147|1|122|
13|347|216|0|135|1|122|
13|390|216|0|149|1|122|
13|379|216|0|146|1|122|
13|385|216|0|148|1|122|
13|1371|864|0|178|1|122|
13|374|216|0|145|1|122|
13|384|216|0|148|1|122|
13|369|216|0|143|1|122|
13|373|324|0|144|1|122|
13|371|324|0|143|1|122|
13|381|216|0|147|1|122|
13|381|216|0|147|1|122|
13|376|324|0|145|1|122|
13|378|216|0|146|1|122|
13|368|216|0|143|1|122|
13|376|216|0|145|1|122|
13|369|216|0|143|1|122|
13|365|324|0|141|1|122|
13|376|324|0|145|1|122|
13|369|216|0|142|1|122|
13|379|216|0|146|1|122|
13|373|216|0|144|1|122|
13|377|216|0|145|1|122|
13|366|216|0|143|1|122|
13|368|432|0|143|1|122|
13|353|324|0|137|1|122|
13|361|216|0|140|1|122|
13|382|216|0|147|1|122|
13|378|324|0|146|1|122|
13|385|216|0|148|1|122|
13|390|216|0|150|1|122|
13|844|540|0|178|1|122|
13|381|216|0|147|1|122|
13|388|216|0|149|1|122|
13|390|216|0|150|1|122|
13|383|216|0|148|1|122|
13|373|216|0|145|1|122|
13|387|216|0|149|1|122|
13|383|324|0|148|1|122|
13|381|324|0|147|1|122|
13|378|216|0|146|1|122|
13|375|324|0|145|1|122|
13|372|324|0|145|1|122|
13|372|216|0|145|1|122|
13|376|216|0|145|1|122|
13|1174|864|0|178|1|122|
13|354|216|0|137|1|122|
13|376|216|0|145|1|122|
13|374|324|0|144|1|122|
13|375|324|0|145|1|122|
13|742|432|0|178|1|122|
13|364|216|0|141|1|122|
13|366|324|0|142|1|122|
13|350|216|0|137|1|122|
13|345|216|0|135|1|122|
13|361|216|0|140|1|122|
13|356|216|0|138|1|122|
13|394|216|0|151|1|122|
13|386|324|0|148|1|122|
13|393|216|0|152|1|122|
13|381|216|0|147|1|122|
13|377|216|0|146|1|122|
13|377|216|0|146|1|122|
13|380|324|0|146|1|122|
13|377|324|0|146|1|122|
13|382|216|0|147|1|122|
13|367|216|0|142|1|122|
13|376|324|0|145|1|122|
13|373|324|0|144|1|122|
13|375|324|0|145|1|122|
13|380|324|0|146|1|122|
13|381|216|0|147|1|122|
13|378|216|0|145|1|122|
13|374|216|0|144|1|122|
13|362|216|0|141|1|122|
13|364|324|0|141|1|122|
13|360|216|0|140|1|122|
13|1515|1080|0|178|1|122|
13|348|324|0|136|1|122|
13|358|216|0|139|1|122|
13|345|324|0|135|1|122|
13|409|216|0|570|1|42|
13|361|216|0|140|1|122|
13|391|216|0|146|1|122|
13|378|216|0|145|1|122|
13|382|324|0|148|1|122|
13|388|216|0|149|1|122|
13|384|216|0|147|1|122|
13|385|324|0|148|1|122|
13|393|216|0|151|1|122|
13|502|324|0|178|1|122|
13|390|216|0|150|1|122|
13|393|216|0|151|1|122|
13|392|324|0|150|1|122|
13|358|216|0|139|1|122|
13|357|324|0|139|1|122|
13|385|216|0|148|1|122|
13|378|324|0|146|1|122|
13|368|216|0|143|1|122|
13|366|216|0|142|1|122|
13|374|216|0|145|1|122|
13|379|216|0|146|1|122|
13|349|216|0|137|1|122|
13|377|216|0|145|1|122|
13|370|324|0|144|1|122|
13|376|216|0|145|1|122|
13|376|216|0|145|1|122|
13|371|324|0|143|1|122|
13|376|216|0|145|1|122|
13|372|324|0|144|1|122|
13|383|216|0|147|1|122|
13|345|324|0|135|1|122|
13|352|216|0|138|1|122|
13|372|324|0|144|1|122|
13|386|216|0|149|1|122|
13|379|216|0|147|1|122|
13|387|216|0|149|1|122|
13|391|216|0|150|1|122|
13|386|324|0|148|1|122|
13|374|324|0|144|1|122|
13|385|216|0|148|1|122|
13|343|324|0|134|1|122|
13|383|216|0|148|1|122|
13|368|216|0|143|1|122|
13|383|324|0|147|1|122|
13|365|216|0|142|1|122|
13|384|324|0|148|1|122|
13|371|216|0|143|1|122|
