INSTRUCTIONS_RETIRED|CYCLES|UNKNOWN|LD_BLOCKS.STORE_FORWARD|UOPS_EXECUTED.CORE|BR_MISP_RETIRED.ALL_BRANCHES|UOPS_ISSUED.SLOW_LEA|
13|362|324|0|141|1|137|
13|379|216|0|146|1|137|
13|386|216|0|148|1|137|
13|378|216|0|145|1|141|
13|390|216|0|150|1|137|
13|348|216|0|136|1|137|
13|358|108|0|139|1|137|
13|357|108|0|139|1|141|
13|386|216|0|148|1|137|
13|386|108|0|149|1|137|
13|390|216|0|150|1|137|
13|388|216|0|149|1|141|
13|393|216|0|150|1|137|
13|389|216|0|149|1|139|
13|392|216|0|150|1|137|
13|386|216|0|148|1|137|
13|376|324|0|145|1|137|
13|804|648|0|191|1|139|
13|369|216|0|143|1|137|
13|383|324|0|148|1|137|
13|372|216|0|143|1|141|
13|359|324|0|139|1|137|
13|374|324|0|144|1|141|
13|391|324|0|150|1|137|
13|357|216|0|139|1|137|
13|388|216|0|149|1|137|
13|349|324|0|136|1|137|
13|386|216|0|148|1|141|
13|351|216|0|136|1|135|
13|447|432|0|276|1|68|
13|441|216|0|400|1|79|
13|408|216|0|589|1|58|
13|427|216|0|370|1|78|
13|390|216|0|149|1|141|
13|383|216|0|147|1|137|
13|391|216|0|150|1|141|
13|1826|1188|0|189|1|137|
13|389|324|0|149|1|137|
13|393|216|0|150|1|141|
13|388|324|0|149|1|137|
13|372|216|0|144|1|137|
13|375|324|0|145|1|139|
13|386|324|0|148|1|137|
13|381|216|0|147|1|139|
13|395|216|0|151|1|141|
13|390|216|0|149|1|141|
13|403|216|0|154|1|141|
13|421|216|0|526|1|70|
13|388|216|0|149|1|141|
13|378|216|0|146|1|137|
13|367|324|0|142|1|137|
13|387|216|0|149|1|141|
13|380|216|0|146|1|137|
13|384|324|0|147|1|137|
13|379|216|0|146|1|141|
13|355|216|0|138|1|141|
13|372|216|0|144|1|141|
13|354|324|0|138|1|137|
13|385|324|0|148|1|141|
13|391|216|0|150|1|137|
13|352|324|0|137|1|137|
13|385|216|0|148|1|135|
13|382|216|0|147|1|139|
13|381|216|0|146|1|137|
13|365|324|0|141|1|137|
13|419|216|0|159|1|137|
13|380|216|0|146|1|141|
13|386|324|0|148|1|137|
13|393|324|0|151|1|141|
13|384|216|0|147|1|137|
13|392|216|0|150|1|137|
13|395|216|0|151|1|141|
13|646|432|0|193|1|141|
13|380|216|0|146|1|137|
13|361|324|0|140|1|137|
13|382|216|0|147|1|137|
13|386|216|0|148|1|137|
13|382|216|0|147|1|137|
13|388|324|0|149|1|137|
13|376|324|0|145|1|137|
13|361|216|0|140|1|137|
13|361|324|0|140|1|139|
13|373|216|0|144|1|141|
13|359|216|0|140|1|141|
13|383|216|0|147|1|137|
13|343|324|0|134|1|137|
13|371|324|0|143|1|137|
13|367|324|0|142|1|137|
13|375|216|0|144|1|137|
13|369|324|0|143|1|137|
13|376|216|0|145|1|139|
13|370|324|0|143|1|139|
13|378|216|0|145|1|137|
13|375|216|0|145|1|141|
13|391|216|0|150|1|141|
13|377|324|0|145|1|137|
13|382|216|0|147|1|135|
13|439|216|0|166|1|137|
13|390|216|0|149|1|137|
13|395|216|0|151|1|137|
13|374|324|0|144|1|137|
13|693|324|0|189|1|137|
13|370|324|0|143|1|141|
13|374|324|0|144|1|137|
13|371|324|0|144|1|141|
13|388|216|0|149|1|137|
13|369|216|0|143|1|137|
13|590|324|0|189|1|137|
13|367|216|0|142|1|137|
13|345|324|0|134|1|137|
13|366|108|0|142|1|137|
13|1519|972|0|193|1|141|
13|348|324|0|135|1|137|
13|386|324|0|148|1|137|
13|368|324|0|142|1|137|
13|360|216|0|139|1|137|
13|380|216|0|146|1|137|
13|349|216|0|136|1|141|
13|383|216|0|147|1|139|
13|358|324|0|139|1|137|
13|369|216|0|143|1|137|
13|382|324|0|147|1|141|
13|359|324|0|139|1|137|
13|382|216|0|147|1|137|
13|392|216|0|150|1|137|
13|382|216|0|147|1|137|
13|381|216|0|146|1|137|
13|382|216|0|147|1|137|
13|372|216|0|143|1|137|
13|370|216|0|143|1|137|
13|374|216|0|144|1|137|
13|376|216|0|145|1|141|
13|371|216|0|144|1|137|
13|382|216|0|147|1|137|
13|371|216|0|143|1|137|
13|386|216|0|148|1|137|
13|371|216|0|143|1|137|
13|359|324|0|139|1|137|
13|375|324|0|144|1|137|
13|378|216|0|145|1|137|
13|371|216|0|144|1|137|
13|375|216|0|145|1|137|
13|375|324|0|144|1|137|
13|376|216|0|145|1|137|
13|366|324|0|141|1|141|
13|366|216|0|142|1|137|
13|359|108|0|140|1|141|
13|380|108|0|147|1|137|
13|380|216|0|147|1|137|
13|376|216|0|145|1|139|
13|379|216|0|146|1|137|
13|389|324|0|149|1|137|
13|377|216|0|145|1|137|
13|378|324|0|145|1|137|
13|379|108|0|146|1|137|
13|382|324|0|147|1|139|
13|382|216|0|147|1|137|
13|394|216|0|151|1|141|
13|370|216|0|143|1|137|
13|378|216|0|146|1|141|
13|373|216|0|144|1|137|
13|818|540|0|189|1|137|
13|384|324|0|147|1|137|
13|343|216|0|134|1|137|
13|1478|972|0|189|1|137|
13|367|216|0|142|1|137|
13|382|216|0|147|1|137|
13|373|216|0|144|1|137|
13|1382|864|0|189|1|137|
13|374|324|0|144|1|137|
13|373|324|0|144|1|137|
13|350|216|0|136|1|137|
13|384|324|0|148|1|141|
13|373|324|0|144|1|137|
13|350|216|0|136|1|141|
13|377|216|0|146|1|141|
13|382|216|0|147|1|137|
13|395|216|0|151|1|137|
13|378|216|0|145|1|137|
13|389|216|0|149|1|137|
13|397|216|0|152|1|137|
13|378|216|0|145|1|137|
13|380|216|0|146|1|141|
13|370|216|0|143|1|137|
13|1349|864|0|189|1|137|
13|376|216|0|145|1|137|
13|375|216|0|144|1|137|
13|372|324|0|144|1|141|
13|368|324|0|142|1|141|
13|375|216|0|144|1|141|
13|378|216|0|145|1|137|
13|370|324|0|143|1|137|
13|370|324|0|143|1|137|
13|371|216|0|143|1|137|
13|350|324|0|136|1|137|
13|358|216|0|139|1|141|
13|374|324|0|144|1|137|
13|373|216|0|144|1|137|
13|368|216|0|142|1|137|
13|349|216|0|136|1|141|
13|372|324|0|144|1|141|
13|375|324|0|145|1|137|
13|397|216|0|288|1|71|
13|339|216|0|132|1|137|
13|380|216|0|146|1|137|
13|393|216|0|150|1|141|
13|354|216|0|137|1|137|
13|394|216|0|151|1|137|
13|380|324|0|146|1|137|
13|380|324|0|146|1|137|
13|385|216|0|148|1|141|
13|378|216|0|145|1|137|
13|366|216|0|141|1|137|
13|379|324|0|146|1|137|
13|388|324|0|149|1|137|
13|494|324|0|184|1|137|
13|382|216|0|147|1|137|
13|376|216|0|145|1|137|
13|381|216|0|147|1|137|
13|373|216|0|144|1|141|
13|377|216|0|145|1|137|
13|380|216|0|146|1|141|
13|376|216|0|145|1|137|
13|379|324|0|146|1|137|
13|365|324|0|141|1|141|
13|382|216|0|147|1|141|
13|365|216|0|141|1|141|
13|354|216|0|137|1|141|
13|365|324|0|141|1|137|
13|354|216|0|137|1|141|
13|367|216|0|142|1|137|
13|378|216|0|145|1|137|
13|420|324|0|160|1|137|
13|371|216|0|143|1|137|
13|342|324|0|133|1|137|
13|379|216|0|146|1|137|
13|354|324|0|137|1|137|
13|636|432|0|189|1|137|
13|378|324|0|145|1|137|
13|395|324|0|151|1|137|
13|394|216|0|151|1|141|
13|390|216|0|150|1|141|
13|379|216|0|146|1|137|
13|394|216|0|151|1|141|
13|417|216|0|158|1|137|
13|391|216|0|150|1|137|
13|370|216|0|143|1|137|
13|376|324|0|145|1|137|
13|383|216|0|147|1|137|
13|364|216|0|141|1|141|
13|1313|756|0|189|1|137|
13|377|216|0|145|1|137|
13|359|324|0|139|1|137|
13|379|216|0|146|1|137|
13|368|216|0|142|1|137|
13|374|216|0|144|1|141|
13|364|324|0|141|1|137|
13|372|216|0|143|1|137|
13|392|324|0|150|1|137|
13|368|324|0|142|1|137|
13|345|216|0|134|1|137|
13|381|324|0|147|1|137|
13|384|324|0|148|1|137|
13|352|216|0|137|1|137|
13|432|432|0|371|1|38|
13|373|324|0|144|1|141|
13|366|108|0|141|1|141|
13|375|216|0|145|1|141|
13|393|216|0|150|1|137|
13|378|216|0|145|1|137|
13|402|216|0|148|1|135|
13|391|216|0|150|1|137|
13|385|216|0|148|1|141|
13|354|216|0|138|1|137|
13|376|216|0|145|1|137|
13|380|216|0|146|1|137|
13|378|216|0|146|1|137|
13|380|216|0|146|1|137|
13|382|216|0|147|1|141|
13|1289|756|0|189|1|137|
13|382|216|0|147|1|137|
13|370|324|0|143|1|137|
13|383|324|0|147|1|137|
13|371|324|0|143|1|137|
13|384|324|0|147|1|141|
13|369|324|0|142|1|137|
13|381|324|0|146|1|137|
13|371|216|0|143|1|137|
13|366|324|0|141|1|137|
13|371|216|0|144|1|137|
13|382|432|0|147|1|139|
13|345|216|0|135|1|141|
13|372|216|0|144|1|141|
13|867|540|0|189|1|137|
13|379|216|0|146|1|137|
13|370|216|0|143|1|137|
13|381|216|0|146|1|137|
13|345|324|0|135|1|137|
13|689|540|0|189|1|137|
13|382|324|0|147|1|137|
13|380|324|0|147|1|141|
13|380|324|0|146|1|137|
13|385|216|0|148|1|137|
13|352|324|0|137|1|137|
13|375|216|0|144|1|141|
13|372|324|0|143|1|137|
13|384|216|0|147|1|141|
13|368|216|0|142|1|137|
13|381|324|0|146|1|137|
13|373|216|0|144|1|141|
13|382|216|0|147|1|137|
13|376|216|0|145|1|137|
13|383|432|0|147|1|137|
13|380|216|0|146|1|137|
13|368|216|0|143|1|141|
13|382|216|0|147|1|137|
13|377|324|0|146|1|137|
13|366|216|0|142|1|139|
13|369|216|0|143|1|137|
13|375|216|0|145|1|141|
13|539|432|0|193|1|141|
13|1186|864|0|189|1|137|
13|364|216|0|141|1|141|
13|391|216|0|150|1|137|
13|382|216|0|147|1|141|
13|376|108|0|145|1|141|
13|379|216|0|146|1|137|
13|381|216|0|146|1|137|
13|352|108|0|137|1|137|
13|383|216|0|148|1|137|
13|393|216|0|150|1|137|
13|381|216|0|147|1|141|
13|378|216|0|145|1|137|
13|384|216|0|147|1|137|
13|390|324|0|150|1|141|
13|383|216|0|147|1|141|
13|524|324|0|193|1|141|
13|367|324|0|142|1|137|
13|385|216|0|148|1|137|
13|367|216|0|142|1|137|
13|373|216|0|144|1|137|
13|383|216|0|147|1|137|
13|371|216|0|143|1|137|
13|380|216|0|146|1|141|
13|1364|864|0|193|1|141|
13|378|324|0|146|1|141|
13|383|216|0|147|1|137|
13|413|216|0|157|1|137|
13|385|216|0|148|1|141|
13|376|216|0|145|1|141|
13|377|324|0|145|1|137|
13|371|216|0|143|1|141|
13|387|324|0|149|1|137|
13|388|216|0|149|1|137|
13|389|216|0|149|1|137|
13|421|216|0|160|1|137|
13|377|216|0|145|1|141|
13|385|216|0|148|1|137|
13|395|324|0|150|1|141|
13|389|216|0|149|1|141|
13|373|216|0|144|1|137|
13|988|756|0|189|1|137|
13|369|216|0|142|1|137|
13|381|216|0|146|1|137|
13|1324|864|0|189|1|137|
13|373|324|0|144|1|141|
13|372|324|0|144|1|141|
13|368|216|0|142|1|137|
13|371|216|0|143|1|137|
13|368|324|0|142|1|137|
13|368|216|0|142|1|137|
13|366|324|0|142|1|137|
13|369|216|0|142|1|137|
13|336|216|0|132|1|133|
13|1450|972|0|189|1|137|
13|367|216|0|142|1|141|
13|409|216|0|156|1|141|
13|379|324|0|146|1|137|
13|378|324|0|145|1|141|
13|374|324|0|144|1|137|
13|342|324|0|133|1|137|
13|371|216|0|143|1|141|
13|375|216|0|145|1|137|
13|361|216|0|140|1|137|
13|419|324|0|159|1|137|
13|382|216|0|147|1|141|
13|386|324|0|148|1|141|
13|390|216|0|149|1|141|
13|378|216|0|146|1|141|
13|377|216|0|145|1|137|
13|1351|756|0|193|1|141|
13|372|216|0|143|1|137|
13|381|216|0|147|1|137|
13|611|432|0|189|1|137|
13|381|216|0|147|1|141|
13|386|216|0|148|1|137|
13|375|216|0|144|1|137|
13|385|324|0|148|1|141|
13|366|216|0|141|1|137|
13|374|216|0|144|1|137|
13|371|216|0|143|1|137|
13|371|216|0|143|1|141|
13|367|216|0|142|1|137|
13|371|324|0|143|1|141|
13|372|324|0|143|1|137|
13|383|324|0|147|1|137|
13|1248|972|0|193|1|141|
13|348|216|0|136|1|141|
13|344|324|0|134|1|141|
13|368|324|0|142|1|137|
13|383|324|0|147|1|137|
13|342|324|0|134|1|137|
13|374|324|0|144|1|139|
13|384|324|0|148|1|141|
13|1685|1188|0|189|1|137|
13|384|216|0|147|1|137|
13|395|216|0|151|1|137|
13|385|324|0|148|1|137|
13|382|216|0|147|1|137|
13|388|324|0|149|1|137|
13|357|216|0|138|1|141|
13|379|324|0|146|1|137|
13|626|324|0|193|1|141|
13|372|216|0|143|1|137|
13|379|216|0|146|1|137|
13|382|324|0|147|1|137|
13|376|324|0|145|1|137|
13|374|216|0|144|1|137|
13|369|324|0|142|1|137|
13|349|216|0|136|1|137|
13|366|216|0|141|1|137|
13|378|324|0|145|1|137|
13|372|216|0|143|1|141|
13|340|216|0|133|1|137|
13|376|216|0|145|1|141|
13|344|108|0|134|1|137|
13|376|216|0|145|1|137|
13|365|324|0|141|1|137|
13|339|324|0|133|1|137|
13|380|324|0|146|1|137|
13|350|324|0|136|1|137|
13|373|216|0|144|1|137|
13|371|324|0|143|1|141|
13|381|216|0|146|1|137|
13|1788|1080|0|189|1|137|
13|390|216|0|150|1|137|
13|388|216|0|149|1|141|
13|378|324|0|146|1|137|
13|379|324|0|146|1|137|
13|366|324|0|142|1|137|
13|386|324|0|148|1|137|
13|372|216|0|143|1|137|
13|371|216|0|143|1|137|
13|370|216|0|143|1|139|
13|367|216|0|142|1|137|
13|376|216|0|145|1|141|
13|371|216|0|143|1|137|
13|371|216|0|143|1|141|
13|369|216|0|142|1|137|
13|377|216|0|145|1|137|
13|367|216|0|142|1|137|
13|385|216|0|148|1|137|
13|357|216|0|138|1|137|
13|358|216|0|139|1|141|
13|372|324|0|143|1|141|
13|371|216|0|143|1|141|
13|471|324|0|177|1|141|
13|376|216|0|145|1|137|
13|379|216|0|146|1|137|
13|394|216|0|151|1|141|
13|365|216|0|141|1|137|
13|395|216|0|151|1|137|
13|396|216|0|152|1|141|
13|387|324|0|148|1|137|
13|394|216|0|151|1|141|
13|388|324|0|149|1|137|
13|386|216|0|148|1|141|
13|395|216|0|151|1|137|
13|375|324|0|144|1|137|
13|386|216|0|148|1|137|
13|387|216|0|148|1|137|
13|390|216|0|149|1|137|
13|685|540|0|189|1|137|
13|377|216|0|145|1|137|
13|381|216|0|146|1|137|
13|381|216|0|146|1|141|
13|379|216|0|146|1|137|
13|383|216|0|147|1|137|
13|1249|864|0|189|1|137|
13|375|216|0|144|1|137|
13|368|216|0|142|1|137|
13|370|216|0|143|1|137|
13|348|108|0|136|1|137|
13|374|216|0|144|1|141|
13|367|324|0|142|1|141|
13|375|216|0|145|1|137|
13|339|324|0|132|1|137|
13|377|324|0|145|1|137|
13|383|324|0|148|1|137|
13|390|216|0|149|1|137|
13|416|216|0|158|1|137|
13|392|324|0|150|1|137|
13|377|324|0|145|1|137|
13|368|324|0|142|1|139|
13|387|108|0|148|1|137|
13|380|216|0|146|1|137|
13|375|216|0|144|1|137|
13|374|216|0|144|1|137|
13|369|216|0|143|1|137|
13|378|216|0|145|1|137|
13|373|216|0|144|1|137|
13|372|216|0|144|1|139|
13|370|216|0|143|1|137|
13|371|216|0|144|1|137|
13|373|216|0|144|1|137|
13|382|216|0|147|1|141|
13|371|324|0|143|1|141|
13|368|324|0|142|1|137|
13|379|216|0|146|1|139|
13|350|324|0|136|1|137|
13|381|216|0|146|1|137|
13|353|216|0|137|1|137|
13|364|324|0|141|1|141|
13|377|324|0|145|1|137|
13|372|324|0|143|1|137|
13|357|216|0|138|1|139|
13|343|324|0|134|1|137|
13|374|216|0|144|1|137|
13|385|324|0|148|1|141|
13|389|216|0|149|1|137|
13|353|216|0|137|1|135|
13|375|324|0|144|1|137|
13|393|216|0|150|1|139|
13|365|324|0|141|1|137|
13|382|324|0|147|1|141|
13|388|216|0|149|1|139|
13|389|216|0|149|1|137|
13|375|216|0|144|1|137|
13|375|324|0|145|1|137|
13|384|324|0|147|1|137|
13|373|216|0|144|1|137|
13|379|216|0|146|1|137|
13|377|216|0|145|1|137|
13|817|540|0|193|1|141|
13|373|324|0|144|1|137|
13|378|216|0|145|1|141|
13|374|216|0|144|1|137|
13|371|216|0|143|1|137|
13|373|324|0|144|1|141|
13|371|216|0|143|1|137|
13|375|216|0|144|1|137|
13|380|324|0|146|1|137|
13|370|216|0|143|1|141|
13|375|432|0|145|1|139|
13|468|324|0|176|1|137|
13|350|216|0|136|1|137|
13|374|216|0|144|1|141|
13|373|216|0|144|1|141|
13|385|216|0|148|1|137|
13|394|216|0|151|1|141|
13|386|324|0|149|1|137|
13|688|432|0|193|1|141|
13|452|324|0|170|1|141|
13|380|216|0|146|1|137|
13|389|216|0|149|1|137|
13|380|216|0|146|1|137|
13|375|324|0|144|1|137|
13|372|216|0|143|1|137|
13|372|324|0|143|1|137|
13|372|324|0|143|1|141|
13|377|216|0|145|1|137|
13|376|216|0|145|1|141|
13|367|216|0|142|1|141|
13|368|216|0|142|1|137|
13|366|324|0|141|1|137|
13|383|216|0|147|1|137|
13|1334|972|0|193|1|141|
13|385|216|0|148|1|141|
13|387|216|0|148|1|141|
13|376|216|0|145|1|137|
13|385|324|0|148|1|141|
13|378|432|0|146|1|137|
13|374|324|0|144|1|137|
13|381|216|0|147|1|137|
13|340|216|0|133|1|137|
13|371|216|0|143|1|137|
13|381|324|0|147|1|137|
13|373|216|0|144|1|135|
13|376|216|0|145|1|137|
13|391|216|0|150|1|137|
13|391|216|0|150|1|137|
13|391|324|0|150|1|141|
13|394|324|0|151|1|137|
13|372|216|0|143|1|135|
13|372|216|0|143|1|141|
13|1551|1080|0|189|1|137|
13|345|108|0|134|1|137|
13|378|216|0|145|1|137|
13|369|216|0|142|1|137|
13|379|324|0|146|1|137|
13|378|216|0|145|1|137|
13|369|324|0|142|1|137|
13|382|216|0|147|1|139|
13|371|216|0|143|1|137|
13|375|216|0|144|1|141|
13|380|216|0|146|1|139|
13|368|324|0|142|1|137|
13|380|216|0|147|1|141|
13|374|216|0|144|1|141|
13|386|216|0|148|1|137|
13|366|108|0|141|1|137|
13|375|216|0|144|1|137|
13|352|324|0|137|1|137|
13|363|324|0|140|1|137|
13|367|324|0|142|1|137|
13|358|216|0|139|1|141|
13|363|216|0|141|1|141|
13|377|324|0|146|1|137|
13|375|108|0|144|1|137|
13|362|108|0|140|1|141|
13|379|216|0|146|1|137|
13|385|324|0|148|1|137|
13|387|216|0|148|1|137|
13|375|324|0|144|1|137|
13|384|324|0|147|1|137|
13|385|216|0|148|1|139|
13|372|324|0|143|1|137|
13|388|324|0|149|1|141|
13|384|216|0|147|1|137|
13|382|324|0|147|1|141|
13|372|324|0|144|1|137|
13|357|216|0|138|1|137|
13|364|324|0|141|1|141|
13|363|216|0|141|1|137|
13|343|108|0|134|1|137|
13|376|324|0|145|1|141|
13|386|324|0|148|1|137|
13|359|324|0|139|1|137|
13|501|324|0|186|1|137|
13|368|324|0|142|1|137|
13|378|324|0|145|1|137|
13|368|216|0|142|1|141|
13|1433|864|0|189|1|137|
13|374|216|0|144|1|137|
13|365|324|0|141|1|137|
13|380|216|0|146|1|137|
13|377|216|0|145|1|141|
13|657|432|0|189|1|137|
13|350|324|0|136|1|137|
13|385|324|0|148|1|137|
13|394|216|0|151|1|137|
13|392|324|0|150|1|137|
13|381|216|0|147|1|137|
13|375|324|0|144|1|139|
13|383|216|0|147|1|135|
13|370|216|0|143|1|137|
13|370|216|0|143|1|137|
13|370|324|0|143|1|137|
13|368|324|0|142|1|137|
13|342|216|0|133|1|137|
13|368|324|0|142|1|141|
13|371|324|0|143|1|137|
13|363|216|0|140|1|141|
13|369|324|0|142|1|137|
13|355|216|0|138|1|137|
13|352|216|0|137|1|137|
13|378|216|0|145|1|137|
13|360|216|0|139|1|137|
13|369|216|0|142|1|137|
13|353|216|0|137|1|141|
13|383|216|0|147|1|137|
13|367|216|0|142|1|141|
13|355|324|0|138|1|137|
13|367|324|0|142|1|137|
13|344|108|0|134|1|141|
13|337|324|0|132|1|137|
13|384|216|0|147|1|135|
13|383|216|0|147|1|137|
13|383|216|0|147|1|137|
13|382|108|0|147|1|137|
13|377|108|0|145|1|139|
13|379|216|0|146|1|137|
13|378|216|0|145|1|137|
13|386|216|0|149|1|137|
13|376|324|0|145|1|139|
13|378|324|0|145|1|137|
13|390|216|0|150|1|137|
13|367|216|0|142|1|137|
13|374|216|0|144|1|141|
13|370|216|0|143|1|141|
13|369|216|0|142|1|137|
13|347|216|0|135|1|137|
13|636|540|0|189|1|137|
13|377|216|0|145|1|137|
13|371|324|0|143|1|137|
13|377|216|0|145|1|141|
13|381|216|0|146|1|141|
13|374|216|0|144|1|137|
13|367|216|0|142|1|141|
13|341|216|0|133|1|137|
13|368|216|0|142|1|137|
13|366|216|0|141|1|137|
13|555|324|0|191|1|137|
13|376|216|0|145|1|141|
13|380|216|0|146|1|141|
13|359|216|0|140|1|137|
13|383|216|0|148|1|137|
13|378|216|0|145|1|137|
13|380|216|0|146|1|137|
13|385|216|0|148|1|141|
13|389|216|0|149|1|141|
13|356|216|0|138|1|137|
13|382|324|0|147|1|139|
13|375|216|0|144|1|135|
13|369|216|0|143|1|141|
13|381|324|0|146|1|141|
13|371|216|0|143|1|137|
13|382|324|0|147|1|139|
13|365|216|0|141|1|137|
13|369|216|0|143|1|141|
13|368|216|0|142|1|137|
13|368|324|0|142|1|137|
13|368|216|0|143|1|137|
13|367|216|0|142|1|137|
13|381|216|0|146|1|137|
13|381|216|0|146|1|137|
13|382|216|0|147|1|141|
13|380|216|0|146|1|137|
13|385|216|0|148|1|141|
13|348|216|0|135|1|137|
13|382|324|0|147|1|137|
13|384|324|0|147|1|141|
13|374|216|0|145|1|141|
13|351|216|0|137|1|137|
13|376|216|0|145|1|137|
13|385|324|0|148|1|137|
13|777|540|0|193|1|141|
13|387|324|0|149|1|137|
13|382|216|0|147|1|137|
13|353|324|0|137|1|137|
13|389|216|0|149|1|137|
13|379|216|0|146|1|137|
13|378|324|0|146|1|141|
13|376|216|0|145|1|137|
13|382|216|0|147|1|137|
13|385|216|0|148|1|141|
13|355|216|0|138|1|137|
13|379|216|0|146|1|139|
13|377|324|0|145|1|141|
13|378|324|0|145|1|137|
13|365|216|0|141|1|137|
13|376|432|0|145|1|141|
13|375|216|0|145|1|137|
13|376|216|0|145|1|137|
13|375|216|0|144|1|137|
13|374|216|0|144|1|137|
13|342|324|0|134|1|137|
13|372|216|0|144|1|137|
13|419|324|0|159|1|137|
13|377|216|0|145|1|137|
13|376|216|0|145|1|137|
13|2214|1404|0|189|1|137|
13|331|216|0|130|1|133|
13|377|432|0|145|1|137|
13|1587|1188|0|189|1|137|
13|379|324|0|146|1|141|
13|379|324|0|146|1|141|
13|377|216|0|145|1|137|
13|386|216|0|148|1|137|
13|352|216|0|137|1|137|
13|388|216|0|149|1|137|
13|389|216|0|149|1|137|
13|384|216|0|148|1|141|
13|379|216|0|146|1|137|
13|1381|756|0|189|1|137|
13|368|324|0|142|1|141|
13|369|216|0|143|1|141|
13|368|216|0|142|1|137|
13|370|216|0|143|1|139|
13|1363|864|0|189|1|137|
13|367|216|0|142|1|137|
13|383|216|0|147|1|137|
13|375|216|0|144|1|137|
13|371|216|0|143|1|137|
13|375|216|0|145|1|137|
13|369|324|0|142|1|137|
13|370|216|0|143|1|137|
13|368|216|0|142|1|141|
13|369|216|0|143|1|141|
13|339|216|0|133|1|141|
13|491|432|0|183|1|137|
13|378|216|0|146|1|137|
13|343|216|0|134|1|141|
13|1420|864|0|189|1|137|
13|387|324|0|149|1|137|
13|389|216|0|149|1|139|
13|392|216|0|151|1|137|
13|381|216|0|146|1|137|
13|388|216|0|149|1|137|
13|385|216|0|148|1|137|
13|377|216|0|145|1|137|
13|366|216|0|141|1|137|
13|376|216|0|145|1|137|
13|369|216|0|143|1|139|
13|375|216|0|144|1|137|
13|368|324|0|143|1|137|
13|367|324|0|142|1|141|
13|382|216|0|147|1|141|
13|382|216|0|147|1|137|
13|380|324|0|146|1|137|
13|382|216|0|147|1|137|
13|383|216|0|147|1|141|
13|384|216|0|147|1|137|
13|384|216|0|147|1|137|
13|372|324|0|143|1|137|
13|380|324|0|146|1|137|
13|781|432|0|189|1|137|
13|369|216|0|142|1|137|
13|377|432|0|145|1|141|
13|377|216|0|145|1|137|
13|349|108|0|136|1|141|
13|366|216|0|141|1|137|
13|374|216|0|145|1|137|
13|368|324|0|142|1|137|
13|355|324|0|138|1|137|
13|351|324|0|137|1|137|
13|383|216|0|147|1|137|
13|380|216|0|146|1|137|
13|377|216|0|146|1|141|
13|382|324|0|147|1|137|
13|388|216|0|149|1|141|
13|381|324|0|147|1|141|
13|390|216|0|150|1|137|
13|389|324|0|149|1|137|
13|371|216|0|143|1|137|
13|384|216|0|148|1|137|
13|377|216|0|145|1|137|
13|372|216|0|143|1|137|
13|370|216|0|143|1|137|
13|377|216|0|145|1|141|
13|371|216|0|143|1|141|
13|382|216|0|147|1|137|
13|380|324|0|146|1|137|
13|368|216|0|142|1|137|
13|377|216|0|145|1|137|
13|372|216|0|144|1|137|
13|378|324|0|146|1|139|
13|381|216|0|146|1|137|
13|363|216|0|140|1|137|
13|378|216|0|145|1|137|
13|390|324|0|149|1|141|
13|374|324|0|144|1|137|
13|1524|1080|0|1798|1|32|
13|427|216|0|206|1|73|
13|379|216|0|146|1|137|
13|366|216|0|142|1|137|
13|390|324|0|150|1|141|
13|387|216|0|149|1|137|
13|357|216|0|139|1|141|
13|373|216|0|144|1|141|
13|597|324|0|189|1|137|
13|384|216|0|148|1|137|
13|370|216|0|143|1|137|
13|388|216|0|149|1|137|
13|365|324|0|142|1|137|
13|376|216|0|145|1|137|
13|372|216|0|144|1|141|
13|374|216|0|144|1|137|
13|373|216|0|144|1|141|
13|367|216|0|142|1|141|
13|381|216|0|147|1|141|
13|371|216|0|144|1|141|
13|374|216|0|145|1|141|
13|381|216|0|147|1|141|
13|370|216|0|143|1|137|
13|373|324|0|144|1|141|
13|372|216|0|144|1|137|
13|384|216|0|148|1|137|
13|372|216|0|144|1|141|
13|358|108|0|139|1|137|
13|385|216|0|148|1|137|
13|387|216|0|149|1|137|
13|387|216|0|149|1|137|
13|368|108|0|142|1|137|
13|387|216|0|148|1|137|
13|347|216|0|135|1|137|
13|383|216|0|147|1|137|
13|812|648|0|189|1|137|
13|382|324|0|147|1|137|
13|384|324|0|148|1|137|
13|384|216|0|147|1|141|
13|385|324|0|148|1|141|
13|367|216|0|142|1|137|
13|381|324|0|146|1|137|
13|377|324|0|145|1|137|
13|353|216|0|137|1|141|
13|377|216|0|145|1|137|
13|367|216|0|142|1|137|
13|386|324|0|148|1|137|
13|722|432|0|189|1|137|
13|380|216|0|146|1|137|
13|407|216|0|155|1|137|
13|374|216|0|144|1|137|
13|368|324|0|142|1|141|
13|342|216|0|133|1|137|
13|349|216|0|136|1|137|
13|367|216|0|142|1|137|
13|373|216|0|144|1|137|
13|366|216|0|141|1|137|
13|358|216|0|139|1|141|
13|345|216|0|134|1|137|
13|366|216|0|141|1|137|
13|373|216|0|144|1|137|
13|376|216|0|145|1|137|
13|385|216|0|148|1|137|
13|380|216|0|146|1|137|
13|384|324|0|148|1|141|
13|381|216|0|146|1|137|
13|380|216|0|147|1|141|
13|384|216|0|147|1|137|
13|372|108|0|143|1|137|
13|380|216|0|146|1|141|
13|359|216|0|139|1|141|
13|375|216|0|144|1|137|
13|381|216|0|146|1|137|
13|376|324|0|145|1|137|
13|374|216|0|144|1|137|
13|377|216|0|145|1|141|
13|373|216|0|144|1|137|
13|384|216|0|148|1|137|
13|375|432|0|144|1|137|
13|1707|1296|0|193|1|141|
13|365|216|0|141|1|137|
13|375|216|0|144|1|141|
13|362|324|0|140|1|137|
13|364|324|0|141|1|137|
13|370|216|0|143|1|137|
13|360|216|0|140|1|137|
13|349|216|0|136|1|137|
13|347|216|0|135|1|137|
13|381|216|0|146|1|141|
13|352|108|0|137|1|137|
13|386|324|0|148|1|137|
13|389|324|0|149|1|137|
13|392|216|0|150|1|137|
13|380|216|0|146|1|137|
13|393|324|0|150|1|137|
13|387|216|0|149|1|137|
13|381|216|0|146|1|137|
13|377|324|0|146|1|137|
13|379|324|0|146|1|137|
13|378|216|0|145|1|137|
13|370|216|0|143|1|135|
13|369|324|0|142|1|141|
13|370|216|0|143|1|137|
13|375|216|0|144|1|141|
13|372|324|0|143|1|141|
13|359|216|0|140|1|137|
13|358|216|0|139|1|141|
13|371|324|0|143|1|137|
13|360|216|0|139|1|137|
13|343|324|0|134|1|141|
13|341|216|0|133|1|137|
13|364|216|0|141|1|137|
13|371|216|0|143|1|137|
13|375|324|0|144|1|141|
13|372|216|0|143|1|137|
13|367|324|0|142|1|137|
13|338|216|0|132|1|137|
13|357|108|0|138|1|135|
13|338|216|0|133|1|137|
13|348|324|0|136|1|137|
13|371|216|0|143|1|137|
13|366|216|0|142|1|137|
13|385|324|0|148|1|137|
13|390|324|0|150|1|137|
13|353|216|0|137|1|135|
13|385|216|0|148|1|137|
13|385|216|0|148|1|141|
13|385|324|0|148|1|137|
13|377|216|0|145|1|137|
13|381|324|0|146|1|141|
13|358|216|0|139|1|137|
13|370|216|0|143|1|137|
13|357|216|0|139|1|137|
13|372|216|0|143|1|137|
13|368|216|0|142|1|141|
13|363|324|0|140|1|137|
13|366|216|0|141|1|141|
13|363|324|0|140|1|137|
13|361|216|0|140|1|137|
13|374|324|0|144|1|139|
13|371|216|0|143|1|137|
13|375|216|0|144|1|141|
13|365|216|0|141|1|139|
13|378|324|0|146|1|141|
13|351|216|0|137|1|139|
13|360|216|0|139|1|137|
13|371|216|0|143|1|137|
13|380|216|0|147|1|137|
