INSTRUCTIONS_RETIRED|CYCLES|UNKNOWN|LD_BLOCKS.STORE_FORWARD|UOPS_EXECUTED.CORE|BR_MISP_RETIRED.ALL_BRANCHES|UOPS_ISSUED.SLOW_LEA|
13|353|324|0|138|1|137|
13|359|216|0|139|1|137|
13|381|216|0|147|1|137|
13|387|216|0|148|1|137|
13|424|324|0|1089|1|0|
13|413|216|0|436|1|58|
13|389|216|0|149|1|137|
13|386|216|0|148|1|137|
13|386|216|0|149|1|137|
13|388|216|0|149|1|141|
13|368|324|0|143|1|137|
13|387|216|0|149|1|137|
13|360|216|0|139|1|141|
13|360|216|0|140|1|137|
13|385|324|0|148|1|137|
13|370|216|0|203|1|49|
13|383|324|0|148|1|137|
13|373|216|0|144|1|137|
13|386|216|0|149|1|141|
13|386|216|0|222|1|40|
13|362|324|0|140|1|135|
13|357|216|0|139|1|137|
13|384|216|0|148|1|137|
13|373|216|0|144|1|141|
13|382|216|0|148|1|141|
13|383|324|0|147|1|141|
13|382|216|0|147|1|137|
13|387|324|0|149|1|137|
13|378|324|0|146|1|137|
13|383|216|0|147|1|137|
13|391|324|0|150|1|137|
13|386|216|0|148|1|137|
13|385|216|0|148|1|141|
13|384|216|0|148|1|137|
13|1435|1080|0|193|1|141|
13|355|216|0|139|1|137|
13|371|216|0|145|1|141|
13|380|324|0|147|1|137|
13|376|216|0|160|1|85|
13|359|216|0|174|1|85|
13|386|216|0|148|1|137|
13|385|216|0|148|1|137|
13|360|216|0|140|1|137|
13|382|216|0|147|1|141|
13|511|324|0|189|1|137|
13|358|108|0|140|1|137|
13|345|216|0|135|1|137|
13|356|216|0|139|1|141|
13|373|216|0|144|1|137|
13|360|216|0|140|1|137|
13|383|324|0|147|1|137|
13|344|216|0|135|1|137|
13|345|216|0|135|1|137|
13|380|324|0|147|1|141|
13|383|324|0|148|1|141|
13|369|216|0|144|1|141|
13|375|216|0|145|1|137|
13|384|324|0|148|1|137|
13|379|216|0|146|1|137|
13|383|216|0|148|1|137|
13|374|324|0|145|1|141|
13|382|216|0|147|1|137|
13|377|216|0|145|1|137|
13|380|216|0|147|1|141|
13|374|324|0|145|1|137|
13|382|216|0|147|1|141|
13|380|216|0|146|1|135|
13|383|216|0|148|1|137|
13|379|216|0|146|1|137|
13|383|216|0|148|1|137|
13|373|216|0|144|1|137|
13|360|216|0|140|1|137|
13|384|216|0|148|1|137|
13|374|216|0|145|1|141|
13|354|324|0|138|1|137|
13|345|216|0|135|1|137|
13|358|216|0|140|1|137|
13|367|216|0|279|1|61|
13|375|216|0|144|1|135|
13|369|216|0|143|1|137|
13|1229|864|0|189|1|137|
13|1357|972|0|189|1|137|
13|392|216|0|150|1|141|
13|384|216|0|148|1|137|
13|389|216|0|150|1|141|
13|374|216|0|145|1|137|
13|390|216|0|149|1|137|
13|346|216|0|135|1|141|
13|386|216|0|148|1|141|
13|365|108|0|141|1|141|
13|374|216|0|145|1|137|
13|1715|1080|0|189|1|137|
13|371|216|0|143|1|137|
13|382|216|0|147|1|141|
13|381|216|0|147|1|137|
13|385|216|0|148|1|137|
13|374|216|0|144|1|137|
13|386|216|0|149|1|141|
13|371|324|0|144|1|137|
13|359|216|0|140|1|137|
13|373|324|0|144|1|137|
13|373|216|0|144|1|137|
13|370|216|0|143|1|137|
13|358|216|0|139|1|137|
13|353|108|0|138|1|137|
13|387|216|0|149|1|137|
13|1211|756|0|193|1|141|
13|999|756|0|189|1|137|
13|379|216|0|146|1|137|
13|367|216|0|143|1|137|
13|378|324|0|146|1|137|
13|375|216|0|145|1|137|
13|384|324|0|148|1|141|
13|376|324|0|145|1|137|
13|1173|756|0|189|1|137|
13|372|216|0|144|1|137|
13|388|216|0|149|1|137|
13|379|324|0|146|1|137|
13|372|216|0|144|1|137|
13|369|324|0|143|1|137|
13|379|324|0|146|1|137|
13|371|216|0|143|1|141|
13|386|324|0|148|1|137|
13|440|324|0|167|1|141|
13|378|216|0|146|1|137|
13|383|216|0|148|1|141|
13|382|216|0|147|1|141|
13|373|216|0|144|1|141|
13|376|216|0|146|1|137|
13|413|216|0|158|1|137|
13|359|216|0|140|1|141|
13|387|216|0|149|1|141|
13|402|216|0|259|1|61|
13|344|216|0|134|1|137|
13|404|324|0|729|1|0|
13|348|216|0|136|1|137|
13|386|216|0|148|1|137|
13|711|540|0|189|1|137|
13|369|216|0|143|1|137|
13|386|216|0|149|1|141|
13|350|216|0|136|1|141|
13|365|216|0|142|1|137|
13|374|216|0|144|1|141|
13|367|216|0|142|1|137|
13|383|216|0|147|1|137|
13|1150|648|0|189|1|137|
13|399|324|0|340|1|36|
13|391|324|0|364|1|29|
13|402|324|0|766|1|2|
13|401|324|0|805|1|9|
13|437|216|0|383|1|61|
13|409|216|0|796|1|12|
13|395|324|0|687|1|15|
13|411|324|0|814|1|18|
13|383|216|0|662|1|2|
13|385|324|0|148|1|137|
13|589|324|0|189|1|137|
13|377|216|0|145|1|137|
13|370|324|0|143|1|137|
13|354|324|0|139|1|141|
13|375|216|0|145|1|137|
13|374|216|0|145|1|141|
13|373|216|0|144|1|137|
13|362|216|0|140|1|137|
13|353|216|0|137|1|137|
13|365|324|0|136|1|135|
13|355|216|0|138|1|137|
13|377|216|0|146|1|137|
13|378|216|0|146|1|137|
13|381|216|0|147|1|141|
13|375|216|0|145|1|137|
13|382|324|0|147|1|141|
13|379|216|0|146|1|137|
13|390|216|0|150|1|137|
13|380|324|0|147|1|137|
13|389|216|0|149|1|141|
13|392|216|0|151|1|137|
13|387|216|0|149|1|141|
13|405|216|0|155|1|141|
13|379|216|0|146|1|141|
13|376|216|0|145|1|137|
13|391|216|0|150|1|137|
13|393|216|0|151|1|141|
13|1475|864|0|189|1|137|
13|390|216|0|150|1|137|
13|366|216|0|142|1|137|
13|389|324|0|150|1|137|
13|386|216|0|148|1|141|
13|390|216|0|150|1|137|
13|388|216|0|149|1|137|
13|385|216|0|148|1|137|
13|379|216|0|146|1|137|
13|377|216|0|145|1|141|
13|351|216|0|137|1|137|
13|379|324|0|146|1|137|
13|362|216|0|140|1|141|
13|417|324|0|335|1|64|
13|415|324|0|756|1|12|
13|425|216|0|541|1|6|
13|359|108|0|139|1|137|
13|348|216|0|136|1|137|
13|381|216|0|148|1|137|
13|383|216|0|147|1|137|
13|396|216|0|152|1|137|
13|382|216|0|147|1|137|
13|407|324|0|156|1|137|
13|392|216|0|151|1|137|
13|363|324|0|140|1|137|
13|377|324|0|145|1|137|
13|382|216|0|148|1|137|
13|380|216|0|147|1|137|
13|347|216|0|136|1|137|
13|356|108|0|138|1|141|
13|347|216|0|136|1|137|
13|384|216|0|148|1|137|
13|1579|972|0|189|1|137|
13|377|216|0|146|1|137|
13|391|324|0|150|1|141|
13|354|216|0|137|1|137|
13|382|216|0|147|1|137|
13|377|216|0|146|1|137|
13|382|216|0|147|1|137|
13|362|216|0|140|1|141|
13|388|216|0|149|1|137|
13|375|324|0|145|1|137|
13|354|216|0|138|1|137|
13|389|216|0|150|1|137|
13|364|108|0|141|1|137|
13|375|216|0|694|1|13|
13|409|324|0|862|1|19|
13|407|216|0|733|1|30|
13|408|216|0|770|1|11|
13|420|216|0|851|1|25|
13|411|216|0|763|1|20|
13|426|324|0|886|1|7|
13|434|216|0|843|1|4|
13|401|324|0|813|1|21|
13|430|216|0|925|1|8|
13|409|216|0|600|1|26|
13|418|216|0|888|1|2|
13|412|216|0|916|1|9|
13|411|216|0|896|1|4|
13|539|432|0|1086|1|8|
13|419|324|0|954|1|10|
13|403|216|0|670|1|52|
13|428|216|0|899|1|12|
13|410|216|0|838|1|3|
13|415|324|0|812|1|8|
13|399|324|0|680|1|46|
13|423|216|0|927|1|13|
13|422|216|0|913|1|2|
13|409|216|0|861|1|10|
13|378|216|0|698|1|4|
13|413|216|0|918|1|24|
13|426|324|0|901|1|17|
13|1076|648|0|1999|1|26|
13|413|324|0|770|1|47|
13|387|108|0|317|1|59|
13|421|216|0|935|1|17|
13|405|216|0|777|1|32|
13|388|216|0|782|1|39|
13|421|324|0|831|1|26|
13|1347|864|0|2699|1|19|
13|411|324|0|260|1|39|
13|429|216|0|877|1|15|
13|389|216|0|719|1|30|
13|408|216|0|796|1|13|
13|415|324|0|912|1|7|
13|415|324|0|795|1|10|
13|408|324|0|832|1|19|
13|416|216|0|922|1|8|
13|394|216|0|856|1|10|
13|416|324|0|797|1|43|
13|422|324|0|751|1|20|
13|417|216|0|435|1|38|
13|443|324|0|881|1|5|
13|462|216|0|922|1|6|
13|423|216|0|902|1|9|
13|410|324|0|885|1|21|
13|403|324|0|715|1|31|
13|395|216|0|703|1|0|
13|380|216|0|146|1|137|
13|345|108|0|136|1|141|
13|375|216|0|145|1|141|
13|368|216|0|142|1|137|
13|374|216|0|145|1|137|
13|383|216|0|148|1|137|
13|392|216|0|150|1|137|
13|386|216|0|148|1|137|
13|386|216|0|149|1|137|
13|384|324|0|148|1|137|
13|385|216|0|149|1|141|
13|1495|864|0|193|1|141|
13|384|216|0|147|1|137|
13|388|216|0|149|1|137|
13|388|324|0|149|1|137|
13|391|216|0|150|1|137|
13|379|216|0|146|1|137|
13|389|216|0|151|1|141|
13|410|324|0|156|1|137|
13|377|216|0|146|1|141|
13|391|216|0|151|1|141|
13|375|216|0|145|1|137|
13|385|216|0|148|1|141|
13|425|324|0|161|1|137|
13|386|216|0|149|1|137|
13|1041|648|0|189|1|137|
13|352|108|0|138|1|141|
13|356|216|0|139|1|137|
13|385|216|0|148|1|137|
13|354|216|0|138|1|141|
13|364|216|0|141|1|137|
13|384|216|0|147|1|141|
13|1833|1188|0|189|1|137|
13|394|324|0|151|1|141|
13|389|324|0|149|1|137|
13|392|324|0|151|1|141|
13|385|216|0|148|1|137|
13|380|216|0|146|1|141|
13|377|216|0|146|1|137|
13|383|216|0|147|1|137|
13|388|216|0|150|1|137|
13|380|216|0|146|1|141|
13|379|216|0|146|1|141|
13|393|216|0|151|1|137|
13|380|216|0|147|1|137|
13|378|216|0|146|1|141|
13|383|324|0|148|1|137|
13|353|216|0|138|1|137|
13|380|324|0|146|1|137|
13|380|324|0|146|1|137|
13|380|216|0|146|1|137|
13|380|216|0|146|1|137|
13|371|108|0|144|1|141|
13|380|216|0|146|1|137|
13|348|108|0|136|1|137|
13|378|324|0|146|1|137|
13|347|216|0|136|1|137|
13|378|324|0|146|1|141|
13|380|324|0|146|1|137|
13|348|216|0|136|1|137|
13|367|216|0|142|1|137|
13|1225|756|0|189|1|137|
13|1596|1080|0|189|1|137|
13|384|324|0|148|1|141|
13|389|216|0|150|1|137|
13|390|324|0|149|1|141|
13|374|324|0|144|1|137|
13|387|216|0|149|1|137|
13|541|324|0|189|1|137|
13|1668|1080|0|189|1|137|
13|381|216|0|147|1|137|
13|350|324|0|137|1|141|
13|389|216|0|149|1|137|
13|389|216|0|149|1|137|
13|388|324|0|150|1|137|
13|380|324|0|146|1|137|
13|388|216|0|149|1|137|
13|380|324|0|147|1|137|
13|382|216|0|147|1|137|
13|380|324|0|147|1|137|
13|387|324|0|150|1|137|
13|383|324|0|148|1|139|
13|392|216|0|151|1|141|
13|388|216|0|149|1|137|
13|387|216|0|149|1|141|
13|389|216|0|149|1|141|
13|387|216|0|149|1|137|
13|424|216|0|161|1|137|
13|350|324|0|137|1|137|
13|392|216|0|150|1|137|
13|387|216|0|149|1|137|
13|366|324|0|142|1|137|
13|391|324|0|149|1|137|
13|387|216|0|148|1|137|
13|374|216|0|145|1|137|
13|387|216|0|149|1|137|
13|379|324|0|147|1|137|
13|386|216|0|149|1|137|
13|394|216|0|151|1|141|
13|393|324|0|151|1|137|
13|1696|1188|0|189|1|137|
13|399|216|0|148|1|137|
13|389|216|0|149|1|141|
13|379|324|0|147|1|137|
13|378|216|0|146|1|141|
13|389|216|0|149|1|137|
13|373|216|0|145|1|141|
13|381|324|0|147|1|137|
13|373|324|0|145|1|137|
13|380|324|0|146|1|141|
13|375|216|0|146|1|137|
13|387|216|0|149|1|141|
13|386|324|0|149|1|139|
13|377|324|0|145|1|137|
13|386|216|0|148|1|137|
13|391|216|0|151|1|141|
13|374|324|0|145|1|141|
13|391|216|0|150|1|137|
13|442|324|0|167|1|137|
13|361|324|0|140|1|137|
13|388|216|0|149|1|137|
13|383|216|0|147|1|137|
13|370|216|0|144|1|137|
13|384|216|0|148|1|137|
13|379|216|0|146|1|137|
13|375|216|0|145|1|137|
13|390|216|0|149|1|137|
13|380|216|0|146|1|137|
13|383|216|0|148|1|141|
13|384|216|0|147|1|137|
13|393|216|0|152|1|141|
13|382|216|0|147|1|137|
13|390|216|0|151|1|141|
13|382|216|0|147|1|137|
13|389|324|0|149|1|137|
13|384|216|0|148|1|137|
13|360|216|0|140|1|137|
13|389|324|0|149|1|139|
13|377|324|0|145|1|137|
13|378|216|0|146|1|137|
13|377|216|0|145|1|137|
13|353|216|0|138|1|137|
13|377|324|0|145|1|141|
13|379|216|0|147|1|137|
13|372|216|0|145|1|137|
13|378|216|0|146|1|137|
13|375|216|0|145|1|137|
13|506|216|0|189|1|137|
13|388|324|0|149|1|137|
13|353|108|0|138|1|137|
13|377|216|0|146|1|137|
13|376|324|0|145|1|137|
13|377|216|0|146|1|137|
13|382|216|0|147|1|137|
13|385|216|0|148|1|137|
13|712|432|0|189|1|137|
13|380|216|0|147|1|137|
13|377|324|0|146|1|141|
13|390|216|0|150|1|137|
13|354|216|0|138|1|141|
13|394|324|0|151|1|137|
13|376|216|0|146|1|137|
13|384|216|0|148|1|137|
13|388|216|0|149|1|137|
13|383|216|0|147|1|137|
13|384|216|0|148|1|137|
13|373|216|0|144|1|141|
13|387|216|0|149|1|137|
13|383|216|0|148|1|137|
13|392|324|0|151|1|141|
13|381|324|0|148|1|137|
13|476|324|0|178|1|137|
13|1166|756|0|189|1|137|
13|384|216|0|148|1|137|
13|386|216|0|149|1|137|
13|381|216|0|146|1|137|
13|383|216|0|147|1|137|
13|380|108|0|146|1|137|
13|384|216|0|148|1|137|
13|383|216|0|147|1|141|
13|391|216|0|151|1|137|
13|376|324|0|145|1|137|
13|391|216|0|150|1|137|
13|572|324|0|193|1|141|
13|390|216|0|150|1|141|
13|378|216|0|146|1|141|
13|380|216|0|146|1|137|
13|382|216|0|148|1|137|
13|378|216|0|146|1|137|
13|381|216|0|147|1|137|
13|380|216|0|146|1|139|
13|377|324|0|146|1|137|
13|393|216|0|151|1|141|
13|380|216|0|147|1|137|
13|388|216|0|150|1|137|
13|383|216|0|147|1|137|
13|383|324|0|147|1|137|
13|380|216|0|147|1|141|
13|387|324|0|149|1|137|
13|381|108|0|147|1|137|
13|382|216|0|147|1|137|
13|355|108|0|138|1|137|
13|527|324|0|193|1|141|
13|381|324|0|147|1|137|
13|361|216|0|140|1|137|
13|432|324|0|164|1|137|
13|390|216|0|150|1|137|
13|371|108|0|145|1|137|
13|389|324|0|150|1|137|
13|381|216|0|147|1|137|
13|350|216|0|136|1|137|
13|372|108|0|144|1|141|
13|380|216|0|148|1|137|
13|388|216|0|150|1|137|
13|383|324|0|148|1|137|
13|387|324|0|149|1|141|
13|396|324|0|152|1|137|
13|384|324|0|149|1|137|
13|1760|1080|0|189|1|137|
13|387|216|0|149|1|141|
13|381|324|0|148|1|137|
13|382|324|0|147|1|137|
13|393|216|0|151|1|137|
13|363|216|0|141|1|137|
13|391|216|0|150|1|137|
13|383|324|0|148|1|141|
13|373|108|0|145|1|141|
13|380|216|0|146|1|137|
13|375|324|0|145|1|137|
13|388|216|0|149|1|141|
13|379|108|0|146|1|137|
13|379|216|0|146|1|137|
13|390|216|0|150|1|141|
13|351|324|0|137|1|137|
13|940|648|0|189|1|137|
13|415|324|0|750|1|0|
13|384|216|0|148|1|141|
13|350|216|0|137|1|137|
13|383|324|0|147|1|137|
13|381|216|0|147|1|137|
13|386|324|0|149|1|141|
13|377|216|0|145|1|137|
13|384|216|0|148|1|137|
13|384|324|0|148|1|137|
13|1362|864|0|193|1|141|
13|385|216|0|148|1|137|
13|380|216|0|147|1|141|
13|385|216|0|148|1|137|
13|383|216|0|148|1|137|
13|392|216|0|151|1|141|
13|389|216|0|150|1|137|
13|393|324|0|151|1|141|
13|375|324|0|145|1|137|
13|374|216|0|145|1|137|
13|386|216|0|148|1|137|
13|392|216|0|151|1|137|
13|386|216|0|148|1|137|
13|379|216|0|146|1|137|
13|379|216|0|146|1|141|
13|382|216|0|147|1|137|
13|386|324|0|150|1|137|
13|358|324|0|139|1|141|
13|359|324|0|139|1|137|
13|388|216|0|149|1|137|
13|378|216|0|146|1|141|
13|388|216|0|150|1|141|
13|390|324|0|149|1|137|
13|360|108|0|140|1|137|
13|392|216|0|151|1|137|
13|389|216|0|149|1|141|
13|385|324|0|148|1|137|
13|378|216|0|146|1|137|
13|841|432|0|189|1|137|
13|363|216|0|141|1|137|
13|386|216|0|148|1|137|
13|379|324|0|146|1|137|
13|377|324|0|145|1|137|
13|382|216|0|147|1|137|
13|353|216|0|137|1|137|
13|382|216|0|147|1|141|
13|381|216|0|147|1|137|
13|388|216|0|149|1|137|
13|373|216|0|144|1|137|
13|383|216|0|148|1|137|
13|413|216|0|157|1|137|
13|376|324|0|146|1|137|
13|380|324|0|147|1|137|
13|348|108|0|136|1|137|
13|376|216|0|145|1|137|
13|390|324|0|150|1|137|
13|347|216|0|136|1|139|
13|379|216|0|146|1|137|
13|430|324|0|163|1|141|
13|372|324|0|144|1|141|
13|352|216|0|137|1|137|
13|372|216|0|144|1|137|
13|416|216|0|754|1|0|
13|382|216|0|147|1|137|
13|394|216|0|151|1|137|
13|381|324|0|147|1|137|
13|378|108|0|146|1|137|
13|378|324|0|147|1|137|
13|379|216|0|146|1|141|
13|377|216|0|146|1|137|
13|382|216|0|147|1|137|
13|381|216|0|147|1|137|
13|383|324|0|147|1|137|
13|386|216|0|148|1|137|
13|384|324|0|148|1|141|
13|391|216|0|150|1|137|
13|384|216|0|148|1|141|
13|378|216|0|147|1|137|
13|380|324|0|147|1|141|
13|376|324|0|145|1|137|
13|376|216|0|145|1|141|
13|364|216|0|142|1|137|
13|847|648|0|189|1|137|
13|375|108|0|145|1|137|
13|547|324|0|189|1|137|
13|360|216|0|140|1|141|
13|352|216|0|137|1|141|
13|377|108|0|145|1|137|
13|387|216|0|149|1|137|
13|373|324|0|144|1|137|
13|370|324|0|143|1|137|
13|1758|1080|0|189|1|137|
13|359|216|0|140|1|139|
13|376|216|0|145|1|137|
13|391|216|0|150|1|137|
13|380|216|0|146|1|137|
13|388|324|0|149|1|139|
13|372|216|0|145|1|137|
13|389|324|0|150|1|137|
13|365|324|0|141|1|137|
13|389|216|0|150|1|141|
13|376|216|0|145|1|137|
13|381|216|0|147|1|137|
13|1708|1080|0|191|1|139|
13|362|216|0|140|1|137|
13|347|324|0|136|1|141|
13|382|216|0|147|1|137|
13|380|324|0|146|1|137|
13|385|216|0|148|1|137|
13|373|216|0|145|1|141|
13|386|216|0|148|1|137|
13|382|324|0|147|1|137|
13|380|216|0|147|1|137|
13|382|216|0|147|1|137|
13|392|216|0|151|1|137|
13|1251|756|0|189|1|137|
13|565|324|0|189|1|137|
13|424|216|0|161|1|137|
13|382|216|0|148|1|141|
13|383|324|0|147|1|137|
13|366|216|0|142|1|137|
13|384|216|0|148|1|137|
13|360|216|0|140|1|137|
13|395|324|0|152|1|137|
13|365|324|0|141|1|137|
13|394|216|0|151|1|137|
13|380|216|0|147|1|139|
13|381|216|0|147|1|137|
13|355|324|0|139|1|137|
13|394|324|0|151|1|137|
13|351|216|0|137|1|137|
13|383|216|0|148|1|137|
13|377|324|0|146|1|141|
13|374|216|0|145|1|141|
13|377|216|0|145|1|137|
13|384|216|0|149|1|137|
13|374|324|0|144|1|137|
13|1072|648|0|193|1|141|
13|377|324|0|145|1|141|
13|384|216|0|148|1|137|
13|374|324|0|145|1|137|
13|377|216|0|145|1|137|
13|375|216|0|145|1|137|
13|378|216|0|146|1|141|
13|377|324|0|145|1|141|
13|373|216|0|145|1|137|
13|378|216|0|146|1|137|
13|373|216|0|144|1|141|
13|361|216|0|140|1|137|
13|356|324|0|138|1|137|
13|385|216|0|148|1|137|
13|384|216|0|148|1|137|
13|372|216|0|144|1|137|
13|387|216|0|149|1|137|
13|375|324|0|145|1|137|
13|386|216|0|149|1|137|
13|373|324|0|144|1|141|
13|387|216|0|149|1|137|
13|387|216|0|149|1|137|
13|377|216|0|145|1|137|
13|374|324|0|144|1|137|
13|379|324|0|146|1|141|
13|365|108|0|141|1|137|
13|346|216|0|135|1|137|
13|371|216|0|144|1|137|
13|373|216|0|144|1|137|
13|369|216|0|144|1|137|
13|373|216|0|144|1|137|
13|355|216|0|138|1|137|
13|368|324|0|143|1|141|
13|371|324|0|144|1|137|
13|379|324|0|147|1|137|
13|378|216|0|146|1|141|
13|384|216|0|148|1|137|
13|387|216|0|149|1|137|
13|383|216|0|148|1|137|
13|387|216|0|149|1|137|
13|385|216|0|149|1|137|
13|382|216|0|148|1|137|
13|378|216|0|145|1|141|
13|350|108|0|136|1|141|
13|374|324|0|144|1|137|
13|378|216|0|685|1|0|
13|374|324|0|145|1|137|
13|372|216|0|144|1|137|
13|375|216|0|146|1|141|
13|1395|864|0|189|1|137|
13|384|216|0|148|1|137|
13|382|216|0|147|1|137|
13|370|216|0|143|1|137|
13|378|324|0|146|1|137|
13|375|216|0|145|1|137|
13|368|216|0|143|1|141|
13|384|324|0|148|1|137|
13|371|108|0|143|1|137|
13|374|216|0|144|1|137|
13|373|216|0|145|1|137|
13|372|216|0|144|1|137|
13|504|324|0|188|1|137|
13|372|216|0|144|1|137|
13|368|216|0|143|1|137|
13|373|324|0|144|1|137|
13|371|216|0|144|1|137|
13|1146|864|0|189|1|137|
13|387|216|0|148|1|137|
13|375|216|0|145|1|141|
13|1392|864|0|189|1|137|
13|385|216|0|148|1|137|
13|349|108|0|136|1|137|
13|388|216|0|150|1|137|
13|1532|972|0|189|1|137|
13|362|216|0|141|1|137|
13|351|324|0|137|1|137|
13|360|324|0|140|1|137|
13|377|216|0|145|1|137|
13|1339|756|0|193|1|141|
13|376|216|0|146|1|137|
13|350|108|0|137|1|137|
13|348|216|0|137|1|141|
13|380|216|0|146|1|141|
13|381|216|0|147|1|141|
13|378|216|0|146|1|137|
13|370|324|0|143|1|137|
13|380|216|0|146|1|137|
13|378|216|0|146|1|141|
13|389|324|0|149|1|137|
13|383|216|0|149|1|141|
13|388|216|0|149|1|141|
13|383|324|0|147|1|139|
13|375|216|0|145|1|137|
13|373|216|0|145|1|141|
13|1445|1080|0|193|1|141|
13|372|324|0|144|1|141|
13|380|216|0|147|1|137|
13|389|216|0|149|1|137|
13|363|216|0|141|1|137|
13|375|216|0|145|1|137|
13|384|216|0|148|1|137|
13|347|324|0|136|1|141|
13|385|216|0|148|1|141|
13|1200|756|0|289|1|67|
13|381|216|0|146|1|137|
13|416|216|0|437|1|51|
13|382|216|0|147|1|137|
13|1061|756|0|193|1|141|
13|381|216|0|147|1|137|
13|348|216|0|136|1|141|
13|356|216|0|139|1|137|
13|357|324|0|139|1|141|
13|388|324|0|150|1|137|
13|370|216|0|144|1|141|
13|371|216|0|144|1|137|
13|384|216|0|148|1|137|
13|376|216|0|145|1|137|
13|380|216|0|147|1|141|
13|381|216|0|147|1|141|
13|383|216|0|147|1|137|
13|379|324|0|147|1|137|
13|373|216|0|145|1|137|
13|370|324|0|143|1|137|
13|379|216|0|146|1|141|
13|370|324|0|144|1|137|
13|464|432|0|174|1|137|
13|382|324|0|147|1|137|
13|370|216|0|143|1|137|
13|371|216|0|143|1|137|
13|356|216|0|138|1|141|
13|372|324|0|145|1|141|
13|381|324|0|147|1|137|
13|396|216|0|152|1|137|
13|379|216|0|147|1|137|
13|383|216|0|148|1|137|
13|388|216|0|149|1|141|
13|383|216|0|148|1|139|
13|378|216|0|146|1|141|
13|383|216|0|147|1|137|
13|385|324|0|148|1|141|
13|380|216|0|147|1|141|
13|376|216|0|145|1|141|
13|380|324|0|147|1|137|
13|385|216|0|148|1|141|
13|384|324|0|148|1|137|
13|389|216|0|150|1|141|
13|381|216|0|147|1|137|
13|385|324|0|149|1|137|
13|371|324|0|143|1|141|
13|1593|1080|0|189|1|137|
13|375|216|0|145|1|137|
13|380|216|0|146|1|137|
13|371|324|0|144|1|137|
13|375|216|0|145|1|137|
13|423|216|0|336|1|55|
13|377|216|0|145|1|137|
13|385|324|0|148|1|137|
13|377|216|0|145|1|141|
13|370|216|0|143|1|137|
13|381|216|0|146|1|141|
13|354|216|0|138|1|137|
13|384|216|0|148|1|141|
13|353|324|0|138|1|137|
13|375|216|0|145|1|137|
13|382|216|0|147|1|141|
13|385|216|0|148|1|137|
13|377|216|0|145|1|137|
13|383|216|0|147|1|137|
13|383|216|0|148|1|141|
13|387|324|0|149|1|141|
13|374|216|0|145|1|137|
13|388|216|0|149|1|137|
13|386|216|0|149|1|137|
13|373|216|0|145|1|137|
13|387|216|0|150|1|137|
13|376|216|0|145|1|141|
13|374|216|0|145|1|141|
13|390|324|0|151|1|137|
13|375|324|0|145|1|137|
13|374|324|0|144|1|137|
13|379|216|0|146|1|137|
13|353|216|0|137|1|137|
13|388|324|0|148|1|141|
13|378|216|0|146|1|137|
13|1098|756|0|189|1|137|
13|385|324|0|148|1|137|
13|387|324|0|149|1|137|
13|384|216|0|148|1|137|
13|368|324|0|142|1|137|
13|1313|756|0|189|1|137|
13|375|324|0|145|1|137|
13|385|216|0|148|1|141|
13|378|216|0|146|1|137|
13|374|216|0|146|1|137|
13|366|216|0|142|1|137|
13|352|216|0|138|1|137|
13|375|324|0|146|1|137|
13|351|324|0|136|1|137|
13|378|216|0|146|1|137|
13|377|216|0|145|1|137|
13|390|216|0|150|1|137|
13|376|216|0|145|1|137|
13|376|216|0|146|1|141|
13|385|324|0|148|1|141|
13|382|324|0|147|1|141|
13|378|216|0|146|1|137|
13|377|216|0|146|1|141|
13|372|216|0|144|1|137|
13|382|216|0|147|1|141|
13|370|216|0|143|1|141|
13|373|216|0|144|1|141|
13|378|216|0|146|1|137|
13|376|216|0|145|1|137|
13|375|324|0|145|1|135|
13|1223|864|0|193|1|141|
13|378|216|0|146|1|137|
13|379|324|0|146|1|137|
13|379|324|0|146|1|137|
13|370|324|0|144|1|141|
13|385|324|0|148|1|141|
13|374|324|0|144|1|137|
13|1083|756|0|193|1|141|
13|374|216|0|144|1|137|
13|352|216|0|137|1|141|
13|402|216|0|713|1|0|
13|365|216|0|294|1|47|
13|379|324|0|146|1|141|
13|379|216|0|146|1|137|
13|354|324|0|138|1|137|
13|458|324|0|173|1|141|
13|378|216|0|145|1|137|
13|374|324|0|144|1|137|
13|371|216|0|143|1|137|
13|388|324|0|149|1|137|
13|374|216|0|144|1|141|
13|373|216|0|145|1|137|
13|374|216|0|144|1|141|
13|376|324|0|145|1|137|
13|373|216|0|145|1|141|
13|386|216|0|149|1|137|
13|377|216|0|146|1|137|
13|378|324|0|146|1|137|
13|386|324|0|148|1|137|
13|377|216|0|146|1|141|
13|380|216|0|146|1|137|
13|373|216|0|144|1|137|
13|376|324|0|145|1|137|
13|388|216|0|149|1|137|
13|362|216|0|141|1|137|
13|392|216|0|150|1|137|
13|490|324|0|184|1|137|
13|386|324|0|148|1|137|
13|389|216|0|150|1|137|
13|387|216|0|149|1|137|
13|388|216|0|149|1|137|
13|370|216|0|144|1|141|
13|394|324|0|151|1|141|
13|386|216|0|148|1|137|
13|348|216|0|136|1|137|
13|388|324|0|150|1|137|
13|376|216|0|145|1|137|
13|390|216|0|149|1|137|
13|386|324|0|149|1|137|
13|388|324|0|149|1|137|
13|368|216|0|143|1|137|
13|391|324|0|150|1|141|
13|389|216|0|149|1|137|
13|379|216|0|146|1|137|
13|355|216|0|138|1|137|
13|388|324|0|150|1|137|
13|383|216|0|147|1|137|
13|372|216|0|145|1|137|
13|390|324|0|150|1|137|
13|377|216|0|146|1|137|
13|382|216|0|147|1|137|
13|377|216|0|145|1|137|
13|380|216|0|147|1|137|
13|351|324|0|137|1|137|
13|358|324|0|139|1|137|
13|886|648|0|189|1|137|
13|950|540|0|421|1|62|
13|375|216|0|536|1|24|
13|362|216|0|141|1|137|
13|380|216|0|147|1|137|
13|387|324|0|149|1|137|
13|379|216|0|146|1|141|
13|394|216|0|151|1|141|
13|374|216|0|145|1|137|
13|396|216|0|152|1|137|
13|377|216|0|145|1|141|
13|373|216|0|144|1|137|
13|373|216|0|144|1|137|
13|375|216|0|144|1|141|
13|391|216|0|150|1|137|
13|788|540|0|189|1|137|
13|392|216|0|151|1|137|
13|377|108|0|145|1|137|
13|373|216|0|144|1|137|
13|376|216|0|145|1|137|
13|1609|972|0|189|1|137|
13|375|216|0|145|1|137|
13|379|216|0|146|1|137|
13|392|216|0|150|1|137|
13|1563|972|0|193|1|141|
13|379|324|0|146|1|137|
13|379|216|0|146|1|141|
13|374|216|0|145|1|137|
13|352|324|0|137|1|141|
13|378|216|0|146|1|137|
13|364|216|0|142|1|137|
13|388|216|0|150|1|137|
13|379|216|0|146|1|141|
13|384|216|0|148|1|141|
13|380|216|0|147|1|141|
13|388|216|0|150|1|141|
13|385|216|0|148|1|137|
13|393|216|0|150|1|137|
13|376|108|0|146|1|137|
13|381|216|0|147|1|137|
13|395|324|0|151|1|137|
13|390|216|0|150|1|137|
13|392|324|0|151|1|137|
13|391|216|0|151|1|137|
13|380|324|0|146|1|137|
13|692|324|0|189|1|137|
13|378|216|0|146|1|137|
13|389|216|0|149|1|141|
13|380|216|0|146|1|137|
13|391|216|0|150|1|141|
13|377|216|0|146|1|137|
13|492|432|0|184|1|137|
13|361|216|0|140|1|137|
13|388|216|0|149|1|141|
13|371|324|0|236|1|57|
13|347|324|0|136|1|141|
13|378|216|0|146|1|137|
13|376|324|0|145|1|137|
13|377|216|0|146|1|141|
13|379|216|0|146|1|137|
13|378|216|0|146|1|137|
13|381|216|0|147|1|137|
13|391|324|0|150|1|137|
13|377|216|0|146|1|137|
13|354|216|0|138|1|137|
13|379|216|0|146|1|141|
13|384|216|0|148|1|137|
13|379|216|0|146|1|137|
13|1137|756|0|193|1|141|
