INSTRUCTIONS_RETIRED|CYCLES|UNKNOWN|LD_BLOCKS.STORE_FORWARD|UOPS_EXECUTED.CORE|BR_MISP_RETIRED.ALL_BRANCHES|UOPS_ISSUED.SLOW_LEA|
13|359|324|0|89|1|35|
13|396|216|0|89|1|35|
13|391|324|0|89|1|35|
13|363|324|0|89|1|35|
13|423|216|0|89|1|35|
13|342|108|0|89|1|35|
13|366|216|0|89|1|35|
13|368|216|0|89|1|35|
13|472|216|0|89|1|35|
13|373|324|0|89|1|35|
13|379|324|0|89|1|35|
13|372|216|0|89|1|35|
13|1702|1188|0|89|1|35|
13|364|324|0|89|1|35|
13|363|216|0|89|1|35|
13|380|216|0|89|1|35|
13|335|216|0|89|1|35|
13|371|324|0|89|1|35|
13|397|216|0|89|1|35|
13|352|324|0|89|1|35|
13|380|324|0|89|1|35|
13|348|216|0|89|1|35|
13|381|216|0|89|1|35|
13|451|216|0|89|1|35|
13|385|324|0|89|1|35|
13|378|324|0|89|1|35|
13|391|324|0|89|1|35|
13|342|216|0|89|1|35|
13|1070|648|0|89|1|35|
13|345|324|0|89|1|35|
13|380|432|0|89|1|35|
13|901|540|0|89|1|35|
13|382|216|0|89|1|35|
13|367|216|0|89|1|35|
13|375|216|0|89|1|35|
13|418|216|0|89|1|35|
13|379|432|0|89|1|35|
13|371|216|0|89|1|35|
13|381|216|0|89|1|35|
13|372|216|0|89|1|35|
13|353|216|0|89|1|35|
13|362|216|0|89|1|35|
13|376|216|0|89|1|35|
13|367|216|0|89|1|35|
13|339|216|0|89|1|35|
13|366|216|0|89|1|35|
13|355|324|0|89|1|35|
13|430|324|0|89|1|35|
13|363|216|0|89|1|35|
13|356|324|0|89|1|35|
13|371|324|0|89|1|35|
13|390|216|0|89|1|35|
13|381|216|0|89|1|35|
13|366|216|0|89|1|35|
13|386|324|0|89|1|35|
13|381|216|0|89|1|35|
13|383|216|0|89|1|35|
13|384|216|0|89|1|35|
13|380|108|0|89|1|35|
13|395|324|0|89|1|35|
13|373|216|0|89|1|35|
13|384|216|0|89|1|35|
13|385|216|0|89|1|35|
13|391|216|0|89|1|35|
13|391|324|0|89|1|35|
13|385|216|0|89|1|35|
13|379|216|0|89|1|35|
13|386|216|0|89|1|35|
13|345|216|0|89|1|35|
13|379|216|0|89|1|35|
13|361|216|0|89|1|35|
13|368|324|0|89|1|35|
13|361|216|0|89|1|35|
13|367|324|0|89|1|35|
13|366|216|0|89|1|35|
13|374|432|0|89|1|35|
13|341|216|0|89|1|35|
13|362|324|0|89|1|35|
13|377|216|0|89|1|35|
13|870|540|0|89|1|35|
13|383|216|0|89|1|35|
13|857|648|0|89|1|35|
13|357|324|0|89|1|35|
13|363|108|0|89|1|35|
13|394|324|0|89|1|35|
13|380|216|0|89|1|35|
13|397|216|0|89|1|35|
13|401|324|0|89|1|35|
13|393|216|0|89|1|35|
13|387|324|0|89|1|35|
13|394|216|0|89|1|35|
13|361|216|0|89|1|35|
13|377|216|0|89|1|35|
13|373|216|0|89|1|35|
13|372|216|0|89|1|35|
13|382|216|0|89|1|35|
13|377|216|0|89|1|35|
13|380|324|0|89|1|35|
13|385|324|0|89|1|35|
13|350|324|0|89|1|35|
13|375|324|0|89|1|35|
13|357|324|0|89|1|35|
13|372|216|0|89|1|35|
13|416|324|0|89|1|35|
13|367|216|0|89|1|35|
13|378|324|0|89|1|35|
13|348|216|0|89|1|35|
13|379|324|0|89|1|35|
13|371|216|0|89|1|35|
13|438|216|0|89|1|35|
13|385|324|0|89|1|35|
13|366|108|0|89|1|35|
13|365|108|0|89|1|35|
13|359|108|0|89|1|35|
13|392|216|0|89|1|35|
13|376|216|0|89|1|35|
13|375|324|0|89|1|35|
13|380|216|0|89|1|35|
13|388|216|0|89|1|35|
13|387|324|0|89|1|35|
13|386|324|0|89|1|35|
13|385|216|0|89|1|35|
13|379|216|0|89|1|35|
13|345|324|0|89|1|35|
13|344|216|0|89|1|35|
13|363|324|0|89|1|35|
13|376|216|0|89|1|35|
13|361|216|0|89|1|35|
13|361|216|0|89|1|35|
13|379|216|0|89|1|35|
13|1293|864|0|89|1|35|
13|1682|1080|0|89|1|35|
13|363|216|0|89|1|35|
13|372|324|0|89|1|35|
13|344|216|0|89|1|35|
13|367|216|0|89|1|35|
13|351|216|0|89|1|35|
13|367|216|0|89|1|35|
13|1165|864|0|89|1|35|
13|350|108|0|89|1|35|
13|362|216|0|89|1|35|
13|739|540|0|89|1|35|
13|391|216|0|89|1|35|
13|391|216|0|89|1|35|
13|387|216|0|89|1|35|
13|387|216|0|89|1|35|
13|379|216|0|89|1|35|
13|382|216|0|89|1|35|
13|359|216|0|89|1|35|
13|379|216|0|89|1|35|
13|382|216|0|89|1|35|
13|375|216|0|89|1|35|
13|374|324|0|89|1|35|
13|376|216|0|89|1|35|
13|378|324|0|89|1|35|
13|347|216|0|89|1|35|
13|371|216|0|89|1|35|
13|363|216|0|89|1|35|
13|370|216|0|89|1|35|
13|362|216|0|89|1|35|
13|378|324|0|89|1|35|
13|368|324|0|89|1|35|
13|374|324|0|89|1|35|
13|367|432|0|89|1|35|
13|379|216|0|89|1|35|
13|691|432|0|89|1|35|
13|369|216|0|89|1|35|
13|334|216|0|89|1|35|
13|375|216|0|89|1|35|
13|358|216|0|89|1|35|
13|368|216|0|89|1|35|
13|372|216|0|89|1|35|
13|393|324|0|89|1|35|
13|367|216|0|89|1|35|
13|399|216|0|89|1|35|
13|397|216|0|89|1|35|
13|378|216|0|89|1|35|
13|393|216|0|89|1|35|
13|382|216|0|89|1|35|
13|396|216|0|89|1|35|
13|394|324|0|89|1|35|
13|389|324|0|89|1|35|
13|380|216|0|89|1|35|
13|376|216|0|89|1|35|
13|379|324|0|89|1|35|
13|645|540|0|89|1|35|
13|367|216|0|89|1|35|
13|366|216|0|89|1|35|
13|365|216|0|89|1|35|
13|370|216|0|89|1|35|
13|370|216|0|89|1|35|
13|362|216|0|89|1|35|
13|373|324|0|89|1|35|
13|366|216|0|89|1|35|
13|337|324|0|89|1|35|
13|1715|1188|0|89|1|35|
13|373|216|0|89|1|35|
13|365|324|0|89|1|35|
13|346|216|0|89|1|35|
13|372|216|0|89|1|35|
13|371|324|0|89|1|35|
13|390|216|0|89|1|35|
13|574|432|0|89|1|35|
13|381|324|0|89|1|35|
13|380|216|0|89|1|35|
13|381|216|0|89|1|35|
13|394|216|0|89|1|35|
13|383|324|0|89|1|35|
13|387|216|0|89|1|35|
13|386|216|0|89|1|35|
13|370|216|0|89|1|35|
13|384|324|0|89|1|35|
13|373|216|0|89|1|35|
13|387|216|0|89|1|35|
13|382|324|0|89|1|35|
13|352|216|0|89|1|35|
13|369|216|0|89|1|35|
13|381|432|0|89|1|35|
13|347|216|0|89|1|35|
13|379|324|0|89|1|35|
13|1336|864|0|89|1|35|
13|362|216|0|89|1|35|
13|844|648|0|89|1|35|
13|379|216|0|89|1|35|
13|405|216|0|89|1|35|
13|366|324|0|89|1|35|
13|356|216|0|89|1|35|
13|344|216|0|89|1|35|
13|374|216|0|89|1|35|
13|339|216|0|89|1|35|
13|396|216|0|89|1|35|
13|373|324|0|89|1|35|
13|388|324|0|89|1|35|
13|390|216|0|89|1|35|
13|390|216|0|89|1|35|
13|389|216|0|89|1|35|
13|378|216|0|89|1|35|
13|392|216|0|89|1|35|
13|378|216|0|89|1|35|
13|381|324|0|89|1|35|
13|383|216|0|89|1|35|
13|377|216|0|89|1|35|
13|374|216|0|89|1|35|
13|391|216|0|89|1|35|
13|368|216|0|89|1|35|
13|368|216|0|89|1|35|
13|367|324|0|89|1|35|
13|366|216|0|89|1|35|
13|379|216|0|89|1|35|
13|377|216|0|89|1|35|
13|380|216|0|89|1|35|
13|363|216|0|89|1|35|
13|382|324|0|89|1|35|
13|379|216|0|89|1|35|
13|744|432|0|89|1|35|
13|378|216|0|89|1|35|
13|1556|972|0|89|1|35|
13|364|216|0|89|1|35|
13|345|324|0|89|1|35|
13|343|108|0|89|1|35|
13|391|216|0|89|1|35|
13|381|216|0|89|1|35|
13|377|216|0|89|1|35|
13|385|324|0|89|1|35|
13|391|324|0|89|1|35|
13|388|216|0|89|1|35|
13|381|216|0|89|1|35|
13|384|324|0|89|1|35|
13|347|324|0|89|1|35|
13|384|324|0|89|1|35|
13|387|216|0|89|1|35|
13|1104|864|0|89|1|35|
13|896|540|0|89|1|35|
13|379|216|0|89|1|35|
13|379|216|0|89|1|35|
13|372|216|0|89|1|35|
13|373|324|0|89|1|35|
13|384|216|0|89|1|35|
13|476|324|0|89|1|35|
13|370|216|0|89|1|35|
13|372|324|0|89|1|35|
13|376|216|0|89|1|35|
13|373|216|0|89|1|35|
13|368|324|0|89|1|35|
13|378|216|0|89|1|35|
13|520|324|0|89|1|35|
13|368|216|0|89|1|35|
13|350|216|0|89|1|35|
13|1535|972|0|89|1|35|
13|376|324|0|89|1|35|
13|393|216|0|89|1|35|
13|391|216|0|89|1|35|
13|380|108|0|89|1|35|
13|371|216|0|89|1|35|
13|373|324|0|89|1|35|
13|388|324|0|89|1|35|
13|383|216|0|89|1|35|
13|388|216|0|89|1|35|
13|352|216|0|89|1|35|
13|374|216|0|89|1|35|
13|495|432|0|89|1|35|
13|369|216|0|89|1|35|
13|384|324|0|89|1|35|
13|375|216|0|89|1|35|
13|371|216|0|89|1|35|
13|375|216|0|89|1|35|
13|367|216|0|89|1|35|
13|365|324|0|89|1|35|
13|360|324|0|89|1|35|
13|372|324|0|89|1|35|
13|364|216|0|89|1|35|
13|371|324|0|89|1|35|
13|367|216|0|89|1|35|
13|371|216|0|89|1|35|
13|371|216|0|89|1|35|
13|370|216|0|89|1|35|
13|379|324|0|89|1|35|
13|355|324|0|89|1|35|
13|355|324|0|89|1|35|
13|377|324|0|89|1|35|
13|372|216|0|89|1|35|
13|389|216|0|89|1|35|
13|390|216|0|89|1|35|
13|389|216|0|89|1|35|
13|400|216|0|89|1|35|
13|389|324|0|89|1|35|
13|377|216|0|89|1|35|
13|2190|1404|0|89|1|35|
13|365|216|0|89|1|35|
13|372|324|0|89|1|35|
13|379|216|0|89|1|35|
13|387|324|0|89|1|35|
13|375|216|0|89|1|35|
13|373|216|0|89|1|35|
13|367|324|0|89|1|35|
13|374|216|0|89|1|35|
13|374|216|0|89|1|35|
13|574|324|0|89|1|35|
13|383|216|0|89|1|35|
13|373|216|0|89|1|35|
13|359|324|0|89|1|35|
13|373|324|0|89|1|35|
13|374|216|0|89|1|35|
13|367|216|0|89|1|35|
13|375|216|0|89|1|35|
13|343|216|0|89|1|35|
13|368|216|0|89|1|35|
13|389|432|0|89|1|35|
13|379|216|0|361|1|35|
13|390|216|0|89|1|35|
13|397|216|0|89|1|35|
13|392|216|0|89|1|35|
13|395|216|0|89|1|35|
13|386|216|0|89|1|35|
13|390|216|0|89|1|35|
13|381|216|0|89|1|35|
13|389|216|0|89|1|35|
13|385|324|0|89|1|35|
13|379|216|0|89|1|35|
13|392|324|0|89|1|35|
13|349|216|0|89|1|35|
13|371|216|0|89|1|35|
13|374|216|0|89|1|35|
13|376|216|0|89|1|35|
13|376|216|0|89|1|35|
13|372|216|0|89|1|35|
13|379|216|0|89|1|35|
13|363|216|0|89|1|35|
13|385|216|0|89|1|35|
13|379|216|0|89|1|35|
13|380|216|0|89|1|35|
13|382|216|0|89|1|35|
13|384|216|0|89|1|35|
13|381|216|0|89|1|35|
13|338|324|0|89|1|35|
13|388|216|0|89|1|35|
13|339|216|0|89|1|35|
13|1703|1188|0|89|1|35|
13|357|324|0|89|1|35|
13|379|216|0|89|1|35|
13|390|216|0|89|1|35|
13|397|216|0|89|1|35|
13|387|216|0|89|1|35|
13|389|216|0|89|1|35|
13|388|216|0|89|1|35|
13|378|324|0|89|1|35|
13|544|324|0|89|1|35|
13|375|216|0|89|1|35|
13|375|324|0|89|1|35|
13|375|324|0|89|1|35|
13|367|216|0|89|1|35|
13|382|216|0|89|1|35|
13|374|216|0|89|1|35|
13|380|324|0|89|1|35|
13|351|216|0|89|1|35|
13|898|540|0|89|1|35|
13|383|324|0|89|1|35|
13|861|648|0|89|1|35|
13|378|324|0|89|1|35|
13|375|216|0|89|1|35|
13|372|324|0|89|1|35|
13|1695|1188|0|89|1|35|
13|367|324|0|89|1|35|
13|375|432|0|89|1|35|
13|358|324|0|89|1|35|
13|369|216|0|89|1|35|
13|338|324|0|89|1|35|
13|358|216|0|89|1|35|
13|406|216|0|89|1|35|
13|364|324|0|89|1|35|
13|383|216|0|89|1|35|
13|377|216|0|89|1|35|
13|384|324|0|89|1|35|
13|394|216|0|89|1|35|
13|389|216|0|89|1|35|
13|356|216|0|89|1|35|
13|389|324|0|89|1|35|
13|384|216|0|89|1|35|
13|381|324|0|89|1|35|
13|379|216|0|89|1|35|
13|865|540|0|89|1|35|
13|385|216|0|89|1|35|
13|375|324|0|89|1|35|
13|379|216|0|89|1|35|
13|375|324|0|89|1|35|
13|375|216|0|89|1|35|
13|375|216|0|89|1|35|
13|374|216|0|89|1|35|
13|770|648|0|89|1|35|
13|376|216|0|89|1|35|
13|380|216|0|89|1|35|
13|373|216|0|89|1|35|
13|362|216|0|89|1|35|
13|363|216|0|89|1|35|
13|358|216|0|89|1|35|
13|344|216|0|89|1|35|
13|336|216|0|89|1|35|
13|382|216|0|89|1|35|
13|339|216|0|89|1|35|
13|358|216|0|89|1|35|
13|351|216|0|89|1|35|
13|389|324|0|89|1|35|
13|383|324|0|89|1|35|
13|381|216|0|89|1|35|
13|381|216|0|89|1|35|
13|384|216|0|89|1|35|
13|382|324|0|89|1|35|
13|390|324|0|89|1|35|
13|379|216|0|89|1|35|
13|380|216|0|89|1|35|
13|389|216|0|89|1|35|
13|387|216|0|89|1|35|
13|383|216|0|89|1|35|
13|389|216|0|89|1|35|
13|1283|756|0|89|1|35|
13|374|216|0|89|1|35|
13|369|216|0|89|1|35|
13|369|216|0|89|1|35|
13|383|216|0|89|1|35|
13|374|216|0|89|1|35|
13|377|216|0|89|1|35|
13|378|216|0|89|1|35|
13|373|216|0|89|1|35|
13|377|216|0|89|1|35|
13|374|324|0|89|1|35|
13|367|216|0|89|1|35|
13|373|216|0|89|1|35|
13|375|216|0|89|1|35|
13|368|324|0|89|1|35|
14|925|756|0|304|1|71|
13|369|216|0|89|1|35|
13|381|216|0|89|1|35|
13|372|216|0|89|1|35|
13|381|216|0|89|1|35|
13|387|216|0|89|1|35|
13|375|216|0|89|1|35|
13|383|216|0|89|1|35|
13|389|324|0|89|1|35|
13|383|324|0|89|1|35|
13|356|324|0|89|1|35|
13|372|216|0|89|1|35|
13|360|216|0|89|1|35|
13|1160|864|0|89|1|35|
13|939|756|0|89|1|35|
13|985|756|0|89|1|35|
13|376|216|0|89|1|35|
13|379|216|0|89|1|35|
13|371|216|0|89|1|35|
13|366|324|0|89|1|35|
13|381|324|0|89|1|35|
13|364|216|0|89|1|35|
13|374|324|0|89|1|35|
13|365|324|0|89|1|35|
13|360|216|0|89|1|35|
13|340|216|0|89|1|35|
13|371|324|0|89|1|35|
13|364|216|0|89|1|35|
13|374|216|0|89|1|35|
13|364|324|0|89|1|35|
13|346|216|0|89|1|35|
13|380|216|0|89|1|35|
13|376|108|0|89|1|35|
13|394|216|0|89|1|35|
13|378|216|0|89|1|35|
13|396|324|0|89|1|35|
13|383|216|0|89|1|35|
13|392|324|0|89|1|35|
13|385|324|0|89|1|35|
13|386|216|0|89|1|35|
13|565|324|0|89|1|35|
13|388|216|0|89|1|35|
13|386|324|0|89|1|35|
13|380|216|0|89|1|35|
13|382|216|0|89|1|35|
13|383|216|0|89|1|35|
13|376|216|0|89|1|35|
13|388|216|0|89|1|35|
13|375|324|0|89|1|35|
13|368|216|0|89|1|35|
13|357|216|0|89|1|35|
13|365|324|0|89|1|35|
13|378|216|0|89|1|35|
13|372|324|0|89|1|35|
13|364|324|0|89|1|35|
13|379|216|0|89|1|35|
13|355|324|0|89|1|35|
13|362|216|0|89|1|35|
13|349|324|0|89|1|35|
13|374|324|0|89|1|35|
13|362|324|0|89|1|35|
13|378|324|0|89|1|35|
13|365|216|0|89|1|35|
13|395|324|0|89|1|35|
13|387|216|0|89|1|35|
13|395|324|0|89|1|35|
13|388|324|0|89|1|35|
13|389|324|0|89|1|35|
13|348|216|0|89|1|35|
13|387|324|0|89|1|35|
13|647|324|0|89|1|35|
13|380|324|0|89|1|35|
13|1410|972|0|89|1|35|
13|388|324|0|89|1|35|
13|382|216|0|89|1|35|
13|370|324|0|89|1|35|
13|380|216|0|89|1|35|
13|378|324|0|89|1|35|
13|370|216|0|89|1|35|
13|372|324|0|89|1|35|
13|374|216|0|89|1|35|
13|378|216|0|89|1|35|
13|376|216|0|89|1|35|
13|363|324|0|89|1|35|
13|376|216|0|89|1|35|
13|347|216|0|89|1|35|
13|364|216|0|89|1|35|
13|373|324|0|89|1|35|
13|358|216|0|89|1|35|
13|381|216|0|89|1|35|
13|363|324|0|89|1|35|
13|384|216|0|89|1|35|
13|393|216|0|89|1|35|
13|384|324|0|89|1|35|
13|392|216|0|89|1|35|
13|1424|864|0|89|1|35|
13|391|216|0|89|1|35|
13|356|324|0|89|1|35|
13|384|216|0|89|1|35|
13|378|324|0|89|1|35|
13|376|216|0|89|1|35|
13|374|216|0|89|1|35|
13|375|216|0|89|1|35|
13|372|324|0|89|1|35|
13|386|216|0|89|1|35|
13|382|216|0|89|1|35|
13|380|324|0|89|1|35|
13|746|648|0|89|1|35|
13|381|216|0|89|1|35|
13|380|216|0|89|1|35|
13|382|324|0|89|1|35|
13|379|324|0|89|1|35|
13|378|216|0|89|1|35|
13|368|324|0|89|1|35|
13|369|216|0|89|1|35|
13|359|216|0|89|1|35|
13|372|324|0|89|1|35|
13|472|216|0|89|1|35|
13|357|216|0|89|1|35|
13|365|216|0|89|1|35|
13|386|216|0|89|1|35|
13|386|216|0|89|1|35|
13|375|216|0|89|1|35|
13|376|216|0|89|1|35|
13|393|324|0|89|1|35|
13|394|216|0|89|1|35|
13|388|216|0|89|1|35|
13|611|432|0|89|1|35|
13|390|216|0|89|1|35|
13|380|216|0|89|1|35|
13|369|324|0|89|1|35|
13|373|324|0|89|1|35|
13|375|324|0|89|1|35|
13|1076|648|0|89|1|35|
13|383|216|0|89|1|35|
13|395|216|0|89|1|35|
13|370|216|0|89|1|35|
13|382|324|0|89|1|35|
13|366|324|0|89|1|35|
13|366|216|0|89|1|35|
13|371|432|0|89|1|35|
13|363|324|0|89|1|35|
13|367|216|0|89|1|35|
13|370|324|0|89|1|35|
13|372|216|0|89|1|35|
13|376|324|0|89|1|35|
13|349|216|0|89|1|35|
13|366|216|0|89|1|35|
13|406|216|0|89|1|35|
13|387|216|0|89|1|35|
13|381|216|0|89|1|35|
13|383|324|0|89|1|35|
13|382|324|0|89|1|35|
13|385|216|0|89|1|35|
13|374|324|0|89|1|35|
13|391|216|0|89|1|35|
13|384|324|0|89|1|35|
13|388|324|0|89|1|35|
13|397|324|0|89|1|35|
13|386|216|0|89|1|35|
13|343|216|0|89|1|35|
13|377|216|0|89|1|35|
13|341|216|0|89|1|35|
13|380|216|0|89|1|35|
13|362|216|0|89|1|35|
13|371|216|0|89|1|35|
13|371|216|0|89|1|35|
13|375|216|0|89|1|35|
13|375|324|0|89|1|35|
13|377|216|0|89|1|35|
13|379|216|0|89|1|35|
13|373|324|0|89|1|35|
13|377|216|0|89|1|35|
13|373|216|0|89|1|35|
13|381|324|0|89|1|35|
13|378|216|0|89|1|35|
13|350|108|0|89|1|35|
13|375|216|0|89|1|35|
13|351|216|0|89|1|35|
13|870|648|0|89|1|35|
13|350|216|0|89|1|35|
13|395|324|0|89|1|35|
13|1672|972|0|89|1|35|
13|390|216|0|89|1|35|
13|394|324|0|89|1|35|
13|1563|972|0|89|1|35|
13|1433|864|0|89|1|35|
13|387|324|0|89|1|35|
13|361|324|0|89|1|35|
13|383|216|0|89|1|35|
13|378|324|0|89|1|35|
13|382|216|0|89|1|35|
13|388|324|0|89|1|35|
13|727|648|0|89|1|35|
13|383|216|0|89|1|35|
13|371|216|0|89|1|35|
13|1135|864|0|89|1|35|
13|366|324|0|89|1|35|
13|370|216|0|89|1|35|
13|374|216|0|89|1|35|
13|1546|1080|0|89|1|35|
13|371|216|0|89|1|35|
13|379|216|0|89|1|35|
13|377|216|0|89|1|35|
13|357|216|0|89|1|35|
13|364|324|0|89|1|35|
13|354|216|0|89|1|35|
13|342|324|0|89|1|35|
13|357|216|0|89|1|35|
13|376|216|0|89|1|35|
13|385|216|0|89|1|35|
13|390|324|0|89|1|35|
13|386|216|0|89|1|35|
13|394|216|0|89|1|35|
13|395|324|0|89|1|35|
13|379|216|0|89|1|35|
13|378|324|0|89|1|35|
13|392|216|0|89|1|35|
13|376|324|0|89|1|35|
13|387|216|0|89|1|35|
13|384|324|0|89|1|35|
13|363|216|0|89|1|35|
13|384|216|0|89|1|35|
13|383|216|0|89|1|35|
13|378|216|0|89|1|35|
13|1089|648|0|89|1|35|
13|380|216|0|89|1|35|
13|384|216|0|89|1|35|
13|378|216|0|89|1|35|
13|364|216|0|89|1|35|
13|372|216|0|89|1|35|
13|370|216|0|89|1|35|
13|372|324|0|89|1|35|
13|350|324|0|89|1|35|
13|375|324|0|89|1|35|
13|545|324|0|89|1|35|
13|375|216|0|89|1|35|
13|355|216|0|89|1|35|
13|833|540|0|89|1|35|
13|372|216|0|89|1|35|
13|352|108|0|89|1|35|
13|394|216|0|89|1|35|
13|379|216|0|89|1|35|
13|384|216|0|89|1|35|
13|389|216|0|89|1|35|
13|379|216|0|89|1|35|
13|355|216|0|89|1|35|
13|386|324|0|89|1|35|
13|375|324|0|89|1|35|
13|381|324|0|89|1|35|
13|370|216|0|89|1|35|
13|381|324|0|89|1|35|
13|391|216|0|89|1|35|
13|374|324|0|89|1|35|
13|386|324|0|89|1|35|
13|367|216|0|89|1|35|
13|363|216|0|89|1|35|
13|1180|864|0|89|1|35|
13|369|216|0|89|1|35|
13|384|216|0|89|1|35|
13|369|216|0|89|1|35|
13|375|324|0|89|1|35|
13|380|324|0|89|1|35|
13|369|216|0|89|1|35|
13|429|432|0|89|1|35|
13|367|216|0|89|1|35|
13|349|216|0|89|1|35|
13|346|216|0|89|1|35|
13|366|216|0|89|1|35|
13|385|216|0|89|1|35|
13|356|108|0|89|1|35|
13|388|324|0|89|1|35|
13|381|216|0|89|1|35|
13|388|216|0|89|1|35|
13|382|216|0|89|1|35|
13|392|216|0|89|1|35|
13|386|324|0|89|1|35|
13|373|324|0|89|1|35|
13|385|324|0|89|1|35|
13|372|216|0|89|1|35|
13|377|324|0|89|1|35|
13|363|324|0|89|1|35|
13|373|216|0|89|1|35|
13|966|540|0|89|1|35|
13|377|324|0|89|1|35|
13|367|216|0|89|1|35|
13|365|324|0|89|1|35|
13|374|216|0|89|1|35|
13|373|216|0|89|1|35|
13|375|216|0|89|1|35|
13|380|216|0|89|1|35|
13|378|216|0|89|1|35|
13|377|216|0|89|1|35|
13|370|324|0|89|1|35|
13|379|216|0|89|1|35|
13|341|216|0|89|1|35|
13|362|324|0|89|1|35|
13|353|324|0|89|1|35|
13|348|108|0|89|1|35|
13|370|216|0|89|1|35|
13|390|324|0|89|1|35|
13|381|324|0|89|1|35|
13|356|324|0|89|1|35|
13|388|216|0|89|1|35|
13|395|216|0|89|1|35|
13|387|216|0|89|1|35|
13|378|216|0|89|1|35|
13|1220|756|0|89|1|35|
13|387|324|0|89|1|35|
13|383|216|0|89|1|35|
13|359|216|0|89|1|35|
13|665|432|0|89|1|35|
13|383|216|0|89|1|35|
13|383|216|0|89|1|35|
13|387|324|0|89|1|35|
13|386|216|0|89|1|35|
13|373|216|0|89|1|35|
13|378|324|0|89|1|35|
13|376|216|0|89|1|35|
13|368|216|0|89|1|35|
13|376|216|0|89|1|35|
13|362|324|0|89|1|35|
13|354|216|0|89|1|35|
13|400|324|0|89|1|35|
13|388|216|0|89|1|35|
13|360|324|0|89|1|35|
13|355|216|0|89|1|35|
13|390|216|0|89|1|35|
13|377|216|0|89|1|35|
13|396|216|0|89|1|35|
13|379|216|0|89|1|35|
13|397|324|0|89|1|35|
13|395|324|0|89|1|35|
13|394|216|0|89|1|35|
13|388|216|0|89|1|35|
13|395|216|0|89|1|35|
13|384|216|0|89|1|35|
13|373|216|0|89|1|35|
13|377|324|0|89|1|35|
13|375|324|0|89|1|35|
13|374|216|0|89|1|35|
13|376|324|0|89|1|35|
13|370|216|0|89|1|35|
13|373|324|0|89|1|35|
13|360|324|0|89|1|35|
13|365|324|0|89|1|35|
13|363|324|0|89|1|35|
13|370|216|0|89|1|35|
13|371|216|0|89|1|35|
13|372|216|0|89|1|35|
13|379|216|0|89|1|35|
13|372|324|0|89|1|35|
13|375|216|0|89|1|35|
13|353|216|0|89|1|35|
13|717|432|0|89|1|35|
13|355|216|0|89|1|35|
13|384|216|0|89|1|35|
13|364|216|0|89|1|35|
13|379|216|0|89|1|35|
13|394|324|0|89|1|35|
13|377|216|0|89|1|35|
13|392|324|0|89|1|35|
13|390|324|0|89|1|35|
13|393|216|0|89|1|35|
13|406|324|0|89|1|35|
13|390|324|0|89|1|35|
13|390|324|0|89|1|35|
13|370|216|0|89|1|35|
13|382|216|0|89|1|35|
13|367|216|0|89|1|35|
13|375|216|0|89|1|35|
13|1003|756|0|89|1|35|
13|375|216|0|89|1|35|
13|369|216|0|89|1|35|
13|372|324|0|89|1|35|
13|1608|1188|0|89|1|35|
13|360|216|0|89|1|35|
13|366|216|0|89|1|35|
13|358|324|0|89|1|35|
13|375|216|0|89|1|35|
13|360|216|0|89|1|35|
13|349|216|0|89|1|35|
13|360|216|0|89|1|35|
13|350|216|0|89|1|35|
13|348|216|0|89|1|35|
13|379|216|0|89|1|35|
13|349|216|0|89|1|35|
13|390|216|0|89|1|35|
13|390|216|0|89|1|35|
13|389|216|0|89|1|35|
13|389|324|0|89|1|35|
13|400|216|0|89|1|35|
13|381|216|0|89|1|35|
13|398|324|0|89|1|35|
13|376|216|0|89|1|35|
13|379|216|0|89|1|35|
13|376|324|0|89|1|35|
13|375|216|0|89|1|35|
13|378|324|0|89|1|35|
13|371|216|0|89|1|35|
13|405|216|0|89|1|35|
13|371|216|0|89|1|35|
13|377|216|0|89|1|35|
13|361|216|0|89|1|35|
13|377|216|0|89|1|35|
13|362|324|0|89|1|35|
13|373|216|0|89|1|35|
13|378|216|0|89|1|35|
13|378|216|0|89|1|35|
13|379|324|0|89|1|35|
13|611|540|0|89|1|35|
13|368|324|0|89|1|35|
13|343|216|0|89|1|35|
13|383|216|0|89|1|35|
13|376|216|0|89|1|35|
13|1058|648|0|89|1|35|
13|389|216|0|89|1|35|
13|376|324|0|89|1|35|
13|392|216|0|89|1|35|
13|360|324|0|89|1|35|
13|359|216|0|89|1|35|
13|389|216|0|89|1|35|
13|377|216|0|89|1|35|
13|385|216|0|89|1|35|
13|384|324|0|89|1|35|
13|374|324|0|89|1|35|
13|386|216|0|89|1|35|
13|387|324|0|89|1|35|
13|379|324|0|89|1|35|
13|782|432|0|89|1|35|
13|366|216|0|89|1|35|
13|359|216|0|89|1|35|
13|374|216|0|89|1|35|
13|362|324|0|89|1|35|
13|380|216|0|89|1|35|
13|368|216|0|89|1|35|
13|378|324|0|89|1|35|
13|383|216|0|89|1|35|
13|375|324|0|89|1|35|
13|379|432|0|89|1|35|
13|375|216|0|89|1|35|
13|387|216|0|89|1|35|
13|373|216|0|89|1|35|
13|360|216|0|89|1|35|
13|383|216|0|89|1|35|
13|351|216|0|89|1|35|
13|388|216|0|89|1|35|
13|360|216|0|89|1|35|
13|382|108|0|89|1|35|
13|385|216|0|89|1|35|
13|383|216|0|89|1|35|
13|388|216|0|89|1|35|
13|392|216|0|89|1|35|
13|371|324|0|89|1|35|
13|379|324|0|89|1|35|
13|342|216|0|89|1|35|
13|377|216|0|89|1|35|
13|380|324|0|89|1|35|
13|384|324|0|89|1|35|
13|373|324|0|89|1|35|
13|380|216|0|89|1|35|
13|371|216|0|89|1|35|
13|378|216|0|89|1|35|
13|375|324|0|89|1|35|
13|382|216|0|89|1|35|
13|376|216|0|89|1|35|
13|359|216|0|89|1|35|
13|371|216|0|89|1|35|
13|1451|972|0|89|1|35|
13|408|216|0|89|1|35|
13|375|216|0|89|1|35|
13|376|216|0|89|1|35|
13|386|216|0|89|1|35|
13|375|324|0|89|1|35|
13|354|216|0|89|1|35|
13|381|216|0|89|1|35|
13|356|324|0|89|1|35|
13|389|216|0|89|1|35|
13|377|216|0|89|1|35|
13|389|216|0|89|1|35|
13|389|216|0|89|1|35|
13|395|216|0|89|1|35|
13|390|216|0|89|1|35|
13|396|216|0|89|1|35|
13|382|216|0|89|1|35|
13|377|216|0|89|1|35|
13|384|216|0|89|1|35|
13|365|324|0|89|1|35|
13|385|432|0|89|1|35|
13|373|216|0|89|1|35|
13|377|216|0|89|1|35|
13|370|324|0|89|1|35|
13|366|216|0|89|1|35|
13|615|324|0|89|1|35|
13|385|324|0|89|1|35|
13|371|324|0|89|1|35|
13|355|216|0|89|1|35|
13|376|324|0|89|1|35|
13|370|216|0|89|1|35|
13|374|216|0|89|1|35|
13|367|324|0|89|1|35|
13|365|324|0|89|1|35|
13|378|216|0|89|1|35|
13|383|324|0|89|1|35|
13|358|216|0|89|1|35|
13|355|216|0|89|1|35|
13|388|216|0|89|1|35|
13|384|324|0|89|1|35|
13|388|216|0|89|1|35|
13|380|324|0|89|1|35|
13|397|324|0|89|1|35|
13|379|216|0|89|1|35|
13|393|216|0|89|1|35|
13|388|216|0|89|1|35|
13|381|324|0|89|1|35|
13|373|216|0|89|1|35|
13|370|216|0|89|1|35|
13|389|216|0|89|1|35|
13|380|216|0|89|1|35|
13|377|216|0|89|1|35|
13|378|324|0|89|1|35|
13|374|216|0|89|1|35|
13|341|216|0|89|1|35|
13|364|216|0|89|1|35|
13|380|216|0|89|1|35|
13|373|216|0|89|1|35|
13|348|216|0|89|1|35|
13|370|216|0|89|1|35|
13|358|216|0|89|1|35|
13|370|216|0|89|1|35|
13|347|216|0|89|1|35|
