INSTRUCTIONS_RETIRED|CYCLES|UNKNOWN|LD_BLOCKS.STORE_FORWARD|UOPS_EXECUTED.CORE|BR_MISP_RETIRED.ALL_BRANCHES|UOPS_ISSUED.SLOW_LEA|
13|371|216|0|97|1|43|
13|380|216|0|97|1|43|
13|336|216|0|97|1|43|
13|355|216|0|97|1|43|
13|350|216|0|97|1|43|
13|359|216|0|97|1|43|
13|350|324|0|97|1|43|
13|372|324|0|97|1|43|
13|1152|864|0|97|1|43|
13|369|324|0|97|1|43|
13|367|216|0|97|1|43|
13|346|216|0|97|1|43|
13|373|324|0|97|1|43|
13|373|324|0|97|1|43|
13|380|324|0|97|1|43|
13|361|108|0|97|1|43|
13|392|216|0|97|1|43|
13|383|216|0|97|1|43|
13|394|216|0|97|1|43|
13|378|216|0|97|1|43|
13|1461|864|0|97|1|43|
13|368|216|0|97|1|43|
13|386|216|0|97|1|43|
13|370|216|0|97|1|43|
13|373|216|0|97|1|43|
13|372|216|0|97|1|43|
13|335|216|0|97|1|43|
13|1261|972|0|97|1|43|
13|378|324|0|97|1|43|
13|379|216|0|97|1|43|
13|366|216|0|97|1|43|
13|381|324|0|97|1|43|
13|364|216|0|97|1|43|
13|381|216|0|97|1|43|
13|362|216|0|97|1|43|
13|352|324|0|97|1|43|
13|367|216|0|97|1|43|
13|362|216|0|97|1|43|
13|371|216|0|97|1|43|
13|357|216|0|97|1|43|
13|395|216|0|97|1|43|
13|354|216|0|97|1|43|
13|355|216|0|97|1|43|
13|335|216|0|97|1|43|
13|366|216|0|97|1|43|
13|371|216|0|97|1|43|
13|359|216|0|97|1|43|
13|388|324|0|97|1|43|
13|866|540|0|97|1|43|
13|374|324|0|97|1|43|
13|373|216|0|97|1|43|
13|361|216|0|97|1|43|
13|359|324|0|97|1|43|
13|337|216|0|97|1|43|
13|349|216|0|97|1|43|
13|369|324|0|97|1|43|
13|378|324|0|97|1|43|
13|373|324|0|97|1|43|
13|368|216|0|97|1|43|
13|371|216|0|97|1|43|
13|342|216|0|97|1|43|
13|364|324|0|97|1|43|
13|367|216|0|97|1|43|
13|365|324|0|97|1|43|
13|1663|1188|0|97|1|43|
13|367|216|0|97|1|43|
13|368|324|0|97|1|43|
13|366|216|0|97|1|43|
13|353|216|0|97|1|43|
13|368|216|0|97|1|43|
13|363|324|0|97|1|43|
13|338|216|0|97|1|43|
13|367|324|0|97|1|43|
13|366|216|0|97|1|43|
13|343|216|0|97|1|43|
13|378|216|0|97|1|43|
13|375|216|0|97|1|43|
13|382|216|0|97|1|43|
13|383|216|0|97|1|43|
13|376|216|0|97|1|43|
13|381|216|0|97|1|43|
13|377|324|0|97|1|43|
13|367|324|0|97|1|43|
13|373|216|0|97|1|43|
13|374|216|0|97|1|43|
13|365|216|0|97|1|43|
13|365|216|0|97|1|43|
13|363|216|0|97|1|43|
13|372|216|0|97|1|43|
13|362|216|0|97|1|43|
13|926|756|0|97|1|43|
13|343|216|0|97|1|43|
13|371|324|0|97|1|43|
13|366|216|0|97|1|43|
13|366|216|0|97|1|43|
13|368|216|0|97|1|43|
13|364|216|0|97|1|43|
13|373|216|0|97|1|43|
13|364|216|0|97|1|43|
13|372|216|0|97|1|43|
13|354|324|0|97|1|43|
13|374|216|0|97|1|43|
13|364|216|0|97|1|43|
13|1175|864|0|97|1|43|
13|689|432|0|97|1|43|
13|363|216|0|97|1|43|
13|371|216|0|97|1|43|
13|390|216|0|97|1|43|
13|381|216|0|97|1|43|
13|370|216|0|97|1|43|
13|377|216|0|97|1|43|
13|376|324|0|97|1|43|
13|385|324|0|97|1|43|
13|383|216|0|97|1|43|
13|374|216|0|97|1|43|
13|381|216|0|97|1|43|
13|1148|756|0|97|1|43|
13|361|216|0|97|1|43|
13|378|324|0|97|1|43|
13|370|216|0|97|1|43|
13|359|216|0|97|1|43|
13|370|216|0|97|1|43|
13|350|216|0|97|1|43|
13|361|324|0|97|1|43|
13|376|216|0|97|1|43|
13|371|216|0|97|1|43|
13|363|216|0|97|1|43|
13|379|216|0|97|1|43|
13|365|324|0|97|1|43|
13|337|216|0|97|1|43|
13|380|216|0|97|1|43|
13|346|324|0|97|1|43|
13|365|216|0|97|1|43|
13|365|216|0|97|1|43|
13|348|324|0|97|1|43|
13|350|216|0|97|1|43|
13|384|216|0|97|1|43|
13|372|216|0|97|1|43|
13|388|324|0|97|1|43|
13|375|324|0|97|1|43|
13|474|216|0|97|1|43|
13|384|216|0|97|1|43|
13|389|216|0|97|1|43|
13|372|324|0|97|1|43|
13|381|216|0|97|1|43|
13|366|216|0|97|1|43|
13|362|216|0|97|1|43|
13|365|216|0|97|1|43|
13|369|324|0|97|1|43|
13|366|324|0|97|1|43|
13|362|216|0|97|1|43|
13|373|216|0|97|1|43|
13|377|216|0|97|1|43|
13|372|324|0|97|1|43|
13|369|324|0|97|1|43|
13|376|216|0|97|1|43|
13|372|216|0|97|1|43|
13|371|216|0|97|1|43|
13|373|216|0|97|1|43|
13|373|324|0|97|1|43|
13|357|216|0|97|1|43|
13|348|324|0|97|1|43|
13|353|216|0|97|1|43|
13|369|216|0|97|1|43|
13|374|324|0|97|1|43|
13|382|216|0|97|1|43|
13|386|324|0|97|1|43|
13|377|216|0|97|1|43|
13|375|216|0|97|1|43|
13|374|216|0|97|1|43|
13|377|216|0|97|1|43|
13|372|216|0|97|1|43|
13|347|216|0|97|1|43|
13|370|324|0|97|1|43|
13|376|324|0|97|1|43|
13|364|216|0|97|1|43|
13|373|216|0|97|1|43|
13|367|216|0|97|1|43|
13|376|216|0|97|1|43|
13|371|324|0|97|1|43|
13|366|216|0|97|1|43|
13|366|216|0|97|1|43|
13|378|216|0|97|1|43|
13|372|324|0|97|1|43|
13|380|216|0|97|1|43|
13|378|324|0|97|1|43|
13|382|216|0|97|1|43|
13|377|216|0|97|1|43|
13|353|324|0|97|1|43|
13|376|432|0|97|1|43|
13|353|324|0|97|1|43|
13|337|216|0|97|1|43|
13|362|324|0|97|1|43|
13|376|324|0|97|1|43|
13|380|216|0|97|1|43|
13|385|216|0|97|1|43|
13|378|216|0|97|1|43|
13|375|216|0|97|1|43|
13|376|324|0|97|1|43|
13|377|324|0|97|1|43|
13|377|324|0|97|1|43|
13|386|324|0|97|1|43|
13|376|324|0|97|1|43|
13|385|216|0|97|1|43|
13|393|324|0|97|1|43|
13|370|216|0|97|1|43|
13|894|648|0|97|1|43|
13|376|216|0|97|1|43|
13|370|216|0|97|1|43|
13|382|216|0|97|1|43|
13|367|216|0|97|1|43|
13|369|216|0|97|1|43|
13|363|216|0|97|1|43|
13|376|216|0|97|1|43|
13|367|324|0|97|1|43|
13|373|432|0|97|1|43|
13|347|216|0|97|1|43|
13|373|216|0|97|1|43|
13|354|216|0|97|1|43|
13|342|216|0|97|1|43|
13|362|216|0|97|1|43|
13|1417|972|0|97|1|43|
13|361|216|0|97|1|43|
13|1766|1188|0|97|1|43|
13|379|216|0|97|1|43|
13|379|216|0|97|1|43|
13|383|216|0|97|1|43|
13|378|216|0|97|1|43|
13|1157|756|0|97|1|43|
13|378|216|0|97|1|43|
13|785|540|0|97|1|43|
13|387|216|0|97|1|43|
13|374|108|0|97|1|43|
13|892|648|0|97|1|43|
13|1151|756|0|97|1|43|
13|384|324|0|97|1|43|
13|382|216|0|97|1|43|
13|387|216|0|97|1|43|
13|384|216|0|97|1|43|
13|372|324|0|97|1|43|
13|332|216|0|97|1|43|
13|397|324|0|97|1|43|
13|357|216|0|97|1|43|
13|380|216|0|97|1|43|
13|377|216|0|97|1|43|
13|357|216|0|97|1|43|
13|360|216|0|97|1|43|
13|369|324|0|97|1|43|
13|351|216|0|97|1|43|
13|336|216|0|97|1|43|
13|386|216|0|97|1|43|
13|347|324|0|97|1|43|
13|379|216|0|97|1|43|
13|1050|648|0|97|1|43|
13|379|324|0|97|1|43|
13|367|216|0|97|1|43|
13|376|216|0|97|1|43|
13|378|324|0|97|1|43|
13|368|216|0|97|1|43|
13|346|216|0|97|1|43|
13|833|540|0|97|1|43|
13|377|216|0|97|1|43|
13|360|324|0|97|1|43|
13|377|216|0|97|1|43|
13|331|324|0|97|1|43|
13|368|324|0|97|1|43|
13|367|324|0|97|1|43|
13|365|216|0|97|1|43|
13|1623|1080|0|97|1|43|
13|368|324|0|97|1|43|
13|363|216|0|97|1|43|
13|368|216|0|97|1|43|
13|365|324|0|97|1|43|
13|358|324|0|97|1|43|
13|369|324|0|97|1|43|
13|366|216|0|97|1|43|
13|374|324|0|97|1|43|
13|360|324|0|97|1|43|
13|371|324|0|97|1|43|
13|361|216|0|97|1|43|
13|368|216|0|97|1|43|
13|1840|1296|0|97|1|43|
13|364|324|0|97|1|43|
13|372|216|0|97|1|43|
13|349|216|0|97|1|43|
13|407|216|0|97|1|43|
13|378|432|0|97|1|43|
13|376|216|0|97|1|43|
13|362|216|0|97|1|43|
13|345|216|0|97|1|43|
13|379|216|0|97|1|43|
13|382|216|0|97|1|43|
13|361|324|0|97|1|43|
13|380|324|0|97|1|43|
13|362|216|0|97|1|43|
13|353|216|0|97|1|43|
13|368|216|0|97|1|43|
13|361|216|0|97|1|43|
13|359|216|0|97|1|43|
13|367|216|0|97|1|43|
13|363|324|0|97|1|43|
13|364|216|0|97|1|43|
13|362|324|0|97|1|43|
13|358|324|0|97|1|43|
13|367|216|0|97|1|43|
13|375|324|0|97|1|43|
13|374|216|0|97|1|43|
13|366|216|0|97|1|43|
13|372|216|0|97|1|43|
13|354|216|0|97|1|43|
13|367|216|0|97|1|43|
13|373|216|0|97|1|43|
13|374|216|0|97|1|43|
13|368|216|0|97|1|43|
13|355|324|0|97|1|43|
13|373|216|0|97|1|43|
13|362|216|0|97|1|43|
13|346|216|0|97|1|43|
13|364|216|0|97|1|43|
13|717|540|0|97|1|43|
13|348|216|0|97|1|43|
13|353|324|0|97|1|43|
13|381|216|0|97|1|43|
13|373|216|0|97|1|43|
13|351|216|0|97|1|43|
13|372|324|0|97|1|43|
13|380|216|0|97|1|43|
13|373|216|0|97|1|43|
13|383|324|0|97|1|43|
13|364|216|0|97|1|43|
13|375|216|0|97|1|43|
13|366|216|0|97|1|43|
13|375|324|0|97|1|43|
13|370|432|0|97|1|43|
13|361|216|0|97|1|43|
13|366|216|0|97|1|43|
13|356|216|0|97|1|43|
13|365|324|0|97|1|43|
13|372|216|0|97|1|43|
13|363|324|0|97|1|43|
13|371|216|0|97|1|43|
13|352|216|0|97|1|43|
13|350|324|0|97|1|43|
13|353|324|0|97|1|43|
13|359|324|0|97|1|43|
13|371|324|0|97|1|43|
13|363|216|0|97|1|43|
13|372|216|0|97|1|43|
13|364|216|0|97|1|43|
13|366|324|0|97|1|43|
13|370|324|0|97|1|43|
13|360|324|0|97|1|43|
13|364|216|0|97|1|43|
13|345|216|0|97|1|43|
13|375|216|0|97|1|43|
13|377|216|0|97|1|43|
13|355|324|0|97|1|43|
13|339|216|0|97|1|43|
13|1222|756|0|97|1|43|
13|344|216|0|97|1|43|
13|368|216|0|97|1|43|
13|367|216|0|97|1|43|
13|378|216|0|97|1|43|
13|438|216|0|97|1|43|
13|365|324|0|97|1|43|
13|369|324|0|97|1|43|
13|381|216|0|97|1|43|
13|369|216|0|97|1|43|
13|380|324|0|97|1|43|
13|370|324|0|97|1|43|
13|378|432|0|97|1|43|
13|366|324|0|97|1|43|
13|366|324|0|97|1|43|
13|368|216|0|97|1|43|
13|370|216|0|97|1|43|
13|330|108|0|97|1|43|
13|378|216|0|97|1|43|
13|361|216|0|97|1|43|
13|369|324|0|97|1|43|
13|361|216|0|97|1|43|
13|348|108|0|97|1|43|
13|934|648|0|97|1|43|
13|356|216|0|97|1|43|
13|365|216|0|97|1|43|
13|355|324|0|97|1|43|
13|352|216|0|97|1|43|
13|364|216|0|97|1|43|
13|371|324|0|97|1|43|
13|1165|864|0|97|1|43|
13|372|324|0|97|1|43|
13|740|432|0|97|1|43|
13|430|216|0|97|1|43|
13|402|216|0|97|1|43|
13|374|324|0|97|1|43|
13|425|324|0|97|1|43|
13|377|216|0|97|1|43|
13|354|108|0|97|1|43|
13|383|216|0|97|1|43|
13|378|324|0|97|1|43|
13|378|324|0|97|1|43|
13|353|108|0|97|1|43|
13|383|216|0|97|1|43|
13|385|216|0|97|1|43|
13|1053|648|0|97|1|43|
13|344|324|0|397|1|31|
13|344|216|0|97|1|43|
13|364|216|0|97|1|43|
13|361|216|0|97|1|43|
13|372|216|0|97|1|43|
13|362|324|0|97|1|43|
13|1258|864|0|97|1|43|
13|369|216|0|97|1|43|
13|347|216|0|97|1|43|
13|373|324|0|97|1|43|
13|374|216|0|97|1|43|
13|347|216|0|97|1|43|
13|381|324|0|97|1|43|
13|356|324|0|433|1|21|
13|400|216|0|403|1|4|
13|379|216|0|110|1|43|
13|400|324|0|490|1|14|
13|365|216|0|97|1|43|
13|381|324|0|97|1|43|
13|388|216|0|97|1|43|
13|385|216|0|97|1|43|
13|376|216|0|97|1|43|
13|377|324|0|97|1|43|
13|371|324|0|97|1|43|
13|383|324|0|97|1|43|
13|370|324|0|97|1|43|
13|383|432|0|97|1|43|
13|374|216|0|97|1|43|
13|347|216|0|97|1|43|
13|379|216|0|97|1|43|
13|374|216|0|97|1|43|
13|382|216|0|97|1|43|
13|379|432|0|97|1|43|
13|366|216|0|97|1|43|
13|652|540|0|97|1|43|
13|370|216|0|97|1|43|
13|367|432|0|97|1|43|
13|379|216|0|97|1|43|
13|370|324|0|97|1|43|
13|365|216|0|97|1|43|
13|367|216|0|97|1|43|
13|375|216|0|97|1|43|
13|394|216|0|582|1|7|
13|404|216|0|838|1|4|
13|394|216|0|801|1|2|
13|375|216|0|538|1|7|
13|351|108|0|97|1|43|
13|391|216|0|97|1|43|
13|377|216|0|97|1|43|
13|391|216|0|97|1|43|
13|382|216|0|97|1|43|
13|386|216|0|97|1|43|
13|374|324|0|97|1|43|
13|373|324|0|97|1|43|
13|390|324|0|97|1|43|
13|391|216|0|97|1|43|
13|375|216|0|97|1|43|
13|374|216|0|97|1|43|
13|376|216|0|97|1|43|
13|377|216|0|97|1|43|
13|379|216|0|97|1|43|
13|376|216|0|97|1|43|
13|350|216|0|97|1|43|
13|376|216|0|97|1|43|
13|386|216|0|97|1|43|
13|361|324|0|97|1|43|
13|362|216|0|97|1|43|
13|344|216|0|97|1|43|
13|367|216|0|97|1|43|
13|362|324|0|97|1|43|
13|417|432|0|211|1|25|
13|544|324|0|510|1|42|
13|408|216|0|748|1|0|
13|346|108|0|97|1|43|
13|392|324|0|97|1|43|
13|385|216|0|97|1|43|
13|363|216|0|97|1|43|
13|363|108|0|97|1|43|
13|377|216|0|97|1|43|
13|387|216|0|97|1|43|
13|372|216|0|97|1|43|
13|382|216|0|97|1|43|
13|383|216|0|97|1|43|
13|385|216|0|97|1|43|
13|377|324|0|97|1|43|
13|368|324|0|97|1|43|
13|375|324|0|97|1|43|
13|375|324|0|97|1|43|
13|1259|972|0|97|1|43|
13|381|216|0|97|1|43|
13|375|216|0|97|1|43|
13|368|216|0|97|1|43|
13|368|216|0|97|1|43|
13|374|324|0|97|1|43|
13|362|216|0|97|1|43|
13|368|216|0|97|1|43|
13|369|216|0|97|1|43|
13|380|216|0|97|1|43|
13|368|216|0|97|1|43|
13|391|432|0|518|1|11|
13|390|216|0|529|1|34|
13|405|216|0|208|1|40|
13|362|108|0|97|1|43|
13|1414|864|0|97|1|43|
13|393|324|0|97|1|43|
13|393|216|0|97|1|43|
13|378|108|0|97|1|43|
13|392|324|0|97|1|43|
13|387|216|0|97|1|43|
13|375|216|0|97|1|43|
13|377|216|0|97|1|43|
13|386|216|0|97|1|43|
13|383|324|0|97|1|43|
13|421|216|0|97|1|43|
13|369|216|0|97|1|43|
13|373|216|0|97|1|43|
13|365|216|0|97|1|43|
13|364|324|0|97|1|43|
13|380|216|0|97|1|43|
13|374|216|0|97|1|43|
13|376|216|0|97|1|43|
13|385|324|0|97|1|43|
13|375|324|0|97|1|43|
13|373|324|0|97|1|43|
13|370|216|0|97|1|43|
13|359|216|0|97|1|43|
13|382|216|0|97|1|43|
13|378|216|0|97|1|43|
13|379|324|0|226|1|20|
13|399|324|0|354|1|20|
13|397|324|0|577|1|10|
13|365|108|0|252|1|38|
13|389|216|0|97|1|43|
13|379|324|0|97|1|43|
13|388|216|0|97|1|43|
13|390|324|0|97|1|43|
13|396|216|0|97|1|43|
13|386|324|0|97|1|43|
13|380|216|0|97|1|43|
13|377|216|0|97|1|43|
13|385|216|0|97|1|43|
13|385|324|0|97|1|43|
13|382|216|0|97|1|43|
13|381|216|0|97|1|43|
13|381|216|0|97|1|43|
13|379|324|0|97|1|43|
13|372|216|0|97|1|43|
13|366|216|0|97|1|43|
13|371|216|0|97|1|43|
13|368|216|0|97|1|43|
13|377|216|0|97|1|43|
13|375|324|0|97|1|43|
13|370|324|0|97|1|43|
13|389|216|0|97|1|43|
13|380|216|0|97|1|43|
13|371|216|0|97|1|43|
13|346|216|0|97|1|43|
13|400|432|0|633|1|25|
13|385|324|0|512|1|21|
13|388|324|0|186|1|42|
13|387|216|0|97|1|43|
13|394|216|0|97|1|43|
13|381|216|0|97|1|43|
13|382|108|0|97|1|43|
13|376|216|0|97|1|43|
13|546|324|0|97|1|43|
13|376|324|0|97|1|43|
13|387|216|0|97|1|43|
13|368|216|0|97|1|43|
13|357|324|0|97|1|43|
13|368|324|0|97|1|43|
13|373|216|0|97|1|43|
13|1097|864|0|97|1|43|
13|373|216|0|97|1|43|
13|371|216|0|97|1|43|
13|388|324|0|97|1|43|
13|355|324|0|97|1|43|
13|362|216|0|97|1|43|
13|370|324|0|97|1|43|
13|375|216|0|97|1|43|
13|360|216|0|97|1|43|
13|366|216|0|97|1|43|
13|375|216|0|97|1|43|
13|397|216|0|549|1|29|
13|398|216|0|258|1|24|
13|403|324|0|408|1|4|
13|410|216|0|555|1|25|
13|820|540|0|97|1|43|
13|389|216|0|97|1|43|
13|384|324|0|97|1|43|
13|382|216|0|97|1|43|
13|380|108|0|97|1|43|
13|380|108|0|97|1|43|
13|390|216|0|97|1|43|
13|380|216|0|97|1|43|
13|380|324|0|97|1|43|
13|381|216|0|97|1|43|
13|380|324|0|97|1|43|
13|381|324|0|97|1|43|
13|375|324|0|97|1|43|
13|375|216|0|97|1|43|
13|378|216|0|97|1|43|
13|376|324|0|97|1|43|
13|379|216|0|97|1|43|
13|340|216|0|97|1|43|
13|363|216|0|97|1|43|
13|366|324|0|97|1|43|
13|378|216|0|97|1|43|
13|380|216|0|97|1|43|
13|378|216|0|97|1|43|
13|363|324|0|97|1|43|
13|351|216|0|97|1|43|
13|1551|1188|0|2017|1|2|
13|385|216|0|245|1|27|
13|400|216|0|537|1|25|
13|380|216|0|560|1|1|
13|391|216|0|97|1|43|
13|392|324|0|97|1|43|
13|392|216|0|97|1|43|
13|358|324|0|97|1|43|
13|381|216|0|97|1|43|
13|381|216|0|97|1|43|
13|388|324|0|97|1|43|
13|386|216|0|97|1|43|
13|381|324|0|97|1|43|
13|383|216|0|97|1|43|
13|378|324|0|97|1|43|
13|372|216|0|97|1|43|
13|364|216|0|97|1|43|
13|372|216|0|97|1|43|
13|367|324|0|97|1|43|
13|362|216|0|97|1|43|
13|355|216|0|97|1|43|
13|367|216|0|97|1|43|
13|374|324|0|97|1|43|
13|366|216|0|97|1|43|
13|373|216|0|97|1|43|
13|378|216|0|97|1|43|
13|371|216|0|97|1|43|
13|377|216|0|97|1|43|
13|370|216|0|97|1|43|
13|404|216|0|581|1|0|
13|395|216|0|338|1|38|
13|397|324|0|572|1|17|
13|404|324|0|735|1|11|
13|395|216|0|97|1|43|
13|385|216|0|97|1|43|
13|393|216|0|97|1|43|
13|514|216|0|97|1|43|
13|381|324|0|97|1|43|
13|394|216|0|97|1|43|
13|382|324|0|97|1|43|
13|378|216|0|97|1|43|
13|380|324|0|97|1|43|
13|375|216|0|97|1|43|
13|381|216|0|97|1|43|
13|373|216|0|97|1|43|
13|344|216|0|97|1|43|
13|368|324|0|97|1|43|
13|362|324|0|97|1|43|
13|339|216|0|97|1|43|
13|1502|1188|0|97|1|43|
13|375|216|0|97|1|43|
13|368|216|0|97|1|43|
13|378|432|0|97|1|43|
13|369|324|0|97|1|43|
13|366|216|0|97|1|43|
13|371|216|0|97|1|43|
13|361|324|0|97|1|43|
13|369|216|0|97|1|43|
13|391|324|0|593|1|18|
13|388|216|0|894|1|11|
13|385|324|0|383|1|43|
13|374|216|0|408|1|42|
13|389|216|0|97|1|43|
13|381|216|0|97|1|43|
13|379|216|0|97|1|43|
13|389|216|0|97|1|43|
13|350|216|0|97|1|43|
13|388|216|0|97|1|43|
13|382|216|0|97|1|43|
13|377|432|0|97|1|43|
13|383|324|0|97|1|43|
13|377|216|0|97|1|43|
13|386|324|0|97|1|43|
13|376|216|0|97|1|43|
13|380|216|0|97|1|43|
13|378|216|0|97|1|43|
13|365|216|0|97|1|43|
13|334|324|0|97|1|43|
13|371|216|0|97|1|43|
13|364|216|0|97|1|43|
13|378|216|0|97|1|43|
13|370|324|0|97|1|43|
13|377|324|0|97|1|43|
13|379|216|0|97|1|43|
13|350|216|0|97|1|43|
13|377|324|0|97|1|43|
13|349|216|0|97|1|43|
13|347|108|0|296|1|40|
13|392|432|0|618|1|2|
13|409|216|0|628|1|38|
13|379|216|0|431|1|25|
13|382|216|0|97|1|43|
13|387|216|0|97|1|43|
13|380|216|0|97|1|43|
13|365|324|0|97|1|43|
13|377|324|0|97|1|43|
13|382|216|0|97|1|43|
13|357|108|0|97|1|43|
13|373|324|0|97|1|43|
13|379|216|0|97|1|43|
13|378|324|0|97|1|43|
13|374|324|0|97|1|43|
13|368|324|0|97|1|43|
13|1482|1080|0|97|1|43|
13|369|324|0|97|1|43|
13|370|216|0|97|1|43|
13|368|324|0|97|1|43|
13|1434|972|0|97|1|43|
13|376|216|0|97|1|43|
13|382|324|0|97|1|43|
13|360|216|0|97|1|43|
13|352|324|0|97|1|43|
13|341|216|0|97|1|43|
13|352|216|0|97|1|43|
13|341|216|0|97|1|43|
13|415|432|0|585|1|22|
13|398|324|0|578|1|5|
13|992|540|0|420|1|71|
13|380|216|0|97|1|43|
13|374|216|0|97|1|43|
13|387|216|0|97|1|43|
13|378|216|0|97|1|43|
13|383|216|0|97|1|43|
13|380|216|0|97|1|43|
13|385|216|0|97|1|43|
13|373|216|0|97|1|43|
13|374|216|0|97|1|43|
13|371|216|0|97|1|43|
13|353|216|0|97|1|43|
13|347|108|0|97|1|43|
13|369|324|0|97|1|43|
13|344|216|0|97|1|43|
13|374|216|0|97|1|43|
13|362|216|0|97|1|43|
13|380|216|0|97|1|43|
13|363|324|0|97|1|43|
13|377|432|0|97|1|43|
13|362|324|0|97|1|43|
13|362|324|0|97|1|43|
13|366|216|0|97|1|43|
13|359|216|0|97|1|43|
13|368|216|0|97|1|43|
13|349|216|0|97|1|43|
13|411|432|0|97|1|43|
13|390|324|0|584|1|3|
13|386|216|0|520|1|15|
13|413|324|0|366|1|1|
13|357|324|0|97|1|43|
13|390|216|0|97|1|43|
13|382|216|0|97|1|43|
13|467|324|0|97|1|43|
13|389|216|0|97|1|43|
13|392|216|0|97|1|43|
13|397|216|0|97|1|43|
13|380|216|0|97|1|43|
13|389|324|0|97|1|43|
13|377|324|0|97|1|43|
13|381|216|0|97|1|43|
13|380|216|0|97|1|43|
13|375|216|0|97|1|43|
13|387|216|0|97|1|43|
13|370|324|0|97|1|43|
13|386|324|0|97|1|43|
13|361|324|0|97|1|43|
13|362|216|0|97|1|43|
13|356|216|0|97|1|43|
13|362|216|0|97|1|43|
13|379|216|0|97|1|43|
13|370|216|0|97|1|43|
13|351|216|0|97|1|43|
13|369|216|0|97|1|43|
13|1909|1296|0|886|1|2|
13|387|324|0|611|1|7|
13|422|324|0|628|1|33|
13|360|216|0|272|1|42|
13|395|216|0|97|1|43|
13|379|216|0|97|1|43|
13|386|216|0|97|1|43|
13|386|324|0|97|1|43|
13|384|324|0|97|1|43|
13|387|324|0|97|1|43|
13|373|216|0|97|1|43|
13|382|324|0|97|1|43|
13|341|216|0|97|1|43|
13|373|216|0|97|1|43|
13|378|216|0|97|1|43|
13|363|216|0|97|1|43|
13|373|216|0|97|1|43|
13|355|216|0|97|1|43|
13|367|216|0|97|1|43|
13|337|216|0|97|1|43|
13|366|216|0|97|1|43|
13|379|216|0|97|1|43|
13|374|216|0|97|1|43|
13|355|216|0|97|1|43|
13|571|324|0|97|1|43|
13|379|216|0|97|1|43|
13|364|216|0|154|1|37|
13|514|432|0|380|1|18|
13|408|216|0|553|1|22|
13|411|324|0|562|1|13|
13|389|324|0|97|1|43|
13|370|216|0|97|1|43|
13|378|216|0|97|1|43|
13|388|216|0|97|1|43|
13|387|216|0|97|1|43|
13|377|216|0|97|1|43|
13|386|216|0|97|1|43|
13|385|216|0|97|1|43|
13|385|216|0|97|1|43|
13|386|324|0|97|1|43|
13|386|216|0|97|1|43|
13|384|216|0|97|1|43|
13|368|216|0|97|1|43|
13|378|216|0|97|1|43|
13|367|216|0|97|1|43|
13|379|216|0|97|1|43|
13|364|324|0|97|1|43|
13|359|216|0|97|1|43|
13|373|324|0|97|1|43|
13|368|216|0|97|1|43|
13|375|432|0|97|1|43|
13|368|216|0|97|1|43|
13|371|216|0|97|1|43|
13|368|216|0|97|1|43|
13|368|216|0|97|1|43|
13|1097|648|0|1244|1|30|
13|390|216|0|425|1|41|
13|344|324|0|97|1|43|
13|383|108|0|97|1|43|
13|376|216|0|97|1|43|
13|381|216|0|97|1|43|
13|386|216|0|97|1|43|
13|386|324|0|97|1|43|
13|384|216|0|97|1|43|
13|387|216|0|97|1|43|
13|378|216|0|97|1|43|
13|381|324|0|97|1|43|
13|1196|756|0|97|1|43|
13|379|216|0|97|1|43|
13|707|432|0|97|1|43|
13|369|324|0|97|1|43|
13|373|216|0|97|1|43|
13|750|540|0|97|1|43|
13|374|216|0|97|1|43|
13|366|324|0|97|1|43|
13|350|216|0|97|1|43|
13|360|216|0|97|1|43|
13|377|216|0|97|1|43|
13|365|216|0|97|1|43|
13|366|216|0|97|1|43|
13|340|216|0|97|1|43|
13|367|216|0|97|1|43|
13|791|432|0|97|1|43|
13|337|108|0|97|1|43|
13|359|216|0|97|1|43|
13|373|216|0|97|1|43|
13|382|216|0|97|1|43|
13|387|216|0|97|1|43|
13|382|108|0|97|1|43|
13|380|324|0|97|1|43|
13|384|216|0|97|1|43|
13|373|216|0|97|1|43|
13|380|216|0|97|1|43|
13|380|432|0|97|1|43|
13|367|324|0|97|1|43|
13|364|216|0|97|1|43|
13|367|216|0|97|1|43|
13|1219|756|0|97|1|43|
13|361|216|0|97|1|43|
13|368|216|0|97|1|43|
13|381|324|0|97|1|43|
13|362|216|0|97|1|43|
13|378|216|0|97|1|43|
13|373|216|0|97|1|43|
13|359|216|0|97|1|43|
13|369|216|0|97|1|43|
13|367|216|0|97|1|43|
13|371|216|0|97|1|43|
13|375|216|0|97|1|43|
13|398|324|0|97|1|43|
13|375|216|0|97|1|43|
13|628|432|0|97|1|43|
13|372|324|0|97|1|43|
13|371|324|0|97|1|43|
13|419|216|0|97|1|43|
13|386|324|0|97|1|43|
13|393|216|0|97|1|43|
13|382|324|0|97|1|43|
13|373|216|0|97|1|43|
13|376|216|0|97|1|43|
13|376|216|0|97|1|43|
13|376|324|0|97|1|43|
13|380|216|0|97|1|43|
13|368|324|0|97|1|43|
13|360|324|0|97|1|43|
13|375|216|0|97|1|43|
13|363|216|0|97|1|43|
13|375|216|0|97|1|43|
13|369|324|0|97|1|43|
13|378|216|0|97|1|43|
13|405|216|0|97|1|43|
13|361|324|0|97|1|43|
13|375|216|0|97|1|43|
13|379|216|0|97|1|43|
13|380|216|0|97|1|43|
13|378|216|0|97|1|43|
13|380|432|0|97|1|43|
13|376|216|0|97|1|43|
13|350|108|0|97|1|43|
13|373|216|0|97|1|43|
13|339|216|0|97|1|43|
13|348|324|0|97|1|43|
13|340|324|0|97|1|43|
13|385|324|0|97|1|43|
13|372|216|0|97|1|43|
13|378|216|0|97|1|43|
13|387|216|0|97|1|43|
13|384|324|0|97|1|43|
13|377|216|0|97|1|43|
13|387|216|0|97|1|43|
13|377|216|0|97|1|43|
13|388|324|0|97|1|43|
13|369|216|0|97|1|43|
13|385|216|0|97|1|43|
13|362|216|0|97|1|43|
13|376|216|0|97|1|43|
13|366|216|0|97|1|43|
13|368|216|0|97|1|43|
13|363|216|0|97|1|43|
13|367|216|0|97|1|43|
13|365|216|0|97|1|43|
13|368|324|0|97|1|43|
13|360|324|0|97|1|43|
13|365|216|0|97|1|43|
13|372|324|0|97|1|43|
13|368|324|0|97|1|43|
13|342|216|0|97|1|43|
13|345|216|0|97|1|43|
13|372|324|0|97|1|43|
13|383|216|0|97|1|43|
13|370|324|0|97|1|43|
13|1574|1188|0|97|1|43|
13|374|216|0|97|1|43|
13|383|216|0|97|1|43|
13|373|216|0|97|1|43|
13|382|216|0|97|1|43|
13|384|216|0|97|1|43|
13|377|324|0|97|1|43|
13|374|216|0|97|1|43|
13|375|216|0|97|1|43|
13|365|216|0|97|1|43|
13|366|324|0|97|1|43|
13|728|432|0|97|1|43|
13|374|216|0|97|1|43|
13|368|324|0|97|1|43|
13|372|216|0|97|1|43|
13|910|648|0|97|1|43|
13|367|324|0|97|1|43|
13|377|324|0|97|1|43|
13|367|216|0|97|1|43|
13|376|324|0|97|1|43|
13|378|432|0|97|1|43|
13|378|216|0|97|1|43|
13|378|324|0|97|1|43|
13|367|324|0|97|1|43|
13|360|216|0|97|1|43|
13|373|324|0|97|1|43|
13|358|324|0|97|1|43|
13|361|324|0|97|1|43|
13|360|216|0|97|1|43|
13|355|216|0|97|1|43|
13|1154|756|0|461|1|27|
13|359|216|0|159|1|43|
13|417|324|0|331|1|20|
13|369|216|0|430|1|14|
13|389|216|0|97|1|43|
13|378|216|0|97|1|43|
13|387|324|0|97|1|43|
13|380|216|0|97|1|43|
13|387|324|0|97|1|43|
13|381|216|0|97|1|43|
13|349|324|0|97|1|43|
13|350|324|0|97|1|43|
