INSTRUCTIONS_RETIRED|CYCLES|UNKNOWN|LD_BLOCKS.STORE_FORWARD|UOPS_EXECUTED.CORE|BR_MISP_RETIRED.ALL_BRANCHES|UOPS_ISSUED.SLOW_LEA|
13|390|216|0|149|1|141|
13|384|216|0|147|1|137|
13|387|108|0|149|1|137|
13|379|216|0|146|1|137|
13|380|324|0|146|1|141|
13|357|216|0|138|1|137|
13|379|324|0|145|1|141|
13|369|324|0|142|1|137|
13|378|216|0|145|1|137|
13|432|324|0|242|1|72|
13|358|324|0|138|1|137|
13|366|216|0|141|1|137|
13|382|216|0|146|1|137|
13|364|324|0|141|1|137|
13|383|216|0|146|1|141|
13|393|216|0|150|1|137|
13|380|324|0|146|1|141|
13|394|324|0|150|1|141|
13|381|216|0|146|1|141|
13|396|216|0|151|1|137|
13|394|216|0|150|1|137|
13|387|216|0|148|1|141|
13|386|216|0|147|1|137|
13|384|324|0|147|1|137|
13|383|324|0|147|1|137|
13|379|216|0|145|1|137|
13|380|216|0|146|1|137|
13|390|324|0|148|1|137|
13|388|216|0|148|1|137|
13|388|324|0|149|1|141|
13|393|216|0|151|1|137|
13|378|216|0|145|1|137|
13|387|216|0|148|1|141|
13|381|216|0|146|1|137|
13|386|216|0|147|1|137|
13|378|324|0|145|1|137|
13|383|216|0|147|1|141|
13|381|216|0|146|1|135|
13|1489|864|0|193|1|141|
13|354|108|0|137|1|137|
13|381|324|0|147|1|141|
13|517|432|0|189|1|137|
13|364|216|0|141|1|137|
13|417|216|0|158|1|141|
13|353|216|0|137|1|137|
13|392|216|0|149|1|141|
13|381|324|0|146|1|137|
13|391|216|0|150|1|137|
13|385|324|0|147|1|141|
13|376|216|0|144|1|141|
13|393|216|0|151|1|137|
13|384|216|0|147|1|141|
13|381|324|0|146|1|137|
13|380|216|0|146|1|137|
13|381|216|0|146|1|137|
13|382|324|0|146|1|137|
13|360|216|0|139|1|137|
13|385|108|0|147|1|137|
13|391|216|0|150|1|141|
13|378|216|0|146|1|137|
13|384|216|0|147|1|137|
13|379|216|0|145|1|137|
13|382|216|0|147|1|137|
13|386|324|0|148|1|137|
13|390|216|0|149|1|137|
13|395|216|0|150|1|137|
13|396|324|0|151|1|137|
13|1810|1080|0|193|1|141|
13|358|216|0|138|1|137|
13|392|324|0|149|1|137|
13|382|216|0|278|1|77|
13|384|324|0|687|1|9|
13|362|216|0|141|1|137|
13|399|216|0|152|1|137|
13|392|324|0|150|1|139|
13|393|324|0|151|1|141|
13|396|216|0|150|1|137|
13|383|216|0|147|1|141|
13|385|216|0|147|1|141|
13|382|216|0|147|1|141|
13|381|324|0|146|1|137|
13|388|216|0|148|1|141|
13|391|216|0|150|1|141|
13|380|324|0|146|1|141|
13|384|324|0|147|1|137|
13|395|324|0|150|1|141|
13|383|216|0|146|1|137|
13|399|216|0|152|1|137|
13|379|324|0|145|1|137|
13|393|216|0|150|1|141|
13|1316|756|0|189|1|137|
13|392|324|0|150|1|141|
13|384|108|0|146|1|141|
13|386|324|0|148|1|141|
13|393|216|0|150|1|141|
13|382|324|0|147|1|137|
13|395|216|0|198|1|75|
13|365|324|0|141|1|137|
13|361|216|0|219|1|77|
13|382|324|0|146|1|137|
13|384|216|0|147|1|137|
13|393|216|0|150|1|137|
13|388|216|0|148|1|137|
13|383|324|0|146|1|137|
13|365|216|0|141|1|141|
13|385|216|0|147|1|137|
13|398|216|0|152|1|137|
13|382|324|0|146|1|137|
13|394|216|0|150|1|141|
13|386|324|0|148|1|141|
13|378|108|0|146|1|137|
13|383|216|0|147|1|137|
13|390|324|0|148|1|137|
13|390|216|0|149|1|137|
13|385|216|0|147|1|137|
13|391|216|0|149|1|137|
13|1657|1080|0|189|1|137|
13|1609|972|0|193|1|141|
13|390|216|0|149|1|137|
13|398|216|0|151|1|137|
13|357|324|0|138|1|141|
13|395|216|0|150|1|137|
13|350|216|0|136|1|141|
13|499|324|0|185|1|137|
13|572|324|0|240|1|140|
13|382|216|0|146|1|141|
13|352|216|0|136|1|137|
13|395|324|0|151|1|137|
13|586|432|0|193|1|141|
13|397|324|0|151|1|137|
13|356|324|0|138|1|139|
13|1804|1188|0|193|1|141|
13|395|216|0|150|1|141|
13|392|324|0|150|1|141|
13|386|324|0|147|1|137|
13|387|216|0|148|1|141|
13|388|216|0|148|1|137|
13|390|216|0|149|1|137|
13|386|216|0|147|1|137|
13|393|324|0|150|1|137|
13|389|216|0|148|1|137|
13|393|324|0|150|1|137|
13|389|324|0|149|1|141|
13|390|216|0|149|1|141|
13|391|216|0|149|1|137|
13|368|216|0|141|1|137|
13|393|216|0|150|1|137|
13|382|216|0|147|1|137|
13|367|108|0|141|1|137|
13|382|216|0|146|1|137|
13|353|216|0|137|1|139|
13|381|216|0|146|1|139|
13|471|324|0|176|1|137|
13|384|324|0|148|1|141|
13|398|216|0|151|1|137|
13|1244|756|0|189|1|137|
13|380|324|0|145|1|137|
13|393|216|0|150|1|137|
13|397|324|0|151|1|137|
13|399|216|0|151|1|137|
13|391|324|0|149|1|141|
13|392|216|0|150|1|141|
13|390|324|0|149|1|137|
13|389|216|0|149|1|137|
13|1522|972|0|189|1|137|
13|380|216|0|145|1|137|
13|396|216|0|151|1|137|
13|390|216|0|149|1|137|
13|397|216|0|151|1|141|
13|395|216|0|150|1|137|
13|393|216|0|150|1|137|
13|394|216|0|150|1|137|
13|394|216|0|150|1|137|
13|368|216|0|141|1|141|
13|373|216|0|143|1|135|
13|386|324|0|147|1|137|
13|360|216|0|139|1|137|
13|402|324|0|728|1|0|
13|380|324|0|146|1|137|
13|359|108|0|139|1|137|
13|379|216|0|145|1|137|
13|382|216|0|146|1|137|
13|394|216|0|150|1|137|
13|1431|972|0|189|1|137|
13|388|216|0|148|1|137|
13|381|216|0|146|1|137|
13|385|324|0|147|1|141|
13|388|324|0|148|1|137|
13|386|216|0|147|1|137|
13|386|216|0|147|1|137|
13|381|324|0|146|1|141|
13|388|216|0|148|1|137|
13|385|216|0|148|1|137|
13|701|432|0|189|1|137|
13|388|324|0|148|1|137|
13|389|216|0|148|1|137|
13|390|216|0|149|1|141|
13|394|216|0|150|1|141|
13|390|216|0|149|1|137|
13|372|324|0|143|1|141|
13|389|324|0|148|1|137|
13|370|216|0|142|1|137|
13|361|216|0|139|1|137|
13|353|216|0|137|1|137|
13|392|324|0|150|1|137|
13|382|216|0|147|1|141|
13|379|216|0|145|1|137|
13|381|216|0|146|1|141|
13|376|108|0|144|1|137|
13|361|216|0|139|1|141|
13|392|216|0|149|1|137|
13|387|216|0|147|1|137|
13|1644|1080|0|189|1|137|
13|365|216|0|140|1|137|
13|384|216|0|147|1|137|
13|381|108|0|145|1|141|
13|383|216|0|146|1|137|
13|390|324|0|149|1|137|
13|386|324|0|147|1|137|
13|378|324|0|145|1|137|
13|392|216|0|149|1|137|
13|381|324|0|146|1|137|
13|392|216|0|149|1|141|
13|381|216|0|145|1|137|
13|381|216|0|147|1|137|
13|397|216|0|151|1|137|
13|515|324|0|191|1|141|
13|392|216|0|150|1|137|
13|386|324|0|148|1|137|
13|451|324|0|169|1|137|
13|382|216|0|147|1|125|
13|424|216|0|160|1|137|
13|359|324|0|139|1|137|
13|385|216|0|147|1|137|
13|388|324|0|148|1|137|
13|398|216|0|152|1|141|
13|383|216|0|147|1|141|
13|386|216|0|147|1|137|
13|387|216|0|148|1|137|
13|415|324|0|158|1|137|
13|1707|972|0|189|1|137|
13|380|216|0|145|1|141|
13|382|216|0|146|1|141|
13|398|216|0|151|1|137|
13|381|216|0|146|1|141|
13|397|216|0|151|1|137|
13|387|216|0|148|1|137|
13|373|216|0|143|1|137|
13|385|216|0|147|1|137|
13|357|324|0|138|1|141|
13|385|216|0|148|1|141|
13|384|216|0|147|1|141|
13|358|216|0|138|1|137|
13|439|324|0|165|1|137|
13|353|216|0|137|1|137|
13|362|108|0|139|1|137|
13|1356|756|0|193|1|141|
13|365|216|0|278|1|74|
13|353|216|0|136|1|137|
13|457|324|0|171|1|141|
13|358|108|0|139|1|137|
13|354|216|0|137|1|137|
13|1198|756|0|189|1|137|
13|353|216|0|136|1|141|
13|381|324|0|146|1|137|
13|356|216|0|137|1|137|
13|384|216|0|147|1|137|
13|382|216|0|146|1|137|
13|382|216|0|146|1|137|
13|396|216|0|151|1|137|
13|387|216|0|148|1|141|
13|364|108|0|140|1|137|
13|400|216|0|152|1|137|
13|396|216|0|151|1|137|
13|387|216|0|148|1|141|
13|419|324|0|158|1|137|
13|383|324|0|146|1|141|
13|396|324|0|151|1|137|
13|391|324|0|149|1|141|
13|398|216|0|151|1|137|
13|394|216|0|150|1|137|
13|386|216|0|148|1|141|
13|491|324|0|182|1|137|
13|349|216|0|135|1|137|
13|384|324|0|147|1|141|
13|368|216|0|142|1|141|
13|366|324|0|643|1|3|
13|374|216|0|143|1|137|
13|374|216|0|143|1|137|
13|381|216|0|146|1|141|
13|370|216|0|142|1|137|
13|377|216|0|144|1|137|
13|386|324|0|147|1|137|
13|377|216|0|145|1|137|
13|376|216|0|144|1|141|
13|383|216|0|146|1|137|
13|376|216|0|144|1|137|
13|373|216|0|143|1|137|
13|387|324|0|148|1|141|
13|381|216|0|145|1|137|
13|365|216|0|140|1|137|
13|365|216|0|141|1|137|
13|381|324|0|147|1|137|
13|361|324|0|139|1|141|
13|366|216|0|141|1|137|
13|365|216|0|141|1|137|
13|381|216|0|146|1|137|
13|383|324|0|147|1|139|
13|368|324|0|142|1|137|
13|379|216|0|145|1|137|
13|357|324|0|138|1|137|
13|380|324|0|146|1|137|
13|368|216|0|141|1|141|
13|347|216|0|134|1|141|
13|360|324|0|139|1|137|
13|348|216|0|135|1|139|
13|372|216|0|143|1|137|
13|378|216|0|145|1|137|
13|347|216|0|134|1|137|
13|561|324|0|193|1|141|
13|370|324|0|143|1|137|
13|367|216|0|141|1|137|
13|373|216|0|143|1|137|
13|384|324|0|147|1|141|
13|382|324|0|146|1|137|
13|391|216|0|149|1|135|
13|398|216|0|151|1|137|
13|393|324|0|150|1|137|
13|387|216|0|148|1|139|
13|389|216|0|148|1|141|
13|379|216|0|145|1|137|
13|387|324|0|148|1|137|
13|382|216|0|146|1|141|
13|389|216|0|148|1|137|
13|378|324|0|145|1|137|
13|378|324|0|144|1|141|
13|371|216|0|143|1|141|
13|384|216|0|146|1|141|
13|386|324|0|147|1|141|
13|361|216|0|139|1|141|
13|339|216|0|132|1|141|
13|355|216|0|178|1|83|
13|384|324|0|329|1|75|
13|529|324|0|348|1|65|
13|359|216|0|139|1|137|
13|362|216|0|140|1|137|
13|350|324|0|135|1|137|
13|358|324|0|138|1|137|
13|356|108|0|137|1|137|
13|541|432|0|189|1|137|
13|365|216|0|140|1|137|
13|349|324|0|135|1|139|
13|386|216|0|147|1|137|
13|378|216|0|144|1|137|
13|384|216|0|147|1|137|
13|365|108|0|141|1|137|
13|382|216|0|146|1|141|
13|380|324|0|145|1|137|
13|372|216|0|144|1|137|
13|384|216|0|147|1|141|
13|388|324|0|149|1|137|
13|389|324|0|148|1|137|
13|387|216|0|148|1|137|
13|377|216|0|145|1|137|
13|353|216|0|136|1|137|
13|374|216|0|143|1|137|
13|379|216|0|145|1|141|
13|375|324|0|143|1|137|
13|378|324|0|145|1|139|
13|390|216|0|149|1|137|
13|360|216|0|139|1|137|
13|385|216|0|147|1|141|
13|368|216|0|142|1|139|
13|382|216|0|146|1|139|
13|369|324|0|142|1|141|
13|347|216|0|135|1|141|
13|374|216|0|143|1|139|
13|382|216|0|146|1|137|
13|388|216|0|149|1|137|
13|388|324|0|149|1|137|
13|362|324|0|140|1|141|
13|361|216|0|139|1|137|
13|392|324|0|149|1|137|
13|388|324|0|148|1|137|
13|1657|1080|0|189|1|137|
13|352|216|0|136|1|137|
13|1656|1080|0|193|1|141|
13|394|216|0|150|1|137|
13|386|216|0|148|1|137|
13|433|216|0|163|1|137|
13|387|216|0|148|1|139|
13|395|324|0|151|1|137|
13|382|324|0|146|1|137|
13|401|324|0|152|1|137|
13|526|432|0|189|1|137|
13|393|216|0|150|1|137|
13|381|216|0|145|1|137|
13|376|216|0|144|1|137|
13|375|324|0|144|1|137|
13|382|216|0|146|1|137|
13|377|324|0|144|1|137|
13|374|216|0|143|1|137|
13|374|216|0|144|1|137|
13|371|216|0|142|1|137|
13|371|324|0|142|1|137|
13|346|324|0|134|1|137|
13|1669|1188|0|259|1|141|
13|394|216|0|150|1|137|
13|361|216|0|139|1|137|
13|383|324|0|146|1|137|
13|397|324|0|151|1|137|
13|391|216|0|149|1|137|
13|392|324|0|150|1|137|
13|397|324|0|151|1|137|
13|384|216|0|147|1|137|
13|396|216|0|151|1|139|
13|384|216|0|147|1|137|
13|393|216|0|151|1|141|
13|380|216|0|146|1|141|
13|397|216|0|151|1|137|
13|375|216|0|144|1|139|
13|378|324|0|144|1|137|
13|383|324|0|147|1|141|
13|375|216|0|144|1|137|
13|363|216|0|140|1|137|
13|382|216|0|146|1|137|
13|375|216|0|144|1|137|
13|386|216|0|147|1|137|
13|377|216|0|144|1|137|
13|374|216|0|143|1|137|
13|385|216|0|147|1|137|
13|380|216|0|146|1|141|
13|375|216|0|144|1|141|
13|351|216|0|137|1|137|
13|364|324|0|140|1|137|
13|388|216|0|148|1|137|
13|379|216|0|145|1|141|
13|357|324|0|137|1|137|
13|384|216|0|146|1|141|
13|392|216|0|149|1|137|
13|1831|1080|0|189|1|137|
13|391|216|0|149|1|137|
13|1201|756|0|189|1|137|
13|381|216|0|146|1|141|
13|394|324|0|150|1|141|
13|383|216|0|146|1|137|
13|397|216|0|151|1|137|
13|387|216|0|148|1|137|
13|392|216|0|149|1|137|
13|383|324|0|146|1|137|
13|393|216|0|150|1|137|
13|385|324|0|147|1|137|
13|380|216|0|146|1|137|
13|383|216|0|146|1|137|
13|369|216|0|142|1|137|
13|382|324|0|146|1|137|
13|371|216|0|143|1|137|
13|377|216|0|145|1|141|
13|382|216|0|147|1|141|
13|383|216|0|146|1|141|
13|1681|1188|0|189|1|137|
13|372|216|0|143|1|137|
13|379|216|0|145|1|137|
13|386|216|0|148|1|137|
13|399|216|0|697|1|1|
13|422|324|0|823|1|17|
13|381|216|0|146|1|137|
13|391|216|0|149|1|137|
13|394|216|0|150|1|137|
13|384|324|0|147|1|137|
13|1712|972|0|189|1|137|
13|389|324|0|149|1|137|
13|395|216|0|150|1|137|
13|1494|864|0|189|1|137|
13|379|324|0|145|1|137|
13|379|216|0|145|1|137|
13|375|216|0|144|1|137|
13|382|324|0|147|1|141|
13|380|216|0|145|1|137|
13|377|216|0|144|1|137|
13|379|216|0|145|1|141|
13|374|216|0|143|1|137|
13|395|324|0|151|1|137|
13|392|216|0|149|1|137|
13|388|216|0|148|1|137|
13|395|324|0|150|1|137|
13|369|324|0|142|1|137|
13|383|216|0|147|1|137|
13|382|324|0|146|1|137|
13|382|216|0|146|1|137|
13|378|216|0|145|1|137|
13|358|216|0|138|1|141|
13|380|324|0|146|1|137|
13|1664|972|0|189|1|137|
13|395|324|0|150|1|137|
13|391|216|0|149|1|137|
13|386|324|0|147|1|137|
13|384|324|0|147|1|141|
13|376|216|0|144|1|141|
13|1494|972|0|189|1|137|
13|389|324|0|149|1|137|
13|394|324|0|150|1|137|
13|393|216|0|150|1|137|
13|397|216|0|151|1|137|
13|390|216|0|150|1|137|
13|381|216|0|146|1|137|
13|1516|972|0|193|1|141|
13|385|216|0|147|1|137|
13|376|324|0|144|1|141|
13|378|216|0|144|1|137|
13|365|324|0|141|1|137|
13|368|216|0|142|1|137|
13|376|216|0|144|1|137|
13|372|216|0|143|1|139|
13|374|324|0|143|1|137|
13|370|324|0|142|1|137|
13|370|216|0|142|1|137|
13|356|216|0|137|1|141|
13|385|216|0|148|1|137|
13|385|324|0|147|1|137|
13|373|216|0|143|1|141|
13|386|216|0|147|1|141|
13|383|216|0|147|1|137|
13|376|216|0|144|1|141|
13|385|324|0|148|1|137|
13|384|216|0|147|1|137|
13|378|216|0|145|1|141|
13|380|216|0|146|1|141|
13|396|324|0|151|1|137|
13|384|324|0|146|1|137|
13|913|540|0|189|1|137|
13|395|216|0|151|1|137|
13|405|216|0|378|1|25|
13|378|216|0|145|1|137|
13|383|324|0|146|1|141|
13|365|216|0|140|1|137|
13|385|216|0|147|1|137|
13|390|216|0|150|1|137|
13|377|216|0|144|1|137|
13|390|216|0|149|1|137|
13|373|216|0|143|1|137|
13|379|216|0|145|1|137|
13|384|216|0|147|1|137|
13|369|216|0|142|1|141|
13|381|216|0|146|1|137|
13|362|324|0|139|1|137|
13|378|216|0|145|1|141|
13|379|216|0|145|1|137|
13|573|432|0|267|1|59|
13|388|216|0|148|1|137|
13|555|324|0|189|1|137|
13|613|540|0|189|1|137|
13|347|324|0|135|1|141|
13|365|216|0|141|1|137|
13|375|216|0|144|1|137|
13|350|324|0|135|1|137|
13|383|324|0|147|1|137|
13|360|216|0|140|1|137|
13|383|216|0|146|1|137|
13|384|216|0|147|1|141|
13|387|216|0|148|1|141|
13|383|324|0|147|1|137|
13|385|324|0|147|1|141|
13|387|216|0|148|1|137|
13|377|216|0|145|1|141|
13|387|216|0|148|1|137|
13|375|216|0|145|1|137|
13|386|216|0|148|1|137|
13|368|216|0|141|1|137|
13|813|648|0|189|1|137|
13|490|216|0|182|1|141|
13|370|324|0|142|1|137|
13|382|216|0|146|1|137|
13|360|324|0|139|1|137|
13|379|216|0|145|1|141|
13|373|324|0|143|1|137|
13|342|216|0|133|1|137|
13|374|324|0|143|1|137|
13|342|216|0|133|1|133|
13|354|216|0|137|1|137|
13|350|216|0|135|1|139|
13|514|324|0|336|1|55|
13|387|324|0|148|1|137|
13|562|324|0|191|1|139|
13|392|324|0|150|1|141|
13|383|324|0|147|1|137|
13|389|216|0|149|1|137|
13|384|216|0|146|1|137|
13|359|108|0|139|1|141|
13|393|216|0|150|1|137|
13|385|216|0|147|1|137|
13|378|216|0|145|1|141|
13|394|216|0|150|1|141|
13|379|216|0|145|1|137|
13|388|216|0|148|1|141|
13|1089|648|0|189|1|137|
13|372|216|0|143|1|137|
13|386|324|0|147|1|137|
13|366|216|0|141|1|141|
13|367|324|0|141|1|137|
13|371|432|0|144|1|141|
13|366|324|0|140|1|137|
13|365|324|0|140|1|137|
13|375|216|0|144|1|137|
13|376|324|0|144|1|137|
13|381|216|0|146|1|141|
13|377|216|0|144|1|137|
13|374|216|0|143|1|137|
13|381|216|0|147|1|137|
13|354|324|0|137|1|137|
13|488|216|0|182|1|137|
13|380|216|0|145|1|141|
13|386|324|0|148|1|141|
13|393|216|0|150|1|137|
13|393|324|0|150|1|137|
13|374|216|0|144|1|137|
13|389|216|0|149|1|137|
13|393|324|0|150|1|137|
13|381|216|0|146|1|137|
13|381|216|0|146|1|137|
13|361|216|0|139|1|141|
13|391|216|0|149|1|137|
13|391|216|0|150|1|137|
13|386|216|0|147|1|137|
13|375|216|0|144|1|137|
13|390|216|0|149|1|141|
13|380|324|0|145|1|137|
13|378|216|0|146|1|137|
13|373|216|0|144|1|137|
13|381|324|0|146|1|137|
13|385|324|0|147|1|141|
13|377|324|0|144|1|137|
13|381|216|0|146|1|137|
13|372|216|0|143|1|137|
13|386|324|0|148|1|137|
13|368|216|0|141|1|137|
13|381|216|0|146|1|137|
13|368|216|0|141|1|137|
13|371|216|0|143|1|141|
13|358|324|0|138|1|141|
13|349|216|0|136|1|137|
13|415|324|0|753|1|3|
13|361|216|0|139|1|137|
13|425|216|0|161|1|141|
13|381|216|0|146|1|141|
13|1121|648|0|193|1|141|
13|381|216|0|147|1|137|
13|391|324|0|150|1|141|
13|385|216|0|147|1|141|
13|394|216|0|150|1|137|
13|386|216|0|147|1|135|
13|387|216|0|148|1|141|
13|384|216|0|147|1|141|
13|369|216|0|141|1|137|
13|369|216|0|142|1|137|
13|375|216|0|144|1|137|
13|372|216|0|143|1|137|
13|368|216|0|142|1|141|
13|368|216|0|141|1|137|
13|364|216|0|140|1|137|
13|370|216|0|143|1|141|
13|376|432|0|144|1|137|
13|370|216|0|142|1|137|
13|384|216|0|147|1|141|
13|359|216|0|139|1|137|
13|370|216|0|143|1|141|
13|368|216|0|143|1|141|
13|368|216|0|141|1|137|
13|350|324|0|135|1|137|
13|371|216|0|142|1|137|
13|352|216|0|137|1|137|
13|359|216|0|139|1|125|
13|367|216|0|141|1|141|
13|380|216|0|146|1|137|
13|386|216|0|148|1|141|
13|414|324|0|157|1|137|
13|397|216|0|151|1|137|
13|391|324|0|149|1|137|
13|388|324|0|149|1|137|
13|389|216|0|148|1|137|
13|388|216|0|148|1|141|
13|387|324|0|148|1|137|
13|374|324|0|144|1|137|
13|385|216|0|147|1|137|
13|369|324|0|142|1|137|
13|371|324|0|143|1|137|
13|349|324|0|135|1|141|
13|367|216|0|141|1|137|
13|344|216|0|134|1|137|
13|373|324|0|144|1|139|
13|363|108|0|141|1|137|
13|361|216|0|139|1|137|
13|378|324|0|146|1|137|
13|385|216|0|148|1|141|
13|370|324|0|142|1|137|
13|383|324|0|146|1|137|
13|360|216|0|139|1|141|
13|355|216|0|137|1|137|
13|415|324|0|749|1|0|
13|391|324|0|149|1|141|
13|393|216|0|149|1|135|
13|382|216|0|146|1|137|
13|393|216|0|151|1|137|
13|367|216|0|141|1|137|
13|388|216|0|148|1|137|
13|394|324|0|150|1|141|
13|375|216|0|145|1|137|
13|390|216|0|149|1|137|
13|388|216|0|148|1|141|
13|374|216|0|144|1|137|
13|371|324|0|142|1|137|
13|387|216|0|148|1|137|
13|372|216|0|143|1|137|
13|388|216|0|148|1|137|
13|386|216|0|147|1|137|
13|380|216|0|145|1|137|
13|369|216|0|142|1|137|
13|380|324|0|146|1|137|
13|371|216|0|142|1|137|
13|383|324|0|147|1|141|
13|380|324|0|145|1|137|
13|371|216|0|143|1|137|
13|343|324|0|134|1|137|
13|355|216|0|137|1|137|
13|346|216|0|134|1|137|
13|344|216|0|133|1|137|
13|370|216|0|142|1|137|
13|375|324|0|144|1|137|
13|380|216|0|145|1|137|
13|393|216|0|150|1|137|
13|382|324|0|146|1|137|
13|389|216|0|148|1|137|
13|383|216|0|147|1|141|
13|357|324|0|138|1|137|
13|386|324|0|147|1|139|
13|383|324|0|148|1|137|
13|372|324|0|143|1|137|
13|377|216|0|145|1|141|
13|378|324|0|144|1|137|
13|379|324|0|145|1|141|
13|374|324|0|143|1|137|
13|389|324|0|148|1|137|
13|378|324|0|145|1|137|
13|383|324|0|147|1|141|
13|371|324|0|143|1|137|
13|375|216|0|145|1|137|
13|373|324|0|143|1|141|
13|383|216|0|146|1|141|
13|377|216|0|144|1|137|
13|365|216|0|142|1|141|
13|381|216|0|146|1|137|
13|371|216|0|142|1|137|
13|380|324|0|146|1|141|
13|351|216|0|136|1|137|
13|1685|1080|0|189|1|137|
13|412|216|0|743|1|0|
13|381|216|0|146|1|137|
13|390|216|0|149|1|137|
13|1210|756|0|189|1|137|
13|382|324|0|146|1|137|
13|1108|648|0|189|1|137|
13|390|216|0|149|1|137|
13|384|216|0|147|1|139|
13|388|324|0|149|1|141|
13|385|216|0|148|1|137|
13|385|216|0|147|1|137|
13|385|216|0|147|1|137|
13|385|216|0|147|1|141|
13|384|324|0|147|1|137|
13|380|216|0|146|1|141|
13|368|216|0|142|1|137|
13|382|216|0|146|1|137|
13|370|324|0|142|1|137|
13|382|216|0|146|1|137|
13|378|216|0|145|1|137|
13|374|216|0|143|1|137|
13|370|216|0|142|1|141|
13|377|216|0|144|1|137|
13|346|216|0|134|1|137|
13|375|324|0|144|1|141|
13|471|216|0|299|1|72|
13|369|216|0|142|1|137|
13|377|216|0|144|1|137|
13|1587|1080|0|189|1|137|
13|386|216|0|148|1|137|
13|380|324|0|145|1|137|
13|382|324|0|146|1|141|
13|383|216|0|146|1|137|
13|385|216|0|147|1|137|
13|392|324|0|149|1|137|
13|386|216|0|147|1|137|
13|380|324|0|146|1|141|
13|366|108|0|141|1|137|
13|1793|1080|0|193|1|141|
13|380|216|0|146|1|137|
13|387|216|0|148|1|137|
13|379|216|0|146|1|137|
13|383|324|0|147|1|141|
13|387|324|0|148|1|137|
13|383|324|0|147|1|137|
13|386|324|0|147|1|137|
13|377|216|0|144|1|137|
13|386|324|0|147|1|137|
13|373|324|0|143|1|137|
13|374|324|0|143|1|137|
13|392|216|0|253|1|77|
13|352|216|0|136|1|137|
13|358|216|0|138|1|137|
13|388|216|0|149|1|141|
13|378|216|0|144|1|137|
13|394|216|0|150|1|141|
13|379|324|0|145|1|141|
13|376|324|0|144|1|137|
13|381|216|0|146|1|141|
13|395|216|0|151|1|137|
13|375|216|0|144|1|137|
13|392|216|0|149|1|137|
13|391|216|0|149|1|141|
13|393|216|0|150|1|137|
13|380|216|0|145|1|137|
13|371|216|0|142|1|141|
13|373|216|0|144|1|137|
13|343|216|0|134|1|137|
13|377|216|0|144|1|137|
13|369|216|0|142|1|137|
13|371|324|0|142|1|137|
13|372|216|0|143|1|141|
13|371|216|0|143|1|137|
13|374|216|0|143|1|137|
13|378|216|0|145|1|141|
13|373|324|0|143|1|137|
13|379|216|0|145|1|141|
13|376|216|0|144|1|137|
13|376|324|0|144|1|141|
13|1533|972|0|189|1|137|
13|361|216|0|140|1|137|
13|378|216|0|144|1|137|
13|382|216|0|146|1|141|
13|379|216|0|145|1|137|
13|388|216|0|148|1|141|
13|391|216|0|150|1|137|
13|393|216|0|150|1|137|
13|384|216|0|148|1|137|
13|381|324|0|147|1|137|
13|385|324|0|147|1|141|
13|379|216|0|145|1|137|
13|1464|1080|0|189|1|137|
13|375|324|0|144|1|137|
13|356|216|0|138|1|141|
13|372|324|0|143|1|137|
13|380|216|0|145|1|137|
13|378|324|0|145|1|137|
13|376|324|0|144|1|137|
13|382|216|0|146|1|137|
13|357|216|0|138|1|141|
13|372|324|0|143|1|137|
13|1730|1188|0|193|1|141|
13|369|216|0|142|1|137|
13|380|324|0|146|1|137|
13|380|216|0|146|1|141|
13|375|216|0|144|1|137|
13|380|216|0|145|1|137|
13|368|216|0|142|1|137|
13|376|216|0|144|1|141|
13|363|216|0|140|1|141|
13|342|216|0|133|1|141|
13|381|216|0|712|1|6|
13|346|324|0|134|1|137|
13|398|216|0|151|1|137|
13|385|216|0|148|1|137|
13|382|324|0|146|1|141|
13|363|216|0|140|1|137|
13|392|216|0|149|1|141|
13|384|324|0|147|1|141|
13|379|216|0|145|1|141|
13|387|216|0|148|1|137|
13|381|216|0|146|1|137|
13|355|324|0|137|1|137|
13|382|216|0|146|1|137|
13|385|432|0|147|1|137|
13|1734|1080|0|189|1|137|
13|387|324|0|148|1|137|
13|377|216|0|145|1|137|
13|381|324|0|147|1|137|
13|388|216|0|148|1|137|
13|380|216|0|146|1|137|
13|372|216|0|143|1|137|
13|387|324|0|148|1|137|
13|363|324|0|140|1|137|
13|368|216|0|141|1|137|
13|364|216|0|140|1|137|
13|379|324|0|145|1|137|
13|368|216|0|142|1|137|
13|383|216|0|146|1|137|
13|360|216|0|145|1|75|
13|380|216|0|146|1|139|
13|393|216|0|149|1|141|
13|374|216|0|144|1|137|
13|350|108|0|136|1|137|
13|386|216|0|148|1|137|
13|381|108|0|147|1|137|
13|384|216|0|146|1|137|
13|384|216|0|146|1|141|
13|387|216|0|148|1|141|
13|394|216|0|150|1|137|
13|382|216|0|146|1|137|
13|365|216|0|141|1|141|
13|383|216|0|147|1|137|
13|381|324|0|146|1|137|
13|382|324|0|147|1|137|
13|382|216|0|146|1|137|
13|374|324|0|144|1|141|
13|369|216|0|142|1|141|
13|367|216|0|141|1|137|
13|371|324|0|142|1|137|
13|385|216|0|147|1|137|
13|382|216|0|146|1|137|
13|381|216|0|147|1|137|
13|380|324|0|146|1|137|
13|384|216|0|147|1|137|
13|381|216|0|146|1|141|
13|359|216|0|138|1|137|
13|356|216|0|138|1|137|
13|342|216|0|133|1|137|
13|381|324|0|146|1|137|
13|380|216|0|146|1|141|
13|368|216|0|142|1|141|
13|394|216|0|150|1|137|
13|393|324|0|150|1|137|
13|393|216|0|150|1|141|
13|377|216|0|145|1|137|
13|379|216|0|145|1|137|
13|396|216|0|151|1|137|
13|379|108|0|145|1|141|
13|392|216|0|151|1|141|
13|387|216|0|149|1|137|
13|388|216|0|149|1|75|
13|380|324|0|146|1|137|
13|373|216|0|144|1|141|
13|372|216|0|143|1|141|
13|378|324|0|145|1|137|
13|348|216|0|135|1|137|
13|374|216|0|144|1|137|
13|372|324|0|143|1|137|
13|374|216|0|143|1|137|
13|371|216|0|142|1|137|
13|383|216|0|146|1|137|
13|372|216|0|143|1|141|
13|367|216|0|142|1|137|
13|373|216|0|143|1|135|
13|368|216|0|141|1|137|
13|383|216|0|146|1|137|
13|547|432|0|193|1|141|
13|1385|864|0|189|1|137|
13|391|324|0|324|1|79|
13|366|216|0|141|1|137|
13|387|216|0|148|1|137|
13|454|324|0|171|1|137|
13|369|324|0|142|1|137|
13|348|216|0|136|1|137|
13|387|216|0|148|1|141|
13|1464|972|0|189|1|137|
13|377|324|0|144|1|141|
13|377|324|0|145|1|141|
13|392|216|0|149|1|137|
13|436|216|0|164|1|137|
13|394|324|0|150|1|139|
13|381|324|0|145|1|137|
13|384|216|0|147|1|141|
13|394|216|0|150|1|137|
13|382|216|0|147|1|137|
13|399|324|0|152|1|137|
13|376|324|0|145|1|141|
13|393|324|0|150|1|137|
13|385|216|0|147|1|137|
13|383|324|0|147|1|137|
13|378|216|0|146|1|141|
13|374|216|0|145|1|137|
13|375|216|0|144|1|137|
13|377|216|0|145|1|137|
13|374|216|0|145|1|141|
13|375|216|0|143|1|137|
13|374|216|0|144|1|137|
13|354|216|0|137|1|137|
13|368|324|0|142|1|137|
13|375|324|0|144|1|137|
13|366|216|0|622|1|0|
13|390|216|0|149|1|137|
13|376|216|0|144|1|137|
13|378|324|0|146|1|141|
13|362|216|0|140|1|137|
13|380|216|0|146|1|141|
13|391|324|0|150|1|137|
13|388|216|0|149|1|141|
13|395|216|0|150|1|137|
13|394|324|0|150|1|137|
13|385|216|0|147|1|137|
13|382|216|0|146|1|137|
13|385|324|0|147|1|137|
13|1202|864|0|189|1|137|
