INSTRUCTIONS_RETIRED|CYCLES|UNKNOWN|LD_BLOCKS.STORE_FORWARD|UOPS_EXECUTED.CORE|BR_MISP_RETIRED.ALL_BRANCHES|UOPS_RETIRED.ANY|
190|289|324|1|264|0|289|
190|341|324|1|297|0|291|
190|339|324|1|298|0|291|
190|339|216|1|298|0|291|
190|341|216|1|297|0|291|
190|341|216|1|297|0|291|
190|342|324|1|297|0|291|
190|287|216|1|264|0|289|
190|341|216|1|297|0|291|
190|344|216|1|296|0|291|
190|339|324|1|298|0|291|
190|339|216|1|298|0|291|
190|339|324|1|298|0|291|
190|341|324|1|297|0|291|
190|342|216|1|299|0|291|
190|342|216|1|299|0|291|
190|339|108|1|299|0|291|
190|340|216|1|297|0|291|
190|341|324|1|297|0|291|
190|343|108|1|296|0|291|
190|286|216|1|264|0|289|
190|343|216|1|296|0|291|
190|287|216|1|264|0|289|
190|339|216|1|298|0|291|
190|360|216|1|316|0|291|
190|340|216|1|296|0|291|
190|372|216|1|328|0|291|
190|290|216|1|264|0|289|
190|290|216|1|264|0|289|
190|341|216|1|297|0|291|
190|341|324|1|297|0|291|
190|290|108|1|264|0|289|
190|290|216|1|264|0|289|
190|382|432|1|423|0|289|
190|289|216|1|264|0|289|
190|289|216|1|264|0|289|
190|289|108|1|264|0|289|
190|289|324|1|264|0|289|
190|287|324|1|264|0|289|
190|290|216|1|264|0|289|
190|290|108|1|264|0|289|
190|290|324|1|264|0|289|
190|287|108|1|264|0|289|
190|290|324|1|264|0|289|
190|291|108|1|265|0|289|
190|290|324|1|264|0|289|
190|286|108|1|264|0|289|
190|341|216|1|297|0|291|
190|397|216|1|512|0|292|
190|287|216|1|264|0|289|
190|290|216|1|264|0|289|
190|290|216|1|264|0|289|
190|287|216|1|264|0|289|
190|290|216|1|264|0|289|
190|309|216|1|265|1|289|
190|363|108|1|298|1|291|
190|363|324|1|298|1|291|
190|309|216|1|265|1|289|
190|290|108|1|264|0|289|
190|287|216|1|264|0|289|
190|364|324|1|299|1|291|
190|309|324|1|265|1|289|
190|287|216|1|264|0|289|
190|286|108|1|264|0|289|
190|286|216|1|264|0|289|
190|286|216|1|264|0|289|
190|357|216|1|314|0|291|
190|339|324|1|299|0|291|
190|342|216|1|299|0|291|
190|286|108|1|264|0|289|
190|286|216|1|264|0|289|
190|377|324|1|418|0|287|
190|286|216|1|264|0|289|
190|309|216|1|265|1|289|
190|309|216|1|265|1|289|
190|309|108|1|265|1|289|
190|309|324|1|265|1|289|
190|287|324|1|264|0|289|
190|287|216|1|264|0|289|
190|388|216|1|323|1|291|
190|341|216|1|297|0|291|
190|342|216|1|299|0|291|
190|341|216|1|298|0|291|
190|339|324|1|299|0|291|
190|342|216|1|299|0|291|
190|364|108|1|299|1|291|
190|361|324|1|299|1|291|
190|360|108|1|298|1|291|
190|286|216|1|264|0|289|
190|286|216|1|264|0|289|
190|286|216|1|264|0|289|
190|339|216|1|299|0|291|
190|339|216|1|299|0|291|
190|339|108|1|299|0|291|
190|369|216|1|326|0|291|
190|286|216|1|264|0|289|
190|289|216|1|264|0|289|
190|286|216|1|264|0|289|
190|286|216|1|264|0|289|
190|290|216|1|264|0|289|
190|421|432|1|435|0|291|
190|342|216|1|453|0|287|
190|542|324|1|1119|0|291|
190|397|216|1|434|0|291|
190|286|216|1|264|0|289|
190|289|108|1|264|0|289|
190|289|216|1|264|0|289|
190|289|216|1|264|0|289|
190|290|216|1|264|0|289|
190|289|216|1|264|0|289|
190|286|108|1|264|0|289|
190|289|216|1|264|0|289|
190|290|216|1|264|0|289|
190|290|216|1|264|0|289|
190|287|108|1|264|0|289|
190|287|324|1|264|0|289|
190|290|324|1|264|0|289|
190|290|216|1|264|0|289|
190|290|216|1|264|0|289|
190|290|216|1|264|0|289|
190|290|216|1|264|0|289|
190|290|108|1|264|0|289|
190|289|216|1|264|0|289|
190|289|216|1|264|0|289|
190|289|216|1|264|0|289|
190|289|216|1|264|0|289|
190|290|216|1|264|0|289|
190|290|324|1|264|0|289|
190|290|108|1|264|0|289|
190|290|324|1|264|0|289|
190|290|324|1|264|0|289|
190|290|108|1|264|0|289|
190|290|108|1|264|0|289|
190|290|108|1|264|0|289|
190|290|324|1|264|0|289|
190|290|324|1|264|0|289|
190|287|216|1|264|0|289|
190|290|108|1|264|0|289|
190|290|216|1|264|0|289|
190|290|108|1|264|0|289|
190|289|108|1|264|0|289|
190|287|216|1|264|0|289|
190|290|216|1|264|0|289|
190|290|216|1|264|0|289|
190|290|216|1|264|0|289|
190|290|108|1|264|0|289|
190|290|216|1|264|0|289|
190|290|108|1|264|0|289|
190|289|216|1|264|0|289|
190|286|324|1|264|0|289|
190|287|108|1|264|0|289|
190|315|216|1|329|0|289|
190|287|108|1|264|0|289|
190|286|216|1|264|0|289|
190|289|324|1|264|0|289|
190|289|324|1|264|0|289|
190|289|216|1|264|0|289|
190|289|108|1|264|0|289|
190|304|108|1|306|0|289|
190|287|216|1|264|0|289|
190|287|324|1|264|0|289|
190|290|108|1|264|0|289|
190|286|324|1|264|0|289|
190|289|108|1|264|0|289|
190|289|108|1|264|0|289|
190|289|108|1|264|0|289|
190|355|216|1|379|0|289|
190|446|216|1|566|0|289|
190|549|324|1|1233|0|291|
190|478|324|1|1011|0|289|
190|382|324|1|357|0|291|
190|342|216|1|299|0|291|
190|286|216|1|264|0|289|
190|286|108|1|264|0|289|
190|286|324|1|264|0|289|
190|290|216|1|264|0|289|
190|290|216|1|264|0|289|
190|290|216|1|264|0|289|
190|290|216|1|264|0|289|
190|290|216|1|264|0|289|
190|290|216|1|264|0|289|
190|290|216|1|264|0|289|
190|290|216|1|264|0|289|
190|290|216|1|264|0|289|
190|287|108|1|264|0|289|
190|287|108|1|264|0|289|
190|290|216|1|264|0|289|
190|290|108|1|264|0|289|
190|289|216|1|264|0|289|
190|290|108|1|264|0|289|
190|287|108|1|264|0|289|
190|290|216|1|264|0|289|
190|290|108|1|264|0|289|
190|287|216|1|264|0|289|
190|290|216|1|264|0|289|
190|290|108|1|264|0|289|
190|290|216|1|264|0|289|
190|290|216|1|264|0|289|
190|287|216|1|264|0|289|
190|290|216|1|264|0|289|
190|287|216|1|264|0|289|
190|286|324|1|264|0|289|
190|287|324|1|264|0|289|
190|290|324|1|264|0|289|
190|287|216|1|264|0|289|
190|290|324|1|264|0|289|
190|289|108|1|264|0|289|
190|289|216|1|264|0|289|
190|289|216|1|264|0|289|
190|290|216|1|264|0|289|
190|290|216|1|264|0|289|
190|289|108|1|264|0|289|
190|289|216|1|264|0|289|
190|339|216|1|438|0|288|
190|287|216|1|264|0|289|
190|290|108|1|264|0|289|
190|290|216|1|264|0|289|
190|287|216|1|264|0|289|
190|287|108|1|264|0|289|
190|397|216|1|534|0|289|
190|577|432|1|1292|0|291|
190|490|324|1|1037|0|289|
190|288|324|1|264|0|289|
190|289|108|1|264|0|289|
190|289|324|1|264|0|289|
190|289|324|1|264|0|289|
190|287|324|1|264|0|289|
190|290|108|1|264|0|289|
190|286|108|1|264|0|289|
190|290|216|1|264|0|289|
190|290|216|1|264|0|289|
190|290|216|1|264|0|289|
190|290|216|1|264|0|289|
190|290|108|1|264|0|289|
190|290|216|1|264|0|289|
190|289|216|1|264|0|289|
190|402|216|1|513|0|294|
190|286|216|1|264|0|289|
190|287|216|1|264|0|289|
190|290|216|1|264|0|289|
190|290|216|1|264|0|289|
190|290|216|1|264|0|289|
190|290|216|1|264|0|289|
190|290|216|1|264|0|289|
190|287|216|1|264|0|289|
190|290|216|1|264|0|289|
190|290|108|1|264|0|289|
190|290|108|1|264|0|289|
190|289|108|1|264|0|289|
190|286|108|1|264|0|289|
190|286|108|1|264|0|289|
190|290|216|1|264|0|289|
190|290|108|1|264|0|289|
190|290|216|1|264|0|289|
190|290|216|1|264|0|289|
190|287|216|1|264|0|289|
190|287|216|1|264|0|289|
190|287|216|1|264|0|289|
190|287|324|1|264|0|289|
190|287|216|1|264|0|289|
190|287|108|1|264|0|289|
190|286|216|1|264|0|289|
190|286|216|1|264|0|289|
190|342|216|1|298|0|291|
190|339|216|1|299|0|291|
190|315|324|1|325|0|289|
190|287|216|1|264|0|289|
190|286|216|1|264|0|289|
190|286|324|1|264|0|289|
190|536|324|1|1183|0|291|
190|447|324|1|576|0|291|
190|478|324|1|1019|0|287|
190|341|324|1|297|0|291|
190|290|324|1|264|0|289|
190|289|108|1|264|0|289|
190|290|216|1|264|0|289|
190|290|216|1|264|0|289|
190|287|108|1|264|0|289|
190|290|108|1|264|0|289|
190|290|108|1|264|0|289|
190|290|216|1|264|0|289|
190|290|216|1|264|0|289|
190|290|216|1|264|0|289|
190|290|216|1|264|0|289|
190|287|108|1|264|0|289|
190|290|108|1|264|0|289|
190|286|216|1|264|0|289|
190|286|108|1|264|0|289|
190|290|216|1|264|0|289|
190|290|216|1|264|0|289|
190|290|216|1|264|0|289|
190|290|216|1|264|0|289|
190|289|108|1|264|0|289|
190|290|324|1|264|0|289|
190|290|108|1|264|0|289|
190|290|216|1|264|0|289|
190|290|216|1|264|0|289|
190|287|216|1|264|0|289|
190|287|324|1|264|0|289|
190|287|216|1|264|0|289|
190|287|216|1|264|0|289|
190|287|108|1|264|0|289|
190|287|108|1|264|0|289|
190|287|324|1|264|0|289|
190|287|216|1|264|0|289|
190|287|108|1|264|0|289|
190|424|324|1|666|0|287|
190|339|216|1|299|0|291|
190|341|108|1|297|0|291|
190|313|216|1|321|0|289|
190|538|432|1|1231|0|289|
190|477|432|1|985|0|289|
190|432|216|1|469|0|291|
190|290|108|1|264|0|289|
190|287|216|1|264|0|289|
190|287|216|1|264|0|289|
190|290|108|1|264|0|289|
190|290|108|1|264|0|289|
190|309|324|1|265|1|289|
190|363|324|1|298|1|291|
190|386|324|1|323|1|291|
190|339|324|1|299|0|291|
190|430|216|1|605|0|289|
190|339|216|1|299|0|291|
190|364|216|1|299|1|291|
190|309|216|1|265|1|289|
190|309|216|1|265|1|289|
190|309|324|1|265|1|289|
190|361|216|1|300|1|291|
190|339|216|1|299|0|291|
190|286|216|1|264|0|289|
190|339|216|1|299|0|291|
190|286|216|1|264|0|289|
190|342|216|1|299|0|291|
190|286|216|1|264|0|289|
190|286|108|1|264|0|289|
190|363|324|1|298|1|291|
190|309|324|1|265|1|289|
190|309|216|1|265|1|289|
190|309|216|1|265|1|289|
190|309|108|1|265|1|289|
190|287|216|1|264|0|289|
190|287|216|1|264|0|289|
190|339|324|1|299|0|291|
190|286|216|1|264|0|289|
190|342|216|1|299|0|291|
190|464|324|1|863|0|289|
190|402|324|1|683|0|289|
190|414|324|1|435|0|291|
190|338|216|1|297|0|291|
190|309|324|1|265|1|289|
190|287|216|1|264|0|289|
190|287|324|1|264|0|289|
190|286|108|1|264|0|289|
190|339|216|1|299|0|291|
190|342|324|1|299|0|291|
190|286|216|1|264|0|289|
190|339|324|1|299|0|291|
190|339|324|1|299|0|291|
190|286|108|1|264|0|289|
190|339|324|1|299|0|291|
190|417|216|1|538|0|291|
190|339|216|1|299|0|291|
190|465|216|1|834|0|289|
190|401|216|1|486|0|291|
190|478|324|1|984|0|289|
190|372|324|1|331|0|291|
190|286|108|1|264|0|289|
190|289|108|1|264|0|289|
190|289|216|1|264|0|289|
190|286|108|1|264|0|289|
190|289|108|1|264|0|289|
190|289|108|1|264|0|289|
190|289|216|1|264|0|289|
190|289|216|1|264|0|289|
190|286|216|1|264|0|289|
190|286|108|1|264|0|289|
190|289|324|1|264|0|289|
190|289|216|1|264|0|289|
190|289|216|1|264|0|289|
190|289|216|1|264|0|289|
190|289|216|1|264|0|289|
190|289|108|1|264|0|289|
190|289|216|1|264|0|289|
190|289|216|1|264|0|289|
190|289|216|1|264|0|289|
190|289|216|1|264|0|289|
190|289|216|1|264|0|289|
190|289|216|1|264|0|289|
190|289|216|1|264|0|289|
190|289|108|1|264|0|289|
190|286|324|1|264|0|289|
190|290|108|1|264|0|289|
190|290|108|1|264|0|289|
190|290|216|1|264|0|289|
190|290|216|1|264|0|289|
190|287|324|1|264|0|289|
190|290|216|1|264|0|289|
190|289|216|1|264|0|289|
190|290|216|1|264|0|289|
190|290|324|1|264|0|289|
190|290|108|1|264|0|289|
190|341|216|1|297|0|291|
190|286|108|1|264|0|289|
190|290|108|1|264|0|289|
190|290|324|1|264|0|289|
190|290|324|1|264|0|289|
190|290|108|1|264|0|289|
190|290|108|1|264|0|289|
190|290|108|1|264|0|289|
190|287|324|1|264|0|289|
190|290|324|1|264|0|289|
190|290|216|1|264|0|289|
190|290|216|1|264|0|289|
190|287|324|1|264|0|289|
190|287|216|1|264|0|289|
190|289|216|1|264|0|289|
190|307|216|1|273|0|289|
190|534|324|1|1173|0|291|
190|565|324|1|1136|0|291|
190|477|324|1|1002|0|288|
190|287|216|1|264|0|289|
190|287|216|1|264|0|289|
190|341|324|1|297|0|291|
190|287|216|1|264|0|289|
190|290|216|1|264|0|289|
190|287|216|1|264|0|289|
190|290|216|1|264|0|289|
190|289|216|1|264|0|289|
190|290|108|1|264|0|289|
190|287|216|1|264|0|289|
190|287|108|1|264|0|289|
190|287|108|1|264|0|289|
190|339|216|1|297|0|291|
190|287|108|1|264|0|289|
190|287|216|1|264|0|289|
190|290|216|1|264|0|289|
190|341|216|1|297|0|291|
190|287|108|1|264|0|289|
190|290|216|1|264|0|289|
190|340|324|1|296|0|291|
190|287|324|1|264|0|289|
190|289|324|1|264|0|289|
190|287|108|1|264|0|289|
190|287|108|1|264|0|289|
190|287|108|1|264|0|289|
190|287|216|1|264|0|289|
190|287|216|1|264|0|289|
190|287|216|1|264|0|289|
190|290|108|1|264|0|289|
190|340|216|1|296|0|291|
190|343|216|1|296|0|291|
190|360|216|1|320|0|291|
190|371|324|1|331|0|291|
190|287|216|1|264|0|289|
190|287|216|1|264|0|289|
190|287|216|1|264|0|289|
190|341|108|1|297|0|291|
190|287|216|1|264|0|289|
190|287|216|1|264|0|289|
190|290|216|1|264|0|289|
190|287|216|1|264|0|289|
190|287|108|1|264|0|289|
190|339|216|1|298|0|291|
190|290|216|1|264|0|289|
190|339|324|1|299|0|291|
190|287|216|1|264|0|289|
190|287|216|1|264|0|289|
190|446|324|1|629|0|289|
190|287|216|1|264|0|289|
190|486|324|1|896|0|289|
190|470|324|1|807|0|289|
190|478|432|1|979|0|289|
190|404|216|1|378|0|293|
190|287|216|1|264|0|289|
190|341|216|1|297|0|291|
190|289|216|1|264|0|289|
190|286|216|1|264|0|289|
190|287|216|1|264|0|289|
190|343|324|1|297|0|291|
190|341|216|1|297|0|291|
190|287|216|1|264|0|289|
190|287|108|1|264|0|289|
190|287|216|1|264|0|289|
190|287|216|1|264|0|289|
190|290|324|1|264|0|289|
190|287|324|1|264|0|289|
190|287|216|1|264|0|289|
190|287|108|1|264|0|289|
190|340|324|1|296|0|291|
190|357|108|1|316|0|291|
190|289|216|1|264|0|289|
190|287|216|1|264|0|289|
190|286|108|1|264|0|289|
190|287|324|1|264|0|289|
190|341|216|1|297|0|291|
190|287|108|1|264|0|289|
190|287|216|1|264|0|289|
190|287|108|1|264|0|289|
190|287|216|1|264|0|289|
190|287|216|1|264|0|289|
190|340|324|1|297|0|291|
190|289|324|1|264|0|289|
190|289|216|1|264|0|289|
190|287|216|1|264|0|289|
190|287|216|1|264|0|289|
190|287|216|1|264|0|289|
190|287|216|1|264|0|289|
190|287|216|1|264|0|289|
190|287|216|1|264|0|289|
190|290|216|1|264|0|289|
190|287|216|1|264|0|289|
190|287|216|1|264|0|289|
190|287|324|1|264|0|289|
190|291|216|1|297|0|285|
190|287|216|1|264|0|289|
190|287|216|1|264|0|289|
190|289|216|1|264|0|289|
190|303|216|1|264|0|289|
190|375|324|1|373|0|289|
190|536|432|1|1155|0|291|
190|540|324|1|1096|0|289|
190|478|324|1|1012|0|286|
190|342|108|1|299|0|291|
190|286|108|1|264|0|289|
190|339|324|1|299|0|291|
190|343|216|1|297|0|291|
190|287|216|1|264|0|289|
190|287|108|1|264|0|289|
190|341|324|1|297|0|291|
190|289|216|1|264|0|289|
190|287|108|1|264|0|289|
190|290|324|1|264|0|289|
190|340|324|1|296|0|291|
190|289|216|1|264|0|289|
190|287|216|1|264|0|289|
190|287|108|1|264|0|289|
190|289|324|1|264|0|289|
190|289|324|1|264|0|289|
190|287|324|1|264|0|289|
190|287|216|1|264|0|289|
190|287|216|1|264|0|289|
190|287|108|1|264|0|289|
190|287|216|1|264|0|289|
190|287|216|1|264|0|289|
190|287|216|1|264|0|289|
190|339|216|1|298|0|291|
190|287|216|1|264|0|289|
190|287|216|1|264|0|289|
190|362|216|1|315|0|291|
190|368|324|1|321|0|291|
190|340|216|1|296|0|291|
190|339|216|1|298|0|291|
190|287|216|1|264|0|289|
190|287|108|1|264|0|289|
190|287|216|1|264|0|289|
190|287|216|1|264|0|289|
190|287|216|1|264|0|289|
190|287|216|1|264|0|289|
190|287|216|1|264|0|289|
190|287|216|1|264|0|289|
190|290|108|1|264|0|289|
190|341|216|1|297|0|291|
190|287|108|1|264|0|289|
190|287|216|1|264|0|289|
190|287|216|1|264|0|289|
190|287|108|1|264|0|289|
190|342|216|1|298|0|291|
190|287|108|1|264|0|289|
190|287|108|1|264|0|289|
190|287|324|1|264|0|289|
190|568|324|1|1027|0|293|
190|549|324|1|1222|0|291|
190|484|216|1|966|0|289|
190|478|324|1|1001|0|288|
190|490|324|1|746|0|287|
190|341|216|1|297|0|291|
190|290|108|1|264|0|289|
190|287|108|1|264|0|289|
190|287|324|1|264|0|289|
190|287|324|1|264|0|289|
190|287|216|1|264|0|289|
190|287|216|1|264|0|289|
190|287|216|1|264|0|289|
190|290|216|1|264|0|289|
190|290|216|1|264|0|289|
190|287|216|1|264|0|289|
190|290|324|1|264|0|289|
190|341|324|1|298|0|291|
190|364|216|1|321|0|291|
190|287|216|1|264|0|289|
190|290|216|1|264|0|289|
190|287|324|1|264|0|289|
190|287|216|1|264|0|289|
190|287|216|1|264|0|289|
190|290|216|1|264|0|289|
190|290|216|1|264|0|289|
190|287|108|1|264|0|289|
190|287|216|1|264|0|289|
190|290|108|1|264|0|289|
190|343|324|1|296|0|291|
190|342|324|1|298|0|291|
190|287|216|1|264|0|289|
190|287|216|1|264|0|289|
190|287|216|1|264|0|289|
190|289|216|1|264|0|289|
190|287|108|1|264|0|289|
190|287|216|1|264|0|289|
190|287|108|1|264|0|289|
190|287|108|1|264|0|289|
190|289|216|1|264|0|289|
190|290|108|1|264|0|289|
190|286|324|1|264|0|289|
190|287|216|1|264|0|289|
190|287|324|1|264|0|289|
190|290|108|1|264|0|289|
190|287|216|1|264|0|289|
190|290|108|1|264|0|289|
190|287|324|1|264|0|289|
190|341|216|1|297|0|291|
190|299|216|1|338|0|289|
190|287|108|1|264|0|289|
190|287|216|1|264|0|289|
190|369|216|1|354|0|291|
190|540|324|1|1188|0|291|
190|539|432|1|1101|0|289|
190|315|108|1|363|0|289|
190|287|216|1|293|0|284|
190|286|216|1|264|0|289|
190|287|216|1|264|0|289|
190|287|216|1|264|0|289|
190|287|216|1|264|0|289|
190|287|216|1|264|0|289|
190|287|216|1|264|0|289|
190|290|216|1|264|0|289|
190|287|216|1|264|0|289|
190|287|216|1|264|0|289|
190|289|216|1|264|0|289|
190|289|216|1|264|0|289|
190|340|216|1|297|0|291|
190|289|108|1|264|0|289|
190|341|216|1|297|0|291|
190|287|216|1|264|0|289|
190|290|216|1|264|0|289|
190|287|108|1|264|0|289|
190|341|324|1|297|0|291|
190|287|216|1|264|0|289|
190|287|216|1|264|0|289|
190|287|324|1|264|0|289|
190|287|108|1|264|0|289|
190|341|324|1|298|0|291|
190|343|216|1|297|0|291|
190|287|216|1|264|0|289|
190|287|108|1|264|0|289|
190|287|108|1|264|0|289|
190|287|108|1|264|0|289|
190|289|216|1|264|0|289|
190|290|216|1|264|0|289|
190|287|108|1|264|0|289|
190|290|108|1|264|0|289|
190|287|216|1|264|0|289|
190|287|216|1|264|0|289|
190|287|108|1|264|0|289|
190|287|216|1|264|0|289|
190|290|216|1|264|0|289|
190|338|216|1|297|0|291|
190|287|216|1|264|0|289|
190|287|216|1|264|0|289|
190|287|216|1|264|0|289|
190|287|216|1|264|0|289|
190|287|216|1|264|0|289|
190|341|216|1|297|0|291|
190|287|216|1|264|0|289|
190|287|216|1|264|0|289|
190|287|216|1|264|0|289|
190|290|108|1|264|0|289|
190|286|216|1|264|0|289|
190|384|324|1|377|0|291|
190|533|432|1|1178|0|289|
190|486|324|1|991|0|289|
190|507|432|1|892|0|291|
190|287|108|1|264|0|289|
190|290|216|1|264|0|289|
190|287|216|1|264|0|289|
190|287|108|1|264|0|289|
190|287|108|1|264|0|289|
190|287|216|1|264|0|289|
190|287|216|1|264|0|289|
190|343|216|1|296|0|291|
190|287|216|1|264|0|289|
190|287|108|1|264|0|289|
190|287|108|1|264|0|289|
190|287|108|1|264|0|289|
190|290|216|1|264|0|289|
190|287|324|1|264|0|289|
190|287|324|1|264|0|289|
190|287|108|1|264|0|289|
190|339|216|1|298|0|291|
190|289|108|1|264|0|289|
190|289|108|1|264|0|289|
190|287|324|1|264|0|289|
190|289|324|1|264|0|289|
190|289|324|1|264|0|289|
190|287|216|1|264|0|289|
190|287|216|1|264|0|289|
190|287|216|1|264|0|289|
190|287|324|1|264|0|289|
190|287|216|1|264|0|289|
190|287|216|1|264|0|289|
190|287|108|1|264|0|289|
190|287|108|1|264|0|289|
190|287|216|1|264|0|289|
190|287|216|1|264|0|289|
190|362|216|1|317|0|291|
190|287|216|1|264|0|289|
190|287|216|1|264|0|289|
190|343|216|1|297|0|291|
190|287|108|1|264|0|289|
190|287|216|1|264|0|289|
190|287|216|1|264|0|289|
190|287|216|1|264|0|289|
190|287|324|1|264|0|289|
190|287|108|1|264|0|289|
190|339|324|1|298|0|291|
190|287|108|1|264|0|289|
190|339|216|1|298|0|291|
190|294|216|1|267|0|289|
190|289|216|1|264|0|289|
190|372|216|1|475|0|289|
190|531|324|1|1159|0|291|
190|488|324|1|1011|0|289|
190|312|108|1|290|0|285|
190|342|216|1|299|0|291|
190|363|108|1|298|1|291|
190|363|108|1|298|1|291|
190|309|324|1|265|1|289|
190|363|324|1|298|1|291|
190|364|324|1|300|1|291|
190|362|216|1|300|1|291|
190|309|108|1|265|1|289|
190|309|324|1|265|1|289|
190|309|324|1|265|1|289|
190|309|216|1|265|1|289|
190|309|216|1|265|1|289|
190|364|216|1|299|1|291|
190|338|216|1|297|0|291|
190|309|108|1|265|1|289|
190|339|324|1|298|0|291|
190|341|216|1|297|0|291|
190|290|216|1|264|0|289|
190|342|216|1|298|0|291|
190|287|216|1|264|0|289|
190|309|108|1|265|1|289|
190|363|216|1|298|1|291|
190|287|108|1|264|0|289|
190|286|216|1|264|0|289|
190|342|216|1|299|0|291|
190|364|324|1|300|1|291|
190|342|324|1|299|0|291|
190|354|216|1|314|0|291|
190|339|216|1|299|0|291|
190|286|216|1|264|0|289|
190|286|216|1|264|0|289|
190|286|216|1|264|0|289|
190|343|324|1|297|0|291|
190|342|108|1|299|0|291|
190|287|108|1|264|0|289|
190|290|216|1|264|0|289|
190|290|108|1|264|0|289|
190|383|324|1|558|1|289|
190|439|324|1|412|0|291|
190|345|324|1|311|0|291|
190|338|216|1|297|0|291|
190|338|216|1|298|0|291|
190|309|324|1|265|1|289|
190|309|324|1|265|1|289|
190|287|108|1|264|0|289|
190|309|108|1|265|1|289|
190|338|216|1|321|1|289|
190|363|216|1|298|1|291|
190|414|324|1|517|0|291|
190|395|216|1|409|0|286|
190|533|324|1|1086|0|290|
190|342|216|1|299|0|291|
190|342|324|1|299|0|291|
190|340|216|1|297|0|291|
190|340|324|1|297|0|291|
190|340|324|1|296|0|291|
190|341|216|1|297|0|291|
190|340|216|1|297|0|291|
190|341|216|1|298|0|291|
190|341|216|1|298|0|291|
190|340|324|1|297|0|291|
190|341|216|1|298|0|291|
190|340|216|1|297|0|291|
190|340|216|1|297|0|291|
190|341|324|1|298|0|291|
190|343|324|1|297|0|291|
190|340|324|1|297|0|291|
190|344|108|1|297|0|291|
190|341|216|1|297|0|291|
190|290|108|1|264|0|289|
190|340|108|1|296|0|291|
190|339|216|1|299|0|291|
190|340|216|1|297|0|291|
190|340|216|1|297|0|291|
190|343|216|1|297|0|291|
190|343|216|1|297|0|291|
190|374|216|1|328|0|291|
190|340|108|1|297|0|291|
190|343|324|1|297|0|291|
190|343|216|1|297|0|291|
190|343|216|1|297|0|291|
190|340|216|1|296|0|291|
190|345|216|1|296|0|291|
190|516|432|1|733|0|291|
190|568|324|1|902|0|291|
190|561|324|1|896|1|289|
190|568|324|1|832|0|279|
190|361|216|1|299|1|291|
190|363|324|1|298|1|291|
190|339|108|1|299|0|291|
190|452|432|1|501|0|291|
190|368|216|1|307|1|291|
190|287|324|1|264|0|289|
190|361|216|1|300|1|291|
190|341|216|1|297|0|291|
190|287|108|1|264|0|289|
190|343|216|1|298|0|291|
190|344|324|1|297|0|291|
190|341|216|1|297|0|291|
190|309|216|1|265|1|289|
190|363|216|1|298|1|291|
190|339|216|1|299|0|291|
190|286|216|1|264|0|289|
190|535|324|1|1189|0|291|
190|536|324|1|1078|0|291|
190|487|432|1|594|0|293|
190|286|216|1|264|0|289|
190|289|216|1|264|0|289|
190|289|216|1|264|0|289|
190|360|216|1|317|0|291|
190|289|216|1|264|0|289|
190|290|216|1|264|0|289|
190|290|216|1|264|0|289|
190|290|108|1|264|0|289|
190|290|216|1|264|0|289|
190|290|216|1|264|0|289|
190|290|216|1|264|0|289|
190|290|216|1|264|0|289|
190|290|216|1|264|0|289|
190|290|108|1|264|0|289|
190|290|216|1|264|0|289|
190|290|216|1|264|0|289|
190|290|216|1|264|0|289|
190|289|108|1|264|0|289|
190|290|108|1|264|0|289|
190|290|108|1|264|0|289|
190|290|216|1|264|0|289|
190|290|216|1|264|0|289|
190|290|108|1|264|0|289|
190|290|216|1|264|0|289|
190|290|108|1|264|0|289|
190|291|108|1|264|0|289|
190|287|108|1|264|0|289|
190|287|108|1|264|0|289|
190|290|216|1|264|0|289|
190|290|324|1|264|0|289|
190|287|324|1|264|0|289|
190|289|324|1|264|0|289|
190|289|216|1|264|0|289|
190|286|216|1|264|0|289|
190|290|216|1|264|0|289|
190|287|216|1|264|0|289|
190|290|216|1|264|0|289|
190|290|216|1|264|0|289|
190|290|216|1|264|0|289|
190|287|216|1|264|0|289|
190|290|216|1|264|0|289|
190|287|216|1|264|0|289|
190|290|108|1|264|0|289|
190|286|216|1|264|0|289|
190|289|216|1|264|0|289|
190|286|216|1|264|0|289|
190|290|216|1|264|0|289|
190|287|216|1|264|0|289|
190|287|216|1|264|0|289|
190|287|108|1|264|0|289|
190|295|216|1|342|0|289|
190|541|324|1|1208|0|291|
190|528|432|1|1090|0|289|
190|403|324|1|465|0|289|
190|287|216|1|264|0|289|
190|290|216|1|264|0|289|
190|290|216|1|264|0|289|
190|287|108|1|264|0|289|
190|290|216|1|264|0|289|
190|290|216|1|264|0|289|
190|290|216|1|264|0|289|
190|289|216|1|264|0|289|
190|290|216|1|264|0|289|
190|290|108|1|264|0|289|
190|289|324|1|264|0|289|
190|290|108|1|264|0|289|
190|290|108|1|264|0|289|
190|340|324|1|297|0|291|
190|289|108|1|264|0|289|
190|290|108|1|264|0|289|
190|290|324|1|264|0|289|
190|290|108|1|264|0|289|
190|290|108|1|264|0|289|
190|287|324|1|264|0|289|
190|290|216|1|264|0|289|
190|290|324|1|264|0|289|
190|290|216|1|264|0|289|
190|290|216|1|264|0|289|
190|290|216|1|264|0|289|
190|290|216|1|264|0|289|
190|287|216|1|264|0|289|
190|290|216|1|264|0|289|
190|287|216|1|264|0|289|
190|290|108|1|264|0|289|
190|290|216|1|264|0|289|
190|290|216|1|264|0|289|
190|290|216|1|264|0|289|
190|287|216|1|264|0|289|
190|290|216|1|264|0|289|
190|324|216|1|340|0|289|
190|290|324|1|264|0|289|
190|290|216|1|264|0|289|
190|290|216|1|264|0|289|
191|999|756|1|796|0|500|
190|290|216|1|264|0|289|
190|290|216|1|264|0|289|
190|290|216|1|264|0|289|
190|287|216|1|264|0|289|
190|290|216|1|264|0|289|
190|290|216|1|264|0|289|
190|287|216|1|264|0|289|
190|294|216|1|264|0|289|
190|294|108|1|277|0|289|
190|290|216|1|314|0|289|
190|289|216|1|264|0|289|
190|540|432|1|1211|0|289|
190|535|432|1|1092|0|289|
190|478|432|1|1000|0|289|
190|341|216|1|297|0|291|
190|290|108|1|264|0|289|
190|287|108|1|264|0|289|
190|287|108|1|264|0|289|
190|290|216|1|264|0|289|
190|290|324|1|264|0|289|
190|290|324|1|264|0|289|
190|287|324|1|264|0|289|
190|290|108|1|264|0|289|
190|290|216|1|264|0|289|
190|287|324|1|264|0|289|
190|290|216|1|264|0|289|
190|290|108|1|264|0|289|
190|290|324|1|264|0|289|
190|287|216|1|264|0|289|
190|287|216|1|264|0|289|
190|290|216|1|264|0|289|
190|290|216|1|264|0|289|
190|289|216|1|264|0|289|
190|286|108|1|264|0|289|
190|289|216|1|264|0|289|
190|290|108|1|264|0|289|
190|290|216|1|264|0|289|
190|290|216|1|264|0|289|
190|289|216|1|264|0|289|
190|290|216|1|264|0|289|
190|363|216|1|298|1|291|
190|340|324|1|296|0|291|
190|377|324|1|331|0|291|
190|286|216|1|264|0|289|
190|289|216|1|264|0|289|
190|289|216|1|264|0|289|
190|286|216|1|264|0|289|
190|289|324|1|264|0|289|
190|290|324|1|264|0|289|
190|290|108|1|264|0|289|
190|290|108|1|264|0|289|
190|287|216|1|264|0|289|
190|287|324|1|264|0|289|
190|287|108|1|264|0|289|
190|292|216|1|265|0|289|
190|586|324|1|1316|0|291|
190|487|216|1|995|0|289|
190|406|216|1|512|0|291|
190|290|324|1|264|0|289|
190|289|216|1|264|0|289|
190|290|216|1|264|0|289|
190|290|108|1|264|0|289|
190|290|216|1|264|0|289|
190|290|216|1|264|0|289|
190|290|216|1|264|0|289|
190|290|216|1|264|0|289|
190|286|324|1|264|0|289|
190|286|216|1|264|0|289|
