INSTRUCTIONS_RETIRED|CYCLES|UNKNOWN|LD_BLOCKS.STORE_FORWARD|UOPS_EXECUTED.CORE|BR_MISP_RETIRED.ALL_BRANCHES|UOPS_RETIRED.ANY|
99|253|324|1|205|0|200|
99|198|108|1|173|0|198|
99|198|216|1|173|0|198|
99|198|216|1|173|0|198|
99|251|216|1|207|0|200|
99|198|216|1|173|0|198|
99|254|108|1|207|0|200|
99|251|324|1|207|0|200|
99|198|216|1|173|0|198|
99|319|324|1|365|0|200|
99|198|216|1|173|0|198|
99|250|216|1|206|0|200|
99|250|324|1|206|0|200|
99|250|216|1|206|0|200|
99|250|216|1|206|0|200|
99|198|216|1|173|0|198|
99|250|108|1|206|0|200|
99|250|216|1|206|0|200|
99|250|216|1|206|0|200|
99|250|216|1|206|0|200|
99|195|216|1|173|0|198|
99|198|216|1|173|0|198|
99|250|216|1|206|0|200|
99|250|324|1|206|0|200|
99|198|108|1|173|0|198|
99|249|216|1|208|0|200|
99|199|216|1|173|0|198|
99|199|216|1|173|0|198|
99|196|216|1|173|0|198|
99|196|216|1|173|0|198|
99|198|216|1|173|0|198|
99|199|216|1|173|0|198|
99|199|216|1|173|0|198|
99|199|216|1|173|0|198|
99|199|216|1|173|0|198|
99|199|216|1|173|0|198|
99|196|216|1|173|0|198|
99|222|216|1|188|0|193|
99|382|324|1|747|0|200|
99|268|216|1|215|0|200|
99|270|324|1|225|0|200|
99|250|216|1|206|0|200|
99|199|216|1|173|0|198|
99|198|108|1|173|0|198|
99|250|216|1|205|0|200|
99|199|216|1|173|0|198|
99|199|216|1|173|0|198|
99|199|216|1|173|0|198|
99|199|216|1|173|0|198|
99|253|216|1|205|0|200|
99|249|324|1|208|0|200|
99|195|216|1|173|0|198|
99|198|108|1|173|0|198|
99|250|324|1|206|0|200|
99|198|216|1|173|0|198|
99|198|216|1|173|0|198|
99|250|216|1|206|0|200|
99|198|216|1|173|0|198|
99|198|216|1|173|0|198|
99|198|216|1|173|0|198|
99|198|216|1|173|0|198|
99|195|216|1|173|0|198|
99|198|216|1|173|0|198|
99|198|216|1|173|0|198|
99|252|216|1|208|0|200|
99|199|216|1|173|0|198|
99|249|216|1|207|0|200|
99|196|216|1|173|0|198|
99|196|216|1|173|0|198|
99|199|216|1|173|0|198|
99|195|216|1|173|0|198|
99|250|324|1|206|0|200|
99|251|216|1|207|0|200|
99|199|216|1|173|0|198|
99|250|324|1|205|0|200|
99|254|216|1|206|0|200|
99|199|216|1|173|0|198|
99|199|216|1|173|0|198|
99|199|216|1|173|0|198|
99|199|216|1|173|0|198|
99|195|108|1|173|0|198|
99|199|216|1|173|0|198|
99|250|216|1|205|0|200|
99|199|216|1|173|0|198|
99|199|216|1|173|0|198|
99|199|216|1|173|0|198|
99|199|216|1|173|0|198|
99|199|216|1|173|0|198|
99|199|108|1|173|0|198|
99|196|216|1|173|0|198|
99|199|216|1|173|0|198|
99|199|108|1|173|0|198|
99|199|216|1|173|0|198|
99|199|216|1|173|0|198|
99|199|216|1|173|0|198|
99|199|216|1|173|0|198|
99|199|216|1|173|0|198|
99|199|216|1|173|0|198|
99|198|108|1|173|0|198|
99|195|216|1|173|0|198|
99|196|216|1|173|0|198|
99|253|216|1|205|0|200|
99|199|216|1|173|0|198|
99|199|216|1|173|0|198|
99|196|108|1|173|0|198|
99|199|108|1|173|0|198|
99|199|216|1|173|0|198|
99|248|216|1|206|0|200|
99|198|216|1|173|0|198|
99|199|216|1|173|0|198|
99|199|216|1|173|0|198|
99|199|216|1|173|0|198|
99|220|216|1|214|0|198|
99|261|216|1|235|0|200|
99|283|216|1|245|0|200|
99|249|216|1|207|0|200|
99|248|324|1|206|0|200|
99|250|324|1|206|0|200|
99|199|216|1|173|0|198|
99|199|216|1|173|0|198|
99|199|216|1|173|0|198|
99|199|108|1|173|0|198|
99|254|324|1|206|0|200|
99|199|216|1|173|0|198|
99|199|216|1|173|0|198|
99|198|216|1|173|0|198|
99|195|216|1|173|0|198|
99|251|324|1|206|0|200|
99|199|216|1|173|0|198|
99|199|216|1|173|0|198|
99|199|216|1|173|0|198|
99|199|216|1|173|0|198|
99|199|216|1|173|0|198|
99|196|216|1|173|0|198|
99|199|216|1|173|0|198|
99|248|324|1|206|0|200|
99|199|216|1|173|0|198|
99|199|216|1|173|0|198|
99|196|216|1|173|0|198|
99|199|216|1|173|0|198|
99|195|108|1|173|0|198|
99|251|216|1|206|0|200|
99|198|216|1|173|0|198|
99|198|216|1|173|0|198|
99|196|108|1|173|0|198|
99|198|216|1|173|0|198|
99|198|216|1|173|0|198|
99|198|216|1|173|0|198|
99|198|216|1|173|0|198|
99|195|216|1|173|0|198|
99|224|324|1|263|0|198|
99|380|432|1|702|0|202|
99|346|216|1|372|0|202|
99|196|216|1|173|0|198|
99|198|216|1|173|0|198|
99|198|108|1|173|0|198|
99|198|216|1|173|0|198|
99|198|108|1|173|0|198|
99|195|216|1|173|0|198|
99|199|216|1|173|0|198|
99|199|216|1|173|0|198|
99|198|216|1|173|0|198|
99|198|216|1|173|0|198|
99|198|216|1|173|0|198|
99|198|108|1|173|0|198|
99|198|216|1|173|0|198|
99|198|216|1|173|0|198|
99|199|216|1|173|0|198|
99|196|216|1|173|0|198|
99|198|216|1|173|0|198|
99|199|216|1|173|0|198|
99|198|216|1|173|0|198|
99|198|216|1|173|0|198|
99|195|108|1|173|0|198|
99|195|216|1|173|0|198|
99|199|216|1|173|0|198|
99|195|216|1|173|0|198|
99|199|216|1|173|0|198|
99|195|216|1|173|0|198|
99|199|108|1|173|0|198|
99|195|216|1|173|0|198|
99|198|216|1|173|0|198|
99|204|216|1|173|0|198|
99|224|324|1|247|0|198|
99|195|108|1|173|0|198|
99|198|108|1|173|0|198|
99|198|216|1|173|0|198|
99|198|216|1|173|0|198|
99|198|216|1|173|0|198|
99|198|216|1|173|0|198|
99|195|216|1|173|0|198|
99|199|108|1|173|0|198|
99|357|324|1|410|0|200|
99|198|216|1|173|0|198|
99|199|216|1|173|0|198|
99|260|216|1|206|0|200|
99|199|216|1|173|0|198|
99|199|216|1|173|0|198|
99|199|216|1|173|0|198|
99|199|216|1|173|0|198|
99|199|216|1|173|0|198|
99|199|216|1|173|0|198|
99|199|216|1|173|0|198|
99|199|216|1|173|0|198|
99|199|216|1|173|0|198|
99|196|108|1|173|0|198|
99|198|216|1|173|0|198|
99|198|216|1|173|0|198|
99|199|216|1|173|0|198|
99|199|216|1|173|0|198|
99|198|216|1|173|0|198|
99|198|216|1|173|0|198|
99|198|108|1|173|0|198|
99|195|216|1|173|0|198|
99|198|216|1|173|0|198|
99|198|216|1|173|0|198|
99|199|216|1|173|0|198|
99|250|216|1|205|0|200|
99|195|216|1|173|0|198|
99|198|216|1|173|0|198|
99|198|216|1|173|0|198|
99|198|216|1|173|0|198|
99|198|216|1|173|0|198|
99|195|108|1|173|0|198|
99|199|216|1|173|0|198|
99|198|216|1|173|0|198|
99|198|108|1|173|0|198|
99|199|108|1|173|0|198|
99|198|216|1|173|0|198|
99|196|216|1|173|0|198|
99|198|216|1|173|0|198|
99|199|216|1|173|0|198|
99|195|216|1|173|0|198|
99|248|216|1|206|0|200|
99|251|324|1|206|0|200|
99|196|216|1|173|0|198|
99|252|216|1|207|0|200|
99|196|216|1|173|0|198|
99|249|216|1|207|0|200|
99|196|216|1|173|0|198|
99|248|324|1|207|0|200|
99|196|108|1|173|0|198|
99|277|216|1|235|0|200|
99|249|216|1|207|0|200|
99|277|324|1|232|0|200|
99|251|324|1|206|0|200|
99|248|324|1|206|0|200|
99|249|216|1|207|0|200|
99|281|324|1|236|0|200|
99|196|216|1|173|0|198|
99|249|324|1|208|0|200|
99|251|216|1|206|0|200|
99|248|216|1|206|0|200|
99|248|216|1|206|0|200|
99|248|324|1|206|0|200|
99|248|324|1|206|0|200|
99|248|216|1|206|0|200|
99|249|216|1|207|0|200|
99|251|216|1|206|0|200|
99|249|216|1|208|0|200|
99|249|108|1|208|0|200|
99|249|324|1|207|0|200|
99|248|324|1|206|0|200|
99|251|216|1|206|0|200|
99|277|324|1|235|0|200|
99|248|324|1|206|0|200|
99|196|216|1|173|0|198|
99|249|216|1|208|0|200|
99|249|108|1|208|0|200|
99|248|324|1|206|0|200|
99|252|216|1|207|0|200|
99|251|216|1|206|0|200|
99|251|216|1|206|0|200|
99|270|324|1|228|0|200|
99|249|216|1|207|0|200|
99|325|324|1|306|0|195|
99|283|216|1|509|0|198|
99|378|324|1|582|0|200|
99|252|324|1|207|0|200|
99|249|216|1|208|0|200|
99|248|108|1|206|0|200|
99|268|324|1|226|0|200|
99|249|324|1|207|0|200|
99|254|216|1|207|0|200|
99|248|216|1|206|0|200|
99|249|216|1|208|0|200|
99|249|216|1|207|0|200|
99|249|216|1|208|0|200|
99|251|108|1|206|0|200|
99|248|216|1|206|0|200|
99|248|324|1|206|0|200|
99|248|108|1|206|0|200|
99|196|216|1|173|0|198|
99|249|216|1|208|0|200|
99|249|216|1|208|0|200|
99|249|216|1|208|0|200|
99|248|216|1|206|0|200|
99|196|216|1|173|0|198|
99|251|324|1|206|0|200|
99|249|324|1|207|0|200|
99|249|216|1|207|0|200|
99|248|324|1|206|0|200|
99|268|324|1|227|0|200|
99|281|324|1|240|0|200|
99|195|108|1|173|0|198|
99|253|216|1|206|0|200|
99|195|216|1|173|0|198|
99|248|216|1|206|0|200|
99|248|216|1|206|0|200|
99|248|216|1|206|0|200|
99|248|324|1|206|0|200|
99|249|216|1|208|0|200|
99|248|324|1|206|0|200|
99|250|324|1|206|0|200|
99|249|324|1|208|0|200|
99|249|324|1|208|0|200|
99|196|216|1|173|0|198|
99|196|216|1|173|0|198|
99|343|432|1|594|0|200|
99|223|216|1|334|0|192|
99|196|108|1|173|0|198|
99|250|216|1|206|0|200|
99|250|216|1|206|0|200|
99|198|108|1|173|0|198|
99|198|216|1|173|0|198|
99|198|216|1|173|0|198|
99|198|216|1|173|0|198|
99|198|216|1|173|0|198|
99|198|216|1|173|0|198|
99|248|216|1|206|0|200|
99|195|216|1|173|0|198|
99|198|216|1|173|0|198|
99|198|216|1|173|0|198|
99|198|216|1|173|0|198|
99|198|216|1|173|0|198|
99|198|216|1|173|0|198|
99|199|216|1|173|0|198|
99|198|216|1|173|0|198|
99|198|216|1|173|0|198|
99|198|216|1|173|0|198|
99|195|216|1|173|0|198|
99|195|216|1|173|0|198|
99|198|216|1|173|0|198|
99|198|216|1|173|0|198|
99|196|108|1|173|0|198|
99|249|324|1|208|0|200|
99|198|108|1|173|0|198|
99|199|216|1|173|0|198|
99|198|216|1|173|0|198|
99|198|108|1|173|0|198|
99|198|216|1|173|0|198|
99|196|216|1|173|0|198|
99|195|216|1|173|0|198|
99|249|324|1|208|0|200|
99|311|324|1|457|0|196|
99|244|216|1|333|0|196|
99|198|216|1|173|0|198|
99|198|216|1|173|0|198|
99|198|216|1|173|0|198|
99|198|216|1|173|0|198|
99|196|216|1|173|0|198|
99|338|432|1|444|0|200|
99|198|216|1|173|0|198|
99|198|216|1|173|0|198|
99|198|216|1|173|0|198|
99|196|216|1|173|0|198|
99|198|216|1|173|0|198|
99|195|108|1|173|0|198|
99|195|216|1|173|0|198|
99|199|108|1|173|0|198|
99|198|216|1|173|0|198|
99|198|108|1|173|0|198|
99|198|216|1|173|0|198|
99|198|216|1|173|0|198|
99|198|216|1|173|0|198|
99|198|216|1|173|0|198|
99|198|216|1|173|0|198|
99|199|216|1|173|0|198|
99|198|216|1|173|0|198|
99|198|108|1|173|0|198|
99|198|108|1|173|0|198|
99|198|108|1|173|0|198|
99|198|216|1|173|0|198|
99|198|216|1|173|0|198|
99|198|216|1|173|0|198|
99|198|216|1|173|0|198|
99|199|216|1|173|0|198|
99|200|216|1|173|0|198|
99|199|216|1|173|0|198|
99|195|216|1|173|0|198|
99|198|216|1|173|0|198|
99|198|216|1|173|0|198|
99|198|216|1|173|0|198|
99|198|216|1|173|0|198|
99|198|216|1|173|0|198|
99|199|216|1|173|0|198|
99|198|216|1|173|0|198|
99|195|108|1|173|0|198|
99|198|216|1|173|0|198|
99|198|216|1|173|0|198|
99|198|216|1|173|0|198|
99|198|216|1|173|0|198|
99|198|216|1|173|0|198|
99|199|216|1|173|0|198|
99|196|216|1|173|0|198|
99|199|216|1|173|0|198|
99|198|216|1|173|0|198|
99|198|216|1|173|0|198|
99|198|216|1|173|0|198|
99|195|216|1|173|0|198|
99|198|216|1|173|0|198|
99|198|216|1|173|0|198|
99|199|108|1|173|0|198|
99|196|216|1|173|0|198|
99|198|216|1|173|0|198|
99|198|216|1|173|0|198|
99|198|216|1|173|0|198|
99|198|108|1|173|0|198|
99|198|216|1|173|0|198|
99|198|108|1|173|0|198|
99|198|216|1|173|0|198|
99|199|216|1|173|0|198|
99|198|216|1|173|0|198|
99|198|216|1|173|0|198|
99|199|216|1|173|0|198|
99|198|216|1|173|0|198|
99|198|216|1|173|0|198|
99|197|216|1|173|0|198|
99|231|216|1|244|0|198|
99|195|108|1|173|0|198|
99|198|216|1|173|0|198|
99|198|216|1|173|0|198|
99|282|324|1|288|0|202|
99|248|324|1|206|0|200|
99|196|216|1|173|0|198|
99|248|216|1|206|0|200|
99|248|324|1|206|0|200|
99|248|324|1|206|0|200|
99|196|216|1|173|0|198|
99|196|216|1|173|0|198|
99|252|108|1|207|0|200|
99|251|324|1|206|0|200|
99|248|216|1|206|0|200|
99|249|216|1|207|0|200|
99|298|432|1|271|0|200|
99|250|216|1|205|0|200|
99|250|324|1|206|0|200|
99|198|108|1|173|0|198|
99|196|216|1|173|0|198|
99|198|108|1|173|0|198|
99|198|216|1|173|0|198|
99|196|216|1|173|0|198|
99|198|216|1|173|0|198|
99|199|216|1|173|0|198|
99|199|216|1|173|0|198|
99|199|216|1|173|0|198|
99|195|216|1|173|0|198|
99|198|108|1|173|0|198|
99|198|108|1|173|0|198|
99|198|216|1|173|0|198|
99|198|216|1|173|0|198|
99|198|216|1|173|0|198|
99|198|216|1|173|0|198|
99|199|216|1|173|0|198|
99|198|216|1|173|0|198|
99|198|216|1|173|0|198|
99|198|216|1|173|0|198|
99|198|216|1|173|0|198|
99|195|216|1|173|0|198|
99|198|216|1|173|0|198|
99|195|216|1|173|0|198|
99|199|216|1|173|0|198|
99|198|108|1|173|0|198|
99|250|216|1|205|0|200|
99|195|216|1|173|0|198|
99|198|108|1|173|0|198|
99|198|216|1|173|0|198|
99|198|216|1|173|0|198|
99|195|216|1|173|0|198|
99|199|216|1|173|0|198|
99|195|216|1|173|0|198|
99|198|216|1|173|0|198|
99|198|216|1|173|0|198|
99|199|216|1|173|0|198|
99|198|216|1|173|0|198|
99|198|216|1|173|0|198|
99|195|216|1|173|0|198|
99|198|216|1|173|0|198|
99|272|324|1|368|0|198|
99|198|216|1|173|0|198|
99|198|108|1|173|0|198|
99|198|216|1|173|0|198|
99|198|108|1|173|0|198|
99|198|108|1|173|0|198|
99|195|216|1|173|0|198|
99|196|216|1|173|0|198|
99|199|216|1|173|0|198|
99|198|216|1|173|0|198|
99|198|216|1|173|0|198|
99|198|216|1|173|0|198|
99|198|216|1|173|0|198|
99|198|216|1|173|0|198|
99|251|324|1|206|0|200|
99|196|216|1|173|0|198|
99|249|216|1|208|0|200|
99|249|216|1|208|0|200|
99|195|216|1|173|0|198|
99|196|216|1|173|0|198|
99|248|216|1|206|0|200|
99|225|324|1|257|0|198|
99|198|108|1|173|0|198|
99|199|216|1|173|0|198|
99|248|216|1|206|0|200|
99|198|216|1|173|0|198|
99|198|216|1|173|0|198|
99|195|216|1|173|0|198|
99|199|216|1|173|0|198|
99|198|216|1|173|0|198|
99|198|216|1|173|0|198|
99|198|216|1|173|0|198|
99|198|216|1|173|0|198|
99|198|108|1|173|0|198|
99|198|216|1|173|0|198|
99|198|108|1|173|0|198|
99|198|216|1|173|0|198|
99|198|216|1|173|0|198|
99|198|216|1|173|0|198|
99|198|108|1|173|0|198|
99|199|216|1|173|0|198|
99|199|108|1|173|0|198|
99|196|216|1|173|0|198|
99|198|216|1|173|0|198|
99|195|216|1|173|0|198|
99|198|216|1|173|0|198|
99|195|216|1|173|0|198|
99|206|216|1|180|0|198|
99|195|108|1|173|0|198|
99|195|216|1|173|0|198|
99|198|216|1|173|0|198|
99|198|216|1|173|0|198|
99|198|216|1|173|0|198|
99|195|108|1|173|0|198|
99|198|216|1|173|0|198|
99|199|108|1|173|0|198|
99|199|216|1|173|0|198|
99|195|216|1|173|0|198|
99|199|216|1|173|0|198|
99|198|216|1|173|0|198|
99|198|216|1|173|0|198|
99|198|216|1|173|0|198|
99|198|216|1|173|0|198|
99|200|216|1|173|0|198|
99|198|216|1|173|0|198|
99|198|216|1|173|0|198|
99|198|108|1|173|0|198|
99|198|216|1|173|0|198|
99|195|216|1|173|0|198|
99|198|216|1|173|0|198|
99|198|216|1|173|0|198|
99|199|108|1|173|0|198|
99|198|216|1|173|0|198|
99|195|216|1|173|0|198|
99|195|108|1|173|0|198|
99|198|216|1|173|0|198|
99|198|216|1|173|0|198|
99|198|216|1|173|0|198|
99|198|216|1|173|0|198|
99|198|216|1|173|0|198|
99|199|216|1|173|0|198|
99|196|216|1|173|0|198|
99|199|108|1|173|0|198|
99|198|108|1|173|0|198|
99|195|216|1|173|0|198|
99|195|216|1|173|0|198|
99|198|216|1|173|0|198|
99|198|216|1|173|0|198|
99|199|216|1|173|0|198|
99|198|216|1|173|0|198|
99|198|216|1|173|0|198|
99|198|216|1|173|0|198|
99|198|216|1|173|0|198|
99|198|216|1|173|0|198|
99|198|216|1|173|0|198|
99|198|216|1|173|0|198|
99|196|216|1|173|0|198|
99|198|216|1|173|0|198|
99|195|108|1|173|0|198|
99|198|216|1|173|0|198|
99|198|216|1|173|0|198|
99|198|216|1|173|0|198|
99|198|216|1|173|0|198|
99|196|108|1|173|0|198|
99|195|108|1|173|0|198|
99|198|216|1|173|0|198|
99|198|216|1|173|0|198|
99|198|216|1|173|0|198|
99|198|216|1|173|0|198|
99|198|216|1|173|0|198|
99|198|216|1|173|0|198|
99|198|216|1|173|0|198|
99|199|216|1|173|0|198|
99|198|216|1|173|0|198|
99|198|216|1|173|0|198|
99|198|216|1|173|0|198|
99|196|108|1|173|0|198|
99|196|216|1|173|0|198|
99|198|216|1|173|0|198|
99|198|216|1|173|0|198|
99|196|108|1|173|0|198|
99|198|216|1|173|0|198|
99|198|108|1|173|0|198|
99|210|108|1|187|0|201|
99|278|324|1|236|0|200|
99|196|216|1|173|0|198|
99|196|216|1|173|0|198|
99|196|216|1|173|0|198|
99|196|216|1|173|0|198|
99|196|216|1|173|0|198|
99|196|216|1|173|0|198|
99|248|216|1|206|0|200|
99|249|216|1|208|0|200|
99|196|216|1|173|0|198|
99|196|216|1|173|0|198|
99|196|108|1|173|0|198|
99|196|216|1|173|0|198|
99|196|108|1|173|0|198|
99|267|324|1|303|0|200|
99|295|324|1|279|0|200|
99|318|324|1|328|0|198|
99|198|216|1|173|0|198|
99|198|216|1|173|0|198|
99|198|216|1|173|0|198|
99|198|108|1|173|0|198|
99|199|216|1|173|0|198|
99|198|216|1|173|0|198|
99|198|216|1|173|0|198|
99|198|216|1|173|0|198|
99|198|216|1|173|0|198|
99|198|108|1|173|0|198|
99|198|108|1|173|0|198|
99|196|216|1|173|0|198|
99|199|216|1|173|0|198|
99|196|108|1|173|0|198|
99|198|216|1|173|0|198|
99|198|216|1|173|0|198|
99|198|216|1|173|0|198|
99|195|216|1|173|0|198|
99|198|108|1|173|0|198|
99|198|216|1|173|0|198|
99|196|216|1|173|0|198|
99|196|216|1|173|0|198|
99|198|216|1|173|0|198|
99|198|216|1|173|0|198|
99|198|216|1|173|0|198|
99|198|216|1|173|0|198|
99|198|216|1|173|0|198|
99|198|216|1|173|0|198|
99|198|216|1|173|0|198|
99|220|216|1|238|0|200|
99|195|216|1|173|0|198|
99|199|216|1|173|0|198|
99|198|216|1|173|0|198|
99|198|216|1|173|0|198|
99|198|216|1|173|0|198|
99|198|216|1|173|0|198|
99|199|108|1|173|0|198|
99|198|216|1|173|0|198|
99|196|108|1|173|0|198|
99|306|216|1|449|0|195|
99|266|324|1|418|0|198|
99|342|324|1|598|0|198|
99|388|324|1|754|0|200|
99|266|216|1|273|0|200|
99|254|324|1|430|0|198|
99|318|324|1|398|0|200|
99|308|216|1|637|0|198|
99|230|216|1|345|0|198|
99|376|432|1|773|0|198|
99|334|324|1|458|0|200|
99|293|324|1|650|0|198|
99|281|216|1|304|0|200|
99|323|324|1|504|0|200|
99|302|216|1|436|0|198|
99|290|324|1|590|0|196|
99|325|432|1|490|0|200|
99|306|324|1|492|0|202|
99|382|324|1|771|0|200|
99|346|324|1|459|0|202|
99|216|216|1|317|0|196|
99|322|324|1|428|0|200|
99|287|324|1|578|0|198|
99|332|216|1|494|0|200|
99|383|432|1|674|0|200|
99|323|432|1|404|0|200|
99|340|216|1|592|0|200|
99|354|324|1|672|0|200|
99|395|432|1|834|0|202|
99|335|432|1|619|0|200|
99|330|324|1|455|0|200|
99|414|432|1|738|0|199|
99|343|324|1|425|0|200|
99|238|324|1|283|0|198|
99|335|432|1|572|0|200|
99|283|324|1|387|0|202|
99|374|432|1|662|0|203|
99|351|324|1|657|0|200|
99|255|216|1|522|0|195|
99|387|432|1|711|0|200|
99|347|324|1|668|0|200|
99|295|324|1|550|0|198|
99|270|216|1|319|0|200|
99|376|432|1|697|0|200|
99|391|324|1|750|0|200|
99|288|216|1|478|0|198|
99|382|432|1|725|0|200|
99|321|216|1|404|0|200|
99|337|324|1|633|0|190|
99|371|324|1|722|0|200|
99|300|216|1|420|0|200|
99|346|216|1|638|0|198|
99|292|324|1|297|0|200|
99|196|216|1|173|0|198|
99|198|216|1|173|0|198|
99|198|216|1|173|0|198|
99|215|108|1|317|0|198|
99|324|216|1|366|0|200|
99|269|324|1|472|0|198|
99|373|432|1|758|0|197|
99|337|432|1|592|0|199|
99|331|432|1|420|0|200|
99|310|324|1|515|0|198|
99|353|324|1|577|0|200|
99|374|432|1|789|0|200|
99|316|324|1|289|0|200|
99|366|432|1|759|0|196|
99|325|432|1|509|0|199|
99|360|324|1|545|0|202|
99|371|324|1|632|0|200|
99|327|216|1|599|0|188|
99|378|324|1|760|0|200|
99|328|216|1|676|0|200|
99|309|432|1|534|0|202|
99|369|432|1|664|0|198|
99|272|432|1|477|0|198|
99|355|324|1|732|0|198|
99|292|432|1|646|0|198|
99|291|324|1|402|0|200|
99|291|324|1|620|0|197|
99|346|432|1|670|0|198|
99|340|324|1|615|0|199|
99|333|324|1|411|0|205|
99|277|324|1|331|0|200|
99|328|324|1|435|0|200|
99|345|216|1|685|0|196|
99|383|216|1|580|0|200|
99|226|216|1|268|0|198|
99|292|324|1|373|0|198|
99|277|216|1|292|0|202|
99|352|432|1|624|0|200|
99|286|216|1|547|0|198|
99|288|216|1|584|0|198|
99|358|324|1|631|0|205|
99|385|324|1|741|0|195|
99|374|432|1|725|0|202|
99|317|324|1|472|0|200|
99|357|216|1|494|0|200|
99|282|216|1|544|0|198|
99|383|432|1|716|0|200|
99|310|216|1|455|0|199|
99|307|324|1|255|0|202|
99|384|432|1|729|0|200|
99|381|324|1|723|0|200|
99|382|324|1|595|0|200|
99|271|324|1|261|0|195|
99|333|324|1|428|0|200|
99|290|324|1|263|0|200|
99|373|324|1|511|0|202|
99|298|216|1|585|0|200|
99|396|432|1|663|0|198|
99|249|324|1|442|0|201|
99|341|432|1|583|0|197|
99|196|216|1|173|0|198|
99|198|216|1|173|0|198|
99|196|216|1|173|0|198|
99|393|324|1|830|0|200|
99|390|324|2|619|0|198|
99|370|432|1|728|0|196|
99|281|216|1|544|0|198|
99|351|324|1|603|0|198|
99|341|432|1|596|0|200|
99|343|432|1|492|0|202|
99|286|216|1|285|0|200|
99|296|324|1|604|0|198|
99|359|324|1|516|0|198|
99|376|324|1|735|0|200|
99|242|216|1|370|0|198|
99|332|216|1|477|0|198|
99|289|432|1|595|0|196|
99|384|324|1|747|0|202|
99|292|324|1|655|0|196|
99|339|432|1|644|0|198|
99|335|216|1|442|0|200|
99|363|324|1|581|0|200|
99|347|216|1|626|0|183|
99|301|216|1|377|0|200|
99|234|324|1|425|0|198|
99|274|324|1|318|0|200|
99|348|432|1|685|0|200|
99|290|216|1|554|0|200|
99|301|324|1|394|0|198|
99|377|324|1|729|0|198|
99|286|324|1|595|0|198|
99|352|432|1|487|0|203|
99|345|432|1|690|0|200|
99|343|324|1|660|0|198|
99|324|324|1|576|0|200|
99|372|324|1|600|0|202|
99|340|432|1|613|0|194|
99|271|216|1|492|0|198|
99|322|324|1|427|0|200|
99|256|216|1|360|0|198|
99|340|324|1|614|0|197|
99|239|108|1|426|0|198|
99|311|324|1|444|0|198|
99|334|324|1|332|0|202|
99|290|324|1|569|0|198|
99|346|324|1|489|0|200|
99|369|432|1|689|0|199|
99|329|324|1|363|0|202|
99|298|324|1|591|0|198|
99|289|324|1|550|0|196|
99|333|324|1|537|0|200|
99|313|324|1|343|0|200|
99|364|324|1|651|0|200|
99|233|216|1|399|0|198|
99|323|324|1|430|0|200|
99|243|216|1|299|0|192|
99|332|216|1|456|0|200|
99|317|324|1|400|0|200|
99|312|324|1|351|0|200|
99|258|216|1|253|0|198|
99|196|216|1|173|0|198|
99|198|216|1|173|0|198|
99|196|216|1|173|0|198|
99|361|324|1|463|0|200|
99|304|324|1|335|0|200|
99|352|432|1|721|0|198|
99|334|324|1|556|0|202|
99|456|432|1|728|0|190|
99|333|324|1|555|0|200|
99|315|324|1|457|0|202|
99|272|324|1|434|0|198|
99|287|324|1|508|0|198|
99|285|324|1|371|0|200|
99|345|324|1|432|0|200|
99|283|324|1|578|0|198|
99|334|324|1|501|0|200|
99|396|432|1|820|0|202|
99|315|216|1|464|0|202|
99|349|432|1|665|0|200|
99|348|216|1|476|0|200|
99|319|324|1|412|0|202|
99|354|324|1|659|0|200|
99|352|432|1|752|0|200|
99|330|324|1|513|0|197|
99|387|324|1|664|0|200|
99|335|216|1|439|0|200|
99|348|432|1|639|0|199|
99|286|216|1|392|0|200|
99|328|432|1|464|0|200|
99|274|216|1|478|0|198|
99|352|324|1|731|0|199|
99|212|324|1|270|0|198|
99|342|432|1|549|0|200|
99|380|432|1|623|0|200|
99|352|432|1|616|0|200|
99|349|324|1|617|0|202|
99|382|432|1|730|0|200|
99|234|216|1|363|0|198|
99|284|324|1|283|0|200|
99|354|432|1|500|0|199|
99|276|216|1|519|0|198|
99|242|216|1|350|0|198|
99|347|432|1|714|0|202|
99|374|324|1|713|0|200|
99|299|324|1|302|0|202|
99|333|216|1|553|0|200|
99|317|216|1|515|0|200|
99|218|324|1|247|0|198|
99|387|432|1|791|0|200|
99|374|432|1|641|0|200|
99|225|324|1|311|0|198|
99|275|216|1|334|0|200|
99|288|324|1|564|0|200|
99|375|432|1|798|0|200|
99|292|324|1|594|0|198|
99|354|216|1|588|0|200|
99|359|432|1|448|0|201|
99|346|216|1|628|0|200|
99|340|324|1|672|0|205|
99|248|216|1|206|0|200|
99|249|324|1|208|0|200|
99|199|216|1|173|0|198|
99|196|216|1|173|0|198|
99|250|324|1|486|0|195|
99|301|216|1|392|0|203|
99|322|324|1|542|0|198|
99|247|324|1|376|0|198|
99|359|216|1|613|0|202|
99|287|324|1|361|0|202|
99|303|216|1|346|0|198|
99|321|216|1|476|0|200|
99|374|324|1|563|0|200|
99|379|324|1|759|0|200|
99|332|216|1|534|0|202|
99|371|324|1|713|0|198|
99|390|432|1|764|0|200|
99|282|324|1|404|0|197|
99|378|324|1|726|0|200|
99|360|324|1|629|0|200|
99|285|216|1|368|0|202|
99|388|324|1|825|0|200|
99|307|216|1|543|0|198|
99|331|324|1|629|0|200|
99|371|324|1|524|0|202|
99|324|324|1|451|0|202|
99|348|324|1|566|0|198|
99|304|432|1|515|0|200|
99|346|432|1|619|0|200|
99|361|324|1|481|0|200|
99|337|216|1|565|0|202|
99|312|324|1|341|0|204|
99|360|432|1|642|0|198|
99|284|324|1|452|0|194|
99|314|216|1|331|0|200|
99|259|324|1|387|0|198|
99|373|432|1|706|0|200|
99|340|216|1|614|0|200|
99|402|324|1|738|0|200|
99|327|216|1|457|0|196|
99|378|324|1|551|0|202|
99|373|324|1|664|0|200|
99|301|216|1|375|0|200|
99|345|432|1|527|0|200|
99|281|216|1|236|0|200|
99|200|108|1|173|0|198|
99|199|216|1|173|0|198|
99|199|216|1|173|0|198|
99|199|216|1|173|0|198|
99|200|216|1|173|0|198|
99|199|216|1|173|0|198|
99|199|216|1|173|0|198|
99|199|216|1|173|0|198|
99|196|216|1|173|0|198|
99|199|216|1|173|0|198|
99|199|216|1|173|0|198|
99|199|216|1|173|0|198|
99|199|216|1|173|0|198|
99|199|216|1|173|0|198|
99|252|216|1|207|0|200|
99|199|216|1|173|0|198|
99|196|216|1|173|0|198|
99|196|216|1|173|0|198|
99|196|216|1|173|0|198|
99|199|108|1|173|0|198|
99|199|216|1|173|0|198|
99|199|216|1|173|0|198|
99|199|216|1|173|0|198|
99|199|216|1|173|0|198|
99|198|216|1|173|0|198|
99|199|108|1|173|0|198|
99|251|324|1|206|0|200|
99|199|216|1|173|0|198|
99|199|216|1|173|0|198|
99|199|216|1|173|0|198|
99|199|216|1|173|0|198|
99|199|216|1|173|0|198|
99|199|216|1|173|0|198|
99|198|216|1|173|0|198|
99|199|216|1|173|0|198|
99|198|216|1|173|0|198|
99|198|216|1|173|0|198|
99|196|216|1|173|0|198|
99|198|216|1|173|0|198|
99|199|216|1|173|0|198|
99|199|216|1|173|0|198|
99|199|216|1|173|0|198|
99|199|216|1|173|0|198|
99|196|216|1|173|0|198|
99|198|216|1|173|0|198|
99|198|108|1|173|0|198|
99|199|216|1|173|0|198|
99|198|216|1|173|0|198|
99|199|216|1|173|0|198|
99|199|108|1|173|0|198|
99|199|216|1|173|0|198|
99|199|216|1|173|0|198|
99|199|216|1|173|0|198|
99|198|216|1|173|0|198|
99|253|216|1|205|0|200|
