INSTRUCTIONS_RETIRED|CYCLES|UNKNOWN|LD_BLOCKS.STORE_FORWARD|UOPS_EXECUTED.CORE|BR_MISP_RETIRED.ALL_BRANCHES|UOPS_RETIRED.ANY|
165|262|108|1|239|0|264|
165|265|108|1|239|0|264|
165|262|216|1|239|0|264|
165|265|216|1|239|0|264|
165|262|216|1|239|0|264|
165|374|216|1|531|0|264|
165|350|216|1|306|0|266|
165|262|108|1|239|0|264|
165|262|216|1|239|0|264|
165|262|216|1|239|0|264|
165|262|216|1|239|0|264|
165|262|216|1|239|0|264|
165|262|108|1|239|0|264|
165|261|108|1|239|0|264|
165|261|108|1|239|0|264|
165|261|216|1|239|0|264|
165|262|216|1|239|0|264|
165|262|216|1|239|0|264|
165|262|108|1|239|0|264|
165|265|108|1|239|0|264|
165|265|324|1|239|0|264|
165|265|108|1|239|0|264|
165|262|324|1|239|0|264|
165|262|324|1|239|0|264|
165|262|108|1|239|0|264|
165|262|108|1|239|0|264|
165|262|108|1|239|0|264|
165|265|216|1|239|0|264|
165|265|216|1|239|0|264|
165|264|216|1|239|0|264|
165|264|216|1|239|0|264|
165|265|216|1|239|0|264|
165|262|216|1|239|0|264|
165|262|108|1|239|0|264|
165|262|108|1|239|0|264|
165|313|108|1|272|0|266|
165|262|108|1|239|0|264|
165|261|108|1|239|0|264|
165|264|216|1|239|0|264|
165|264|216|1|239|0|264|
165|318|216|1|272|0|266|
165|318|216|1|272|0|266|
165|264|216|1|239|0|264|
165|318|216|1|272|0|266|
165|261|108|1|239|0|264|
165|316|216|1|273|0|266|
165|261|216|1|239|0|264|
165|314|324|1|274|0|266|
165|261|324|1|239|0|264|
165|265|108|1|239|0|264|
165|262|216|1|239|0|264|
165|265|216|1|239|0|264|
165|330|108|1|286|0|266|
165|397|324|1|412|0|266|
165|316|216|1|272|0|266|
165|262|216|1|239|0|264|
165|262|108|1|239|0|264|
165|262|216|1|239|0|264|
165|265|216|1|290|0|264|
165|264|216|1|239|0|264|
165|265|108|1|239|0|264|
165|265|108|1|239|0|264|
165|262|108|1|239|0|264|
165|265|108|1|239|0|264|
165|264|108|1|239|0|264|
165|264|324|1|239|0|264|
165|264|216|1|239|0|264|
165|264|216|1|239|0|264|
165|265|216|1|239|0|264|
165|265|216|1|239|0|264|
165|262|216|1|239|0|264|
165|265|108|1|239|0|264|
165|265|216|1|239|0|264|
165|265|108|1|239|0|264|
165|265|216|1|239|0|264|
165|262|216|1|239|0|264|
165|264|216|1|239|0|264|
165|264|216|1|239|0|264|
165|264|216|1|239|0|264|
165|265|216|1|239|0|264|
165|265|216|1|239|0|264|
165|265|216|1|239|0|264|
165|265|216|1|239|0|264|
165|265|108|1|239|0|264|
165|265|216|1|239|0|264|
165|265|216|1|239|0|264|
165|265|216|1|239|0|264|
165|265|216|1|239|0|264|
165|262|216|1|239|0|264|
165|265|108|1|239|0|264|
165|265|216|1|239|0|264|
165|265|108|1|239|0|264|
165|265|216|1|239|0|264|
165|265|108|1|239|0|264|
165|262|216|1|239|0|264|
165|262|216|1|239|0|264|
165|317|108|1|273|0|266|
165|316|324|1|272|0|266|
165|262|216|1|239|0|264|
165|317|108|1|273|0|266|
165|317|108|1|273|0|266|
165|264|108|1|239|0|264|
165|262|216|1|239|0|264|
165|262|216|1|239|0|264|
165|313|216|1|272|0|266|
165|316|216|1|272|0|266|
165|316|216|1|272|0|266|
165|262|216|1|239|0|264|
165|262|108|1|239|0|264|
165|262|216|1|239|0|264|
165|316|216|1|272|0|266|
165|316|216|1|272|0|266|
165|316|324|1|272|0|266|
165|316|216|1|272|0|266|
165|316|216|1|272|0|266|
165|317|108|1|273|0|266|
165|262|216|1|239|0|264|
165|317|108|1|273|0|266|
165|262|216|1|239|0|264|
165|316|216|1|272|0|266|
165|316|324|1|272|0|266|
165|262|108|1|239|0|264|
165|261|108|1|239|0|264|
165|316|216|1|272|0|266|
165|316|108|1|272|0|266|
165|316|216|1|272|0|266|
165|317|216|1|273|0|266|
165|423|216|1|515|0|266|
165|367|216|1|536|0|264|
165|370|216|1|664|0|264|
165|261|216|1|239|0|264|
165|261|108|1|239|0|264|
165|261|108|1|239|0|264|
165|317|108|1|273|0|266|
165|262|108|1|239|0|264|
165|314|324|1|274|0|266|
165|316|216|1|273|0|266|
165|261|216|1|239|0|264|
165|317|324|1|274|0|266|
165|261|108|1|239|0|264|
165|317|324|1|274|0|266|
165|261|108|1|239|0|264|
165|317|216|1|274|0|266|
165|313|216|1|272|0|266|
165|318|216|1|272|0|266|
165|264|108|1|239|0|264|
165|313|216|1|272|0|266|
165|262|108|1|239|0|264|
165|316|216|1|273|0|266|
165|317|108|1|273|0|266|
165|317|324|1|273|0|266|
165|317|216|1|274|0|266|
165|316|216|1|272|0|266|
165|262|216|1|239|0|264|
165|262|216|1|239|0|264|
165|261|216|1|239|0|264|
165|261|216|1|239|0|264|
165|261|108|1|239|0|264|
165|317|216|1|274|0|266|
165|314|216|1|274|0|266|
165|317|216|1|274|0|266|
165|264|108|1|239|0|264|
165|314|324|1|273|0|266|
165|316|324|1|272|0|266|
165|316|216|1|272|0|266|
165|313|324|1|272|0|266|
165|313|216|1|272|0|266|
165|353|324|1|600|0|264|
165|452|324|1|801|0|266|
165|341|216|1|564|0|264|
165|317|324|1|273|0|266|
165|316|216|1|272|0|266|
165|313|108|1|272|0|266|
165|316|108|1|272|0|266|
165|262|216|1|239|0|264|
165|313|108|1|272|0|266|
165|316|216|1|272|0|266|
165|316|216|1|272|0|266|
165|262|108|1|239|0|264|
165|316|216|1|272|0|266|
165|316|216|1|272|0|266|
165|317|324|1|274|0|266|
165|314|108|1|272|0|266|
165|317|324|1|274|0|266|
165|317|216|1|274|0|266|
165|261|324|1|239|0|264|
165|316|216|1|273|0|266|
165|317|216|1|274|0|266|
165|317|216|1|274|0|266|
165|317|216|1|274|0|266|
165|316|216|1|272|0|266|
165|317|216|1|274|0|266|
165|317|216|1|274|0|266|
165|333|216|1|290|0|266|
165|359|324|1|372|0|266|
165|319|216|1|272|0|266|
165|316|216|1|272|0|266|
165|417|324|1|763|0|265|
165|341|216|1|297|0|266|
165|261|216|1|239|0|264|
165|341|216|1|297|0|266|
165|317|216|1|274|0|266|
165|314|324|1|274|0|266|
165|261|216|1|239|0|264|
165|264|216|1|239|0|264|
165|264|216|1|239|0|264|
165|264|108|1|239|0|264|
165|317|108|1|274|0|266|
165|406|216|1|728|0|264|
165|377|216|1|629|0|264|
165|409|324|1|494|0|266|
165|262|216|1|239|0|264|
165|262|216|1|239|0|264|
165|316|108|1|272|0|266|
165|262|216|1|239|0|264|
165|317|108|1|274|0|266|
165|316|108|1|272|0|266|
165|316|108|1|272|0|266|
165|314|216|1|274|0|266|
165|316|216|1|272|0|266|
165|316|216|1|272|0|266|
165|317|108|1|274|0|266|
165|262|216|1|239|0|264|
165|262|216|1|239|0|264|
165|316|216|1|272|0|266|
165|313|324|1|273|0|266|
165|317|216|1|274|0|266|
165|316|216|1|272|0|266|
165|317|216|1|274|0|266|
165|317|216|1|274|0|266|
165|318|216|1|272|0|266|
165|317|216|1|274|0|266|
165|261|216|1|239|0|264|
165|317|216|1|274|0|266|
165|317|108|1|274|0|266|
165|316|324|1|272|0|266|
165|314|108|1|273|0|266|
165|262|108|1|239|0|264|
165|313|324|1|272|0|266|
165|318|108|1|271|0|266|
165|313|216|1|272|0|266|
165|317|108|1|274|0|266|
165|317|324|1|274|0|266|
165|261|216|1|239|0|264|
165|317|324|1|274|0|266|
165|317|216|1|274|0|266|
165|317|324|1|274|0|266|
165|262|108|1|239|0|264|
165|421|324|1|650|0|260|
165|472|216|1|694|0|266|
165|414|216|1|573|0|266|
165|316|324|1|272|0|266|
165|316|108|1|272|0|266|
165|318|108|1|271|0|266|
165|318|108|1|272|0|266|
165|264|108|1|239|0|264|
165|261|216|1|239|0|264|
165|262|108|1|239|0|264|
165|262|108|1|239|0|264|
165|265|216|1|239|0|264|
165|317|216|1|274|0|266|
165|262|108|1|239|0|264|
165|261|216|1|239|0|264|
165|262|216|1|239|0|264|
165|262|108|1|239|0|264|
165|261|324|1|239|0|264|
165|316|216|1|272|0|266|
165|262|216|1|239|0|264|
165|261|216|1|239|0|264|
165|316|216|1|273|0|266|
165|261|108|1|239|0|264|
165|261|216|1|239|0|264|
165|262|108|1|239|0|264|
165|261|216|1|239|0|264|
165|262|216|1|239|0|264|
165|262|216|1|239|0|264|
165|261|108|1|239|0|264|
165|262|216|1|239|0|264|
165|262|108|1|239|0|264|
165|262|108|1|239|0|264|
165|419|324|1|535|0|265|
165|262|216|1|239|0|264|
165|261|216|1|239|0|264|
165|261|108|1|239|0|264|
165|314|108|1|274|0|266|
165|262|216|1|239|0|264|
165|262|108|1|239|0|264|
165|316|216|1|272|0|266|
165|316|216|1|272|0|266|
165|321|216|1|372|0|264|
165|523|324|1|868|0|266|
165|446|432|1|603|0|266|
165|503|432|1|677|0|266|
165|262|324|1|239|0|264|
165|262|216|1|239|0|264|
165|262|216|1|239|0|264|
165|262|108|1|239|0|264|
165|262|216|1|239|0|264|
165|261|216|1|239|0|264|
165|262|216|1|239|0|264|
165|262|108|1|239|0|264|
165|261|216|1|239|0|264|
165|314|324|1|359|0|264|
165|261|324|1|239|0|264|
165|285|108|1|292|0|264|
165|261|108|1|239|0|264|
165|262|216|1|239|0|264|
165|262|216|1|239|0|264|
165|262|216|1|239|0|264|
165|262|216|1|239|0|264|
165|262|108|1|239|0|264|
165|261|216|1|239|0|264|
165|262|108|1|239|0|264|
165|261|216|1|239|0|264|
165|261|216|1|239|0|264|
165|261|216|1|239|0|264|
165|317|216|1|274|0|266|
165|261|108|1|239|0|264|
165|261|216|1|239|0|264|
165|317|108|1|273|0|266|
165|317|216|1|274|0|266|
165|317|216|1|274|0|266|
165|261|216|1|239|0|264|
165|317|108|1|274|0|266|
165|262|216|1|239|0|264|
165|261|108|1|239|0|264|
165|317|324|1|273|0|266|
165|262|216|1|239|0|264|
165|261|216|1|239|0|264|
165|387|216|1|696|0|264|
165|486|432|1|805|0|266|
165|288|108|1|347|0|264|
165|337|108|1|293|0|266|
165|317|216|1|274|0|266|
165|336|324|1|295|0|266|
165|314|324|1|273|0|266|
165|316|108|1|272|0|266|
165|317|324|1|274|0|266|
165|316|324|1|273|0|266|
165|317|216|1|274|0|266|
165|337|216|1|297|0|266|
165|316|216|1|272|0|266|
165|317|108|1|274|0|266|
165|316|216|1|273|0|266|
165|317|216|1|273|0|266|
165|313|216|1|273|0|266|
165|262|108|1|239|0|264|
165|264|216|1|239|0|264|
165|316|324|1|272|0|266|
165|262|216|1|239|0|264|
165|316|324|1|272|0|266|
165|261|108|1|239|0|264|
165|317|216|1|274|0|266|
165|316|108|1|273|0|266|
165|344|216|1|301|0|266|
165|317|216|1|274|0|266|
165|264|216|1|239|0|264|
165|317|324|1|274|0|266|
165|318|216|1|272|0|266|
165|317|216|1|274|0|266|
165|313|216|1|272|0|266|
165|316|216|1|272|0|266|
165|317|108|1|273|0|266|
165|317|216|1|274|0|266|
165|330|216|1|289|0|266|
165|317|324|1|273|0|266|
165|313|216|1|272|0|266|
165|262|108|1|239|0|264|
165|313|216|1|272|0|266|
165|317|324|1|274|0|266|
165|313|324|1|272|0|266|
165|328|324|1|397|0|263|
165|397|324|1|405|0|266|
165|503|432|1|867|0|266|
165|261|216|1|239|0|264|
165|261|108|1|239|0|264|
165|317|324|1|274|0|266|
165|316|324|1|272|0|266|
165|262|216|1|239|0|264|
165|262|108|1|239|0|264|
165|313|216|1|272|0|266|
165|261|216|1|239|0|264|
165|318|108|1|272|0|266|
165|261|216|1|239|0|264|
165|262|216|1|239|0|264|
165|262|216|1|239|0|264|
165|317|108|1|273|0|266|
165|317|324|1|274|0|266|
165|332|216|1|292|0|266|
165|261|216|1|239|0|264|
165|317|324|1|274|0|266|
165|261|216|1|239|0|264|
165|316|216|1|272|0|266|
165|261|216|1|239|0|264|
165|263|108|1|239|0|264|
165|314|216|1|273|0|266|
165|316|216|1|272|0|266|
165|316|324|1|272|0|266|
165|317|216|1|274|0|266|
165|316|216|1|273|0|266|
165|316|324|1|273|0|266|
165|317|216|1|273|0|266|
165|318|216|1|272|0|266|
165|318|108|1|272|0|266|
165|264|324|1|239|0|264|
165|317|216|1|274|0|266|
165|262|108|1|239|0|264|
165|262|108|1|239|0|264|
165|262|216|1|239|0|264|
165|316|216|1|272|0|266|
165|454|324|1|821|0|264|
165|451|216|1|746|0|262|
165|366|216|1|628|0|262|
165|316|108|1|272|0|266|
165|265|216|1|239|0|264|
165|262|216|1|239|0|264|
165|317|216|1|273|0|266|
165|261|216|1|239|0|264|
165|261|108|1|239|0|264|
165|316|108|1|272|0|266|
165|317|108|1|273|0|266|
165|317|216|1|274|0|266|
165|313|216|1|272|0|266|
165|317|324|1|274|0|266|
165|317|216|1|274|0|266|
165|317|108|1|274|0|266|
165|316|324|1|273|0|266|
165|316|216|1|273|0|266|
165|317|108|1|274|0|266|
165|316|216|1|272|0|266|
165|262|216|1|239|0|264|
165|317|216|1|273|0|266|
165|262|216|1|239|0|264|
165|317|216|1|273|0|266|
165|317|216|1|273|0|266|
165|262|108|1|239|0|264|
165|317|216|1|274|0|266|
165|317|216|1|274|0|266|
165|261|108|1|239|0|264|
165|318|216|1|272|0|266|
165|261|216|1|239|0|264|
165|317|108|1|274|0|266|
165|317|216|1|274|0|266|
165|261|216|1|239|0|264|
165|331|216|1|290|0|266|
165|317|324|1|273|0|266|
165|316|216|1|272|0|266|
165|317|216|1|274|0|266|
165|317|216|1|274|0|266|
165|261|108|1|239|0|264|
165|313|216|1|272|0|266|
165|292|108|1|309|0|264|
165|375|216|1|369|0|266|
165|421|216|1|628|0|266|
165|316|216|1|272|0|266|
165|262|216|1|239|0|264|
165|262|108|1|239|0|264|
165|262|108|1|239|0|264|
165|262|108|1|239|0|264|
165|262|216|1|239|0|264|
165|262|108|1|239|0|264|
165|262|216|1|239|0|264|
165|261|216|1|239|0|264|
165|262|108|1|239|0|264|
165|262|108|1|239|0|264|
165|261|108|1|239|0|264|
165|262|108|1|239|0|264|
165|262|108|1|239|0|264|
165|261|324|1|239|0|264|
165|313|216|1|272|0|266|
165|261|108|1|239|0|264|
165|261|216|1|239|0|264|
165|262|324|1|239|0|264|
165|262|108|1|239|0|264|
165|316|216|1|272|0|266|
165|262|108|1|239|0|264|
165|317|324|1|274|0|266|
165|318|324|1|272|0|266|
165|317|216|1|274|0|266|
165|317|216|1|274|0|266|
165|317|216|1|274|0|266|
165|262|216|1|239|0|264|
165|262|108|1|239|0|264|
165|262|108|1|239|0|264|
165|262|216|1|239|0|264|
165|262|216|1|239|0|264|
165|262|216|1|239|0|264|
165|261|216|1|239|0|264|
165|317|324|1|274|0|266|
165|261|108|1|239|0|264|
165|364|216|1|412|0|265|
165|438|324|1|550|0|266|
165|352|216|1|355|0|266|
165|317|108|1|274|0|266|
165|402|432|1|716|0|264|
165|265|108|1|239|0|264|
165|262|108|1|239|0|264|
165|262|216|1|239|0|264|
165|261|108|1|239|0|264|
165|262|108|1|239|0|264|
165|316|324|1|272|0|266|
165|316|216|1|272|0|266|
165|262|324|1|239|0|264|
165|261|216|1|239|0|264|
165|261|216|1|239|0|264|
165|262|108|1|239|0|264|
165|262|108|1|239|0|264|
165|313|216|1|272|0|266|
165|262|108|1|239|0|264|
165|262|108|1|239|0|264|
165|261|216|1|239|0|264|
165|261|216|1|239|0|264|
165|261|216|1|239|0|264|
165|316|216|1|273|0|266|
165|261|216|1|239|0|264|
165|262|216|1|239|0|264|
165|261|216|1|239|0|264|
165|261|108|1|239|0|264|
165|262|108|1|239|0|264|
165|369|216|1|637|0|264|
165|261|216|1|239|0|264|
165|316|216|1|273|0|266|
165|346|216|1|607|0|264|
165|261|216|1|239|0|264|
165|316|216|1|273|0|266|
165|317|324|1|274|0|266|
165|317|324|1|273|0|266|
165|262|216|1|239|0|264|
165|317|216|1|273|0|266|
165|317|108|1|273|0|266|
165|313|216|1|272|0|266|
165|466|216|1|662|0|268|
165|314|216|1|274|0|266|
165|519|324|1|654|0|266|
165|316|216|1|272|0|266|
165|261|216|1|239|0|264|
165|262|108|1|239|0|264|
165|261|108|1|239|0|264|
165|316|216|1|412|0|264|
165|381|324|1|631|0|264|
165|261|324|1|239|0|264|
165|264|324|1|239|0|264|
165|264|108|1|239|0|264|
165|264|324|1|239|0|264|
165|264|108|1|239|0|264|
165|264|216|1|239|0|264|
165|265|216|1|239|0|264|
165|265|216|1|239|0|264|
165|264|216|1|239|0|264|
165|265|108|1|239|0|264|
165|262|216|1|239|0|264|
165|265|216|1|239|0|264|
165|265|216|1|239|0|264|
165|317|216|1|274|0|266|
165|264|216|1|239|0|264|
165|264|216|1|239|0|264|
165|265|216|1|239|0|264|
165|265|216|1|239|0|264|
165|265|216|1|239|0|264|
165|265|108|1|239|0|264|
165|265|216|1|239|0|264|
165|265|216|1|239|0|264|
165|265|216|1|239|0|264|
165|262|216|1|239|0|264|
165|261|216|1|239|0|264|
165|261|216|1|239|0|264|
165|264|216|1|239|0|264|
165|265|108|1|239|0|264|
165|265|216|1|239|0|264|
165|265|216|1|239|0|264|
165|262|216|1|239|0|264|
165|262|108|1|239|0|264|
165|364|216|1|530|0|264|
165|407|216|1|418|0|268|
165|313|216|1|272|0|266|
165|316|216|1|272|0|266|
165|317|216|1|274|0|266|
165|261|216|1|239|0|264|
165|262|216|1|239|0|264|
165|262|216|1|239|0|264|
165|262|216|1|239|0|264|
165|262|216|1|239|0|264|
165|267|324|1|269|0|261|
165|469|216|1|655|0|266|
165|417|432|1|533|0|264|
165|365|216|1|356|0|266|
165|464|324|1|844|0|266|
165|324|324|1|523|0|260|
165|300|108|1|368|0|264|
165|301|216|1|406|0|266|
165|421|432|1|448|0|268|
165|316|324|1|272|0|266|
165|262|216|1|239|0|264|
165|265|216|1|239|0|264|
165|265|216|1|239|0|264|
165|265|108|1|239|0|264|
165|262|216|1|239|0|264|
165|261|108|1|239|0|264|
165|265|216|1|239|0|264|
165|265|216|1|239|0|264|
165|265|216|1|239|0|264|
165|265|216|1|239|0|264|
165|262|216|1|239|0|264|
165|265|108|1|239|0|264|
165|262|324|1|239|0|264|
165|265|108|1|239|0|264|
165|265|108|1|239|0|264|
165|265|216|1|239|0|264|
165|262|108|1|239|0|264|
165|265|216|1|239|0|264|
165|261|216|1|239|0|264|
165|265|108|1|239|0|264|
165|261|216|1|239|0|264|
165|264|216|1|239|0|264|
165|265|108|1|239|0|264|
165|265|108|1|239|0|264|
165|290|216|1|283|0|267|
165|476|216|1|929|0|268|
165|428|324|1|849|0|264|
165|358|324|1|369|0|268|
165|397|216|1|383|0|264|
165|323|108|1|435|0|264|
165|433|216|1|406|0|266|
165|426|216|1|949|0|264|
165|427|324|1|891|0|264|
165|3384|2160|1|1163|0|589|
165|318|216|1|271|0|266|
165|318|216|1|271|0|266|
165|318|216|1|271|0|266|
165|318|216|1|271|0|266|
165|318|216|1|272|0|266|
165|318|216|1|272|0|266|
165|318|108|1|272|0|266|
165|318|216|1|272|0|266|
165|319|324|1|273|0|266|
165|318|216|1|272|0|266|
165|318|216|1|272|0|266|
165|318|216|1|272|0|266|
165|317|216|1|274|0|266|
165|317|216|1|274|0|266|
165|317|216|1|274|0|266|
165|316|216|1|273|0|266|
165|316|216|1|273|0|266|
165|316|216|1|273|0|266|
165|317|216|1|274|0|266|
165|317|216|1|273|0|266|
165|317|216|1|274|0|266|
165|313|216|1|272|0|266|
165|317|216|1|274|0|266|
165|317|108|1|274|0|266|
165|316|324|1|272|0|266|
165|316|108|1|272|0|266|
165|316|324|1|272|0|266|
165|317|108|1|273|0|266|
165|316|216|1|272|0|266|
165|317|108|1|274|0|266|
165|317|216|1|274|0|266|
165|316|216|1|272|0|266|
165|319|216|1|272|0|266|
165|316|216|1|273|0|266|
165|316|216|1|273|0|266|
165|318|324|1|272|0|266|
165|318|108|1|272|0|266|
165|318|108|1|272|0|266|
165|318|216|1|272|0|266|
165|317|216|1|273|0|266|
165|314|216|1|273|0|266|
165|397|216|1|489|0|265|
165|319|216|1|273|0|266|
165|315|324|1|271|0|266|
165|317|324|1|274|0|266|
165|316|216|1|272|0|266|
165|317|216|1|274|0|266|
165|317|216|1|274|0|266|
165|317|324|1|274|0|266|
165|317|216|1|274|0|266|
165|317|216|1|274|0|266|
165|317|216|1|274|0|266|
165|317|216|1|274|0|266|
165|318|216|1|272|0|266|
165|313|324|1|272|0|266|
165|318|216|1|272|0|266|
165|318|108|1|272|0|266|
165|317|216|1|274|0|266|
165|318|216|1|272|0|266|
165|264|216|1|239|0|264|
165|316|216|1|273|0|266|
165|318|108|1|271|0|266|
165|318|216|1|271|0|266|
165|318|108|1|271|0|266|
165|318|108|1|271|0|266|
165|318|216|1|272|0|266|
165|318|216|1|272|0|266|
165|317|216|1|274|0|266|
165|317|324|1|274|0|266|
165|317|324|1|274|0|266|
165|317|216|1|274|0|266|
165|317|216|1|274|0|266|
165|319|216|1|273|0|266|
165|338|324|1|292|0|266|
165|318|108|1|272|0|266|
165|318|324|1|272|0|266|
165|264|216|1|239|0|264|
165|265|108|1|239|0|264|
165|265|216|1|239|0|264|
165|265|108|1|239|0|264|
165|261|216|1|239|0|264|
165|265|108|1|239|0|264|
165|265|324|1|239|0|264|
165|262|108|1|239|0|264|
165|287|324|1|239|0|267|
165|265|216|1|239|0|264|
165|265|108|1|239|0|264|
165|265|216|1|239|0|264|
165|261|216|1|239|0|264|
165|265|216|1|239|0|264|
165|265|108|1|239|0|264|
165|265|216|1|239|0|264|
165|264|216|1|239|0|264|
165|264|216|1|239|0|264|
165|265|216|1|239|0|264|
165|265|108|1|239|0|264|
165|262|108|1|239|0|264|
165|265|108|1|239|0|264|
165|262|108|1|239|0|264|
165|265|216|1|239|0|264|
165|265|216|1|239|0|264|
165|265|216|1|239|0|264|
165|264|108|1|239|0|264|
165|265|108|1|239|0|264|
165|262|324|1|239|0|264|
165|316|108|1|273|0|266|
165|264|108|1|239|0|264|
165|265|216|1|239|0|264|
165|265|108|1|239|0|264|
165|265|216|1|239|0|264|
165|265|216|1|239|0|264|
165|262|216|1|239|0|264|
165|265|108|1|239|0|264|
165|262|108|1|239|0|264|
165|262|108|1|239|0|264|
165|264|216|1|239|0|264|
165|262|108|1|239|0|264|
165|265|216|1|239|0|264|
165|262|216|1|239|0|264|
165|262|108|1|239|0|264|
165|265|324|1|239|0|264|
165|265|216|1|239|0|264|
165|261|108|1|239|0|264|
165|262|108|1|239|0|264|
165|262|108|1|239|0|264|
165|265|324|1|239|0|264|
165|265|216|1|239|0|264|
165|264|108|1|239|0|264|
165|262|108|1|239|0|264|
165|265|108|1|239|0|264|
165|265|324|1|239|0|264|
165|265|108|1|239|0|264|
165|265|216|1|239|0|264|
165|265|216|1|239|0|264|
165|265|216|1|239|0|264|
165|265|216|1|239|0|264|
165|265|216|1|239|0|264|
165|264|108|1|239|0|264|
165|264|216|1|239|0|264|
165|265|216|1|239|0|264|
165|265|216|1|239|0|264|
165|265|216|1|239|0|264|
165|265|108|1|239|0|264|
165|265|216|1|239|0|264|
165|265|108|1|239|0|264|
165|265|216|1|239|0|264|
165|262|108|1|239|0|264|
165|265|108|1|239|0|264|
165|265|108|1|239|0|264|
165|262|216|1|239|0|264|
165|261|108|1|239|0|264|
165|314|216|1|273|0|266|
165|265|108|1|239|0|264|
165|262|216|1|239|0|264|
165|265|108|1|239|0|264|
165|262|108|1|239|0|264|
165|265|216|1|239|0|264|
165|265|108|1|239|0|264|
165|265|216|1|239|0|264|
165|265|108|1|239|0|264|
165|265|108|1|239|0|264|
165|262|108|1|239|0|264|
165|262|216|1|239|0|264|
165|265|108|1|239|0|264|
165|265|216|1|239|0|264|
165|262|108|1|239|0|264|
165|262|108|1|239|0|264|
165|265|216|1|239|0|264|
165|265|216|1|239|0|264|
165|265|216|1|239|0|264|
165|265|216|1|239|0|264|
165|264|108|1|239|0|264|
165|264|216|1|239|0|264|
165|265|108|1|239|0|264|
165|262|108|1|239|0|264|
165|265|216|1|239|0|264|
165|265|216|1|239|0|264|
165|265|216|1|239|0|264|
165|265|216|1|239|0|264|
165|265|216|1|239|0|264|
165|265|216|1|239|0|264|
165|265|216|1|239|0|264|
165|265|108|1|239|0|264|
165|262|216|1|239|0|264|
165|264|216|1|239|0|264|
165|265|216|1|239|0|264|
165|265|216|1|239|0|264|
165|314|216|1|273|0|266|
165|265|216|1|239|0|264|
165|262|108|1|239|0|264|
165|262|108|1|239|0|264|
165|265|108|1|239|0|264|
165|265|216|1|239|0|264|
165|264|216|1|239|0|264|
165|318|216|1|272|0|266|
165|264|108|1|239|0|264|
165|265|108|1|239|0|264|
165|265|108|1|239|0|264|
165|264|108|1|239|0|264|
165|265|216|1|239|0|264|
165|265|216|1|239|0|264|
165|262|216|1|239|0|264|
165|265|216|1|239|0|264|
165|265|216|1|239|0|264|
165|265|216|1|239|0|264|
165|264|216|1|239|0|264|
165|264|216|1|239|0|264|
165|265|216|1|239|0|264|
165|265|108|1|239|0|264|
165|265|108|1|239|0|264|
165|265|216|1|239|0|264|
165|264|108|1|239|0|264|
165|262|324|1|239|0|264|
165|263|216|1|239|0|264|
165|262|108|1|239|0|264|
165|265|216|1|239|0|264|
166|916|648|1|493|0|473|
165|265|216|1|239|0|264|
165|265|216|1|239|0|264|
165|265|216|1|239|0|264|
165|265|108|1|239|0|264|
165|265|216|1|239|0|264|
165|265|216|1|239|0|264|
165|353|324|1|381|0|262|
165|265|216|1|239|0|264|
165|262|108|1|239|0|264|
165|265|324|1|239|0|264|
165|265|108|1|239|0|264|
165|265|108|1|239|0|264|
165|265|108|1|239|0|264|
165|265|108|1|239|0|264|
165|265|324|1|239|0|264|
165|265|108|1|239|0|264|
165|265|108|1|239|0|264|
165|265|108|1|239|0|264|
165|265|216|1|239|0|264|
165|262|108|1|239|0|264|
165|265|108|1|239|0|264|
165|265|216|1|239|0|264|
165|261|324|1|239|0|264|
165|261|216|1|239|0|264|
165|264|216|1|239|0|264|
165|265|216|1|239|0|264|
165|265|108|1|239|0|264|
165|265|216|1|239|0|264|
165|262|216|1|239|0|264|
165|265|216|1|239|0|264|
165|265|216|1|239|0|264|
165|265|108|1|239|0|264|
165|265|108|1|239|0|264|
165|264|216|1|239|0|264|
165|261|216|1|239|0|264|
165|265|108|1|239|0|264|
165|265|216|1|239|0|264|
165|265|108|1|239|0|264|
165|265|108|1|239|0|264|
165|265|108|1|239|0|264|
165|265|108|1|239|0|264|
165|262|108|1|239|0|264|
165|265|324|1|239|0|264|
165|263|216|1|239|0|264|
165|264|108|1|239|0|264|
165|261|108|1|239|0|264|
165|265|324|1|239|0|264|
165|265|108|1|239|0|264|
165|265|216|1|239|0|264|
165|265|324|1|239|0|264|
165|265|108|1|239|0|264|
165|265|108|1|239|0|264|
165|265|108|1|239|0|264|
165|265|108|1|239|0|264|
165|262|216|1|239|0|264|
165|265|108|1|239|0|264|
165|262|216|1|239|0|264|
165|262|108|1|239|0|264|
165|265|324|1|239|0|264|
165|264|108|1|239|0|264|
165|265|108|1|239|0|264|
165|265|216|1|239|0|264|
165|262|324|1|239|0|264|
165|262|216|1|239|0|264|
165|265|108|1|239|0|264|
165|262|216|1|239|0|264|
165|265|108|1|239|0|264|
165|265|216|1|239|0|264|
165|265|216|1|239|0|264|
165|265|324|1|239|0|264|
165|265|216|1|239|0|264|
165|265|108|1|239|0|264|
165|265|324|1|239|0|264|
165|265|108|1|239|0|264|
165|265|324|1|239|0|264|
165|265|324|1|239|0|264|
165|265|108|1|239|0|264|
165|265|108|1|239|0|264|
165|262|324|1|239|0|264|
165|264|324|1|239|0|264|
165|264|216|1|239|0|264|
165|313|216|1|272|0|266|
165|265|216|1|239|0|264|
165|262|108|1|239|0|264|
165|265|108|1|239|0|264|
165|265|108|1|239|0|264|
165|262|108|1|239|0|264|
165|265|108|1|239|0|264|
165|265|324|1|239|0|264|
165|262|108|1|239|0|264|
165|272|216|1|250|0|262|
165|377|216|1|498|0|264|
165|318|216|1|272|0|266|
165|313|108|1|272|0|266|
165|313|108|1|272|0|266|
165|261|216|1|239|0|264|
165|314|216|1|273|0|266|
165|316|216|1|272|0|266|
165|316|216|1|272|0|266|
165|314|216|1|273|0|266|
165|318|324|1|271|0|266|
165|314|216|1|273|0|266|
165|316|216|1|272|0|266|
165|317|216|1|273|0|266|
165|313|324|1|272|0|266|
165|316|324|1|272|0|266|
165|335|216|1|291|0|266|
165|316|216|1|272|0|266|
165|319|324|1|272|0|266|
165|317|216|1|273|0|266|
165|316|216|1|272|0|266|
165|317|324|1|273|0|266|
165|315|324|1|271|0|266|
165|314|108|1|273|0|266|
165|318|216|1|271|0|266|
165|313|216|1|272|0|266|
165|314|216|1|273|0|266|
165|314|324|1|273|0|266|
165|318|216|1|271|0|266|
165|313|324|1|272|0|266|
165|316|108|1|272|0|266|
165|262|108|1|239|0|264|
165|262|108|1|239|0|264|
165|313|216|1|272|0|266|
165|261|216|1|239|0|264|
165|316|324|1|272|0|266|
165|316|108|1|272|0|266|
165|262|108|1|239|0|264|
165|262|216|1|239|0|264|
165|262|108|1|239|0|264|
165|316|216|1|272|0|266|
165|262|324|1|239|0|264|
165|262|108|1|239|0|264|
165|262|216|1|239|0|264|
165|262|108|1|239|0|264|
165|316|216|1|272|0|266|
165|317|216|1|274|0|266|
165|264|108|1|239|0|264|
165|264|108|1|239|0|264|
165|348|324|1|305|0|266|
165|264|216|1|239|0|264|
165|314|216|1|273|0|266|
165|262|108|1|239|0|264|
165|316|216|1|272|0|266|
165|262|216|1|239|0|264|
165|313|216|1|272|0|266|
165|262|108|1|239|0|264|
165|340|216|1|296|0|266|
165|264|216|1|239|0|264|
165|264|324|1|239|0|264|
165|262|108|1|239|0|264|
165|317|324|1|273|0|266|
165|318|324|1|271|0|266|
165|262|216|1|239|0|264|
165|262|216|1|239|0|264|
165|316|216|1|272|0|266|
165|316|216|1|272|0|266|
