INSTRUCTIONS_RETIRED|CYCLES|UNKNOWN|LD_BLOCKS.STORE_FORWARD|UOPS_EXECUTED.CORE|BR_MISP_RETIRED.ALL_BRANCHES|UOPS_RETIRED.ANY|
60|159|216|1|134|0|159|
60|157|108|1|134|0|159|
60|160|108|1|134|0|159|
60|160|108|1|134|0|159|
60|160|0|1|134|0|159|
60|213|108|1|173|0|161|
60|159|0|1|134|0|159|
60|157|216|1|134|0|159|
60|157|0|1|134|0|159|
60|157|216|1|134|0|159|
60|157|0|1|134|0|159|
60|157|0|1|134|0|159|
60|208|108|1|173|0|161|
60|157|216|1|134|0|159|
60|208|108|1|173|0|161|
60|157|108|1|134|0|159|
60|156|108|1|134|0|159|
60|208|108|1|173|0|161|
60|157|0|1|134|0|159|
60|157|108|1|134|0|159|
60|156|0|1|134|0|159|
60|157|108|1|134|0|159|
60|157|0|1|134|0|159|
60|209|108|1|174|0|161|
60|208|0|1|173|0|161|
60|157|216|1|134|0|159|
60|213|216|1|173|0|161|
60|179|216|1|135|1|159|
60|160|0|1|134|0|159|
60|160|108|1|134|0|159|
60|160|108|1|134|0|159|
60|157|0|1|134|0|159|
60|157|216|1|134|0|159|
60|160|108|1|134|0|159|
60|157|216|1|134|0|159|
60|160|108|1|134|0|159|
60|157|0|1|134|0|159|
60|160|0|1|134|0|159|
60|160|108|1|134|0|159|
60|157|0|1|134|0|159|
60|160|0|1|134|0|159|
60|160|108|1|134|0|159|
60|160|0|1|134|0|159|
60|160|216|1|134|0|159|
60|208|108|1|173|0|161|
60|208|108|1|173|0|161|
60|213|108|1|170|0|161|
60|214|108|1|173|0|161|
60|209|108|1|174|0|161|
60|208|108|1|173|0|161|
60|213|108|1|170|0|161|
60|213|108|1|170|0|161|
60|214|216|1|174|0|161|
60|208|108|1|173|0|161|
60|233|216|2|183|0|161|
60|214|108|1|174|0|161|
60|159|108|1|134|0|159|
60|157|0|1|134|0|159|
60|157|0|1|134|0|159|
60|157|108|1|134|0|159|
60|157|0|1|134|0|159|
60|157|108|1|134|0|159|
60|157|216|1|134|0|159|
60|157|216|1|134|0|159|
60|178|108|1|134|0|159|
60|159|108|1|134|0|159|
60|159|108|1|134|0|159|
60|210|108|1|170|0|161|
60|160|216|1|134|0|159|
60|159|108|1|134|0|159|
60|160|0|1|134|0|159|
60|160|108|1|134|0|159|
60|160|216|1|134|0|159|
60|157|216|1|134|0|159|
60|160|108|1|134|0|159|
60|160|108|1|134|0|159|
60|157|0|1|134|0|159|
60|160|216|1|134|0|159|
60|224|216|2|183|0|161|
60|159|108|1|134|0|159|
60|160|0|1|134|0|159|
60|209|216|1|174|0|161|
60|157|108|1|134|0|159|
60|157|108|1|134|0|159|
60|208|108|1|173|0|161|
60|208|108|1|173|0|161|
60|157|108|1|134|0|159|
60|209|216|1|174|0|161|
60|208|108|1|173|0|161|
60|209|108|1|174|0|161|
60|157|108|1|134|0|159|
60|229|108|2|183|0|161|
60|157|216|1|134|0|159|
60|157|108|1|134|0|159|
60|208|216|1|173|0|161|
60|208|216|1|173|0|161|
60|209|108|1|174|0|161|
60|209|216|1|174|0|161|
60|209|108|1|174|0|161|
60|209|108|1|174|0|161|
60|209|216|1|174|0|161|
60|231|216|2|183|0|161|
60|209|108|1|173|0|161|
60|209|216|1|174|0|161|
60|157|216|1|134|0|159|
60|208|108|1|173|0|161|
60|209|216|1|174|0|161|
60|160|216|1|134|0|159|
60|159|108|1|134|0|159|
60|159|108|1|134|0|159|
60|159|108|1|134|0|159|
60|159|0|1|134|0|159|
60|182|216|1|134|0|159|
60|159|108|1|134|0|159|
60|182|108|1|134|0|159|
60|159|216|1|134|0|159|
60|159|0|1|134|0|159|
60|172|108|1|134|0|159|
60|156|108|1|134|0|159|
60|160|0|1|134|0|159|
60|157|0|1|134|0|159|
60|160|216|1|134|0|159|
60|157|108|1|134|0|159|
60|160|108|1|134|0|159|
60|160|216|1|134|0|159|
60|160|108|1|134|0|159|
60|160|0|1|134|0|159|
60|160|216|1|134|0|159|
60|160|0|1|134|0|159|
60|160|216|1|134|0|159|
60|160|216|1|134|0|159|
60|159|108|1|134|0|159|
60|159|108|1|134|0|159|
60|157|0|1|134|0|159|
60|160|0|1|134|0|159|
60|160|108|1|134|0|159|
60|159|216|1|134|0|159|
60|160|0|1|134|0|159|
60|156|108|1|134|0|159|
60|160|108|1|134|0|159|
60|160|0|1|134|0|159|
60|159|216|1|134|0|159|
60|160|108|1|134|0|159|
60|160|0|1|134|0|159|
60|208|108|1|173|0|161|
60|156|216|1|134|0|159|
60|160|0|1|134|0|159|
60|157|108|1|134|0|159|
60|173|108|1|134|0|159|
60|157|108|1|134|0|159|
60|177|108|1|134|0|159|
60|160|216|1|134|0|159|
60|157|0|1|134|0|159|
60|160|216|1|134|0|159|
60|157|108|1|134|0|159|
60|160|108|1|134|0|159|
60|160|0|1|134|0|159|
60|160|0|1|134|0|159|
60|160|216|1|134|0|159|
60|160|216|1|134|0|159|
60|160|216|1|134|0|159|
60|160|0|1|134|0|159|
60|160|108|1|134|0|159|
60|160|0|1|134|0|159|
60|157|108|1|134|0|159|
60|160|108|1|134|0|159|
60|160|216|1|134|0|159|
60|160|0|1|134|0|159|
60|160|108|1|134|0|159|
60|160|108|1|134|0|159|
60|160|216|1|134|0|159|
60|160|0|1|134|0|159|
60|157|0|1|134|0|159|
60|157|108|1|134|0|159|
60|157|108|1|134|0|159|
60|160|216|1|134|0|159|
60|160|216|1|134|0|159|
60|160|0|1|134|0|159|
60|160|108|1|134|0|159|
60|160|216|1|134|0|159|
60|159|0|1|134|0|159|
60|157|108|1|134|0|159|
60|177|0|1|134|0|159|
60|160|108|1|134|0|159|
60|160|108|1|134|0|159|
60|160|216|1|134|0|159|
60|160|108|1|134|0|159|
60|160|216|1|134|0|159|
60|160|108|1|134|0|159|
60|230|216|1|174|1|161|
60|208|108|1|173|0|161|
60|220|108|1|170|0|161|
60|208|108|1|173|0|161|
60|209|108|1|174|0|161|
60|209|216|1|174|0|161|
60|210|108|1|170|0|161|
60|213|108|1|170|0|161|
60|214|108|1|173|0|161|
60|159|108|1|134|0|159|
60|157|108|1|134|0|159|
60|160|216|1|134|0|159|
60|159|0|1|134|0|159|
60|160|0|1|134|0|159|
60|160|0|1|134|0|159|
60|158|216|1|134|0|159|
60|160|0|1|134|0|159|
60|160|108|1|134|0|159|
60|160|216|1|134|0|159|
60|159|0|1|134|0|159|
60|160|216|1|134|0|159|
60|160|108|1|134|0|159|
60|160|0|1|134|0|159|
60|157|216|1|134|0|159|
60|160|108|1|134|0|159|
60|160|216|1|134|0|159|
60|160|108|1|134|0|159|
60|159|0|1|134|0|159|
60|160|108|1|134|0|159|
60|160|108|1|134|0|159|
60|160|108|1|134|0|159|
60|160|108|1|134|0|159|
60|160|108|1|134|0|159|
60|159|216|1|134|0|159|
60|157|216|1|134|0|159|
60|160|108|1|134|0|159|
60|160|0|1|134|0|159|
60|157|108|1|134|0|159|
60|160|108|1|134|0|159|
60|159|0|1|134|0|159|
60|159|0|1|134|0|159|
60|160|0|1|134|0|159|
60|159|216|1|134|0|159|
60|160|108|1|134|0|159|
60|160|216|1|134|0|159|
60|160|108|1|134|0|159|
60|160|216|1|134|0|159|
60|160|108|1|134|0|159|
60|160|108|1|134|0|159|
60|160|216|1|134|0|159|
60|160|108|1|134|0|159|
60|160|0|1|134|0|159|
60|159|0|1|134|0|159|
60|157|0|1|134|0|159|
60|159|216|1|134|0|159|
60|160|0|1|134|0|159|
60|157|108|1|134|0|159|
60|160|216|1|134|0|159|
60|160|108|1|134|0|159|
60|160|216|1|134|0|159|
60|160|108|1|134|0|159|
60|160|216|1|134|0|159|
60|160|216|1|134|0|159|
60|160|108|1|134|0|159|
60|160|108|1|134|0|159|
60|160|108|1|134|0|159|
60|160|0|1|134|0|159|
60|159|108|1|134|0|159|
60|160|0|1|134|0|159|
60|160|108|1|134|0|159|
60|160|216|1|134|0|159|
60|160|108|1|134|0|159|
60|157|108|1|134|0|159|
60|160|108|1|134|0|159|
60|160|108|1|134|0|159|
60|159|108|1|134|0|159|
60|160|108|1|134|0|159|
60|160|108|1|134|0|159|
60|213|216|1|170|0|161|
60|249|216|2|183|0|161|
60|160|0|1|134|0|159|
60|160|0|1|134|0|159|
60|157|108|1|134|0|159|
60|160|0|1|134|0|159|
60|160|108|1|134|0|159|
60|160|0|1|134|0|159|
60|157|216|1|134|0|159|
60|160|216|1|134|0|159|
60|214|108|1|173|0|161|
60|214|216|1|173|0|161|
60|208|216|1|173|0|161|
60|208|108|1|173|0|161|
60|213|108|1|173|0|161|
60|209|108|1|174|0|161|
60|214|108|1|174|0|161|
60|209|108|1|174|0|161|
60|210|216|1|173|0|161|
60|214|108|1|174|0|161|
60|210|216|1|170|0|161|
60|210|108|1|170|0|161|
60|209|108|1|174|0|161|
60|210|216|1|170|0|161|
60|160|216|1|134|0|159|
60|209|108|1|174|0|161|
60|208|216|1|173|0|161|
60|220|108|1|173|0|161|
60|210|108|1|170|0|161|
60|210|108|1|170|0|161|
60|160|216|1|134|0|159|
60|213|108|1|173|0|161|
60|228|108|2|183|0|161|
60|159|108|1|134|0|159|
60|159|0|1|134|0|159|
60|160|216|1|134|0|159|
60|160|0|1|134|0|159|
60|160|216|1|134|0|159|
60|157|216|1|134|0|159|
60|160|216|1|134|0|159|
60|157|216|1|134|0|159|
60|159|0|1|134|0|159|
60|157|108|1|134|0|159|
60|157|216|1|134|0|159|
60|157|108|1|134|0|159|
60|213|216|1|170|0|161|
60|157|108|1|134|0|159|
60|159|0|1|134|0|159|
60|157|108|1|134|0|159|
60|157|108|1|134|0|159|
60|212|108|1|174|0|161|
60|160|108|1|134|0|159|
60|157|108|1|134|0|159|
60|159|108|1|134|0|159|
60|157|216|1|134|0|159|
60|156|216|1|134|0|159|
60|165|216|1|134|0|159|
60|160|108|1|134|0|159|
60|208|108|1|173|0|161|
60|210|108|1|170|0|161|
60|157|108|1|134|0|159|
60|160|0|1|134|0|159|
60|159|108|1|134|0|159|
60|212|108|1|174|0|161|
60|157|108|1|134|0|159|
60|157|108|1|134|0|159|
60|157|0|1|134|0|159|
60|157|0|1|134|0|159|
60|157|108|1|134|0|159|
60|159|108|1|134|0|159|
60|159|108|1|134|0|159|
60|213|108|1|173|0|161|
60|182|0|1|134|0|159|
60|209|216|1|174|0|161|
60|160|0|1|134|0|159|
60|157|108|1|134|0|159|
60|179|108|1|135|1|159|
60|157|108|1|134|0|159|
61|842|432|1|481|0|370|
60|160|108|1|134|0|159|
60|157|108|1|134|0|159|
60|160|108|1|134|0|159|
60|160|216|1|134|0|159|
60|160|0|1|134|0|159|
60|157|0|1|134|0|159|
60|159|216|1|134|0|159|
60|159|108|1|134|0|159|
60|160|108|1|134|0|159|
60|160|0|1|134|0|159|
60|160|0|1|134|0|159|
60|160|0|1|134|0|159|
60|160|0|1|134|0|159|
60|160|108|1|134|0|159|
60|160|0|1|134|0|159|
60|160|216|1|134|0|159|
60|160|0|1|134|0|159|
60|171|108|1|134|0|159|
60|160|108|1|134|0|159|
60|160|216|1|134|0|159|
60|160|0|1|134|0|159|
60|225|216|2|183|0|161|
60|156|0|1|134|0|159|
60|173|108|1|134|0|159|
60|157|108|1|134|0|159|
60|160|108|1|134|0|159|
60|160|216|1|134|0|159|
60|160|216|1|134|0|159|
60|160|0|1|134|0|159|
60|160|108|1|134|0|159|
60|160|216|1|134|0|159|
60|160|216|1|134|0|159|
60|160|108|1|134|0|159|
60|159|216|1|134|0|159|
60|159|216|1|134|0|159|
60|160|0|1|134|0|159|
60|160|108|1|134|0|159|
60|160|0|1|134|0|159|
60|160|216|1|134|0|159|
60|160|108|1|134|0|159|
60|160|108|1|134|0|159|
60|179|108|1|135|1|159|
60|160|0|1|134|0|159|
60|160|0|1|134|0|159|
60|160|108|1|134|0|159|
60|160|216|1|134|0|159|
60|157|216|1|134|0|159|
60|160|216|1|134|0|159|
60|156|216|1|134|0|159|
60|159|216|1|134|0|159|
60|157|216|1|134|0|159|
60|157|108|1|134|0|159|
60|157|108|1|134|0|159|
60|157|108|1|134|0|159|
60|159|0|1|134|0|159|
60|160|216|1|134|0|159|
60|160|216|1|134|0|159|
60|157|108|1|134|0|159|
60|159|216|1|134|0|159|
60|160|0|1|134|0|159|
60|159|216|1|134|0|159|
60|210|108|1|173|0|161|
60|213|108|1|173|0|161|
60|157|0|1|134|0|159|
60|157|108|1|134|0|159|
60|157|0|1|134|0|159|
60|157|108|1|134|0|159|
60|157|108|1|134|0|159|
60|160|108|1|134|0|159|
60|157|108|1|134|0|159|
60|157|0|1|134|0|159|
60|159|216|1|134|0|159|
60|157|108|1|134|0|159|
60|160|0|1|134|0|159|
60|213|108|1|173|0|161|
60|159|108|1|134|0|159|
60|157|108|1|134|0|159|
60|157|0|1|134|0|159|
60|157|0|1|134|0|159|
60|157|216|1|134|0|159|
60|157|108|1|134|0|159|
60|159|216|1|134|0|159|
60|157|0|1|134|0|159|
60|232|216|1|190|1|159|
60|157|216|1|134|0|159|
60|159|0|1|134|0|159|
60|157|0|1|134|0|159|
60|208|108|1|173|0|161|
60|157|216|1|134|0|159|
60|157|108|1|134|0|159|
60|157|216|1|134|0|159|
60|160|0|1|134|0|159|
60|208|216|1|173|0|161|
60|157|0|1|134|0|159|
60|157|0|1|134|0|159|
60|157|216|1|134|0|159|
60|159|0|1|134|0|159|
60|160|0|1|134|0|159|
60|157|216|1|134|0|159|
60|157|108|1|134|0|159|
60|159|108|1|134|0|159|
60|210|108|1|173|0|161|
60|157|108|1|134|0|159|
60|159|0|1|134|0|159|
60|157|216|1|134|0|159|
60|157|108|1|134|0|159|
60|157|0|1|134|0|159|
60|157|0|1|134|0|159|
60|157|0|1|134|0|159|
60|157|0|1|134|0|159|
60|156|108|1|134|0|159|
60|157|0|1|134|0|159|
60|157|108|1|134|0|159|
60|157|0|1|134|0|159|
60|213|108|1|170|0|161|
60|176|108|1|134|0|159|
60|157|108|1|134|0|159|
60|157|0|1|134|0|159|
60|159|0|1|134|0|159|
60|157|216|1|134|0|159|
60|160|216|1|134|0|159|
60|160|216|1|134|0|159|
60|157|0|1|134|0|159|
60|214|108|1|173|0|161|
60|157|0|1|134|0|159|
60|157|0|1|134|0|159|
60|157|108|1|134|0|159|
60|208|108|1|173|0|161|
60|210|108|1|173|0|161|
60|159|108|1|134|0|159|
60|157|0|1|134|0|159|
60|157|216|1|134|0|159|
60|157|216|1|134|0|159|
60|157|108|1|134|0|159|
60|157|216|1|134|0|159|
60|160|108|1|134|0|159|
60|160|108|1|134|0|159|
60|157|108|1|134|0|159|
60|159|216|1|134|0|159|
60|160|0|1|134|0|159|
60|159|108|1|134|0|159|
60|157|216|1|134|0|159|
60|160|108|1|134|0|159|
60|160|0|1|134|0|159|
60|157|216|1|134|0|159|
60|157|216|1|134|0|159|
60|156|216|1|134|0|159|
60|157|108|1|134|0|159|
60|157|108|1|134|0|159|
60|157|0|1|134|0|159|
60|157|108|1|134|0|159|
60|210|108|1|170|0|161|
60|156|216|1|134|0|159|
60|157|0|1|134|0|159|
60|157|108|1|134|0|159|
60|159|216|1|134|0|159|
60|157|108|1|134|0|159|
60|157|108|1|134|0|159|
60|157|0|1|134|0|159|
60|157|216|1|134|0|159|
60|157|216|1|134|0|159|
60|160|0|1|134|0|159|
60|159|216|1|134|0|159|
60|160|216|1|134|0|159|
60|160|108|1|134|0|159|
60|160|216|1|134|0|159|
60|308|216|2|371|1|161|
60|210|216|1|173|0|161|
60|157|0|1|134|0|159|
60|157|108|1|134|0|159|
60|159|108|1|134|0|159|
60|157|0|1|134|0|159|
60|157|108|1|134|0|159|
60|160|216|1|134|0|159|
60|157|108|1|134|0|159|
60|157|108|1|134|0|159|
60|157|216|1|134|0|159|
60|213|216|1|173|0|161|
60|156|108|1|134|0|159|
60|157|108|1|134|0|159|
60|157|0|1|134|0|159|
60|157|216|1|134|0|159|
60|159|0|1|134|0|159|
60|160|108|1|134|0|159|
60|157|216|1|134|0|159|
60|157|216|1|134|0|159|
60|157|0|1|134|0|159|
60|159|0|1|134|0|159|
60|160|108|1|134|0|159|
60|157|216|1|134|0|159|
60|160|108|1|134|0|159|
60|209|108|1|174|0|161|
60|157|108|1|134|0|159|
60|157|216|1|134|0|159|
60|156|0|1|134|0|159|
60|157|216|1|134|0|159|
60|157|216|1|134|0|159|
60|160|0|1|134|0|159|
60|160|108|1|134|0|159|
60|157|0|1|134|0|159|
60|157|0|1|134|0|159|
60|157|216|1|134|0|159|
60|159|216|1|134|0|159|
60|213|108|1|173|0|161|
60|209|108|1|174|0|161|
60|157|0|1|134|0|159|
60|157|216|1|134|0|159|
60|160|216|1|134|0|159|
60|157|216|1|134|0|159|
60|157|216|1|134|0|159|
60|231|216|2|183|0|161|
60|157|216|1|134|0|159|
60|157|216|1|134|0|159|
60|159|216|1|134|0|159|
60|160|216|1|134|0|159|
60|208|216|1|173|0|161|
60|159|108|1|134|0|159|
60|159|108|1|134|0|159|
60|157|0|1|134|0|159|
60|157|216|1|134|0|159|
60|157|108|1|134|0|159|
60|157|0|1|134|0|159|
60|159|108|1|134|0|159|
60|157|0|1|134|0|159|
60|170|0|1|134|0|159|
60|157|108|1|134|0|159|
60|157|216|1|134|0|159|
60|160|108|1|134|0|159|
60|157|216|1|134|0|159|
60|160|0|1|134|0|159|
60|160|0|1|134|0|159|
60|213|216|1|170|0|161|
60|160|108|1|134|0|159|
60|156|0|1|134|0|159|
60|160|216|1|134|0|159|
60|157|0|1|134|0|159|
60|157|0|1|134|0|159|
60|157|216|1|134|0|159|
60|159|216|1|134|0|159|
60|157|0|1|134|0|159|
60|211|108|1|174|0|161|
60|157|108|1|134|0|159|
60|213|216|1|170|0|161|
60|157|0|1|134|0|159|
60|160|108|1|134|0|159|
60|160|0|1|134|0|159|
60|159|108|1|134|0|159|
60|160|0|1|134|0|159|
60|157|0|1|134|0|159|
60|157|0|1|134|0|159|
60|157|0|1|134|0|159|
60|157|108|1|134|0|159|
60|159|108|1|134|0|159|
60|159|0|1|134|0|159|
60|159|0|1|134|0|159|
60|157|108|1|134|0|159|
60|208|108|1|173|0|161|
60|208|0|1|173|0|161|
60|157|0|1|134|0|159|
60|159|0|1|134|0|159|
60|157|108|1|134|0|159|
60|157|216|1|134|0|159|
60|157|0|1|134|0|159|
60|159|108|1|134|0|159|
60|157|0|1|134|0|159|
60|214|108|1|173|0|161|
60|159|108|1|134|0|159|
60|157|216|1|134|0|159|
60|157|108|1|134|0|159|
60|160|108|1|134|0|159|
60|157|0|1|134|0|159|
60|156|0|1|134|0|159|
60|157|0|1|134|0|159|
60|157|216|1|134|0|159|
60|160|108|1|134|0|159|
60|157|108|1|134|0|159|
60|159|108|1|134|0|159|
60|157|108|1|134|0|159|
60|156|0|1|134|0|159|
60|157|108|1|134|0|159|
60|160|108|1|134|0|159|
60|160|108|1|134|0|159|
60|159|0|1|134|0|159|
60|213|108|1|170|0|161|
60|160|0|1|134|0|159|
60|231|108|1|175|1|161|
60|160|0|1|134|0|159|
60|208|108|1|173|0|161|
60|160|108|1|134|0|159|
60|160|216|1|134|0|159|
60|208|108|1|173|0|161|
60|210|216|1|173|0|161|
60|157|108|1|134|0|159|
60|214|108|1|174|0|161|
60|160|108|1|134|0|159|
60|157|0|1|134|0|159|
60|157|216|1|134|0|159|
60|157|216|1|134|0|159|
60|160|0|1|134|0|159|
60|160|216|1|134|0|159|
60|157|108|1|134|0|159|
60|157|108|1|134|0|159|
60|157|0|1|134|0|159|
60|213|108|1|170|0|161|
60|233|108|2|183|0|161|
60|159|108|1|134|0|159|
60|160|0|1|134|0|159|
60|160|108|1|134|0|159|
60|160|216|1|134|0|159|
60|160|216|1|134|0|159|
60|160|108|1|134|0|159|
60|159|108|1|134|0|159|
60|160|0|1|134|0|159|
60|160|216|1|134|0|159|
60|157|0|1|134|0|159|
60|160|216|1|134|0|159|
60|160|216|1|134|0|159|
60|159|216|1|134|0|159|
60|160|108|1|134|0|159|
60|160|108|1|134|0|159|
60|160|0|1|134|0|159|
60|157|216|1|134|0|159|
60|160|108|1|134|0|159|
60|160|108|1|134|0|159|
60|157|0|1|134|0|159|
60|160|0|1|134|0|159|
60|160|108|1|134|0|159|
60|188|216|1|152|1|159|
60|160|108|1|134|0|159|
60|160|0|1|134|0|159|
60|157|0|1|134|0|159|
60|160|216|1|134|0|159|
60|160|108|1|134|0|159|
60|160|108|1|134|0|159|
60|160|0|1|134|0|159|
60|160|216|1|134|0|159|
60|157|108|1|134|0|159|
60|157|0|1|134|0|159|
60|160|0|1|134|0|159|
60|157|108|1|134|0|159|
60|160|108|1|134|0|159|
60|160|108|1|134|0|159|
60|159|216|1|134|0|159|
60|159|108|1|134|0|159|
60|167|0|1|134|0|159|
60|160|108|1|134|0|159|
60|160|0|1|134|0|159|
60|160|216|1|134|0|159|
60|160|0|1|134|0|159|
60|160|0|1|134|0|159|
60|157|108|1|134|0|159|
60|160|216|1|134|0|159|
60|160|0|1|134|0|159|
60|160|0|1|134|0|159|
60|157|216|1|134|0|159|
60|160|108|1|134|0|159|
60|160|108|1|134|0|159|
60|160|0|1|134|0|159|
60|160|0|1|134|0|159|
60|157|216|1|134|0|159|
60|157|0|1|134|0|159|
60|160|216|1|134|0|159|
60|160|0|1|134|0|159|
60|160|216|1|134|0|159|
60|160|108|1|134|0|159|
60|157|0|1|134|0|159|
60|160|108|1|134|0|159|
60|160|216|1|134|0|159|
60|160|216|1|134|0|159|
60|160|0|1|134|0|159|
60|181|108|1|134|0|159|
60|156|0|1|134|0|159|
60|157|216|1|134|0|159|
60|157|216|1|134|0|159|
60|172|108|1|134|0|159|
60|160|0|1|134|0|159|
60|160|0|1|134|0|159|
60|159|108|1|134|0|159|
60|160|108|1|134|0|159|
60|157|0|1|134|0|159|
60|160|108|1|134|0|159|
60|160|216|1|134|0|159|
60|160|216|1|134|0|159|
60|160|216|1|134|0|159|
60|160|0|1|134|0|159|
60|160|108|1|134|0|159|
60|160|108|1|134|0|159|
60|160|0|1|134|0|159|
60|157|108|1|134|0|159|
60|160|108|1|134|0|159|
60|157|108|1|134|0|159|
60|160|216|1|134|0|159|
60|159|216|1|134|0|159|
60|157|216|1|134|0|159|
60|160|108|1|134|0|159|
60|160|108|1|134|0|159|
61|875|540|1|724|0|369|
60|160|108|1|134|0|159|
60|160|108|1|134|0|159|
60|160|108|1|134|0|159|
60|160|216|1|134|0|159|
60|157|108|1|134|0|159|
60|157|216|1|134|0|159|
60|160|108|1|134|0|159|
60|157|108|1|134|0|159|
60|160|108|1|134|0|159|
60|160|0|1|134|0|159|
60|157|216|1|134|0|159|
60|160|0|1|134|0|159|
60|157|216|1|134|0|159|
60|159|108|1|134|0|159|
60|157|216|1|134|0|159|
60|157|0|1|134|0|159|
60|226|108|1|186|0|161|
60|188|108|1|134|0|159|
60|157|216|1|134|0|159|
60|240|216|2|183|0|161|
60|157|0|1|134|0|159|
60|160|108|1|134|0|159|
60|157|108|1|134|0|159|
60|157|108|1|134|0|159|
60|160|0|1|134|0|159|
60|160|108|1|134|0|159|
60|160|216|1|134|0|159|
60|160|0|1|134|0|159|
60|159|216|1|134|0|159|
60|160|0|1|134|0|159|
60|160|0|1|134|0|159|
60|160|216|1|134|0|159|
60|177|216|1|134|0|159|
60|157|0|1|134|0|159|
60|208|216|1|173|0|161|
60|159|0|1|134|0|159|
60|157|216|1|134|0|159|
60|160|216|1|134|0|159|
60|209|108|1|174|0|161|
60|157|0|1|134|0|159|
60|157|108|1|134|0|159|
60|157|0|1|134|0|159|
60|209|216|1|174|0|161|
60|159|0|1|134|0|159|
60|157|108|1|134|0|159|
60|157|108|1|134|0|159|
60|157|108|1|134|0|159|
60|157|108|1|134|0|159|
60|160|216|1|134|0|159|
60|157|108|1|134|0|159|
60|213|108|1|170|0|161|
60|209|108|1|174|0|161|
60|160|0|1|134|0|159|
60|157|0|1|134|0|159|
60|157|0|1|134|0|159|
60|157|108|1|134|0|159|
60|181|108|1|134|0|159|
60|157|108|1|134|0|159|
60|157|0|1|134|0|159|
60|157|108|1|134|0|159|
60|160|108|1|134|0|159|
60|157|216|1|134|0|159|
60|159|216|1|134|0|159|
60|209|108|1|174|0|161|
60|157|0|1|134|0|159|
60|157|108|1|134|0|159|
60|157|216|1|134|0|159|
60|160|108|1|134|0|159|
60|208|108|1|173|0|161|
60|157|108|1|134|0|159|
60|157|0|1|134|0|159|
60|160|108|1|134|0|159|
60|208|216|1|173|0|161|
60|157|0|1|134|0|159|
60|157|108|1|134|0|159|
60|175|0|1|134|0|159|
60|160|108|1|134|0|159|
60|157|216|1|134|0|159|
60|157|108|1|134|0|159|
60|157|0|1|134|0|159|
60|160|108|1|134|0|159|
60|157|216|1|134|0|159|
60|160|0|1|134|0|159|
60|157|0|1|134|0|159|
60|157|108|1|134|0|159|
60|157|108|1|134|0|159|
60|157|0|1|134|0|159|
60|157|0|1|134|0|159|
60|210|216|1|173|0|161|
60|159|108|1|134|0|159|
60|157|108|1|134|0|159|
60|157|216|1|134|0|159|
60|157|0|1|134|0|159|
60|157|216|1|134|0|159|
60|160|108|1|134|0|159|
60|160|108|1|134|0|159|
60|157|216|1|134|0|159|
60|160|0|1|134|0|159|
60|159|216|1|134|0|159|
60|159|216|1|134|0|159|
60|156|216|1|134|0|159|
60|156|216|1|134|0|159|
60|157|216|1|134|0|159|
60|157|0|1|134|0|159|
60|157|216|1|134|0|159|
60|160|108|1|134|0|159|
60|157|108|1|134|0|159|
60|208|216|1|173|0|161|
60|157|108|1|134|0|159|
60|157|108|1|134|0|159|
60|209|108|1|174|0|161|
60|160|0|1|134|0|159|
60|160|216|1|134|0|159|
60|159|0|1|134|0|159|
60|157|216|1|134|0|159|
60|157|0|1|134|0|159|
60|157|108|1|134|0|159|
60|157|108|1|134|0|159|
60|208|216|1|173|0|161|
60|157|0|1|134|0|159|
60|157|108|1|134|0|159|
60|157|0|1|134|0|159|
60|157|108|1|134|0|159|
60|157|0|1|134|0|159|
60|156|0|1|134|0|159|
60|160|0|1|134|0|159|
60|159|216|1|134|0|159|
60|157|0|1|134|0|159|
60|157|0|1|134|0|159|
60|157|0|1|134|0|159|
60|157|216|1|134|0|159|
60|157|108|1|134|0|159|
60|157|0|1|134|0|159|
60|157|0|1|134|0|159|
60|157|108|1|134|0|159|
60|157|0|1|134|0|159|
60|157|108|1|134|0|159|
60|157|0|1|134|0|159|
60|157|216|1|134|0|159|
60|159|216|1|134|0|159|
60|157|0|1|134|0|159|
60|157|108|1|134|0|159|
60|157|108|1|134|0|159|
60|157|108|1|134|0|159|
60|157|108|1|134|0|159|
60|160|0|1|134|0|159|
60|208|108|1|173|0|161|
60|157|108|1|134|0|159|
60|157|0|1|134|0|159|
60|157|0|1|134|0|159|
60|177|108|1|134|0|159|
60|214|108|1|174|0|161|
60|157|0|1|134|0|159|
60|157|0|1|134|0|159|
60|157|108|1|134|0|159|
60|157|0|1|134|0|159|
60|157|0|1|134|0|159|
60|157|0|1|134|0|159|
60|157|0|1|134|0|159|
60|157|108|1|134|0|159|
60|157|216|1|134|0|159|
60|160|108|1|134|0|159|
60|160|216|1|134|0|159|
60|159|216|1|134|0|159|
60|209|108|1|174|0|161|
60|156|108|1|134|0|159|
60|212|108|1|174|0|161|
60|157|0|1|134|0|159|
60|157|0|1|134|0|159|
60|157|0|1|134|0|159|
60|157|108|1|134|0|159|
60|160|0|1|134|0|159|
60|160|216|1|134|0|159|
60|157|108|1|134|0|159|
60|157|0|1|134|0|159|
60|160|0|1|134|0|159|
60|157|0|1|134|0|159|
60|156|108|1|134|0|159|
60|208|216|1|173|0|161|
60|157|108|1|134|0|159|
60|157|216|1|134|0|159|
60|157|0|1|134|0|159|
60|157|0|1|134|0|159|
60|160|0|1|134|0|159|
60|160|0|1|134|0|159|
60|157|108|1|134|0|159|
60|159|0|1|134|0|159|
60|166|0|1|134|0|159|
60|157|108|1|134|0|159|
60|159|0|1|134|0|159|
60|160|216|1|134|0|159|
60|213|108|1|170|0|161|
60|159|108|1|134|0|159|
60|157|108|1|134|0|159|
60|157|216|1|134|0|159|
60|157|0|1|134|0|159|
60|157|0|1|134|0|159|
60|160|216|1|134|0|159|
60|159|108|1|134|0|159|
60|157|108|1|134|0|159|
60|157|108|1|134|0|159|
60|157|216|1|134|0|159|
60|156|108|1|134|0|159|
60|160|108|1|134|0|159|
60|210|108|1|173|0|161|
60|213|108|1|173|0|161|
60|157|0|1|134|0|159|
60|157|108|1|134|0|159|
60|157|108|1|134|0|159|
60|160|108|1|134|0|159|
60|159|0|1|134|0|159|
60|157|216|1|134|0|159|
60|160|216|1|134|0|159|
60|160|216|1|134|0|159|
60|160|0|1|134|0|159|
60|209|216|1|174|0|161|
60|258|216|1|303|0|161|
60|208|108|1|173|0|161|
60|156|108|1|134|0|159|
60|160|108|1|134|0|159|
60|210|216|1|170|0|161|
60|157|108|1|134|0|159|
60|166|0|1|134|0|159|
60|157|0|1|134|0|159|
60|157|108|1|134|0|159|
60|157|0|1|134|0|159|
60|157|0|1|134|0|159|
60|160|216|1|134|0|159|
60|157|108|1|134|0|159|
60|157|0|1|134|0|159|
60|160|0|1|134|0|159|
60|159|0|1|134|0|159|
60|157|108|1|134|0|159|
60|160|0|1|134|0|159|
60|157|0|1|134|0|159|
60|157|0|1|134|0|159|
60|160|216|1|134|0|159|
60|160|108|1|134|0|159|
60|157|108|1|134|0|159|
60|157|108|1|134|0|159|
60|157|108|1|134|0|159|
60|157|108|1|134|0|159|
60|160|108|1|134|0|159|
60|213|324|1|170|0|161|
60|157|216|1|134|0|159|
60|159|108|1|134|0|159|
60|159|108|1|134|0|159|
60|157|108|1|134|0|159|
60|157|108|1|134|0|159|
60|157|108|1|134|0|159|
60|209|216|1|174|0|161|
60|157|216|1|134|0|159|
60|159|216|1|134|0|159|
60|157|216|1|134|0|159|
60|156|0|1|134|0|159|
60|213|108|1|170|0|161|
60|235|108|2|183|0|161|
