INSTRUCTIONS_RETIRED|CYCLES|UNKNOWN|LD_BLOCKS.STORE_FORWARD|UOPS_EXECUTED.CORE|BR_MISP_RETIRED.ALL_BRANCHES|UOPS_RETIRED.ANY|
80|179|0|1|154|0|179|
80|180|108|1|154|0|179|
80|180|108|1|154|0|179|
80|180|216|1|154|0|179|
80|180|108|1|154|0|179|
80|177|108|1|154|0|179|
80|180|216|1|154|0|179|
80|180|108|1|154|0|179|
80|231|216|1|187|0|181|
80|234|108|1|186|0|181|
80|179|108|1|154|0|179|
80|180|108|1|154|0|179|
80|180|108|1|154|0|179|
80|180|108|1|154|0|179|
80|180|108|1|154|0|179|
80|180|108|1|154|0|179|
80|180|108|1|154|0|179|
80|180|108|1|154|0|179|
80|179|0|1|154|0|179|
80|234|108|1|186|0|181|
80|180|108|1|154|0|179|
80|235|108|1|187|0|181|
80|176|216|1|154|0|179|
80|222|108|1|312|0|177|
80|176|108|1|154|0|179|
80|229|108|1|188|0|181|
80|234|216|1|186|0|181|
80|234|216|1|186|0|181|
80|231|108|1|186|0|181|
80|180|108|1|154|0|179|
80|180|108|1|154|0|179|
80|180|108|1|154|0|179|
80|180|0|1|154|0|179|
80|180|108|1|154|0|179|
80|180|0|1|154|0|179|
80|179|108|1|154|0|179|
80|176|216|1|154|0|179|
80|180|0|1|154|0|179|
80|177|216|1|154|0|179|
80|180|0|1|154|0|179|
80|180|216|1|154|0|179|
80|177|108|1|154|0|179|
80|180|108|1|154|0|179|
80|180|108|1|154|0|179|
80|179|216|1|154|0|179|
80|180|216|1|154|0|179|
80|180|108|1|154|0|179|
80|180|216|1|154|0|179|
80|180|108|1|154|0|179|
80|179|108|1|154|0|179|
80|176|108|1|154|0|179|
80|176|108|1|154|0|179|
80|180|108|1|154|0|179|
80|180|108|1|154|0|179|
80|177|108|1|154|0|179|
80|180|108|1|154|0|179|
80|180|108|1|154|0|179|
80|180|216|1|154|0|179|
80|177|108|1|154|0|179|
80|179|216|1|154|0|179|
80|180|108|1|154|0|179|
80|235|216|1|187|0|181|
80|235|216|1|187|0|181|
80|182|108|1|154|0|179|
80|177|0|1|154|0|179|
80|180|108|1|154|0|179|
80|177|0|1|154|0|179|
80|181|216|1|154|0|179|
80|180|0|1|154|0|179|
80|179|0|1|154|0|179|
80|177|108|1|154|0|179|
80|177|108|1|154|0|179|
80|177|108|1|154|0|179|
80|180|108|1|154|0|179|
80|180|108|1|154|0|179|
80|176|108|1|154|0|179|
80|177|108|1|154|0|179|
80|180|108|1|154|0|179|
80|180|0|1|154|0|179|
80|177|108|1|154|0|179|
80|180|0|1|154|0|179|
80|180|108|1|154|0|179|
80|180|0|1|154|0|179|
80|180|108|1|154|0|179|
80|180|108|1|154|0|179|
80|180|216|1|154|0|179|
80|180|108|1|154|0|179|
80|180|216|1|154|0|179|
80|180|216|1|154|0|179|
80|176|108|1|154|0|179|
80|179|108|1|154|0|179|
80|180|108|1|154|0|179|
80|177|108|1|154|0|179|
80|177|0|1|154|0|179|
80|180|108|1|154|0|179|
80|180|216|1|154|0|179|
80|180|108|1|154|0|179|
80|177|216|1|154|0|179|
80|180|108|1|154|0|179|
80|180|108|1|154|0|179|
80|177|216|1|154|0|179|
80|180|108|1|154|0|179|
80|180|108|1|154|0|179|
80|180|216|1|154|0|179|
80|180|216|1|154|0|179|
80|180|108|1|154|0|179|
80|177|108|1|154|0|179|
80|180|108|1|154|0|179|
80|180|108|1|154|0|179|
80|180|108|1|154|0|179|
80|177|108|1|154|0|179|
80|180|108|1|154|0|179|
80|179|108|1|154|0|179|
80|180|108|1|154|0|179|
80|180|108|1|154|0|179|
80|180|108|1|154|0|179|
80|179|108|1|154|0|179|
80|176|108|1|154|0|179|
80|180|108|1|154|0|179|
80|180|108|1|154|0|179|
80|180|108|1|154|0|179|
80|177|108|1|154|0|179|
80|180|108|1|154|0|179|
80|180|108|1|154|0|179|
80|179|108|1|154|0|179|
80|183|216|1|166|0|177|
80|181|108|1|154|0|179|
80|180|216|1|154|0|179|
80|176|108|1|154|0|179|
80|179|216|1|154|0|179|
80|180|108|1|154|0|179|
80|180|108|1|154|0|179|
80|180|216|1|154|0|179|
80|177|108|1|154|0|179|
80|180|216|1|154|0|179|
80|180|108|1|154|0|179|
80|180|0|1|154|0|179|
80|177|108|1|154|0|179|
80|180|108|1|154|0|179|
80|234|324|1|186|0|181|
80|235|108|1|187|0|181|
80|234|216|1|187|0|181|
80|266|108|1|341|1|177|
80|224|108|1|385|0|173|
80|371|216|1|648|0|181|
80|343|216|1|657|0|181|
80|352|324|1|698|0|181|
80|341|108|1|617|0|181|
80|335|216|1|678|0|181|
80|257|108|1|260|0|183|
80|251|216|1|432|0|179|
80|235|324|1|382|0|179|
80|281|324|1|364|0|177|
80|257|216|2|223|0|181|
80|177|0|1|154|0|179|
80|228|216|1|187|0|181|
80|228|108|1|187|0|181|
80|228|216|1|187|0|181|
80|232|108|1|188|0|181|
80|232|216|1|189|0|181|
80|228|108|1|187|0|181|
80|229|216|1|189|0|181|
80|345|216|1|565|0|181|
80|289|216|1|268|0|183|
80|268|216|1|344|0|181|
80|176|108|1|154|0|179|
80|228|216|1|187|0|181|
80|229|108|1|188|0|181|
80|232|108|1|188|0|181|
80|228|108|1|187|0|181|
80|177|108|1|154|0|179|
80|228|108|1|187|0|181|
80|228|108|1|187|0|181|
80|177|216|1|154|0|179|
80|176|108|1|154|0|179|
80|251|108|2|219|0|181|
80|229|108|1|188|0|181|
80|177|0|1|154|0|179|
80|228|108|1|187|0|181|
80|228|108|1|187|0|181|
80|177|108|1|154|0|179|
80|232|216|1|188|0|181|
80|228|216|1|187|0|181|
80|232|108|1|189|0|181|
80|180|0|1|154|0|179|
80|179|108|1|154|0|179|
80|229|108|1|188|0|181|
80|232|216|1|189|0|181|
80|232|216|1|189|0|181|
80|232|108|1|189|0|181|
80|229|108|1|189|0|181|
80|177|216|1|154|0|179|
80|232|216|1|189|0|181|
80|176|216|1|154|0|179|
80|229|108|1|188|0|181|
80|229|108|1|188|0|181|
80|231|108|1|187|0|181|
80|255|108|2|220|0|181|
80|234|108|1|187|0|181|
80|229|108|1|189|0|181|
80|177|108|1|154|0|179|
80|229|108|1|188|0|181|
80|177|0|1|154|0|179|
80|228|216|1|187|0|181|
80|310|216|1|487|0|181|
80|270|216|2|236|0|181|
80|287|216|1|322|0|181|
80|282|216|1|480|0|178|
80|228|108|1|187|0|181|
80|234|216|1|186|0|181|
80|177|216|1|154|0|179|
80|177|216|1|154|0|179|
80|228|216|1|187|0|181|
80|232|108|1|189|0|181|
80|229|108|1|189|0|181|
80|176|108|1|154|0|179|
80|176|108|1|154|0|179|
80|232|108|1|189|0|181|
80|232|108|1|189|0|181|
80|179|0|1|154|0|179|
80|234|108|1|187|0|181|
80|176|216|1|154|0|179|
80|248|108|1|205|0|181|
80|228|216|1|187|0|181|
80|229|108|1|189|0|181|
80|177|108|1|154|0|179|
80|177|108|1|154|0|179|
80|229|108|1|188|0|181|
80|232|216|1|188|0|181|
80|228|108|1|187|0|181|
80|181|108|1|154|0|179|
80|229|216|1|188|0|181|
80|232|216|1|188|0|181|
80|259|216|2|223|0|181|
80|232|108|1|189|0|181|
80|260|108|2|223|0|181|
80|229|108|1|189|0|181|
80|229|216|1|189|0|181|
80|176|108|1|154|0|179|
80|177|108|1|154|0|179|
80|229|108|1|188|0|181|
80|177|108|1|154|0|179|
80|228|108|1|187|0|181|
80|229|108|1|188|0|181|
80|232|108|1|189|0|181|
80|245|216|1|204|0|181|
80|177|0|1|154|0|179|
80|232|108|1|189|0|181|
80|232|108|1|189|0|181|
80|176|216|1|154|0|179|
80|228|108|1|187|0|181|
80|177|216|1|154|0|179|
80|249|216|1|205|0|181|
80|229|108|1|188|0|181|
80|177|0|1|154|0|179|
80|253|216|1|214|0|181|
80|229|108|1|189|0|181|
80|231|108|1|187|0|181|
80|252|216|2|220|0|181|
80|254|216|1|601|0|179|
80|220|216|1|312|0|177|
80|323|216|1|365|0|184|
80|234|216|1|186|0|181|
80|232|216|1|188|0|181|
80|231|108|1|186|0|181|
80|231|108|1|187|0|181|
80|234|108|1|187|0|181|
80|231|108|1|187|0|181|
80|235|108|1|187|0|181|
80|234|216|1|186|0|181|
80|235|108|1|187|0|181|
80|234|108|1|186|0|181|
80|235|216|1|187|0|181|
80|235|108|1|187|0|181|
80|234|108|1|186|0|181|
80|235|108|1|187|0|181|
80|234|108|1|186|0|181|
80|235|108|1|187|0|181|
80|249|108|1|205|0|181|
80|232|216|1|189|0|181|
80|235|108|1|187|0|181|
80|234|108|1|186|0|181|
80|235|216|1|187|0|181|
80|234|216|1|186|0|181|
80|179|216|1|154|0|179|
80|234|216|1|186|0|181|
80|235|108|1|187|0|181|
80|234|108|1|186|0|181|
80|265|108|2|223|0|181|
80|234|108|1|186|0|181|
80|234|216|1|186|0|181|
80|231|216|1|186|0|181|
80|234|108|1|187|0|181|
80|234|108|1|186|0|181|
80|234|216|1|186|0|181|
80|234|108|1|186|0|181|
80|234|108|1|186|0|181|
80|228|216|1|187|0|181|
80|179|108|1|154|0|179|
80|231|108|1|186|0|181|
80|316|216|1|293|0|181|
80|177|216|1|154|0|179|
80|347|324|1|613|0|181|
80|183|108|1|154|0|179|
80|250|108|2|216|0|181|
80|179|0|1|154|0|179|
80|234|216|1|186|0|181|
80|234|108|1|186|0|181|
80|228|216|1|187|0|181|
80|231|108|1|186|0|181|
80|231|216|1|186|0|181|
80|228|108|1|187|0|181|
80|235|216|1|187|0|181|
80|228|108|1|187|0|181|
80|234|216|1|186|0|181|
80|231|108|1|186|0|181|
80|234|108|1|186|0|181|
80|231|108|1|186|0|181|
80|234|108|1|186|0|181|
80|258|216|2|223|0|181|
80|234|108|1|186|0|181|
80|235|108|1|187|0|181|
80|234|216|1|186|0|181|
80|234|108|1|186|0|181|
80|234|216|1|186|0|181|
80|228|216|1|187|0|181|
80|234|216|1|186|0|181|
80|231|108|1|186|0|181|
80|234|216|1|187|0|181|
80|235|216|1|188|0|181|
80|234|216|1|186|0|181|
80|234|108|1|186|0|181|
80|231|108|1|186|0|181|
80|234|108|1|186|0|181|
80|235|108|1|187|0|181|
80|234|108|1|186|0|181|
80|249|216|1|204|0|181|
80|231|216|1|186|0|181|
80|232|108|1|188|0|181|
80|231|108|1|186|0|181|
80|228|108|1|187|0|181|
80|229|216|1|189|0|181|
80|234|108|1|186|0|181|
80|234|108|1|186|0|181|
80|235|108|1|187|0|181|
80|231|108|1|186|0|181|
80|235|108|1|187|0|181|
80|232|108|1|188|0|181|
80|234|216|1|186|0|181|
80|234|108|1|186|0|181|
80|228|108|1|187|0|181|
80|235|216|1|187|0|181|
80|234|216|1|186|0|181|
80|234|216|1|186|0|181|
80|179|108|1|154|0|179|
80|235|108|1|188|0|181|
80|228|108|1|187|0|181|
80|234|216|1|186|0|181|
80|234|108|1|186|0|181|
80|231|108|1|186|0|181|
80|231|108|1|186|0|181|
80|234|216|1|186|0|181|
80|234|216|1|186|0|181|
80|234|216|1|186|0|181|
80|231|216|1|186|0|181|
80|251|108|1|204|0|181|
80|231|108|1|187|0|181|
80|251|216|1|216|0|181|
80|234|108|1|187|0|181|
80|231|216|1|187|0|181|
80|236|108|1|187|0|181|
80|231|108|1|187|0|181|
80|235|216|1|188|0|181|
80|232|216|1|189|0|181|
80|232|108|1|189|0|181|
80|229|108|1|188|0|181|
80|231|108|1|186|0|181|
80|307|324|1|565|0|181|
80|330|216|1|446|0|183|
80|263|324|2|223|0|181|
80|298|108|1|391|0|181|
80|344|216|1|630|0|181|
80|310|216|1|557|0|181|
80|325|216|1|597|0|181|
80|247|216|1|457|0|179|
80|252|216|1|556|0|179|
80|334|324|1|585|0|181|
80|330|324|1|492|0|181|
80|177|0|1|154|0|179|
80|251|216|1|448|0|179|
80|339|216|1|617|0|181|
80|307|216|1|552|0|181|
80|309|216|1|575|0|181|
80|306|216|1|547|0|181|
80|310|108|1|564|0|181|
80|249|108|1|464|0|179|
80|266|216|1|287|0|181|
80|306|216|1|542|0|181|
80|352|108|1|589|0|181|
80|314|108|1|567|0|181|
80|273|216|1|535|0|179|
80|259|108|1|228|0|183|
80|252|108|1|468|0|179|
80|244|108|1|447|0|179|
80|327|216|1|590|0|181|
80|180|108|1|154|0|179|
80|254|216|1|460|0|179|
80|249|108|1|429|0|178|
80|305|216|1|550|0|181|
80|243|216|1|541|0|177|
80|248|108|1|467|0|179|
80|250|108|1|464|0|179|
80|194|216|1|186|0|179|
80|304|216|1|541|0|181|
80|252|216|1|475|0|179|
80|307|216|1|563|0|181|
80|248|108|1|434|0|179|
80|249|108|1|458|0|179|
80|250|216|1|461|0|179|
80|306|216|1|544|0|181|
80|251|216|1|459|0|179|
80|307|216|1|539|0|181|
80|250|108|1|466|0|179|
80|260|216|1|488|0|179|
80|189|108|1|154|0|179|
80|361|324|1|551|0|183|
80|303|216|1|551|0|181|
80|246|216|1|496|0|176|
80|236|216|1|290|0|178|
80|232|108|1|189|0|181|
80|259|108|1|624|0|177|
80|304|216|1|544|0|181|
80|251|216|1|460|0|179|
80|248|108|1|462|0|179|
80|254|108|1|547|0|179|
80|255|108|1|464|0|179|
80|248|216|1|447|0|179|
80|306|216|1|559|0|181|
80|223|108|1|306|0|179|
80|176|0|1|154|0|179|
80|243|108|1|498|0|179|
80|268|216|2|223|0|181|
80|214|108|1|257|0|174|
80|177|216|1|154|0|179|
80|194|0|1|179|0|177|
80|231|216|1|186|0|181|
80|202|108|1|248|0|179|
80|251|216|1|470|0|179|
80|261|216|1|258|0|183|
80|222|108|1|333|0|177|
80|235|216|1|290|0|179|
80|206|108|1|284|0|179|
80|199|108|1|184|0|177|
80|177|108|1|154|0|179|
80|232|216|1|189|0|181|
80|232|216|1|189|0|181|
80|235|216|1|188|0|181|
80|231|108|1|187|0|181|
80|235|216|1|188|0|181|
80|179|216|1|154|0|179|
80|234|216|1|187|0|181|
80|231|108|1|187|0|181|
80|234|216|1|187|0|181|
80|192|108|1|160|0|179|
80|231|108|1|187|0|181|
80|179|216|1|154|0|179|
80|232|108|1|189|0|181|
80|177|108|1|154|0|179|
80|228|216|1|187|0|181|
80|228|108|1|187|0|181|
80|176|108|1|154|0|179|
80|232|108|1|189|0|181|
80|247|216|1|204|0|181|
80|250|108|1|213|0|181|
80|232|108|1|189|0|181|
80|228|216|1|188|0|181|
80|176|0|1|154|0|179|
80|251|108|1|214|0|181|
80|179|108|1|154|0|179|
80|180|108|1|154|0|179|
80|234|108|1|187|0|181|
80|264|108|2|223|0|181|
80|179|108|1|154|0|179|
80|234|216|1|186|0|181|
80|268|216|2|223|0|181|
80|234|216|1|186|0|181|
80|228|108|1|187|0|181|
80|228|216|1|187|0|181|
80|234|216|1|186|0|181|
80|234|108|1|186|0|181|
80|235|108|1|188|0|181|
80|249|108|1|205|0|181|
80|235|216|1|188|0|181|
80|231|108|1|187|0|181|
80|234|216|1|187|0|181|
80|229|108|1|189|0|181|
80|251|216|1|219|0|181|
80|234|108|1|186|0|181|
80|234|216|1|186|0|181|
80|177|0|1|154|0|179|
80|249|216|1|204|0|181|
80|179|108|1|154|0|179|
80|231|216|1|187|0|181|
80|228|216|1|188|0|181|
80|234|216|1|187|0|181|
80|235|216|1|188|0|181|
80|235|108|1|187|0|181|
80|179|216|1|154|0|179|
80|228|108|1|187|0|181|
80|228|108|1|187|0|181|
80|176|216|1|154|0|179|
80|234|108|1|186|0|181|
80|177|108|1|154|0|179|
80|177|0|1|154|0|179|
80|177|216|1|154|0|179|
80|177|216|1|154|0|179|
80|177|108|1|154|0|179|
80|177|108|1|154|0|179|
80|176|216|1|154|0|179|
80|177|216|1|154|0|179|
80|176|216|1|154|0|179|
80|176|108|1|154|0|179|
80|176|216|1|154|0|179|
80|176|108|1|154|0|179|
80|176|108|1|154|0|179|
80|176|108|1|154|0|179|
80|180|108|1|154|0|179|
80|179|216|1|154|0|179|
80|179|216|1|154|0|179|
80|180|0|1|154|0|179|
80|179|108|1|154|0|179|
80|179|108|1|154|0|179|
80|179|0|1|154|0|179|
80|180|108|1|154|0|179|
80|179|108|1|154|0|179|
80|179|0|1|154|0|179|
80|179|216|1|154|0|179|
80|179|108|1|154|0|179|
80|179|108|1|154|0|179|
80|179|108|1|154|0|179|
80|180|108|1|154|0|179|
80|261|216|2|223|0|181|
80|182|216|1|154|0|179|
80|179|216|1|154|0|179|
80|179|108|1|154|0|179|
80|179|108|1|154|0|179|
80|179|216|1|154|0|179|
80|179|216|1|154|0|179|
80|179|216|1|154|0|179|
80|179|0|1|154|0|179|
80|179|108|1|154|0|179|
80|179|108|1|154|0|179|
80|179|0|1|154|0|179|
80|183|108|1|154|0|179|
80|179|108|1|154|0|179|
80|179|216|1|154|0|179|
80|179|216|1|154|0|179|
80|183|108|1|154|0|179|
80|208|108|1|223|0|179|
80|179|0|1|154|0|179|
80|179|108|1|154|0|179|
80|179|216|1|154|0|179|
80|180|216|1|154|0|179|
80|180|108|1|154|0|179|
80|180|216|1|154|0|179|
80|180|108|1|154|0|179|
80|181|108|1|154|0|179|
80|180|108|1|154|0|179|
80|180|108|1|154|0|179|
80|180|0|1|154|0|179|
80|179|108|1|154|0|179|
80|176|0|1|154|0|179|
80|180|0|1|154|0|179|
80|177|108|1|154|0|179|
80|180|108|1|154|0|179|
80|177|108|1|154|0|179|
80|177|0|1|154|0|179|
80|180|108|1|154|0|179|
80|177|216|1|154|0|179|
80|180|216|1|154|0|179|
80|177|0|1|154|0|179|
80|180|108|1|154|0|179|
80|180|216|1|154|0|179|
80|180|108|1|154|0|179|
80|179|0|1|154|0|179|
80|180|216|1|154|0|179|
80|180|108|1|154|0|179|
80|180|108|1|154|0|179|
80|177|0|1|154|0|179|
80|177|108|1|154|0|179|
80|177|216|1|154|0|179|
80|179|108|1|154|0|179|
80|180|108|1|154|0|179|
80|180|216|1|154|0|179|
80|178|108|1|154|0|179|
80|179|108|1|154|0|179|
80|179|108|1|154|0|179|
80|176|108|1|154|0|179|
80|179|108|1|154|0|179|
80|179|108|1|154|0|179|
80|180|108|1|154|0|179|
80|177|216|1|154|0|179|
80|179|108|1|154|0|179|
80|177|108|1|154|0|179|
80|177|216|1|154|0|179|
80|180|0|1|154|0|179|
80|180|108|1|154|0|179|
80|180|108|1|154|0|179|
80|179|216|1|154|0|179|
80|176|216|1|154|0|179|
80|180|216|1|154|0|179|
80|180|108|1|154|0|179|
80|180|108|1|154|0|179|
80|180|216|1|154|0|179|
80|180|0|1|154|0|179|
80|180|216|1|154|0|179|
80|180|108|1|154|0|179|
80|180|108|1|154|0|179|
80|180|0|1|154|0|179|
80|180|0|1|154|0|179|
80|177|216|1|154|0|179|
80|180|108|1|154|0|179|
80|179|108|1|154|0|179|
80|232|108|1|189|0|181|
80|179|216|1|154|0|179|
80|177|108|1|154|0|179|
80|180|0|1|154|0|179|
80|234|108|1|186|0|181|
80|234|216|1|186|0|181|
80|231|216|1|186|0|181|
80|234|108|1|187|0|181|
80|234|108|1|187|0|181|
80|234|108|1|187|0|181|
80|234|324|1|187|0|181|
80|235|216|1|188|0|181|
80|231|216|1|187|0|181|
80|235|108|1|188|0|181|
80|235|108|1|188|0|181|
80|232|216|1|189|0|181|
80|227|108|1|408|0|179|
80|275|324|1|245|0|181|
80|233|108|1|352|0|179|
80|327|216|1|508|0|181|
80|228|216|1|187|0|181|
80|229|108|1|188|0|181|
80|228|216|1|187|0|181|
80|177|0|1|154|0|179|
80|229|108|1|188|0|181|
80|176|216|1|154|0|179|
80|176|108|1|154|0|179|
80|234|216|1|187|0|181|
80|177|108|1|154|0|179|
80|228|216|1|187|0|181|
80|177|108|1|154|0|179|
80|228|216|1|187|0|181|
80|249|216|1|214|0|181|
80|228|108|1|187|0|181|
80|229|216|1|188|0|181|
80|177|216|1|154|0|179|
80|228|216|1|187|0|181|
80|177|216|1|154|0|179|
80|232|216|1|189|0|181|
80|232|108|1|189|0|181|
80|250|108|1|213|0|181|
80|178|0|1|154|0|179|
80|228|108|1|187|0|181|
80|228|108|1|187|0|181|
80|228|108|1|187|0|181|
80|228|108|1|187|0|181|
80|177|108|1|154|0|179|
80|232|108|1|189|0|181|
80|228|108|1|187|0|181|
80|232|108|1|189|0|181|
80|228|108|1|187|0|181|
80|228|108|1|187|0|181|
80|229|108|1|189|0|181|
80|179|108|1|154|0|179|
80|179|216|1|154|0|179|
80|179|108|1|154|0|179|
80|179|108|1|154|0|179|
80|176|108|1|154|0|179|
80|179|216|1|154|0|179|
80|179|108|1|154|0|179|
80|180|216|1|154|0|179|
80|228|108|1|187|0|181|
80|228|108|1|187|0|181|
80|232|216|1|189|0|181|
80|232|216|1|188|0|181|
80|228|108|1|187|0|181|
80|229|108|1|188|0|181|
80|232|216|1|189|0|181|
80|228|108|1|187|0|181|
80|177|108|1|154|0|179|
80|177|216|1|154|0|179|
80|228|108|1|187|0|181|
80|228|216|1|187|0|181|
80|228|108|1|187|0|181|
80|232|216|1|189|0|181|
80|176|108|1|154|0|179|
80|228|108|1|187|0|181|
80|177|108|1|154|0|179|
80|176|108|1|154|0|179|
80|176|0|1|154|0|179|
80|176|108|1|154|0|179|
80|232|216|1|188|0|181|
80|228|216|1|187|0|181|
80|255|108|2|223|0|181|
80|231|108|1|188|0|181|
80|232|108|1|189|0|181|
80|228|108|1|187|0|181|
80|229|216|1|189|0|181|
80|229|108|1|189|0|181|
80|232|108|1|189|0|181|
80|176|108|1|154|0|179|
80|176|0|1|154|0|179|
80|231|108|1|187|0|181|
80|249|216|1|214|0|181|
80|232|108|1|189|0|181|
80|248|216|1|214|0|181|
80|228|108|1|187|0|181|
80|257|216|2|223|0|181|
80|249|216|1|205|0|181|
80|251|108|1|213|0|181|
80|179|216|1|154|0|179|
80|183|108|1|154|0|179|
80|179|0|1|154|0|179|
80|179|216|1|154|0|179|
80|182|108|1|154|0|179|
80|180|108|1|154|0|179|
80|180|0|1|154|0|179|
80|180|216|1|154|0|179|
80|177|108|1|154|0|179|
80|180|108|1|154|0|179|
80|177|0|1|154|0|179|
80|180|0|1|154|0|179|
80|180|216|1|154|0|179|
80|177|108|1|154|0|179|
80|180|108|1|154|0|179|
80|180|216|1|154|0|179|
80|180|108|1|154|0|179|
80|180|108|1|154|0|179|
80|181|108|1|154|0|179|
80|180|216|1|154|0|179|
80|180|216|1|154|0|179|
80|180|216|1|154|0|179|
80|179|216|1|154|0|179|
80|177|108|1|154|0|179|
80|177|0|1|154|0|179|
80|180|216|1|154|0|179|
80|180|216|1|154|0|179|
80|180|216|1|154|0|179|
80|180|108|1|154|0|179|
80|180|108|1|154|0|179|
80|180|108|1|154|0|179|
80|183|108|1|154|0|179|
80|177|0|1|154|0|179|
80|176|108|1|154|0|179|
80|180|108|1|154|0|179|
80|179|0|1|154|0|179|
80|176|0|1|154|0|179|
80|176|0|1|154|0|179|
80|180|0|1|154|0|179|
80|179|108|1|154|0|179|
80|180|108|1|154|0|179|
80|217|216|1|203|0|182|
80|180|108|1|154|0|179|
80|180|0|1|154|0|179|
80|177|216|1|154|0|179|
80|177|0|1|154|0|179|
80|180|108|1|154|0|179|
80|179|216|1|154|0|179|
80|179|108|1|154|0|179|
80|180|216|1|154|0|179|
80|180|108|1|154|0|179|
80|180|0|1|154|0|179|
80|177|108|1|154|0|179|
80|177|108|1|154|0|179|
80|180|216|1|154|0|179|
80|183|108|1|154|0|179|
80|180|216|1|154|0|179|
80|180|0|1|154|0|179|
80|180|0|1|154|0|179|
80|180|216|1|154|0|179|
80|177|108|1|154|0|179|
80|180|108|1|154|0|179|
80|180|108|1|154|0|179|
80|180|108|1|154|0|179|
80|177|108|1|154|0|179|
80|180|216|1|154|0|179|
80|180|216|1|154|0|179|
80|180|216|1|154|0|179|
80|180|108|1|154|0|179|
80|180|0|1|154|0|179|
80|180|108|1|154|0|179|
80|180|0|1|154|0|179|
80|180|108|1|154|0|179|
80|179|108|1|154|0|179|
80|176|108|1|154|0|179|
80|180|108|1|154|0|179|
80|177|108|1|154|0|179|
80|180|216|1|154|0|179|
80|180|216|1|154|0|179|
80|180|216|1|154|0|179|
80|177|216|1|154|0|179|
80|180|216|1|154|0|179|
80|180|216|1|154|0|179|
80|180|0|1|154|0|179|
80|180|108|1|154|0|179|
80|179|108|1|154|0|179|
80|179|108|1|154|0|179|
80|180|0|1|154|0|179|
80|180|108|1|154|0|179|
80|177|216|1|154|0|179|
80|180|216|1|154|0|179|
80|180|0|1|154|0|179|
80|180|216|1|154|0|179|
80|177|216|1|154|0|179|
80|180|216|1|154|0|179|
80|180|0|1|154|0|179|
80|176|108|1|154|0|179|
80|180|0|1|154|0|179|
80|180|0|1|154|0|179|
80|179|108|1|154|0|179|
80|179|216|1|154|0|179|
80|180|0|1|154|0|179|
80|177|216|1|154|0|179|
80|180|0|1|154|0|179|
80|180|108|1|154|0|179|
80|180|0|1|154|0|179|
80|181|108|1|154|0|179|
80|180|108|1|154|0|179|
80|177|216|1|154|0|179|
80|177|216|1|154|0|179|
80|180|108|1|154|0|179|
80|180|216|1|154|0|179|
80|180|0|1|154|0|179|
80|180|216|1|154|0|179|
80|179|108|1|154|0|179|
80|176|216|1|154|0|179|
80|180|216|1|154|0|179|
80|180|108|1|154|0|179|
80|180|216|1|154|0|179|
80|177|108|1|154|0|179|
80|180|108|1|154|0|179|
80|180|216|1|154|0|179|
80|177|216|1|154|0|179|
80|177|108|1|154|0|179|
80|180|108|1|154|0|179|
80|180|216|1|154|0|179|
80|180|216|1|154|0|179|
80|179|108|1|154|0|179|
80|231|108|1|186|0|181|
80|180|108|1|154|0|179|
80|180|216|1|154|0|179|
80|180|108|1|154|0|179|
80|180|216|1|154|0|179|
80|180|0|1|154|0|179|
80|180|216|1|154|0|179|
80|180|0|1|154|0|179|
80|180|0|1|154|0|179|
80|179|216|1|154|0|179|
80|179|216|1|154|0|179|
80|179|0|1|154|0|179|
80|234|108|1|187|0|181|
80|180|108|1|154|0|179|
80|180|108|1|154|0|179|
80|180|108|1|154|0|179|
80|180|108|1|154|0|179|
80|180|108|1|154|0|179|
80|180|216|1|154|0|179|
80|180|0|1|154|0|179|
80|180|216|1|154|0|179|
80|181|0|1|154|0|179|
80|177|108|1|154|0|179|
80|179|108|1|154|0|179|
80|180|216|1|154|0|179|
80|179|0|1|154|0|179|
80|180|0|1|154|0|179|
80|180|108|1|154|0|179|
80|180|216|1|154|0|179|
80|180|216|1|154|0|179|
80|180|108|1|154|0|179|
80|179|108|1|154|0|179|
80|179|108|1|154|0|179|
80|214|108|1|302|0|179|
80|180|0|1|154|0|179|
80|228|108|1|187|0|181|
80|180|0|1|154|0|179|
80|180|0|1|154|0|179|
80|177|108|1|154|0|179|
80|179|108|1|154|0|179|
80|180|108|1|154|0|179|
80|180|108|1|154|0|179|
80|180|0|1|154|0|179|
80|180|108|1|154|0|179|
80|180|108|1|154|0|179|
80|180|0|1|154|0|179|
80|180|0|1|154|0|179|
80|180|108|1|154|0|179|
80|178|108|1|154|0|179|
80|180|0|1|154|0|179|
80|177|216|1|154|0|179|
80|180|0|1|154|0|179|
80|229|108|1|188|0|181|
80|176|108|1|154|0|179|
80|180|0|1|154|0|179|
80|177|216|1|154|0|179|
80|180|216|1|154|0|179|
80|180|216|1|154|0|179|
80|177|216|1|154|0|179|
80|180|108|1|154|0|179|
80|180|108|1|154|0|179|
80|180|108|1|154|0|179|
80|177|108|1|154|0|179|
80|180|108|1|154|0|179|
80|179|108|1|154|0|179|
80|179|216|1|154|0|179|
80|180|216|1|154|0|179|
80|180|108|1|154|0|179|
80|177|216|1|154|0|179|
80|180|0|1|154|0|179|
80|180|108|1|154|0|179|
80|180|108|1|154|0|179|
80|199|108|1|295|0|176|
80|179|0|1|154|0|179|
80|177|108|1|154|0|179|
80|176|0|1|154|0|179|
80|176|108|1|154|0|179|
80|177|108|1|154|0|179|
80|228|108|1|187|0|181|
80|177|108|1|154|0|179|
80|177|108|1|154|0|179|
80|180|108|1|154|0|179|
80|180|108|1|154|0|179|
80|180|216|1|154|0|179|
80|179|0|1|154|0|179|
80|179|108|1|154|0|179|
80|234|216|1|187|0|181|
80|234|216|1|187|0|181|
80|229|108|1|189|0|181|
80|231|108|1|187|0|181|
80|179|108|1|154|0|179|
80|180|108|1|154|0|179|
80|177|0|1|154|0|179|
80|187|108|1|154|0|179|
80|232|108|1|188|0|181|
80|177|108|1|154|0|179|
80|182|108|1|154|0|179|
80|192|108|1|154|0|179|
80|179|216|1|154|0|179|
80|176|108|1|154|0|179|
80|180|108|1|154|0|179|
80|179|0|1|154|0|179|
80|179|0|1|154|0|179|
80|229|108|1|189|0|181|
80|176|0|1|154|0|179|
80|180|108|1|154|0|179|
80|180|0|1|154|0|179|
80|177|0|1|154|0|179|
80|177|108|1|154|0|179|
80|180|108|1|154|0|179|
80|179|0|1|154|0|179|
80|179|0|1|154|0|179|
80|235|216|1|188|0|181|
80|192|216|1|292|0|179|
80|179|108|1|154|0|179|
80|234|108|1|187|0|181|
80|177|108|1|154|0|179|
80|177|108|1|154|0|179|
80|177|108|1|154|0|179|
80|182|216|1|154|0|179|
80|180|108|1|154|0|179|
80|180|108|1|154|0|179|
80|235|108|1|188|0|181|
80|250|108|1|210|0|181|
80|179|108|1|154|0|179|
80|179|108|1|154|0|179|
80|179|0|1|154|0|179|
80|179|108|1|154|0|179|
80|179|216|1|154|0|179|
80|180|216|1|154|0|179|
80|177|0|1|154|0|179|
80|177|0|1|154|0|179|
80|177|216|1|154|0|179|
80|177|108|1|154|0|179|
80|177|216|1|154|0|179|
80|228|216|1|187|0|181|
80|228|108|1|187|0|181|
80|177|216|1|154|0|179|
80|177|108|1|154|0|179|
80|177|108|1|154|0|179|
80|232|108|1|189|0|181|
80|231|108|1|187|0|181|
80|179|216|1|154|0|179|
80|177|216|1|154|0|179|
80|180|108|1|154|0|179|
80|234|108|1|186|0|181|
80|180|108|1|154|0|179|
80|180|216|1|154|0|179|
80|179|108|1|154|0|179|
