INSTRUCTIONS_RETIRED|CYCLES|UNKNOWN|LD_BLOCKS.STORE_FORWARD|UOPS_EXECUTED.CORE|BR_MISP_RETIRED.ALL_BRANCHES|UOPS_RETIRED.ANY|
208|305|216|1|282|0|307|
208|305|324|1|282|0|307|
208|308|216|1|282|0|307|
208|305|216|1|282|0|307|
208|307|324|1|282|0|307|
208|304|216|1|282|0|307|
208|307|324|1|282|0|307|
208|308|108|1|282|0|307|
208|308|108|1|282|0|307|
208|305|216|1|282|0|307|
208|308|108|1|282|0|307|
208|361|324|1|314|0|309|
208|305|324|1|282|0|307|
208|305|324|1|282|0|307|
208|305|324|1|282|0|307|
208|305|108|1|282|0|307|
208|305|108|1|282|0|307|
208|308|108|1|282|0|307|
208|308|216|1|282|0|307|
208|358|324|1|314|0|309|
208|305|216|1|282|0|307|
208|305|108|1|282|0|307|
208|305|324|1|282|0|307|
208|360|324|1|316|0|309|
208|308|324|1|282|0|307|
208|305|108|1|282|0|307|
208|305|108|1|282|0|307|
208|305|108|1|282|0|307|
208|307|108|1|282|0|307|
208|305|216|1|282|0|307|
208|307|216|1|282|0|307|
208|305|108|1|282|0|307|
208|308|108|1|282|0|307|
208|305|216|1|282|0|307|
208|305|108|1|282|0|307|
208|305|324|1|282|0|307|
208|305|216|1|282|0|307|
208|308|108|1|282|0|307|
208|308|108|1|282|0|307|
208|305|108|1|282|0|307|
208|307|216|1|282|0|307|
208|305|216|1|282|0|307|
208|308|324|1|282|0|307|
208|307|108|1|282|0|307|
208|357|324|1|317|0|309|
208|308|108|1|282|0|307|
208|360|324|1|316|0|309|
208|362|216|1|316|0|309|
208|305|216|1|282|0|307|
208|305|108|1|282|0|307|
208|308|108|1|282|0|307|
208|305|324|1|282|0|307|
208|305|216|1|282|0|307|
208|305|324|1|282|0|307|
208|356|216|1|315|0|309|
208|308|108|1|282|0|307|
208|308|324|1|282|0|307|
208|356|324|1|315|0|309|
208|307|324|1|282|0|307|
208|307|216|1|282|0|307|
208|376|216|1|376|0|299|
208|305|108|1|282|0|307|
208|308|216|1|282|0|307|
208|521|432|0|1116|0|307|
208|385|216|1|488|0|307|
208|305|108|1|282|0|307|
208|305|216|1|282|0|307|
208|305|108|1|282|0|307|
208|357|216|1|316|0|309|
208|346|216|1|340|0|307|
208|308|324|1|282|0|307|
208|357|324|1|317|0|309|
208|358|324|1|315|0|309|
208|308|216|1|282|0|307|
208|308|216|1|282|0|307|
208|308|324|1|282|0|307|
208|308|216|1|282|0|307|
208|305|216|1|282|0|307|
208|305|216|1|282|0|307|
208|305|216|1|282|0|307|
208|305|108|1|282|0|307|
208|305|108|1|282|0|307|
208|391|324|1|402|0|303|
208|356|108|1|315|0|309|
208|308|108|1|282|0|307|
208|358|216|1|314|0|309|
208|358|108|1|314|0|309|
208|305|324|1|282|0|307|
208|305|216|1|282|0|307|
208|305|216|1|282|0|307|
208|305|108|1|282|0|307|
208|305|108|1|282|0|307|
208|361|216|1|314|0|309|
208|305|216|1|282|0|307|
208|305|216|1|282|0|307|
208|305|324|1|282|0|307|
208|361|108|1|314|0|309|
208|307|216|1|282|0|307|
208|304|324|1|282|0|307|
208|305|216|1|282|0|307|
208|305|324|1|282|0|307|
208|304|108|1|282|0|307|
208|305|216|1|282|0|307|
208|305|108|1|282|0|307|
208|305|324|1|282|0|307|
208|305|108|1|282|0|307|
208|305|324|1|282|0|307|
208|308|324|1|282|0|307|
208|305|216|1|282|0|307|
208|305|216|1|282|0|307|
208|307|108|1|282|0|307|
208|305|108|1|282|0|307|
208|305|108|1|282|0|307|
208|305|108|1|282|0|307|
208|305|324|1|282|0|307|
208|305|108|1|282|0|307|
208|308|324|1|282|0|307|
208|307|108|1|282|0|307|
208|356|216|1|315|0|309|
208|305|108|1|282|0|307|
208|305|324|1|282|0|307|
208|305|108|1|282|0|307|
208|304|216|1|282|0|307|
208|305|216|1|282|0|307|
208|360|216|1|317|0|309|
208|305|108|1|282|0|307|
208|305|324|1|282|0|307|
208|305|108|1|282|0|307|
208|305|216|1|282|0|307|
208|308|324|1|282|0|307|
208|305|324|1|282|0|307|
208|307|108|1|282|0|307|
208|305|324|1|282|0|307|
208|305|108|1|282|0|307|
208|305|216|1|282|0|307|
208|331|216|1|309|0|307|
208|307|324|1|282|0|307|
208|305|216|1|282|0|307|
208|356|324|1|315|0|309|
208|305|108|1|282|0|307|
208|305|324|1|282|0|307|
208|305|324|1|282|0|307|
208|305|216|1|282|0|307|
208|307|108|1|282|0|307|
208|305|108|1|282|0|307|
208|305|216|1|282|0|307|
208|307|216|1|282|0|307|
208|307|108|1|282|0|307|
208|307|216|1|282|0|307|
208|358|216|1|315|0|309|
208|305|108|1|282|0|307|
208|305|108|1|282|0|307|
208|305|324|1|282|0|307|
208|308|108|1|282|0|307|
208|305|108|1|282|0|307|
208|305|108|1|282|0|307|
208|307|108|1|282|0|307|
208|305|216|1|282|0|307|
208|305|108|1|282|0|307|
208|305|108|1|282|0|307|
208|305|324|1|282|0|307|
208|305|108|1|282|0|307|
208|361|216|1|314|0|309|
208|307|108|1|282|0|307|
208|305|216|1|282|0|307|
208|305|216|1|282|0|307|
208|305|108|1|282|0|307|
208|305|324|1|282|0|307|
208|308|324|1|282|0|307|
208|393|216|1|347|0|309|
208|305|108|1|282|0|307|
208|356|216|1|315|0|309|
208|305|216|1|282|0|307|
208|308|216|1|282|0|307|
208|307|108|1|282|0|307|
208|382|324|1|339|0|309|
208|305|108|1|282|0|307|
208|305|216|1|282|0|307|
208|305|108|1|282|0|307|
208|305|216|1|282|0|307|
208|308|108|1|282|0|307|
208|305|108|1|282|0|307|
208|304|108|1|282|0|307|
208|305|108|1|282|0|307|
208|356|216|1|315|0|309|
208|308|216|1|282|0|307|
208|305|216|1|282|0|307|
208|307|108|1|282|0|307|
208|307|324|1|282|0|307|
208|308|108|1|282|0|307|
208|308|108|1|282|0|307|
208|308|108|1|282|0|307|
208|308|324|1|282|0|307|
208|308|108|1|282|0|307|
208|308|108|1|282|0|307|
208|308|108|1|282|0|307|
208|305|108|1|282|0|307|
208|308|324|1|282|0|307|
208|308|324|1|282|0|307|
208|308|216|1|282|0|307|
208|308|108|1|282|0|307|
208|307|216|1|282|0|307|
208|307|324|1|282|0|307|
208|308|108|1|282|0|307|
208|308|324|1|282|0|307|
208|308|324|1|282|0|307|
208|308|324|1|282|0|307|
208|308|216|1|282|0|307|
208|308|108|1|282|0|307|
208|305|108|1|282|0|307|
208|308|324|1|282|0|307|
208|308|108|1|282|0|307|
208|308|324|1|282|0|307|
208|307|216|1|282|0|307|
208|308|324|1|282|0|307|
208|307|108|1|282|0|307|
208|307|324|1|282|0|307|
208|307|324|1|282|0|307|
208|308|324|1|282|0|307|
208|308|324|1|282|0|307|
208|308|108|1|282|0|307|
208|308|108|1|282|0|307|
208|308|216|1|282|0|307|
208|308|324|1|282|0|307|
208|308|216|1|282|0|307|
208|308|108|1|282|0|307|
208|305|324|1|282|0|307|
208|305|108|1|282|0|307|
208|308|324|1|282|0|307|
208|308|108|1|282|0|307|
208|305|216|1|282|0|307|
208|305|108|1|282|0|307|
208|307|108|1|282|0|307|
208|308|108|1|282|0|307|
208|308|216|1|282|0|307|
208|308|216|1|282|0|307|
208|308|108|1|282|0|307|
208|305|108|1|282|0|307|
208|308|216|1|282|0|307|
208|305|216|1|282|0|307|
208|308|108|1|282|0|307|
208|308|108|1|282|0|307|
208|305|324|1|282|0|307|
208|307|216|1|282|0|307|
208|307|324|1|282|0|307|
208|307|216|1|282|0|307|
208|308|108|1|282|0|307|
208|308|108|1|282|0|307|
208|308|324|1|282|0|307|
208|307|324|1|282|0|307|
208|308|216|1|282|0|307|
208|305|216|1|282|0|307|
208|308|324|1|282|0|307|
208|308|108|1|282|0|307|
208|308|108|1|282|0|307|
208|308|108|1|282|0|307|
208|308|216|1|282|0|307|
208|361|324|1|315|0|309|
208|307|108|1|282|0|307|
208|305|108|1|282|0|307|
208|308|108|1|282|0|307|
208|305|108|1|282|0|307|
208|308|216|1|282|0|307|
208|305|108|1|282|0|307|
208|308|216|1|282|0|307|
208|308|324|1|282|0|307|
208|308|216|1|282|0|307|
208|308|108|1|282|0|307|
208|308|108|1|282|0|307|
208|305|324|1|282|0|307|
208|308|108|1|282|0|307|
208|307|216|1|282|0|307|
208|307|216|1|282|0|307|
208|308|324|1|282|0|307|
208|308|216|1|282|0|307|
208|308|216|1|282|0|307|
208|305|108|1|282|0|307|
208|308|324|1|282|0|307|
208|308|108|1|282|0|307|
208|308|108|1|282|0|307|
208|308|216|1|282|0|307|
208|308|324|1|282|0|307|
208|305|108|1|282|0|307|
208|308|216|1|282|0|307|
208|308|108|1|282|0|307|
208|307|324|1|282|0|307|
208|308|216|1|282|0|307|
208|308|216|1|282|0|307|
208|308|108|1|282|0|307|
208|308|324|1|282|0|307|
208|308|216|1|282|0|307|
208|308|108|1|282|0|307|
208|310|108|1|282|0|307|
208|308|108|1|282|0|307|
208|307|108|1|282|0|307|
208|305|108|1|282|0|307|
208|308|216|1|282|0|307|
208|307|108|1|282|0|307|
208|304|324|1|282|0|307|
208|358|216|1|315|0|309|
208|308|324|1|282|0|307|
208|308|216|1|282|0|307|
208|305|216|1|282|0|307|
208|308|108|1|282|0|307|
208|308|108|1|282|0|307|
208|308|108|1|282|0|307|
208|305|216|1|282|0|307|
208|308|216|1|282|0|307|
208|305|108|1|282|0|307|
208|308|324|1|282|0|307|
208|307|324|1|282|0|307|
208|307|324|1|282|0|307|
208|305|108|1|282|0|307|
208|308|108|1|282|0|307|
208|308|108|1|282|0|307|
208|308|108|1|282|0|307|
208|308|324|1|282|0|307|
208|308|108|1|282|0|307|
208|308|108|1|282|0|307|
208|305|108|1|282|0|307|
208|308|108|1|282|0|307|
208|308|108|1|282|0|307|
208|305|108|1|282|0|307|
208|307|108|1|282|0|307|
208|307|108|1|282|0|307|
208|307|108|1|282|0|307|
208|308|324|1|282|0|307|
208|308|216|1|282|0|307|
208|308|324|1|282|0|307|
208|308|108|1|282|0|307|
208|308|216|1|282|0|307|
208|308|324|1|282|0|307|
208|308|108|1|282|0|307|
208|307|216|1|282|0|307|
208|308|108|1|282|0|307|
208|308|108|1|282|0|307|
208|308|108|1|282|0|307|
208|307|108|1|282|0|307|
208|304|324|1|282|0|307|
208|305|324|1|282|0|307|
208|308|216|1|282|0|307|
208|305|324|1|282|0|307|
208|308|108|1|282|0|307|
208|308|324|1|282|0|307|
208|308|108|1|282|0|307|
208|305|324|1|282|0|307|
208|423|324|1|519|0|307|
208|307|108|1|282|0|307|
208|305|108|1|282|0|307|
208|307|108|1|282|0|307|
208|362|216|1|316|0|309|
208|307|216|1|282|0|307|
208|435|324|1|627|0|307|
208|308|216|1|282|0|307|
208|308|108|1|282|0|307|
208|308|324|1|282|0|307|
208|308|216|1|282|0|307|
208|308|108|1|282|0|307|
208|308|108|1|282|0|307|
208|308|216|1|282|0|307|
208|308|108|1|282|0|307|
208|308|324|1|282|0|307|
208|307|108|1|282|0|307|
208|308|108|1|282|0|307|
208|308|108|1|282|0|307|
208|308|216|1|282|0|307|
208|305|324|1|282|0|307|
208|308|108|1|282|0|307|
208|308|216|1|282|0|307|
208|308|324|1|282|0|307|
208|308|216|1|282|0|307|
208|308|324|1|282|0|307|
208|308|108|1|282|0|307|
208|305|216|1|282|0|307|
208|308|216|1|282|0|307|
208|308|216|1|282|0|307|
208|305|216|1|282|0|307|
208|307|108|1|282|0|307|
208|308|216|1|282|0|307|
208|308|216|1|282|0|307|
208|308|216|1|282|0|307|
208|308|324|1|282|0|307|
208|308|324|1|282|0|307|
208|308|324|1|282|0|307|
208|308|108|1|282|0|307|
208|305|108|1|282|0|307|
208|308|108|1|282|0|307|
208|308|216|1|282|0|307|
208|308|324|1|282|0|307|
208|307|324|1|282|0|307|
208|307|108|1|282|0|307|
208|359|216|1|315|0|309|
208|308|216|1|282|0|307|
208|308|216|1|282|0|307|
208|308|324|1|282|0|307|
208|308|216|1|282|0|307|
208|308|216|1|282|0|307|
208|308|108|1|282|0|307|
208|308|216|1|282|0|307|
208|308|108|1|282|0|307|
208|308|216|1|282|0|307|
208|308|108|1|282|0|307|
208|307|324|1|282|0|307|
208|308|108|1|282|0|307|
208|305|108|1|282|0|307|
208|308|108|1|282|0|307|
208|308|324|1|282|0|307|
208|308|108|1|282|0|307|
208|308|324|1|282|0|307|
208|308|216|1|282|0|307|
208|307|216|1|282|0|307|
208|308|216|1|282|0|307|
208|308|324|1|282|0|307|
208|308|324|1|282|0|307|
208|308|108|1|282|0|307|
208|308|108|1|282|0|307|
208|307|216|1|282|0|307|
208|417|324|1|524|0|306|
208|511|432|1|758|0|309|
208|407|216|1|532|0|307|
208|396|324|1|428|0|309|
208|375|216|1|529|0|307|
208|548|324|1|925|0|309|
208|519|216|1|1014|0|307|
208|345|324|1|371|0|307|
208|428|216|1|568|0|309|
208|567|432|1|802|0|309|
208|360|216|1|316|0|309|
208|356|216|1|315|0|309|
208|304|108|1|282|0|307|
208|414|216|1|423|0|310|
208|360|216|1|316|0|309|
208|357|324|1|316|0|309|
208|305|324|1|282|0|307|
208|357|216|1|316|0|309|
208|356|324|1|315|0|309|
208|356|108|1|315|0|309|
208|356|108|1|315|0|309|
208|388|324|1|344|0|309|
208|360|324|1|316|0|309|
208|544|324|1|829|0|307|
208|459|216|1|511|0|309|
208|374|108|1|364|0|309|
208|356|108|1|439|0|307|
208|308|324|1|282|0|307|
208|305|108|1|282|0|307|
208|360|216|1|316|0|309|
208|305|324|1|282|0|307|
208|356|108|1|315|0|309|
208|357|216|1|375|0|307|
208|356|324|1|315|0|309|
208|534|432|1|941|0|307|
208|394|324|1|427|0|307|
208|335|216|1|325|0|307|
208|332|324|1|339|0|307|
208|400|324|1|591|0|307|
208|305|108|1|282|0|307|
208|356|324|1|315|0|309|
208|359|324|1|315|0|309|
208|304|216|1|282|0|307|
208|359|324|1|315|0|309|
208|304|108|1|282|0|307|
208|331|324|1|391|0|307|
208|356|216|1|315|0|309|
208|435|432|1|603|0|295|
208|374|216|1|489|0|307|
208|325|216|1|317|0|307|
208|338|108|1|338|0|307|
208|509|432|1|800|0|309|
208|360|216|1|317|0|309|
208|331|216|1|331|0|307|
208|305|108|1|282|0|307|
208|481|324|1|646|0|311|
208|305|108|1|282|0|307|
208|418|216|1|417|0|309|
208|360|216|1|317|0|309|
208|357|324|1|316|0|309|
208|305|216|1|282|0|307|
208|351|324|1|355|0|307|
208|307|108|1|282|0|307|
208|453|216|1|471|0|309|
208|454|432|1|471|0|309|
208|305|216|1|282|0|307|
208|305|216|1|282|0|307|
208|304|216|1|282|0|307|
208|357|216|1|317|0|309|
208|357|324|1|317|0|309|
208|357|216|1|317|0|309|
208|361|216|1|314|0|309|
208|396|324|1|508|0|309|
208|392|216|1|490|0|307|
208|1233|756|1|821|0|328|
208|308|108|1|282|0|307|
208|307|108|1|282|0|307|
208|389|216|1|346|0|309|
208|304|108|1|282|0|307|
208|307|216|1|282|0|307|
208|357|216|1|316|0|309|
208|305|108|1|282|0|307|
208|360|324|1|317|0|309|
208|360|324|1|316|0|309|
208|304|108|1|282|0|307|
208|358|108|1|314|0|309|
208|360|216|1|317|0|309|
208|355|216|1|443|0|307|
208|314|108|1|301|0|307|
208|445|324|1|729|0|297|
208|357|216|1|317|0|309|
208|416|216|1|412|0|314|
208|452|324|1|777|0|307|
208|374|216|1|466|0|309|
208|358|216|1|315|0|309|
208|305|108|1|282|0|307|
208|305|324|1|282|0|307|
208|499|324|1|636|0|309|
208|356|216|1|315|0|309|
208|356|216|1|315|0|309|
208|356|324|1|315|0|309|
208|356|216|1|315|0|309|
208|380|216|1|339|0|309|
208|360|324|1|316|0|309|
208|357|216|1|316|0|309|
208|305|216|1|282|0|307|
208|388|216|1|450|0|307|
208|440|324|1|436|0|311|
208|334|108|1|345|0|307|
208|389|216|1|345|0|309|
208|356|216|1|316|0|309|
208|388|216|1|344|0|309|
208|356|216|1|315|0|309|
208|414|432|1|409|0|309|
208|307|216|1|282|0|307|
208|425|216|1|528|0|309|
208|305|216|1|282|0|307|
208|457|324|1|613|0|309|
208|305|216|1|282|0|307|
208|436|324|1|568|0|293|
208|304|108|1|282|0|307|
208|381|216|1|400|0|307|
208|308|324|1|282|0|307|
208|357|324|1|317|0|309|
208|379|216|1|336|0|309|
208|356|324|1|315|0|309|
208|360|108|1|317|0|309|
208|389|216|1|578|0|307|
208|418|324|1|533|0|307|
208|443|324|1|754|0|307|
208|304|108|1|282|0|307|
208|538|324|1|833|0|306|
208|353|216|1|356|0|309|
208|374|216|1|370|0|307|
208|529|324|1|725|0|311|
208|407|216|1|437|0|311|
208|304|108|1|282|0|307|
208|516|216|1|806|0|307|
208|305|216|1|282|0|307|
208|360|216|1|316|0|309|
209|1056|648|1|807|0|521|
208|357|324|1|316|0|309|
208|305|108|1|282|0|307|
208|415|432|1|379|0|311|
208|378|324|1|421|0|307|
208|403|324|1|385|0|309|
208|330|216|1|309|0|307|
208|430|324|1|518|0|309|
208|360|216|1|421|0|307|
208|570|324|1|820|0|311|
208|357|216|1|316|0|309|
208|340|216|1|387|0|306|
208|305|216|1|282|0|307|
208|356|216|1|315|0|309|
208|356|324|1|315|0|309|
208|305|108|1|282|0|307|
208|305|108|1|282|0|307|
208|356|216|1|315|0|309|
208|356|216|1|315|0|309|
208|360|324|1|316|0|309|
208|305|108|1|282|0|307|
208|360|324|1|316|0|309|
208|384|216|1|340|0|309|
208|379|216|1|339|0|309|
208|453|324|1|638|0|307|
208|355|216|1|445|0|307|
208|464|324|1|544|0|309|
208|356|216|1|315|0|309|
208|357|216|1|316|0|309|
208|375|324|1|334|0|309|
208|305|324|1|282|0|307|
208|357|108|1|316|0|309|
208|305|216|1|282|0|307|
208|356|216|1|315|0|309|
208|357|324|1|316|0|309|
208|466|324|1|672|0|307|
208|471|216|1|464|0|311|
208|605|432|1|1041|0|309|
208|360|216|1|317|0|309|
208|360|216|1|317|0|309|
208|356|108|1|315|0|309|
208|304|324|1|282|0|307|
208|356|216|1|315|0|309|
208|359|324|1|316|0|309|
208|584|324|1|960|0|309|
208|513|432|1|878|0|309|
208|397|216|1|379|0|311|
208|347|216|1|416|0|307|
208|1282|972|1|889|0|330|
208|305|216|1|282|0|307|
208|474|324|1|489|0|311|
208|356|216|1|315|0|309|
208|305|216|1|282|0|307|
208|384|216|1|344|0|309|
208|356|324|1|315|0|309|
208|356|108|1|315|0|309|
208|356|324|1|315|0|309|
208|356|216|1|315|0|309|
208|305|216|1|282|0|307|
208|308|216|1|282|0|307|
208|475|216|1|558|0|309|
208|432|432|1|564|0|307|
208|308|216|1|282|0|307|
208|356|216|1|315|0|309|
208|492|324|1|740|0|307|
208|305|216|1|282|0|307|
208|356|108|1|315|0|309|
208|385|216|1|339|0|309|
208|356|216|1|315|0|309|
208|357|216|1|316|0|309|
208|357|216|1|316|0|309|
208|356|216|1|315|0|309|
208|356|216|1|315|0|309|
208|304|108|1|282|0|307|
208|360|216|1|317|0|309|
208|545|324|1|810|0|309|
208|362|108|1|520|0|307|
208|421|216|1|629|0|307|
208|359|216|1|315|0|309|
208|305|216|1|282|0|307|
208|360|324|1|317|0|309|
208|304|108|1|282|0|307|
208|360|216|1|317|0|309|
208|356|216|1|315|0|309|
208|304|216|1|282|0|307|
208|359|216|1|316|0|309|
208|385|324|1|341|0|309|
208|357|216|1|316|0|309|
208|357|216|1|316|0|309|
208|321|216|1|319|0|307|
208|305|324|1|295|0|307|
208|373|216|1|479|0|307|
208|305|216|1|282|0|310|
208|464|324|1|734|0|303|
208|369|216|1|366|0|307|
208|356|216|1|315|0|309|
208|538|324|1|868|0|309|
208|380|324|1|336|0|309|
208|360|216|1|317|0|309|
208|360|216|1|450|0|307|
208|357|324|1|316|0|309|
208|356|216|1|315|0|309|
208|308|324|1|282|0|307|
208|356|324|1|315|0|309|
208|341|108|1|344|0|307|
208|377|216|1|429|0|307|
208|373|216|1|427|0|307|
208|305|324|1|282|0|307|
208|365|216|1|445|0|307|
208|379|324|1|419|0|309|
208|360|324|1|317|0|309|
208|478|324|1|662|0|309|
208|356|216|1|315|0|309|
208|357|216|1|316|0|309|
208|356|108|1|315|0|309|
208|356|108|1|315|0|309|
208|357|216|1|316|0|309|
208|393|216|1|372|0|304|
208|360|324|1|317|0|309|
208|373|216|1|434|0|307|
208|335|216|1|327|0|307|
208|493|324|1|751|0|307|
208|310|108|1|317|0|307|
208|572|324|1|896|0|309|
208|403|324|1|447|0|307|
208|305|324|1|282|0|307|
208|305|324|1|282|0|307|
208|307|216|1|282|0|307|
208|308|108|1|282|0|307|
208|308|216|1|282|0|307|
208|307|324|1|282|0|307|
208|307|216|1|282|0|307|
208|307|108|1|282|0|307|
208|307|108|1|282|0|307|
208|307|108|1|282|0|307|
208|307|216|1|282|0|307|
208|307|324|1|282|0|307|
208|307|216|1|282|0|307|
208|307|108|1|282|0|307|
208|307|216|1|282|0|307|
208|304|324|1|282|0|307|
208|307|108|1|282|0|307|
208|308|108|1|282|0|307|
208|308|108|1|282|0|307|
208|308|108|1|282|0|307|
208|308|108|1|282|0|307|
208|308|324|1|282|0|307|
208|308|108|1|282|0|307|
208|305|108|1|282|0|307|
208|308|108|1|282|0|307|
208|305|216|1|282|0|307|
208|308|108|1|282|0|307|
208|356|216|1|315|0|309|
208|358|216|1|314|0|309|
208|305|108|1|282|0|307|
208|360|216|1|317|0|309|
208|360|324|1|316|0|309|
208|357|216|1|316|0|309|
208|360|324|1|316|0|309|
208|360|216|1|316|0|309|
208|356|216|1|315|0|309|
208|358|216|1|314|0|309|
208|307|216|1|282|0|307|
208|308|216|1|282|0|307|
208|308|324|1|282|0|307|
208|304|324|1|282|0|307|
208|307|108|1|282|0|307|
208|307|216|1|282|0|307|
208|308|108|1|282|0|307|
208|305|216|1|282|0|307|
208|308|108|1|282|0|307|
208|308|324|1|282|0|307|
208|308|108|1|282|0|307|
208|308|108|1|282|0|307|
208|308|108|1|282|0|307|
208|308|108|1|282|0|307|
208|308|108|1|282|0|307|
208|308|108|1|282|0|307|
208|308|108|1|282|0|307|
208|307|216|1|282|0|307|
208|304|108|1|282|0|307|
208|308|324|1|282|0|307|
208|308|324|1|282|0|307|
208|308|108|1|282|0|307|
208|308|216|1|282|0|307|
208|308|216|1|282|0|307|
208|308|108|1|282|0|307|
208|478|216|1|914|0|302|
208|305|216|1|282|0|307|
208|317|324|1|298|0|303|
208|305|216|1|282|0|307|
208|304|324|1|282|0|307|
208|305|216|1|282|0|307|
208|392|216|1|348|0|309|
208|305|108|1|282|0|307|
208|385|216|1|341|0|309|
208|305|216|1|282|0|307|
208|305|324|1|282|0|307|
208|356|108|1|315|0|309|
208|356|324|1|315|0|309|
208|359|216|1|315|0|309|
208|304|108|1|282|0|307|
208|305|108|1|282|0|307|
208|304|324|1|282|0|307|
208|304|216|1|282|0|307|
208|360|216|1|317|0|309|
208|304|108|1|282|0|307|
208|304|324|1|282|0|307|
208|305|216|1|282|0|307|
208|305|324|1|282|0|307|
208|305|324|1|282|0|307|
208|359|216|1|315|0|309|
208|360|108|1|317|0|309|
208|357|324|1|317|0|309|
208|304|216|1|282|0|307|
208|304|324|1|282|0|307|
208|360|216|1|317|0|309|
208|360|216|1|317|0|309|
208|304|108|1|282|0|307|
208|357|108|1|317|0|309|
208|304|108|1|282|0|307|
208|304|216|1|282|0|307|
208|304|324|1|282|0|307|
208|304|108|1|282|0|307|
208|304|108|1|282|0|307|
208|357|216|1|317|0|309|
208|356|108|1|315|0|309|
208|487|432|1|712|0|307|
208|381|324|1|354|0|309|
208|493|324|1|924|0|298|
208|509|324|1|868|0|309|
208|304|216|1|282|0|307|
208|304|216|1|282|0|307|
208|308|324|1|282|0|307|
208|308|324|1|282|0|307|
208|308|324|1|282|0|307|
208|308|324|1|282|0|307|
208|308|108|1|282|0|307|
208|308|216|1|282|0|307|
208|308|108|1|282|0|307|
208|308|324|1|282|0|307|
208|305|324|1|282|0|307|
208|308|108|1|282|0|307|
208|307|108|1|282|0|307|
208|305|108|1|282|0|307|
208|308|216|1|282|0|307|
208|308|108|1|282|0|307|
208|308|108|1|282|0|307|
208|308|324|1|282|0|307|
208|308|108|1|282|0|307|
208|308|324|1|282|0|307|
208|305|324|1|282|0|307|
208|308|108|1|282|0|307|
208|307|216|1|282|0|307|
208|308|108|1|282|0|307|
208|308|216|1|282|0|307|
208|308|108|1|282|0|307|
208|304|216|1|282|0|307|
208|307|108|1|282|0|307|
208|308|324|1|282|0|307|
208|308|216|1|282|0|307|
208|305|108|1|282|0|307|
208|308|108|1|282|0|307|
208|307|324|1|282|0|307|
208|305|216|1|282|0|307|
208|308|216|1|282|0|307|
208|308|216|1|282|0|307|
208|305|216|1|282|0|307|
208|308|216|1|282|0|307|
208|305|108|1|282|0|307|
208|308|324|1|282|0|307|
208|307|108|1|282|0|307|
208|307|324|1|282|0|307|
208|356|216|1|315|0|309|
208|356|324|1|315|0|309|
208|356|324|1|315|0|309|
208|356|216|1|315|0|309|
208|305|108|1|282|0|307|
208|356|324|1|315|0|309|
208|356|216|1|315|0|309|
208|304|108|1|282|0|307|
208|307|324|1|282|0|307|
208|356|324|1|315|0|309|
208|357|216|1|317|0|309|
208|360|216|1|317|0|309|
208|362|216|1|315|0|309|
208|305|108|1|282|0|307|
208|305|324|1|282|0|307|
208|305|216|1|282|0|307|
208|356|216|1|315|0|309|
208|305|216|1|282|0|307|
208|360|108|1|316|0|309|
208|304|108|1|282|0|307|
208|379|216|1|339|0|309|
208|358|216|1|315|0|309|
208|383|216|1|340|0|309|
208|304|108|1|282|0|307|
208|304|216|1|282|0|307|
208|307|108|1|282|0|307|
208|307|108|1|282|0|307|
208|307|108|1|282|0|307|
208|361|324|1|314|0|309|
208|360|324|1|316|0|309|
208|361|216|1|314|0|309|
208|361|108|1|315|0|309|
208|362|108|1|316|0|309|
208|381|324|1|335|0|309|
208|361|216|1|315|0|309|
208|307|324|1|282|0|307|
208|360|216|1|317|0|309|
208|304|108|1|282|0|307|
208|357|216|1|317|0|309|
208|387|216|1|344|0|309|
208|356|324|1|315|0|309|
208|388|324|1|344|0|309|
208|357|216|1|316|0|309|
208|360|108|1|316|0|309|
208|357|216|1|316|0|309|
208|307|324|1|282|0|307|
208|357|216|1|317|0|309|
208|304|324|1|282|0|307|
208|356|216|1|316|0|309|
208|373|216|1|431|0|307|
208|307|324|1|282|0|307|
208|359|216|1|315|0|309|
208|361|216|1|314|0|309|
208|361|216|1|315|0|309|
208|356|216|1|315|0|309|
208|305|324|1|282|0|307|
208|360|216|1|316|0|309|
208|357|324|1|316|0|309|
208|356|216|1|315|0|309|
208|356|216|1|315|0|309|
208|361|216|1|314|0|309|
208|361|108|1|314|0|309|
208|307|108|1|282|0|307|
208|358|324|1|315|0|309|
208|361|324|1|315|0|309|
208|358|216|1|314|0|309|
208|307|108|1|282|0|307|
208|358|324|1|314|0|309|
208|361|324|1|314|0|309|
208|361|108|1|314|0|309|
208|358|216|1|314|0|309|
208|358|324|1|314|0|309|
208|361|108|1|314|0|309|
208|361|324|1|314|0|309|
208|361|216|1|314|0|309|
208|308|324|1|282|0|307|
208|362|216|1|315|0|309|
208|361|324|1|314|0|309|
208|386|324|1|339|0|309|
208|361|216|1|314|0|309|
208|384|216|1|340|0|309|
208|308|216|1|282|0|307|
208|361|324|1|314|0|309|
208|383|216|1|339|0|309|
208|358|324|1|314|0|309|
208|361|108|1|314|0|309|
208|308|108|1|282|0|307|
208|386|324|1|339|0|309|
208|308|324|1|282|0|307|
208|384|324|1|340|0|309|
208|358|216|1|314|0|309|
208|362|324|1|315|0|309|
208|361|108|1|314|0|309|
208|361|216|1|314|0|309|
208|361|216|1|314|0|309|
208|361|108|1|314|0|309|
208|361|216|1|314|0|309|
208|308|324|1|282|0|307|
208|305|216|1|282|0|307|
208|361|216|1|314|0|309|
208|308|216|1|282|0|307|
208|362|216|1|315|0|309|
208|361|108|1|314|0|309|
208|534|324|1|608|0|311|
208|307|216|1|282|0|307|
208|356|216|1|315|0|309|
208|356|216|1|315|0|309|
208|359|108|1|315|0|309|
208|356|108|1|315|0|309|
208|360|324|1|316|0|309|
208|305|216|1|282|0|307|
208|360|216|1|317|0|309|
208|361|216|1|315|0|309|
208|361|216|1|315|0|309|
208|358|216|1|315|0|309|
208|307|108|1|282|0|307|
208|356|216|1|315|0|309|
208|360|324|1|316|0|309|
208|305|324|1|282|0|307|
208|308|108|1|282|0|307|
208|357|216|1|316|0|309|
208|356|216|1|315|0|309|
208|356|216|1|316|0|309|
208|362|324|1|316|0|309|
208|360|108|1|317|0|309|
208|307|108|1|282|0|307|
208|360|108|1|316|0|309|
208|356|324|1|315|0|309|
208|305|108|1|282|0|307|
208|356|216|1|315|0|309|
208|356|324|1|315|0|309|
208|356|216|1|315|0|309|
208|356|216|1|315|0|309|
208|356|324|1|315|0|309|
208|361|216|1|314|0|309|
208|307|108|1|282|0|307|
208|307|324|1|282|0|307|
208|377|216|1|334|0|309|
208|307|108|1|282|0|307|
208|356|216|1|315|0|309|
208|305|108|1|282|0|307|
208|305|216|1|282|0|307|
208|358|216|1|314|0|309|
208|305|108|1|282|0|307|
208|356|216|1|315|0|309|
208|356|216|1|315|0|309|
208|360|324|1|316|0|309|
208|308|108|1|282|0|307|
208|361|216|1|315|0|309|
208|361|216|1|314|0|309|
208|361|216|1|316|0|309|
208|359|324|1|315|0|309|
208|357|216|1|316|0|309|
208|361|216|1|314|0|309|
208|360|216|1|316|0|309|
208|356|108|1|315|0|309|
208|379|324|1|338|0|309|
208|305|216|1|282|0|307|
208|383|216|1|339|0|309|
208|305|216|1|282|0|307|
208|384|216|1|340|0|309|
208|356|216|1|315|0|309|
208|357|216|1|317|0|309|
208|304|216|1|282|0|307|
208|304|216|1|282|0|307|
208|361|216|1|315|0|309|
208|307|216|1|282|0|307|
208|360|108|1|317|0|309|
208|304|216|1|282|0|307|
208|357|324|1|317|0|309|
