INSTRUCTIONS_RETIRED|CYCLES|UNKNOWN|LD_BLOCKS.STORE_FORWARD|UOPS_EXECUTED.CORE|BR_MISP_RETIRED.ALL_BRANCHES|UOPS_RETIRED.ANY|
203|593|432|1|1128|0|304|
203|552|324|1|974|0|304|
203|595|540|1|1172|0|304|
203|467|432|1|558|0|306|
203|445|324|1|524|0|304|
203|462|216|1|624|0|304|
203|601|540|1|1122|0|304|
203|580|324|1|1020|0|304|
203|431|432|1|689|0|300|
203|346|216|1|410|0|298|
203|564|324|1|1087|0|304|
203|557|540|1|968|0|304|
203|436|324|1|478|0|304|
203|550|540|1|868|0|304|
203|421|432|1|592|0|302|
203|524|324|1|893|0|304|
203|355|216|1|310|0|304|
203|302|324|1|277|0|302|
203|537|540|1|826|0|304|
203|584|432|1|948|0|304|
203|300|216|1|277|0|302|
203|299|216|1|277|0|302|
203|353|216|1|309|0|304|
203|448|324|1|456|0|304|
203|542|432|1|703|0|306|
203|545|324|1|1100|0|299|
203|427|216|1|663|0|299|
203|511|432|1|789|0|307|
203|421|324|1|424|0|304|
203|427|216|1|511|0|301|
203|564|324|1|990|0|309|
203|571|324|1|1182|0|302|
203|457|432|1|590|0|306|
203|352|324|1|312|0|304|
203|357|324|1|310|0|304|
203|354|324|1|310|0|304|
203|353|324|1|310|0|304|
203|353|216|1|310|0|304|
203|353|216|1|309|0|304|
203|353|216|1|310|0|304|
203|353|432|1|310|0|304|
203|354|216|1|311|0|304|
203|353|216|1|310|0|304|
203|357|432|1|310|0|304|
203|354|216|1|310|0|304|
203|375|216|1|385|0|302|
203|357|216|1|310|0|304|
203|462|432|1|547|0|301|
203|353|432|1|309|0|304|
203|353|324|1|309|0|304|
203|547|324|1|1021|0|304|
203|351|216|1|310|0|304|
203|557|324|1|1036|0|304|
203|299|216|1|277|0|302|
203|494|432|1|935|0|302|
203|300|216|1|277|0|302|
203|399|216|1|381|0|304|
203|302|324|1|277|0|302|
203|491|432|1|938|0|300|
203|299|216|1|277|0|302|
203|490|324|1|825|0|302|
203|303|216|1|277|0|302|
203|496|324|1|942|0|302|
203|302|324|1|277|0|302|
203|501|432|1|913|0|302|
203|299|108|1|277|0|302|
203|497|324|1|942|0|302|
203|302|324|1|277|0|302|
203|498|324|1|937|0|302|
203|299|108|1|277|0|302|
203|490|432|1|933|0|302|
203|302|108|1|277|0|302|
203|514|432|1|1110|0|302|
203|300|324|1|277|0|302|
203|505|432|1|966|0|302|
203|302|324|1|277|0|302|
203|493|324|1|955|0|302|
203|353|324|1|310|0|304|
203|496|324|1|944|0|302|
203|303|216|1|277|0|302|
203|500|324|1|944|0|302|
203|302|324|1|277|0|302|
203|500|324|1|945|0|302|
203|351|216|1|311|0|304|
203|501|324|1|1067|0|305|
203|300|108|1|277|0|302|
203|489|324|1|1019|0|302|
203|302|216|1|277|0|302|
203|508|324|1|916|0|302|
203|299|324|1|277|0|302|
203|496|432|1|939|0|302|
203|353|216|1|309|0|304|
203|496|324|1|943|0|302|
203|302|324|1|277|0|302|
203|497|432|1|944|0|302|
203|303|216|1|277|0|302|
203|492|324|1|922|0|302|
203|302|324|1|277|0|302|
203|506|324|1|1049|0|302|
203|299|216|1|277|0|302|
203|495|324|1|944|0|302|
203|303|216|1|277|0|302|
203|504|540|1|919|0|302|
203|302|108|1|277|0|302|
203|497|324|1|934|0|302|
203|300|324|1|277|0|302|
203|344|216|1|368|0|302|
203|302|324|1|277|0|302|
203|497|324|1|951|0|302|
203|300|324|1|277|0|302|
203|496|432|1|944|0|302|
203|302|324|1|277|0|302|
203|496|324|1|936|0|302|
203|299|108|1|277|0|302|
203|495|432|1|939|0|302|
203|380|216|1|336|0|304|
203|493|324|1|921|0|302|
203|300|324|1|277|0|302|
203|299|216|1|277|0|302|
203|500|324|1|945|0|302|
203|300|216|1|277|0|302|
203|550|324|1|1026|0|304|
203|302|216|1|277|0|302|
203|496|324|1|928|0|302|
203|299|216|1|277|0|302|
203|492|432|1|950|0|302|
203|300|108|1|277|0|302|
203|303|108|1|277|0|302|
203|496|324|1|933|0|302|
203|352|216|1|312|0|304|
203|497|432|1|927|0|302|
203|302|324|1|277|0|302|
203|495|432|1|939|0|302|
203|302|324|1|277|0|302|
203|491|324|1|928|0|302|
203|302|324|1|277|0|302|
203|579|432|1|1045|0|304|
203|302|324|1|277|0|302|
203|498|432|1|943|0|302|
203|299|108|1|277|0|302|
203|495|324|1|928|0|302|
203|302|324|1|277|0|302|
203|502|432|1|947|0|302|
203|354|216|1|310|0|304|
203|499|432|1|996|0|301|
203|303|216|1|277|0|302|
203|299|324|1|277|0|302|
203|549|432|1|1012|0|304|
203|302|108|1|277|0|302|
203|553|324|1|1021|0|304|
203|300|324|1|277|0|302|
203|495|432|1|938|0|302|
203|302|216|1|277|0|302|
203|460|432|1|990|0|298|
203|302|324|1|277|0|302|
203|554|540|1|1033|0|304|
203|302|216|1|277|0|302|
203|503|432|1|1013|0|302|
203|302|324|1|277|0|302|
203|499|432|1|946|0|302|
203|353|216|1|310|0|304|
203|492|432|1|944|0|302|
203|299|108|1|277|0|302|
203|501|324|1|990|0|302|
203|303|108|1|277|0|302|
203|494|432|1|975|0|301|
203|299|216|1|277|0|302|
203|497|324|1|970|0|302|
203|302|216|1|277|0|302|
203|496|432|1|922|0|302|
203|299|324|1|277|0|302|
203|500|324|1|931|0|302|
203|302|324|1|277|0|302|
203|484|324|1|863|0|302|
203|437|432|1|534|0|302|
203|499|324|1|943|0|302|
203|302|216|1|277|0|302|
203|513|432|1|1103|0|302|
203|299|108|1|277|0|302|
203|499|432|1|933|0|302|
203|302|108|1|277|0|302|
203|487|432|1|870|0|302|
203|303|324|1|277|0|302|
203|574|324|1|1034|0|304|
203|302|108|1|277|0|302|
203|492|432|1|934|0|302|
203|302|324|1|277|0|302|
203|491|324|1|970|0|302|
203|302|108|1|277|0|302|
203|496|324|1|1015|0|302|
203|302|216|1|277|0|302|
203|496|324|1|953|0|302|
203|300|216|1|277|0|302|
203|456|324|1|541|0|301|
203|356|324|1|310|0|304|
203|500|324|1|945|0|302|
203|302|216|1|277|0|302|
203|466|324|1|691|0|302|
203|302|216|1|277|0|302|
203|343|216|1|344|0|304|
203|302|216|1|277|0|302|
203|498|324|1|1035|0|302|
203|303|324|1|277|0|302|
203|494|432|1|927|0|299|
203|302|216|1|277|0|302|
203|380|216|1|402|0|302|
203|302|324|1|277|0|302|
203|498|324|1|1047|0|302|
203|302|324|1|277|0|302|
203|499|432|1|923|0|302|
203|302|216|1|277|0|302|
203|493|432|1|922|0|302|
203|300|324|1|277|0|302|
203|497|324|1|937|0|302|
203|302|216|1|277|0|302|
203|370|216|1|468|0|300|
203|302|324|1|277|0|302|
203|375|216|1|510|0|302|
203|302|324|1|277|0|302|
203|498|324|1|951|0|302|
203|303|324|1|277|0|302|
203|395|432|1|460|0|304|
203|301|216|1|277|0|302|
203|500|432|1|1108|0|302|
203|302|108|1|277|0|302|
203|538|324|1|826|0|300|
203|302|324|1|277|0|302|
203|501|432|1|938|0|302|
203|302|108|1|277|0|302|
203|496|432|1|935|0|302|
203|302|216|1|277|0|302|
203|497|324|1|937|0|302|
203|302|216|1|277|0|302|
203|493|324|1|939|0|302|
203|302|324|1|277|0|302|
203|496|432|1|939|0|302|
203|302|324|1|277|0|302|
203|493|324|1|967|0|300|
203|303|216|1|277|0|302|
203|504|324|1|925|0|302|
203|299|108|1|277|0|302|
203|412|432|1|573|0|302|
203|299|108|1|277|0|302|
203|476|324|1|842|0|302|
203|302|216|1|277|0|302|
203|496|324|1|938|0|302|
203|302|324|1|277|0|302|
203|494|432|1|942|0|302|
203|299|216|1|277|0|302|
203|487|324|1|939|0|302|
203|300|216|1|277|0|302|
203|302|324|1|277|0|302|
203|495|432|1|929|0|302|
203|382|432|1|335|0|304|
203|469|324|1|696|0|300|
203|302|216|1|277|0|302|
203|300|216|1|277|0|302|
203|352|324|1|311|0|304|
203|351|324|1|310|0|304|
203|352|324|1|312|0|304|
203|300|216|1|277|0|302|
203|387|216|1|343|0|304|
203|354|216|1|310|0|304|
203|300|216|1|277|0|302|
203|351|324|1|310|0|304|
203|352|216|1|311|0|304|
203|351|324|1|310|0|304|
203|351|216|1|310|0|304|
203|351|216|1|310|0|304|
203|352|216|1|311|0|304|
203|300|216|1|277|0|302|
203|354|216|1|310|0|304|
203|354|216|1|310|0|304|
203|352|216|1|311|0|304|
203|300|216|1|277|0|302|
203|351|216|1|310|0|304|
203|352|324|1|311|0|304|
203|354|324|1|310|0|304|
203|352|216|1|312|0|304|
203|354|216|1|310|0|304|
203|352|216|1|312|0|304|
203|351|216|1|311|0|304|
203|351|216|1|310|0|304|
203|352|216|1|311|0|304|
203|352|324|1|311|0|304|
203|354|216|1|310|0|304|
203|352|324|1|311|0|304|
203|351|324|1|310|0|304|
203|300|216|1|277|0|302|
203|351|216|1|310|0|304|
203|300|216|1|277|0|302|
203|352|324|1|311|0|304|
203|352|216|1|311|0|304|
203|351|216|1|310|0|304|
203|351|216|1|310|0|304|
203|567|432|1|916|0|304|
203|579|432|1|973|0|305|
203|563|324|1|1022|0|304|
203|552|540|1|950|0|303|
203|501|324|1|830|0|304|
203|562|432|1|1050|0|304|
203|556|324|1|645|0|304|
203|393|324|1|342|0|304|
203|467|216|1|755|0|302|
203|491|432|1|904|0|302|
203|569|432|1|1068|0|304|
203|517|324|1|966|0|301|
203|535|432|1|952|0|302|
203|604|432|1|1168|0|304|
203|544|432|1|821|0|306|
203|530|324|1|1025|0|304|
203|507|432|1|1103|0|302|
203|554|432|1|958|0|301|
203|584|324|1|1086|0|304|
203|518|432|1|1041|0|302|
203|577|540|1|1080|0|304|
203|601|432|1|1214|0|303|
203|510|324|1|948|0|300|
203|535|324|1|1005|0|302|
203|399|216|1|436|0|302|
203|362|216|1|311|0|304|
203|498|324|1|595|0|302|
203|514|432|1|883|0|307|
203|579|432|1|1025|0|304|
203|418|432|1|581|0|302|
203|336|108|1|406|0|302|
203|489|324|1|863|0|302|
203|568|432|1|894|0|301|
203|366|324|1|346|0|304|
203|366|216|1|364|0|306|
203|535|324|1|905|0|304|
203|520|324|1|750|0|303|
203|434|324|1|488|0|304|
203|505|540|1|912|0|302|
203|565|324|1|961|0|304|
203|560|324|1|850|0|304|
203|442|216|1|558|0|304|
203|321|324|1|314|0|302|
203|554|324|1|986|0|304|
203|540|324|1|873|0|304|
203|571|324|1|945|0|295|
203|546|432|1|861|0|304|
203|412|216|1|469|0|304|
203|505|324|1|528|0|304|
203|300|108|1|277|0|302|
203|303|216|1|277|0|302|
203|303|216|1|277|0|302|
203|302|324|1|277|0|302|
203|302|324|1|277|0|302|
203|302|216|1|277|0|302|
203|302|216|1|277|0|302|
203|353|216|1|309|0|304|
203|303|216|1|277|0|302|
203|369|432|1|329|0|304|
203|303|324|1|277|0|302|
203|300|216|1|277|0|302|
203|303|324|1|277|0|302|
203|303|216|1|277|0|302|
203|303|324|1|277|0|302|
203|303|324|1|277|0|302|
203|303|216|1|277|0|302|
203|303|216|1|277|0|302|
203|303|324|1|277|0|302|
203|303|324|1|277|0|302|
203|303|108|1|277|0|302|
203|302|324|1|277|0|302|
203|358|324|1|410|0|301|
203|303|216|1|277|0|302|
203|302|324|1|277|0|302|
203|300|108|1|277|0|302|
203|303|324|1|277|0|302|
203|300|216|1|277|0|302|
203|302|108|1|277|0|302|
203|302|216|1|277|0|302|
203|303|108|1|277|0|302|
203|300|324|1|277|0|302|
203|303|108|1|277|0|302|
203|303|324|1|277|0|302|
203|299|216|1|277|0|302|
203|302|216|1|277|0|302|
203|302|108|1|277|0|302|
203|302|324|1|277|0|302|
203|302|216|1|277|0|302|
203|302|216|1|277|0|302|
203|299|108|1|277|0|302|
203|302|324|1|277|0|302|
203|303|216|1|277|0|302|
203|353|216|1|310|0|304|
203|351|324|1|310|0|304|
203|353|324|1|309|0|304|
203|352|216|1|311|0|304|
203|352|216|1|312|0|304|
203|353|216|1|309|0|304|
203|354|432|1|310|0|304|
203|353|216|1|310|0|304|
203|351|324|1|310|0|304|
203|352|216|1|312|0|304|
203|356|216|1|309|0|304|
203|352|216|1|312|0|304|
203|354|216|1|310|0|304|
203|354|216|1|310|0|304|
203|354|324|1|310|0|304|
203|300|108|1|277|0|302|
203|351|216|1|310|0|304|
203|351|216|1|310|0|304|
203|373|216|1|329|0|304|
203|300|216|1|277|0|302|
203|354|216|1|310|0|304|
203|352|216|1|311|0|304|
203|373|216|1|329|0|304|
203|352|432|1|312|0|304|
203|352|324|1|311|0|304|
203|354|216|1|310|0|304|
203|300|324|1|277|0|302|
203|302|324|1|277|0|302|
203|303|324|1|277|0|302|
203|303|216|1|277|0|302|
203|302|216|1|277|0|302|
203|354|216|1|310|0|304|
203|303|216|1|277|0|302|
203|300|108|1|277|0|302|
203|299|216|1|277|0|302|
203|299|216|1|277|0|302|
203|302|216|1|277|0|302|
203|302|324|1|277|0|302|
203|302|324|1|277|0|302|
203|302|216|1|277|0|302|
203|302|216|1|277|0|302|
203|302|216|1|277|0|302|
203|303|324|1|277|0|302|
203|299|216|1|277|0|302|
203|302|324|1|277|0|302|
203|302|324|1|277|0|302|
203|302|216|1|277|0|302|
203|353|216|1|310|0|304|
203|302|324|1|277|0|302|
203|302|108|1|277|0|302|
203|302|216|1|277|0|302|
203|303|108|1|277|0|302|
203|302|216|1|277|0|302|
203|299|216|1|277|0|302|
203|302|324|1|277|0|302|
203|303|216|1|277|0|302|
203|299|108|1|277|0|302|
203|302|108|1|277|0|302|
203|299|216|1|277|0|302|
203|302|324|1|277|0|302|
203|299|108|1|277|0|302|
203|302|216|1|277|0|302|
203|303|324|1|277|0|302|
203|303|324|1|277|0|302|
203|300|324|1|277|0|302|
203|303|324|1|277|0|302|
203|302|216|1|277|0|302|
203|300|216|1|277|0|302|
203|302|216|1|277|0|302|
203|302|216|1|277|0|302|
203|302|216|1|277|0|302|
203|302|324|1|277|0|302|
203|303|108|1|277|0|302|
203|302|108|1|277|0|302|
203|299|108|1|277|0|302|
203|302|108|1|277|0|302|
203|302|108|1|277|0|302|
203|302|216|1|277|0|302|
203|302|108|1|277|0|302|
203|302|324|1|277|0|302|
203|302|108|1|277|0|302|
203|303|108|1|277|0|302|
203|303|216|1|277|0|302|
203|299|216|1|277|0|302|
203|300|216|1|277|0|302|
203|303|216|1|277|0|302|
203|302|216|1|277|0|302|
203|302|216|1|277|0|302|
203|302|324|1|277|0|302|
203|302|216|1|277|0|302|
203|302|216|1|277|0|302|
203|302|108|1|277|0|302|
203|303|216|1|277|0|302|
203|354|324|1|311|0|304|
203|299|216|1|277|0|302|
203|303|324|1|277|0|302|
203|302|216|1|277|0|302|
203|302|216|1|277|0|302|
203|302|216|1|277|0|302|
203|302|216|1|277|0|302|
203|302|108|1|277|0|302|
203|302|324|1|277|0|302|
203|303|108|1|277|0|302|
203|303|324|1|277|0|302|
203|302|216|1|277|0|302|
203|302|324|1|277|0|302|
203|299|216|1|277|0|302|
203|302|216|1|277|0|302|
203|303|324|1|277|0|302|
203|300|108|1|277|0|302|
203|303|216|1|277|0|302|
203|302|216|1|277|0|302|
203|302|216|1|277|0|302|
203|303|324|1|277|0|302|
203|299|324|1|277|0|302|
203|302|108|1|277|0|302|
203|302|108|1|277|0|302|
203|302|216|1|277|0|302|
203|299|216|1|277|0|302|
203|302|216|1|277|0|302|
203|302|108|1|277|0|302|
203|302|324|1|277|0|302|
203|303|324|1|277|0|302|
203|302|216|1|277|0|302|
203|299|108|1|277|0|302|
203|302|216|1|277|0|302|
203|302|108|1|277|0|302|
203|299|108|1|277|0|302|
203|303|324|1|277|0|302|
203|302|324|1|277|0|302|
203|299|216|1|277|0|302|
203|302|108|1|277|0|302|
203|302|324|1|277|0|302|
203|303|216|1|277|0|302|
203|462|324|1|627|0|302|
203|303|216|1|277|0|302|
203|303|108|1|277|0|302|
203|302|216|1|277|0|302|
203|303|216|1|277|0|302|
203|303|216|1|277|0|302|
203|302|216|1|277|0|302|
203|302|108|1|277|0|302|
203|302|324|1|277|0|302|
203|302|108|1|277|0|302|
203|303|216|1|277|0|302|
203|299|216|1|277|0|302|
203|302|324|1|277|0|302|
203|302|108|1|277|0|302|
203|299|108|1|277|0|302|
203|302|324|1|277|0|302|
203|299|216|1|277|0|302|
203|302|216|1|277|0|302|
203|357|216|1|311|0|304|
203|299|216|1|277|0|302|
203|303|216|1|277|0|302|
203|303|216|1|277|0|302|
203|299|324|1|277|0|302|
203|302|108|1|277|0|302|
203|302|324|1|277|0|302|
203|303|216|1|277|0|302|
203|299|324|1|277|0|302|
203|302|216|1|277|0|302|
203|300|216|1|277|0|302|
203|303|216|1|277|0|302|
203|353|216|1|309|0|304|
203|302|324|1|277|0|302|
203|303|108|1|277|0|302|
203|303|324|1|277|0|302|
203|302|216|1|277|0|302|
203|302|216|1|277|0|302|
203|302|216|1|277|0|302|
203|302|324|1|277|0|302|
203|299|216|1|277|0|302|
203|302|324|1|277|0|302|
203|302|324|1|277|0|302|
203|303|108|1|277|0|302|
203|302|108|1|277|0|302|
203|302|324|1|277|0|302|
203|300|216|1|277|0|302|
203|302|108|1|277|0|302|
203|299|216|1|277|0|302|
203|303|216|1|277|0|302|
203|302|324|1|277|0|302|
203|302|108|1|277|0|302|
203|302|216|1|277|0|302|
203|303|216|1|277|0|302|
203|303|216|1|277|0|302|
203|302|108|1|277|0|302|
203|302|324|1|277|0|302|
203|299|108|1|277|0|302|
203|299|108|1|277|0|302|
203|302|216|1|277|0|302|
203|302|216|1|277|0|302|
203|302|216|1|277|0|302|
203|302|108|1|277|0|302|
203|303|216|1|277|0|302|
203|299|324|1|277|0|302|
203|299|216|1|277|0|302|
203|299|216|1|277|0|302|
203|302|216|1|277|0|302|
203|300|216|1|277|0|302|
203|302|108|1|277|0|302|
203|302|216|1|277|0|302|
203|302|324|1|277|0|302|
203|303|324|1|277|0|302|
203|303|108|1|277|0|302|
203|303|324|1|277|0|302|
203|299|324|1|277|0|302|
203|299|108|1|277|0|302|
203|299|216|1|277|0|302|
203|302|216|1|277|0|302|
203|354|216|1|310|0|304|
203|300|216|1|277|0|302|
203|299|324|1|277|0|302|
203|337|324|1|381|0|302|
203|302|324|1|277|0|302|
203|303|324|1|277|0|302|
203|300|324|1|277|0|302|
203|299|216|1|277|0|302|
203|302|216|1|277|0|302|
203|302|216|1|277|0|302|
203|302|324|1|277|0|302|
203|300|216|1|277|0|302|
203|357|216|1|311|0|304|
203|303|108|1|277|0|302|
203|302|216|1|277|0|302|
203|303|216|1|277|0|302|
203|302|216|1|277|0|302|
203|299|216|1|277|0|302|
203|302|216|1|277|0|302|
203|299|324|1|277|0|302|
203|302|108|1|277|0|302|
203|302|324|1|277|0|302|
203|302|324|1|277|0|302|
203|354|216|1|311|0|304|
203|303|216|1|277|0|302|
203|303|324|1|277|0|302|
203|300|216|1|277|0|302|
203|303|216|1|277|0|302|
203|357|216|1|310|0|304|
203|303|324|1|277|0|302|
203|303|324|1|277|0|302|
203|303|216|1|277|0|302|
203|303|216|1|277|0|302|
203|303|216|1|277|0|302|
203|303|216|1|277|0|302|
203|353|216|1|309|0|304|
203|303|108|1|277|0|302|
203|303|216|1|277|0|302|
203|300|216|1|277|0|302|
203|303|216|1|277|0|302|
203|303|108|1|277|0|302|
203|384|324|1|458|0|304|
203|303|108|1|277|0|302|
203|303|216|1|277|0|302|
203|358|216|1|310|0|304|
203|353|432|1|309|0|304|
203|353|216|1|309|0|304|
203|354|216|1|310|0|304|
203|353|216|1|309|0|304|
203|353|216|1|310|0|304|
203|352|324|1|312|0|304|
203|353|216|1|309|0|304|
203|353|216|1|310|0|304|
203|353|216|1|310|0|304|
203|353|216|1|309|0|304|
203|372|216|1|328|0|304|
203|353|216|1|309|0|304|
203|353|216|1|309|0|304|
203|353|324|1|310|0|304|
203|353|432|1|310|0|304|
203|353|216|1|310|0|304|
203|380|432|1|336|0|304|
203|370|216|1|326|0|304|
203|382|432|1|335|0|304|
203|354|432|1|310|0|304|
203|353|324|1|310|0|304|
203|354|216|1|311|0|304|
203|381|324|1|335|0|304|
203|377|216|1|331|0|304|
203|353|216|1|310|0|304|
203|382|216|1|335|0|304|
203|353|216|1|309|0|304|
203|378|216|1|332|0|304|
203|353|216|1|309|0|304|
203|353|432|1|309|0|304|
203|353|324|1|310|0|304|
203|353|216|1|310|0|304|
203|353|216|1|310|0|304|
203|353|216|1|310|0|304|
203|353|216|1|310|0|304|
203|300|216|1|277|0|302|
203|352|216|1|311|0|304|
203|351|216|1|310|0|304|
203|354|324|1|310|0|304|
203|351|216|1|310|0|304|
203|354|216|1|310|0|304|
203|300|216|1|277|0|302|
203|300|108|1|277|0|302|
203|352|216|1|311|0|304|
203|595|432|1|1357|0|301|
203|433|216|1|376|0|304|
203|517|324|1|891|0|304|
203|355|324|1|311|0|304|
203|384|432|1|343|0|304|
203|351|324|1|310|0|304|
203|351|216|1|310|0|304|
203|352|216|1|311|0|304|
203|351|216|1|310|0|304|
203|351|432|1|310|0|304|
203|300|216|1|277|0|302|
203|352|216|1|312|0|304|
203|352|216|1|312|0|304|
203|354|216|1|311|0|304|
203|353|216|1|310|0|304|
203|352|432|1|312|0|304|
203|299|216|1|277|0|302|
203|352|324|1|312|0|304|
203|352|324|1|312|0|304|
203|352|324|1|312|0|304|
203|353|216|1|310|0|304|
203|352|216|1|312|0|304|
203|299|216|1|277|0|302|
203|352|216|1|312|0|304|
203|299|108|1|277|0|302|
203|352|216|1|312|0|304|
203|352|216|1|312|0|304|
203|299|108|1|277|0|302|
203|354|324|1|310|0|304|
203|354|324|1|310|0|304|
203|351|324|1|310|0|304|
203|351|324|1|310|0|304|
203|353|324|1|309|0|304|
203|352|324|1|312|0|304|
203|351|216|1|310|0|304|
203|300|324|1|277|0|302|
203|352|324|1|312|0|304|
203|351|216|1|310|0|304|
203|352|216|1|312|0|304|
203|302|324|1|277|0|302|
203|302|216|1|277|0|302|
203|437|432|1|688|0|302|
203|302|216|1|277|0|302|
203|302|216|1|277|0|302|
203|303|216|1|277|0|302|
203|303|324|1|277|0|302|
203|303|216|1|277|0|302|
203|303|324|1|277|0|302|
203|303|108|1|277|0|302|
203|303|324|1|277|0|302|
203|303|324|1|277|0|302|
203|300|216|1|277|0|302|
203|303|216|1|277|0|302|
203|303|216|1|277|0|302|
203|302|324|1|277|0|302|
203|303|216|1|277|0|302|
203|303|108|1|277|0|302|
203|303|216|1|277|0|302|
203|303|216|1|277|0|302|
203|303|324|1|277|0|302|
203|303|108|1|277|0|302|
203|357|216|1|311|0|304|
203|299|216|1|277|0|302|
203|303|324|1|277|0|302|
203|303|216|1|277|0|302|
203|303|216|1|277|0|302|
203|356|324|1|309|0|304|
203|303|216|1|277|0|302|
203|303|216|1|277|0|302|
203|303|108|1|277|0|302|
203|303|216|1|277|0|302|
203|303|216|1|277|0|302|
203|303|216|1|277|0|302|
203|353|432|1|310|0|304|
203|353|324|1|310|0|304|
203|353|216|1|310|0|304|
203|303|216|1|277|0|302|
203|303|324|1|277|0|302|
203|353|432|1|309|0|304|
203|303|108|1|277|0|302|
203|303|324|1|277|0|302|
203|303|324|1|277|0|302|
203|303|108|1|277|0|302|
203|303|324|1|277|0|302|
203|354|216|1|310|0|304|
203|303|216|1|277|0|302|
203|302|108|1|277|0|302|
203|303|216|1|277|0|302|
203|303|216|1|277|0|302|
203|303|324|1|277|0|302|
203|356|216|1|309|0|304|
203|356|216|1|309|0|304|
203|353|216|1|309|0|304|
203|303|324|1|277|0|302|
203|303|216|1|277|0|302|
203|303|324|1|277|0|302|
203|303|216|1|277|0|302|
203|303|324|1|277|0|302|
203|303|108|1|277|0|302|
203|303|216|1|277|0|302|
203|303|324|1|277|0|302|
203|303|216|1|277|0|302|
203|303|216|1|277|0|302|
203|303|324|1|277|0|302|
203|303|216|1|277|0|302|
203|303|216|1|277|0|302|
203|303|216|1|277|0|302|
203|303|216|1|277|0|302|
203|303|324|1|277|0|302|
203|303|108|1|277|0|302|
203|303|216|1|277|0|302|
203|302|324|1|277|0|302|
203|303|108|1|277|0|302|
203|303|216|1|277|0|302|
203|303|324|1|277|0|302|
203|303|324|1|277|0|302|
203|303|324|1|277|0|302|
203|303|108|1|277|0|302|
203|303|108|1|277|0|302|
203|303|216|1|277|0|302|
203|303|216|1|277|0|302|
203|303|216|1|277|0|302|
203|352|324|1|311|0|304|
203|303|216|1|277|0|302|
203|303|216|1|277|0|302|
203|441|432|1|630|0|300|
203|302|324|1|277|0|302|
203|303|216|1|277|0|302|
203|303|216|1|277|0|302|
203|303|216|1|277|0|302|
203|303|324|1|277|0|302|
203|303|216|1|277|0|302|
203|303|324|1|277|0|302|
203|303|324|1|277|0|302|
203|303|216|1|277|0|302|
203|303|324|1|277|0|302|
203|303|324|1|277|0|302|
203|303|216|1|277|0|302|
203|303|216|1|277|0|302|
203|303|216|1|277|0|302|
203|303|216|1|277|0|302|
203|303|324|1|277|0|302|
203|356|216|1|309|0|304|
203|303|324|1|277|0|302|
203|357|216|1|310|0|304|
203|303|216|1|277|0|302|
203|303|324|1|277|0|302|
203|300|108|1|277|0|302|
203|303|324|1|277|0|302|
203|302|108|1|277|0|302|
203|303|216|1|277|0|302|
203|303|216|1|277|0|302|
203|303|108|1|277|0|302|
203|300|324|1|277|0|302|
203|303|216|1|277|0|302|
203|303|216|1|277|0|302|
203|357|216|1|310|0|304|
203|303|108|1|277|0|302|
203|303|216|1|277|0|302|
203|352|324|1|312|0|304|
203|353|216|1|310|0|304|
203|303|108|1|277|0|302|
203|303|216|1|277|0|302|
203|303|216|1|277|0|302|
203|303|108|1|277|0|302|
203|303|108|1|277|0|302|
203|303|108|1|277|0|302|
203|303|108|1|277|0|302|
203|300|216|1|277|0|302|
203|302|324|1|277|0|302|
203|303|324|1|277|0|302|
203|354|324|1|310|0|304|
203|353|216|1|309|0|304|
203|303|216|1|277|0|302|
203|300|216|1|277|0|302|
203|303|216|1|277|0|302|
203|303|216|1|277|0|302|
203|303|216|1|277|0|302|
203|303|216|1|277|0|302|
203|303|216|1|277|0|302|
203|303|324|1|277|0|302|
203|303|108|1|277|0|302|
203|303|324|1|277|0|302|
203|299|216|1|277|0|302|
203|303|324|1|277|0|302|
203|303|108|1|277|0|302|
203|300|216|1|277|0|302|
203|303|216|1|277|0|302|
203|303|216|1|277|0|302|
203|300|108|1|277|0|302|
203|302|108|1|277|0|302|
203|303|108|1|277|0|302|
203|303|108|1|277|0|302|
203|303|324|1|277|0|302|
203|302|216|1|277|0|302|
203|299|324|1|277|0|302|
203|303|216|1|277|0|302|
203|303|324|1|277|0|302|
203|300|324|1|277|0|302|
203|303|108|1|277|0|302|
203|300|108|1|277|0|302|
203|303|216|1|277|0|302|
203|303|324|1|277|0|302|
203|303|108|1|277|0|302|
203|303|216|1|277|0|302|
203|303|324|1|277|0|302|
203|303|216|1|277|0|302|
203|303|216|1|277|0|302|
203|300|324|1|277|0|302|
203|303|108|1|277|0|302|
203|303|324|1|277|0|302|
203|303|108|1|277|0|302|
203|303|324|1|277|0|302|
203|303|324|1|277|0|302|
203|303|324|1|277|0|302|
203|303|324|1|277|0|302|
203|300|216|1|277|0|302|
203|300|324|1|277|0|302|
203|303|324|1|277|0|302|
203|303|324|1|277|0|302|
203|302|108|1|277|0|302|
203|302|216|1|277|0|302|
203|303|216|1|277|0|302|
203|303|216|1|277|0|302|
203|303|216|1|277|0|302|
203|303|324|1|277|0|302|
203|303|108|1|277|0|302|
203|303|324|1|277|0|302|
203|303|216|1|277|0|302|
203|300|216|1|277|0|302|
203|303|216|1|277|0|302|
203|300|324|1|277|0|302|
203|303|216|1|277|0|302|
203|300|324|1|277|0|302|
203|303|108|1|277|0|302|
203|303|324|1|277|0|302|
203|303|216|1|277|0|302|
203|303|324|1|277|0|302|
203|303|108|1|277|0|302|
203|303|216|1|277|0|302|
203|303|216|1|277|0|302|
203|303|108|1|277|0|302|
203|300|216|1|277|0|302|
203|302|324|1|277|0|302|
203|303|108|1|277|0|302|
203|303|216|1|277|0|302|
203|303|324|1|277|0|302|
203|303|216|1|277|0|302|
203|300|324|1|277|0|302|
203|303|216|1|277|0|302|
203|303|108|1|277|0|302|
203|303|108|1|277|0|302|
203|303|216|1|277|0|302|
203|302|216|1|277|0|302|
203|302|216|1|277|0|302|
203|302|216|1|277|0|302|
203|303|216|1|277|0|302|
203|300|216|1|277|0|302|
203|303|216|1|277|0|302|
203|300|324|1|277|0|302|
203|303|324|1|277|0|302|
203|300|216|1|277|0|302|
203|303|324|1|277|0|302|
203|303|216|1|277|0|302|
203|300|216|1|277|0|302|
203|303|216|1|277|0|302|
203|353|216|1|309|0|304|
203|302|216|1|277|0|302|
203|353|216|1|310|0|304|
203|303|216|1|277|0|302|
203|374|216|1|327|0|304|
203|354|324|1|310|0|304|
203|303|216|1|277|0|302|
203|300|324|1|277|0|302|
203|300|108|1|277|0|302|
203|352|216|1|312|0|304|
203|300|108|1|277|0|302|
203|300|216|1|277|0|302|
203|300|108|1|277|0|302|
203|299|324|1|277|0|302|
203|299|216|1|277|0|302|
203|300|108|1|277|0|302|
203|300|324|1|277|0|302|
203|300|108|1|277|0|302|
203|300|216|1|277|0|302|
203|300|216|1|277|0|302|
203|378|216|1|334|0|304|
203|300|324|1|277|0|302|
203|300|216|1|277|0|302|
203|300|108|1|277|0|302|
203|299|216|1|277|0|302|
203|300|324|1|277|0|302|
203|300|108|1|277|0|302|
203|300|108|1|277|0|302|
203|303|216|1|277|0|302|
203|300|324|1|277|0|302|
203|303|216|1|277|0|302|
203|303|216|1|277|0|302|
203|300|216|1|277|0|302|
203|303|108|1|277|0|302|
203|387|216|1|340|0|304|
203|303|108|1|277|0|302|
203|300|324|1|277|0|302|
203|300|108|1|277|0|302|
203|303|108|1|277|0|302|
203|302|216|1|277|0|302|
203|300|216|1|277|0|302|
203|303|108|1|277|0|302|
203|300|216|1|277|0|302|
203|300|324|1|277|0|302|
203|300|216|1|277|0|302|
203|300|216|1|277|0|302|
203|300|324|1|277|0|302|
