INSTRUCTIONS_RETIRED|CYCLES|UNKNOWN|LD_BLOCKS.STORE_FORWARD|UOPS_EXECUTED.CORE|BR_MISP_RETIRED.ALL_BRANCHES|UOPS_RETIRED.ANY|
145|263|108|1|219|1|244|
145|439|324|1|479|1|248|
145|445|324|1|664|1|248|
145|314|324|1|252|1|246|
145|262|108|1|219|1|244|
145|334|324|1|297|1|246|
145|424|324|1|427|1|246|
145|242|108|1|219|0|244|
145|242|216|1|219|0|244|
145|263|216|1|219|1|244|
145|244|216|1|219|0|244|
145|245|108|1|219|0|244|
145|244|216|1|219|0|244|
145|295|216|1|251|0|246|
145|245|216|1|219|0|244|
145|242|216|1|219|0|244|
145|243|108|1|219|0|244|
145|242|108|1|219|0|244|
145|245|216|1|219|0|244|
145|245|108|1|219|0|244|
145|245|108|1|219|0|244|
145|245|108|1|219|0|244|
145|244|108|1|219|0|244|
145|246|108|1|219|0|244|
145|245|216|1|219|0|244|
145|242|108|1|219|0|244|
145|242|108|1|219|0|244|
145|245|108|1|219|0|244|
145|242|108|1|219|0|244|
145|245|108|1|219|0|244|
145|242|108|1|219|0|244|
145|242|108|1|219|0|244|
145|245|108|1|219|0|244|
145|244|216|1|219|0|244|
145|244|216|1|219|0|244|
145|242|108|1|219|0|244|
145|245|108|1|219|0|244|
145|245|216|1|219|0|244|
145|242|216|1|219|0|244|
145|245|108|1|219|0|244|
145|245|108|1|219|0|244|
145|245|108|1|219|0|244|
145|259|108|1|292|0|242|
145|245|108|1|219|0|244|
145|245|216|1|219|0|244|
145|245|108|1|219|0|244|
145|245|216|1|219|0|244|
145|242|216|1|219|0|244|
145|245|108|1|219|0|244|
145|245|216|1|219|0|244|
145|245|108|1|219|0|244|
145|245|216|1|219|0|244|
145|242|216|1|219|0|244|
145|244|216|1|219|0|244|
145|263|216|1|252|1|244|
145|321|216|1|327|1|244|
145|265|216|1|222|1|242|
145|241|108|1|219|0|244|
145|241|216|1|219|0|244|
145|241|108|1|219|0|244|
145|241|108|1|219|0|244|
145|241|216|1|219|0|244|
145|241|216|1|219|0|244|
145|241|216|1|219|0|244|
145|241|108|1|219|0|244|
145|241|216|1|219|0|244|
145|241|216|1|219|0|244|
145|241|108|1|219|0|244|
145|241|216|1|219|0|244|
145|242|108|1|219|0|244|
145|245|108|1|219|0|244|
145|245|324|1|219|0|244|
145|245|108|1|219|0|244|
145|245|108|1|219|0|244|
145|242|108|1|219|0|244|
145|242|108|1|219|0|244|
145|244|216|1|219|0|244|
145|244|108|1|219|0|244|
145|294|108|1|254|0|246|
145|244|108|1|219|0|244|
145|245|108|1|219|0|244|
145|295|324|1|252|0|246|
145|299|108|1|253|0|246|
145|298|108|1|252|0|246|
145|244|216|1|219|0|244|
145|245|216|1|219|0|244|
145|245|108|1|219|0|244|
145|245|108|1|219|0|244|
145|245|216|1|219|0|244|
145|245|108|1|219|0|244|
145|245|108|1|219|0|244|
145|296|324|1|252|0|246|
145|295|216|1|251|0|246|
145|245|216|1|219|0|244|
145|242|108|1|219|0|244|
145|245|108|1|219|0|244|
145|245|108|1|219|0|244|
145|242|108|1|219|0|244|
145|245|216|1|219|0|244|
145|245|216|1|219|0|244|
145|295|216|1|339|1|244|
145|430|324|1|523|0|246|
145|244|108|1|219|0|244|
145|244|216|1|219|0|244|
145|298|216|1|251|0|246|
145|298|216|1|252|0|246|
145|298|324|1|251|0|246|
145|245|216|1|219|0|244|
145|245|216|1|219|0|244|
145|298|216|1|251|0|246|
145|245|216|1|219|0|244|
145|246|108|1|219|0|244|
145|245|108|1|219|0|244|
145|242|216|1|219|0|244|
145|242|108|1|219|0|244|
145|244|216|1|219|0|244|
145|245|216|1|219|0|244|
145|298|324|1|251|0|246|
145|245|108|1|219|0|244|
145|245|216|1|219|0|244|
145|245|108|1|219|0|244|
145|245|108|1|219|0|244|
145|245|324|1|219|0|244|
145|245|216|1|219|0|244|
145|244|216|1|219|0|244|
145|245|108|1|219|0|244|
145|245|216|1|219|0|244|
145|242|216|1|219|0|244|
145|245|108|1|219|0|244|
145|245|216|1|219|0|244|
145|245|108|1|219|0|244|
145|245|216|1|219|0|244|
145|245|216|1|219|0|244|
145|245|216|1|219|0|244|
145|245|108|1|219|0|244|
145|245|108|1|219|0|244|
145|245|216|1|219|0|244|
145|298|216|1|251|0|246|
145|242|216|1|219|0|244|
145|245|216|1|219|0|244|
145|242|108|1|219|0|244|
145|245|216|1|219|0|244|
145|245|108|1|219|0|244|
145|245|108|1|219|0|244|
145|245|216|1|219|0|244|
145|245|108|1|219|0|244|
145|245|108|1|219|0|244|
145|242|216|1|219|0|244|
145|245|216|1|219|0|244|
145|245|216|1|219|0|244|
145|245|216|1|219|0|244|
145|245|108|1|219|0|244|
145|293|324|1|252|0|246|
145|298|108|1|252|0|246|
145|242|108|1|219|0|244|
145|245|108|1|219|0|244|
145|245|108|1|219|0|244|
145|245|108|1|219|0|244|
145|245|108|1|219|0|244|
145|244|324|1|219|0|244|
145|274|216|1|239|1|244|
145|332|216|1|336|1|244|
145|469|324|1|968|1|246|
145|263|216|1|219|1|244|
145|245|216|1|219|0|244|
145|265|216|1|219|1|244|
145|245|216|1|219|0|244|
145|245|108|1|219|0|244|
145|245|108|1|219|0|244|
145|245|216|1|219|0|244|
145|245|216|1|219|0|244|
145|245|108|1|219|0|244|
145|245|108|1|219|0|244|
145|245|216|1|219|0|244|
145|245|108|1|219|0|244|
145|245|216|1|219|0|244|
145|242|108|1|219|0|244|
145|241|108|1|219|0|244|
145|245|108|1|219|0|244|
145|242|216|1|219|0|244|
145|245|216|1|219|0|244|
145|245|216|1|219|0|244|
145|242|216|1|219|0|244|
145|245|108|1|219|0|244|
145|242|216|1|219|0|244|
145|245|216|1|219|0|244|
145|244|216|1|219|0|244|
145|241|216|1|219|0|244|
145|245|108|1|219|0|244|
145|245|108|1|219|0|244|
145|245|216|1|219|0|244|
145|245|216|1|219|0|244|
145|245|216|1|219|0|244|
145|245|108|1|219|0|244|
145|244|216|1|219|0|244|
145|282|216|1|295|0|243|
145|317|216|1|303|0|244|
145|244|108|1|219|0|244|
145|295|324|1|251|0|246|
145|242|216|1|219|0|244|
145|241|216|1|219|0|244|
145|244|324|1|219|0|244|
145|244|108|1|219|0|244|
145|323|324|1|372|0|244|
145|244|108|1|219|0|244|
145|245|108|1|219|0|244|
145|245|108|1|219|0|244|
145|245|108|1|219|0|244|
145|245|216|1|219|0|244|
145|245|108|1|219|0|244|
145|244|216|1|219|0|244|
145|244|216|1|219|0|244|
145|244|216|1|219|0|244|
145|245|216|1|219|0|244|
145|245|216|1|219|0|244|
145|245|108|1|219|0|244|
145|243|216|1|219|0|244|
145|245|108|1|219|0|244|
145|245|108|1|219|0|244|
145|245|216|1|219|0|244|
145|245|108|1|219|0|244|
145|246|108|1|219|0|244|
145|245|216|1|219|0|244|
145|245|108|1|219|0|244|
145|245|216|1|219|0|244|
145|244|216|1|219|0|244|
145|245|216|1|219|0|244|
145|245|216|1|219|0|244|
145|245|216|1|219|0|244|
145|245|216|1|219|0|244|
145|245|108|1|219|0|244|
145|245|216|1|219|0|244|
145|245|216|1|219|0|244|
145|245|108|1|219|0|244|
145|242|108|1|219|0|244|
145|245|216|1|219|0|244|
145|244|216|1|219|0|244|
145|245|216|1|219|0|244|
145|245|108|1|219|0|244|
145|245|216|1|219|0|244|
145|245|216|1|219|0|244|
145|245|216|1|219|0|244|
145|245|216|1|219|0|244|
145|242|216|1|219|0|244|
145|242|108|1|219|0|244|
145|245|108|1|219|0|244|
145|241|216|1|219|0|244|
145|298|108|1|252|0|246|
145|244|216|1|219|0|244|
145|242|216|1|219|0|244|
145|242|216|1|219|0|244|
145|245|108|1|219|0|244|
145|245|216|1|219|0|244|
145|245|108|1|219|0|244|
145|244|216|1|219|0|244|
145|245|216|1|219|0|244|
145|245|108|1|219|0|244|
145|245|216|1|219|0|244|
145|296|216|1|252|0|246|
145|245|216|1|219|0|244|
145|245|108|1|219|0|244|
145|245|216|1|219|0|244|
145|245|108|1|219|0|244|
145|245|108|1|219|0|244|
145|245|108|1|219|0|244|
145|245|216|1|219|0|244|
145|245|324|1|219|0|244|
145|245|216|1|219|0|244|
145|245|216|1|219|0|244|
145|245|108|1|219|0|244|
145|241|216|1|219|0|244|
145|241|216|1|219|0|244|
145|244|216|1|219|0|244|
145|245|108|1|219|0|244|
145|245|108|1|219|0|244|
145|245|108|1|219|0|244|
145|245|216|1|219|0|244|
145|242|216|1|219|0|244|
145|242|108|1|219|0|244|
145|245|108|1|219|0|244|
145|245|108|1|219|0|244|
145|245|108|1|219|0|244|
145|244|108|1|219|0|244|
145|245|216|1|219|0|244|
145|245|108|1|219|0|244|
145|245|216|1|219|0|244|
145|245|324|1|219|0|244|
145|245|216|1|219|0|244|
145|242|108|1|219|0|244|
145|242|216|1|219|0|244|
145|245|216|1|219|0|244|
145|245|108|1|219|0|244|
145|245|216|1|219|0|244|
145|244|216|1|219|0|244|
145|241|216|1|219|0|244|
145|245|108|1|219|0|244|
145|245|324|1|219|0|244|
145|245|108|1|219|0|244|
145|245|324|1|219|0|244|
145|245|216|1|219|0|244|
145|246|216|1|219|0|244|
145|245|108|1|219|0|244|
145|245|216|1|219|0|244|
145|245|108|1|219|0|244|
145|242|216|1|219|0|244|
145|244|216|1|219|0|244|
145|293|324|1|252|0|246|
145|244|108|1|219|0|244|
145|291|216|1|312|0|244|
145|242|216|1|219|0|244|
145|245|108|1|219|0|244|
145|242|324|1|219|0|244|
145|245|108|1|219|0|244|
145|242|108|1|219|0|244|
145|245|108|1|219|0|244|
145|245|324|1|219|0|244|
145|245|108|1|219|0|244|
145|310|216|1|269|0|246|
145|245|216|1|219|0|244|
145|245|216|1|219|0|244|
145|245|216|1|219|0|244|
145|243|216|1|219|0|244|
145|244|216|1|219|0|244|
145|242|108|1|219|0|244|
145|245|216|1|219|0|244|
145|245|216|1|219|0|244|
145|245|216|1|219|0|244|
145|245|216|1|219|0|244|
145|244|108|1|219|0|244|
145|241|216|1|219|0|244|
145|244|216|1|219|0|244|
145|244|324|1|219|0|244|
145|245|108|1|219|0|244|
145|245|324|1|219|0|244|
145|245|324|1|219|0|244|
145|245|324|1|219|0|244|
145|245|108|1|219|0|244|
145|242|108|1|219|0|244|
145|242|108|1|219|0|244|
145|244|216|1|219|0|244|
145|241|216|1|219|0|244|
145|245|108|1|219|0|244|
145|245|108|1|219|0|244|
145|245|108|1|219|0|244|
145|245|216|1|219|0|244|
145|245|108|1|219|0|244|
145|245|108|1|219|0|244|
145|245|324|1|219|0|244|
145|242|108|1|219|0|244|
145|245|108|1|219|0|244|
145|242|108|1|219|0|244|
145|245|108|1|219|0|244|
145|244|324|1|219|0|244|
145|245|324|1|219|0|244|
145|245|216|1|219|0|244|
145|245|216|1|219|0|244|
145|245|216|1|219|0|244|
145|245|216|1|219|0|244|
145|245|108|1|219|0|244|
145|403|432|1|671|0|246|
145|364|216|1|404|0|246|
145|428|432|1|713|0|246|
145|296|108|1|252|0|246|
145|242|108|1|219|0|244|
145|296|216|1|252|0|246|
145|296|216|1|252|0|246|
145|296|108|1|252|0|246|
145|296|108|1|252|0|246|
145|320|324|1|276|0|246|
145|242|216|1|219|0|244|
145|296|216|1|252|0|246|
145|293|216|1|252|0|246|
145|242|216|1|219|0|244|
145|297|108|1|253|0|246|
145|296|216|1|252|0|246|
145|242|108|1|219|0|244|
145|296|324|1|252|0|246|
145|294|324|1|253|0|246|
145|296|108|1|252|0|246|
145|296|108|1|252|0|246|
145|294|108|1|253|0|246|
145|296|324|1|252|0|246|
145|296|108|1|252|0|246|
145|241|216|1|219|0|244|
145|242|108|1|219|0|244|
145|297|108|1|254|0|246|
145|297|216|1|254|0|246|
145|242|216|1|219|0|244|
145|297|216|1|253|0|246|
145|296|108|1|252|0|246|
145|293|216|1|252|0|246|
145|296|108|1|252|0|246|
145|296|216|1|253|0|246|
145|296|324|1|253|0|246|
145|241|108|1|219|0|244|
145|241|216|1|219|0|244|
145|241|216|1|219|0|244|
145|294|216|1|254|0|246|
145|294|216|1|254|0|246|
145|296|216|1|252|0|246|
145|296|216|1|252|0|246|
145|296|216|1|252|0|246|
145|296|324|1|252|0|246|
145|241|108|1|219|0|244|
145|297|216|1|253|0|246|
145|294|216|1|254|0|246|
145|241|108|1|219|0|244|
145|296|108|1|253|0|246|
145|296|216|1|253|0|246|
145|297|216|1|254|0|246|
145|297|108|1|254|0|246|
145|241|108|1|219|0|244|
145|298|216|1|251|0|246|
145|296|216|1|252|0|246|
145|241|108|1|219|0|244|
145|297|216|1|254|0|246|
145|315|324|1|275|0|246|
145|297|324|1|254|0|246|
145|342|216|1|588|0|242|
145|283|324|1|353|0|244|
145|263|324|1|256|0|244|
145|340|216|1|316|0|246|
145|242|216|1|219|0|244|
145|297|108|1|253|0|246|
145|242|216|1|219|0|244|
145|241|216|1|219|0|244|
145|241|216|1|219|0|244|
145|241|216|1|219|0|244|
145|332|216|1|499|0|244|
145|242|108|1|219|0|244|
145|241|108|1|219|0|244|
145|298|324|1|252|0|246|
145|297|324|1|254|0|246|
145|298|216|1|252|0|246|
145|298|216|1|252|0|246|
145|293|324|1|252|0|246|
145|241|108|1|219|0|244|
145|242|216|1|219|0|244|
145|296|108|1|252|0|246|
145|242|108|1|219|0|244|
145|242|108|1|219|0|244|
145|297|108|1|253|0|246|
145|241|216|1|219|0|244|
145|241|216|1|219|0|244|
145|297|324|1|254|0|246|
145|241|216|1|219|0|244|
145|296|216|1|253|0|246|
145|297|216|1|254|0|246|
145|241|108|1|219|0|244|
145|296|108|1|253|0|246|
145|241|108|1|219|0|244|
145|241|324|1|219|0|244|
145|241|216|1|219|0|244|
145|241|324|1|219|0|244|
145|297|324|1|254|0|246|
145|297|324|1|254|0|246|
145|241|108|1|219|0|244|
145|296|216|1|253|0|246|
145|297|324|1|254|0|246|
145|241|324|1|219|0|244|
145|297|108|1|254|0|246|
145|241|324|1|219|0|244|
145|241|324|1|219|0|244|
145|241|108|1|219|0|244|
145|294|216|1|254|0|246|
145|241|108|1|219|0|244|
145|297|324|1|254|0|246|
145|297|324|1|254|0|246|
145|293|216|1|253|0|246|
145|241|108|1|219|0|244|
145|297|324|1|254|0|246|
145|241|108|1|219|0|244|
145|241|324|1|219|0|244|
145|296|216|1|252|0|246|
145|242|216|1|219|0|244|
145|241|108|1|219|0|244|
145|303|216|1|311|0|244|
145|396|324|1|697|0|246|
145|340|216|1|309|0|243|
145|369|324|1|705|0|244|
145|350|216|1|362|0|246|
145|245|108|1|219|0|244|
145|244|216|1|219|0|244|
145|241|108|1|219|0|244|
145|241|216|1|219|0|244|
145|242|108|1|219|0|244|
145|241|108|1|219|0|244|
145|241|216|1|219|0|244|
145|242|108|1|219|0|244|
145|241|108|1|219|0|244|
145|241|108|1|219|0|244|
145|241|216|1|219|0|244|
145|241|108|1|219|0|244|
145|242|108|1|219|0|244|
145|241|108|1|219|0|244|
145|241|108|1|219|0|244|
145|244|108|1|219|0|244|
145|245|108|1|219|0|244|
145|245|108|1|219|0|244|
145|245|216|1|219|0|244|
145|242|216|1|219|0|244|
145|242|216|1|219|0|244|
145|245|216|1|219|0|244|
145|244|216|1|219|0|244|
145|245|216|1|219|0|244|
145|245|216|1|219|0|244|
145|244|216|1|219|0|244|
145|241|216|1|219|0|244|
145|244|108|1|219|0|244|
145|245|108|1|219|0|244|
145|245|108|1|219|0|244|
145|245|108|1|219|0|244|
145|245|108|1|219|0|244|
145|245|108|1|219|0|244|
145|244|216|1|219|0|244|
145|245|216|1|219|0|244|
145|245|324|1|219|0|244|
145|242|216|1|219|0|244|
145|241|108|1|219|0|244|
145|244|324|1|219|0|244|
145|245|108|1|219|0|244|
145|244|108|1|219|0|244|
145|245|324|1|219|0|244|
145|245|216|1|219|0|244|
145|245|216|1|219|0|244|
145|244|216|1|219|0|244|
145|243|108|1|219|0|244|
145|245|108|1|219|0|244|
145|245|108|1|219|0|244|
145|245|108|1|219|0|244|
145|245|216|1|219|0|244|
145|244|108|1|219|0|244|
145|266|216|1|240|0|244|
145|277|216|1|262|0|244|
145|453|432|1|829|0|246|
145|424|216|1|682|0|246|
145|405|216|1|526|0|246|
145|242|108|1|219|0|244|
145|245|216|1|219|0|244|
145|245|216|1|219|0|244|
145|245|108|1|219|0|244|
145|245|108|1|219|0|244|
145|245|108|1|219|0|244|
145|244|108|1|219|0|244|
145|244|216|1|219|0|244|
145|243|216|1|219|0|244|
145|245|216|1|219|0|244|
145|242|216|1|219|0|244|
145|241|108|1|219|0|244|
145|245|108|1|219|0|244|
145|244|108|1|219|0|244|
145|245|108|1|219|0|244|
145|245|216|1|219|0|244|
145|245|216|1|219|0|244|
145|244|108|1|219|0|244|
145|241|324|1|219|0|244|
145|245|324|1|219|0|244|
145|245|108|1|219|0|244|
145|245|216|1|219|0|244|
145|245|324|1|219|0|244|
145|241|324|1|219|0|244|
145|245|324|1|219|0|244|
145|245|324|1|219|0|244|
145|245|324|1|219|0|244|
145|245|108|1|219|0|244|
145|245|108|1|219|0|244|
145|244|324|1|219|0|244|
145|241|324|1|219|0|244|
145|244|108|1|219|0|244|
145|242|108|1|219|0|244|
145|245|324|1|219|0|244|
145|244|108|1|219|0|244|
145|245|108|1|219|0|244|
145|244|324|1|219|0|244|
145|245|108|1|219|0|244|
145|241|108|1|219|0|244|
145|245|108|1|219|0|244|
145|245|108|1|219|0|244|
145|245|108|1|219|0|244|
145|241|108|1|219|0|244|
145|245|108|1|219|0|244|
145|245|108|1|219|0|244|
145|245|108|1|219|0|244|
145|245|108|1|219|0|244|
145|244|108|1|219|0|244|
145|245|108|1|219|0|244|
145|242|108|1|219|0|244|
145|245|108|1|219|0|244|
145|242|216|1|219|0|244|
145|245|108|1|219|0|244|
145|244|216|1|219|0|244|
145|244|108|1|219|0|244|
145|242|216|1|219|0|244|
145|245|108|1|219|0|244|
145|245|108|1|219|0|244|
145|242|108|1|219|0|244|
145|245|108|1|219|0|244|
145|244|216|1|219|0|244|
145|242|216|1|219|0|244|
145|244|216|1|219|0|244|
145|245|216|1|219|0|244|
145|244|108|1|219|0|244|
145|246|216|1|219|0|244|
145|241|108|1|219|0|244|
145|242|108|1|219|0|244|
145|245|216|1|219|0|244|
145|245|108|1|219|0|244|
145|244|108|1|219|0|244|
145|245|108|1|219|0|244|
145|242|324|1|219|0|244|
145|245|108|1|219|0|244|
145|245|108|1|219|0|244|
145|245|216|1|219|0|244|
145|244|108|1|219|0|244|
145|244|324|1|219|0|244|
145|244|108|1|219|0|244|
145|245|108|1|219|0|244|
145|244|324|1|219|0|244|
145|245|108|1|219|0|244|
145|245|324|1|219|0|244|
145|242|108|1|219|0|244|
145|244|108|1|219|0|244|
145|245|108|1|219|0|244|
145|245|108|1|219|0|244|
145|245|216|1|219|0|244|
145|245|324|1|219|0|244|
145|246|108|1|219|0|244|
145|245|324|1|219|0|244|
145|245|324|1|219|0|244|
145|245|108|1|219|0|244|
145|245|108|1|219|0|244|
145|242|108|1|219|0|244|
145|245|324|1|219|0|244|
145|245|324|1|219|0|244|
145|244|324|1|219|0|244|
145|242|324|1|219|0|244|
145|245|108|1|219|0|244|
145|241|324|1|219|0|244|
145|244|108|1|219|0|244|
145|245|324|1|219|0|244|
145|245|108|1|219|0|244|
145|242|108|1|219|0|244|
145|296|216|1|252|0|246|
145|245|216|1|219|0|244|
145|263|216|1|219|1|244|
145|245|216|1|219|0|244|
145|242|216|1|219|0|244|
145|245|216|1|219|0|244|
145|244|108|1|219|0|244|
145|241|216|1|219|0|244|
145|244|216|1|219|0|244|
145|242|216|1|219|0|244|
145|245|108|1|219|0|244|
145|245|108|1|219|0|244|
145|242|108|1|219|0|244|
145|241|108|1|219|0|244|
145|245|216|1|219|0|244|
145|244|216|1|219|0|244|
145|242|216|1|219|0|244|
145|245|216|1|219|0|244|
145|244|216|1|219|0|244|
145|244|216|1|219|0|244|
145|242|216|1|219|0|244|
145|245|108|1|219|0|244|
145|245|108|1|219|0|244|
145|245|108|1|219|0|244|
145|244|324|1|219|0|244|
145|245|108|1|219|0|244|
145|245|324|1|219|0|244|
145|245|216|1|219|0|244|
145|245|216|1|219|0|244|
145|245|108|1|219|0|244|
145|242|216|1|219|0|244|
145|245|216|1|219|0|244|
145|245|216|1|219|0|244|
145|245|216|1|219|0|244|
145|245|216|1|219|0|244|
145|245|216|1|219|0|244|
145|244|108|1|219|0|244|
145|245|108|1|219|0|244|
145|244|108|1|219|0|244|
145|242|216|1|219|0|244|
145|245|108|1|219|0|244|
145|244|216|1|219|0|244|
145|242|108|1|219|0|244|
145|245|108|1|219|0|244|
145|245|324|1|219|0|244|
145|245|324|1|219|0|244|
145|245|324|1|219|0|244|
145|244|108|1|219|0|244|
145|245|108|1|219|0|244|
145|245|324|1|219|0|244|
145|245|324|1|219|0|244|
145|241|324|1|219|0|244|
145|245|324|1|219|0|244|
145|245|216|1|219|0|244|
145|242|108|1|219|0|244|
145|245|324|1|219|0|244|
145|245|108|1|219|0|244|
145|245|216|1|219|0|244|
145|242|108|1|219|0|244|
145|245|216|1|219|0|244|
145|241|108|1|219|0|244|
145|245|108|1|219|0|244|
145|244|216|1|219|0|244|
145|244|108|1|219|0|244|
145|245|324|1|219|0|244|
145|245|216|1|219|0|244|
145|245|108|1|219|0|244|
145|245|216|1|219|0|244|
145|244|108|1|219|0|244|
145|245|108|1|219|0|244|
145|244|108|1|219|0|244|
145|245|108|1|219|0|244|
145|245|324|1|219|0|244|
145|244|324|1|219|0|244|
145|244|324|1|219|0|244|
145|244|324|1|219|0|244|
145|245|108|1|219|0|244|
145|245|108|1|219|0|244|
145|245|108|1|219|0|244|
145|242|108|1|219|0|244|
145|245|324|1|219|0|244|
145|245|216|1|219|0|244|
145|245|324|1|219|0|244|
145|245|108|1|219|0|244|
145|245|108|1|219|0|244|
145|245|216|1|219|0|244|
145|242|216|1|219|0|244|
145|242|216|1|219|0|244|
145|245|216|1|219|0|244|
145|245|216|1|219|0|244|
145|245|324|1|219|0|244|
145|244|108|1|219|0|244|
145|245|216|1|219|0|244|
145|245|108|1|219|0|244|
145|242|216|1|219|0|244|
145|245|216|1|219|0|244|
145|245|108|1|219|0|244|
145|244|216|1|219|0|244|
145|244|108|1|219|0|244|
145|245|216|1|219|0|244|
145|245|108|1|219|0|244|
145|245|108|1|219|0|244|
145|245|108|1|219|0|244|
145|245|216|1|219|0|244|
145|245|216|1|219|0|244|
145|242|216|1|219|0|244|
145|263|216|1|219|1|244|
145|297|216|1|253|0|246|
145|298|216|1|252|0|246|
145|295|216|1|252|0|246|
145|293|324|1|252|0|246|
145|298|216|1|252|0|246|
145|298|108|1|252|0|246|
145|298|108|1|252|0|246|
145|244|216|1|219|0|244|
145|242|108|1|219|0|244|
145|245|216|1|219|0|244|
145|242|108|1|219|0|244|
145|245|108|1|219|0|244|
145|245|216|1|219|0|244|
145|245|216|1|219|0|244|
145|244|216|1|219|0|244|
145|298|216|1|252|0|246|
145|244|216|1|219|0|244|
145|245|108|1|219|0|244|
145|244|216|1|219|0|244|
145|245|216|1|219|0|244|
145|245|108|1|219|0|244|
145|245|108|1|219|0|244|
145|244|108|1|219|0|244|
145|245|324|1|219|0|244|
145|245|108|1|219|0|244|
145|245|108|1|219|0|244|
145|244|108|1|219|0|244|
145|244|108|1|219|0|244|
145|245|108|1|219|0|244|
145|245|108|1|219|0|244|
145|245|324|1|219|0|244|
145|244|108|1|219|0|244|
145|245|216|1|219|0|244|
145|244|108|1|219|0|244|
145|245|108|1|219|0|244|
145|245|108|1|219|0|244|
145|245|108|1|219|0|244|
145|245|108|1|219|0|244|
145|244|324|1|219|0|244|
145|241|216|1|219|0|244|
145|245|108|1|219|0|244|
145|245|108|1|219|0|244|
145|245|108|1|219|0|244|
145|245|108|1|219|0|244|
145|243|324|1|219|0|244|
145|245|108|1|219|0|244|
145|244|108|1|219|0|244|
145|245|324|1|219|0|244|
145|245|108|1|219|0|244|
145|245|216|1|219|0|244|
145|245|324|1|219|0|244|
145|245|108|1|219|0|244|
145|242|324|1|219|0|244|
145|244|324|1|219|0|244|
145|245|108|1|219|0|244|
145|245|324|1|219|0|244|
145|245|108|1|219|0|244|
145|242|216|1|219|0|244|
145|315|324|1|400|0|244|
145|354|432|1|629|0|242|
145|461|216|1|830|1|246|
145|314|324|1|252|1|246|
145|266|216|1|270|0|244|
145|244|108|1|219|0|244|
145|244|216|1|219|0|244|
145|262|108|1|219|1|244|
145|266|324|1|219|1|244|
145|304|108|1|343|1|244|
145|264|324|1|219|1|244|
145|244|108|1|219|0|244|
145|358|216|1|429|1|244|
145|244|108|1|219|0|244|
145|403|324|1|723|1|244|
145|263|216|1|219|1|244|
145|325|216|1|319|1|248|
145|265|216|1|219|1|244|
145|383|216|1|495|1|244|
145|263|324|1|219|1|244|
145|245|108|1|219|0|244|
145|416|216|1|735|1|242|
145|244|108|1|219|0|244|
145|330|324|1|387|1|244|
145|263|216|1|219|1|244|
145|381|432|1|713|0|244|
145|242|108|1|219|0|244|
145|245|108|1|219|0|244|
145|404|216|1|740|1|244|
145|265|108|1|219|1|244|
145|405|324|1|829|1|242|
145|265|108|1|219|1|244|
145|407|324|1|746|1|244|
145|265|216|1|219|1|244|
145|281|216|1|286|0|244|
145|262|108|1|219|1|244|
145|318|324|1|254|1|246|
145|463|324|1|829|1|246|
145|265|108|1|219|1|244|
145|401|324|1|969|1|242|
145|264|324|1|219|1|244|
145|408|432|1|750|1|244|
145|318|216|1|252|1|246|
145|407|216|1|730|1|244|
145|264|216|1|219|1|244|
145|318|216|1|251|1|246|
145|412|216|1|394|1|246|
145|350|216|1|285|1|246|
145|491|324|1|885|1|246|
145|244|108|1|219|0|244|
145|316|216|1|252|1|246|
145|462|216|1|835|1|246|
145|242|324|1|219|0|244|
145|444|324|1|901|1|242|
145|318|216|1|252|1|246|
145|318|216|1|252|1|246|
145|469|216|1|865|0|246|
145|318|216|1|252|1|246|
145|293|216|1|252|0|246|
145|479|324|1|692|1|244|
145|298|216|1|251|0|246|
145|399|216|1|458|1|246|
145|318|216|1|251|1|246|
145|365|216|1|382|1|242|
145|314|108|1|252|1|246|
145|314|108|1|252|1|246|
145|314|324|1|252|1|246|
145|316|324|1|272|0|246|
145|318|216|1|253|1|246|
145|317|324|1|252|1|246|
145|297|324|1|253|0|246|
145|318|108|1|253|1|246|
145|317|324|1|252|1|246|
145|297|324|1|253|0|246|
145|318|108|1|254|1|246|
145|318|324|1|254|1|246|
145|296|216|1|253|0|246|
145|317|216|1|252|1|246|
145|317|324|1|252|1|246|
145|297|216|1|254|0|246|
145|318|216|1|253|1|246|
145|318|324|1|253|1|246|
145|296|216|1|252|0|246|
145|317|216|1|252|1|246|
145|263|324|1|219|1|244|
145|296|108|1|252|0|246|
145|317|324|1|252|1|246|
145|318|216|1|253|1|246|
145|296|216|1|252|0|246|
145|317|108|1|252|1|246|
145|298|108|1|251|0|246|
145|296|324|1|252|0|246|
145|297|216|1|254|0|246|
145|317|216|1|252|1|246|
145|297|108|1|253|0|246|
145|317|324|1|252|1|246|
145|318|216|1|253|1|246|
145|296|108|1|252|0|246|
145|294|108|1|254|0|246|
145|263|324|1|219|1|244|
145|446|324|1|512|1|246|
145|375|216|1|436|1|244|
145|384|324|1|570|1|246|
145|245|216|1|219|0|244|
145|242|108|1|219|0|244|
145|296|324|1|252|0|246|
145|297|216|1|254|0|246|
145|297|108|1|254|0|246|
145|294|216|1|254|0|246|
145|244|108|1|219|0|244|
145|297|216|1|254|0|246|
145|241|216|1|219|0|244|
145|297|108|1|254|0|246|
145|296|108|1|253|0|246|
145|318|216|1|253|1|246|
145|318|324|1|253|1|246|
145|296|216|1|252|0|246|
145|318|216|1|253|1|246|
145|318|108|1|254|1|246|
145|241|324|1|219|0|244|
145|293|108|1|252|0|246|
145|296|216|1|252|0|246|
145|296|324|1|252|0|246|
145|297|108|1|254|0|246|
145|297|216|1|254|0|246|
145|297|108|1|254|0|246|
145|297|108|1|254|0|246|
145|297|324|1|254|0|246|
145|297|324|1|254|0|246|
145|296|108|1|253|0|246|
145|297|216|1|254|0|246|
145|241|216|1|219|0|244|
145|297|324|1|254|0|246|
145|297|216|1|254|0|246|
145|297|108|1|254|0|246|
145|318|324|1|254|1|246|
145|262|108|1|219|1|244|
145|318|324|1|252|1|246|
145|358|324|1|293|1|246|
145|314|108|1|252|1|246|
145|318|108|1|251|1|246|
145|298|216|1|252|0|246|
145|298|216|1|252|0|246|
145|296|324|1|253|0|246|
145|314|216|1|268|0|246|
145|298|108|1|252|0|246|
145|298|216|1|252|0|246|
145|299|324|1|253|0|246|
145|298|324|1|252|0|246|
145|298|216|1|252|0|246|
145|314|216|1|252|1|246|
145|318|324|1|251|1|246|
145|318|324|1|251|1|246|
145|318|216|1|251|1|246|
145|316|216|1|252|1|246|
145|318|216|1|251|1|246|
145|318|216|1|251|1|246|
145|317|108|1|252|1|246|
145|316|216|1|252|1|246|
145|315|324|1|251|1|246|
145|299|216|1|252|0|246|
145|318|108|1|251|1|246|
145|318|324|1|251|1|246|
145|318|324|1|251|1|246|
145|318|324|1|253|1|246|
145|318|324|1|251|1|246|
145|316|108|1|252|1|246|
145|319|324|1|252|1|246|
145|318|324|1|251|1|246|
145|315|108|1|251|1|246|
145|318|108|1|251|1|246|
145|318|216|1|251|1|246|
145|317|324|1|252|1|246|
145|318|108|1|251|1|246|
145|244|216|1|219|0|244|
145|318|216|1|251|1|246|
145|318|216|1|251|1|246|
145|318|324|1|251|1|246|
145|318|324|1|251|1|246|
145|318|108|1|251|1|246|
145|317|216|1|252|1|246|
145|318|216|1|251|1|246|
145|319|108|1|252|1|246|
145|318|108|1|251|1|246|
145|298|108|1|252|0|246|
145|314|216|1|252|1|246|
145|319|108|1|252|1|246|
145|318|108|1|251|1|246|
145|298|324|1|251|0|246|
145|318|216|1|251|1|246|
145|318|324|1|251|1|246|
145|315|324|1|251|1|246|
145|318|108|1|251|1|246|
