INSTRUCTIONS_RETIRED|CYCLES|UNKNOWN|LD_BLOCKS.STORE_FORWARD|UOPS_EXECUTED.CORE|BR_MISP_RETIRED.ALL_BRANCHES|UOPS_RETIRED.ANY|
167|315|216|1|274|0|268|
167|315|216|1|274|0|268|
167|315|216|1|274|0|268|
167|264|216|1|241|0|266|
167|318|108|1|273|0|268|
167|305|108|1|344|0|266|
167|361|324|1|308|0|270|
167|318|216|1|274|0|268|
167|318|216|1|274|0|268|
167|264|216|1|241|0|266|
167|318|324|1|274|0|268|
167|318|324|1|274|0|268|
167|315|216|1|274|0|268|
167|319|216|1|275|0|268|
167|318|108|1|273|0|268|
167|318|108|1|273|0|268|
167|316|324|1|275|0|268|
167|315|216|1|274|0|268|
167|318|108|1|273|0|268|
167|315|324|1|274|0|268|
167|318|216|1|273|0|268|
167|318|108|1|273|0|268|
167|318|216|1|273|0|268|
167|318|216|1|274|0|268|
167|321|216|1|273|0|268|
167|315|216|1|274|0|268|
167|315|216|1|274|0|268|
167|318|216|1|274|0|268|
167|267|108|1|241|0|266|
167|319|216|1|275|0|268|
167|318|216|1|273|0|268|
167|264|216|1|241|0|266|
167|318|216|1|273|0|268|
167|264|216|1|241|0|266|
167|318|216|1|274|0|268|
167|318|216|1|273|0|268|
167|319|216|1|275|0|268|
167|321|216|1|273|0|268|
167|315|324|1|274|0|268|
167|321|216|1|273|0|268|
167|321|216|1|274|0|268|
167|315|216|1|274|0|268|
167|318|108|1|273|0|268|
167|318|216|1|274|0|268|
167|318|216|1|274|0|268|
167|315|216|1|274|0|268|
167|316|216|1|275|0|268|
167|319|324|1|275|0|268|
167|318|216|1|273|0|268|
167|316|324|1|275|0|268|
167|264|216|1|241|0|266|
167|315|216|1|274|0|268|
167|318|216|1|274|0|268|
167|267|216|1|241|0|266|
167|504|324|1|1065|0|268|
167|319|108|1|275|0|268|
167|315|324|1|274|0|268|
167|319|108|1|275|0|268|
167|318|324|1|273|0|268|
167|315|216|1|274|0|268|
167|316|216|1|275|0|268|
167|315|108|1|274|0|268|
167|316|216|1|275|0|268|
167|319|216|1|275|0|268|
167|315|216|1|274|0|268|
167|315|216|1|274|0|268|
167|321|216|1|274|0|268|
167|319|216|1|275|0|268|
167|322|216|1|274|0|268|
167|315|216|1|274|0|268|
167|318|324|1|274|0|268|
167|321|216|1|273|0|268|
167|318|108|1|273|0|268|
167|316|216|1|275|0|268|
167|318|216|1|274|0|268|
167|315|216|1|274|0|268|
167|318|216|1|273|0|268|
167|315|216|1|274|0|268|
167|315|216|1|274|0|268|
167|393|324|1|391|0|266|
167|348|216|1|304|0|268|
167|318|216|1|274|0|268|
167|264|216|1|241|0|266|
167|316|216|1|276|0|268|
167|318|216|1|274|0|268|
167|316|216|1|275|0|268|
167|318|108|1|273|0|268|
167|316|216|1|275|0|268|
167|319|108|1|275|0|268|
167|318|108|1|274|0|268|
167|267|108|1|241|0|266|
167|318|216|1|273|0|268|
167|315|216|1|274|0|268|
167|264|216|1|241|0|266|
167|351|108|1|310|0|268|
167|268|216|1|241|0|266|
167|267|216|1|241|0|266|
167|339|108|1|298|0|268|
167|318|324|1|273|0|268|
167|264|108|1|241|0|266|
167|264|216|1|241|0|266|
167|315|216|1|274|0|268|
167|319|216|1|275|0|268|
167|316|216|1|275|0|268|
167|316|216|1|275|0|268|
167|332|324|1|291|0|268|
167|319|216|1|275|0|268|
167|321|108|1|273|0|268|
167|267|216|1|241|0|266|
167|318|216|1|274|0|268|
167|318|108|1|274|0|268|
167|316|324|1|275|0|268|
167|264|216|1|241|0|266|
167|268|216|1|241|0|266|
167|316|324|1|275|0|268|
167|315|324|1|274|0|268|
167|318|216|1|274|0|268|
167|267|216|1|241|0|266|
167|318|216|1|274|0|268|
167|319|324|1|275|0|268|
167|348|216|1|291|0|268|
167|365|216|1|408|0|268|
167|268|324|1|241|0|266|
167|267|108|1|241|0|266|
167|268|216|1|241|0|266|
167|268|216|1|241|0|266|
167|268|216|1|241|0|266|
167|268|108|1|241|0|266|
167|268|216|1|241|0|266|
167|268|216|1|241|0|266|
167|264|216|1|241|0|266|
167|268|108|1|241|0|266|
167|264|216|1|241|0|266|
167|264|108|1|241|0|266|
167|268|108|1|241|0|266|
167|268|324|1|241|0|266|
167|268|324|1|241|0|266|
167|268|108|1|241|0|266|
167|264|108|1|241|0|266|
167|268|108|1|241|0|266|
167|268|108|1|241|0|266|
167|268|108|1|241|0|266|
167|268|108|1|241|0|266|
167|268|108|1|241|0|266|
167|267|108|1|241|0|266|
167|267|216|1|241|0|266|
167|268|216|1|241|0|266|
167|268|108|1|241|0|266|
167|267|216|1|241|0|266|
167|268|216|1|241|0|266|
167|268|216|1|241|0|266|
167|268|216|1|241|0|266|
167|268|108|1|241|0|266|
167|268|216|1|241|0|266|
167|264|216|1|241|0|266|
167|268|216|1|241|0|266|
167|267|216|1|241|0|266|
167|263|108|1|241|0|266|
167|268|108|1|241|0|266|
167|268|324|1|241|0|266|
167|268|216|1|241|0|266|
167|268|216|1|241|0|266|
167|268|216|1|241|0|266|
167|268|108|1|241|0|266|
167|268|216|1|241|0|266|
167|268|216|1|241|0|266|
167|264|108|1|241|0|266|
167|264|216|1|241|0|266|
167|268|216|1|241|0|266|
167|268|216|1|241|0|266|
167|264|216|1|241|0|266|
167|268|216|1|241|0|266|
167|264|108|1|241|0|266|
167|267|108|1|241|0|266|
167|268|108|1|241|0|266|
167|268|324|1|241|0|266|
167|268|324|1|241|0|266|
167|268|108|1|241|0|266|
167|268|324|1|241|0|266|
167|268|324|1|241|0|266|
167|268|108|1|241|0|266|
167|318|216|1|273|0|268|
167|268|108|1|241|0|266|
167|264|108|1|241|0|266|
167|268|324|1|241|0|266|
167|268|216|1|241|0|266|
167|268|216|1|241|0|266|
167|268|108|1|241|0|266|
167|268|216|1|241|0|266|
167|267|216|1|241|0|266|
167|268|216|1|241|0|266|
167|268|216|1|241|0|266|
167|268|108|1|241|0|266|
167|268|216|1|241|0|266|
167|267|216|1|241|0|266|
167|268|108|1|241|0|266|
167|268|216|1|241|0|266|
167|268|108|1|241|0|266|
167|267|108|1|241|0|266|
167|264|324|1|241|0|266|
167|268|324|1|241|0|266|
167|268|108|1|241|0|266|
167|268|216|1|241|0|266|
167|268|216|1|241|0|266|
167|264|324|1|241|0|266|
167|267|108|1|241|0|266|
167|267|216|1|241|0|266|
167|264|216|1|241|0|266|
167|268|216|1|241|0|266|
167|268|108|1|241|0|266|
167|318|216|1|274|0|268|
167|268|216|1|241|0|266|
167|264|216|1|241|0|266|
167|268|216|1|241|0|266|
167|268|216|1|241|0|266|
167|268|216|1|241|0|266|
167|268|216|1|241|0|266|
167|267|216|1|241|0|266|
167|268|108|1|241|0|266|
167|264|108|1|241|0|266|
167|268|216|1|241|0|266|
167|309|216|1|380|0|269|
167|268|324|1|241|0|266|
167|268|216|1|241|0|266|
167|268|216|1|241|0|266|
167|268|216|1|241|0|266|
167|314|216|1|353|0|266|
167|264|216|1|241|0|266|
167|267|216|1|241|0|266|
167|267|216|1|241|0|266|
167|263|108|1|241|0|266|
167|321|216|1|274|0|268|
167|267|216|1|241|0|266|
167|315|108|1|275|0|268|
167|263|216|1|241|0|266|
167|344|216|1|431|0|266|
167|515|324|1|957|0|268|
167|263|216|1|241|0|266|
167|268|216|1|241|0|266|
167|268|216|1|241|0|266|
167|268|216|1|241|0|266|
167|268|216|1|241|0|266|
167|264|108|1|241|0|266|
167|267|108|1|241|0|266|
167|268|108|1|241|0|266|
167|268|108|1|241|0|266|
167|268|108|1|241|0|266|
167|264|324|1|241|0|266|
167|264|108|1|241|0|266|
167|268|216|1|241|0|266|
167|268|216|1|241|0|266|
167|315|324|1|274|0|268|
167|264|108|1|241|0|266|
167|267|216|1|241|0|266|
167|263|216|1|241|0|266|
167|264|108|1|241|0|266|
167|264|216|1|241|0|266|
167|316|324|1|275|0|268|
167|264|108|1|241|0|266|
167|316|216|1|275|0|268|
167|264|324|1|241|0|266|
167|264|108|1|241|0|266|
167|264|216|1|241|0|266|
167|268|216|1|241|0|266|
167|268|216|1|241|0|266|
167|264|108|1|241|0|266|
167|263|108|1|241|0|266|
167|267|108|1|241|0|266|
167|268|216|1|241|0|266|
167|264|216|1|241|0|266|
167|264|108|1|241|0|266|
167|264|108|1|241|0|266|
167|268|108|1|241|0|266|
167|268|108|1|241|0|266|
167|268|216|1|241|0|266|
167|264|108|1|241|0|266|
167|264|216|1|241|0|266|
167|268|216|1|241|0|266|
167|347|324|1|299|0|268|
167|267|324|1|241|0|266|
167|264|216|1|241|0|266|
167|268|324|1|241|0|266|
167|264|216|1|241|0|266|
167|268|216|1|241|0|266|
167|309|216|1|448|0|266|
167|267|216|1|241|0|266|
167|268|216|1|241|0|266|
167|268|216|1|241|0|266|
167|264|216|1|241|0|266|
167|303|216|1|311|0|264|
167|263|108|1|241|0|266|
167|268|108|1|241|0|266|
167|264|216|1|241|0|266|
167|264|216|1|241|0|266|
167|264|108|1|241|0|266|
167|264|108|1|241|0|266|
167|264|216|1|241|0|266|
167|264|108|1|241|0|266|
167|264|108|1|241|0|266|
167|264|216|1|241|0|266|
167|264|216|1|241|0|266|
167|263|216|1|241|0|266|
167|267|324|1|241|0|266|
167|264|216|1|241|0|266|
167|264|108|1|241|0|266|
167|264|324|1|241|0|266|
167|268|108|1|241|0|266|
167|264|108|1|241|0|266|
167|264|108|1|241|0|266|
167|264|324|1|241|0|266|
167|267|216|1|241|0|266|
167|321|216|1|274|0|268|
167|263|216|1|241|0|266|
167|264|216|1|241|0|266|
167|264|216|1|241|0|266|
167|264|108|1|241|0|266|
167|264|216|1|241|0|266|
167|264|324|1|241|0|266|
167|264|216|1|241|0|266|
167|264|216|1|241|0|266|
167|360|324|1|428|0|266|
167|264|108|1|241|0|266|
167|264|108|1|241|0|266|
167|264|216|1|241|0|266|
167|264|108|1|241|0|266|
167|264|216|1|241|0|266|
167|264|216|1|241|0|266|
167|315|324|1|274|0|268|
167|264|108|1|241|0|266|
167|264|216|1|241|0|266|
167|264|216|1|241|0|266|
167|268|108|1|241|0|266|
167|264|108|1|241|0|266|
167|268|216|1|241|0|266|
167|268|108|1|241|0|266|
167|263|108|1|241|0|266|
167|264|216|1|241|0|266|
167|264|324|1|241|0|266|
167|264|216|1|241|0|266|
167|264|216|1|241|0|266|
167|268|216|1|241|0|266|
167|264|108|1|241|0|266|
167|264|216|1|241|0|266|
167|268|216|1|241|0|266|
167|268|216|1|241|0|266|
167|318|216|1|273|0|268|
167|264|216|1|241|0|266|
167|321|108|1|273|0|268|
167|268|108|1|241|0|266|
167|264|216|1|241|0|266|
167|264|108|1|241|0|266|
167|315|216|1|274|0|268|
167|264|216|1|241|0|266|
167|264|108|1|241|0|266|
167|264|216|1|241|0|266|
167|264|216|1|241|0|266|
167|264|216|1|241|0|266|
167|267|216|1|241|0|266|
167|264|216|1|241|0|266|
167|264|216|1|241|0|266|
167|264|108|1|241|0|266|
167|319|324|1|275|0|268|
167|264|216|1|241|0|266|
167|267|108|1|241|0|266|
167|264|324|1|241|0|266|
167|264|216|1|241|0|266|
167|264|324|1|241|0|266|
167|316|324|1|276|0|268|
167|264|216|1|241|0|266|
167|268|108|1|241|0|266|
167|267|216|1|241|0|266|
167|264|216|1|241|0|266|
167|264|108|1|241|0|266|
167|264|108|1|241|0|266|
167|264|324|1|241|0|266|
167|268|216|1|241|0|266|
167|264|108|1|241|0|266|
167|264|108|1|241|0|266|
167|264|216|1|241|0|266|
167|263|216|1|241|0|266|
167|316|324|1|276|0|268|
167|268|216|1|241|0|266|
167|267|108|1|241|0|266|
167|355|216|1|363|0|259|
167|264|216|1|241|0|266|
167|268|108|1|241|0|266|
167|268|216|1|241|0|266|
167|316|324|1|276|0|268|
167|268|108|1|241|0|266|
167|268|216|1|241|0|266|
167|268|108|1|241|0|266|
167|268|108|1|241|0|266|
167|267|216|1|241|0|266|
167|263|216|1|241|0|266|
167|267|216|1|241|0|266|
167|268|108|1|241|0|266|
167|268|216|1|241|0|266|
167|268|324|1|241|0|266|
167|268|216|1|241|0|266|
167|268|216|1|241|0|266|
167|268|108|1|241|0|266|
167|379|216|1|493|0|269|
167|264|216|1|241|0|266|
167|264|108|1|241|0|266|
167|267|216|1|241|0|266|
167|268|216|1|241|0|266|
167|268|216|1|241|0|266|
167|268|216|1|241|0|266|
167|268|216|1|241|0|266|
167|268|108|1|241|0|266|
167|264|108|1|241|0|266|
167|268|108|1|241|0|266|
167|264|216|1|241|0|266|
167|264|108|1|241|0|266|
167|268|216|1|241|0|266|
167|268|108|1|241|0|266|
167|268|216|1|241|0|266|
167|263|216|1|241|0|266|
167|264|216|1|241|0|266|
167|264|216|1|241|0|266|
167|264|216|1|241|0|266|
167|264|216|1|241|0|266|
167|264|108|1|241|0|266|
167|267|108|1|241|0|266|
167|264|108|1|241|0|266|
167|264|108|1|241|0|266|
167|264|216|1|241|0|266|
167|264|108|1|241|0|266|
167|263|216|1|241|0|266|
167|268|216|1|241|0|266|
167|264|216|1|241|0|266|
167|264|216|1|241|0|266|
167|264|216|1|241|0|266|
167|264|108|1|241|0|266|
167|264|216|1|241|0|266|
167|264|324|1|241|0|266|
167|264|216|1|241|0|266|
167|264|216|1|241|0|266|
167|307|108|1|321|0|262|
167|316|216|1|276|0|268|
167|264|108|1|241|0|266|
167|264|108|1|241|0|266|
167|268|216|1|241|0|266|
167|264|108|1|241|0|266|
167|264|108|1|241|0|266|
167|264|216|1|241|0|266|
167|268|108|1|241|0|266|
167|264|108|1|241|0|266|
167|264|108|1|241|0|266|
167|268|216|1|241|0|266|
167|267|216|1|241|0|266|
167|264|108|1|241|0|266|
167|268|216|1|241|0|266|
167|264|216|1|241|0|266|
167|264|216|1|241|0|266|
167|264|108|1|241|0|266|
167|264|216|1|241|0|266|
167|264|108|1|241|0|266|
167|264|216|1|241|0|266|
167|264|216|1|241|0|266|
167|264|108|1|241|0|266|
167|315|324|1|274|0|268|
167|318|216|1|274|0|268|
167|267|324|1|241|0|266|
167|268|108|1|241|0|266|
167|264|216|1|241|0|266|
167|267|108|1|241|0|266|
167|264|216|1|241|0|266|
167|267|216|1|241|0|266|
167|268|324|1|241|0|266|
167|268|108|1|241|0|266|
167|264|216|1|241|0|266|
167|268|108|1|241|0|266|
167|316|324|1|276|0|268|
167|318|216|1|274|0|268|
167|267|216|1|241|0|266|
167|268|216|1|241|0|266|
167|316|108|1|275|0|268|
167|264|108|1|241|0|266|
167|264|216|1|241|0|266|
167|268|108|1|241|0|266|
167|264|324|1|241|0|266|
167|264|108|1|241|0|266|
167|264|108|1|241|0|266|
167|264|108|1|241|0|266|
167|268|216|1|241|0|266|
167|267|216|1|241|0|266|
167|267|108|1|241|0|266|
167|263|216|1|241|0|266|
167|318|216|1|274|0|268|
167|264|216|1|241|0|266|
167|315|216|1|274|0|268|
167|264|108|1|241|0|266|
167|264|108|1|241|0|266|
167|264|108|1|241|0|266|
167|264|216|1|241|0|266|
167|264|216|1|241|0|266|
167|319|324|1|274|0|268|
167|268|108|1|241|0|266|
167|264|108|1|241|0|266|
167|264|108|1|241|0|266|
167|264|324|1|241|0|266|
167|264|216|1|241|0|266|
167|268|216|1|241|0|266|
167|264|216|1|241|0|266|
167|264|108|1|241|0|266|
167|268|324|1|241|0|266|
167|264|216|1|241|0|266|
167|267|108|1|241|0|266|
167|264|108|1|241|0|266|
167|264|324|1|241|0|266|
167|318|216|1|274|0|268|
167|264|108|1|241|0|266|
167|268|216|1|241|0|266|
167|264|216|1|241|0|266|
167|263|216|1|241|0|266|
167|264|108|1|241|0|266|
167|264|216|1|241|0|266|
167|264|216|1|241|0|266|
167|264|216|1|241|0|266|
167|263|324|1|241|0|266|
167|263|216|1|241|0|266|
167|264|108|1|241|0|266|
167|264|216|1|241|0|266|
167|264|108|1|241|0|266|
167|264|216|1|241|0|266|
167|264|108|1|241|0|266|
167|264|108|1|241|0|266|
167|264|108|1|241|0|266|
167|264|108|1|241|0|266|
167|264|108|1|241|0|266|
167|264|108|1|241|0|266|
167|264|216|1|241|0|266|
167|264|216|1|241|0|266|
167|267|216|1|241|0|266|
167|326|216|1|274|0|268|
167|264|216|1|241|0|266|
167|267|216|1|241|0|266|
167|264|108|1|241|0|266|
167|264|216|1|241|0|266|
167|264|216|1|241|0|266|
167|318|324|1|273|0|268|
167|318|216|1|274|0|268|
167|264|324|1|241|0|266|
167|264|216|1|241|0|266|
167|264|216|1|241|0|266|
167|263|216|1|241|0|266|
167|267|216|1|241|0|266|
167|264|108|1|241|0|266|
167|264|324|1|241|0|266|
167|264|108|1|241|0|266|
167|264|324|1|241|0|266|
167|268|216|1|241|0|266|
167|319|108|1|275|0|268|
167|395|216|1|406|0|268|
167|264|216|1|241|0|266|
167|264|216|1|241|0|266|
167|264|216|1|241|0|266|
167|268|108|1|241|0|266|
167|264|108|1|241|0|266|
167|315|324|1|274|0|268|
167|264|108|1|241|0|266|
167|268|108|1|241|0|266|
167|264|216|1|241|0|266|
167|267|108|1|241|0|266|
167|264|108|1|241|0|266|
167|264|324|1|241|0|266|
167|264|216|1|241|0|266|
167|267|216|1|241|0|266|
167|315|108|1|275|0|268|
167|263|216|1|241|0|266|
167|264|216|1|241|0|266|
167|268|216|1|241|0|266|
167|264|108|1|241|0|266|
167|264|216|1|241|0|266|
167|264|216|1|241|0|266|
167|264|216|1|241|0|266|
167|264|108|1|241|0|266|
167|264|216|1|241|0|266|
167|267|216|1|241|0|266|
167|267|108|1|241|0|266|
167|315|216|1|275|0|268|
167|268|324|1|241|0|266|
167|264|324|1|241|0|266|
167|268|108|1|241|0|266|
167|264|108|1|241|0|266|
167|264|216|1|241|0|266|
167|264|216|1|241|0|266|
167|264|108|1|241|0|266|
167|263|216|1|241|0|266|
167|267|108|1|241|0|266|
167|316|216|1|275|0|268|
167|263|216|1|241|0|266|
167|264|216|1|241|0|266|
167|264|108|1|241|0|266|
167|264|108|1|241|0|266|
167|264|108|1|241|0|266|
167|264|324|1|241|0|266|
167|267|324|1|241|0|266|
167|264|216|1|241|0|266|
167|268|108|1|241|0|266|
167|268|108|1|241|0|266|
167|268|108|1|241|0|266|
167|267|108|1|241|0|266|
167|267|108|1|241|0|266|
167|268|108|1|241|0|266|
167|316|216|1|275|0|268|
167|264|216|1|241|0|266|
167|264|216|1|241|0|266|
167|264|216|1|241|0|266|
167|268|216|1|241|0|266|
167|268|216|1|241|0|266|
167|264|216|1|241|0|266|
167|264|216|1|241|0|266|
167|263|108|1|241|0|266|
167|263|216|1|241|0|266|
167|316|216|1|276|0|268|
167|264|108|1|241|0|266|
167|264|216|1|241|0|266|
167|268|216|1|241|0|266|
167|268|216|1|241|0|266|
167|318|216|1|273|0|268|
167|318|324|1|273|0|268|
167|264|216|1|241|0|266|
167|264|108|1|241|0|266|
167|264|108|1|241|0|266|
167|318|108|1|273|0|268|
167|268|216|1|241|0|266|
167|264|108|1|241|0|266|
167|264|216|1|241|0|266|
167|264|216|1|241|0|266|
167|315|216|1|274|0|268|
167|264|108|1|241|0|266|
167|264|108|1|241|0|266|
167|264|216|1|241|0|266|
167|318|216|1|274|0|268|
167|264|108|1|241|0|266|
167|264|216|1|241|0|266|
167|267|108|1|241|0|266|
167|318|108|1|274|0|268|
167|264|324|1|241|0|266|
167|264|108|1|241|0|266|
167|264|108|1|241|0|266|
167|264|108|1|241|0|266|
167|264|216|1|241|0|266|
167|264|108|1|241|0|266|
167|264|216|1|241|0|266|
167|316|216|1|275|0|268|
167|267|216|1|241|0|266|
167|264|216|1|241|0|266|
167|264|108|1|241|0|266|
167|268|108|1|241|0|266|
167|267|108|1|241|0|266|
167|264|216|1|241|0|266|
167|268|216|1|241|0|266|
167|264|216|1|241|0|266|
167|264|108|1|241|0|266|
167|264|216|1|241|0|266|
167|264|216|1|241|0|266|
167|263|216|1|241|0|266|
167|264|216|1|241|0|266|
167|264|324|1|241|0|266|
167|268|324|1|241|0|266|
167|264|324|1|241|0|266|
167|264|108|1|241|0|266|
167|264|108|1|241|0|266|
167|267|108|1|241|0|266|
167|264|216|1|241|0|266|
167|264|216|1|241|0|266|
167|334|216|1|453|0|268|
167|318|216|1|274|0|268|
167|267|216|1|241|0|266|
167|267|216|1|241|0|266|
167|316|108|1|275|0|268|
167|264|108|1|241|0|266|
167|263|216|1|241|0|266|
167|264|216|1|241|0|266|
167|264|108|1|241|0|266|
167|268|108|1|241|0|266|
167|264|324|1|241|0|266|
167|268|108|1|241|0|266|
167|321|324|1|273|0|268|
167|267|324|1|241|0|266|
167|267|216|1|241|0|266|
167|267|216|1|241|0|266|
167|267|108|1|241|0|266|
167|268|108|1|241|0|266|
167|264|108|1|241|0|266|
167|263|216|1|241|0|266|
167|264|216|1|241|0|266|
167|264|216|1|241|0|266|
167|264|216|1|241|0|266|
167|268|216|1|241|0|266|
167|264|108|1|241|0|266|
167|264|216|1|241|0|266|
167|264|108|1|241|0|266|
167|264|216|1|241|0|266|
167|268|108|1|241|0|266|
167|268|216|1|241|0|266|
167|316|216|1|276|0|268|
167|268|324|1|241|0|266|
167|264|108|1|241|0|266|
167|264|216|1|241|0|266|
167|264|216|1|241|0|266|
167|264|216|1|241|0|266|
167|267|108|1|241|0|266|
167|264|216|1|241|0|266|
167|264|216|1|241|0|266|
167|264|216|1|241|0|266|
167|318|324|1|274|0|268|
167|267|216|1|241|0|266|
167|263|108|1|241|0|266|
167|263|216|1|241|0|266|
167|264|216|1|241|0|266|
167|268|108|1|241|0|266|
167|264|108|1|241|0|266|
167|264|324|1|241|0|266|
167|264|108|1|241|0|266|
167|264|216|1|241|0|266|
167|264|108|1|241|0|266|
167|264|324|1|241|0|266|
167|267|216|1|241|0|266|
167|264|108|1|241|0|266|
167|264|216|1|241|0|266|
167|268|216|1|241|0|266|
167|268|108|1|241|0|266|
167|268|216|1|241|0|266|
167|264|108|1|241|0|266|
167|264|216|1|241|0|266|
167|318|216|1|274|0|268|
167|264|216|1|241|0|266|
167|264|108|1|241|0|266|
167|318|108|1|274|0|268|
167|267|108|1|241|0|266|
167|264|108|1|241|0|266|
167|316|216|1|275|0|268|
167|267|108|1|241|0|266|
167|268|324|1|241|0|266|
167|264|324|1|241|0|266|
167|264|108|1|241|0|266|
167|264|324|1|241|0|266|
167|264|108|1|241|0|266|
167|264|216|1|241|0|266|
167|268|216|1|241|0|266|
167|337|324|1|293|0|268|
167|316|216|1|276|0|268|
167|267|216|1|241|0|266|
167|267|216|1|241|0|266|
167|264|216|1|241|0|266|
167|267|216|1|241|0|266|
167|264|108|1|241|0|266|
167|318|324|1|274|0|268|
167|268|216|1|241|0|266|
167|264|216|1|241|0|266|
167|264|216|1|241|0|266|
167|264|216|1|241|0|266|
167|264|216|1|241|0|266|
167|264|108|1|241|0|266|
167|268|324|1|241|0|266|
167|264|108|1|241|0|266|
167|263|108|1|241|0|266|
167|263|108|1|241|0|266|
167|264|108|1|241|0|266|
167|267|216|1|241|0|266|
167|315|324|1|274|0|268|
167|264|108|1|241|0|266|
167|264|216|1|241|0|266|
167|264|216|1|241|0|266|
167|264|216|1|241|0|266|
167|264|216|1|241|0|266|
167|263|108|1|241|0|266|
167|263|216|1|241|0|266|
167|267|216|1|241|0|266|
167|268|108|1|241|0|266|
167|264|216|1|241|0|266|
167|264|216|1|241|0|266|
167|268|216|1|241|0|266|
167|321|324|1|273|0|268|
167|264|216|1|241|0|266|
167|264|216|1|241|0|266|
167|318|216|1|274|0|268|
167|264|108|1|241|0|266|
167|321|108|1|274|0|268|
167|267|216|1|241|0|266|
167|267|108|1|241|0|266|
167|267|108|1|241|0|266|
167|318|324|1|274|0|268|
167|264|216|1|241|0|266|
167|319|216|1|275|0|268|
167|264|108|1|241|0|266|
167|264|216|1|241|0|266|
167|264|108|1|241|0|266|
167|264|108|1|241|0|266|
167|264|108|1|241|0|266|
167|264|216|1|241|0|266|
167|263|108|1|241|0|266|
167|263|108|1|241|0|266|
167|264|108|1|241|0|266|
167|264|216|1|241|0|266|
167|268|108|1|241|0|266|
167|268|324|1|241|0|266|
167|264|108|1|241|0|266|
167|264|108|1|241|0|266|
167|318|216|1|273|0|268|
167|264|108|1|241|0|266|
167|268|216|1|241|0|266|
167|267|216|1|241|0|266|
167|268|108|1|241|0|266|
167|264|216|1|241|0|266|
167|354|216|1|306|0|268|
167|318|108|1|273|0|268|
167|349|324|1|306|0|268|
167|267|216|1|241|0|266|
167|264|216|1|241|0|266|
167|264|216|1|241|0|266|
167|332|324|1|291|0|268|
167|264|108|1|241|0|266|
167|264|108|1|241|0|266|
167|264|108|1|241|0|266|
167|268|216|1|241|0|266|
167|319|216|1|276|0|268|
167|268|108|1|241|0|266|
167|264|108|1|241|0|266|
167|264|108|1|241|0|266|
167|268|216|1|241|0|266|
167|264|216|1|241|0|266|
167|264|324|1|241|0|266|
167|264|108|1|241|0|266|
167|264|216|1|241|0|266|
167|318|216|1|274|0|268|
167|264|108|1|241|0|266|
167|264|108|1|241|0|266|
167|264|216|1|241|0|266|
167|264|216|1|241|0|266|
167|264|108|1|241|0|266|
167|264|216|1|241|0|266|
167|263|108|1|241|0|266|
167|264|108|1|241|0|266|
167|268|108|1|241|0|266|
167|264|108|1|241|0|266|
167|264|108|1|241|0|266|
167|264|216|1|241|0|266|
167|264|108|1|241|0|266|
167|264|216|1|241|0|266|
167|264|216|1|241|0|266|
167|267|216|1|241|0|266|
167|264|108|1|241|0|266|
167|268|216|1|241|0|266|
167|268|216|1|241|0|266|
167|264|216|1|241|0|266|
167|264|108|1|241|0|266|
167|264|108|1|241|0|266|
167|264|108|1|241|0|266|
167|280|324|1|250|0|266|
167|267|108|1|241|0|266|
167|321|108|1|273|0|268|
167|264|216|1|241|0|266|
167|267|216|1|241|0|266|
167|264|216|1|241|0|266|
167|268|324|1|241|0|266|
167|264|216|1|241|0|266|
167|264|108|1|241|0|266|
167|264|216|1|241|0|266|
167|268|216|1|241|0|266|
167|264|216|1|241|0|266|
167|267|216|1|241|0|266|
167|315|324|1|275|0|268|
167|318|216|1|273|0|268|
167|267|108|1|241|0|266|
167|267|216|1|241|0|266|
167|344|216|1|301|0|268|
167|294|108|1|279|0|271|
167|438|216|1|652|0|268|
167|264|324|1|241|0|266|
167|264|108|1|241|0|266|
167|264|216|1|241|0|266|
167|318|324|1|274|0|268|
167|264|108|1|241|0|266|
167|267|108|1|241|0|266|
167|267|108|1|241|0|266|
167|267|324|1|241|0|266|
167|263|324|1|241|0|266|
167|268|324|1|241|0|266|
167|264|108|1|241|0|266|
167|268|108|1|241|0|266|
167|268|108|1|241|0|266|
167|268|216|1|241|0|266|
167|264|216|1|241|0|266|
167|268|216|1|241|0|266|
167|268|216|1|241|0|266|
167|268|216|1|241|0|266|
167|264|216|1|241|0|266|
167|264|324|1|241|0|266|
167|264|216|1|241|0|266|
167|264|216|1|241|0|266|
167|264|216|1|241|0|266|
167|267|216|1|241|0|266|
167|263|108|1|241|0|266|
167|264|216|1|241|0|266|
167|268|108|1|241|0|266|
167|264|216|1|241|0|266|
167|267|324|1|241|0|266|
167|264|216|1|241|0|266|
167|264|216|1|241|0|266|
167|264|324|1|241|0|266|
167|268|108|1|241|0|266|
167|322|324|1|275|0|268|
167|268|216|1|241|0|266|
167|319|216|1|275|0|268|
167|265|216|1|241|0|266|
167|318|216|1|274|0|268|
167|267|108|1|241|0|266|
167|264|216|1|241|0|266|
167|267|324|1|241|0|266|
167|264|108|1|241|0|266|
167|267|216|1|241|0|266|
167|267|216|1|241|0|266|
167|267|216|1|241|0|266|
167|263|108|1|241|0|266|
167|263|216|1|241|0|266|
167|264|108|1|241|0|266|
167|264|216|1|241|0|266|
167|264|108|1|241|0|266|
167|264|324|1|241|0|266|
167|263|216|1|241|0|266|
167|268|108|1|241|0|266|
167|264|216|1|241|0|266|
167|285|216|1|293|0|261|
167|391|432|1|629|0|259|
167|420|432|1|565|0|266|
167|380|216|1|394|0|270|
167|283|108|1|327|0|266|
167|436|216|1|608|0|270|
167|305|216|1|360|0|262|
167|430|324|1|693|0|270|
167|377|216|1|357|0|270|
167|359|216|1|296|0|268|
167|267|108|1|241|0|266|
167|264|108|1|241|0|266|
167|267|324|1|241|0|266|
167|267|216|1|241|0|266|
167|267|108|1|241|0|266|
167|267|108|1|241|0|266|
167|267|216|1|241|0|266|
167|267|108|1|241|0|266|
167|264|108|1|241|0|266|
167|268|216|1|241|0|266|
167|263|216|1|241|0|266|
167|268|216|1|241|0|266|
167|268|216|1|241|0|266|
167|268|108|1|241|0|266|
167|268|216|1|241|0|266|
167|268|216|1|241|0|266|
167|268|216|1|241|0|266|
167|268|108|1|241|0|266|
167|264|216|1|241|0|266|
167|268|216|1|241|0|266|
167|268|216|1|241|0|266|
167|267|216|1|241|0|266|
167|263|108|1|241|0|266|
167|404|432|1|528|0|268|
167|419|324|1|508|0|268|
167|414|216|1|574|0|266|
167|474|216|1|860|0|270|
167|447|324|1|576|0|270|
167|371|108|1|320|0|265|
167|465|432|1|627|0|270|
167|402|324|1|444|0|266|
167|442|216|1|903|0|264|
167|376|216|1|402|0|268|
167|318|108|1|276|0|271|
167|267|108|1|241|0|266|
167|268|108|1|241|0|266|
167|264|108|1|241|0|266|
167|267|108|1|241|0|266|
167|268|216|1|241|0|266|
167|268|216|1|241|0|266|
167|268|108|1|241|0|266|
167|263|216|1|241|0|266|
167|264|108|1|241|0|266|
167|264|108|1|241|0|266|
167|263|108|1|241|0|266|
167|315|216|1|395|0|266|
167|268|216|1|241|0|266|
167|264|216|1|241|0|266|
167|318|216|1|274|0|268|
167|267|216|1|241|0|266|
167|264|108|1|241|0|266|
167|264|216|1|241|0|266|
167|264|216|1|241|0|266|
167|264|108|1|241|0|266|
167|268|108|1|241|0|266|
167|264|108|1|241|0|266|
167|267|216|1|241|0|266|
167|267|216|1|241|0|266|
167|268|216|1|241|0|266|
167|264|216|1|241|0|266|
167|268|216|1|241|0|266|
167|268|216|1|241|0|266|
167|264|108|1|241|0|266|
