INSTRUCTIONS_RETIRED|CYCLES|UNKNOWN|LD_BLOCKS.STORE_FORWARD|UOPS_EXECUTED.CORE|BR_MISP_RETIRED.ALL_BRANCHES|UOPS_RETIRED.ANY|
57|154|0|1|131|0|156|
57|157|0|1|131|0|156|
57|154|0|1|131|0|156|
57|223|108|1|190|0|161|
57|209|108|2|173|0|158|
57|157|216|1|131|0|156|
57|154|216|1|131|0|156|
57|157|108|1|131|0|156|
57|154|108|1|131|0|156|
57|157|0|1|131|0|156|
57|211|108|1|168|0|158|
57|154|0|1|131|0|156|
57|209|216|2|170|0|158|
57|157|0|1|131|0|156|
57|157|216|1|131|0|156|
57|154|0|1|131|0|156|
57|154|216|1|131|0|156|
57|190|216|1|131|0|156|
57|982|648|1|615|0|177|
57|187|216|1|131|0|156|
57|189|216|1|131|0|156|
57|157|216|1|131|0|156|
57|193|108|1|219|0|156|
57|154|108|1|131|0|156|
57|153|216|1|131|0|156|
57|206|108|2|174|0|158|
57|156|108|1|131|0|156|
57|193|108|1|131|0|156|
57|157|108|1|131|0|156|
57|156|0|1|131|0|156|
57|154|216|1|131|0|156|
57|157|108|1|131|0|156|
57|157|108|1|131|0|156|
57|157|108|1|131|0|156|
57|154|108|1|131|0|156|
57|154|216|1|131|0|156|
57|153|108|1|131|0|156|
57|153|108|1|131|0|156|
57|157|108|1|131|0|156|
57|154|108|1|131|0|156|
57|154|216|1|131|0|156|
57|186|0|1|131|0|156|
57|193|108|1|131|0|156|
57|243|216|2|177|0|158|
57|156|0|1|131|0|156|
57|157|108|1|131|0|156|
57|157|216|1|131|0|156|
57|153|108|1|131|0|156|
57|153|216|1|131|0|156|
57|286|216|2|648|0|158|
57|209|108|2|173|0|158|
57|156|216|1|131|0|156|
57|154|108|1|131|0|156|
57|154|216|1|131|0|156|
57|154|0|1|131|0|156|
57|186|108|1|131|0|156|
57|154|108|1|131|0|156|
57|157|108|1|131|0|156|
57|154|0|1|131|0|156|
57|153|0|1|131|0|156|
57|153|108|1|131|0|156|
57|157|0|1|131|0|156|
57|186|108|1|131|0|156|
57|154|108|1|131|0|156|
57|270|108|2|302|0|158|
57|156|108|1|131|0|156|
57|208|108|2|170|0|158|
57|153|0|1|131|0|156|
57|157|108|1|131|0|156|
57|208|108|2|170|0|158|
57|154|108|1|131|0|156|
57|154|108|1|131|0|156|
57|209|108|2|174|0|158|
57|191|108|1|131|0|156|
57|154|0|1|131|0|156|
57|154|108|1|131|0|156|
57|157|0|1|131|0|156|
57|157|108|1|131|0|156|
57|157|108|1|131|0|156|
57|157|108|1|131|0|156|
57|193|216|1|131|0|156|
57|157|108|1|131|0|156|
57|157|0|1|131|0|156|
57|157|108|1|131|0|156|
57|157|108|1|131|0|156|
57|154|216|1|131|0|156|
57|208|216|2|170|0|158|
57|153|108|1|131|0|156|
57|154|0|1|131|0|156|
57|157|216|1|131|0|156|
57|157|108|1|131|0|156|
57|156|108|1|131|0|156|
57|157|216|1|131|0|156|
57|157|216|1|131|0|156|
57|208|108|2|170|0|158|
57|156|108|1|131|0|156|
57|157|108|1|131|0|156|
57|157|108|1|131|0|156|
57|154|0|1|131|0|156|
57|153|216|1|131|0|156|
57|189|216|1|131|0|156|
57|154|216|1|131|0|156|
57|154|216|1|131|0|156|
57|157|0|1|131|0|156|
57|157|108|1|131|0|156|
57|154|108|1|131|0|156|
57|157|0|1|131|0|156|
57|156|108|1|131|0|156|
57|157|0|1|131|0|156|
57|208|108|1|168|0|158|
57|157|216|1|131|0|156|
57|216|108|1|282|0|156|
57|206|216|2|174|0|158|
57|153|108|1|131|0|156|
57|156|0|1|131|0|156|
57|154|108|1|131|0|156|
57|157|108|1|131|0|156|
57|156|108|1|131|0|156|
57|157|0|1|131|0|156|
57|156|0|1|131|0|156|
57|156|108|1|131|0|156|
57|211|216|2|170|0|158|
57|157|108|1|131|0|156|
57|154|108|1|131|0|156|
57|193|108|1|131|0|156|
57|289|108|2|216|0|158|
57|154|108|1|131|0|156|
57|154|108|1|131|0|156|
57|157|0|1|131|0|156|
57|154|108|1|131|0|156|
57|154|0|1|131|0|156|
57|157|108|1|131|0|156|
57|156|0|1|131|0|156|
57|156|108|1|131|0|156|
57|188|108|1|131|0|156|
57|153|0|1|131|0|156|
57|156|0|1|131|0|156|
57|209|108|2|173|0|158|
57|156|108|1|131|0|156|
57|156|108|1|131|0|156|
57|209|108|2|173|0|158|
57|211|216|2|170|0|158|
57|156|0|1|131|0|156|
57|157|108|1|131|0|156|
57|154|108|1|131|0|156|
57|154|108|1|131|0|156|
57|156|0|1|131|0|156|
57|157|108|1|131|0|156|
57|153|216|1|131|0|156|
57|157|216|1|131|0|156|
57|157|0|1|131|0|156|
57|157|108|1|131|0|156|
57|156|108|1|131|0|156|
57|157|108|1|131|0|156|
57|157|108|1|131|0|156|
57|157|0|1|131|0|156|
57|157|108|1|131|0|156|
57|157|0|1|131|0|156|
57|157|108|1|131|0|156|
57|154|108|1|131|0|156|
57|208|108|1|168|0|158|
57|157|108|1|131|0|156|
57|154|108|1|131|0|156|
57|157|108|1|131|0|156|
57|154|108|1|131|0|156|
57|156|108|1|131|0|156|
57|154|108|1|131|0|156|
57|157|108|1|131|0|156|
57|156|108|1|131|0|156|
57|245|108|2|177|0|158|
57|208|108|2|170|0|158|
57|156|0|1|131|0|156|
57|208|216|1|168|0|158|
57|208|108|2|170|0|158|
57|157|108|1|131|0|156|
57|208|324|2|170|0|158|
57|157|216|1|131|0|156|
57|154|0|1|131|0|156|
57|157|0|1|131|0|156|
57|157|0|1|131|0|156|
57|156|0|1|131|0|156|
57|153|108|1|131|0|156|
57|157|108|1|131|0|156|
57|156|108|1|131|0|156|
57|154|108|1|131|0|156|
57|154|0|1|131|0|156|
57|208|216|2|170|0|158|
57|157|0|1|131|0|156|
57|154|108|1|131|0|156|
57|154|108|1|131|0|156|
57|157|216|1|131|0|156|
57|194|216|1|131|0|156|
57|154|216|1|131|0|156|
57|154|108|1|131|0|156|
57|187|216|1|151|0|156|
57|154|108|1|131|0|156|
57|157|108|1|131|0|156|
57|153|0|1|131|0|156|
57|153|216|1|131|0|156|
57|209|216|2|174|0|158|
57|153|0|1|131|0|156|
57|153|216|1|131|0|156|
57|153|0|1|131|0|156|
57|153|216|1|131|0|156|
57|153|0|1|131|0|156|
57|153|216|1|131|0|156|
57|156|216|1|131|0|156|
57|156|108|1|131|0|156|
57|156|108|1|131|0|156|
57|156|108|1|131|0|156|
57|153|0|1|131|0|156|
57|154|108|1|131|0|156|
57|154|0|1|131|0|156|
57|157|108|1|131|0|156|
57|157|108|1|131|0|156|
57|157|216|1|131|0|156|
57|157|108|1|131|0|156|
57|156|216|1|131|0|156|
57|157|108|1|131|0|156|
57|157|108|1|131|0|156|
57|156|216|1|131|0|156|
57|156|108|1|131|0|156|
57|157|216|1|131|0|156|
57|157|216|1|131|0|156|
57|157|108|1|131|0|156|
57|154|108|1|131|0|156|
57|157|0|1|131|0|156|
57|156|216|1|131|0|156|
57|157|108|1|131|0|156|
57|157|216|1|131|0|156|
57|157|0|1|131|0|156|
57|154|108|1|131|0|156|
57|156|108|1|131|0|156|
57|156|216|1|131|0|156|
57|154|216|1|131|0|156|
57|157|108|1|131|0|156|
57|157|108|1|131|0|156|
57|157|108|1|131|0|156|
57|157|216|1|131|0|156|
57|156|216|1|131|0|156|
57|157|108|1|131|0|156|
57|154|216|1|131|0|156|
57|157|108|1|131|0|156|
57|157|108|1|131|0|156|
57|156|0|1|131|0|156|
57|157|108|1|131|0|156|
57|154|108|1|131|0|156|
57|154|108|1|131|0|156|
57|187|216|1|209|0|156|
57|154|0|1|131|0|156|
57|208|108|2|173|0|158|
57|208|216|2|170|0|158|
57|154|216|1|131|0|156|
57|154|108|1|131|0|156|
57|154|108|1|131|0|156|
57|153|216|1|131|0|156|
57|209|108|2|174|0|158|
57|240|324|2|177|0|158|
57|154|108|1|131|0|156|
57|156|108|1|131|0|156|
57|157|0|1|131|0|156|
57|154|108|1|131|0|156|
57|154|108|1|131|0|156|
57|192|108|1|131|0|156|
57|156|108|1|131|0|156|
57|153|108|1|131|0|156|
57|153|108|1|131|0|156|
57|188|108|1|131|0|156|
57|157|108|1|131|0|156|
57|156|108|1|131|0|156|
57|154|108|1|131|0|156|
57|154|216|1|131|0|156|
57|157|0|1|131|0|156|
57|154|216|1|131|0|156|
57|154|216|1|131|0|156|
57|153|108|1|131|0|156|
57|156|108|1|131|0|156|
57|211|108|2|170|0|158|
57|156|108|1|131|0|156|
57|157|216|1|131|0|156|
57|156|108|1|131|0|156|
57|208|216|2|170|0|158|
57|185|108|1|131|0|156|
57|157|108|1|131|0|156|
57|157|216|1|131|0|156|
57|154|216|1|131|0|156|
57|157|0|1|131|0|156|
57|156|108|1|131|0|156|
57|285|324|2|423|0|160|
57|188|216|1|131|0|156|
57|171|108|1|190|0|156|
57|156|216|1|131|0|156|
57|154|108|1|131|0|156|
57|154|0|1|131|0|156|
57|187|108|1|131|0|156|
57|154|108|1|131|0|156|
57|154|108|1|131|0|156|
57|157|108|1|131|0|156|
57|156|108|1|131|0|156|
57|156|108|1|131|0|156|
57|156|216|1|131|0|156|
57|156|216|1|131|0|156|
57|156|0|1|131|0|156|
57|153|216|1|131|0|156|
57|154|0|1|131|0|156|
57|209|216|2|173|0|158|
57|156|108|1|131|0|156|
57|154|108|1|131|0|156|
57|154|216|1|131|0|156|
57|157|108|1|131|0|156|
57|154|216|1|131|0|156|
57|153|0|1|131|0|156|
57|153|216|1|131|0|156|
57|156|108|1|131|0|156|
57|156|0|1|131|0|156|
57|208|108|2|170|0|158|
57|212|108|2|173|0|158|
57|154|108|1|131|0|156|
57|154|108|1|131|0|156|
57|154|108|1|131|0|156|
57|157|108|1|131|0|156|
57|154|216|1|131|0|156|
57|157|108|1|131|0|156|
57|156|216|1|131|0|156|
57|156|0|1|131|0|156|
57|156|108|1|131|0|156|
57|212|108|2|173|0|158|
57|153|216|1|131|0|156|
57|154|0|1|131|0|156|
57|187|108|1|131|0|156|
57|157|108|1|131|0|156|
57|157|108|1|131|0|156|
57|157|0|1|131|0|156|
57|182|108|1|131|0|156|
57|208|108|2|170|0|158|
57|156|108|1|131|0|156|
57|156|108|1|131|0|156|
57|208|216|2|170|0|158|
57|208|108|2|170|0|158|
57|156|108|1|131|0|156|
57|157|108|1|131|0|156|
57|156|108|1|131|0|156|
57|154|108|1|131|0|156|
57|188|108|1|131|0|156|
57|157|108|1|131|0|156|
57|192|108|1|131|0|156|
57|157|0|1|131|0|156|
57|157|0|1|131|0|156|
57|156|216|1|131|0|156|
57|208|108|2|170|0|158|
57|153|0|1|131|0|156|
57|154|108|1|131|0|156|
57|205|216|2|173|0|158|
57|181|216|1|131|0|156|
57|154|216|1|131|0|156|
57|193|108|1|131|0|156|
57|154|108|1|131|0|156|
57|156|216|1|131|0|156|
57|157|108|1|131|0|156|
57|154|108|1|131|0|156|
57|157|108|1|131|0|156|
57|156|108|1|131|0|156|
57|178|108|1|131|0|156|
57|154|216|1|131|0|156|
57|154|108|1|131|0|156|
57|208|324|2|170|0|158|
57|154|108|1|131|0|156|
57|156|108|1|131|0|156|
57|157|108|1|131|0|156|
57|154|108|1|131|0|156|
57|192|108|1|131|0|156|
57|153|0|1|131|0|156|
57|208|108|2|173|0|158|
57|186|108|1|131|0|156|
57|153|108|1|131|0|156|
57|154|108|1|131|0|156|
57|154|108|1|131|0|156|
57|157|216|1|131|0|156|
57|157|108|1|131|0|156|
57|192|108|1|131|0|156|
57|156|0|1|131|0|156|
57|250|108|2|177|0|158|
57|156|108|1|131|0|156|
57|157|0|1|131|0|156|
57|157|108|1|131|0|156|
57|154|108|1|131|0|156|
57|156|216|1|131|0|156|
57|154|108|1|131|0|156|
57|208|108|2|170|0|158|
57|154|216|1|131|0|156|
57|157|216|1|131|0|156|
57|208|324|2|170|0|158|
57|157|0|1|131|0|156|
57|154|108|1|131|0|156|
57|154|108|1|131|0|156|
57|157|0|1|131|0|156|
57|157|108|1|131|0|156|
57|154|108|1|131|0|156|
57|153|108|1|131|0|156|
57|157|0|1|131|0|156|
57|154|0|1|131|0|156|
57|157|0|1|131|0|156|
57|154|216|1|131|0|156|
57|157|0|1|131|0|156|
57|157|108|1|131|0|156|
57|267|216|2|319|0|158|
57|154|108|1|131|0|156|
57|154|216|1|131|0|156|
57|157|216|1|131|0|156|
57|157|216|1|131|0|156|
57|154|0|1|131|0|156|
57|154|216|1|131|0|156|
57|157|108|1|131|0|156|
57|154|108|1|131|0|156|
57|154|108|1|131|0|156|
57|156|108|1|131|0|156|
57|157|108|1|131|0|156|
57|156|108|1|131|0|156|
57|156|108|1|131|0|156|
57|208|108|2|170|0|158|
57|153|0|1|131|0|156|
57|208|108|2|170|0|158|
57|157|216|1|131|0|156|
57|157|0|1|131|0|156|
57|156|0|1|131|0|156|
57|181|216|1|131|0|156|
57|154|0|1|131|0|156|
57|154|108|1|131|0|156|
57|154|216|1|131|0|156|
57|190|108|1|131|0|156|
57|188|108|1|131|0|156|
57|192|216|1|131|0|156|
57|153|216|1|131|0|156|
57|153|0|1|131|0|156|
57|157|108|1|131|0|156|
57|157|0|1|131|0|156|
57|154|0|1|131|0|156|
57|208|108|1|168|0|158|
57|154|108|1|131|0|156|
57|154|108|1|131|0|156|
57|153|108|1|131|0|156|
57|156|216|1|131|0|156|
57|157|108|1|131|0|156|
57|156|216|1|131|0|156|
57|157|108|1|131|0|156|
57|208|216|1|168|0|158|
57|185|216|1|209|0|156|
57|157|0|1|131|0|156|
57|154|108|1|131|0|156|
57|175|108|1|131|0|156|
57|153|108|1|131|0|156|
57|251|108|2|177|0|158|
57|156|108|1|131|0|156|
57|157|216|1|131|0|156|
57|157|108|1|131|0|156|
57|208|216|1|168|0|158|
57|154|108|1|131|0|156|
57|156|216|1|131|0|156|
57|153|216|1|131|0|156|
57|156|108|1|131|0|156|
57|156|108|1|131|0|156|
57|156|108|1|131|0|156|
57|154|108|1|131|0|156|
57|154|108|1|131|0|156|
57|154|216|1|131|0|156|
57|153|0|1|131|0|156|
57|154|108|1|131|0|156|
57|156|216|1|131|0|156|
57|156|216|1|131|0|156|
57|156|216|1|131|0|156|
57|156|108|1|131|0|156|
57|173|108|1|131|0|156|
57|156|216|1|131|0|156|
57|157|216|1|131|0|156|
57|154|0|1|131|0|156|
57|153|216|1|131|0|156|
57|157|108|1|131|0|156|
57|154|108|1|131|0|156|
57|157|108|1|131|0|156|
57|157|108|1|131|0|156|
57|154|216|1|131|0|156|
57|154|108|1|131|0|156|
57|157|108|1|131|0|156|
57|229|324|2|177|0|158|
57|157|216|1|131|0|156|
57|208|108|1|168|0|158|
57|153|0|1|131|0|156|
57|209|108|2|174|0|158|
57|188|108|1|131|0|156|
57|154|108|1|131|0|156|
57|157|108|1|131|0|156|
57|157|108|1|131|0|156|
57|154|108|1|131|0|156|
57|181|108|1|131|0|156|
57|154|108|1|131|0|156|
57|156|108|1|131|0|156|
57|154|216|1|131|0|156|
57|154|216|1|131|0|156|
57|247|108|2|177|0|158|
57|208|108|1|168|0|158|
57|154|216|1|131|0|156|
57|209|108|2|173|0|158|
57|175|216|1|131|0|156|
57|154|108|1|131|0|156|
57|157|216|1|131|0|156|
57|154|216|1|131|0|156|
57|154|0|1|131|0|156|
57|154|108|1|131|0|156|
57|180|108|1|131|0|156|
57|153|216|1|131|0|156|
57|153|216|1|131|0|156|
57|156|216|1|131|0|156|
57|156|108|1|131|0|156|
57|154|216|1|131|0|156|
57|154|216|1|131|0|156|
57|157|108|1|131|0|156|
57|154|108|1|131|0|156|
57|157|108|1|131|0|156|
57|153|108|1|131|0|156|
57|208|108|2|170|0|158|
57|156|0|1|131|0|156|
57|154|216|1|131|0|156|
57|153|216|1|131|0|156|
57|156|216|1|131|0|156|
57|154|216|1|131|0|156|
57|154|216|1|131|0|156|
57|157|108|1|131|0|156|
57|154|108|1|131|0|156|
57|209|108|2|170|0|158|
57|157|216|1|131|0|156|
57|154|216|1|131|0|156|
57|153|108|1|131|0|156|
57|157|108|1|131|0|156|
57|156|108|1|131|0|156|
57|153|216|1|131|0|156|
57|156|0|1|131|0|156|
57|157|0|1|131|0|156|
57|236|216|2|177|0|158|
57|156|216|1|131|0|156|
57|154|0|1|131|0|156|
57|156|108|1|131|0|156|
57|190|108|1|131|0|156|
57|154|216|1|131|0|156|
57|157|0|1|131|0|156|
57|195|108|1|272|0|156|
57|157|216|1|131|0|156|
57|186|108|1|131|0|156|
57|157|216|1|131|0|156|
57|157|108|1|131|0|156|
57|154|108|1|131|0|156|
57|190|108|1|131|0|156|
57|157|216|1|131|0|156|
57|154|216|1|131|0|156|
57|157|108|1|131|0|156|
57|156|108|1|131|0|156|
57|156|216|1|131|0|156|
57|187|108|1|311|0|150|
57|154|0|1|131|0|156|
57|156|108|1|131|0|156|
57|153|108|1|131|0|156|
57|156|108|1|131|0|156|
57|156|216|1|131|0|156|
57|156|108|1|131|0|156|
57|248|216|2|177|0|158|
57|154|108|1|131|0|156|
57|157|108|1|131|0|156|
57|154|108|1|131|0|156|
57|209|108|2|174|0|158|
57|208|108|2|173|0|158|
57|209|108|2|174|0|158|
57|181|0|1|131|0|156|
57|157|216|1|131|0|156|
57|186|216|1|131|0|156|
57|154|216|1|131|0|156|
57|156|0|1|131|0|156|
57|157|108|1|131|0|156|
57|154|108|1|131|0|156|
57|154|108|1|131|0|156|
57|157|0|1|131|0|156|
57|208|108|2|170|0|158|
57|208|108|2|170|0|158|
57|209|216|2|174|0|158|
57|154|108|1|131|0|156|
57|156|108|1|131|0|156|
57|157|108|1|131|0|156|
57|157|108|1|131|0|156|
57|154|108|1|131|0|156|
57|156|0|1|131|0|156|
57|157|216|1|131|0|156|
57|156|108|1|131|0|156|
57|156|0|1|131|0|156|
57|209|108|2|173|0|158|
57|153|108|1|131|0|156|
57|181|108|1|131|0|156|
57|157|216|1|131|0|156|
57|154|216|1|131|0|156|
57|156|108|1|131|0|156|
57|154|0|1|131|0|156|
57|157|216|1|131|0|156|
57|154|0|1|131|0|156|
57|154|108|1|131|0|156|
57|191|108|1|131|0|156|
57|156|216|1|131|0|156|
57|154|108|1|131|0|156|
57|154|108|1|131|0|156|
57|156|108|1|131|0|156|
57|157|108|1|131|0|156|
57|154|108|1|131|0|156|
57|157|108|1|131|0|156|
57|156|216|1|131|0|156|
57|154|0|1|131|0|156|
57|154|0|1|131|0|156|
57|154|108|1|131|0|156|
57|154|108|1|131|0|156|
57|208|108|1|168|0|158|
57|153|0|1|131|0|156|
57|153|108|1|131|0|156|
57|157|108|1|131|0|156|
57|192|108|1|131|0|156|
57|211|108|1|168|0|158|
57|157|108|1|131|0|156|
57|154|108|1|131|0|156|
57|154|108|1|131|0|156|
57|157|108|1|131|0|156|
57|154|108|1|131|0|156|
57|157|108|1|131|0|156|
57|154|216|1|131|0|156|
57|154|216|1|131|0|156|
57|156|108|1|131|0|156|
57|156|0|1|131|0|156|
57|157|108|1|131|0|156|
57|170|108|1|131|0|156|
57|154|216|1|131|0|156|
57|208|108|1|168|0|158|
57|156|108|1|131|0|156|
57|154|108|1|131|0|156|
57|180|216|1|131|0|156|
57|209|108|2|170|0|158|
57|208|216|2|170|0|158|
57|154|108|1|131|0|156|
57|157|216|1|131|0|156|
57|208|216|1|168|0|158|
57|157|108|1|131|0|156|
57|157|216|1|131|0|156|
57|157|108|1|131|0|156|
57|154|216|1|131|0|156|
57|154|108|1|131|0|156|
57|157|108|1|131|0|156|
57|153|108|1|131|0|156|
57|156|0|1|131|0|156|
57|156|216|1|131|0|156|
57|157|216|1|131|0|156|
57|157|108|1|131|0|156|
57|208|216|2|170|0|158|
57|156|108|1|131|0|156|
57|157|108|1|131|0|156|
57|197|108|1|131|0|156|
57|208|216|2|170|0|158|
57|206|216|2|173|0|158|
57|154|216|1|131|0|156|
57|187|108|1|131|0|156|
57|157|216|1|131|0|156|
57|154|216|1|131|0|156|
57|153|108|1|131|0|156|
57|156|108|1|131|0|156|
57|154|216|1|131|0|156|
57|157|108|1|131|0|156|
57|200|216|1|395|0|156|
57|153|108|1|131|0|156|
57|154|0|1|131|0|156|
57|157|216|1|131|0|156|
57|156|108|1|131|0|156|
57|156|108|1|131|0|156|
57|206|108|2|173|0|158|
57|154|108|1|131|0|156|
57|157|108|1|131|0|156|
57|157|216|1|131|0|156|
57|157|108|1|131|0|156|
57|157|0|1|131|0|156|
57|154|0|1|131|0|156|
57|154|108|1|131|0|156|
57|154|108|1|131|0|156|
57|153|0|1|131|0|156|
57|156|108|1|131|0|156|
57|153|216|1|131|0|156|
57|153|108|1|131|0|156|
57|156|108|1|131|0|156|
57|178|216|1|131|0|156|
57|153|108|1|131|0|156|
57|157|108|1|131|0|156|
57|157|0|1|131|0|156|
57|154|216|1|131|0|156|
57|154|0|1|131|0|156|
57|156|108|1|131|0|156|
57|157|108|1|131|0|156|
57|154|108|1|131|0|156|
57|154|216|1|131|0|156|
57|157|216|1|131|0|156|
57|154|216|1|131|0|156|
57|211|108|2|170|0|158|
57|157|0|1|131|0|156|
57|154|0|1|131|0|156|
57|154|216|1|131|0|156|
57|154|108|1|131|0|156|
57|154|108|1|131|0|156|
57|209|216|2|174|0|158|
57|157|0|1|131|0|156|
57|154|216|1|131|0|156|
57|209|108|2|170|0|158|
57|154|108|1|131|0|156|
57|156|108|1|131|0|156|
57|153|108|1|131|0|156|
57|209|216|2|174|0|158|
57|154|108|1|131|0|156|
57|154|216|1|131|0|156|
57|154|108|1|131|0|156|
57|154|108|1|131|0|156|
57|154|108|1|131|0|156|
57|188|108|1|131|0|156|
57|208|108|2|170|0|158|
57|156|108|1|131|0|156|
57|157|108|1|131|0|156|
57|157|108|1|131|0|156|
57|209|216|2|173|0|158|
57|187|108|1|131|0|156|
57|154|216|1|131|0|156|
57|187|108|1|131|0|156|
57|157|216|1|131|0|156|
57|154|108|1|131|0|156|
57|154|108|1|131|0|156|
57|157|108|1|131|0|156|
57|157|0|1|131|0|156|
57|154|108|1|131|0|156|
57|154|216|1|131|0|156|
57|154|108|1|131|0|156|
57|187|216|1|131|0|156|
57|153|108|1|131|0|156|
57|156|108|1|131|0|156|
57|157|108|1|131|0|156|
57|208|216|1|371|0|156|
57|157|216|1|131|0|156|
57|200|108|1|228|0|156|
57|153|108|1|131|0|156|
57|208|216|1|385|0|156|
57|154|108|1|131|0|156|
57|154|108|1|131|0|156|
57|208|108|1|528|0|156|
57|156|216|1|131|0|156|
57|212|216|1|372|0|156|
57|156|108|1|131|0|156|
57|198|216|1|393|0|152|
57|181|108|1|131|0|156|
57|197|216|1|343|0|156|
57|156|108|1|131|0|156|
57|197|108|1|276|0|154|
57|157|108|1|131|0|156|
57|203|216|1|378|0|156|
57|156|0|1|131|0|156|
57|196|216|1|356|0|151|
57|188|216|1|131|0|156|
57|202|108|1|374|0|156|
57|156|108|1|131|0|156|
57|217|216|1|392|0|156|
57|154|216|1|131|0|156|
57|201|0|1|376|0|156|
57|156|108|1|131|0|156|
57|194|108|1|279|0|155|
57|156|0|1|131|0|156|
57|198|108|1|208|0|156|
57|186|216|1|131|0|156|
57|217|216|1|413|0|156|
57|157|0|1|131|0|156|
57|156|108|1|131|0|156|
57|206|216|1|385|0|156|
57|154|0|1|131|0|156|
57|204|108|1|373|0|156|
57|156|216|1|131|0|156|
57|205|108|1|392|0|156|
57|156|0|1|131|0|156|
57|205|216|1|376|0|156|
57|157|108|1|131|0|156|
57|156|108|1|131|0|156|
57|202|108|1|386|0|156|
57|154|108|1|131|0|156|
57|205|216|1|374|0|156|
57|156|108|1|131|0|156|
57|200|108|1|382|0|154|
57|156|108|1|131|0|156|
57|187|108|1|292|0|156|
57|156|216|1|131|0|156|
57|153|0|1|131|0|156|
57|157|0|1|131|0|156|
57|156|216|1|131|0|156|
57|157|0|1|131|0|156|
57|154|108|1|131|0|156|
57|154|108|1|131|0|156|
57|157|108|1|131|0|156|
57|156|0|1|131|0|156|
57|157|108|1|131|0|156|
57|154|0|1|131|0|156|
57|154|216|1|131|0|156|
57|157|216|1|131|0|156|
57|156|216|1|131|0|156|
57|156|216|1|131|0|156|
57|157|108|1|131|0|156|
57|157|108|1|131|0|156|
57|156|0|1|131|0|156|
57|154|0|1|131|0|156|
57|157|108|1|131|0|156|
57|208|108|1|302|0|156|
57|156|216|1|131|0|156|
57|205|108|1|388|0|156|
57|154|108|1|131|0|156|
57|206|216|1|399|0|156|
57|156|108|1|131|0|156|
57|206|324|1|382|0|156|
57|183|108|1|131|0|156|
57|154|108|1|131|0|156|
57|280|108|2|446|0|157|
57|156|108|1|131|0|156|
57|205|216|1|494|0|153|
57|157|108|1|131|0|156|
57|202|216|1|374|0|156|
57|189|108|1|131|0|156|
57|252|216|1|248|0|161|
57|188|108|1|131|0|156|
57|268|216|1|477|0|158|
57|153|0|1|131|0|156|
57|213|108|1|511|0|156|
57|156|0|1|131|0|156|
57|204|108|1|259|0|156|
57|181|0|1|131|0|156|
57|204|108|1|387|0|156|
57|181|0|1|352|0|151|
57|207|108|1|385|0|156|
57|153|0|1|131|0|156|
57|192|216|1|205|0|155|
57|156|216|1|131|0|156|
57|203|216|1|379|0|156|
57|156|0|1|131|0|156|
57|204|216|1|383|0|156|
57|156|108|1|131|0|156|
57|201|216|1|373|0|156|
57|156|108|1|131|0|156|
57|206|108|1|382|0|156|
57|156|108|1|131|0|156|
57|202|216|1|368|0|156|
57|156|108|1|131|0|156|
57|207|108|1|272|0|156|
57|157|108|1|131|0|156|
57|206|108|1|382|0|156|
57|156|216|1|131|0|156|
57|258|216|1|464|0|158|
57|156|216|1|131|0|156|
57|203|216|1|379|0|156|
57|154|108|1|131|0|156|
57|207|108|1|391|0|156|
57|156|108|1|131|0|156|
57|208|108|1|530|0|144|
57|156|216|1|131|0|156|
57|207|108|1|389|0|156|
57|156|216|1|131|0|156|
57|205|108|1|387|0|156|
57|153|108|1|131|0|156|
57|206|108|1|382|0|156|
57|156|108|1|131|0|156|
57|210|0|1|406|0|156|
57|156|216|1|131|0|156|
57|204|108|1|368|0|156|
57|208|216|2|170|0|158|
57|204|108|1|393|0|156|
57|154|216|1|131|0|156|
57|157|0|1|131|0|156|
57|154|108|1|131|0|156|
57|157|0|1|131|0|156|
57|261|216|1|447|0|156|
57|208|108|1|168|0|158|
57|241|108|2|233|0|161|
57|206|108|2|174|0|158|
57|273|216|1|582|0|158|
57|209|108|2|174|0|158|
57|268|108|1|498|0|158|
57|237|108|2|177|0|158|
57|225|108|1|239|0|157|
57|208|108|2|170|0|158|
57|275|108|1|509|0|160|
57|208|108|1|168|0|158|
57|201|108|1|382|0|156|
57|157|108|1|131|0|156|
57|201|108|1|384|0|156|
57|156|216|1|131|0|156|
57|205|108|1|384|0|156|
57|157|216|1|131|0|156|
57|208|108|1|168|0|158|
57|207|216|1|463|0|156|
57|156|108|1|131|0|156|
57|206|216|1|387|0|156|
57|156|108|1|131|0|156|
57|204|216|1|388|0|156|
57|192|108|1|131|0|156|
57|202|216|1|444|0|156|
57|156|0|1|131|0|156|
57|202|108|1|378|0|156|
57|153|0|1|131|0|156|
57|157|216|1|131|0|156|
57|205|216|1|385|0|156|
57|156|108|1|131|0|156|
57|202|216|1|384|0|156|
57|182|108|1|131|0|156|
57|200|108|1|374|0|156|
57|156|108|1|131|0|156|
57|198|216|1|388|0|153|
57|197|216|1|131|0|156|
57|153|216|1|131|0|156|
57|203|108|1|378|0|156|
57|154|0|1|131|0|156|
57|204|216|1|387|0|156|
57|156|108|1|131|0|156|
57|201|108|1|381|0|156|
57|153|108|1|131|0|156|
57|254|108|1|462|0|158|
57|156|108|1|131|0|156|
57|205|216|1|378|0|156|
57|156|108|1|131|0|156|
57|208|108|1|392|0|156|
57|156|108|1|131|0|156|
57|205|108|1|383|0|156|
57|208|216|2|170|0|158|
57|205|108|1|394|0|156|
57|157|0|1|131|0|156|
57|207|108|1|390|0|156|
57|154|108|1|131|0|156|
57|198|108|1|384|0|155|
57|209|108|2|174|0|158|
57|194|108|1|430|0|154|
57|154|216|1|131|0|156|
57|174|216|1|353|0|156|
57|153|108|1|131|0|156|
57|200|108|1|385|0|156|
57|157|108|1|131|0|156|
57|206|108|1|382|0|156|
57|156|108|1|131|0|156|
57|214|108|1|522|0|156|
57|156|216|1|131|0|156|
57|204|216|1|378|0|156|
57|153|108|1|131|0|156|
57|200|108|1|393|0|156|
57|156|216|1|131|0|156|
57|203|216|1|384|0|156|
57|199|108|1|158|0|156|
57|200|216|1|375|0|156|
57|153|216|1|131|0|156|
57|153|108|1|131|0|156|
57|209|108|1|386|0|156|
57|156|108|1|131|0|156|
57|208|108|1|385|0|156|
57|177|108|1|131|0|156|
57|204|108|1|383|0|156|
57|157|108|1|131|0|156|
57|203|108|1|385|0|156|
57|154|108|1|131|0|156|
57|213|108|1|380|0|158|
57|153|216|1|131|0|156|
57|156|108|1|131|0|156|
57|205|108|1|383|0|156|
57|156|0|1|131|0|156|
57|207|108|1|381|0|156|
57|153|216|1|131|0|156|
57|205|216|1|378|0|156|
57|208|216|2|170|0|158|
57|201|108|1|380|0|156|
57|154|108|1|131|0|156|
57|206|108|1|390|0|156|
57|154|216|1|131|0|156|
57|156|108|1|131|0|156|
57|211|108|1|513|0|152|
57|192|108|1|131|0|156|
57|201|108|1|377|0|156|
57|154|216|1|131|0|156|
57|207|108|1|395|0|155|
57|153|0|1|131|0|156|
57|207|324|1|389|0|156|
57|153|108|1|131|0|156|
57|204|108|1|384|0|156|
57|154|216|1|131|0|156|
57|154|0|1|131|0|156|
57|205|216|1|382|0|156|
57|177|108|1|131|0|156|
57|208|108|1|351|0|154|
57|157|0|1|131|0|156|
57|157|216|1|131|0|156|
57|204|216|1|332|0|156|
57|156|108|1|131|0|156|
57|202|108|1|373|0|156|
57|156|108|1|131|0|156|
57|195|216|1|299|0|154|
57|208|108|2|173|0|158|
57|211|216|1|418|0|156|
57|208|108|2|170|0|158|
57|209|108|1|389|0|156|
