INSTRUCTIONS_RETIRED|CYCLES|UNKNOWN|LD_BLOCKS.STORE_FORWARD|UOPS_EXECUTED.CORE|BR_MISP_RETIRED.ALL_BRANCHES|UOPS_ISSUED.SINGLE_MUL|
21|816|384|1|113|1|0|
21|607|288|1|113|1|0|
21|504|288|1|113|1|0|
21|547|288|1|113|1|0|
21|536|288|1|113|1|0|
21|469|192|1|113|1|0|
21|549|288|1|113|1|0|
21|562|288|1|113|1|0|
21|554|288|1|113|1|0|
21|543|288|1|111|1|0|
21|1025|576|1|113|1|0|
21|507|288|1|113|1|0|
21|570|288|1|113|1|0|
21|551|288|1|113|1|0|
21|573|192|1|111|1|0|
21|558|288|1|113|1|0|
21|537|288|1|113|1|0|
21|579|288|1|113|1|0|
21|586|288|1|113|1|0|
21|557|288|1|113|1|0|
21|544|288|1|113|1|0|
21|633|288|1|113|1|0|
21|508|288|1|113|1|0|
21|546|288|1|113|1|0|
21|566|288|1|113|1|0|
21|554|288|1|113|1|0|
21|566|288|1|113|1|0|
21|543|288|1|113|1|0|
21|556|288|1|113|1|0|
21|539|288|1|113|1|0|
21|567|288|1|113|1|0|
21|461|288|1|113|1|0|
21|543|288|1|113|1|0|
21|543|288|1|113|1|0|
21|584|288|1|113|1|0|
21|543|288|1|113|1|0|
21|516|288|1|113|1|0|
21|528|192|1|113|1|0|
21|564|288|1|113|1|0|
21|578|288|1|113|1|0|
21|540|192|1|113|1|0|
21|582|288|1|113|1|0|
21|544|288|1|113|1|0|
21|504|288|1|113|1|0|
21|549|288|1|113|1|0|
21|530|288|1|113|1|0|
21|468|192|1|113|1|0|
21|559|192|1|113|1|0|
21|521|288|1|113|1|0|
21|548|288|1|113|1|0|
21|558|288|1|113|1|0|
21|588|288|1|113|1|0|
21|543|288|1|113|1|0|
21|466|192|1|113|1|0|
21|547|288|1|113|1|0|
21|555|288|1|113|1|0|
21|545|288|1|113|1|0|
21|539|288|1|113|1|0|
21|584|288|1|113|1|0|
21|533|288|1|113|1|0|
21|467|192|1|113|1|0|
21|1407|672|1|113|1|0|
21|554|288|1|113|1|0|
21|519|288|1|111|1|0|
21|513|288|1|113|1|0|
21|598|288|1|113|1|0|
21|467|192|1|113|1|0|
21|587|288|1|113|1|0|
21|580|288|1|113|1|0|
21|476|288|1|113|1|0|
21|584|288|1|113|1|0|
21|507|288|1|113|1|0|
21|563|288|1|113|1|0|
21|472|288|1|113|1|0|
21|542|288|1|113|1|0|
21|602|384|1|113|1|0|
21|687|288|1|113|1|0|
21|548|384|1|113|1|0|
21|584|288|1|113|1|0|
21|555|288|1|113|1|0|
21|629|384|1|113|1|0|
21|595|288|1|113|1|0|
21|568|288|1|113|1|0|
21|556|288|1|113|1|0|
21|503|288|1|113|1|0|
21|512|288|1|113|1|0|
21|560|288|1|113|1|0|
21|547|288|1|113|1|0|
21|463|192|1|113|1|0|
21|543|288|1|111|1|0|
21|535|192|1|113|1|0|
21|565|288|1|113|1|0|
21|575|288|1|113|1|0|
21|572|288|1|111|1|0|
21|534|288|1|113|1|0|
21|585|384|1|113|1|0|
21|571|288|1|113|1|0|
21|544|288|1|113|1|0|
21|547|288|1|113|1|0|
21|460|192|1|113|1|0|
21|570|288|1|113|1|0|
21|580|384|1|113|1|0|
21|582|384|1|113|1|0|
21|536|288|1|113|1|0|
21|539|288|1|113|1|0|
21|590|384|1|113|1|0|
21|572|288|1|113|1|0|
21|479|288|1|113|1|0|
21|1978|1056|1|113|1|0|
21|575|288|1|113|1|0|
21|586|288|1|113|1|0|
21|534|288|1|113|1|0|
21|585|288|1|113|1|0|
21|542|288|1|113|1|0|
21|476|288|1|113|1|0|
21|556|288|1|113|1|0|
21|534|288|1|113|1|0|
21|552|192|1|113|1|0|
21|590|288|1|113|1|0|
21|548|288|1|113|1|0|
21|497|288|1|113|1|0|
21|586|288|1|113|1|0|
21|511|288|1|111|1|0|
21|578|384|1|113|1|0|
21|512|288|1|113|1|0|
21|560|288|1|113|1|0|
21|553|288|1|111|1|0|
21|548|288|1|113|1|0|
21|542|288|1|113|1|0|
21|543|288|1|113|1|0|
21|608|288|1|113|1|0|
21|534|288|1|113|1|0|
21|546|288|1|113|1|0|
21|473|288|1|113|1|0|
21|467|288|1|113|1|0|
21|483|288|1|113|1|0|
21|596|288|1|113|1|0|
21|588|288|1|113|1|0|
21|543|288|1|113|1|0|
21|537|192|1|113|1|0|
21|541|288|1|113|1|0|
21|505|192|1|113|1|0|
21|560|288|1|113|1|0|
21|559|288|1|113|1|0|
21|510|288|1|113|1|0|
21|586|384|1|113|1|0|
21|501|288|1|113|1|0|
21|574|288|1|113|1|0|
21|517|288|1|113|1|0|
21|468|192|1|113|1|0|
21|547|288|1|113|1|0|
21|468|192|1|113|1|0|
21|544|288|1|113|1|0|
21|534|288|1|113|1|0|
21|475|192|1|113|1|0|
21|514|192|1|113|1|0|
21|582|288|1|113|1|0|
21|575|288|1|113|1|0|
21|557|288|1|113|1|0|
21|1801|864|1|113|1|0|
21|557|288|1|113|1|0|
21|515|192|1|113|1|0|
21|507|288|1|113|1|0|
21|541|288|1|113|1|0|
21|1154|672|1|113|1|0|
21|573|288|1|113|1|0|
21|542|288|1|113|1|0|
21|586|288|1|113|1|0|
21|576|288|1|113|1|0|
21|503|192|1|113|1|0|
21|585|288|1|113|1|0|
21|555|288|1|113|1|0|
21|551|384|1|113|1|0|
21|541|288|1|113|1|0|
21|573|288|1|113|1|0|
21|548|288|1|113|1|0|
21|517|288|1|113|1|0|
21|478|288|1|113|1|0|
21|536|288|1|113|1|0|
21|559|288|1|113|1|0|
21|480|192|1|113|1|0|
21|481|192|1|113|1|0|
21|512|288|1|113|1|0|
21|558|288|1|113|1|0|
21|1572|768|1|113|1|0|
21|475|288|1|113|1|0|
21|611|384|1|113|1|0|
21|534|288|1|113|1|0|
21|539|288|1|113|1|0|
21|591|288|1|113|1|0|
21|553|288|1|113|1|0|
21|585|288|1|113|1|0|
21|541|288|1|113|1|0|
21|574|288|1|113|1|0|
21|1786|960|1|113|1|0|
21|555|288|1|113|1|0|
21|541|288|1|113|1|0|
21|546|288|1|113|1|0|
21|566|288|1|113|1|0|
21|541|288|1|113|1|0|
21|591|288|1|113|1|0|
21|535|288|1|113|1|0|
21|561|288|1|113|1|0|
21|464|288|1|113|1|0|
21|461|288|1|113|1|0|
21|480|288|1|113|1|0|
21|632|288|1|113|1|0|
21|560|288|1|113|1|0|
21|540|288|1|113|1|0|
21|509|288|1|113|1|0|
21|532|288|1|113|1|0|
21|550|288|1|113|1|0|
21|509|288|1|113|1|0|
21|544|288|1|113|1|0|
21|599|288|1|113|1|0|
21|554|288|1|113|1|0|
21|556|288|1|113|1|0|
21|528|288|1|113|1|0|
21|578|288|1|113|1|0|
21|553|288|1|113|1|0|
21|499|192|1|113|1|0|
21|547|288|1|113|1|0|
21|574|288|1|121|1|0|
21|559|288|1|113|1|0|
21|548|288|1|113|1|0|
21|534|288|1|113|1|0|
21|566|288|1|111|1|0|
21|572|288|1|113|1|0|
21|1054|576|1|113|1|0|
21|580|384|1|113|1|0|
21|565|288|1|113|1|0|
21|530|288|1|113|1|0|
21|563|288|1|113|1|0|
21|588|288|1|113|1|0|
21|537|288|1|113|1|0|
21|463|288|1|113|1|0|
21|518|192|1|113|1|0|
21|578|384|1|113|1|0|
21|560|288|1|113|1|0|
21|537|288|1|113|1|0|
21|570|288|1|113|1|0|
21|520|288|1|113|1|0|
21|586|288|1|113|1|0|
21|553|288|1|113|1|0|
21|538|288|1|113|1|0|
21|557|288|1|113|1|0|
21|561|288|1|113|1|0|
21|549|288|1|113|1|0|
21|562|288|1|113|1|0|
21|462|192|1|113|1|0|
21|565|384|1|113|1|0|
21|583|288|1|113|1|0|
21|530|192|1|113|1|0|
21|470|288|1|113|1|0|
21|468|192|1|113|1|0|
21|531|288|1|113|1|0|
21|541|288|1|113|1|0|
21|547|288|1|113|1|0|
21|546|288|1|113|1|0|
21|518|288|1|113|1|0|
21|538|288|1|112|1|0|
21|541|288|1|113|1|0|
21|544|288|1|113|1|0|
21|565|288|1|113|1|0|
21|495|192|1|113|1|0|
21|586|288|1|113|1|0|
21|551|288|1|113|1|0|
21|470|192|1|113|1|0|
21|589|288|1|113|1|0|
21|564|288|1|113|1|0|
21|660|384|1|113|1|0|
21|495|192|1|113|1|0|
21|530|288|1|111|1|0|
21|550|192|1|113|1|0|
21|521|192|1|113|1|0|
21|568|288|1|113|1|0|
21|573|288|1|113|1|0|
21|528|288|1|113|1|0|
21|529|288|1|113|1|0|
21|533|288|1|113|1|0|
21|467|288|1|113|1|0|
21|538|288|1|113|1|0|
21|546|288|1|113|1|0|
21|631|384|1|113|1|0|
21|546|288|1|113|1|0|
21|590|384|1|113|1|0|
21|543|288|1|113|1|0|
21|483|192|1|113|1|0|
21|544|288|1|113|1|0|
21|573|384|1|113|1|0|
21|546|288|1|113|1|0|
21|516|288|1|113|1|0|
21|669|288|1|113|1|0|
21|563|288|1|113|1|0|
21|582|288|1|113|1|0|
21|544|288|1|113|1|0|
21|534|288|1|113|1|0|
21|551|192|1|113|1|0|
21|546|288|1|113|1|0|
21|516|192|1|113|1|0|
21|569|288|1|113|1|0|
21|480|288|1|113|1|0|
21|475|288|1|113|1|0|
21|1524|768|1|113|1|0|
21|690|384|1|113|1|0|
21|511|288|1|113|1|0|
21|565|288|1|113|1|0|
21|547|288|1|113|1|0|
21|535|384|1|113|1|0|
21|466|192|1|113|1|0|
21|541|288|1|113|1|0|
21|545|288|1|113|1|0|
21|593|288|1|113|1|0|
21|584|288|1|113|1|0|
21|549|288|1|113|1|0|
21|474|192|1|113|1|0|
21|515|288|1|113|1|0|
21|532|288|1|113|1|0|
21|567|288|1|113|1|0|
21|477|192|1|113|1|0|
21|470|288|1|113|1|0|
21|544|192|1|113|1|0|
21|549|288|1|113|1|0|
21|504|192|1|113|1|0|
21|585|288|1|113|1|0|
21|552|288|1|113|1|0|
21|511|288|1|113|1|0|
21|514|192|1|113|1|0|
21|544|288|1|113|1|0|
21|553|288|1|113|1|0|
21|585|288|1|113|1|0|
21|515|288|1|113|1|0|
21|544|288|1|113|1|0|
21|546|288|1|113|1|0|
21|565|384|1|113|1|0|
21|537|288|1|112|1|0|
21|463|288|1|113|1|0|
21|570|288|1|113|1|0|
21|537|288|1|113|1|0|
21|561|288|1|113|1|0|
21|549|288|1|113|1|0|
21|504|192|1|113|1|0|
21|515|288|1|113|1|0|
21|531|288|1|113|1|0|
21|554|288|1|113|1|0|
21|568|288|1|113|1|0|
21|534|288|1|113|1|0|
21|565|288|1|113|1|0|
21|548|288|1|113|1|0|
21|587|288|1|113|1|0|
21|548|288|1|113|1|0|
21|505|288|1|113|1|0|
21|477|192|1|113|1|0|
21|549|288|1|113|1|0|
21|540|288|1|113|1|0|
21|552|288|1|113|1|0|
21|525|288|1|113|1|0|
21|469|288|1|113|1|0|
21|547|288|1|113|1|0|
21|534|288|1|113|1|0|
21|576|288|1|113|1|0|
21|589|288|1|113|1|0|
21|567|288|1|113|1|0|
21|519|192|1|113|1|0|
21|577|288|1|113|1|0|
21|521|384|1|113|1|0|
21|469|192|1|113|1|0|
21|484|288|1|113|1|0|
21|537|288|1|113|1|0|
21|505|288|1|113|1|0|
21|572|288|1|113|1|0|
21|507|288|1|113|1|0|
21|520|192|1|113|1|0|
21|552|288|1|113|1|0|
21|588|384|1|113|1|0|
21|542|288|1|113|1|0|
21|563|384|1|113|1|0|
21|571|288|1|113|1|0|
21|517|288|1|113|1|0|
21|467|192|1|113|1|0|
21|543|288|1|113|1|0|
21|484|288|1|113|1|0|
21|570|384|1|113|1|0|
21|542|288|1|113|1|0|
21|544|288|1|113|1|0|
21|517|288|1|113|1|0|
21|581|288|1|113|1|0|
21|552|288|1|113|1|0|
21|575|288|1|113|1|0|
21|550|288|1|113|1|0|
21|561|288|1|113|1|0|
21|561|288|1|113|1|0|
21|547|192|1|113|1|0|
21|541|288|1|113|1|0|
21|575|288|1|113|1|0|
21|547|288|1|113|1|0|
21|576|384|1|113|1|0|
21|518|288|1|113|1|0|
21|511|288|1|113|1|0|
21|536|288|1|113|1|0|
21|516|192|1|113|1|0|
21|511|192|1|113|1|0|
21|531|288|1|113|1|0|
21|552|288|1|113|1|0|
21|516|288|1|113|1|0|
21|529|192|1|113|1|0|
21|473|288|1|111|1|0|
21|558|288|1|111|1|0|
21|556|288|1|113|1|0|
21|560|288|1|113|1|0|
21|668|384|1|113|1|0|
21|583|384|1|113|1|0|
21|584|288|1|113|1|0|
21|679|384|1|113|1|0|
21|604|288|1|113|1|0|
21|554|288|1|113|1|0|
21|550|288|1|113|1|0|
21|858|480|1|113|1|0|
21|778|384|1|113|1|0|
21|885|480|1|113|1|0|
21|738|384|1|111|1|0|
21|742|384|1|113|1|0|
21|671|384|1|113|1|0|
21|545|288|1|113|1|0|
21|539|288|1|113|1|0|
21|571|288|1|113|1|0|
21|548|192|1|113|1|0|
21|574|288|1|113|1|0|
21|578|288|1|113|1|0|
21|478|288|1|113|1|0|
21|531|192|1|113|1|0|
21|530|288|1|113|1|0|
21|552|288|1|113|1|0|
21|570|288|1|113|1|0|
21|551|288|1|113|1|0|
21|572|288|1|113|1|0|
21|524|288|1|113|1|0|
21|575|288|1|112|1|0|
21|500|288|1|113|1|0|
21|549|288|1|113|1|0|
21|549|288|1|113|1|0|
21|518|288|1|113|1|0|
21|555|288|1|113|1|0|
21|504|288|1|113|1|0|
21|548|288|1|113|1|0|
21|504|288|1|113|1|0|
21|553|288|1|113|1|0|
21|509|288|1|113|1|0|
21|507|288|1|113|1|0|
21|537|288|1|113|1|0|
21|483|288|1|113|1|0|
21|588|288|1|113|1|0|
21|1253|576|1|113|1|0|
21|603|288|1|113|1|0|
21|3362|1632|1|585|1|0|
21|520|192|1|113|1|0|
21|533|288|1|113|1|0|
21|541|288|1|113|1|0|
21|470|192|1|113|1|0|
21|548|288|1|113|1|0|
21|580|288|1|113|1|0|
21|504|288|1|112|1|0|
21|612|288|1|113|1|0|
21|1439|672|1|113|1|0|
21|554|288|1|113|1|0|
21|529|192|1|113|1|0|
21|525|288|1|113|1|0|
21|582|288|1|113|1|0|
21|1381|672|1|113|1|0|
21|470|192|1|113|1|0|
21|580|288|1|113|1|0|
21|536|288|1|111|1|0|
21|471|192|1|113|1|0|
21|515|288|1|113|1|0|
21|573|288|1|113|1|0|
21|1038|576|1|113|1|0|
21|507|288|1|113|1|0|
21|534|288|1|113|1|0|
21|550|288|1|113|1|0|
21|567|288|1|113|1|0|
21|564|288|1|113|1|0|
21|522|192|1|113|1|0|
21|552|288|1|113|1|0|
21|584|288|1|113|1|0|
21|539|288|1|113|1|0|
21|591|288|1|113|1|0|
21|464|192|1|113|1|0|
21|588|288|1|113|1|0|
21|593|288|1|111|1|0|
21|545|288|1|113|1|0|
21|555|288|1|113|1|0|
21|542|288|1|113|1|0|
21|534|288|1|113|1|0|
21|550|288|1|113|1|0|
21|548|288|1|113|1|0|
21|532|288|1|113|1|0|
21|469|288|1|113|1|0|
21|529|288|1|113|1|0|
21|558|288|1|113|1|0|
21|672|384|1|113|1|0|
21|581|288|1|113|1|0|
21|539|288|1|113|1|0|
21|504|288|1|113|1|0|
21|552|288|1|111|1|0|
21|558|288|1|113|1|0|
21|551|288|1|113|1|0|
21|518|288|1|113|1|0|
21|1573|864|1|113|1|0|
21|534|288|1|113|1|0|
21|574|288|1|113|1|0|
21|480|288|1|113|1|0|
21|569|288|1|113|1|0|
21|574|288|1|113|1|0|
21|479|192|1|113|1|0|
21|536|288|1|113|1|0|
21|574|288|1|113|1|0|
21|505|288|1|113|1|0|
21|551|288|1|113|1|0|
21|474|192|1|113|1|0|
21|585|288|1|113|1|0|
21|557|192|1|113|1|0|
21|509|192|1|113|1|0|
21|547|288|1|113|1|0|
21|550|288|1|113|1|0|
21|540|288|1|113|1|0|
21|548|288|1|113|1|0|
21|573|288|1|113|1|0|
21|531|192|1|113|1|0|
21|505|192|1|113|1|0|
21|583|288|1|113|1|0|
21|528|288|1|113|1|0|
21|1597|768|1|113|1|0|
21|569|288|1|113|1|0|
21|517|192|1|113|1|0|
21|547|384|1|113|1|0|
21|558|288|1|113|1|0|
21|554|288|1|113|1|0|
21|569|384|1|113|1|0|
21|556|288|1|113|1|0|
21|579|288|1|113|1|0|
21|507|192|1|113|1|0|
21|557|288|1|113|1|0|
21|556|288|1|113|1|0|
21|562|288|1|112|1|0|
21|545|288|1|113|1|0|
21|564|384|1|113|1|0|
21|471|288|1|113|1|0|
21|554|288|1|113|1|0|
21|555|288|1|113|1|0|
21|560|288|1|113|1|0|
21|585|384|1|113|1|0|
21|541|288|1|113|1|0|
21|549|384|1|113|1|0|
21|552|288|1|113|1|0|
21|545|192|1|113|1|0|
21|549|288|1|111|1|0|
21|567|288|1|113|1|0|
21|472|288|1|113|1|0|
21|612|288|1|113|1|0|
21|565|288|1|113|1|0|
21|595|288|1|113|1|0|
21|641|384|1|113|1|0|
21|569|288|1|113|1|0|
21|566|288|1|113|1|0|
21|546|288|1|113|1|0|
21|541|288|1|113|1|0|
21|514|384|1|113|1|0|
21|578|288|1|113|1|0|
21|553|288|1|113|1|0|
21|1365|672|1|113|1|0|
21|552|288|1|113|1|0|
21|559|288|1|113|1|0|
21|504|288|1|113|1|0|
21|566|288|1|113|1|0|
21|512|288|1|113|1|0|
21|545|288|1|113|1|0|
21|553|288|1|113|1|0|
21|582|384|1|113|1|0|
21|559|288|1|113|1|0|
21|559|288|1|113|1|0|
21|539|288|1|113|1|0|
21|579|288|1|113|1|0|
21|556|288|1|113|1|0|
21|548|288|1|113|1|0|
21|563|288|1|113|1|0|
21|551|288|1|113|1|0|
21|539|288|1|113|1|0|
21|581|288|1|113|1|0|
21|554|288|1|113|1|0|
21|464|288|1|113|1|0|
21|516|288|1|113|1|0|
21|546|288|1|113|1|0|
21|486|288|1|113|1|0|
21|482|288|1|112|1|0|
21|552|288|1|113|1|0|
21|592|288|1|113|1|0|
21|1766|864|1|113|1|0|
21|555|288|1|113|1|0|
21|539|288|1|113|1|0|
21|550|288|1|113|1|0|
21|530|288|1|113|1|0|
21|506|288|1|113|1|0|
21|463|192|1|113|1|0|
21|557|288|1|113|1|0|
21|569|288|1|113|1|0|
21|542|288|1|113|1|0|
21|478|288|1|113|1|0|
21|547|288|1|113|1|0|
21|551|288|1|113|1|0|
21|571|288|1|113|1|0|
21|483|192|1|113|1|0|
21|477|192|1|113|1|0|
21|557|192|1|113|1|0|
21|546|288|1|113|1|0|
21|475|288|1|113|1|0|
21|541|288|1|113|1|0|
21|533|288|1|113|1|0|
21|578|288|1|113|1|0|
21|464|288|1|113|1|0|
21|512|192|1|113|1|0|
21|537|192|1|113|1|0|
21|559|288|1|113|1|0|
21|561|288|1|113|1|0|
21|465|192|1|113|1|0|
21|577|288|1|113|1|0|
21|532|288|1|113|1|0|
21|563|288|1|113|1|0|
21|519|288|1|113|1|0|
21|552|288|1|113|1|0|
21|595|384|1|111|1|0|
21|556|288|1|113|1|0|
21|586|384|1|113|1|0|
21|538|192|1|113|1|0|
21|479|288|1|113|1|0|
21|520|288|1|113|1|0|
21|544|288|1|113|1|0|
21|581|288|1|113|1|0|
21|562|288|1|113|1|0|
21|515|288|1|113|1|0|
21|559|288|1|113|1|0|
21|568|288|1|113|1|0|
21|520|288|1|113|1|0|
21|472|288|1|113|1|0|
21|550|288|1|113|1|0|
21|470|288|1|113|1|0|
21|585|288|1|113|1|0|
21|478|192|1|113|1|0|
21|510|288|1|113|1|0|
21|562|288|1|113|1|0|
21|549|288|1|113|1|0|
21|557|288|1|113|1|0|
21|544|288|1|113|1|0|
21|558|288|1|113|1|0|
21|470|192|1|113|1|0|
21|507|192|1|113|1|0|
21|559|384|1|113|1|0|
21|544|288|1|113|1|0|
21|552|288|1|113|1|0|
21|546|288|1|113|1|0|
21|523|288|1|113|1|0|
21|476|288|1|113|1|0|
21|605|288|1|113|1|0|
21|536|288|1|113|1|0|
21|568|288|1|113|1|0|
21|1771|864|1|113|1|0|
21|2016|1056|1|113|1|0|
21|578|288|1|113|1|0|
21|575|288|1|113|1|0|
21|508|288|1|113|1|0|
21|556|288|1|113|1|0|
21|576|288|1|113|1|0|
21|556|288|1|113|1|0|
21|549|288|1|113|1|0|
21|545|288|1|113|1|0|
21|512|192|1|113|1|0|
21|557|288|1|113|1|0|
21|511|288|1|113|1|0|
21|555|192|1|113|1|0|
21|579|288|1|113|1|0|
21|561|288|1|113|1|0|
21|558|288|1|113|1|0|
21|506|288|1|113|1|0|
21|517|288|1|113|1|0|
21|504|288|1|113|1|0|
21|515|384|1|113|1|0|
21|583|288|1|113|1|0|
21|582|288|1|113|1|0|
21|539|288|1|113|1|0|
21|545|288|1|113|1|0|
21|527|192|1|113|1|0|
21|558|288|1|111|1|0|
21|507|192|1|113|1|0|
21|541|192|1|113|1|0|
21|539|288|1|113|1|0|
21|478|288|1|113|1|0|
21|560|288|1|113|1|0|
21|517|288|1|113|1|0|
21|517|288|1|113|1|0|
21|509|288|1|113|1|0|
21|545|288|1|113|1|0|
21|548|288|1|113|1|0|
21|465|192|1|113|1|0|
21|567|288|1|113|1|0|
21|538|288|1|113|1|0|
21|1651|768|1|113|1|0|
21|550|288|1|113|1|0|
21|516|288|1|113|1|0|
21|2032|1056|1|113|1|0|
21|596|288|1|112|1|0|
21|538|192|1|113|1|0|
21|537|192|1|113|1|0|
21|526|288|1|113|1|0|
21|579|288|1|113|1|0|
21|547|288|1|113|1|0|
21|536|288|1|113|1|0|
21|543|288|1|113|1|0|
21|547|288|1|113|1|0|
21|474|192|1|113|1|0|
21|588|288|1|113|1|0|
21|549|288|1|113|1|0|
21|537|288|1|113|1|0|
21|576|288|1|113|1|0|
21|554|192|1|113|1|0|
21|466|192|1|113|1|0|
21|472|288|1|113|1|0|
21|463|192|1|113|1|0|
21|575|288|1|113|1|0|
21|669|288|1|113|1|0|
21|501|192|1|113|1|0|
21|505|192|1|113|1|0|
21|575|288|1|113|1|0|
21|542|288|1|113|1|0|
21|572|288|1|113|1|0|
21|521|288|1|113|1|0|
21|582|288|1|113|1|0|
21|549|288|1|113|1|0|
21|516|288|1|113|1|0|
21|548|288|1|113|1|0|
21|512|192|1|113|1|0|
21|476|288|1|113|1|0|
21|469|288|1|113|1|0|
21|549|192|1|113|1|0|
21|574|288|1|113|1|0|
21|474|192|1|113|1|0|
21|510|288|1|113|1|0|
21|467|288|1|113|1|0|
21|554|288|1|113|1|0|
21|604|288|1|113|1|0|
21|509|192|1|113|1|0|
21|558|288|1|113|1|0|
21|526|288|1|113|1|0|
21|545|288|1|113|1|0|
21|596|288|1|113|1|0|
21|546|288|1|113|1|0|
21|553|288|1|113|1|0|
21|548|288|1|113|1|0|
21|1316|672|1|113|1|0|
21|534|288|1|113|1|0|
21|535|288|1|113|1|0|
21|584|384|1|113|1|0|
21|511|384|1|113|1|0|
21|560|288|1|113|1|0|
21|576|288|1|113|1|0|
21|518|192|1|113|1|0|
21|572|384|1|113|1|0|
21|547|288|1|113|1|0|
21|566|288|1|113|1|0|
21|571|288|1|113|1|0|
21|556|288|1|113|1|0|
21|519|288|1|113|1|0|
21|523|288|1|113|1|0|
21|588|288|1|111|1|0|
21|542|288|1|113|1|0|
21|790|480|1|113|1|0|
21|588|384|1|113|1|0|
21|561|288|1|113|1|0|
21|553|288|1|113|1|0|
21|519|288|1|113|1|0|
21|502|192|1|113|1|0|
21|773|384|1|113|1|0|
21|550|288|1|113|1|0|
21|508|288|1|113|1|0|
21|524|288|1|113|1|0|
21|508|288|1|113|1|0|
21|574|288|1|113|1|0|
21|537|288|1|113|1|0|
21|545|288|1|113|1|0|
21|543|384|1|113|1|0|
21|563|288|1|113|1|0|
21|578|384|1|113|1|0|
21|527|288|1|113|1|0|
21|511|288|1|113|1|0|
21|520|288|1|113|1|0|
21|573|288|1|113|1|0|
21|537|288|1|113|1|0|
21|516|192|1|113|1|0|
21|536|288|1|113|1|0|
21|462|288|1|113|1|0|
21|463|192|1|113|1|0|
21|577|288|1|113|1|0|
21|543|288|1|113|1|0|
21|463|192|1|113|1|0|
21|582|288|1|113|1|0|
21|594|288|1|113|1|0|
21|464|288|1|113|1|0|
21|692|288|1|113|1|0|
21|608|288|1|113|1|0|
21|549|192|1|113|1|0|
21|556|288|1|113|1|0|
21|540|288|1|113|1|0|
21|546|288|1|113|1|0|
21|503|288|1|113|1|0|
21|525|288|1|113|1|0|
21|522|288|1|113|1|0|
21|545|288|1|113|1|0|
21|553|288|1|113|1|0|
21|466|192|1|113|1|0|
21|549|384|1|113|1|0|
21|573|288|1|113|1|0|
21|521|288|1|113|1|0|
21|553|288|1|112|1|0|
21|584|288|1|113|1|0|
21|552|288|1|113|1|0|
21|549|288|1|113|1|0|
21|558|288|1|113|1|0|
21|548|288|1|113|1|0|
21|565|288|1|113|1|0|
21|470|288|1|113|1|0|
21|470|288|1|113|1|0|
21|544|288|1|113|1|0|
21|551|288|1|113|1|0|
21|519|288|1|113|1|0|
21|552|288|1|113|1|0|
21|564|288|1|113|1|0|
21|543|288|1|113|1|0|
21|579|288|1|113|1|0|
21|526|288|1|113|1|0|
21|520|288|1|113|1|0|
21|584|288|1|113|1|0|
21|613|288|1|113|1|0|
21|539|288|1|113|1|0|
21|540|288|1|113|1|0|
21|582|384|1|113|1|0|
21|545|288|1|113|1|0|
21|547|384|1|113|1|0|
21|539|288|1|113|1|0|
21|544|288|1|113|1|0|
21|540|288|1|113|1|0|
21|558|288|1|113|1|0|
21|569|288|1|113|1|0|
21|553|288|1|113|1|0|
21|554|288|1|113|1|0|
21|465|288|1|113|1|0|
21|519|288|1|113|1|0|
21|519|192|1|113|1|0|
21|550|288|1|113|1|0|
21|591|384|1|113|1|0|
21|547|288|1|113|1|0|
21|505|288|1|113|1|0|
21|554|288|1|113|1|0|
21|552|288|1|113|1|0|
21|523|288|1|113|1|0|
21|562|288|1|113|1|0|
21|552|288|1|111|1|0|
21|570|288|1|113|1|0|
21|591|384|1|113|1|0|
21|529|288|1|113|1|0|
21|541|288|1|113|1|0|
21|593|288|1|113|1|0|
21|584|288|1|113|1|0|
21|541|288|1|113|1|0|
21|482|288|1|113|1|0|
21|568|288|1|113|1|0|
21|573|288|1|113|1|0|
21|520|288|1|113|1|0|
21|541|192|1|113|1|0|
21|568|288|1|113|1|0|
21|505|288|1|113|1|0|
21|577|288|1|113|1|0|
21|555|288|1|113|1|0|
21|565|288|1|113|1|0|
21|566|384|1|113|1|0|
21|531|288|1|113|1|0|
21|547|192|1|113|1|0|
21|1000|576|1|113|1|0|
21|511|288|1|113|1|0|
21|479|192|1|113|1|0|
21|482|288|1|113|1|0|
21|549|288|1|113|1|0|
21|570|288|1|113|1|0|
21|520|288|1|113|1|0|
21|579|288|1|113|1|0|
21|999|576|1|113|1|0|
21|510|288|1|113|1|0|
21|577|288|1|113|1|0|
21|556|288|1|113|1|0|
21|548|288|1|113|1|0|
21|547|288|1|113|1|0|
21|560|288|1|113|1|0|
21|584|384|1|113|1|0|
21|545|288|1|112|1|0|
21|572|288|1|113|1|0|
21|475|192|1|113|1|0|
21|555|288|1|113|1|0|
21|537|192|1|113|1|0|
21|552|288|1|112|1|0|
21|544|384|1|113|1|0|
21|517|288|1|113|1|0|
21|603|384|1|113|1|0|
21|473|288|1|113|1|0|
21|575|288|1|113|1|0|
21|508|192|1|113|1|0|
21|575|288|1|113|1|0|
21|536|288|1|113|1|0|
21|557|288|1|113|1|0|
21|576|288|1|113|1|0|
21|680|384|1|113|1|0|
21|572|288|1|113|1|0|
21|590|384|1|113|1|0|
21|539|288|1|113|1|0|
21|540|192|1|113|1|0|
21|534|288|1|113|1|0|
21|557|288|1|113|1|0|
21|584|288|1|113|1|0|
21|543|288|1|113|1|0|
21|554|192|1|113|1|0|
21|560|288|1|113|1|0|
21|573|288|1|113|1|0|
21|509|192|1|113|1|0|
21|567|288|1|113|1|0|
21|508|288|1|113|1|0|
21|468|288|1|113|1|0|
21|530|288|1|113|1|0|
21|570|288|1|113|1|0|
21|543|288|1|113|1|0|
21|509|288|1|113|1|0|
21|578|288|1|113|1|0|
21|542|288|1|113|1|0|
21|611|288|1|113|1|0|
21|548|288|1|113|1|0|
21|583|288|1|113|1|0|
21|1301|672|1|113|1|0|
21|575|288|1|113|1|0|
21|553|288|1|113|1|0|
21|527|288|1|113|1|0|
21|550|288|1|113|1|0|
21|482|192|1|113|1|0|
21|567|288|1|113|1|0|
21|462|288|1|113|1|0|
21|544|288|1|113|1|0|
21|547|288|1|113|1|0|
21|519|288|1|113|1|0|
21|545|288|1|113|1|0|
21|568|288|1|113|1|0|
21|594|288|1|113|1|0|
21|581|288|1|113|1|0|
21|539|288|1|113|1|0|
21|557|288|1|113|1|0|
21|882|384|1|113|1|0|
21|547|288|1|113|1|0|
21|576|288|1|113|1|0|
21|1435|864|1|113|1|0|
21|557|288|1|113|1|0|
21|557|288|1|113|1|0|
21|547|288|1|113|1|0|
21|464|384|1|113|1|0|
21|521|192|1|113|1|0|
21|551|288|1|113|1|0|
21|542|288|1|113|1|0|
21|1364|768|1|113|1|0|
21|465|192|1|113|1|0|
21|567|288|1|111|1|0|
21|548|288|1|113|1|0|
21|575|288|1|113|1|0|
21|520|288|1|113|1|0|
21|576|288|1|113|1|0|
21|579|288|1|113|1|0|
21|470|192|1|113|1|0|
21|531|288|1|113|1|0|
21|584|384|1|113|1|0|
21|555|288|1|113|1|0|
21|515|192|1|113|1|0|
21|521|288|1|113|1|0|
21|470|288|1|113|1|0|
21|571|288|1|113|1|0|
21|538|288|1|113|1|0|
21|589|288|1|113|1|0|
21|469|288|1|113|1|0|
21|588|288|1|113|1|0|
21|588|288|1|113|1|0|
21|566|288|1|113|1|0|
21|481|192|1|113|1|0|
21|578|288|1|113|1|0|
21|599|288|1|113|1|0|
21|504|288|1|113|1|0|
21|568|384|1|113|1|0|
21|504|192|1|111|1|0|
21|550|288|1|113|1|0|
21|512|288|1|113|1|0|
21|573|288|1|113|1|0|
