INSTRUCTIONS_RETIRED|CYCLES|UNKNOWN|LD_BLOCKS.STORE_FORWARD|UOPS_EXECUTED.CORE|BR_MISP_RETIRED.ALL_BRANCHES|UOPS_ISSUED.SINGLE_MUL|
30|950|480|0|586|1|0|
30|970|480|0|585|1|0|
30|1141|672|0|824|1|0|
30|3692|2016|0|1098|1|0|
30|942|576|0|588|1|0|
30|1162|672|0|828|2|0|
30|1302|576|0|665|1|0|
30|1163|672|0|827|2|0|
30|943|480|0|589|1|0|
30|1153|576|0|824|1|0|
30|1150|480|0|825|2|0|
30|950|480|0|586|1|0|
30|955|384|0|586|1|0|
30|951|384|0|591|1|0|
30|948|480|0|586|1|0|
30|958|576|0|590|1|0|
30|940|384|0|589|1|0|
30|1208|480|0|838|1|0|
30|938|576|0|589|1|0|
30|1153|576|0|828|2|0|
30|1138|768|0|825|1|0|
30|1160|672|0|831|1|0|
30|1157|480|0|839|1|0|
30|1130|480|0|824|2|0|
30|1131|480|0|820|2|0|
30|1144|768|0|839|2|0|
30|1152|480|0|820|2|0|
30|946|384|0|593|2|0|
30|940|480|0|588|2|0|
30|969|672|0|588|2|0|
30|957|384|0|590|2|0|
30|1157|672|0|832|2|0|
30|957|576|0|589|2|0|
30|1071|480|0|870|2|0|
30|937|480|0|589|1|0|
30|943|480|0|592|1|0|
30|954|576|0|586|1|0|
30|934|576|0|588|1|0|
30|966|480|0|585|1|0|
30|938|384|0|588|1|0|
30|1146|576|0|819|1|0|
30|951|480|0|586|1|0|
30|939|480|0|589|1|0|
30|965|384|0|591|1|0|
30|1201|672|0|833|2|0|
30|940|480|0|586|2|0|
30|1169|576|0|834|2|0|
30|961|480|0|591|2|0|
30|1166|768|0|832|2|0|
30|945|384|0|586|2|0|
30|959|576|0|588|2|0|
30|1168|672|0|843|2|0|
30|1142|480|0|818|2|0|
30|1152|672|0|837|2|0|
30|972|384|0|591|2|0|
30|938|576|0|588|2|0|
30|954|480|0|589|2|0|
30|1144|768|0|836|2|0|
30|1146|672|0|838|2|0|
30|1161|672|0|828|2|0|
30|954|480|0|588|1|0|
30|943|480|0|589|1|0|
30|947|480|0|592|1|0|
30|934|480|0|589|2|0|
30|950|576|0|593|1|0|
30|1131|480|0|819|1|0|
30|1165|480|0|836|1|0|
30|957|384|0|587|1|0|
30|1131|576|0|822|2|0|
30|1158|672|0|827|2|0|
30|1154|480|0|832|2|0|
30|956|480|0|589|2|0|
30|950|672|0|591|1|0|
30|1156|672|0|839|1|0|
30|3905|2016|0|1317|1|0|
30|953|576|0|586|1|0|
30|962|480|0|588|1|0|
30|950|576|0|586|1|0|
30|942|576|0|589|1|0|
30|943|480|0|588|1|0|
30|955|384|0|586|1|0|
30|941|576|0|588|1|0|
30|953|576|0|586|1|0|
30|968|384|0|586|1|0|
30|968|480|0|587|1|0|
30|953|384|0|589|1|0|
30|943|480|0|588|1|0|
30|957|384|0|589|1|0|
30|953|480|0|589|1|0|
30|953|384|0|590|1|0|
30|1457|864|0|1936|1|0|
30|958|576|0|588|1|0|
30|1143|480|0|819|1|0|
30|945|576|0|586|1|0|
30|956|480|0|589|1|0|
30|1156|672|0|823|2|0|
30|1155|480|0|839|2|0|
30|1166|480|0|825|2|0|
30|1153|672|0|824|1|0|
30|1160|576|0|836|1|0|
30|1149|480|0|838|1|0|
30|1143|672|0|817|1|0|
30|942|384|0|589|1|0|
30|939|384|0|589|1|0|
30|1132|672|0|822|1|0|
30|1497|864|0|905|2|0|
30|1168|576|0|834|1|0|
30|1158|480|0|828|1|0|
30|1155|576|0|835|1|0|
30|1163|672|0|839|1|0|
30|959|384|0|591|1|0|
30|943|576|0|588|1|0|
30|1273|672|0|1029|1|0|
30|1153|480|0|835|1|0|
30|959|384|0|587|1|0|
30|952|384|0|585|1|0|
30|1161|672|0|819|1|0|
30|1163|672|0|838|1|0|
30|1185|672|0|827|1|0|
30|1176|480|0|835|1|0|
30|1161|576|0|824|2|0|
30|949|576|0|586|1|0|
30|949|576|0|593|1|0|
30|1159|480|0|839|1|0|
30|1168|672|0|834|1|0|
30|1151|672|0|838|1|0|
30|1155|576|0|827|2|0|
30|1151|672|0|821|2|0|
30|961|384|0|588|2|0|
30|950|384|0|586|1|0|
30|1209|480|0|840|1|0|
30|4102|2208|0|1443|2|0|
30|1145|864|0|822|1|0|
30|1177|672|0|825|2|0|
30|1164|576|0|824|2|0|
30|1129|672|0|821|2|0|
30|1136|480|0|823|1|0|
30|969|480|0|587|1|0|
30|948|384|0|591|1|0|
30|1169|576|0|827|2|0|
30|1155|576|0|838|1|0|
30|938|480|0|589|1|0|
30|1169|480|0|834|1|0|
30|1507|768|0|921|1|0|
30|952|480|0|590|1|0|
30|1151|480|0|822|2|0|
30|958|576|0|589|2|0|
30|1188|672|0|828|2|0|
30|941|384|0|588|1|0|
30|1086|384|0|1464|1|0|
30|940|576|0|589|1|0|
30|953|480|0|589|1|0|
30|958|480|0|589|1|0|
30|983|576|0|615|1|0|
30|960|576|0|587|1|0|
30|956|576|0|589|1|0|
30|944|576|0|589|1|0|
30|959|384|0|588|1|0|
30|940|480|0|589|1|0|
30|965|576|0|590|1|0|
30|957|384|0|589|1|0|
30|960|576|0|589|1|0|
30|956|480|0|589|1|0|
30|944|672|0|589|1|0|
30|951|384|0|586|1|0|
30|957|480|0|587|1|0|
30|938|384|0|589|1|0|
30|945|480|0|589|1|0|
30|947|480|0|593|1|0|
30|939|480|0|589|1|0|
30|954|384|0|587|1|0|
30|956|768|0|590|1|0|
30|948|384|0|591|1|0|
30|982|768|0|585|1|0|
30|1183|768|0|1450|2|0|
30|948|480|0|586|2|0|
30|943|480|0|589|2|0|
30|942|576|0|591|2|0|
30|943|480|0|587|2|0|
30|951|384|0|590|2|0|
30|958|384|0|587|2|0|
30|950|480|0|590|2|0|
30|957|480|0|591|2|0|
30|3140|1536|0|1081|2|0|
30|941|480|0|587|2|0|
30|948|384|0|589|1|0|
30|949|384|0|589|1|0|
30|938|480|0|588|1|0|
30|947|672|0|593|1|0|
30|982|480|0|594|1|0|
30|955|480|0|589|2|0|
30|1171|576|0|825|2|0|
30|1172|576|0|832|2|0|
30|1150|576|0|820|2|0|
30|953|384|0|590|2|0|
30|961|672|0|585|1|0|
30|1169|576|0|819|2|0|
30|1151|576|0|833|2|0|
30|1163|480|0|834|2|0|
30|938|576|0|588|2|0|
30|1163|672|0|823|2|0|
30|1135|576|0|819|2|0|
30|935|672|0|589|2|0|
30|948|480|0|593|2|0|
30|1438|672|0|2385|1|0|
30|943|480|0|590|2|0|
30|942|768|0|588|2|0|
30|1134|672|0|823|2|0|
30|1157|576|0|827|2|0|
30|948|384|0|586|2|0|
30|1195|480|0|827|2|0|
30|1162|480|0|827|2|0|
30|1408|864|0|1336|2|0|
30|1159|672|0|826|2|0|
30|1170|576|0|827|2|0|
30|1167|576|0|838|1|0|
30|943|384|0|593|1|0|
30|1172|768|0|824|2|0|
30|1159|576|0|839|1|0|
30|1127|576|0|1054|1|0|
30|1153|576|0|837|1|0|
30|946|384|0|587|2|0|
30|952|576|0|586|1|0|
30|965|480|0|591|1|0|
30|1142|576|0|815|1|0|
30|1182|480|0|826|2|0|
30|962|384|0|586|1|0|
30|1140|480|0|818|1|0|
30|1160|576|0|824|2|0|
30|1160|480|0|839|2|0|
30|1140|576|0|822|2|0|
30|3826|2016|0|1292|2|0|
30|1145|480|0|821|1|0|
30|1150|672|0|817|1|0|
30|1138|576|0|827|1|0|
30|3907|2208|0|1293|2|0|
30|971|480|0|586|1|0|
30|1136|576|0|821|1|0|
30|1137|480|0|824|1|0|
30|1149|576|0|821|1|0|
30|947|576|0|591|1|0|
30|1168|672|0|827|2|0|
30|1177|480|0|837|2|0|
30|958|576|0|590|2|0|
30|1013|576|0|588|2|0|
30|939|576|0|589|2|0|
30|951|576|0|586|1|0|
30|1154|768|0|823|2|0|
30|1145|576|0|824|1|0|
30|949|384|0|585|1|0|
30|950|384|0|591|1|0|
30|936|576|0|589|1|0|
30|1156|480|0|841|1|0|
30|1153|672|0|819|1|0|
30|1157|576|0|820|2|0|
30|1438|768|0|1392|2|0|
30|1146|480|0|820|2|0|
30|1154|672|0|828|2|0|
30|945|480|0|593|2|0|
30|1195|576|0|831|1|0|
30|1172|672|0|837|1|0|
30|1153|672|0|833|1|0|
30|943|384|0|589|1|0|
30|1434|768|0|1627|1|0|
30|1188|576|0|837|2|0|
30|1129|576|0|820|2|0|
30|1155|576|0|819|2|0|
30|1168|480|0|835|2|0|
30|1170|768|0|824|2|0|
30|953|480|0|585|2|0|
30|960|384|0|588|2|0|
30|1511|864|0|934|2|0|
30|1181|480|0|831|1|0|
30|1167|576|0|831|1|0|
30|965|480|0|590|1|0|
30|1152|480|0|823|1|0|
30|960|384|0|589|1|0|
30|1154|672|0|821|1|0|
30|1162|672|0|836|1|0|
30|1138|576|0|825|1|0|
30|948|576|0|593|1|0|
30|1140|480|0|822|2|0|
30|1177|480|0|819|2|0|
30|955|576|0|586|1|0|
30|1155|672|0|832|1|0|
30|1166|768|0|841|1|0|
30|1157|672|0|840|1|0|
30|1173|480|0|832|1|0|
30|1142|576|0|819|1|0|
30|1150|576|0|823|1|0|
30|1165|576|0|838|1|0|
30|1168|768|0|828|2|0|
30|980|384|0|609|2|0|
30|1154|576|0|838|2|0|
30|952|576|0|586|2|0|
30|1157|480|0|841|1|0|
30|1146|576|0|822|2|0|
30|951|480|0|585|2|0|
30|945|384|0|592|2|0|
30|942|480|0|588|2|0|
30|949|384|0|585|1|0|
30|1146|480|0|822|1|0|
30|1141|768|0|818|1|0|
30|1163|576|0|841|1|0|
30|1168|480|0|827|2|0|
30|1167|576|0|825|2|0|
30|1318|768|0|1268|2|0|
30|3812|1920|0|1309|2|0|
30|943|480|0|588|2|0|
30|942|384|0|588|1|0|
30|957|576|0|590|1|0|
30|957|576|0|590|1|0|
30|953|576|0|590|1|0|
30|1157|480|0|841|1|0|
30|1153|576|0|824|1|0|
30|1158|672|0|835|1|0|
30|1162|576|0|835|1|0|
30|1153|576|0|833|1|0|
30|1166|672|0|841|1|0|
30|1165|576|0|832|1|0|
30|1159|672|0|1611|1|0|
30|952|576|0|585|1|0|
30|957|576|0|586|1|0|
30|958|672|0|588|1|0|
30|1131|768|0|1007|1|0|
30|944|576|0|589|1|0|
30|944|480|0|591|1|0|
30|939|480|0|587|1|0|
30|974|480|0|586|1|0|
30|954|480|0|589|1|0|
30|941|576|0|588|1|0|
30|957|672|0|588|1|0|
30|943|480|0|589|1|0|
30|941|480|0|589|1|0|
30|946|480|0|593|1|0|
30|976|384|0|588|1|0|
30|939|384|0|589|1|0|
30|968|384|0|584|1|0|
30|957|480|0|588|1|0|
30|941|384|0|584|1|0|
30|951|480|0|589|1|0|
30|947|480|0|591|1|0|
30|944|480|0|591|1|0|
30|1160|864|0|832|2|0|
30|1320|672|0|1182|2|0|
30|1167|576|0|838|1|0|
30|1153|672|0|825|2|0|
30|1143|576|0|823|1|0|
30|978|384|0|588|1|0|
30|956|672|0|589|1|0|
30|1145|672|0|818|2|0|
30|950|384|0|590|1|0|
30|1147|576|0|836|1|0|
30|1153|576|0|838|1|0|
30|956|576|0|589|1|0|
30|964|672|0|586|1|0|
30|943|768|0|589|1|0|
30|1158|576|0|829|2|0|
30|1169|576|0|831|1|0|
30|1166|576|0|836|1|0|
30|947|576|0|586|1|0|
30|945|480|0|588|1|0|
30|949|672|0|593|1|0|
30|942|384|0|588|1|0|
30|946|480|0|593|1|0|
30|949|384|0|586|1|0|
30|950|576|0|592|1|0|
30|944|480|0|586|1|0|
30|957|480|0|588|1|0|
30|955|480|0|590|1|0|
30|962|384|0|590|1|0|
30|957|384|0|588|1|0|
30|956|672|0|590|1|0|
30|952|480|0|591|1|0|
30|964|480|0|590|1|0|
30|950|576|0|585|1|0|
30|969|672|0|591|1|0|
30|942|480|0|589|1|0|
30|950|480|0|586|1|0|
30|946|384|0|586|1|0|
30|1000|672|0|585|1|0|
30|943|384|0|589|1|0|
30|1358|768|0|1490|1|0|
30|1131|768|0|824|1|0|
30|1168|480|0|837|1|0|
30|1150|576|0|838|1|0|
30|947|384|0|586|1|0|
30|1151|576|0|823|1|0|
30|1134|576|0|820|1|0|
30|1142|672|0|818|1|0|
30|1159|672|0|836|1|0|
30|942|576|0|589|1|0|
30|952|576|0|586|1|0|
30|1156|576|0|841|1|0|
30|1128|576|0|822|2|0|
30|1141|672|0|829|2|0|
30|1140|672|0|825|1|0|
30|954|480|0|586|1|0|
30|945|384|0|593|1|0|
30|1154|672|0|839|1|0|
30|944|576|0|588|1|0|
30|1174|768|0|843|1|0|
30|1145|480|0|824|1|0|
30|977|384|0|588|1|0|
30|957|384|0|589|1|0|
30|1142|576|0|818|2|0|
30|1229|576|0|1164|2|0|
30|1161|576|0|836|2|0|
30|1170|768|0|838|2|0|
30|1158|672|0|826|2|0|
30|1139|480|0|823|2|0|
30|1155|672|0|829|2|0|
30|940|480|0|589|2|0|
30|1152|576|0|824|2|0|
30|1151|672|0|823|1|0|
30|1163|576|0|833|1|0|
30|1152|576|0|833|1|0|
30|950|480|0|592|1|0|
30|944|480|0|585|1|0|
30|941|480|0|589|1|0|
30|1149|480|0|835|1|0|
30|1172|480|0|839|1|0|
30|1161|576|0|831|2|0|
30|1163|576|0|836|2|0|
30|959|576|0|591|2|0|
30|965|672|0|639|2|0|
30|1154|576|0|822|1|0|
30|1140|480|0|822|1|0|
30|1143|576|0|818|1|0|
30|955|480|0|586|1|0|
30|949|480|0|591|1|0|
30|965|384|0|588|1|0|
30|946|480|0|589|1|0|
30|1152|576|0|840|1|0|
30|1155|672|0|830|2|0|
30|951|576|0|586|2|0|
30|1148|768|0|838|2|0|
30|954|576|0|587|2|0|
30|949|480|0|592|2|0|
30|1133|576|0|825|2|0|
30|950|576|0|586|2|0|
30|1150|768|0|819|2|0|
30|1167|672|0|831|2|0|
30|942|480|0|588|1|0|
30|1137|576|0|817|1|0|
30|951|384|0|590|1|0|
30|944|480|0|589|1|0|
30|1140|576|0|824|1|0|
30|1205|672|0|825|2|0|
30|957|576|0|589|1|0|
30|1156|576|0|839|1|0|
30|1146|576|0|838|1|0|
30|1161|480|0|827|1|0|
30|941|480|0|589|1|0|
30|942|480|0|588|1|0|
30|1156|480|0|828|2|0|
30|1165|672|0|834|2|0|
30|958|384|0|589|2|0|
30|1136|480|0|826|2|0|
30|1175|480|0|835|2|0|
30|943|576|0|589|2|0|
30|1138|576|0|820|2|0|
30|1170|672|0|832|2|0|
30|942|480|0|589|2|0|
30|974|480|0|588|2|0|
30|1176|480|0|818|2|0|
30|1134|576|0|821|2|0|
30|1141|576|0|824|2|0|
30|1160|480|0|832|2|0|
30|963|576|0|591|2|0|
30|946|576|0|591|2|0|
30|941|480|0|589|2|0|
30|1158|480|0|831|2|0|
30|936|384|0|589|2|0|
30|1149|576|0|837|2|0|
30|1154|768|0|823|2|0|
30|1159|576|0|836|2|0|
30|1504|672|0|2570|2|0|
30|1170|576|0|832|2|0|
30|951|384|0|588|1|0|
30|1172|672|0|831|2|0|
30|1266|768|0|1099|2|0|
30|1174|576|0|832|1|0|
30|937|576|0|589|1|0|
30|946|576|0|589|1|0|
30|939|576|0|589|1|0|
30|941|576|0|589|1|0|
30|946|576|0|593|1|0|
30|947|384|0|590|1|0|
30|941|576|0|589|1|0|
30|943|480|0|586|1|0|
30|950|480|0|586|1|0|
30|943|480|0|589|1|0|
30|951|576|0|591|1|0|
30|942|384|0|588|1|0|
30|940|384|0|589|1|0|
30|945|384|0|589|1|0|
30|1071|672|0|590|2|0|
30|941|576|0|588|1|0|
30|944|384|0|589|1|0|
30|937|480|0|589|1|0|
30|955|384|0|591|1|0|
30|947|576|0|593|1|0|
30|942|480|0|589|1|0|
30|961|480|0|595|1|0|
30|968|576|0|588|1|0|
30|946|384|0|589|1|0|
30|960|480|0|591|1|0|
30|939|480|0|589|1|0|
30|950|480|0|589|1|0|
30|954|576|0|585|1|0|
30|938|576|0|588|1|0|
30|940|384|0|588|1|0|
30|945|672|0|588|1|0|
30|961|672|0|591|2|0|
30|1171|576|0|1965|1|0|
30|948|672|0|585|1|0|
30|961|480|0|585|1|0|
30|946|672|0|593|1|0|
30|962|480|0|588|1|0|
30|941|480|0|588|1|0|
30|958|576|0|588|1|0|
30|940|480|0|588|1|0|
30|953|480|0|589|1|0|
30|955|576|0|589|1|0|
30|958|576|0|590|1|0|
30|940|576|0|589|1|0|
30|996|480|0|590|1|0|
30|951|576|0|586|1|0|
30|940|576|0|588|1|0|
30|1001|480|0|585|1|0|
30|954|480|0|585|1|0|
30|937|384|0|589|1|0|
30|957|480|0|588|1|0|
30|953|576|0|590|1|0|
30|954|480|0|586|1|0|
30|956|576|0|588|1|0|
30|966|672|0|586|1|0|
30|957|384|0|588|1|0|
30|940|480|0|589|1|0|
30|948|576|0|586|1|0|
30|941|384|0|589|1|0|
30|940|384|0|588|1|0|
30|953|576|0|585|1|0|
30|964|384|0|585|1|0|
30|970|480|0|591|1|0|
30|951|480|0|591|1|0|
30|953|672|0|591|1|0|
30|934|576|0|589|1|0|
30|948|384|0|586|1|0|
30|937|576|0|589|1|0|
30|953|480|0|586|1|0|
30|949|384|0|586|1|0|
30|953|480|0|588|1|0|
30|947|480|0|591|1|0|
30|951|480|0|593|1|0|
30|954|384|0|586|1|0|
30|940|576|0|589|1|0|
30|941|480|0|588|1|0|
30|945|384|0|593|1|0|
30|943|480|0|588|1|0|
30|959|384|0|590|1|0|
30|942|384|0|589|1|0|
30|1159|576|0|1716|2|0|
30|943|672|0|588|2|0|
30|945|576|0|591|2|0|
30|954|576|0|591|2|0|
30|950|576|0|593|2|0|
30|950|384|0|586|2|0|
30|961|384|0|591|2|0|
30|957|576|0|588|2|0|
30|949|672|0|585|2|0|
30|951|384|0|586|1|0|
30|950|480|0|591|1|0|
30|949|576|0|593|1|0|
30|943|384|0|593|1|0|
30|941|384|0|589|1|0|
30|948|480|0|592|1|0|
30|1032|576|0|822|1|0|
30|963|672|0|588|1|0|
30|939|576|0|589|1|0|
30|1510|768|0|2263|1|0|
30|952|384|0|591|1|0|
30|1150|480|0|838|1|0|
30|1159|576|0|832|2|0|
30|1150|672|0|825|2|0|
30|1180|768|0|830|2|0|
30|953|384|0|590|2|0|
30|940|576|0|588|2|0|
30|1187|672|0|838|2|0|
30|1149|672|0|833|2|0|
30|1148|672|0|820|1|0|
30|1137|672|0|820|1|0|
30|1162|576|0|837|1|0|
30|988|480|0|585|1|0|
30|1192|768|0|828|2|0|
30|1173|672|0|822|2|0|
30|1138|576|0|817|1|0|
30|1145|672|0|839|1|0|
30|964|672|0|587|1|0|
30|941|384|0|588|1|0|
30|1133|480|0|824|2|0|
30|1153|576|0|828|2|0|
30|982|576|0|586|2|0|
30|1162|576|0|840|2|0|
30|1148|672|0|827|2|0|
30|1155|768|0|835|2|0|
30|958|480|0|588|2|0|
30|1138|672|0|826|2|0|
30|1160|576|0|831|2|0|
30|948|384|0|592|2|0|
30|1135|480|0|822|2|0|
30|1167|576|0|841|2|0|
30|1135|576|0|824|2|0|
30|1165|576|0|833|2|0|
30|940|576|0|589|2|0|
30|956|384|0|588|1|0|
30|1174|672|0|842|1|0|
30|1144|672|0|821|1|0|
30|1165|672|0|836|1|0|
30|1160|480|0|835|1|0|
30|1165|672|0|824|2|0|
30|940|384|0|589|2|0|
30|942|480|0|588|2|0|
30|1136|576|0|822|2|0|
30|1165|672|0|836|2|0|
30|1151|576|0|841|2|0|
30|1152|768|0|839|2|0|
30|1147|576|0|821|1|0|
30|1174|480|0|1488|1|0|
30|965|384|0|585|1|0|
30|955|480|0|591|1|0|
30|957|480|0|589|1|0|
30|948|576|0|593|1|0|
30|946|480|0|593|1|0|
30|964|480|0|587|1|0|
30|938|480|0|588|1|0|
30|937|576|0|589|1|0|
30|950|480|0|585|1|0|
30|951|384|0|585|1|0|
30|947|576|0|591|1|0|
30|935|480|0|589|1|0|
30|951|480|0|585|1|0|
30|1124|672|0|911|1|0|
30|941|384|0|589|1|0|
30|947|384|0|585|1|0|
30|941|480|0|589|1|0|
30|958|384|0|587|1|0|
30|938|480|0|587|1|0|
30|942|480|0|588|1|0|
30|947|672|0|590|1|0|
30|947|384|0|592|1|0|
30|941|480|0|589|1|0|
30|952|576|0|585|1|0|
30|942|480|0|586|1|0|
30|949|384|0|589|1|0|
30|943|480|0|588|1|0|
30|945|576|0|588|1|0|
30|939|384|0|588|1|0|
30|961|576|0|587|1|0|
30|939|480|0|589|1|0|
30|941|480|0|589|1|0|
30|947|672|0|593|1|0|
30|948|576|0|593|1|0|
30|1306|768|0|684|1|0|
30|958|576|0|588|1|0|
30|967|576|0|586|1|0|
30|942|384|0|593|1|0|
30|936|480|0|589|1|0|
30|954|480|0|588|1|0|
30|938|384|0|589|1|0|
30|944|480|0|589|1|0|
30|949|480|0|590|1|0|
30|945|672|0|593|1|0|
30|980|480|0|586|1|0|
30|970|384|0|587|1|0|
30|951|384|0|586|1|0|
30|958|576|0|590|1|0|
30|946|384|0|593|1|0|
30|956|384|0|589|1|0|
30|959|576|0|586|1|0|
30|1313|768|0|1389|1|0|
30|1162|672|0|817|1|0|
30|1176|768|0|839|1|0|
30|1153|480|0|832|1|0|
30|955|576|0|589|1|0|
30|943|576|0|589|1|0|
30|952|480|0|591|1|0|
30|1132|576|0|824|2|0|
30|1187|576|0|834|2|0|
30|1180|480|0|829|1|0|
30|1172|480|0|838|1|0|
30|939|576|0|589|1|0|
30|943|576|0|587|1|0|
30|1151|672|0|842|1|0|
30|1267|672|0|1097|1|0|
30|1140|576|0|826|1|0|
30|1136|672|0|821|1|0|
30|1171|672|0|834|1|0|
30|946|384|0|591|1|0|
30|940|480|0|589|1|0|
30|956|384|0|589|1|0|
30|1302|768|0|1189|1|0|
30|950|480|0|586|1|0|
30|1497|864|0|2772|1|0|
30|1149|576|0|827|2|0|
30|1140|576|0|825|1|0|
30|1139|576|0|822|2|0|
30|937|576|0|588|2|0|
30|1149|672|0|836|2|0|
30|960|576|0|589|1|0|
30|1149|576|0|835|1|0|
30|1144|672|0|826|1|0|
30|1156|480|0|831|2|0|
30|1158|576|0|829|2|0|
30|1151|576|0|820|2|0|
30|944|480|0|585|2|0|
30|1165|480|0|840|1|0|
30|1145|672|0|819|1|0|
30|1161|576|0|828|2|0|
30|1156|480|0|834|1|0|
30|1139|768|0|826|2|0|
30|1155|480|0|834|2|0|
30|1137|480|0|825|1|0|
30|1165|480|0|837|1|0|
30|1136|672|0|827|1|0|
30|1156|672|0|823|1|0|
30|949|384|0|592|1|0|
30|958|576|0|588|1|0|
30|944|576|0|588|1|0|
30|1162|480|0|837|1|0|
30|1151|480|0|823|1|0|
30|1158|576|0|834|1|0|
30|947|480|0|592|1|0|
30|1157|576|0|843|1|0|
30|1175|672|0|822|2|0|
30|940|384|0|589|2|0|
30|951|480|0|587|1|0|
30|1153|768|0|833|1|0|
30|953|672|0|586|1|0|
30|1163|672|0|838|1|0|
30|1162|576|0|841|1|0|
30|1168|768|0|831|1|0|
30|941|480|0|589|1|0|
30|1160|672|0|819|2|0|
30|1130|672|0|821|2|0|
30|957|480|0|590|1|0|
30|1166|768|0|836|1|0|
30|1166|576|0|829|2|0|
30|955|480|0|590|2|0|
30|942|576|0|593|2|0|
30|953|576|0|590|1|0|
30|950|576|0|586|1|0|
30|936|576|0|589|1|0|
30|1149|672|0|820|1|0|
30|1151|672|0|833|1|0|
30|953|576|0|590|1|0|
30|946|576|0|593|1|0|
30|962|480|0|586|1|0|
30|954|384|0|586|1|0|
30|954|576|0|590|1|0|
30|965|480|0|587|1|0|
30|949|480|0|586|1|0|
30|945|576|0|585|1|0|
30|1004|576|0|588|1|0|
30|954|480|0|590|1|0|
30|953|384|0|585|1|0|
30|952|480|0|584|1|0|
30|945|384|0|589|1|0|
30|942|480|0|588|1|0|
30|965|480|0|588|1|0|
30|1146|672|0|1645|1|0|
30|968|480|0|585|1|0|
30|961|576|0|590|1|0|
30|954|384|0|592|1|0|
30|1157|672|0|841|1|0|
30|1182|576|0|828|1|0|
30|945|384|0|588|1|0|
30|1142|480|0|819|2|0|
30|942|384|0|589|2|0|
30|955|576|0|588|2|0|
30|1165|672|0|829|2|0|
30|1201|480|0|837|2|0|
30|1164|768|0|832|1|0|
30|950|480|0|585|1|0|
30|958|480|0|589|1|0|
30|952|480|0|586|1|0|
30|944|672|0|588|1|0|
30|946|672|0|585|1|0|
30|1139|576|0|826|1|0|
30|1161|480|0|828|2|0|
30|1020|576|0|591|2|0|
30|937|576|0|588|2|0|
30|954|384|0|590|1|0|
30|952|576|0|584|1|0|
30|952|672|0|586|1|0|
30|952|768|0|586|1|0|
30|964|384|0|587|1|0|
30|941|576|0|589|1|0|
30|948|576|0|586|1|0|
30|949|384|0|593|1|0|
30|1124|384|0|794|1|0|
30|959|480|0|587|1|0|
30|953|384|0|588|1|0|
30|974|576|0|590|1|0|
30|936|672|0|589|1|0|
30|945|480|0|588|1|0|
30|959|480|0|589|1|0|
30|951|672|0|586|1|0|
30|943|384|0|589|1|0|
30|946|480|0|588|1|0|
30|941|480|0|593|1|0|
30|944|672|0|588|1|0|
30|949|480|0|586|1|0|
30|944|384|0|589|1|0|
30|958|384|0|588|1|0|
30|961|384|0|588|1|0|
30|936|576|0|589|1|0|
30|958|384|0|590|1|0|
30|1156|672|0|1580|1|0|
30|955|576|0|589|1|0|
30|948|576|0|591|1|0|
30|962|480|0|590|1|0|
30|953|384|0|585|1|0|
30|942|480|0|588|1|0|
30|941|480|0|588|1|0|
30|956|384|0|587|1|0|
30|1368|768|0|1322|1|0|
30|1180|672|0|826|1|0|
30|1161|480|0|825|1|0|
30|939|384|0|589|1|0|
30|1148|576|0|821|1|0|
30|1138|576|0|823|2|0|
30|957|384|0|589|2|0|
30|1119|576|0|1244|1|0|
30|1163|672|0|831|1|0|
30|1146|480|0|839|1|0|
30|1136|672|0|824|2|0|
30|1160|576|0|823|2|0|
30|957|480|0|590|2|0|
30|1152|672|0|826|2|0|
30|1127|672|0|821|2|0|
30|1136|576|0|822|2|0|
30|943|384|0|593|2|0|
30|1145|672|0|838|2|0|
30|1134|480|0|820|2|0|
30|1150|672|0|826|2|0|
30|1154|480|0|827|2|0|
30|1157|672|0|831|2|0|
30|1134|672|0|818|2|0|
30|940|576|0|589|2|0|
30|952|480|0|586|2|0|
30|1167|576|0|829|2|0|
30|1152|672|0|821|2|0|
30|944|384|0|588|2|0|
30|1141|576|0|823|2|0|
30|1292|672|0|679|2|0|
30|948|384|0|592|2|0|
30|947|480|0|588|2|0|
30|950|576|0|593|2|0|
30|944|480|0|593|2|0|
30|942|672|0|589|2|0|
30|942|480|0|589|2|0|
30|955|480|0|588|2|0|
30|945|480|0|591|2|0|
30|950|672|0|592|2|0|
30|959|480|0|588|2|0|
30|941|480|0|588|2|0|
30|941|480|0|587|2|0|
30|943|384|0|593|2|0|
30|965|480|0|585|1|0|
30|942|576|0|587|1|0|
30|949|480|0|586|1|0|
30|940|576|0|588|1|0|
30|952|480|0|593|1|0|
30|942|576|0|589|1|0|
30|942|576|0|589|1|0|
30|938|576|0|589|1|0|
30|963|480|0|588|1|0|
30|954|384|0|589|1|0|
30|945|672|0|593|1|0|
30|954|480|0|586|1|0|
30|956|384|0|590|1|0|
30|944|672|0|588|1|0|
30|1094|768|0|710|1|0|
30|939|384|0|589|1|0|
30|949|480|0|586|1|0|
30|943|576|0|591|1|0|
30|940|384|0|589|1|0|
30|954|672|0|589|1|0|
30|943|384|0|591|1|0|
30|941|384|0|588|1|0|
30|951|576|0|585|1|0|
30|947|480|0|593|1|0|
30|1090|672|0|586|2|0|
30|1097|672|0|996|1|0|
30|940|576|0|588|1|0|
30|946|480|0|593|1|0|
30|947|480|0|593|1|0|
30|954|480|0|589|1|0|
30|941|576|0|589|1|0|
30|953|384|0|593|1|0|
30|942|480|0|589|1|0|
30|951|480|0|593|1|0|
30|973|480|0|588|1|0|
30|948|576|0|593|1|0|
30|968|576|0|586|1|0|
30|958|480|0|589|1|0|
30|940|480|0|588|1|0|
30|945|576|0|589|1|0|
30|953|384|0|588|1|0|
30|938|384|0|589|1|0|
30|950|384|0|586|2|0|
30|968|480|0|588|2|0|
30|943|576|0|589|1|0|
30|943|384|0|590|1|0|
30|952|384|0|583|1|0|
30|943|576|0|589|1|0|
30|940|384|0|588|1|0|
30|952|384|0|586|1|0|
30|949|480|0|590|1|0|
30|960|384|0|590|1|0|
30|942|480|0|589|1|0|
30|951|480|0|586|1|0|
30|949|480|0|591|1|0|
30|948|384|0|586|1|0|
30|943|480|0|591|1|0|
30|949|384|0|590|1|0|
30|940|384|0|589|1|0|
30|944|480|0|591|1|0|
30|941|576|0|588|1|0|
30|949|480|0|593|1|0|
30|947|384|0|592|1|0|
30|952|576|0|586|1|0|
30|955|672|0|590|1|0|
30|945|576|0|588|1|0|
30|956|480|0|587|1|0|
30|945|480|0|589|1|0|
30|955|672|0|590|1|0|
30|951|480|0|591|1|0|
30|943|480|0|589|1|0|
30|941|576|0|589|1|0|
30|940|480|0|588|1|0|
30|940|384|0|589|1|0|
30|961|480|0|588|1|0|
30|948|480|0|589|1|0|
30|961|384|0|590|1|0|
30|964|576|0|589|1|0|
30|960|480|0|589|1|0|
30|963|672|0|588|1|0|
30|947|672|0|593|1|0|
30|1069|384|0|745|2|0|
30|942|384|0|589|1|0|
30|949|480|0|586|1|0|
30|953|384|0|586|1|0|
30|950|672|0|592|1|0|
30|942|576|0|588|1|0|
30|1178|576|0|1426|1|0|
30|940|576|0|588|1|0|
30|953|384|0|586|1|0|
30|945|480|0|593|1|0|
30|942|480|0|588|1|0|
30|948|576|0|592|1|0|
30|950|576|0|593|1|0|
30|952|384|0|586|1|0|
30|947|672|0|593|1|0|
30|957|384|0|591|1|0|
30|942|576|0|589|1|0|
30|957|480|0|591|1|0|
30|946|384|0|589|1|0|
30|942|384|0|589|1|0|
30|937|480|0|588|1|0|
30|941|480|0|589|1|0|
30|949|384|0|590|1|0|
30|943|384|0|589|1|0|
30|945|384|0|593|1|0|
30|955|480|0|591|1|0|
30|937|384|0|589|1|0|
30|968|480|0|590|1|0|
30|954|576|0|586|1|0|
30|966|384|0|588|1|0|
30|951|384|0|591|1|0|
30|946|480|0|590|1|0|
30|958|576|0|586|1|0|
30|944|480|0|593|1|0|
30|952|480|0|590|1|0|
30|942|576|0|589|1|0|
30|941|384|0|588|1|0|
30|948|384|0|586|1|0|
30|965|672|0|588|1|0|
30|948|480|0|586|1|0|
30|952|576|0|589|1|0|
30|956|384|0|589|1|0|
30|941|672|0|589|1|0|
30|952|672|0|589|1|0|
30|940|576|0|588|1|0|
30|950|480|0|592|1|0|
30|942|480|0|592|1|0|
30|942|576|0|589|1|0|
30|949|576|0|590|1|0|
