INSTRUCTIONS_RETIRED|CYCLES|UNKNOWN|LD_BLOCKS.STORE_FORWARD|UOPS_EXECUTED.CORE|BR_MISP_RETIRED.ALL_BRANCHES|UOPS_ISSUED.SINGLE_MUL|
30|953|576|0|590|1|0|
30|949|576|0|585|1|0|
30|944|480|0|590|1|0|
30|938|480|0|588|1|0|
30|939|480|0|588|1|0|
30|960|480|0|589|2|0|
30|953|480|0|590|2|0|
30|943|480|0|586|1|0|
30|964|384|0|586|1|0|
30|947|480|0|590|1|0|
30|973|576|0|588|1|0|
30|945|480|0|593|1|0|
30|948|480|0|592|1|0|
30|946|480|0|589|1|0|
30|942|480|0|589|1|0|
30|953|480|0|589|1|0|
30|937|480|0|589|1|0|
30|947|480|0|593|1|0|
30|949|480|0|592|1|0|
30|942|384|0|589|1|0|
30|937|480|0|589|1|0|
30|958|384|0|588|1|0|
30|947|672|0|593|1|0|
30|944|384|0|592|1|0|
30|942|384|0|589|1|0|
30|960|384|0|587|1|0|
30|958|480|0|587|1|0|
30|955|480|0|590|1|0|
30|948|480|0|585|1|0|
30|960|384|0|589|1|0|
30|948|480|0|586|1|0|
30|945|480|0|593|1|0|
30|959|480|0|591|1|0|
30|953|480|0|589|1|0|
30|949|576|0|589|1|0|
30|941|480|0|589|1|0|
30|948|672|0|588|1|0|
30|964|384|0|591|1|0|
30|939|480|0|588|1|0|
30|956|480|0|589|1|0|
30|951|576|0|590|1|0|
30|937|480|0|589|1|0|
30|948|384|0|588|1|0|
30|943|576|0|586|1|0|
30|945|480|0|593|1|0|
30|934|384|0|589|1|0|
30|982|576|0|588|1|0|
30|942|480|0|588|1|0|
30|954|672|0|590|1|0|
30|946|576|0|592|1|0|
30|937|576|0|589|1|0|
30|962|480|0|589|1|0|
30|950|576|0|586|1|0|
30|944|384|0|588|1|0|
30|962|384|0|590|1|0|
30|961|480|0|590|1|0|
30|942|480|0|589|1|0|
30|954|384|0|589|1|0|
30|953|384|0|588|1|0|
30|943|480|0|589|1|0|
30|939|576|0|589|1|0|
30|951|480|0|585|1|0|
30|942|576|0|588|1|0|
30|959|672|0|591|1|0|
30|975|672|0|591|1|0|
30|941|384|0|589|1|0|
30|940|480|0|593|1|0|
30|936|480|0|589|1|0|
30|951|576|0|586|1|0|
30|958|480|0|589|1|0|
30|944|576|0|588|1|0|
30|945|576|0|593|1|0|
30|949|576|0|593|1|0|
30|952|576|0|589|1|0|
30|947|480|0|593|1|0|
30|953|384|0|592|1|0|
30|944|576|0|592|1|0|
30|949|480|0|591|1|0|
30|959|672|0|586|1|0|
30|947|480|0|595|1|0|
30|938|384|0|589|1|0|
30|956|384|0|588|1|0|
30|953|576|0|586|1|0|
30|949|480|0|591|1|0|
30|959|576|0|590|1|0|
30|959|576|0|588|1|0|
30|943|384|0|588|1|0|
30|941|480|0|589|1|0|
30|942|384|0|592|1|0|
30|938|384|0|589|1|0|
30|949|480|0|591|1|0|
30|945|480|0|593|1|0|
30|951|576|0|585|1|0|
30|950|480|0|593|1|0|
30|953|576|0|589|1|0|
30|991|672|0|590|1|0|
30|941|576|0|589|1|0|
30|942|384|0|587|1|0|
30|980|384|0|586|1|0|
30|968|576|0|585|1|0|
30|946|576|0|590|1|0|
30|952|672|0|585|1|0|
30|956|384|0|589|1|0|
30|944|576|0|592|1|0|
30|943|576|0|592|1|0|
30|946|672|0|592|1|0|
30|942|480|0|593|1|0|
30|961|480|0|588|1|0|
30|949|384|0|586|1|0|
30|943|480|0|585|1|0|
30|959|480|0|588|1|0|
30|953|480|0|589|1|0|
30|946|672|0|593|1|0|
30|945|576|0|591|1|0|
30|954|384|0|589|1|0|
30|943|384|0|593|1|0|
30|939|480|0|593|1|0|
30|946|576|0|591|1|0|
30|956|576|0|588|1|0|
30|953|384|0|585|1|0|
30|943|576|0|588|1|0|
30|949|384|0|590|1|0|
30|937|672|0|589|1|0|
30|959|672|0|589|1|0|
30|940|480|0|589|1|0|
30|953|384|0|584|1|0|
30|933|576|0|589|1|0|
30|964|384|0|587|1|0|
30|960|576|0|590|1|0|
30|939|576|0|589|1|0|
30|943|576|0|588|1|0|
30|957|768|0|588|1|0|
30|960|576|0|588|1|0|
30|956|480|0|587|1|0|
30|945|384|0|586|1|0|
30|951|672|0|591|1|0|
30|950|480|0|589|1|0|
30|951|480|0|586|1|0|
30|946|576|0|593|1|0|
30|936|576|0|589|1|0|
30|959|576|0|587|1|0|
30|963|480|0|586|1|0|
30|954|576|0|592|1|0|
30|939|384|0|593|1|0|
30|958|672|0|589|1|0|
30|949|576|0|591|1|0|
30|933|480|0|589|1|0|
30|948|576|0|585|1|0|
30|962|384|0|591|1|0|
30|962|480|0|586|1|0|
30|937|384|0|589|1|0|
30|940|480|0|589|1|0|
30|946|480|0|593|1|0|
30|939|576|0|589|1|0|
30|948|384|0|585|1|0|
30|966|480|0|586|1|0|
30|950|384|0|585|1|0|
30|942|384|0|589|1|0|
30|939|576|0|589|1|0|
30|951|576|0|586|1|0|
30|946|384|0|593|1|0|
30|951|768|0|588|1|0|
30|953|384|0|586|1|0|
30|948|384|0|589|1|0|
30|984|480|0|588|1|0|
30|962|480|0|591|1|0|
30|952|480|0|591|1|0|
30|972|480|0|588|1|0|
30|956|384|0|589|1|0|
30|945|576|0|593|1|0|
30|963|384|0|585|1|0|
30|952|384|0|586|1|0|
30|943|576|0|591|1|0|
30|950|384|0|593|1|0|
30|941|576|0|589|1|0|
30|949|576|0|589|1|0|
30|941|384|0|589|1|0|
30|992|384|0|593|1|0|
30|950|576|0|591|1|0|
30|954|672|0|585|1|0|
30|957|384|0|587|1|0|
30|939|480|0|588|1|0|
30|937|480|0|588|1|0|
30|937|480|0|588|1|0|
30|957|480|0|589|1|0|
30|941|480|0|589|1|0|
30|940|480|0|588|1|0|
30|965|576|0|586|1|0|
30|937|576|0|588|1|0|
30|946|576|0|593|1|0|
30|945|672|0|589|1|0|
30|944|576|0|589|1|0|
30|989|480|0|583|1|0|
30|953|480|0|590|1|0|
30|949|384|0|593|1|0|
30|943|480|0|589|1|0|
30|963|384|0|586|1|0|
30|940|480|0|588|1|0|
30|956|384|0|590|1|0|
30|942|384|0|589|1|0|
30|937|576|0|588|1|0|
30|948|480|0|586|1|0|
30|944|576|0|590|1|0|
30|935|480|0|588|1|0|
30|1171|480|0|1685|1|0|
30|948|384|0|588|1|0|
30|945|384|0|590|1|0|
30|934|384|0|589|1|0|
30|943|576|0|588|1|0|
30|955|480|0|589|1|0|
30|942|576|0|593|1|0|
30|948|384|0|593|1|0|
30|985|576|0|588|2|0|
30|940|480|0|588|1|0|
30|949|576|0|585|1|0|
30|945|480|0|591|1|0|
30|954|576|0|589|1|0|
30|946|384|0|589|1|0|
30|946|480|0|590|1|0|
30|946|576|0|585|1|0|
30|952|384|0|588|1|0|
30|958|384|0|589|1|0|
30|942|480|0|588|1|0|
30|1145|576|0|821|1|0|
30|1137|768|0|817|1|0|
30|951|384|0|586|1|0|
30|1174|768|0|831|2|0|
30|1135|480|0|822|2|0|
30|1132|480|0|821|2|0|
30|1171|480|0|840|1|0|
30|1142|576|0|822|2|0|
30|1158|576|0|818|2|0|
30|1152|480|0|827|2|0|
30|939|576|0|588|2|0|
30|937|480|0|589|2|0|
30|949|480|0|593|2|0|
30|1167|576|0|832|2|0|
30|952|480|0|587|2|0|
30|940|480|0|589|2|0|
30|990|480|0|615|2|0|
30|1151|672|0|837|2|0|
30|1144|480|0|824|2|0|
30|938|480|0|589|2|0|
30|1145|672|0|834|2|0|
30|1143|480|0|818|2|0|
30|1180|576|0|836|2|0|
30|939|480|0|588|2|0|
30|1188|672|0|823|2|0|
30|1161|672|0|835|2|0|
30|943|480|0|589|2|0|
30|1152|480|0|838|2|0|
30|940|384|0|589|2|0|
30|1158|576|0|840|2|0|
30|1145|480|0|826|2|0|
30|1149|672|0|823|2|0|
30|953|576|0|590|2|0|
30|953|384|0|590|2|0|
30|1138|576|0|825|2|0|
30|1148|672|0|828|2|0|
30|1164|672|0|834|2|0|
30|1143|576|0|822|2|0|
30|949|480|0|586|2|0|
30|1148|576|0|838|2|0|
30|1139|576|0|822|2|0|
30|1147|480|0|830|2|0|
30|948|480|0|589|2|0|
30|1160|672|0|842|2|0|
30|1154|480|0|839|2|0|
30|962|480|0|586|2|0|
30|946|480|0|593|2|0|
30|950|576|0|585|2|0|
30|1147|576|0|821|2|0|
30|1170|576|0|821|2|0|
30|1171|576|0|831|2|0|
30|944|384|0|588|2|0|
30|1151|672|0|838|2|0|
30|1159|768|0|823|2|0|
30|955|480|0|590|2|0|
30|1155|576|0|827|2|0|
30|954|480|0|585|2|0|
30|1163|672|0|834|1|0|
30|953|480|0|587|1|0|
30|1157|672|0|835|1|0|
30|1167|576|0|829|1|0|
30|934|384|0|588|1|0|
30|938|480|0|589|1|0|
30|1189|576|0|827|2|0|
30|1138|576|0|825|2|0|
30|944|480|0|589|1|0|
30|1169|576|0|823|2|0|
30|1158|672|0|829|2|0|
30|1151|576|0|827|2|0|
30|946|672|0|589|1|0|
30|948|384|0|589|1|0|
30|954|480|0|589|1|0|
30|950|480|0|589|1|0|
30|945|480|0|592|1|0|
30|948|384|0|590|1|0|
30|943|480|0|589|1|0|
30|965|384|0|591|1|0|
30|943|384|0|592|1|0|
30|952|480|0|591|1|0|
30|943|576|0|588|1|0|
30|943|576|0|593|1|0|
30|955|384|0|585|1|0|
30|955|384|0|591|1|0|
30|976|480|0|585|1|0|
30|941|480|0|589|1|0|
30|955|384|0|589|1|0|
30|967|576|0|585|1|0|
30|958|384|0|590|1|0|
30|941|480|0|588|1|0|
30|943|384|0|588|1|0|
30|964|480|0|590|1|0|
30|964|576|0|591|1|0|
30|940|480|0|589|1|0|
30|958|576|0|589|1|0|
30|949|576|0|584|1|0|
30|962|384|0|587|1|0|
30|946|480|0|586|1|0|
30|938|576|0|588|1|0|
30|950|480|0|591|1|0|
30|945|480|0|593|1|0|
30|945|672|0|592|1|0|
30|952|576|0|585|1|0|
30|947|480|0|589|1|0|
30|953|480|0|586|1|0|
30|961|480|0|585|1|0|
30|944|480|0|593|1|0|
30|951|384|0|590|1|0|
30|947|480|0|593|1|0|
30|945|384|0|593|1|0|
30|969|576|0|588|1|0|
30|938|384|0|589|1|0|
30|958|384|0|590|1|0|
30|947|384|0|586|1|0|
30|966|480|0|590|1|0|
30|951|480|0|586|1|0|
30|946|576|0|586|1|0|
30|952|480|0|591|1|0|
30|957|480|0|588|1|0|
30|938|384|0|588|1|0|
30|947|480|0|593|1|0|
30|942|384|0|591|1|0|
30|945|480|0|591|1|0|
30|958|480|0|589|1|0|
30|957|576|0|589|1|0|
30|958|384|0|589|1|0|
30|943|480|0|593|1|0|
30|941|480|0|589|1|0|
30|966|576|0|585|1|0|
30|945|384|0|593|1|0|
30|944|672|0|593|1|0|
30|941|480|0|588|1|0|
30|948|576|0|589|1|0|
30|939|480|0|589|1|0|
30|966|480|0|585|1|0|
30|959|480|0|590|1|0|
30|949|480|0|592|1|0|
30|950|480|0|586|1|0|
30|958|480|0|590|1|0|
30|956|576|0|589|1|0|
30|951|480|0|586|1|0|
30|952|384|0|586|1|0|
30|934|384|0|589|1|0|
30|944|576|0|593|1|0|
30|938|480|0|588|1|0|
30|943|384|0|585|1|0|
30|957|576|0|589|1|0|
30|955|576|0|586|1|0|
30|950|480|0|586|1|0|
30|943|480|0|591|1|0|
30|958|480|0|591|1|0|
30|950|480|0|593|1|0|
30|962|480|0|591|1|0|
30|942|576|0|589|1|0|
30|957|576|0|591|1|0|
30|950|576|0|586|1|0|
30|954|576|0|586|1|0|
30|966|576|0|586|1|0|
30|958|384|0|590|1|0|
30|951|576|0|592|1|0|
30|957|480|0|589|1|0|
30|950|480|0|586|1|0|
30|949|576|0|586|1|0|
30|941|480|0|589|1|0|
30|940|480|0|588|1|0|
30|955|480|0|588|1|0|
30|957|384|0|589|1|0|
30|946|480|0|591|1|0|
30|941|576|0|588|1|0|
30|971|576|0|586|1|0|
30|958|384|0|590|1|0|
30|949|480|0|586|1|0|
30|968|576|0|588|1|0|
30|941|480|0|589|1|0|
30|947|480|0|593|1|0|
30|953|480|0|589|1|0|
30|946|480|0|593|1|0|
30|957|480|0|590|1|0|
30|968|384|0|590|1|0|
30|977|480|0|587|1|0|
30|948|480|0|586|1|0|
30|952|480|0|590|1|0|
30|956|384|0|588|1|0|
30|950|384|0|586|1|0|
30|943|480|0|593|1|0|
30|949|480|0|585|1|0|
30|956|480|0|592|1|0|
30|954|480|0|588|1|0|
30|957|384|0|586|1|0|
30|962|384|0|591|1|0|
30|947|384|0|593|1|0|
30|966|384|0|584|1|0|
30|940|480|0|589|1|0|
30|949|384|0|586|1|0|
30|939|576|0|589|1|0|
30|962|384|0|588|1|0|
30|966|480|0|591|1|0|
30|956|384|0|586|1|0|
30|948|576|0|586|1|0|
30|951|480|0|586|1|0|
30|942|480|0|588|1|0|
30|954|576|0|590|1|0|
30|943|480|0|586|1|0|
30|949|480|0|589|1|0|
30|943|480|0|588|1|0|
30|963|480|0|585|1|0|
30|940|480|0|588|1|0|
30|939|576|0|589|1|0|
30|941|480|0|585|1|0|
30|942|576|0|589|1|0|
30|1142|672|0|817|2|0|
30|1155|576|0|840|2|0|
30|946|480|0|588|2|0|
30|1145|672|0|835|1|0|
30|1160|576|0|819|2|0|
30|951|480|0|585|2|0|
30|943|576|0|592|2|0|
30|1178|672|0|823|2|0|
30|1153|576|0|821|2|0|
30|1160|576|0|839|2|0|
30|987|576|0|586|2|0|
30|1152|576|0|840|2|0|
30|1162|576|0|834|2|0|
30|1159|672|0|835|2|0|
30|942|480|0|586|2|0|
30|968|384|0|590|1|0|
30|1184|480|0|826|2|0|
30|1157|576|0|841|2|0|
30|957|480|0|591|2|0|
30|941|576|0|588|2|0|
30|939|480|0|588|2|0|
30|1163|672|0|825|2|0|
30|1162|576|0|830|2|0|
30|1135|576|0|823|2|0|
30|1154|672|0|834|2|0|
30|949|480|0|586|1|0|
30|1153|672|0|821|2|0|
30|1158|480|0|818|2|0|
30|951|480|0|590|1|0|
30|947|576|0|585|1|0|
30|940|576|0|589|1|0|
30|1145|480|0|821|1|0|
30|1168|576|0|838|1|0|
30|1145|768|0|818|1|0|
30|954|576|0|588|1|0|
30|943|384|0|593|1|0|
30|1145|576|0|820|1|0|
30|956|576|0|586|1|0|
30|950|480|0|588|1|0|
30|1173|480|0|843|1|0|
30|1126|480|0|821|2|0|
30|1174|576|0|828|2|0|
30|1140|576|0|820|2|0|
30|1159|768|0|815|2|0|
30|948|480|0|590|2|0|
30|1148|672|0|821|2|0|
30|1153|672|0|821|2|0|
30|943|384|0|589|2|0|
30|954|576|0|587|2|0|
30|1164|576|0|829|2|0|
30|2302|1152|0|1863|2|0|
30|938|480|0|589|2|0|
30|1159|576|0|823|2|0|
30|1150|576|0|821|2|0|
30|1170|576|0|836|2|0|
30|936|480|0|589|2|0|
30|953|672|0|585|2|0|
30|1159|672|0|842|2|0|
30|1164|576|0|821|2|0|
30|1157|672|0|830|2|0|
30|945|384|0|590|2|0|
30|942|384|0|591|2|0|
30|1150|480|0|821|2|0|
30|959|576|0|588|1|0|
30|1157|480|0|826|1|0|
30|941|672|0|589|1|0|
30|961|672|0|592|1|0|
30|956|576|0|591|1|0|
30|1150|672|0|833|2|0|
30|962|384|0|588|1|0|
30|960|480|0|591|1|0|
30|944|480|0|593|1|0|
30|1158|576|0|839|2|0|
30|1155|672|0|841|2|0|
30|942|480|0|589|2|0|
30|1172|672|0|832|1|0|
30|947|480|0|586|1|0|
30|965|480|0|586|1|0|
30|1165|768|0|821|1|0|
30|953|384|0|586|1|0|
30|1145|768|0|821|1|0|
30|1148|768|0|824|1|0|
30|948|576|0|586|1|0|
30|1152|576|0|821|1|0|
30|1133|576|0|822|1|0|
30|1163|576|0|837|1|0|
30|1168|672|0|825|2|0|
30|1137|672|0|822|2|0|
30|951|384|0|585|2|0|
30|940|576|0|589|2|0|
30|1146|768|0|836|2|0|
30|1130|672|0|821|2|0|
30|1144|672|0|831|2|0|
30|952|576|0|586|2|0|
30|940|480|0|589|2|0|
30|1165|672|0|837|2|0|
30|1134|576|0|819|2|0|
30|1159|576|0|832|2|0|
30|935|480|0|588|2|0|
30|941|576|0|589|2|0|
30|943|480|0|591|2|0|
30|935|384|0|589|2|0|
30|1210|672|0|837|2|0|
30|1157|576|0|829|2|0|
30|1156|768|0|822|2|0|
30|1165|672|0|839|2|0|
30|1167|672|0|824|2|0|
30|934|576|0|588|2|0|
30|964|384|0|588|2|0|
30|1161|672|0|828|2|0|
30|1133|672|0|822|2|0|
30|1189|480|0|841|2|0|
30|1167|672|0|836|2|0|
30|944|384|0|592|2|0|
30|1130|672|0|822|2|0|
30|1139|576|0|828|2|0|
30|962|576|0|590|2|0|
30|1151|480|0|840|2|0|
30|1146|576|0|823|2|0|
30|1169|672|0|827|2|0|
30|1214|768|0|836|1|0|
30|954|384|0|587|1|0|
30|1148|768|0|828|2|0|
30|1171|576|0|838|1|0|
30|962|384|0|587|1|0|
30|1160|576|0|819|1|0|
30|948|480|0|593|1|0|
30|1130|576|0|822|2|0|
30|951|384|0|586|2|0|
30|1159|672|0|838|2|0|
30|1181|672|0|835|2|0|
30|947|576|0|593|2|0|
30|1172|480|0|828|2|0|
30|1156|480|0|827|2|0|
30|1168|672|0|819|1|0|
30|1154|768|0|835|1|0|
30|960|384|0|586|1|0|
30|962|480|0|590|1|0|
30|1147|672|0|835|1|0|
30|1139|576|0|824|2|0|
30|1143|672|0|823|2|0|
30|1136|576|0|823|2|0|
30|1157|672|0|837|2|0|
30|1132|672|0|818|2|0|
30|958|384|0|592|1|0|
30|1165|672|0|838|1|0|
30|1138|672|0|824|1|0|
30|1136|576|0|825|1|0|
30|1143|576|0|827|1|0|
30|1141|576|0|821|2|0|
30|949|480|0|586|2|0|
30|951|576|0|586|2|0|
30|946|480|0|586|1|0|
30|966|480|0|586|1|0|
30|950|480|0|585|1|0|
30|939|480|0|589|1|0|
30|942|576|0|593|1|0|
30|955|480|0|589|1|0|
30|968|384|0|586|1|0|
30|947|384|0|586|1|0|
30|942|576|0|583|1|0|
30|934|480|0|589|1|0|
30|955|480|0|589|1|0|
30|937|576|0|589|1|0|
30|963|384|0|586|1|0|
30|951|480|0|586|1|0|
30|940|480|0|589|1|0|
30|947|672|0|588|1|0|
30|942|672|0|589|1|0|
30|956|480|0|590|1|0|
30|944|480|0|591|1|0|
30|954|576|0|591|1|0|
30|957|576|0|588|1|0|
30|954|384|0|590|1|0|
30|967|480|0|585|1|0|
30|952|384|0|585|1|0|
30|935|384|0|589|1|0|
30|950|384|0|586|1|0|
30|949|480|0|592|1|0|
30|939|480|0|589|1|0|
30|941|576|0|591|1|0|
30|967|480|0|586|1|0|
30|939|480|0|589|1|0|
30|936|480|0|589|1|0|
30|943|480|0|589|1|0|
30|950|768|0|593|1|0|
30|948|384|0|586|1|0|
30|943|480|0|593|1|0|
30|954|480|0|588|1|0|
30|940|384|0|589|1|0|
30|957|672|0|590|1|0|
30|1150|672|0|828|2|0|
30|942|384|0|589|1|0|
30|939|480|0|589|1|0|
30|937|576|0|589|1|0|
30|937|384|0|589|1|0|
30|959|480|0|591|1|0|
30|948|576|0|585|1|0|
30|956|480|0|589|1|0|
30|947|480|0|593|1|0|
30|956|384|0|588|1|0|
30|945|480|0|591|1|0|
30|955|576|0|588|1|0|
30|943|480|0|588|1|0|
30|946|480|0|589|1|0|
30|945|480|0|588|1|0|
30|969|384|0|586|1|0|
30|956|480|0|585|1|0|
30|966|480|0|587|1|0|
30|955|384|0|589|1|0|
30|946|480|0|593|1|0|
30|965|672|0|588|1|0|
30|948|480|0|591|1|0|
30|947|384|0|592|1|0|
30|944|576|0|593|1|0|
30|951|480|0|586|1|0|
30|946|576|0|589|1|0|
30|947|480|0|592|1|0|
30|950|384|0|586|1|0|
30|941|384|0|589|1|0|
30|940|384|0|589|1|0|
30|943|480|0|589|1|0|
30|953|384|0|585|1|0|
30|950|480|0|585|1|0|
30|942|480|0|588|1|0|
30|945|480|0|586|1|0|
30|955|480|0|589|2|0|
30|948|576|0|593|2|0|
30|959|384|0|589|2|0|
30|945|384|0|585|2|0|
30|949|480|0|591|2|0|
30|950|480|0|586|2|0|
30|947|384|0|586|2|0|
30|950|480|0|586|2|0|
30|953|576|0|585|2|0|
30|954|480|0|588|2|0|
30|966|480|0|586|2|0|
30|940|480|0|589|2|0|
30|948|480|0|593|2|0|
30|938|576|0|593|2|0|
30|942|384|0|588|2|0|
30|952|480|0|589|2|0|
30|957|480|0|588|2|0|
30|943|480|0|593|2|0|
30|951|480|0|586|2|0|
30|960|480|0|587|2|0|
30|948|480|0|592|2|0|
30|946|384|0|591|1|0|
30|936|480|0|588|1|0|
30|957|576|0|591|1|0|
30|956|384|0|591|1|0|
30|965|672|0|589|1|0|
30|948|576|0|589|1|0|
30|942|576|0|587|1|0|
30|974|672|0|588|1|0|
30|951|576|0|585|1|0|
30|938|384|0|589|1|0|
30|953|480|0|591|1|0|
30|958|384|0|590|1|0|
30|942|672|0|589|1|0|
30|997|480|0|590|1|0|
30|952|576|0|586|1|0|
30|957|480|0|586|1|0|
30|936|576|0|585|1|0|
30|949|384|0|585|1|0|
30|948|384|0|585|1|0|
30|959|384|0|590|1|0|
30|957|480|0|587|1|0|
30|955|384|0|589|1|0|
30|941|576|0|592|1|0|
30|946|576|0|592|1|0|
30|951|384|0|587|1|0|
30|939|480|0|588|1|0|
30|938|480|0|588|1|0|
30|947|480|0|590|1|0|
30|948|480|0|592|1|0|
30|953|576|0|590|1|0|
30|962|480|0|585|1|0|
30|950|672|0|586|1|0|
30|945|480|0|591|1|0|
30|947|480|0|592|1|0|
30|958|576|0|590|1|0|
30|951|384|0|586|1|0|
30|958|576|0|591|1|0|
30|950|480|0|591|1|0|
30|954|576|0|588|1|0|
30|940|480|0|589|1|0|
30|934|384|0|589|1|0|
30|952|480|0|588|1|0|
30|948|480|0|586|1|0|
30|947|384|0|591|1|0|
30|943|384|0|593|1|0|
30|952|576|0|586|1|0|
30|939|480|0|593|1|0|
30|959|480|0|590|1|0|
30|953|672|0|590|1|0|
30|954|576|0|591|1|0|
30|937|480|0|589|1|0|
30|955|384|0|589|1|0|
30|957|480|0|589|1|0|
30|957|480|0|591|1|0|
30|940|576|0|592|1|0|
30|973|672|0|588|1|0|
30|938|480|0|588|1|0|
30|942|480|0|589|1|0|
30|959|384|0|590|1|0|
30|947|480|0|590|1|0|
30|936|480|0|589|1|0|
30|945|480|0|589|1|0|
30|945|480|0|590|1|0|
30|956|384|0|589|1|0|
30|956|576|0|590|1|0|
30|955|384|0|590|1|0|
30|942|480|0|588|2|0|
30|953|384|0|588|1|0|
30|940|384|0|589|1|0|
30|958|480|0|586|1|0|
30|941|384|0|588|1|0|
30|969|576|0|586|1|0|
30|974|384|0|589|1|0|
30|949|384|0|591|1|0|
30|944|480|0|588|1|0|
30|949|480|0|591|1|0|
30|956|384|0|587|1|0|
30|943|480|0|588|1|0|
30|947|384|0|590|1|0|
30|949|672|0|586|1|0|
30|957|480|0|588|1|0|
30|943|576|0|588|1|0|
30|959|576|0|589|1|0|
30|936|480|0|588|1|0|
30|950|480|0|590|1|0|
30|943|672|0|593|2|0|
30|1150|576|0|841|1|0|
30|1156|480|0|836|1|0|
30|954|480|0|589|1|0|
30|1168|672|0|827|2|0|
30|1157|672|0|829|2|0|
30|956|480|0|588|2|0|
30|1140|768|0|826|2|0|
30|961|672|0|587|2|0|
30|953|576|0|589|2|0|
30|1146|576|0|836|2|0|
30|1180|576|0|834|2|0|
30|946|576|0|593|2|0|
30|937|384|0|589|2|0|
30|1162|672|0|838|2|0|
30|1150|576|0|842|1|0|
30|1141|672|0|825|1|0|
30|955|480|0|590|1|0|
30|1143|672|0|826|2|0|
30|942|384|0|589|2|0|
30|1158|672|0|830|2|0|
30|938|480|0|589|2|0|
30|1136|480|0|826|2|0|
30|967|480|0|586|1|0|
30|936|384|0|589|1|0|
30|1158|672|0|822|2|0|
30|1151|576|0|833|2|0|
30|1158|672|0|828|2|0|
30|955|480|0|584|1|0|
30|955|384|0|587|1|0|
30|1156|768|0|824|1|0|
30|962|480|0|585|1|0|
30|1139|672|0|819|2|0|
30|3861|2112|0|1311|2|0|
30|1136|576|0|818|2|0|
30|1161|576|0|835|2|0|
30|957|576|0|591|2|0|
30|938|576|0|588|2|0|
30|1156|672|0|838|2|0|
30|953|384|0|590|2|0|
30|960|480|0|589|2|0|
30|1153|576|0|837|2|0|
30|949|672|0|585|2|0|
30|1177|480|0|841|1|0|
30|1187|480|0|823|1|0|
30|1131|576|0|822|1|0|
30|1165|576|0|830|1|0|
30|1138|576|0|813|1|0|
30|1136|768|0|824|1|0|
30|1163|768|0|831|1|0|
30|1286|576|0|670|1|0|
30|941|576|0|589|1|0|
30|1196|576|0|860|1|0|
30|1144|576|0|817|1|0|
30|1161|576|0|824|2|0|
30|1163|672|0|831|2|0|
30|1157|576|0|836|2|0|
30|949|384|0|586|2|0|
30|1153|672|0|841|2|0|
30|1176|576|0|822|2|0|
30|1154|480|0|825|2|0|
30|1151|576|0|838|2|0|
30|1173|672|0|828|2|0|
30|1141|576|0|821|2|0|
30|950|480|0|586|2|0|
30|956|480|0|589|1|0|
30|946|480|0|591|1|0|
30|956|480|0|589|1|0|
30|942|384|0|591|1|0|
30|948|480|0|592|1|0|
30|1159|768|0|834|1|0|
30|1159|672|0|825|2|0|
30|1137|576|0|822|1|0|
30|954|576|0|585|1|0|
30|1179|672|0|831|2|0|
30|963|480|0|585|1|0|
30|954|480|0|588|1|0|
30|1161|672|0|836|1|0|
30|1162|672|0|825|2|0|
30|1134|480|0|824|1|0|
30|1166|672|0|834|1|0|
30|1159|480|0|841|1|0|
30|1151|576|0|823|1|0|
30|941|480|0|589|1|0|
30|1161|480|0|839|1|0|
30|1170|576|0|843|1|0|
30|1168|480|0|832|1|0|
30|1151|480|0|843|1|0|
30|967|480|0|586|1|0|
30|947|672|0|585|1|0|
30|1138|672|0|815|1|0|
30|1153|576|0|835|1|0|
30|1151|672|0|834|1|0|
30|949|480|0|586|1|0|
30|1163|576|0|826|2|0|
30|1142|768|0|825|2|0|
30|1146|576|0|836|2|0|
30|937|576|0|588|2|0|
30|960|384|0|586|1|0|
30|1147|576|0|820|1|0|
30|954|480|0|590|1|0|
30|966|672|0|585|1|0|
30|944|480|0|589|1|0|
30|1158|480|0|843|1|0|
30|1167|576|0|838|1|0|
30|1156|576|0|842|1|0|
30|1150|672|0|822|2|0|
30|1167|672|0|820|2|0|
30|1136|672|0|822|2|0|
30|1169|672|0|837|1|0|
30|1153|576|0|831|1|0|
30|1154|768|0|832|1|0|
30|937|576|0|589|1|0|
30|942|480|0|593|1|0|
30|1157|768|0|837|1|0|
30|951|384|0|591|1|0|
30|969|672|0|588|1|0|
30|1161|480|0|825|2|0|
30|1145|480|0|818|2|0|
30|958|384|0|590|2|0|
30|1171|480|0|836|2|0|
30|1160|576|0|834|2|0|
30|1189|576|0|832|2|0|
30|948|384|0|588|2|0|
30|1188|576|0|835|1|0|
30|1135|576|0|822|1|0|
30|946|480|0|586|1|0|
30|955|672|0|587|1|0|
30|1161|576|0|824|2|0|
30|1165|576|0|839|2|0|
30|941|480|0|588|2|0|
30|939|384|0|589|2|0|
30|957|480|0|590|2|0|
30|939|576|0|589|2|0|
30|961|384|0|587|1|0|
30|944|480|0|593|1|0|
30|947|480|0|588|1|0|
30|955|576|0|583|1|0|
30|950|480|0|586|1|0|
30|953|384|0|588|1|0|
30|937|384|0|588|1|0|
30|937|384|0|586|1|0|
30|964|480|0|585|1|0|
30|952|480|0|585|1|0|
30|935|576|0|589|1|0|
30|958|576|0|588|1|0|
30|938|576|0|588|1|0|
30|951|576|0|585|1|0|
30|953|480|0|585|1|0|
30|967|384|0|589|1|0|
30|939|480|0|588|1|0|
30|957|384|0|588|1|0|
30|975|576|0|585|1|0|
30|951|480|0|588|1|0|
30|939|480|0|588|1|0|
30|967|480|0|591|1|0|
30|933|480|0|589|1|0|
30|941|480|0|588|1|0|
30|957|480|0|588|1|0|
30|958|384|0|589|1|0|
30|950|480|0|586|1|0|
30|950|480|0|586|1|0|
30|947|384|0|593|1|0|
30|969|672|0|588|1|0|
30|938|480|0|589|1|0|
30|948|384|0|586|1|0|
30|951|672|0|586|1|0|
30|942|576|0|593|1|0|
30|938|384|0|587|1|0|
30|3668|1824|0|1086|2|0|
30|943|576|0|588|1|0|
30|955|672|0|589|1|0|
30|944|576|0|588|1|0|
30|946|576|0|592|1|0|
30|960|384|0|588|1|0|
30|1125|576|0|1150|1|0|
30|941|384|0|589|1|0|
30|941|480|0|589|1|0|
30|951|480|0|592|1|0|
30|953|480|0|589|1|0|
30|947|576|0|593|1|0|
30|955|384|0|590|1|0|
30|972|576|0|588|1|0|
30|942|576|0|589|1|0|
30|963|576|0|588|1|0|
30|953|480|0|586|1|0|
30|966|480|0|588|1|0|
30|957|384|0|589|1|0|
30|962|480|0|587|1|0|
30|948|480|0|591|1|0|
30|952|384|0|591|1|0|
30|960|480|0|591|1|0|
30|958|480|0|589|1|0|
30|947|384|0|593|1|0|
30|941|480|0|589|1|0|
30|957|384|0|590|2|0|
30|961|384|0|591|2|0|
30|939|480|0|589|2|0|
30|949|480|0|586|2|0|
30|958|480|0|590|2|0|
30|937|480|0|588|2|0|
30|950|480|0|591|2|0|
30|960|480|0|591|2|0|
30|938|384|0|588|2|0|
30|940|480|0|589|2|0|
30|935|480|0|587|2|0|
30|949|384|0|585|2|0|
30|941|480|0|588|1|0|
30|959|384|0|589|1|0|
30|956|480|0|589|1|0|
30|969|480|0|586|1|0|
30|956|480|0|586|1|0|
30|944|480|0|593|1|0|
30|964|480|0|588|1|0|
30|968|576|0|588|1|0|
30|948|480|0|593|1|0|
30|942|480|0|589|1|0|
30|949|384|0|585|1|0|
30|949|384|0|585|1|0|
30|931|480|0|589|1|0|
30|977|480|0|591|1|0|
30|962|480|0|589|1|0|
30|953|480|0|590|1|0|
30|952|480|0|586|1|0|
30|955|576|0|588|1|0|
30|945|480|0|592|1|0|
30|961|384|0|589|1|0|
30|957|480|0|590|1|0|
30|946|576|0|592|1|0|
30|963|576|0|587|1|0|
30|942|480|0|588|1|0|
30|941|384|0|589|1|0|
30|959|576|0|589|1|0|
30|956|576|0|589|1|0|
30|948|480|0|586|1|0|
30|949|480|0|591|1|0|
