INSTRUCTIONS_RETIRED|CYCLES|UNKNOWN|LD_BLOCKS.STORE_FORWARD|UOPS_EXECUTED.CORE|BR_MISP_RETIRED.ALL_BRANCHES|UOPS_ISSUED.SINGLE_MUL|
30|956|384|0|586|1|0|
30|947|384|0|590|1|0|
30|945|480|0|591|1|0|
30|962|384|0|591|1|0|
30|965|384|0|588|1|0|
30|947|576|0|591|1|0|
30|955|384|0|593|1|0|
30|955|480|0|591|1|0|
30|961|480|0|588|1|0|
30|955|576|0|587|1|0|
30|949|480|0|589|1|0|
30|955|384|0|592|1|0|
30|947|480|0|589|1|0|
30|948|480|0|591|1|0|
30|940|576|0|589|1|0|
30|946|480|0|588|1|0|
30|966|480|0|588|1|0|
30|960|384|0|585|1|0|
30|948|480|0|589|1|0|
30|949|384|0|588|1|0|
30|956|480|0|591|1|0|
30|948|576|0|589|1|0|
30|949|480|0|589|1|0|
30|954|384|0|591|1|0|
30|1060|672|0|885|2|0|
30|932|384|0|590|1|0|
30|925|480|0|591|1|0|
30|943|576|0|589|1|0|
30|949|480|0|591|1|0|
30|945|480|0|586|1|0|
30|1128|576|0|1889|2|0|
30|1416|672|0|1470|3|0|
30|1375|768|0|1590|2|0|
30|1147|672|0|818|1|0|
30|1160|480|0|828|2|0|
30|1137|672|0|822|1|0|
30|958|480|0|586|1|0|
30|949|480|0|588|1|0|
30|1160|576|0|818|1|0|
30|1149|576|0|817|1|0|
30|1171|672|0|835|1|0|
30|1118|576|0|822|1|0|
30|1140|576|0|839|1|0|
30|1165|576|0|826|2|0|
30|1112|576|0|824|1|0|
30|930|480|0|591|1|0|
30|1125|672|0|822|1|0|
30|931|480|0|591|1|0|
30|927|384|0|588|1|0|
30|1151|672|0|832|1|0|
30|928|384|0|589|1|0|
30|1172|576|0|830|2|0|
30|1152|576|0|830|2|0|
30|941|384|0|585|1|0|
30|1116|576|0|823|1|0|
30|1141|672|0|839|1|0|
30|932|480|0|595|1|0|
30|935|384|0|589|1|0|
30|1169|576|0|826|2|0|
30|1152|576|0|832|1|0|
30|942|480|0|589|1|0|
30|1120|672|0|817|1|0|
30|939|576|0|595|1|0|
30|924|384|0|593|1|0|
30|1151|672|0|838|1|0|
30|1116|576|0|824|1|0|
30|1112|480|0|822|1|0|
30|936|480|0|590|1|0|
30|924|480|0|588|1|0|
30|929|480|0|589|1|0|
30|1133|480|0|824|1|0|
30|1167|576|0|829|2|0|
30|1131|576|0|821|1|0|
30|1145|768|0|834|1|0|
30|926|480|0|592|1|0|
30|1135|576|0|837|1|0|
30|1121|576|0|826|1|0|
30|930|480|0|585|1|0|
30|1163|576|0|832|2|0|
30|1118|480|0|824|1|0|
30|934|480|0|587|1|0|
30|1139|576|0|831|1|0|
30|930|384|0|586|1|0|
30|1119|480|0|821|1|0|
30|1150|672|0|832|2|0|
30|1126|480|0|823|1|0|
30|1143|480|0|834|1|0|
30|920|480|0|588|1|0|
30|1168|576|0|831|2|0|
30|938|480|0|586|1|0|
30|1141|672|0|838|1|0|
30|1153|672|0|827|2|0|
30|941|480|0|587|1|0|
30|1177|768|0|828|2|0|
30|1127|672|0|826|1|0|
30|1137|576|0|839|1|0|
30|926|384|0|589|1|0|
30|920|384|0|588|1|0|
30|930|384|0|591|1|0|
30|924|480|0|589|1|0|
30|966|384|0|591|1|0|
30|960|384|0|588|1|0|
30|943|480|0|589|1|0|
30|942|480|0|588|1|0|
30|939|480|0|588|1|0|
30|941|480|0|589|1|0|
30|951|480|0|590|1|0|
30|941|480|0|589|1|0|
30|1086|480|0|963|1|0|
30|1143|768|0|1395|2|0|
30|959|672|0|589|1|0|
30|948|480|0|592|1|0|
30|946|576|0|587|1|0|
30|958|384|0|586|1|0|
30|949|480|0|590|1|0|
30|944|480|0|589|1|0|
30|950|384|0|586|1|0|
30|944|480|0|589|1|0|
30|955|480|0|588|1|0|
30|946|384|0|591|1|0|
30|968|480|0|588|1|0|
30|952|480|0|589|1|0|
30|949|480|0|585|1|0|
30|943|480|0|588|1|0|
30|957|480|0|593|1|0|
30|948|576|0|589|1|0|
30|957|576|0|585|1|0|
30|943|480|0|589|1|0|
30|958|480|0|585|1|0|
30|959|480|0|586|1|0|
30|952|480|0|585|1|0|
30|950|480|0|589|1|0|
30|952|480|0|586|1|0|
30|944|480|0|591|1|0|
30|937|480|0|586|1|0|
30|949|480|0|589|1|0|
30|947|384|0|589|1|0|
30|999|480|0|591|1|0|
30|953|480|0|590|1|0|
30|950|480|0|589|1|0|
30|954|480|0|588|1|0|
30|948|480|0|588|1|0|
30|962|480|0|589|1|0|
30|950|480|0|590|1|0|
30|965|480|0|591|1|0|
30|961|384|0|588|1|0|
30|947|480|0|589|1|0|
30|948|480|0|588|1|0|
30|1169|576|0|590|1|0|
30|961|384|0|587|1|0|
30|949|480|0|590|1|0|
30|959|480|0|585|1|0|
30|945|480|0|589|1|0|
30|954|576|0|591|1|0|
30|941|384|0|589|1|0|
30|948|576|0|593|1|0|
30|948|384|0|589|1|0|
30|952|480|0|591|1|0|
30|949|480|0|589|1|0|
30|938|576|0|589|1|0|
30|942|480|0|591|1|0|
30|967|384|0|586|1|0|
30|947|384|0|593|1|0|
30|925|480|0|589|1|0|
30|926|480|0|587|1|0|
30|943|480|0|589|1|0|
30|946|576|0|593|1|0|
30|950|576|0|591|1|0|
30|944|480|0|589|1|0|
30|952|384|0|589|1|0|
30|938|480|0|589|1|0|
30|964|480|0|591|1|0|
30|950|480|0|589|1|0|
30|960|384|0|590|1|0|
30|951|480|0|591|1|0|
30|953|384|0|589|1|0|
30|948|480|0|588|1|0|
30|950|480|0|589|1|0|
30|946|480|0|591|1|0|
30|954|480|0|589|1|0|
30|969|480|0|587|1|0|
30|949|480|0|590|1|0|
30|1154|480|0|2463|2|0|
30|1351|672|0|1780|2|0|
30|943|576|0|588|1|0|
30|1100|672|0|1216|1|0|
30|963|384|0|589|1|0|
30|952|480|0|591|1|0|
30|955|480|0|591|1|0|
30|943|480|0|588|1|0|
30|962|480|0|588|1|0|
30|951|480|0|588|1|0|
30|947|480|0|590|1|0|
30|958|480|0|585|1|0|
30|944|480|0|589|1|0|
30|944|576|0|590|1|0|
30|963|576|0|586|1|0|
30|954|480|0|590|1|0|
30|957|480|0|586|1|0|
30|948|576|0|586|1|0|
30|948|480|0|589|1|0|
30|1168|768|0|839|1|0|
30|1162|576|0|829|1|0|
30|956|480|0|589|1|0|
30|1168|576|0|823|2|0|
30|1205|576|0|826|2|0|
30|938|576|0|588|1|0|
30|962|480|0|587|1|0|
30|954|480|0|584|1|0|
30|1153|480|0|840|1|0|
30|1115|672|0|824|1|0|
30|932|576|0|593|1|0|
30|941|480|0|589|1|0|
30|1134|672|0|840|1|0|
30|1143|576|0|837|1|0|
30|936|480|0|588|1|0|
30|940|576|0|588|1|0|
30|924|384|0|589|1|0|
30|1147|672|0|837|1|0|
30|1124|480|0|824|1|0|
30|1147|672|0|837|1|0|
30|1127|576|0|823|1|0|
30|1135|576|0|820|1|0|
30|939|480|0|585|1|0|
30|932|480|0|593|1|0|
30|1157|576|0|830|2|0|
30|1153|576|0|831|1|0|
30|1155|576|0|826|2|0|
30|1169|480|0|827|2|0|
30|1118|576|0|823|1|0|
30|1154|576|0|832|2|0|
30|929|480|0|592|1|0|
30|928|384|0|593|1|0|
30|1112|576|0|820|1|0|
30|1140|480|0|846|1|0|
30|1140|576|0|835|1|0|
30|929|480|0|589|1|0|
30|1310|672|0|831|1|0|
30|919|576|0|589|1|0|
30|1124|480|0|825|1|0|
30|1178|672|0|828|2|0|
30|1150|480|0|829|1|0|
30|934|576|0|588|1|0|
30|935|480|0|586|1|0|
30|923|384|0|592|1|0|
30|1154|576|0|827|2|0|
30|934|576|0|586|1|0|
30|927|384|0|589|1|0|
30|1129|576|0|819|1|0|
30|1114|576|0|821|1|0|
30|930|480|0|592|1|0|
30|1177|576|0|827|2|0|
30|1141|576|0|834|1|0|
30|1156|576|0|828|2|0|
30|1141|576|0|832|1|0|
30|928|672|0|588|1|0|
30|1123|480|0|817|1|0|
30|933|480|0|586|1|0|
30|1126|672|0|822|1|0|
30|1161|672|0|829|2|0|
30|1131|480|0|821|1|0|
30|933|672|0|587|1|0|
30|1444|672|0|2769|1|0|
30|1114|576|0|1055|1|0|
30|945|576|0|589|1|0|
30|959|480|0|586|1|0|
30|962|384|0|588|1|0|
30|951|480|0|590|1|0|
30|944|480|0|590|1|0|
30|961|480|0|588|1|0|
30|978|384|0|588|1|0|
30|938|480|0|589|1|0|
30|946|384|0|589|1|0|
30|947|480|0|591|1|0|
30|959|480|0|588|1|0|
30|948|480|0|593|1|0|
31|1754|960|0|1350|2|0|
30|945|480|0|589|1|0|
30|945|480|0|593|1|0|
30|945|480|0|589|1|0|
30|965|480|0|587|1|0|
30|947|480|0|591|1|0|
30|945|384|0|586|1|0|
30|968|576|0|586|1|0|
30|967|480|0|587|1|0|
30|947|576|0|590|1|0|
30|952|480|0|589|1|0|
30|956|480|0|591|1|0|
30|959|480|0|588|1|0|
30|943|384|0|591|1|0|
30|945|384|0|588|1|0|
30|956|480|0|586|1|0|
30|962|384|0|586|1|0|
30|947|480|0|590|1|0|
30|949|384|0|588|1|0|
30|957|480|0|591|1|0|
30|937|480|0|589|1|0|
30|955|480|0|589|1|0|
30|956|576|0|586|1|0|
30|967|480|0|588|1|0|
30|962|480|0|590|1|0|
30|948|480|0|589|1|0|
30|964|384|0|588|1|0|
30|945|384|0|589|1|0|
30|968|480|0|588|1|0|
30|948|576|0|589|1|0|
30|957|384|0|586|1|0|
30|949|384|0|587|1|0|
30|954|480|0|586|1|0|
30|952|576|0|588|1|0|
30|951|384|0|592|1|0|
30|951|480|0|590|1|0|
30|960|672|0|588|1|0|
30|945|480|0|589|1|0|
30|964|480|0|591|1|0|
30|943|480|0|589|1|0|
30|946|384|0|588|1|0|
30|950|480|0|590|1|0|
30|943|480|0|592|1|0|
30|959|480|0|586|1|0|
30|962|480|0|591|1|0|
30|969|480|0|587|1|0|
30|975|480|0|586|2|0|
30|934|480|0|588|1|0|
30|930|480|0|592|1|0|
30|922|576|0|588|1|0|
30|924|480|0|589|1|0|
30|925|480|0|588|1|0|
30|932|480|0|585|1|0|
30|931|480|0|592|1|0|
30|926|384|0|588|1|0|
30|930|384|0|590|1|0|
30|933|384|0|585|1|0|
30|932|384|0|590|1|0|
30|940|384|0|595|1|0|
30|1163|576|0|2306|2|0|
30|1134|672|0|1643|3|0|
30|971|480|0|591|1|0|
30|944|480|0|588|1|0|
30|949|480|0|589|1|0|
30|1146|672|0|839|1|0|
30|1146|576|0|825|2|0|
30|954|384|0|585|1|0|
30|1183|672|0|826|2|0|
30|1140|576|0|823|1|0|
30|953|480|0|585|1|0|
30|956|480|0|586|1|0|
30|941|480|0|589|1|0|
30|1156|672|0|821|1|0|
30|1152|576|0|822|1|0|
30|957|384|0|588|1|0|
30|945|384|0|593|1|0|
30|1171|576|0|829|2|0|
30|937|480|0|586|1|0|
30|931|384|0|593|1|0|
30|1122|576|0|825|1|0|
30|1129|576|0|823|1|0|
30|923|480|0|589|1|0|
30|1116|672|0|821|1|0|
30|1179|672|0|825|2|0|
30|1176|576|0|820|1|0|
30|953|480|0|589|1|0|
30|1150|576|0|839|1|0|
30|1147|576|0|823|1|0|
30|1188|576|0|829|2|0|
30|1158|576|0|832|1|0|
30|1162|576|0|836|1|0|
30|954|576|0|588|1|0|
30|1155|576|0|839|1|0|
30|1139|576|0|822|1|0|
30|1170|576|0|834|1|0|
30|1152|576|0|825|2|0|
30|1182|576|0|842|1|0|
30|955|480|0|591|1|0|
30|948|384|0|593|1|0|
30|945|384|0|588|1|0|
30|1148|480|0|822|1|0|
30|960|480|0|586|1|0|
30|1160|672|0|835|1|0|
30|962|480|0|591|1|0|
30|1150|576|0|821|1|0|
30|1121|576|0|823|1|0|
30|1144|576|0|842|1|0|
30|936|480|0|591|1|0|
30|933|480|0|593|1|0|
30|1134|480|0|823|1|0|
30|1137|576|0|822|1|0|
30|1131|480|0|821|1|0|
30|1135|576|0|838|1|0|
30|943|480|0|586|1|0|
30|1158|672|0|837|1|0|
30|1111|576|0|823|1|0|
30|919|480|0|589|1|0|
30|927|384|0|589|1|0|
30|922|480|0|591|1|0|
30|1155|576|0|828|2|0|
30|1123|576|0|824|1|0|
30|935|480|0|591|1|0|
30|1177|576|0|824|2|0|
30|1141|480|0|836|1|0|
30|1141|576|0|836|1|0|
30|1169|576|0|826|2|0|
30|1116|576|0|821|1|0|
30|1135|576|0|834|1|0|
30|1144|576|0|824|1|0|
30|1140|576|0|824|1|0|
30|1111|576|0|1147|2|0|
30|1155|384|0|1234|1|0|
30|954|576|0|586|1|0|
30|962|576|0|589|1|0|
30|944|480|0|589|1|0|
30|950|384|0|589|1|0|
30|954|480|0|589|1|0|
30|954|480|0|588|1|0|
30|946|480|0|593|1|0|
30|956|480|0|590|1|0|
30|942|480|0|589|1|0|
30|955|480|0|591|1|0|
30|947|480|0|589|1|0|
30|950|480|0|589|1|0|
30|950|480|0|586|1|0|
30|959|480|0|589|1|0|
30|947|384|0|589|1|0|
30|950|480|0|591|1|0|
30|949|384|0|591|1|0|
30|953|480|0|589|1|0|
30|957|480|0|586|1|0|
30|957|480|0|588|1|0|
30|969|576|0|587|1|0|
30|934|384|0|589|1|0|
30|954|480|0|586|1|0|
30|947|480|0|589|1|0|
30|948|480|0|591|1|0|
30|943|384|0|589|1|0|
30|961|576|0|586|1|0|
30|945|480|0|589|1|0|
30|942|480|0|593|1|0|
30|942|384|0|588|1|0|
30|947|384|0|589|1|0|
30|953|480|0|590|1|0|
30|953|384|0|586|1|0|
30|952|480|0|590|1|0|
30|954|480|0|591|1|0|
30|942|480|0|590|1|0|
30|940|480|0|588|1|0|
30|952|384|0|586|1|0|
30|951|480|0|589|1|0|
30|947|384|0|591|1|0|
30|963|480|0|591|1|0|
30|961|480|0|588|1|0|
30|961|480|0|586|1|0|
30|944|384|0|591|1|0|
30|957|480|0|586|1|0|
30|950|576|0|590|1|0|
30|958|480|0|585|1|0|
30|947|384|0|590|1|0|
30|962|576|0|585|1|0|
30|960|480|0|587|1|0|
30|997|480|0|624|1|0|
30|947|480|0|591|1|0|
30|954|480|0|585|1|0|
30|959|384|0|585|1|0|
30|956|480|0|591|1|0|
30|944|480|0|593|1|0|
30|957|480|0|586|1|0|
30|949|480|0|589|1|0|
30|940|384|0|588|1|0|
30|944|384|0|590|1|0|
30|959|480|0|589|1|0|
30|951|480|0|591|1|0|
30|942|384|0|589|1|0|
30|963|480|0|586|1|0|
30|965|480|0|591|1|0|
30|966|480|0|589|1|0|
30|959|384|0|591|1|0|
30|1147|480|0|818|1|0|
30|1154|576|0|821|1|0|
30|1143|480|0|823|1|0|
30|1143|576|0|827|1|0|
30|957|480|0|591|1|0|
30|963|576|0|588|1|0|
30|1170|672|0|822|2|0|
30|1134|576|0|832|1|0|
30|924|384|0|589|1|0|
30|1137|576|0|832|1|0|
30|935|480|0|586|1|0|
30|1146|480|0|843|1|0|
30|1116|480|0|824|1|0|
30|1422|864|0|3018|2|0|
30|972|384|0|596|1|0|
30|968|480|0|586|1|0|
30|955|576|0|593|1|0|
30|956|480|0|591|1|0|
30|1160|576|0|840|1|0|
30|961|480|0|588|1|0|
30|1174|480|0|834|1|0|
30|1111|576|0|821|1|0|
30|1126|480|0|818|1|0|
30|1147|576|0|840|1|0|
30|939|384|0|588|1|0|
30|1143|576|0|838|1|0|
30|1171|576|0|828|2|0|
30|1124|672|0|822|1|0|
30|924|480|0|588|1|0|
30|928|384|0|590|1|0|
30|1160|672|0|830|2|0|
30|1124|576|0|817|1|0|
30|1124|480|0|818|1|0|
30|1153|672|0|840|1|0|
30|1143|480|0|822|1|0|
30|937|480|0|585|1|0|
30|1132|672|0|818|1|0|
30|1150|480|0|831|1|0|
30|940|480|0|588|1|0|
30|1161|480|0|826|2|0|
30|1148|576|0|839|1|0|
30|1139|576|0|837|1|0|
30|930|384|0|588|1|0|
30|932|480|0|586|1|0|
30|1139|480|0|837|1|0|
30|1125|576|0|822|1|0|
30|1139|480|0|835|1|0|
30|1158|480|0|831|1|0|
30|924|384|0|588|1|0|
30|1137|576|0|819|1|0|
30|932|384|0|586|1|0|
30|928|384|0|589|1|0|
30|1141|672|0|834|1|0|
30|928|480|0|589|1|0|
30|1137|672|0|844|1|0|
30|931|480|0|582|1|0|
30|1136|576|0|837|1|0|
30|1135|480|0|841|1|0|
30|922|480|0|588|1|0|
30|1169|576|0|822|2|0|
30|1144|576|0|835|1|0|
30|1179|576|0|825|2|0|
30|1143|672|0|827|1|0|
30|1156|576|0|826|2|0|
30|955|480|0|590|1|0|
30|937|480|0|588|1|0|
30|1182|672|0|822|2|0|
30|931|480|0|593|1|0|
30|1171|480|0|831|2|0|
30|935|480|0|588|1|0|
30|1166|576|0|828|2|0|
30|918|384|0|589|1|0|
30|1133|576|0|820|1|0|
30|937|480|0|586|1|0|
30|924|480|0|591|1|0|
30|1117|576|0|826|1|0|
30|1146|576|0|832|1|0|
30|1137|576|0|832|1|0|
30|1151|576|0|835|1|0|
30|1140|480|0|837|1|0|
30|946|576|0|591|1|0|
30|1168|672|0|824|2|0|
30|1170|672|0|834|1|0|
30|944|384|0|587|1|0|
30|1148|480|0|839|1|0|
30|1161|576|0|827|2|0|
30|935|480|0|590|1|0|
30|1165|576|0|830|2|0|
30|1164|576|0|1504|2|0|
30|1094|576|0|925|1|0|
30|947|576|0|589|1|0|
30|942|480|0|589|1|0|
30|960|576|0|588|1|0|
30|945|480|0|589|1|0|
30|1012|576|0|590|1|0|
30|952|480|0|591|1|0|
30|945|576|0|588|1|0|
30|954|480|0|588|1|0|
30|952|480|0|590|1|0|
30|952|576|0|586|1|0|
30|948|480|0|589|1|0|
30|949|576|0|588|1|0|
30|961|384|0|588|1|0|
30|945|576|0|593|1|0|
30|939|480|0|589|1|0|
30|968|480|0|591|1|0|
30|963|576|0|588|1|0|
30|953|384|0|591|1|0|
30|952|480|0|585|1|0|
30|957|384|0|586|1|0|
30|942|384|0|589|1|0|
30|950|384|0|586|1|0|
30|946|384|0|588|1|0|
30|947|384|0|587|1|0|
30|954|480|0|590|1|0|
30|948|576|0|586|1|0|
30|947|480|0|586|1|0|
30|948|576|0|589|1|0|
30|949|576|0|584|1|0|
30|941|480|0|589|1|0|
30|951|480|0|590|1|0|
30|959|576|0|585|1|0|
30|959|480|0|590|1|0|
30|963|480|0|589|1|0|
30|948|480|0|589|1|0|
30|956|480|0|589|1|0|
30|960|576|0|587|1|0|
30|961|384|0|585|1|0|
30|1058|768|0|871|1|0|
30|964|384|0|585|1|0|
30|957|576|0|588|1|0|
30|957|480|0|588|1|0|
30|941|480|0|591|1|0|
30|963|480|0|588|1|0|
30|970|480|0|587|1|0|
30|943|480|0|589|1|0|
30|961|576|0|588|1|0|
30|950|576|0|586|1|0|
30|958|480|0|586|1|0|
30|962|480|0|588|1|0|
30|966|384|0|588|1|0|
30|961|384|0|586|1|0|
30|959|576|0|591|1|0|
30|959|480|0|588|1|0|
30|960|480|0|588|1|0|
30|949|384|0|593|1|0|
30|962|576|0|587|1|0|
30|956|480|0|588|1|0|
30|947|384|0|592|1|0|
30|942|480|0|589|1|0|
30|956|480|0|591|1|0|
30|960|480|0|586|1|0|
30|952|480|0|591|1|0|
30|946|384|0|587|1|0|
30|952|480|0|591|1|0|
30|959|672|0|586|1|0|
30|966|480|0|586|1|0|
30|948|480|0|589|1|0|
30|964|384|0|591|1|0|
30|939|480|0|588|1|0|
30|954|384|0|588|1|0|
30|965|480|0|587|1|0|
30|948|480|0|587|1|0|
30|955|480|0|589|1|0|
30|1148|480|0|2154|1|0|
30|1391|576|0|1270|2|0|
30|1155|768|0|833|1|0|
30|1155|480|0|835|2|0|
30|1135|480|0|834|1|0|
30|956|576|0|590|1|0|
30|1132|480|0|822|1|0|
30|926|480|0|591|1|0|
30|1151|576|0|836|1|0|
30|929|480|0|593|1|0|
30|1135|576|0|838|1|0|
30|1132|480|0|824|1|0|
30|1161|576|0|834|2|0|
30|1139|480|0|835|1|0|
30|961|480|0|591|1|0|
30|968|480|0|588|1|0|
30|959|480|0|591|1|0|
30|1162|480|0|828|2|0|
30|1160|672|0|835|1|0|
30|944|384|0|591|1|0|
30|1157|576|0|821|1|0|
30|960|480|0|587|1|0|
30|1149|576|0|831|2|0|
30|1161|576|0|830|1|0|
30|944|480|0|589|1|0|
30|955|576|0|588|1|0|
30|1138|672|0|817|1|0|
30|1168|576|0|843|1|0|
30|1180|576|0|830|2|0|
30|1150|576|0|829|2|0|
30|919|480|0|589|1|0|
30|964|576|0|586|1|0|
30|1125|672|0|828|1|0|
30|1125|480|0|823|1|0|
30|1155|480|0|827|2|0|
30|1120|576|0|822|1|0|
30|1152|672|0|829|2|0|
30|944|480|0|588|1|0|
30|1133|576|0|819|1|0|
31|1717|864|0|1062|1|0|
30|1134|672|0|834|1|0|
30|957|480|0|588|1|0|
30|1151|576|0|821|1|0|
30|1136|768|0|821|1|0|
30|948|384|0|588|1|0|
30|1147|576|0|836|1|0|
30|1152|672|0|826|2|0|
30|958|384|0|588|1|0|
30|1173|672|0|823|2|0|
30|932|480|0|586|1|0|
30|1127|576|0|821|1|0|
30|1124|576|0|825|1|0|
30|1136|576|0|820|1|0|
30|1142|576|0|833|1|0|
30|949|480|0|591|1|0|
30|1175|576|0|825|2|0|
30|1127|576|0|826|1|0|
30|1122|672|0|823|1|0|
30|1159|576|0|834|1|0|
30|958|672|0|585|1|0|
30|962|384|0|587|1|0|
30|1176|672|0|828|2|0|
30|923|480|0|589|1|0|
30|932|480|0|591|1|0|
30|1139|576|0|837|1|0|
30|1121|576|0|820|1|0|
30|931|480|0|590|1|0|
30|1162|672|0|841|1|0|
30|955|384|0|586|1|0|
30|949|480|0|589|1|0|
30|957|480|0|591|1|0|
30|945|480|0|591|1|0|
30|959|576|0|591|1|0|
30|1156|576|0|839|1|0|
30|1139|576|0|1530|2|0|
30|970|672|0|588|1|0|
30|952|576|0|585|1|0|
30|948|384|0|589|1|0|
30|958|480|0|586|1|0|
30|947|384|0|589|1|0|
30|954|480|0|591|1|0|
30|959|384|0|588|1|0|
30|954|576|0|588|1|0|
30|949|480|0|589|1|0|
30|947|480|0|589|1|0|
30|960|480|0|591|1|0|
30|950|576|0|586|1|0|
30|971|384|0|588|1|0|
30|968|384|0|586|1|0|
30|956|576|0|591|1|0|
30|942|384|0|589|1|0|
30|952|480|0|591|1|0|
30|952|480|0|588|1|0|
30|940|480|0|588|1|0|
30|954|576|0|591|1|0|
30|947|384|0|591|1|0|
30|956|576|0|586|1|0|
30|949|480|0|586|1|0|
30|954|480|0|588|1|0|
30|958|384|0|588|1|0|
30|959|384|0|586|1|0|
30|950|384|0|591|1|0|
30|949|384|0|590|1|0|
30|950|480|0|585|1|0|
30|949|384|0|591|1|0|
30|961|480|0|588|1|0|
30|951|480|0|588|1|0|
30|947|480|0|584|1|0|
30|958|480|0|585|1|0|
30|950|384|0|588|1|0|
30|958|480|0|588|1|0|
30|944|480|0|589|1|0|
30|947|480|0|588|1|0|
30|957|576|0|589|1|0|
30|963|480|0|588|1|0|
30|960|480|0|589|1|0|
30|960|480|0|591|1|0|
30|941|384|0|589|1|0|
30|944|480|0|591|1|0|
30|943|480|0|587|1|0|
30|1127|480|0|1090|2|0|
30|954|480|0|589|1|0|
30|946|480|0|590|1|0|
30|948|480|0|589|1|0|
30|944|480|0|588|1|0|
30|950|480|0|588|1|0|
30|974|480|0|587|1|0|
30|956|480|0|586|1|0|
30|950|480|0|592|1|0|
30|947|480|0|591|1|0|
30|961|480|0|590|1|0|
30|945|480|0|588|1|0|
30|941|480|0|589|1|0|
30|954|576|0|586|1|0|
30|955|480|0|590|1|0|
30|962|480|0|591|1|0|
30|949|480|0|591|1|0|
30|957|480|0|585|1|0|
30|959|480|0|585|1|0|
30|957|480|0|590|1|0|
30|957|576|0|588|1|0|
30|962|576|0|588|1|0|
30|961|384|0|589|1|0|
30|961|576|0|589|1|0|
30|946|480|0|589|1|0|
30|950|384|0|589|1|0|
30|952|384|0|590|1|0|
30|946|576|0|589|1|0|
30|962|480|0|591|1|0|
30|950|480|0|591|1|0|
30|957|480|0|587|1|0|
30|947|480|0|589|1|0|
30|1213|672|0|1691|2|0|
30|1169|576|0|1358|2|0|
30|991|384|0|610|1|0|
30|954|480|0|590|1|0|
30|941|480|0|589|1|0|
30|960|384|0|588|1|0|
30|969|480|0|588|1|0|
30|973|576|0|587|1|0|
30|948|384|0|590|1|0|
30|942|480|0|588|1|0|
30|950|480|0|589|1|0|
30|960|480|0|588|1|0|
30|962|480|0|587|1|0|
30|948|576|0|591|1|0|
30|959|480|0|588|1|0|
30|955|480|0|588|1|0|
30|946|384|0|587|1|0|
30|961|384|0|588|1|0|
30|946|576|0|586|1|0|
30|948|480|0|589|1|0|
30|959|480|0|589|1|0|
30|956|384|0|591|1|0|
30|959|384|0|588|1|0|
30|945|480|0|589|1|0|
30|953|576|0|589|1|0|
30|966|576|0|589|1|0|
30|949|576|0|588|1|0|
30|949|480|0|591|1|0|
30|954|384|0|586|1|0|
30|952|384|0|588|1|0|
30|944|480|0|589|1|0|
30|961|576|0|585|1|0|
30|958|480|0|593|1|0|
30|952|384|0|589|1|0|
30|954|576|0|591|1|0|
30|949|480|0|590|1|0|
30|947|672|0|590|1|0|
30|943|384|0|593|1|0|
30|949|480|0|588|1|0|
30|954|384|0|590|1|0|
30|949|576|0|587|1|0|
30|961|576|0|591|1|0|
30|951|480|0|590|1|0|
30|968|480|0|590|1|0|
30|965|480|0|585|1|0|
30|952|576|0|590|1|0|
30|940|480|0|589|1|0|
30|953|480|0|591|1|0|
30|951|480|0|590|1|0|
30|949|480|0|591|1|0|
30|949|480|0|588|1|0|
30|957|480|0|588|1|0|
30|943|384|0|591|1|0|
30|947|480|0|591|1|0|
30|959|384|0|586|1|0|
30|958|480|0|587|1|0|
30|965|480|0|588|1|0|
30|946|480|0|589|1|0|
30|966|480|0|588|1|0|
30|953|480|0|591|1|0|
30|947|480|0|593|1|0|
30|948|384|0|591|1|0|
30|953|480|0|589|1|0|
30|961|384|0|588|1|0|
30|961|480|0|590|1|0|
30|948|384|0|589|1|0|
30|957|480|0|588|1|0|
30|953|480|0|590|1|0|
30|951|480|0|589|1|0|
30|959|480|0|585|1|0|
30|948|576|0|589|1|0|
30|951|480|0|593|1|0|
30|996|576|0|587|1|0|
30|945|480|0|589|1|0|
30|966|384|0|592|1|0|
30|961|480|0|588|1|0|
30|1352|672|0|2331|2|0|
30|1061|480|0|1090|2|0|
30|952|384|0|587|1|0|
30|953|480|0|586|1|0|
30|950|480|0|589|1|0|
30|947|480|0|593|1|0|
30|954|480|0|588|1|0|
30|955|480|0|586|1|0|
30|964|576|0|585|1|0|
30|959|480|0|591|1|0|
30|972|480|0|587|1|0|
30|967|384|0|588|1|0|
30|957|480|0|586|1|0|
30|964|384|0|590|1|0|
30|956|480|0|585|1|0|
30|947|480|0|591|1|0|
30|940|480|0|589|1|0|
30|962|480|0|589|1|0|
30|947|480|0|589|1|0|
30|962|480|0|585|1|0|
30|958|384|0|587|1|0|
30|954|576|0|590|1|0|
30|952|576|0|585|1|0|
30|953|480|0|591|1|0|
30|951|480|0|588|1|0|
30|962|576|0|587|1|0|
30|944|480|0|588|1|0|
30|951|384|0|591|1|0|
30|945|480|0|589|1|0|
30|925|384|0|591|1|0|
30|922|480|0|588|1|0|
30|943|480|0|593|1|0|
30|932|480|0|586|1|0|
30|925|384|0|589|1|0|
30|930|480|0|585|1|0|
30|934|384|0|586|1|0|
30|934|480|0|585|1|0|
30|925|384|0|589|1|0|
30|935|384|0|586|1|0|
30|932|384|0|586|1|0|
30|916|576|0|589|1|0|
30|937|480|0|590|1|0|
30|938|384|0|587|1|0|
30|935|384|0|586|1|0|
30|938|384|0|586|1|0|
30|929|384|0|590|1|0|
30|942|480|0|586|1|0|
30|934|480|0|586|1|0|
30|940|672|0|590|1|0|
30|932|480|0|584|1|0|
30|921|384|0|588|1|0|
30|918|480|0|586|1|0|
30|974|384|0|586|2|0|
30|925|480|0|589|1|0|
30|931|384|0|586|1|0|
30|951|480|0|586|1|0|
30|968|480|0|587|1|0|
30|958|576|0|589|1|0|
30|956|480|0|590|1|0|
30|954|384|0|584|1|0|
30|957|384|0|587|1|0|
30|948|480|0|585|1|0|
30|947|576|0|590|1|0|
30|965|480|0|588|1|0|
30|955|480|0|593|1|0|
30|962|480|0|586|1|0|
30|954|576|0|589|1|0|
30|930|384|0|586|1|0|
30|922|480|0|588|1|0|
30|950|576|0|586|1|0|
30|949|480|0|588|1|0|
30|946|480|0|591|1|0|
30|947|576|0|589|1|0|
30|953|576|0|585|1|0|
30|951|480|0|590|1|0|
30|956|480|0|586|1|0|
30|948|576|0|585|1|0|
30|1178|480|0|1494|2|0|
30|1120|672|0|1315|1|0|
30|998|384|0|586|1|0|
30|959|576|0|585|1|0|
30|950|480|0|594|1|0|
30|950|480|0|591|1|0|
30|963|384|0|589|1|0|
30|948|384|0|588|1|0|
30|945|672|0|591|1|0|
30|943|480|0|591|1|0|
30|953|480|0|584|1|0|
30|944|576|0|591|1|0|
30|956|480|0|588|1|0|
30|968|480|0|588|1|0|
30|949|480|0|588|1|0|
30|951|384|0|588|1|0|
30|956|576|0|587|1|0|
30|963|384|0|588|1|0|
30|950|480|0|588|1|0|
30|957|480|0|591|1|0|
30|944|576|0|591|1|0|
30|970|384|0|588|1|0|
30|966|384|0|588|1|0|
30|951|576|0|591|1|0|
30|941|480|0|593|1|0|
30|954|384|0|590|1|0|
30|954|384|0|591|1|0|
30|940|480|0|588|1|0|
30|960|480|0|585|1|0|
30|953|480|0|586|1|0|
30|958|480|0|588|1|0|
30|961|480|0|587|1|0|
30|959|384|0|588|1|0|
30|950|480|0|590|1|0|
30|952|384|0|586|1|0|
30|941|480|0|588|1|0|
30|941|480|0|588|1|0|
30|945|384|0|591|1|0|
30|949|384|0|589|1|0|
30|948|480|0|588|1|0|
30|955|480|0|585|1|0|
30|950|576|0|585|1|0|
30|951|480|0|591|1|0|
30|945|480|0|586|1|0|
30|959|480|0|590|1|0|
30|940|480|0|588|1|0|
30|959|480|0|593|1|0|
30|963|480|0|585|1|0|
30|955|384|0|591|1|0|
30|953|384|0|586|1|0|
30|944|576|0|589|1|0|
30|963|480|0|588|1|0|
30|943|480|0|591|1|0|
30|941|384|0|589|1|0|
30|975|480|0|588|1|0|
30|954|480|0|591|1|0|
