INSTRUCTIONS_RETIRED|CYCLES|UNKNOWN|LD_BLOCKS.STORE_FORWARD|UOPS_EXECUTED.CORE|BR_MISP_RETIRED.ALL_BRANCHES|UOPS_ISSUED.SINGLE_MUL|
30|948|480|0|595|1|0|
30|962|384|0|591|1|0|
30|956|480|0|592|1|0|
30|963|576|0|591|1|0|
30|954|480|0|586|1|0|
30|955|480|0|589|1|0|
30|974|576|0|587|1|0|
30|956|576|0|590|1|0|
30|967|480|0|588|1|0|
30|1005|480|0|646|1|0|
30|942|576|0|588|1|0|
30|956|384|0|586|1|0|
30|992|480|0|594|1|0|
30|954|480|0|589|1|0|
30|947|480|0|586|1|0|
30|952|480|0|585|1|0|
30|946|480|0|586|1|0|
30|959|480|0|585|1|0|
30|953|480|0|590|1|0|
30|953|480|0|586|1|0|
30|1087|480|0|1065|1|0|
30|979|480|0|588|1|0|
30|1129|672|0|822|2|0|
30|1160|576|0|823|1|0|
30|1148|576|0|822|2|0|
30|943|576|0|589|1|0|
30|1143|576|0|821|1|0|
30|936|480|0|588|1|0|
30|1016|576|0|585|1|0|
30|1178|768|0|823|2|0|
30|951|480|0|588|2|0|
30|1134|480|0|822|2|0|
30|957|480|0|590|1|0|
30|1158|672|0|838|1|0|
30|1149|576|0|818|2|0|
30|1138|480|0|818|2|0|
30|947|480|0|586|2|0|
30|1170|576|0|832|2|0|
30|946|480|0|586|2|0|
30|947|480|0|593|2|0|
30|946|480|0|590|2|0|
30|956|576|0|591|2|0|
30|1178|672|0|838|1|0|
30|1156|576|0|825|2|0|
30|1173|576|0|822|2|0|
30|956|576|0|592|1|0|
30|960|480|0|586|1|0|
30|1145|576|0|823|1|0|
30|941|480|0|589|1|0|
30|948|576|0|593|1|0|
30|1161|576|0|839|1|0|
30|1127|480|0|821|2|0|
30|1140|576|0|827|2|0|
30|949|576|0|587|2|0|
30|1175|576|0|835|2|0|
30|1144|576|0|817|2|0|
30|1149|576|0|830|2|0|
30|947|480|0|586|2|0|
30|1157|768|0|832|2|0|
30|1159|768|0|820|2|0|
30|1164|672|0|838|2|0|
30|954|480|0|591|2|0|
30|942|480|0|593|2|0|
30|1138|576|0|825|2|0|
30|1157|576|0|842|2|0|
30|936|480|0|589|2|0|
30|3974|2016|0|1356|2|0|
30|1156|480|0|828|2|0|
30|1156|576|0|837|2|0|
30|1141|480|0|823|2|0|
30|1197|672|0|831|2|0|
30|952|384|0|588|2|0|
30|1184|672|0|1704|2|0|
30|940|480|0|589|1|0|
30|1150|576|0|836|1|0|
30|1134|480|0|821|1|0|
30|1154|672|0|826|2|0|
30|960|576|0|593|2|0|
30|945|480|0|590|1|0|
30|947|480|0|593|1|0|
30|940|384|0|587|1|0|
30|1127|480|0|820|2|0|
30|1166|672|0|832|2|0|
30|1181|672|0|829|2|0|
30|946|480|0|593|1|0|
30|1136|480|0|819|1|0|
30|943|480|0|590|1|0|
30|948|384|0|589|1|0|
30|940|480|0|589|1|0|
30|1186|576|0|821|2|0|
30|1148|768|0|822|1|0|
30|944|480|0|592|1|0|
30|958|672|0|591|1|0|
30|957|480|0|591|1|0|
30|1134|672|0|826|2|0|
30|1131|480|0|829|2|0|
30|1158|576|0|837|2|0|
30|1163|576|0|828|2|0|
30|1161|576|0|817|2|0|
30|1178|576|0|822|1|0|
30|1174|480|0|836|1|0|
30|958|576|0|587|1|0|
30|953|480|0|591|1|0|
30|1176|672|0|833|1|0|
30|972|576|0|588|1|0|
30|1136|576|0|817|2|0|
30|1148|576|0|827|2|0|
30|1143|672|0|830|2|0|
30|937|384|0|589|2|0|
30|1162|672|0|838|2|0|
30|1172|672|0|834|2|0|
30|942|480|0|587|2|0|
30|943|576|0|592|2|0|
30|1143|480|0|821|2|0|
30|966|480|0|584|2|0|
30|957|384|0|589|2|0|
30|1153|672|0|816|2|0|
30|1149|576|0|830|2|0|
30|1156|576|0|842|2|0|
30|945|384|0|585|2|0|
30|936|480|0|589|2|0|
30|1138|480|0|817|2|0|
30|953|576|0|593|2|0|
30|1151|768|0|842|2|0|
30|1132|576|0|824|2|0|
30|1135|576|0|822|2|0|
30|1183|576|0|826|2|0|
30|1155|576|0|834|1|0|
30|951|480|0|587|1|0|
30|952|480|0|589|1|0|
30|1159|576|0|840|1|0|
30|955|384|0|589|1|0|
30|961|672|0|591|1|0|
30|1153|576|0|840|1|0|
30|970|480|0|586|1|0|
30|1142|480|0|819|2|0|
30|1160|480|0|831|1|0|
30|1153|576|0|837|1|0|
30|1148|672|0|837|1|0|
30|1154|480|0|838|1|0|
30|1162|672|0|832|1|0|
30|1157|672|0|833|1|0|
30|1247|672|0|1192|1|0|
30|1651|960|0|1350|2|0|
30|978|576|0|589|1|0|
30|956|480|0|585|2|0|
30|940|576|0|589|1|0|
30|944|480|0|593|1|0|
30|1203|768|0|827|2|0|
30|938|480|0|589|2|0|
30|946|480|0|589|2|0|
30|1145|576|0|822|2|0|
30|1155|576|0|830|2|0|
30|1161|576|0|839|2|0|
30|1156|480|0|841|2|0|
30|1162|480|0|826|2|0|
30|947|384|0|593|2|0|
30|953|480|0|586|2|0|
30|950|480|0|586|2|0|
30|1146|672|0|837|2|0|
30|1155|672|0|819|2|0|
30|1172|576|0|841|2|0|
30|940|480|0|588|2|0|
30|978|576|0|590|2|0|
30|1206|672|0|822|2|0|
30|955|480|0|588|2|0|
30|965|480|0|590|2|0|
30|1145|480|0|821|2|0|
30|948|480|0|593|2|0|
30|958|480|0|588|2|0|
30|1163|576|0|821|2|0|
30|955|576|0|590|2|0|
30|1129|576|0|822|2|0|
30|1146|672|0|818|2|0|
30|1195|672|0|836|2|0|
30|1170|480|0|833|2|0|
30|946|576|0|585|2|0|
30|1151|480|0|821|2|0|
30|941|480|0|592|2|0|
30|941|480|0|593|2|0|
30|950|672|0|590|2|0|
30|942|480|0|589|2|0|
30|1175|480|0|836|2|0|
30|1132|576|0|822|2|0|
30|1164|576|0|829|2|0|
30|942|384|0|591|2|0|
30|948|480|0|590|2|0|
30|950|480|0|586|2|0|
30|965|480|0|587|2|0|
30|943|480|0|587|2|0|
30|951|672|0|589|2|0|
30|1147|672|0|822|2|0|
30|1132|576|0|821|2|0|
30|970|576|0|587|2|0|
30|1182|576|0|836|2|0|
30|1179|672|0|822|2|0|
30|945|480|0|589|2|0|
30|1149|576|0|836|2|0|
30|955|480|0|590|2|0|
30|940|480|0|589|2|0|
30|1132|480|0|824|2|0|
30|1136|576|0|821|2|0|
30|1131|576|0|819|2|0|
30|1135|576|0|821|2|0|
30|1155|768|0|835|2|0|
30|1132|576|0|822|2|0|
30|1134|576|0|822|2|0|
30|1132|672|0|825|2|0|
30|1158|576|0|827|2|0|
30|944|480|0|586|2|0|
30|1166|576|0|828|2|0|
30|1132|576|0|821|2|0|
30|945|480|0|592|2|0|
30|963|576|0|590|2|0|
30|934|576|0|589|2|0|
30|1164|672|0|828|2|0|
30|1166|672|0|837|2|0|
30|953|576|0|587|2|0|
30|1158|576|0|843|2|0|
30|1130|576|0|821|2|0|
30|1396|768|0|1398|2|0|
30|1370|576|0|1425|2|0|
30|942|480|0|588|1|0|
30|965|480|0|591|1|0|
30|961|672|0|587|1|0|
30|958|576|0|588|1|0|
30|958|384|0|591|1|0|
30|949|576|0|586|1|0|
30|964|480|0|586|1|0|
30|935|480|0|589|1|0|
30|956|480|0|590|1|0|
30|965|480|0|591|1|0|
30|960|480|0|590|1|0|
30|948|384|0|593|1|0|
30|957|384|0|589|1|0|
30|936|480|0|589|1|0|
30|954|480|0|591|1|0|
30|943|480|0|591|1|0|
30|947|480|0|588|1|0|
30|941|480|0|593|1|0|
30|945|576|0|592|1|0|
30|952|384|0|593|1|0|
30|948|480|0|585|1|0|
30|948|480|0|588|1|0|
30|944|480|0|591|1|0|
30|938|384|0|589|1|0|
30|955|480|0|591|1|0|
30|943|576|0|589|1|0|
30|941|384|0|589|1|0|
30|963|480|0|591|1|0|
30|953|480|0|593|1|0|
30|954|576|0|590|1|0|
30|965|480|0|593|1|0|
30|937|480|0|588|1|0|
30|960|384|0|589|1|0|
30|972|480|0|588|1|0|
30|938|576|0|587|1|0|
30|945|480|0|593|1|0|
30|935|480|0|588|1|0|
30|959|480|0|590|1|0|
30|958|480|0|589|1|0|
30|949|384|0|593|1|0|
30|958|480|0|588|1|0|
30|934|576|0|589|1|0|
30|958|480|0|588|1|0|
30|956|480|0|586|1|0|
30|944|480|0|586|1|0|
30|956|480|0|590|1|0|
30|943|480|0|586|1|0|
30|949|576|0|586|1|0|
30|949|480|0|586|1|0|
30|947|480|0|593|1|0|
30|954|384|0|591|1|0|
30|962|480|0|591|1|0|
30|942|480|0|588|1|0|
30|943|384|0|593|1|0|
30|956|384|0|588|1|0|
30|943|480|0|593|1|0|
30|950|480|0|592|1|0|
30|948|480|0|591|1|0|
30|946|480|0|588|1|0|
30|949|384|0|591|1|0|
30|954|480|0|584|1|0|
30|953|480|0|587|1|0|
30|950|576|0|586|1|0|
30|945|480|0|592|1|0|
30|952|480|0|585|1|0|
30|946|384|0|590|1|0|
30|972|480|0|588|1|0|
30|957|480|0|589|1|0|
30|954|480|0|586|1|0|
30|950|480|0|585|1|0|
30|957|480|0|588|1|0|
30|952|480|0|586|1|0|
30|956|480|0|591|1|0|
30|942|576|0|585|1|0|
30|961|480|0|590|1|0|
30|1179|672|0|2261|2|0|
30|1150|672|0|1223|1|0|
30|941|576|0|587|1|0|
30|1152|672|0|1361|2|0|
30|1157|576|0|839|1|0|
30|1174|576|0|833|1|0|
30|939|480|0|589|1|0|
30|945|576|0|591|1|0|
30|957|480|0|589|1|0|
30|1165|576|0|834|1|0|
30|1138|672|0|823|1|0|
30|1142|576|0|823|1|0|
30|1142|576|0|820|1|0|
30|946|576|0|590|1|0|
30|954|480|0|588|1|0|
30|1173|576|0|840|1|0|
30|1157|576|0|837|1|0|
30|1144|576|0|820|1|0|
30|1151|480|0|826|2|0|
30|1151|576|0|828|2|0|
30|1165|576|0|833|1|0|
30|937|480|0|589|1|0|
30|1159|576|0|839|1|0|
30|1150|672|0|839|1|0|
30|1156|576|0|830|2|0|
30|1128|480|0|823|2|0|
30|1138|576|0|823|2|0|
30|939|480|0|588|2|0|
30|1150|672|0|840|2|0|
30|1158|576|0|819|2|0|
30|939|480|0|589|2|0|
30|1157|480|0|821|2|0|
30|939|384|0|589|2|0|
30|1155|480|0|838|2|0|
30|943|480|0|588|2|0|
30|1174|480|0|837|2|0|
30|1184|672|0|834|2|0|
30|1167|576|0|834|2|0|
30|937|480|0|589|2|0|
30|958|576|0|586|2|0|
30|951|576|0|590|2|0|
30|1163|576|0|837|2|0|
30|1165|576|0|827|2|0|
30|1148|576|0|822|1|0|
30|934|576|0|587|1|0|
30|1156|576|0|826|1|0|
30|939|480|0|589|1|0|
30|960|480|0|591|1|0|
30|1126|576|0|816|2|0|
30|1192|672|0|822|2|0|
30|1134|576|0|823|2|0|
30|944|480|0|591|2|0|
30|942|480|0|589|2|0|
30|1132|576|0|822|2|0|
30|1130|672|0|824|2|0|
30|1167|672|0|828|2|0|
30|1164|576|0|832|2|0|
30|1164|576|0|840|1|0|
30|1165|576|0|834|1|0|
30|1150|672|0|831|1|0|
30|946|480|0|591|1|0|
30|959|480|0|590|1|0|
30|1153|576|0|828|2|0|
30|1159|576|0|821|1|0|
30|960|576|0|588|1|0|
30|958|480|0|588|1|0|
30|1157|576|0|845|1|0|
30|1162|576|0|1546|2|0|
30|1169|384|0|1217|1|0|
30|1155|576|0|835|1|0|
30|991|384|0|588|1|0|
30|944|576|0|586|1|0|
30|969|480|0|588|1|0|
30|947|480|0|593|1|0|
30|944|576|0|588|1|0|
30|942|480|0|589|1|0|
30|942|480|0|589|1|0|
30|937|384|0|589|1|0|
30|950|480|0|593|1|0|
30|955|480|0|588|1|0|
30|965|480|0|593|1|0|
30|941|384|0|589|1|0|
30|946|480|0|589|1|0|
30|947|480|0|591|1|0|
30|961|480|0|588|1|0|
30|947|384|0|591|1|0|
30|951|480|0|589|1|0|
30|955|384|0|586|1|0|
30|970|576|0|588|1|0|
30|940|576|0|591|1|0|
30|949|480|0|590|1|0|
30|949|480|0|591|1|0|
30|935|480|0|589|1|0|
30|940|384|0|589|1|0|
30|932|480|0|589|1|0|
30|947|480|0|590|1|0|
30|940|480|0|589|1|0|
30|938|480|0|589|1|0|
30|955|384|0|586|1|0|
30|971|480|0|588|1|0|
30|963|480|0|591|1|0|
30|940|384|0|589|1|0|
30|946|480|0|592|1|0|
30|946|480|0|591|1|0|
30|946|480|0|590|1|0|
30|949|480|0|586|1|0|
30|942|480|0|591|1|0|
30|959|480|0|589|1|0|
30|939|480|0|591|1|0|
30|949|384|0|591|1|0|
30|964|480|0|591|1|0|
30|967|384|0|588|1|0|
30|956|480|0|589|1|0|
30|966|480|0|588|1|0|
30|946|480|0|591|1|0|
30|937|384|0|589|1|0|
30|951|480|0|585|1|0|
30|937|480|0|589|1|0|
30|946|480|0|592|1|0|
30|970|480|0|586|1|0|
30|954|576|0|588|1|0|
30|955|384|0|589|1|0|
30|958|480|0|590|1|0|
30|952|576|0|586|1|0|
30|939|480|0|589|1|0|
30|968|480|0|588|1|0|
30|951|384|0|585|1|0|
30|941|480|0|589|1|0|
30|960|480|0|590|1|0|
30|961|576|0|589|1|0|
30|954|480|0|589|1|0|
30|982|480|0|592|1|0|
30|940|480|0|589|1|0|
30|953|480|0|593|1|0|
30|944|480|0|588|1|0|
30|948|384|0|588|1|0|
30|958|480|0|591|1|0|
30|941|480|0|593|1|0|
30|1175|480|0|2568|1|0|
30|963|576|0|589|1|0|
30|946|576|0|585|1|0|
30|992|384|0|588|1|0|
30|942|384|0|589|1|0|
30|945|576|0|590|1|0|
30|949|480|0|591|1|0|
30|948|384|0|593|1|0|
30|948|480|0|590|1|0|
30|936|480|0|589|1|0|
30|936|384|0|589|1|0|
30|940|480|0|589|1|0|
30|942|480|0|588|1|0|
30|947|480|0|585|1|0|
30|962|480|0|591|1|0|
30|944|384|0|593|1|0|
30|964|480|0|588|1|0|
30|961|480|0|593|1|0|
30|956|480|0|588|1|0|
30|971|480|0|588|1|0|
30|936|480|0|589|1|0|
30|946|480|0|593|1|0|
30|952|480|0|586|1|0|
30|941|480|0|587|1|0|
30|934|480|0|589|1|0|
30|959|480|0|589|1|0|
30|942|480|0|586|1|0|
30|942|384|0|591|1|0|
30|962|480|0|591|1|0|
30|962|576|0|591|1|0|
30|951|576|0|586|1|0|
30|951|480|0|586|1|0|
30|938|480|0|588|1|0|
30|943|480|0|593|1|0|
30|951|576|0|585|1|0|
30|953|576|0|590|1|0|
30|965|480|0|587|1|0|
30|946|384|0|591|1|0|
30|941|480|0|591|1|0|
30|945|576|0|593|1|0|
30|941|384|0|589|1|0|
30|958|576|0|588|1|0|
30|948|480|0|590|1|0|
30|952|480|0|591|1|0|
30|940|480|0|588|1|0|
30|947|576|0|590|1|0|
30|957|384|0|591|1|0|
30|955|480|0|587|1|0|
30|945|480|0|590|1|0|
30|937|480|0|589|1|0|
30|945|384|0|593|1|0|
30|941|576|0|588|1|0|
30|938|480|0|589|1|0|
30|945|480|0|593|1|0|
30|953|480|0|586|1|0|
30|936|480|0|589|1|0|
30|946|384|0|593|1|0|
30|942|480|0|593|1|0|
30|940|384|0|589|1|0|
30|959|384|0|587|1|0|
30|948|480|0|586|1|0|
30|968|480|0|587|1|0|
30|935|480|0|589|1|0|
30|955|480|0|588|1|0|
30|954|576|0|591|1|0|
30|941|384|0|589|1|0|
30|957|480|0|587|1|0|
30|945|576|0|591|1|0|
30|961|576|0|591|1|0|
30|953|384|0|586|1|0|
30|938|384|0|588|1|0|
30|939|384|0|589|1|0|
30|1208|672|0|1168|1|0|
30|1114|576|0|1069|1|0|
30|1094|576|0|1086|2|0|
30|945|480|0|592|2|0|
30|967|480|0|589|2|0|
30|967|480|0|588|2|0|
30|934|384|0|589|2|0|
30|957|576|0|587|2|0|
30|949|480|0|586|2|0|
30|955|576|0|589|2|0|
30|942|480|0|592|2|0|
30|953|576|0|593|2|0|
30|952|480|0|595|2|0|
30|950|480|0|585|2|0|
30|956|480|0|587|2|0|
30|949|480|0|590|2|0|
30|962|480|0|590|2|0|
30|947|384|0|586|2|0|
30|955|480|0|592|2|0|
30|953|480|0|587|2|0|
30|956|480|0|591|1|0|
30|957|480|0|587|1|0|
30|942|480|0|591|1|0|
30|954|480|0|590|1|0|
30|936|384|0|588|1|0|
30|943|384|0|590|1|0|
30|936|480|0|589|1|0|
30|946|384|0|593|1|0|
30|947|576|0|590|1|0|
30|952|480|0|586|1|0|
30|938|480|0|591|1|0|
30|975|480|0|585|1|0|
30|944|576|0|587|1|0|
30|944|576|0|589|1|0|
30|941|384|0|593|1|0|
30|946|576|0|586|1|0|
30|951|480|0|591|1|0|
30|941|384|0|589|1|0|
30|950|576|0|591|1|0|
30|949|480|0|589|1|0|
30|945|480|0|589|1|0|
30|954|480|0|595|1|0|
30|957|576|0|593|1|0|
30|975|480|0|586|1|0|
30|950|480|0|585|1|0|
30|934|480|0|589|1|0|
30|946|384|0|593|1|0|
30|951|480|0|586|1|0|
30|939|480|0|591|1|0|
30|965|480|0|591|1|0|
30|970|480|0|588|1|0|
30|945|480|0|585|1|0|
30|942|576|0|591|1|0|
30|945|384|0|593|1|0|
30|940|384|0|589|1|0|
30|948|576|0|586|1|0|
30|947|480|0|586|1|0|
30|960|480|0|591|1|0|
30|962|480|0|586|1|0|
30|954|480|0|586|1|0|
30|956|480|0|588|1|0|
30|963|480|0|588|1|0|
30|952|576|0|588|1|0|
30|940|480|0|589|1|0|
30|966|480|0|589|1|0|
30|938|480|0|589|1|0|
30|936|480|0|589|1|0|
30|953|480|0|588|1|0|
30|944|384|0|593|1|0|
30|950|480|0|593|1|0|
30|937|480|0|589|1|0|
30|985|480|0|584|1|0|
30|939|384|0|588|1|0|
30|948|384|0|589|1|0|
30|938|480|0|589|1|0|
30|965|672|0|587|1|0|
30|1179|768|0|818|1|0|
30|1001|576|0|586|1|0|
30|968|384|0|590|1|0|
30|963|480|0|588|1|0|
30|1134|576|0|822|1|0|
30|951|480|0|588|1|0|
30|941|480|0|589|1|0|
30|937|576|0|589|1|0|
30|943|384|0|589|1|0|
30|1160|576|0|836|1|0|
30|1135|480|0|828|2|0|
30|1163|576|0|818|2|0|
30|952|480|0|586|2|0|
30|950|576|0|586|2|0|
30|950|384|0|585|2|0|
30|1141|576|0|819|2|0|
30|1138|672|0|825|2|0|
30|1128|576|0|823|2|0|
30|1167|672|0|825|2|0|
30|1150|576|0|820|2|0|
30|964|480|0|592|2|0|
30|956|480|0|589|2|0|
30|1147|576|0|824|2|0|
30|1168|480|0|830|2|0|
30|950|480|0|591|2|0|
30|1138|576|0|819|2|0|
30|950|384|0|591|2|0|
30|941|480|0|589|2|0|
30|943|576|0|593|2|0|
30|1167|576|0|835|2|0|
30|1163|576|0|831|2|0|
30|1137|480|0|824|2|0|
30|948|480|0|585|2|0|
30|950|480|0|593|2|0|
30|1163|576|0|845|2|0|
30|1162|576|0|835|2|0|
30|1144|480|0|825|2|0|
30|942|480|0|587|2|0|
30|952|480|0|589|2|0|
30|1172|576|0|819|2|0|
30|1157|576|0|832|2|0|
30|1168|672|0|831|2|0|
30|946|672|0|586|2|0|
30|1149|576|0|824|2|0|
30|1153|480|0|821|2|0|
30|949|384|0|585|2|0|
30|944|576|0|591|2|0|
30|1163|672|0|828|2|0|
30|949|480|0|585|2|0|
30|941|480|0|589|2|0|
30|1145|576|0|828|2|0|
30|970|384|0|585|2|0|
30|1150|576|0|827|2|0|
30|943|384|0|589|2|0|
30|1165|576|0|825|2|0|
30|1148|480|0|829|2|0|
30|1140|576|0|822|1|0|
30|1161|576|0|829|2|0|
30|947|384|0|586|2|0|
30|1129|576|0|822|2|0|
30|1136|576|0|826|2|0|
30|1153|576|0|822|1|0|
30|945|480|0|588|1|0|
30|1164|480|0|837|1|0|
30|949|480|0|591|1|0|
30|1133|576|0|823|1|0|
30|952|384|0|586|1|0|
30|1155|576|0|839|1|0|
30|1159|576|0|825|2|0|
30|1158|576|0|824|2|0|
30|1326|672|0|1456|2|0|
30|1290|576|0|1204|2|0|
30|1408|672|0|1658|2|0|
30|941|384|0|591|2|0|
30|1227|576|0|1024|2|0|
30|934|480|0|585|2|0|
30|950|576|0|586|1|0|
30|940|480|0|589|1|0|
30|947|480|0|591|1|0|
30|949|384|0|585|1|0|
30|957|480|0|590|1|0|
30|950|480|0|593|1|0|
30|956|480|0|591|1|0|
30|950|384|0|586|1|0|
30|954|480|0|588|1|0|
30|939|480|0|589|1|0|
30|941|384|0|590|1|0|
30|960|480|0|585|1|0|
30|958|480|0|587|1|0|
30|943|480|0|591|1|0|
30|947|480|0|593|1|0|
30|949|480|0|591|1|0|
30|947|384|0|593|1|0|
30|955|480|0|590|1|0|
30|971|672|0|593|1|0|
30|960|576|0|588|1|0|
30|950|480|0|593|1|0|
30|955|384|0|590|1|0|
30|964|480|0|590|1|0|
30|948|384|0|591|1|0|
30|941|384|0|589|1|0|
30|951|480|0|586|1|0|
30|947|384|0|592|1|0|
30|948|480|0|593|1|0|
30|942|576|0|589|1|0|
30|954|480|0|590|1|0|
30|940|480|0|589|1|0|
30|954|480|0|590|1|0|
30|953|384|0|595|1|0|
30|957|576|0|591|1|0|
30|950|480|0|585|1|0|
30|943|384|0|592|1|0|
30|969|480|0|591|1|0|
30|946|480|0|591|1|0|
30|946|480|0|593|1|0|
30|951|576|0|591|1|0|
30|940|480|0|593|1|0|
30|937|384|0|589|1|0|
30|941|384|0|588|1|0|
30|937|480|0|589|1|0|
30|942|480|0|589|1|0|
30|942|480|0|589|1|0|
30|944|480|0|589|1|0|
30|948|384|0|585|1|0|
30|951|384|0|586|1|0|
30|945|480|0|591|1|0|
30|935|480|0|589|1|0|
30|949|480|0|593|1|0|
30|940|384|0|587|1|0|
30|951|384|0|586|1|0|
30|959|480|0|590|1|0|
30|957|480|0|587|1|0|
30|961|576|0|591|1|0|
30|958|480|0|588|1|0|
30|941|384|0|588|1|0|
30|934|480|0|589|1|0|
30|944|576|0|590|2|0|
30|1091|672|0|1107|2|0|
30|1040|672|0|651|1|0|
30|951|384|0|588|1|0|
30|940|480|0|588|1|0|
30|957|384|0|591|1|0|
30|949|480|0|586|1|0|
30|949|576|0|591|1|0|
30|952|480|0|595|1|0|
30|952|480|0|585|1|0|
30|954|480|0|585|1|0|
30|960|576|0|585|1|0|
30|953|576|0|584|1|0|
30|944|576|0|586|1|0|
30|947|672|0|591|1|0|
30|948|384|0|591|1|0|
30|962|576|0|591|1|0|
30|957|480|0|590|1|0|
30|939|384|0|584|1|0|
30|950|384|0|585|1|0|
30|953|480|0|587|1|0|
30|965|480|0|591|1|0|
30|948|480|0|594|1|0|
30|946|576|0|584|1|0|
30|945|480|0|589|1|0|
30|941|480|0|592|1|0|
30|963|576|0|591|1|0|
30|953|384|0|585|1|0|
30|953|480|0|589|1|0|
30|970|384|0|588|1|0|
30|972|672|0|588|1|0|
30|947|576|0|593|1|0|
30|957|576|0|588|1|0|
30|958|480|0|587|1|0|
30|938|384|0|587|1|0|
30|945|576|0|590|1|0|
30|942|384|0|590|1|0|
30|940|384|0|588|1|0|
30|947|480|0|586|1|0|
30|948|384|0|591|1|0|
30|946|480|0|593|1|0|
30|938|480|0|589|1|0|
30|941|480|0|582|1|0|
30|939|384|0|589|1|0|
30|943|384|0|590|1|0|
30|938|480|0|589|1|0|
30|945|576|0|593|1|0|
30|943|576|0|589|1|0|
30|955|480|0|590|1|0|
30|942|384|0|589|1|0|
30|955|576|0|591|1|0|
30|939|480|0|589|1|0|
30|955|576|0|595|1|0|
30|934|480|0|589|1|0|
30|945|576|0|593|1|0|
30|951|576|0|585|1|0|
30|950|480|0|588|1|0|
30|945|480|0|590|1|0|
30|956|480|0|590|1|0|
30|942|384|0|589|1|0|
30|942|480|0|590|1|0|
30|956|480|0|591|1|0|
30|949|480|0|585|1|0|
30|947|480|0|593|1|0|
30|942|480|0|590|1|0|
30|943|576|0|585|1|0|
30|954|576|0|588|1|0|
30|938|384|0|589|1|0|
30|955|576|0|590|1|0|
30|957|480|0|587|1|0|
30|1114|672|0|1018|1|0|
30|949|480|0|590|1|0|
30|943|480|0|590|1|0|
30|950|480|0|586|1|0|
30|939|480|0|589|1|0|
30|954|576|0|588|1|0|
30|940|384|0|589|1|0|
30|950|480|0|593|1|0|
30|943|480|0|590|1|0|
30|939|480|0|589|1|0|
30|942|480|0|591|1|0|
30|936|480|0|591|1|0|
30|938|480|0|589|1|0|
30|943|480|0|591|1|0|
30|953|672|0|588|1|0|
30|946|480|0|593|1|0|
30|944|576|0|588|1|0|
30|972|576|0|582|1|0|
30|950|384|0|589|1|0|
30|939|384|0|593|1|0|
30|934|480|0|588|1|0|
30|951|480|0|584|1|0|
30|954|384|0|590|1|0|
30|941|480|0|591|1|0|
30|949|480|0|586|1|0|
30|957|480|0|587|1|0|
30|952|480|0|582|1|0|
30|978|480|0|589|1|0|
30|947|480|0|590|1|0|
30|950|384|0|586|1|0|
30|941|480|0|586|1|0|
30|951|480|0|591|1|0|
30|953|384|0|586|1|0|
30|944|384|0|588|1|0|
30|983|576|0|591|1|0|
30|963|480|0|589|1|0|
30|938|672|0|588|1|0|
30|947|480|0|592|1|0|
30|940|384|0|589|1|0|
30|942|480|0|593|1|0|
30|955|480|0|590|1|0|
30|942|480|0|591|1|0|
30|972|480|0|588|1|0|
30|966|384|0|590|1|0|
30|950|384|0|586|1|0|
30|956|480|0|589|1|0|
30|954|480|0|586|1|0|
30|960|480|0|590|1|0|
30|968|480|0|588|1|0|
30|943|384|0|593|1|0|
30|940|576|0|589|1|0|
30|975|480|0|589|1|0|
30|964|576|0|586|1|0|
30|957|384|0|589|1|0|
30|956|480|0|588|1|0|
30|954|384|0|586|1|0|
30|947|576|0|593|1|0|
30|954|576|0|590|1|0|
30|953|480|0|586|1|0|
30|960|480|0|589|1|0|
30|951|384|0|586|1|0|
30|958|480|0|589|1|0|
30|946|480|0|586|1|0|
30|964|480|0|587|1|0|
30|953|480|0|589|1|0|
30|949|480|0|586|1|0|
30|954|480|0|586|1|0|
30|949|480|0|588|1|0|
30|950|384|0|586|1|0|
30|980|480|0|588|1|0|
30|949|384|0|586|1|0|
30|952|480|0|590|1|0|
30|956|672|0|588|1|0|
30|1231|672|0|1647|2|0|
30|1117|576|0|1648|1|0|
30|967|672|0|587|1|0|
30|1203|672|0|827|2|0|
30|944|384|0|592|2|0|
30|1183|672|0|839|2|0|
30|1169|672|0|832|2|0|
30|963|384|0|588|2|0|
30|947|576|0|585|2|0|
30|942|384|0|590|2|0|
30|1145|576|0|821|2|0|
30|954|384|0|587|2|0|
30|943|480|0|585|2|0|
30|1155|480|0|842|2|0|
30|1180|576|0|833|2|0|
30|938|480|0|589|2|0|
30|948|480|0|592|2|0|
30|935|576|0|585|2|0|
30|1140|576|0|819|2|0|
30|1148|480|0|823|2|0|
30|1142|576|0|819|2|0|
30|1181|576|0|830|2|0|
30|965|480|0|589|2|0|
30|939|480|0|588|2|0|
30|955|384|0|589|2|0|
30|1127|480|0|821|2|0|
30|942|480|0|590|2|0|
30|952|576|0|593|2|0|
30|1170|576|0|838|2|0|
30|1163|576|0|839|2|0|
30|1150|576|0|831|2|0|
30|1136|576|0|820|2|0|
30|966|480|0|590|2|0|
30|1147|576|0|835|2|0|
30|1155|480|0|834|2|0|
30|946|480|0|586|2|0|
30|957|384|0|589|2|0|
30|1128|480|0|822|2|0|
30|1130|576|0|821|2|0|
30|1156|576|0|833|2|0|
30|1147|576|0|828|2|0|
30|1133|480|0|823|2|0|
30|1133|480|0|821|2|0|
30|975|384|0|588|2|0|
30|953|384|0|589|2|0|
30|955|480|0|587|2|0|
30|1149|576|0|820|2|0|
30|982|480|0|586|2|0|
30|950|480|0|589|2|0|
30|1158|576|0|838|2|0|
30|1142|672|0|822|2|0|
30|1182|576|0|834|2|0|
30|934|480|0|589|2|0|
30|1152|576|0|830|2|0|
30|1136|480|0|821|2|0|
30|950|384|0|586|2|0|
30|945|384|0|593|2|0|
30|1147|576|0|822|2|0|
30|1195|672|0|834|2|0|
30|948|480|0|585|2|0|
30|1158|672|0|823|2|0|
30|948|480|0|590|2|0|
30|1154|576|0|841|2|0|
30|1173|576|0|832|2|0|
30|1135|576|0|823|2|0|
30|945|384|0|590|2|0|
30|940|384|0|591|2|0|
30|1135|576|0|823|2|0|
30|1156|480|0|843|2|0|
30|944|480|0|589|2|0|
30|1162|480|0|835|2|0|
30|1162|576|0|830|2|0|
30|1166|672|0|836|2|0|
30|956|480|0|590|1|0|
30|1182|576|0|830|2|0|
30|1155|576|0|830|2|0|
30|953|384|0|590|1|0|
30|945|480|0|593|1|0|
30|1132|672|0|826|2|0|
30|994|480|0|757|1|0|
30|986|480|0|586|1|0|
30|3694|1920|0|1095|1|0|
30|950|384|0|588|1|0|
30|959|480|0|589|1|0|
30|942|480|0|590|1|0|
30|946|576|0|593|1|0|
30|944|480|0|589|1|0|
30|949|480|0|591|1|0|
30|943|480|0|588|1|0|
30|951|480|0|586|1|0|
30|962|480|0|591|1|0|
30|942|480|0|593|1|0|
30|960|576|0|589|1|0|
30|950|480|0|590|1|0|
30|956|480|0|588|1|0|
30|949|576|0|593|1|0|
30|942|480|0|591|1|0|
30|957|576|0|591|1|0|
30|947|480|0|585|1|0|
30|953|480|0|586|1|0|
30|951|480|0|586|1|0|
30|942|480|0|589|1|0|
30|945|480|0|589|1|0|
30|945|480|0|590|1|0|
30|955|384|0|586|1|0|
30|954|480|0|588|1|0|
30|959|384|0|588|1|0|
30|954|480|0|590|1|0|
30|960|480|0|591|1|0|
30|940|480|0|588|1|0|
30|955|480|0|586|1|0|
30|964|480|0|586|1|0|
30|963|480|0|586|1|0|
30|966|480|0|591|1|0|
30|956|576|0|588|1|0|
30|961|480|0|590|1|0|
30|957|384|0|586|1|0|
30|951|480|0|585|1|0|
30|948|576|0|588|1|0|
30|947|480|0|590|1|0|
30|941|480|0|589|1|0|
30|940|384|0|589|1|0|
30|941|480|0|589|1|0|
30|959|480|0|589|1|0|
30|944|576|0|591|1|0|
30|958|480|0|590|1|0|
30|941|480|0|588|1|0|
30|959|576|0|595|1|0|
30|953|672|0|588|1|0|
30|940|480|0|588|1|0|
30|957|384|0|589|1|0|
30|945|384|0|591|1|0|
30|956|480|0|591|1|0|
30|938|480|0|588|1|0|
30|957|480|0|591|1|0|
30|943|480|0|592|1|0|
30|960|384|0|589|1|0|
30|948|576|0|585|1|0|
