INSTRUCTIONS_RETIRED|CYCLES|UNKNOWN|LD_BLOCKS.STORE_FORWARD|UOPS_EXECUTED.CORE|BR_MISP_RETIRED.ALL_BRANCHES|UOPS_ISSUED.SINGLE_MUL|
30|958|480|0|586|1|0|
30|948|576|0|592|1|0|
30|938|480|0|589|1|0|
30|951|480|0|591|1|0|
30|943|480|0|586|1|0|
30|942|480|0|591|1|0|
30|941|480|0|589|1|0|
30|942|576|0|589|1|0|
30|947|576|0|589|1|0|
30|937|384|0|589|1|0|
30|941|384|0|588|1|0|
30|944|576|0|585|1|0|
30|931|480|0|588|1|0|
30|941|480|0|590|1|0|
30|941|384|0|589|1|0|
30|961|480|0|588|1|0|
30|959|480|0|589|1|0|
30|944|384|0|593|1|0|
30|944|576|0|589|1|0|
30|948|480|0|586|1|0|
30|956|480|0|586|1|0|
30|953|576|0|589|1|0|
30|952|480|0|586|1|0|
30|939|480|0|589|1|0|
30|957|672|0|588|1|0|
30|940|384|0|589|1|0|
30|960|384|0|587|1|0|
30|942|480|0|589|1|0|
30|960|672|0|590|1|0|
30|945|480|0|593|1|0|
30|940|384|0|589|1|0|
30|959|576|0|590|1|0|
30|942|576|0|592|1|0|
30|940|384|0|589|1|0|
30|971|384|0|585|1|0|
30|941|576|0|588|1|0|
30|940|480|0|589|1|0|
30|937|384|0|588|1|0|
30|970|480|0|589|1|0|
30|938|480|0|588|1|0|
30|946|480|0|593|1|0|
30|953|672|0|587|1|0|
30|948|480|0|591|1|0|
30|937|480|0|589|1|0|
30|957|576|0|585|1|0|
30|959|384|0|589|1|0|
30|961|672|0|586|1|0|
30|955|384|0|586|1|0|
30|952|480|0|591|1|0|
30|945|576|0|588|1|0|
30|946|576|0|586|1|0|
30|954|480|0|591|1|0|
30|949|576|0|585|1|0|
30|951|384|0|586|1|0|
30|956|480|0|589|1|0|
30|944|576|0|593|1|0|
30|948|480|0|592|1|0|
30|942|576|0|591|1|0|
30|940|480|0|589|1|0|
30|971|672|0|588|1|0|
30|955|480|0|590|1|0|
30|938|576|0|589|1|0|
30|933|576|0|589|1|0|
30|944|384|0|588|1|0|
30|957|480|0|590|1|0|
30|936|384|0|589|1|0|
30|965|480|0|589|1|0|
30|943|480|0|587|1|0|
30|942|480|0|592|1|0|
30|954|480|0|589|1|0|
30|943|480|0|592|1|0|
30|938|480|0|593|1|0|
30|938|576|0|589|1|0|
30|960|480|0|591|1|0|
30|963|576|0|586|1|0|
30|956|672|0|586|1|0|
30|940|480|0|589|1|0|
30|967|576|0|587|1|0|
30|3707|2016|0|1125|2|0|
30|950|480|0|591|2|0|
30|950|576|0|591|2|0|
30|964|480|0|588|2|0|
30|942|384|0|586|2|0|
30|947|384|0|591|1|0|
30|935|384|0|589|1|0|
30|962|480|0|588|1|0|
30|949|384|0|591|1|0|
30|949|480|0|591|1|0|
30|950|480|0|592|1|0|
30|946|480|0|588|1|0|
30|946|480|0|589|1|0|
30|952|480|0|584|1|0|
30|946|480|0|590|1|0|
30|949|480|0|590|1|0|
30|958|480|0|586|1|0|
30|952|576|0|586|1|0|
30|962|480|0|589|1|0|
30|952|480|0|591|1|0|
30|941|480|0|588|1|0|
30|1155|576|0|825|2|0|
30|1138|576|0|819|2|0|
30|980|672|0|608|2|0|
30|962|480|0|587|2|0|
30|968|576|0|587|2|0|
30|963|480|0|586|1|0|
30|938|480|0|588|1|0|
30|940|480|0|589|1|0|
30|946|480|0|588|1|0|
30|942|576|0|589|1|0|
30|962|480|0|589|1|0|
30|947|480|0|589|1|0|
30|984|576|0|586|1|0|
30|951|480|0|590|1|0|
30|938|480|0|589|1|0|
30|949|384|0|586|1|0|
30|948|480|0|592|1|0|
30|950|576|0|586|1|0|
30|943|576|0|591|1|0|
30|941|480|0|592|1|0|
30|962|576|0|589|1|0|
30|955|384|0|590|1|0|
30|949|480|0|590|1|0|
30|945|576|0|589|1|0|
30|950|480|0|586|1|0|
30|946|384|0|586|1|0|
30|944|480|0|589|1|0|
30|955|480|0|591|1|0|
30|942|480|0|588|1|0|
30|941|576|0|589|1|0|
30|950|576|0|585|1|0|
30|953|384|0|590|1|0|
30|962|480|0|591|1|0|
30|947|480|0|591|1|0|
30|961|480|0|591|1|0|
30|965|480|0|588|1|0|
30|956|480|0|589|1|0|
30|933|576|0|588|1|0|
30|950|480|0|586|1|0|
30|955|480|0|588|1|0|
30|937|480|0|589|1|0|
30|955|480|0|586|1|0|
30|947|576|0|591|1|0|
30|963|576|0|586|1|0|
30|945|480|0|589|1|0|
30|943|480|0|588|1|0|
30|951|480|0|589|1|0|
30|944|480|0|590|1|0|
30|933|480|0|589|1|0|
30|951|480|0|591|1|0|
30|959|384|0|591|1|0|
30|964|576|0|586|1|0|
30|955|672|0|588|1|0|
30|944|576|0|593|1|0|
30|952|576|0|589|1|0|
30|951|480|0|591|1|0|
30|963|480|0|590|1|0|
30|948|480|0|589|1|0|
30|951|576|0|586|1|0|
30|942|480|0|589|1|0|
30|947|384|0|588|1|0|
30|948|480|0|586|1|0|
30|949|576|0|586|1|0|
30|952|384|0|589|1|0|
30|952|480|0|587|1|0|
30|953|384|0|588|1|0|
30|937|576|0|589|1|0|
30|934|576|0|589|1|0|
30|961|672|0|590|1|0|
30|967|480|0|585|1|0|
30|3677|2016|0|1061|2|0|
30|945|480|0|589|1|0|
30|953|576|0|592|1|0|
30|977|480|0|614|1|0|
30|975|480|0|586|2|0|
30|944|672|0|592|1|0|
30|955|480|0|591|1|0|
30|1165|672|0|1412|1|0|
30|1151|576|0|821|1|0|
30|1158|576|0|838|1|0|
30|1183|576|0|823|2|0|
30|946|384|0|588|1|0|
30|942|576|0|589|1|0|
30|1157|576|0|838|1|0|
30|1161|576|0|824|2|0|
30|1135|576|0|825|2|0|
30|1144|576|0|822|1|0|
30|1142|576|0|822|1|0|
30|1157|480|0|836|1|0|
30|1151|576|0|838|1|0|
30|1162|576|0|830|1|0|
30|1132|576|0|822|1|0|
30|948|480|0|585|1|0|
30|936|480|0|589|1|0|
30|946|480|0|589|1|0|
30|958|480|0|591|1|0|
30|944|480|0|589|1|0|
30|957|384|0|589|1|0|
30|1347|672|0|1346|2|0|
30|1355|576|0|1558|1|0|
30|947|480|0|591|1|0|
30|954|480|0|591|1|0|
30|970|576|0|586|1|0|
30|948|384|0|586|1|0|
30|960|480|0|587|1|0|
30|953|576|0|586|1|0|
30|957|384|0|586|1|0|
30|949|576|0|591|1|0|
30|954|480|0|590|1|0|
30|1169|672|0|825|2|0|
30|1152|672|0|831|2|0|
30|952|480|0|589|1|0|
30|948|384|0|589|1|0|
30|944|576|0|591|1|0|
30|967|480|0|591|1|0|
30|1129|576|0|822|1|0|
30|1190|576|0|832|1|0|
30|1190|576|0|833|1|0|
30|1190|576|0|821|1|0|
30|1153|672|0|831|1|0|
30|1147|672|0|829|2|0|
30|1145|576|0|823|2|0|
30|1397|768|0|1483|1|0|
30|1227|576|0|1747|1|0|
30|1159|672|0|1649|1|0|
30|971|480|0|586|1|0|
30|958|384|0|586|1|0|
30|950|480|0|586|1|0|
30|950|480|0|586|1|0|
30|934|672|0|588|1|0|
30|946|672|0|586|1|0|
30|960|384|0|587|1|0|
30|954|480|0|588|1|0|
30|949|480|0|586|1|0|
30|945|384|0|590|1|0|
30|952|480|0|589|1|0|
30|959|480|0|590|1|0|
30|959|576|0|588|1|0|
30|937|480|0|588|1|0|
30|943|576|0|589|1|0|
30|936|480|0|589|1|0|
30|951|576|0|589|1|0|
30|938|576|0|588|1|0|
30|954|480|0|588|1|0|
30|949|480|0|586|1|0|
30|945|576|0|589|1|0|
30|944|768|0|591|1|0|
30|963|480|0|586|1|0|
30|947|384|0|591|1|0|
30|950|480|0|586|1|0|
30|944|480|0|588|1|0|
30|955|480|0|588|1|0|
30|962|480|0|591|1|0|
30|946|384|0|592|1|0|
30|939|480|0|588|1|0|
30|938|480|0|589|1|0|
30|954|384|0|588|1|0|
30|1056|576|0|900|1|0|
30|1218|768|0|2612|1|0|
30|937|384|0|588|1|0|
30|958|576|0|586|1|0|
30|944|384|0|593|1|0|
30|3801|2112|0|1295|2|0|
30|1133|576|0|821|2|0|
30|1138|576|0|824|2|0|
30|950|384|0|585|2|0|
30|955|672|0|588|2|0|
30|1149|480|0|827|2|0|
30|938|576|0|589|2|0|
30|943|480|0|593|2|0|
30|1159|576|0|829|2|0|
30|946|480|0|584|2|0|
30|1158|576|0|840|2|0|
30|1146|480|0|826|2|0|
30|948|480|0|585|2|0|
30|954|480|0|586|2|0|
30|939|480|0|589|2|0|
30|957|480|0|589|2|0|
30|948|480|0|588|2|0|
30|1149|672|0|842|2|0|
30|1134|480|0|823|2|0|
30|957|480|0|591|2|0|
30|1176|576|0|829|2|0|
30|942|576|0|588|2|0|
30|1144|576|0|824|1|0|
30|1148|576|0|837|1|0|
30|1170|672|0|828|2|0|
30|1157|672|0|831|2|0|
30|949|576|0|585|1|0|
30|968|384|0|585|1|0|
30|956|576|0|587|1|0|
30|941|576|0|589|1|0|
30|950|576|0|585|1|0|
30|963|384|0|586|1|0|
30|967|480|0|591|1|0|
30|944|672|0|588|1|0|
30|947|384|0|585|1|0|
30|946|480|0|593|1|0|
30|943|384|0|589|1|0|
30|943|480|0|589|1|0|
30|942|480|0|587|1|0|
30|942|384|0|589|1|0|
30|954|576|0|590|1|0|
30|943|480|0|588|1|0|
30|951|384|0|586|1|0|
30|947|480|0|586|1|0|
30|971|576|0|586|1|0|
30|941|384|0|589|1|0|
30|955|480|0|591|1|0|
30|1032|480|0|788|1|0|
30|944|480|0|593|1|0|
30|944|480|0|589|1|0|
30|950|576|0|593|1|0|
30|948|480|0|586|1|0|
30|947|480|0|591|1|0|
30|969|576|0|587|1|0|
30|966|480|0|588|1|0|
30|939|480|0|591|1|0|
30|943|480|0|586|1|0|
30|941|480|0|588|1|0|
30|958|576|0|586|1|0|
30|938|576|0|589|1|0|
30|947|480|0|586|1|0|
30|959|480|0|588|1|0|
30|944|480|0|588|1|0|
30|964|480|0|587|1|0|
30|958|672|0|585|1|0|
30|953|384|0|590|1|0|
30|941|480|0|589|1|0|
30|982|576|0|589|1|0|
30|958|384|0|592|1|0|
30|959|672|0|589|1|0|
30|947|480|0|586|1|0|
30|962|480|0|591|1|0|
30|955|480|0|586|1|0|
30|954|576|0|588|1|0|
30|947|480|0|589|1|0|
30|965|480|0|590|1|0|
30|948|480|0|589|1|0|
30|949|480|0|586|1|0|
30|952|480|0|586|1|0|
30|982|480|0|588|1|0|
30|937|384|0|588|1|0|
30|944|480|0|588|1|0|
30|942|480|0|588|1|0|
30|957|384|0|590|1|0|
30|959|384|0|591|1|0|
30|934|480|0|589|1|0|
30|950|480|0|591|1|0|
30|969|576|0|588|1|0|
30|938|480|0|593|1|0|
30|958|480|0|588|1|0|
30|944|480|0|589|1|0|
30|950|576|0|588|2|0|
30|953|480|0|586|2|0|
30|1112|480|0|1143|2|0|
30|949|384|0|585|2|0|
30|964|480|0|588|1|0|
30|947|480|0|585|1|0|
30|952|384|0|588|1|0|
30|949|480|0|586|1|0|
30|944|576|0|589|1|0|
30|950|384|0|589|1|0|
30|958|480|0|588|1|0|
30|945|480|0|589|1|0|
30|958|480|0|588|1|0|
30|951|480|0|588|1|0|
30|945|384|0|586|1|0|
30|945|576|0|586|1|0|
30|942|480|0|589|1|0|
30|939|480|0|588|1|0|
30|949|672|0|586|1|0|
30|952|576|0|590|1|0|
30|943|480|0|592|1|0|
30|952|576|0|585|1|0|
30|937|480|0|587|1|0|
30|951|480|0|593|1|0|
30|956|480|0|590|1|0|
30|950|480|0|586|1|0|
30|954|480|0|590|1|0|
30|940|576|0|589|1|0|
30|958|480|0|589|1|0|
30|952|480|0|585|1|0|
30|947|768|0|593|1|0|
30|951|480|0|586|1|0|
30|937|576|0|589|1|0|
30|957|576|0|589|1|0|
30|954|480|0|588|1|0|
30|941|480|0|593|1|0|
30|951|480|0|591|1|0|
30|941|480|0|589|1|0|
30|950|672|0|591|1|0|
30|935|576|0|588|1|0|
30|947|480|0|591|1|0|
30|948|480|0|591|1|0|
30|952|480|0|590|1|0|
30|948|384|0|589|1|0|
30|967|480|0|586|1|0|
30|994|480|0|590|1|0|
30|940|480|0|593|1|0|
30|964|480|0|587|1|0|
30|950|480|0|586|1|0|
30|961|384|0|586|1|0|
30|943|384|0|593|1|0|
30|950|480|0|587|1|0|
30|951|576|0|586|1|0|
30|950|480|0|589|1|0|
30|937|384|0|588|1|0|
30|957|384|0|591|1|0|
30|948|480|0|585|1|0|
30|959|480|0|588|1|0|
30|936|480|0|589|1|0|
30|954|480|0|585|1|0|
30|948|480|0|586|1|0|
30|943|672|0|588|1|0|
30|967|384|0|591|1|0|
30|953|576|0|586|1|0|
30|942|576|0|585|1|0|
30|956|480|0|586|1|0|
30|955|672|0|585|1|0|
30|946|480|0|586|1|0|
30|960|384|0|588|1|0|
30|950|480|0|585|1|0|
30|972|384|0|586|1|0|
30|953|576|0|586|1|0|
30|936|384|0|588|1|0|
30|968|480|0|587|1|0|
30|964|480|0|588|1|0|
30|950|576|0|590|1|0|
30|937|480|0|589|1|0|
30|956|480|0|592|1|0|
30|950|576|0|585|1|0|
30|964|576|0|588|1|0|
30|953|480|0|588|1|0|
30|939|480|0|589|1|0|
30|951|480|0|586|1|0|
30|952|576|0|586|1|0|
30|958|480|0|586|1|0|
30|961|384|0|584|1|0|
30|944|576|0|593|1|0|
30|955|480|0|591|1|0|
30|953|384|0|586|1|0|
30|941|480|0|589|1|0|
30|955|576|0|590|1|0|
30|945|480|0|589|1|0|
30|939|480|0|588|1|0|
30|949|576|0|591|1|0|
30|938|384|0|589|1|0|
30|942|384|0|589|1|0|
30|958|480|0|590|1|0|
30|946|480|0|585|1|0|
30|953|576|0|588|1|0|
30|939|480|0|589|1|0|
30|953|480|0|590|1|0|
30|938|480|0|589|1|0|
30|961|384|0|587|1|0|
30|949|480|0|590|1|0|
30|944|384|0|589|1|0|
30|955|576|0|591|1|0|
30|966|480|0|591|1|0|
30|947|480|0|586|1|0|
30|939|384|0|589|1|0|
30|941|576|0|589|1|0|
30|957|576|0|586|1|0|
30|947|576|0|589|1|0|
30|974|480|0|588|1|0|
30|961|384|0|585|1|0|
30|937|480|0|589|1|0|
30|947|576|0|591|1|0|
30|968|480|0|591|1|0|
30|946|576|0|586|1|0|
30|947|480|0|589|1|0|
30|948|576|0|592|1|0|
30|944|384|0|589|1|0|
30|948|480|0|590|1|0|
30|940|480|0|589|1|0|
30|963|384|0|586|1|0|
30|949|384|0|586|1|0|
30|942|480|0|588|1|0|
30|944|480|0|586|1|0|
30|953|384|0|589|1|0|
30|953|576|0|586|1|0|
30|963|480|0|591|1|0|
30|960|672|0|588|1|0|
30|941|384|0|589|1|0|
30|934|384|0|589|1|0|
30|959|384|0|590|1|0|
30|942|480|0|589|1|0|
30|959|576|0|589|1|0|
30|937|384|0|589|1|0|
30|939|576|0|589|1|0|
30|943|480|0|589|1|0|
30|1005|480|0|610|1|0|
30|954|480|0|589|1|0|
30|944|576|0|591|1|0|
30|945|672|0|589|1|0|
30|954|480|0|589|1|0|
30|954|480|0|590|1|0|
30|948|480|0|582|1|0|
30|945|480|0|590|1|0|
30|942|480|0|591|1|0|
30|941|576|0|588|1|0|
30|941|480|0|587|1|0|
30|939|576|0|589|1|0|
30|959|384|0|590|1|0|
30|935|480|0|589|1|0|
30|946|480|0|592|1|0|
30|951|576|0|589|1|0|
30|962|576|0|586|1|0|
30|952|384|0|586|1|0|
30|958|384|0|588|1|0|
30|968|576|0|588|1|0|
30|950|480|0|586|1|0|
30|951|480|0|582|1|0|
30|960|480|0|591|1|0|
30|950|672|0|586|1|0|
30|947|576|0|586|1|0|
30|1004|576|0|584|1|0|
30|940|480|0|588|1|0|
30|946|480|0|589|1|0|
30|936|480|0|589|1|0|
30|949|576|0|586|1|0|
30|958|480|0|589|1|0|
30|948|384|0|591|1|0|
30|967|384|0|586|1|0|
30|945|480|0|590|1|0|
30|938|576|0|589|1|0|
30|944|480|0|588|1|0|
30|964|576|0|591|1|0|
30|934|480|0|589|1|0|
30|940|480|0|589|1|0|
30|955|480|0|590|1|0|
30|960|384|0|589|1|0|
30|952|480|0|593|1|0|
30|937|480|0|589|1|0|
30|959|384|0|591|1|0|
30|937|480|0|589|1|0|
30|960|480|0|591|1|0|
30|944|384|0|589|1|0|
30|953|480|0|590|1|0|
30|940|480|0|588|1|0|
30|949|480|0|589|1|0|
30|939|480|0|589|1|0|
30|962|384|0|588|1|0|
30|942|480|0|591|1|0|
30|938|480|0|589|1|0|
30|964|384|0|590|1|0|
30|938|480|0|588|1|0|
30|955|480|0|585|1|0|
30|954|384|0|586|1|0|
30|939|576|0|589|1|0|
30|968|576|0|585|1|0|
30|938|576|0|589|1|0|
30|995|480|0|587|1|0|
30|950|576|0|586|1|0|
30|941|384|0|589|1|0|
30|944|672|0|593|1|0|
30|947|384|0|589|1|0|
30|946|480|0|589|1|0|
30|937|576|0|589|1|0|
30|954|576|0|586|1|0|
30|938|384|0|588|1|0|
30|938|576|0|589|1|0|
30|951|576|0|590|1|0|
30|946|576|0|588|1|0|
30|940|480|0|586|1|0|
30|949|384|0|588|1|0|
30|960|576|0|589|1|0|
30|949|672|0|591|1|0|
30|957|384|0|586|1|0|
30|956|480|0|588|1|0|
30|950|672|0|585|1|0|
30|1150|672|0|823|1|0|
30|1169|672|0|832|1|0|
30|940|576|0|589|1|0|
30|942|384|0|589|1|0|
30|1160|480|0|823|2|0|
30|940|576|0|590|2|0|
30|942|384|0|589|1|0|
30|1171|480|0|824|2|0|
30|1155|672|0|836|1|0|
30|956|576|0|588|1|0|
30|1149|576|0|832|1|0|
30|938|480|0|589|1|0|
30|1159|480|0|823|2|0|
30|1148|576|0|828|1|0|
30|1194|480|0|838|1|0|
30|1173|480|0|820|2|0|
30|1147|576|0|819|1|0|
30|951|384|0|586|1|0|
30|937|480|0|587|1|0|
30|1173|576|0|827|1|0|
30|1162|480|0|835|1|0|
30|1054|576|0|770|1|0|
30|1092|480|0|661|1|0|
30|1088|576|0|1158|1|0|
30|951|480|0|585|1|0|
30|1150|768|0|819|1|0|
30|1166|672|0|826|2|0|
30|1130|576|0|821|2|0|
30|958|480|0|588|2|0|
30|1146|576|0|838|2|0|
30|1175|672|0|839|2|0|
30|1155|672|0|833|2|0|
30|1144|768|0|823|2|0|
30|1143|672|0|819|2|0|
30|1173|576|0|832|1|0|
30|955|384|0|585|1|0|
30|968|384|0|586|1|0|
30|936|576|0|589|1|0|
30|1162|480|0|834|1|0|
30|1158|480|0|823|2|0|
30|1165|480|0|837|1|0|
30|1214|768|0|1191|1|0|
30|938|384|0|588|1|0|
30|946|480|0|586|1|0|
30|953|576|0|588|1|0|
30|946|672|0|591|1|0|
30|946|384|0|591|1|0|
30|952|576|0|585|1|0|
30|946|384|0|593|1|0|
30|948|384|0|586|1|0|
30|956|576|0|588|1|0|
30|938|672|0|589|1|0|
30|945|576|0|592|1|0|
30|940|480|0|588|1|0|
30|965|384|0|586|1|0|
30|940|480|0|588|1|0|
30|956|576|0|591|1|0|
30|945|480|0|589|1|0|
30|949|384|0|591|1|0|
30|945|480|0|585|1|0|
30|951|384|0|586|1|0|
30|951|576|0|591|1|0|
30|964|480|0|589|2|0|
30|960|480|0|588|2|0|
30|938|576|0|589|2|0|
30|944|480|0|589|2|0|
30|958|480|0|588|1|0|
30|937|384|0|588|1|0|
30|945|384|0|586|1|0|
30|964|384|0|586|1|0|
30|937|384|0|589|1|0|
30|950|384|0|589|1|0|
30|947|480|0|590|1|0|
30|956|480|0|589|1|0|
30|936|576|0|589|1|0|
30|952|384|0|586|1|0|
30|944|384|0|591|1|0|
30|953|480|0|586|1|0|
30|950|480|0|585|1|0|
30|940|384|0|591|1|0|
30|952|480|0|585|1|0|
30|949|384|0|589|1|0|
30|948|384|0|590|1|0|
30|949|480|0|589|1|0|
30|949|480|0|591|1|0|
30|951|576|0|590|1|0|
30|1156|672|0|2138|1|0|
30|949|576|0|586|1|0|
30|947|480|0|586|1|0|
30|956|384|0|589|1|0|
30|945|576|0|590|1|0|
30|964|576|0|588|1|0|
30|948|576|0|593|1|0|
30|956|480|0|590|1|0|
30|958|576|0|590|1|0|
30|959|384|0|588|1|0|
30|947|480|0|592|1|0|
30|952|576|0|585|1|0|
30|941|672|0|591|1|0|
30|949|576|0|593|1|0|
30|940|576|0|589|1|0|
30|944|480|0|593|1|0|
30|957|480|0|590|1|0|
30|937|480|0|589|1|0|
30|936|576|0|589|1|0|
30|941|480|0|591|1|0|
30|937|480|0|589|1|0|
30|948|384|0|585|1|0|
30|944|480|0|588|1|0|
30|950|480|0|590|1|0|
30|942|480|0|591|1|0|
30|944|384|0|593|1|0|
30|940|576|0|589|1|0|
30|949|480|0|591|1|0|
30|937|576|0|589|1|0|
30|952|576|0|591|1|0|
30|940|384|0|589|1|0|
30|940|576|0|592|1|0|
30|941|672|0|589|1|0|
30|944|480|0|593|1|0|
30|954|576|0|589|1|0|
30|952|672|0|589|1|0|
30|949|480|0|586|1|0|
30|948|576|0|583|1|0|
30|955|672|0|589|1|0|
30|953|480|0|592|1|0|
30|956|384|0|586|1|0|
30|953|480|0|586|1|0|
30|943|384|0|589|1|0|
30|951|384|0|586|1|0|
30|950|480|0|586|1|0|
30|955|576|0|588|1|0|
30|949|576|0|586|1|0|
30|943|480|0|586|1|0|
30|960|576|0|588|1|0|
30|937|480|0|589|1|0|
30|938|576|0|589|1|0|
30|970|576|0|588|1|0|
30|943|576|0|593|1|0|
30|957|384|0|590|1|0|
30|945|384|0|591|1|0|
30|959|384|0|591|1|0|
30|958|384|0|589|1|0|
30|939|384|0|589|1|0|
30|951|480|0|586|1|0|
30|953|384|0|591|1|0|
30|943|480|0|589|1|0|
30|952|384|0|586|1|0|
30|959|480|0|588|1|0|
30|951|576|0|585|1|0|
30|941|480|0|589|1|0|
30|944|384|0|589|1|0|
30|943|480|0|593|1|0|
30|939|480|0|589|1|0|
30|957|384|0|590|1|0|
30|950|480|0|588|1|0|
30|968|480|0|587|1|0|
30|971|672|0|585|1|0|
30|953|576|0|586|1|0|
30|951|384|0|590|1|0|
30|954|576|0|591|1|0|
30|951|384|0|586|1|0|
30|948|384|0|593|1|0|
30|958|480|0|588|1|0|
30|955|384|0|588|1|0|
30|949|576|0|588|1|0|
30|946|480|0|586|1|0|
30|944|384|0|593|1|0|
30|971|384|0|591|1|0|
30|946|480|0|591|1|0|
30|949|384|0|589|1|0|
30|957|384|0|590|1|0|
30|950|384|0|592|1|0|
30|960|480|0|586|1|0|
30|937|672|0|589|1|0|
30|943|384|0|589|1|0|
30|938|576|0|589|1|0|
30|944|384|0|592|1|0|
30|959|384|0|587|1|0|
30|963|576|0|591|1|0|
30|951|384|0|585|1|0|
30|950|480|0|585|1|0|
30|952|480|0|585|1|0|
30|943|480|0|589|1|0|
30|939|480|0|589|1|0|
30|952|576|0|585|1|0|
30|936|480|0|588|1|0|
30|956|672|0|587|1|0|
30|940|576|0|589|1|0|
30|954|576|0|585|1|0|
30|949|480|0|584|1|0|
30|956|384|0|591|1|0|
30|942|672|0|591|1|0|
30|954|480|0|586|1|0|
30|947|576|0|586|1|0|
30|957|384|0|588|1|0|
30|960|384|0|588|1|0|
30|956|480|0|591|1|0|
30|948|576|0|591|1|0|
30|960|576|0|585|1|0|
30|944|576|0|585|1|0|
30|940|576|0|589|1|0|
30|934|480|0|589|1|0|
30|931|480|0|589|1|0|
30|953|576|0|588|1|0|
30|993|384|0|590|1|0|
30|961|672|0|591|1|0|
30|956|480|0|590|1|0|
30|952|672|0|586|1|0|
30|946|576|0|592|1|0|
30|958|480|0|590|1|0|
30|956|384|0|587|1|0|
30|951|384|0|586|1|0|
30|958|384|0|590|1|0|
30|949|576|0|586|1|0|
30|960|672|0|588|1|0|
30|943|384|0|589|1|0|
30|945|576|0|589|1|0|
30|944|384|0|591|1|0|
30|954|576|0|582|1|0|
30|949|576|0|586|1|0|
30|957|480|0|587|1|0|
30|940|576|0|589|1|0|
30|947|576|0|592|1|0|
30|946|672|0|593|1|0|
30|944|480|0|589|1|0|
30|947|576|0|588|1|0|
30|941|576|0|588|1|0|
30|948|576|0|589|1|0|
30|953|384|0|587|1|0|
30|950|576|0|586|1|0|
30|940|480|0|588|1|0|
30|936|480|0|589|1|0|
30|963|480|0|588|1|0|
30|941|576|0|592|1|0|
30|956|384|0|588|1|0|
30|940|672|0|591|1|0|
30|941|480|0|589|1|0|
30|959|576|0|589|1|0|
30|946|480|0|593|1|0|
30|950|480|0|588|1|0|
30|958|384|0|590|1|0|
30|941|480|0|589|1|0|
30|956|576|0|585|1|0|
30|1135|384|0|1319|1|0|
30|1152|576|0|1266|1|0|
30|1156|576|0|841|1|0|
30|948|480|0|586|1|0|
30|1138|576|0|821|1|0|
30|961|384|0|587|1|0|
30|943|480|0|593|1|0|
30|942|672|0|586|1|0|
30|935|672|0|589|1|0|
30|954|576|0|589|1|0|
30|964|480|0|589|1|0|
30|965|480|0|600|1|0|
30|966|576|0|585|1|0|
30|953|480|0|586|1|0|
30|949|576|0|590|1|0|
30|949|480|0|591|1|0|
30|946|480|0|586|1|0|
30|939|480|0|589|1|0|
30|959|672|0|591|1|0|
30|1390|768|0|1759|2|0|
30|1208|768|0|1488|2|0|
30|1063|384|0|1695|2|0|
30|946|384|0|593|1|0|
30|971|384|0|588|1|0|
30|947|480|0|591|1|0|
30|947|384|0|590|1|0|
30|945|576|0|592|1|0|
30|947|480|0|586|1|0|
30|956|480|0|590|1|0|
30|940|480|0|589|1|0|
30|959|384|0|588|1|0|
30|938|480|0|587|1|0|
30|938|384|0|592|1|0|
30|950|576|0|588|1|0|
30|952|480|0|589|1|0|
30|937|480|0|589|1|0|
30|957|576|0|587|1|0|
30|939|480|0|593|1|0|
30|945|480|0|590|1|0|
30|951|480|0|589|1|0|
30|944|576|0|590|1|0|
30|943|384|0|589|1|0|
30|949|480|0|591|1|0|
30|949|480|0|591|1|0|
30|952|480|0|593|1|0|
30|943|480|0|593|1|0|
30|956|480|0|591|1|0|
30|953|480|0|589|1|0|
30|957|576|0|591|1|0|
30|941|384|0|589|1|0|
30|973|384|0|591|1|0|
30|959|384|0|591|1|0|
30|965|480|0|585|1|0|
30|940|576|0|589|1|0|
30|948|576|0|585|1|0|
30|944|480|0|590|1|0|
30|962|384|0|589|1|0|
30|954|480|0|588|1|0|
30|944|384|0|592|1|0|
30|949|576|0|592|1|0|
30|942|384|0|589|1|0|
30|962|480|0|587|1|0|
30|946|480|0|591|1|0|
30|956|480|0|588|1|0|
30|944|384|0|588|1|0|
30|946|576|0|591|1|0|
30|939|480|0|589|1|0|
30|950|576|0|586|1|0|
30|947|576|0|592|1|0|
30|959|576|0|590|1|0|
30|944|384|0|593|1|0|
30|940|480|0|589|1|0|
30|995|576|0|591|1|0|
30|939|576|0|588|1|0|
30|939|384|0|589|1|0|
30|943|480|0|585|1|0|
30|949|576|0|586|1|0|
30|958|384|0|587|1|0|
30|948|480|0|591|1|0|
30|954|480|0|589|1|0|
30|937|480|0|589|1|0|
30|958|480|0|589|1|0|
30|959|576|0|593|1|0|
30|937|576|0|589|1|0|
30|937|384|0|589|1|0|
30|948|384|0|592|1|0|
30|943|480|0|587|1|0|
30|958|576|0|589|1|0|
30|947|576|0|588|1|0|
30|948|480|0|589|1|0|
30|979|384|0|588|1|0|
30|945|576|0|589|1|0|
30|946|480|0|591|1|0|
30|975|384|0|586|1|0|
30|951|384|0|590|1|0|
30|964|480|0|589|1|0|
30|958|384|0|591|1|0|
30|958|480|0|588|1|0|
30|949|384|0|589|1|0|
30|952|480|0|588|1|0|
30|952|384|0|586|1|0|
30|959|384|0|588|1|0|
30|956|480|0|588|1|0|
30|970|384|0|587|1|0|
30|967|768|0|586|1|0|
30|958|768|0|590|1|0|
30|943|384|0|586|1|0|
30|951|576|0|589|1|0|
30|944|480|0|590|1|0|
30|939|384|0|590|1|0|
30|942|480|0|591|1|0|
30|947|384|0|586|1|0|
30|944|384|0|593|1|0|
30|952|480|0|586|1|0|
30|944|480|0|591|1|0|
30|940|480|0|589|1|0|
30|954|480|0|586|1|0|
30|947|480|0|586|1|0|
30|953|384|0|586|1|0|
30|943|480|0|592|1|0|
30|954|576|0|589|1|0|
30|951|480|0|591|1|0|
30|940|480|0|588|1|0|
30|951|384|0|586|1|0|
30|959|480|0|586|1|0|
30|941|384|0|589|1|0|
30|941|384|0|589|1|0|
30|955|576|0|589|1|0|
30|946|384|0|589|1|0|
30|942|576|0|589|1|0|
30|963|576|0|591|1|0|
30|948|384|0|586|1|0|
30|945|480|0|589|1|0|
30|944|480|0|593|1|0|
30|953|480|0|589|1|0|
30|937|384|0|589|1|0|
30|944|480|0|589|1|0|
30|965|768|0|588|1|0|
30|947|576|0|591|1|0|
30|941|672|0|588|1|0|
30|957|384|0|590|1|0|
30|944|480|0|592|1|0|
30|957|576|0|589|1|0|
30|955|480|0|588|1|0|
30|956|480|0|590|1|0|
30|959|768|0|585|1|0|
30|946|384|0|591|1|0|
30|972|384|0|587|1|0|
30|936|576|0|588|1|0|
30|951|480|0|586|1|0|
30|943|480|0|585|1|0|
30|948|384|0|591|1|0|
30|951|480|0|586|1|0|
30|944|768|0|589|1|0|
30|941|576|0|589|1|0|
30|1163|672|0|827|1|0|
30|951|480|0|586|1|0|
30|1172|768|0|837|1|0|
30|1153|672|0|824|1|0|
30|1160|576|0|826|2|0|
30|1161|480|0|832|1|0|
30|941|576|0|591|1|0|
30|1165|480|0|828|2|0|
30|1152|672|0|831|1|0|
30|959|384|0|591|1|0|
30|1162|576|0|825|2|0|
30|1155|576|0|823|2|0|
30|1133|576|0|821|2|0|
30|1157|576|0|835|2|0|
30|934|480|0|589|2|0|
30|1152|576|0|831|2|0|
30|1165|576|0|838|2|0|
30|1174|576|0|821|2|0|
30|1142|576|0|817|2|0|
30|959|576|0|586|1|0|
30|1163|672|0|836|1|0|
30|958|576|0|586|1|0|
30|1186|768|0|832|1|0|
30|945|576|0|589|1|0|
30|1142|576|0|820|1|0|
30|956|672|0|589|1|0|
30|1165|576|0|842|1|0|
30|948|480|0|586|1|0|
30|1180|576|0|829|1|0|
30|937|480|0|589|1|0|
