INSTRUCTIONS_RETIRED|CYCLES|UNKNOWN|LD_BLOCKS.STORE_FORWARD|UOPS_EXECUTED.CORE|BR_MISP_RETIRED.ALL_BRANCHES|UOPS_ISSUED.SINGLE_MUL|
30|1140|576|0|817|1|0|
30|943|384|0|590|1|0|
30|955|480|0|589|1|0|
30|945|576|0|592|1|0|
30|1160|672|0|835|1|0|
30|1165|576|0|839|1|0|
30|1161|576|0|826|2|0|
30|926|480|0|592|1|0|
30|1158|576|0|828|2|0|
30|924|480|0|589|1|0|
30|947|480|0|589|1|0|
30|958|480|0|590|1|0|
30|1165|576|0|835|1|0|
30|946|576|0|593|1|0|
30|1162|768|0|844|1|0|
30|947|480|0|588|1|0|
30|942|480|0|588|1|0|
30|1171|576|0|830|2|0|
30|1153|576|0|833|2|0|
30|1114|672|0|822|1|0|
30|964|480|0|589|1|0|
30|1127|576|0|822|1|0|
30|1151|576|0|840|1|0|
30|1159|576|0|826|2|0|
30|1157|672|0|826|2|0|
30|1118|576|0|825|1|0|
30|1151|576|0|830|2|0|
30|1127|480|0|825|1|0|
30|1134|576|0|834|1|0|
30|928|576|0|589|1|0|
30|923|480|0|589|1|0|
30|938|576|0|589|1|0|
30|1152|576|0|832|1|0|
30|1152|576|0|836|1|0|
30|959|480|0|585|1|0|
30|1170|576|0|839|1|0|
30|1140|672|0|819|1|0|
30|967|480|0|586|1|0|
30|1146|576|0|821|1|0|
30|1162|576|0|832|1|0|
30|954|576|0|590|1|0|
30|1135|576|0|821|1|0|
30|1157|576|0|828|2|0|
30|1128|576|0|826|1|0|
30|1137|576|0|838|1|0|
30|1139|576|0|834|1|0|
30|924|480|0|589|1|0|
30|931|576|0|593|1|0|
30|1135|576|0|820|1|0|
30|1111|480|0|819|1|0|
30|1138|576|0|817|1|0|
30|1152|480|0|828|2|0|
30|1135|480|0|842|1|0|
30|1148|672|0|831|1|0|
30|926|672|0|589|1|0|
30|1157|576|0|834|1|0|
30|1155|672|0|821|1|0|
30|1149|576|0|835|1|0|
30|947|480|0|589|1|0|
30|950|576|0|589|1|0|
30|943|480|0|588|1|0|
30|1148|576|0|821|1|0|
30|1171|576|0|822|2|0|
30|940|480|0|586|1|0|
30|952|576|0|590|1|0|
30|1146|480|0|820|1|0|
30|950|384|0|588|1|0|
30|942|672|0|591|1|0|
30|1160|576|0|841|1|0|
30|947|480|0|588|1|0|
30|1161|576|0|835|1|0|
30|951|480|0|585|1|0|
30|1140|576|0|819|1|0|
30|1157|576|0|825|2|0|
30|1176|576|0|829|2|0|
30|1134|480|0|823|1|0|
30|928|576|0|589|1|0|
30|1116|576|0|824|1|0|
30|1157|576|0|835|2|0|
30|923|480|0|589|1|0|
30|1132|672|0|825|1|0|
30|1113|480|0|822|1|0|
30|1124|480|0|823|1|0|
30|1113|480|0|824|1|0|
30|945|480|0|586|1|0|
30|911|480|0|589|1|0|
30|1115|672|0|822|1|0|
30|1118|576|0|823|1|0|
30|962|480|0|586|1|0|
30|1133|576|0|820|1|0|
30|978|384|0|586|1|0|
30|950|480|0|590|1|0|
30|1158|672|0|825|2|0|
30|1150|576|0|836|1|0|
30|950|480|0|591|1|0|
30|937|480|0|588|1|0|
30|1159|576|0|838|1|0|
30|940|384|0|593|1|0|
30|1148|576|0|834|1|0|
30|1146|576|0|837|1|0|
30|1152|672|0|830|2|0|
30|1136|576|0|826|1|0|
30|1131|480|0|823|1|0|
30|1148|576|0|822|1|0|
30|1157|480|0|834|2|0|
30|1139|576|0|839|1|0|
30|925|384|0|593|1|0|
30|938|480|0|591|1|0|
30|1122|576|0|826|1|0|
30|1119|576|0|820|1|0|
30|930|480|0|591|1|0|
30|1175|480|0|826|2|0|
30|921|480|0|589|1|0|
30|1135|576|0|825|1|0|
30|958|480|0|589|1|0|
30|1136|480|0|820|1|0|
30|962|480|0|589|1|0|
30|1165|480|0|834|1|0|
30|1150|672|0|830|2|0|
30|946|672|0|589|1|0|
30|943|576|0|592|1|0|
30|948|576|0|593|1|0|
30|965|480|0|589|1|0|
30|952|384|0|590|1|0|
30|942|480|0|588|1|0|
30|959|672|0|588|2|0|
30|973|576|0|588|1|0|
30|951|576|0|589|1|0|
30|955|672|0|590|1|0|
30|947|480|0|591|1|0|
30|957|576|0|588|1|0|
30|950|480|0|593|1|0|
30|952|384|0|591|1|0|
30|938|480|0|589|1|0|
30|950|384|0|591|1|0|
30|945|480|0|591|1|0|
30|937|480|0|588|1|0|
30|958|480|0|589|1|0|
30|953|384|0|585|1|0|
30|956|480|0|591|1|0|
30|962|480|0|591|1|0|
30|944|480|0|593|1|0|
30|968|384|0|588|1|0|
30|954|576|0|588|1|0|
30|952|384|0|585|1|0|
30|945|480|0|593|1|0|
30|972|384|0|590|1|0|
30|974|480|0|588|1|0|
30|944|480|0|593|1|0|
30|960|576|0|589|1|0|
30|970|480|0|588|1|0|
30|956|480|0|590|1|0|
30|952|576|0|593|1|0|
30|942|480|0|590|1|0|
30|935|384|0|588|1|0|
30|930|480|0|589|1|0|
30|946|576|0|591|1|0|
30|945|480|0|593|1|0|
30|948|384|0|589|1|0|
30|949|480|0|591|1|0|
30|948|480|0|593|1|0|
30|963|576|0|590|1|0|
30|958|576|0|590|1|0|
30|939|384|0|588|1|0|
30|956|480|0|590|1|0|
30|951|384|0|586|1|0|
30|935|384|0|589|1|0|
30|941|480|0|592|1|0|
30|964|384|0|586|1|0|
30|947|480|0|591|1|0|
30|946|480|0|593|1|0|
30|946|384|0|593|1|0|
30|956|480|0|588|1|0|
30|947|480|0|589|1|0|
30|952|480|0|589|1|0|
30|1152|576|0|836|1|0|
30|1149|672|0|823|1|0|
30|957|576|0|586|1|0|
30|1170|576|0|839|1|0|
30|1140|576|0|822|1|0|
30|958|576|0|588|1|0|
30|1153|576|0|824|1|0|
30|946|576|0|591|1|0|
30|1140|576|0|825|1|0|
30|1143|672|0|815|1|0|
30|1182|576|0|836|1|0|
30|943|576|0|589|1|0|
30|1138|576|0|826|1|0|
30|949|480|0|589|1|0|
30|954|576|0|586|1|0|
30|949|480|0|585|1|0|
30|938|384|0|588|1|0|
30|966|384|0|590|1|0|
30|950|480|0|592|1|0|
30|937|576|0|589|1|0|
30|958|480|0|586|1|0|
30|966|480|0|587|1|0|
30|948|480|0|592|1|0|
30|947|480|0|593|1|0|
30|944|384|0|590|1|0|
30|1021|480|0|850|1|0|
30|958|480|0|590|1|0|
30|946|384|0|591|1|0|
30|949|384|0|586|1|0|
30|958|480|0|588|1|0|
30|963|576|0|586|1|0|
30|958|384|0|591|1|0|
30|944|480|0|591|1|0|
30|943|480|0|589|1|0|
30|943|384|0|585|1|0|
30|955|480|0|590|1|0|
30|957|384|0|590|1|0|
30|949|384|0|588|1|0|
30|947|480|0|591|1|0|
30|958|384|0|589|1|0|
30|968|480|0|589|1|0|
30|940|576|0|589|1|0|
30|940|480|0|589|1|0|
30|961|480|0|589|1|0|
30|959|480|0|589|1|0|
30|941|480|0|593|1|0|
30|969|480|0|588|1|0|
30|939|480|0|589|1|0|
30|964|480|0|589|1|0|
30|957|480|0|588|1|0|
30|967|480|0|588|1|0|
30|952|384|0|590|1|0|
30|977|480|0|588|1|0|
30|952|480|0|588|1|0|
30|944|480|0|590|1|0|
30|943|576|0|589|1|0|
30|939|480|0|589|1|0|
30|939|576|0|588|1|0|
30|958|384|0|588|1|0|
30|937|480|0|589|1|0|
30|947|480|0|591|1|0|
30|953|480|0|590|1|0|
30|946|384|0|593|1|0|
30|1006|576|0|590|1|0|
30|945|480|0|592|1|0|
30|949|480|0|593|1|0|
30|957|480|0|589|1|0|
30|954|480|0|589|1|0|
30|936|576|0|589|1|0|
30|948|480|0|591|1|0|
30|944|384|0|593|1|0|
30|941|576|0|591|1|0|
30|948|576|0|586|1|0|
30|951|384|0|591|1|0|
30|940|480|0|588|1|0|
30|938|480|0|589|1|0|
30|955|480|0|589|1|0|
30|939|480|0|589|1|0|
30|956|480|0|589|1|0|
30|952|384|0|588|1|0|
30|957|480|0|588|1|0|
30|1141|672|0|825|1|0|
30|1141|672|0|826|1|0|
30|1133|576|0|820|1|0|
30|947|576|0|585|1|0|
30|936|480|0|588|1|0|
30|1040|576|0|590|1|0|
30|939|576|0|589|1|0|
30|962|384|0|589|1|0|
30|939|480|0|589|1|0|
30|954|480|0|587|1|0|
30|964|384|0|591|1|0|
30|954|384|0|588|1|0|
30|955|480|0|590|1|0|
30|947|480|0|592|1|0|
30|952|480|0|586|1|0|
30|943|384|0|593|1|0|
30|958|480|0|588|1|0|
30|934|480|0|589|1|0|
30|947|384|0|586|1|0|
30|942|384|0|588|1|0|
30|942|480|0|593|1|0|
30|956|384|0|586|1|0|
30|952|576|0|592|1|0|
30|947|480|0|593|1|0|
30|956|480|0|589|1|0|
30|952|480|0|592|1|0|
30|942|384|0|591|1|0|
30|952|480|0|586|1|0|
30|952|480|0|590|1|0|
30|944|480|0|591|1|0|
30|939|480|0|589|1|0|
30|963|480|0|588|1|0|
30|936|480|0|589|1|0|
30|953|576|0|588|1|0|
30|942|576|0|586|1|0|
30|957|480|0|589|1|0|
30|950|480|0|588|1|0|
30|953|480|0|591|1|0|
30|956|384|0|586|1|0|
30|956|480|0|589|1|0|
30|938|480|0|589|1|0|
30|962|576|0|589|1|0|
30|944|576|0|591|1|0|
30|960|480|0|587|1|0|
30|961|480|0|588|1|0|
30|951|384|0|592|1|0|
30|961|480|0|589|1|0|
30|950|480|0|593|1|0|
30|948|576|0|591|1|0|
30|958|384|0|588|1|0|
30|950|480|0|589|1|0|
30|949|480|0|587|1|0|
30|946|480|0|591|1|0|
30|959|480|0|589|1|0|
30|937|384|0|588|1|0|
30|936|576|0|589|1|0|
30|961|480|0|586|1|0|
30|940|480|0|589|1|0|
30|942|480|0|591|1|0|
30|958|384|0|589|1|0|
30|970|480|0|585|1|0|
30|950|480|0|589|1|0|
30|954|480|0|589|1|0|
30|944|480|0|591|1|0|
30|938|384|0|588|1|0|
30|955|576|0|585|1|0|
30|956|480|0|591|1|0|
30|947|480|0|588|1|0|
30|957|576|0|589|1|0|
30|958|384|0|590|1|0|
30|950|480|0|593|1|0|
30|937|384|0|593|1|0|
30|939|480|0|588|1|0|
30|1171|576|0|829|2|0|
30|947|576|0|591|1|0|
30|947|480|0|591|1|0|
30|1151|576|0|818|1|0|
30|1154|768|0|828|2|0|
30|1156|480|0|838|1|0|
30|1150|576|0|825|2|0|
30|932|384|0|591|1|0|
30|943|384|0|591|1|0|
30|956|384|0|589|1|0|
30|1169|480|0|835|1|0|
30|1136|576|0|822|1|0|
30|1151|576|0|833|1|0|
30|953|384|0|588|1|0|
30|1134|576|0|821|1|0|
30|1137|672|0|819|1|0|
30|1157|672|0|842|1|0|
30|1154|576|0|840|1|0|
30|1183|576|0|826|2|0|
30|928|480|0|589|1|0|
30|926|480|0|592|1|0|
30|1132|576|0|835|1|0|
30|1117|576|0|826|1|0|
30|1148|672|0|837|1|0|
30|1162|576|0|836|1|0|
30|955|384|0|591|1|0|
30|939|384|0|588|1|0|
30|1146|480|0|835|1|0|
30|1137|576|0|822|1|0|
30|1164|576|0|837|1|0|
30|1161|576|0|838|1|0|
30|1140|672|0|824|1|0|
30|945|384|0|591|1|0|
30|1170|576|0|821|1|0|
30|1153|576|0|830|2|0|
30|1137|480|0|838|1|0|
30|1163|576|0|830|2|0|
30|935|480|0|590|1|0|
30|1130|672|0|817|1|0|
30|1115|576|0|819|1|0|
30|1131|576|0|835|1|0|
30|930|384|0|592|1|0|
30|926|384|0|592|1|0|
30|1132|480|0|825|1|0|
30|1155|576|0|824|2|0|
30|1126|480|0|825|1|0|
30|945|480|0|586|1|0|
30|1152|672|0|840|1|0|
30|1137|576|0|839|1|0|
30|1151|480|0|826|2|0|
30|925|480|0|589|1|0|
30|921|480|0|589|1|0|
30|1142|576|0|838|1|0|
30|927|384|0|590|1|0|
30|945|480|0|591|1|0|
30|961|480|0|589|1|0|
30|1171|576|0|826|2|0|
30|955|480|0|588|1|0|
30|942|384|0|590|1|0|
30|1131|576|0|819|1|0|
30|953|480|0|590|1|0|
30|1170|576|0|833|1|0|
30|1148|576|0|818|1|0|
30|1143|576|0|820|1|0|
30|947|480|0|584|1|0|
30|942|480|0|591|1|0|
30|1167|576|0|828|2|0|
30|950|480|0|586|1|0|
30|1150|768|0|838|1|0|
30|1153|672|0|826|2|0|
30|928|480|0|591|1|0|
30|923|480|0|593|1|0|
30|936|384|0|588|1|0|
30|922|480|0|589|1|0|
30|921|576|0|591|1|0|
30|1122|576|0|825|1|0|
30|1148|576|0|832|2|0|
30|1121|576|0|822|1|0|
30|1121|480|0|819|1|0|
30|1364|672|0|1618|2|0|
30|1115|576|0|820|1|0|
30|1420|672|0|1675|1|0|
30|1188|480|0|837|1|0|
30|1149|480|0|820|1|0|
30|940|384|0|588|1|0|
30|955|480|0|590|1|0|
30|1168|576|0|827|2|0|
30|1156|576|0|832|2|0|
30|937|384|0|593|1|0|
30|1134|480|0|837|1|0|
30|1130|480|0|819|1|0|
30|1133|480|0|839|1|0|
30|1118|672|0|824|1|0|
30|1145|480|0|832|1|0|
30|921|576|0|589|1|0|
30|1156|576|0|828|2|0|
30|935|480|0|585|1|0|
30|1134|576|0|842|1|0|
30|1138|480|0|834|1|0|
30|939|480|0|588|1|0|
30|1164|576|0|826|2|0|
30|1161|576|0|829|2|0|
30|1117|576|0|825|1|0|
30|932|480|0|585|1|0|
30|942|480|0|588|1|0|
30|961|480|0|588|1|0|
30|957|480|0|589|1|0|
30|1135|576|0|824|1|0|
30|1159|576|0|824|2|0|
30|922|480|0|589|1|0|
30|1146|672|0|827|2|0|
30|919|576|0|588|1|0|
30|1156|576|0|834|2|0|
30|1138|576|0|824|1|0|
30|1158|576|0|839|1|0|
30|1129|576|0|823|1|0|
30|1124|480|0|827|1|0|
30|931|480|0|586|1|0|
30|1135|576|0|823|1|0|
30|1147|672|0|835|1|0|
30|927|384|0|592|1|0|
30|1148|672|0|838|1|0|
30|1133|480|0|832|1|0|
30|925|480|0|593|1|0|
30|1123|576|0|822|1|0|
30|941|384|0|590|1|0|
30|1160|672|0|827|2|0|
30|1118|576|0|821|1|0|
30|930|480|0|592|1|0|
30|1136|576|0|817|1|0|
30|1118|480|0|821|1|0|
30|920|480|0|588|1|0|
30|1113|672|0|824|1|0|
30|1119|576|0|825|1|0|
30|1150|576|0|831|1|0|
30|937|576|0|590|1|0|
30|1129|672|0|823|1|0|
30|1124|576|0|826|1|0|
30|925|384|0|586|1|0|
30|1128|576|0|820|1|0|
30|919|480|0|589|1|0|
30|1126|576|0|819|1|0|
30|1154|576|0|832|1|0|
30|937|480|0|591|1|0|
30|1131|768|0|822|1|0|
30|1159|576|0|826|2|0|
30|1125|576|0|822|1|0|
30|1129|672|0|822|1|0|
30|938|576|0|586|1|0|
30|1125|576|0|835|1|0|
30|1145|576|0|830|2|0|
30|923|480|0|592|1|0|
30|924|480|0|591|1|0|
30|1119|672|0|821|1|0|
30|1144|576|0|838|1|0|
30|926|480|0|592|1|0|
30|1149|480|0|835|1|0|
30|1139|672|0|836|1|0|
30|932|480|0|588|1|0|
30|1121|576|0|822|1|0|
30|1157|576|0|826|2|0|
30|925|480|0|591|1|0|
30|1163|576|0|820|1|0|
30|1140|576|0|826|1|0|
30|944|480|0|592|1|0|
30|1158|480|0|821|1|0|
30|951|384|0|589|1|0|
30|940|384|0|592|1|0|
30|1158|672|0|836|1|0|
30|942|480|0|590|1|0|
30|1162|576|0|828|2|0|
30|1111|576|0|822|1|0|
30|1137|576|0|831|1|0|
30|916|480|0|590|1|0|
30|1132|576|0|838|1|0|
30|1178|576|0|828|1|0|
30|926|480|0|589|1|0|
30|922|480|0|588|1|0|
30|930|576|0|589|1|0|
30|961|480|0|591|1|0|
30|1138|576|0|822|1|0|
30|1145|672|0|824|1|0|
30|1162|576|0|830|2|0|
30|1130|576|0|819|1|0|
30|1160|480|0|836|1|0|
30|921|480|0|587|1|0|
30|935|384|0|588|1|0|
30|1135|480|0|821|1|0|
30|1148|576|0|836|1|0|
30|1162|672|0|832|2|0|
30|1153|576|0|831|2|0|
30|927|480|0|588|1|0|
30|1136|576|0|840|1|0|
30|1115|576|0|828|1|0|
30|936|480|0|587|1|0|
30|1159|672|0|825|2|0|
30|1095|576|0|1211|1|0|
30|1134|576|0|841|1|0|
30|1165|576|0|831|2|0|
30|928|384|0|589|1|0|
30|1154|672|0|827|2|0|
30|1144|672|0|821|1|0|
30|1139|576|0|823|1|0|
30|947|480|0|592|1|0|
30|958|480|0|590|1|0|
30|961|384|0|590|1|0|
30|944|384|0|590|1|0|
30|949|480|0|591|1|0|
30|938|480|0|589|1|0|
30|947|480|0|591|1|0|
30|967|576|0|586|1|0|
30|948|480|0|593|1|0|
30|960|480|0|588|1|0|
30|1241|672|0|968|1|0|
30|1159|576|0|830|2|0|
30|945|480|0|589|1|0|
30|1157|576|0|841|1|0|
30|1139|576|0|822|1|0|
30|1134|576|0|824|1|0|
30|1141|576|0|824|1|0|
30|961|480|0|589|1|0|
30|942|480|0|593|1|0|
30|1165|576|0|830|2|0|
30|1133|672|0|818|1|0|
30|1155|576|0|831|2|0|
30|1133|480|0|820|1|0|
30|951|576|0|586|1|0|
30|1151|576|0|827|2|0|
30|1156|768|0|832|2|0|
30|1174|576|0|819|2|0|
30|1164|576|0|833|1|0|
30|952|480|0|586|1|0|
30|935|480|0|589|1|0|
30|946|480|0|592|1|0|
30|1163|768|0|830|2|0|
30|1155|672|0|826|2|0|
30|941|480|0|588|1|0|
30|1147|672|0|828|2|0|
30|1115|480|0|822|1|0|
30|937|384|0|590|1|0|
30|1163|576|0|831|2|0|
30|1137|576|0|835|1|0|
30|935|384|0|590|1|0|
30|940|480|0|588|1|0|
30|1145|576|0|817|1|0|
30|1156|672|0|827|2|0|
30|928|480|0|589|1|0|
30|1166|672|0|827|2|0|
30|938|384|0|585|1|0|
30|1138|576|0|841|1|0|
30|1149|672|0|826|2|0|
30|1115|576|0|824|1|0|
30|1161|480|0|828|2|0|
30|1143|576|0|826|1|0|
30|1158|576|0|832|1|0|
30|941|480|0|589|1|0|
30|955|480|0|590|1|0|
30|1149|672|0|835|1|0|
30|945|576|0|586|1|0|
30|960|480|0|588|1|0|
30|1156|576|0|827|2|0|
30|1139|480|0|826|1|0|
30|944|480|0|592|1|0|
30|939|480|0|589|1|0|
30|1145|480|0|824|1|0|
30|1153|576|0|822|1|0|
30|1151|576|0|824|1|0|
30|969|480|0|586|1|0|
30|1165|576|0|818|1|0|
30|956|384|0|590|1|0|
30|1180|576|0|833|1|0|
30|939|480|0|588|1|0|
30|1138|672|0|822|1|0|
30|1222|672|0|939|1|0|
30|941|480|0|589|1|0|
30|1162|576|0|818|1|0|
30|1151|480|0|824|1|0|
30|958|480|0|589|1|0|
30|1187|672|0|821|1|0|
30|1157|576|0|821|1|0|
30|940|480|0|588|1|0|
30|1167|576|0|823|2|0|
30|957|576|0|589|1|0|
30|938|384|0|589|1|0|
30|1142|480|0|818|1|0|
30|957|480|0|587|1|0|
30|955|384|0|589|1|0|
30|1132|576|0|823|1|0|
30|1176|576|0|839|1|0|
30|952|384|0|592|1|0|
30|1153|672|0|823|1|0|
30|1139|576|0|824|1|0|
30|1175|576|0|834|1|0|
30|957|576|0|590|1|0|
30|1159|576|0|833|2|0|
30|1175|576|0|835|1|0|
30|960|480|0|588|2|0|
30|939|480|0|586|1|0|
30|1188|576|0|818|1|0|
30|1166|576|0|839|1|0|
30|1150|576|0|831|1|0|
30|945|384|0|590|1|0|
30|1137|576|0|825|1|0|
30|939|480|0|589|1|0|
30|955|480|0|586|1|0|
30|1176|768|0|836|1|0|
30|1137|480|0|824|1|0|
30|948|480|0|593|1|0|
30|959|480|0|590|1|0|
30|1149|480|0|823|1|0|
30|1158|576|0|830|2|0|
30|965|480|0|587|1|0|
30|1139|576|0|821|1|0|
30|1144|672|0|820|1|0|
30|968|576|0|588|1|0|
30|948|384|0|589|1|0|
30|1170|672|0|833|1|0|
30|953|576|0|589|1|0|
30|1164|576|0|836|1|0|
30|1168|672|0|841|1|0|
30|1154|576|0|838|1|0|
30|948|480|0|593|1|0|
30|1160|576|0|827|2|0|
30|943|480|0|586|1|0|
30|1145|576|0|843|1|0|
30|1114|576|0|821|1|0|
30|1144|480|0|832|1|0|
30|1173|576|0|833|2|0|
30|1117|576|0|816|1|0|
30|943|384|0|588|1|0|
30|1131|576|0|833|1|0|
30|932|576|0|588|1|0|
30|924|384|0|588|1|0|
30|1145|576|0|822|1|0|
30|1161|576|0|828|2|0|
30|1135|480|0|822|1|0|
30|950|480|0|591|1|0|
30|939|480|0|588|1|0|
30|1138|672|0|825|1|0|
30|1171|672|0|836|1|0|
30|946|480|0|586|1|0|
30|1181|576|0|820|2|0|
30|1117|672|0|821|1|0|
30|938|480|0|585|1|0|
30|1141|576|0|837|1|0|
30|929|480|0|588|1|0|
30|1156|672|0|831|2|0|
30|1118|672|0|1164|1|0|
30|943|384|0|591|1|0|
30|959|384|0|588|1|0|
30|1163|576|0|838|1|0|
30|948|480|0|590|1|0|
30|961|480|0|591|1|0|
30|954|480|0|589|1|0|
30|1161|576|0|832|1|0|
30|942|480|0|587|1|0|
30|956|576|0|589|1|0|
30|1148|480|0|822|1|0|
30|1181|480|0|836|1|0|
30|1149|480|0|822|1|0|
30|1173|672|0|834|1|0|
30|944|576|0|591|1|0|
30|943|480|0|593|1|0|
30|1162|672|0|840|1|0|
30|1137|576|0|824|1|0|
30|952|480|0|591|1|0|
30|938|480|0|589|1|0|
30|963|480|0|586|1|0|
30|953|576|0|586|1|0|
30|938|576|0|588|1|0|
30|1139|480|0|826|1|0|
30|1143|576|0|824|1|0|
30|1131|576|0|821|1|0|
30|1137|576|0|828|1|0|
30|945|480|0|592|1|0|
30|1144|672|0|825|1|0|
30|1152|480|0|829|2|0|
30|1136|576|0|822|1|0|
30|941|384|0|589|1|0|
30|958|576|0|589|1|0|
30|1144|576|0|819|1|0|
30|951|480|0|590|1|0|
30|1154|576|0|822|2|0|
30|951|480|0|587|1|0|
30|1115|480|0|824|1|0|
30|1125|672|0|824|1|0|
30|923|480|0|589|1|0|
30|1164|768|0|834|2|0|
30|1144|576|0|834|1|0|
30|952|384|0|589|1|0|
30|937|384|0|593|1|0|
30|1164|576|0|827|2|0|
30|1121|576|0|826|1|0|
30|949|576|0|586|1|0|
30|1151|480|0|821|1|0|
30|1154|672|0|835|1|0|
30|952|480|0|591|1|0|
30|1138|480|0|819|1|0|
30|1152|576|0|830|2|0|
30|1161|480|0|839|1|0|
30|956|576|0|585|1|0|
30|967|480|0|588|1|0|
30|967|480|0|586|1|0|
30|999|576|0|588|1|0|
30|960|480|0|585|1|0|
30|963|576|0|588|1|0|
30|947|672|0|593|1|0|
30|938|480|0|588|1|0|
30|969|384|0|591|1|0|
30|950|480|0|586|1|0|
30|966|480|0|588|1|0|
30|952|576|0|591|1|0|
30|942|480|0|588|1|0|
30|945|480|0|593|1|0|
30|962|576|0|591|1|0|
30|958|480|0|591|1|0|
30|939|384|0|588|1|0|
30|942|384|0|587|1|0|
30|944|480|0|588|1|0|
30|949|480|0|591|1|0|
30|955|384|0|587|1|0|
30|945|480|0|588|1|0|
30|941|480|0|589|1|0|
30|953|480|0|593|1|0|
30|959|480|0|589|1|0|
30|939|480|0|589|1|0|
30|939|576|0|589|1|0|
30|938|480|0|589|1|0|
30|945|576|0|592|1|0|
30|936|480|0|588|1|0|
30|959|480|0|590|1|0|
30|951|480|0|589|1|0|
30|944|480|0|588|1|0|
30|955|480|0|591|1|0|
30|950|480|0|591|1|0|
30|946|480|0|593|1|0|
30|951|480|0|589|1|0|
30|957|480|0|589|1|0|
30|966|480|0|586|1|0|
30|943|480|0|591|1|0|
30|1174|480|0|821|1|0|
30|954|384|0|588|1|0|
30|960|480|0|591|1|0|
30|1143|480|0|826|1|0|
30|1176|576|0|826|2|0|
30|1153|576|0|831|1|0|
30|1146|576|0|820|1|0|
30|946|480|0|586|1|0|
30|934|576|0|588|1|0|
30|1155|576|0|826|1|0|
30|1151|672|0|837|1|0|
30|947|384|0|593|1|0|
30|954|480|0|591|1|0|
30|934|480|0|588|1|0|
30|1154|672|0|828|2|0|
30|1121|576|0|829|1|0|
30|941|480|0|590|1|0|
30|925|480|0|591|1|0|
30|925|384|0|589|1|0|
30|925|576|0|589|1|0|
30|1132|576|0|823|1|0|
30|1115|576|0|822|1|0|
30|932|480|0|586|1|0|
30|1134|480|0|817|1|0|
30|1124|480|0|824|1|0|
30|925|480|0|591|1|0|
30|1148|576|0|833|1|0|
30|1145|576|0|838|1|0|
30|932|384|0|586|1|0|
30|1110|672|0|821|1|0|
30|1164|576|0|825|2|0|
30|967|480|0|586|1|0|
30|1163|576|0|838|1|0|
30|1158|576|0|818|1|0|
30|1177|480|0|832|1|0|
30|938|384|0|589|1|0|
30|958|576|0|589|1|0|
30|1148|480|0|819|1|0|
30|1158|672|0|818|1|0|
30|945|480|0|590|1|0|
30|954|576|0|586|1|0|
30|951|480|0|591|1|0|
30|1149|576|0|823|1|0|
30|1168|576|0|835|1|0|
30|946|576|0|586|1|0|
30|1162|480|0|831|1|0|
30|1159|576|0|839|1|0|
30|941|480|0|589|1|0|
30|940|384|0|588|1|0|
30|1138|576|0|822|1|0|
30|954|480|0|586|1|0|
30|1146|480|0|828|1|0|
30|1142|576|0|819|1|0|
30|947|384|0|591|1|0|
30|1145|576|0|819|1|0|
30|938|480|0|588|1|0|
30|1141|672|0|825|1|0|
30|1171|576|0|834|1|0|
30|1156|672|0|835|1|0|
30|1154|576|0|823|1|0|
30|959|480|0|588|1|0|
30|1140|576|0|817|1|0|
30|1160|672|0|830|2|0|
30|1163|576|0|834|1|0|
30|955|480|0|588|1|0|
30|1165|576|0|838|1|0|
30|1144|576|0|826|2|0|
30|1117|576|0|824|1|0|
30|1114|576|0|820|1|0|
30|1168|576|0|835|1|0|
30|943|384|0|591|1|0|
30|1157|768|0|835|1|0|
30|948|384|0|593|1|0|
30|951|480|0|585|1|0|
30|937|576|0|588|1|0|
30|1139|576|0|825|1|0|
30|944|480|0|593|1|0|
30|1143|576|0|817|1|0|
30|1153|576|0|822|1|0|
30|963|576|0|588|1|0|
30|958|576|0|589|1|0|
30|1157|480|0|836|1|0|
30|952|480|0|589|1|0|
30|1155|672|0|830|2|0|
30|1135|672|0|836|1|0|
30|937|480|0|589|1|0|
30|943|384|0|589|1|0|
30|1154|576|0|840|1|0|
30|1137|576|0|825|1|0|
30|1160|576|0|828|2|0|
30|1175|576|0|835|1|0|
30|961|480|0|592|1|0|
30|1137|480|0|825|1|0|
30|1166|576|0|825|2|0|
30|1131|672|0|824|1|0|
30|948|480|0|592|1|0|
30|946|384|0|588|1|0|
30|1158|576|0|845|1|0|
30|1133|576|0|822|1|0|
30|1134|576|0|823|1|0|
30|940|480|0|588|1|0|
30|1204|672|0|825|2|0|
30|1132|576|0|822|1|0|
30|954|480|0|591|1|0|
30|940|480|0|589|1|0|
30|1179|672|0|835|1|0|
30|1136|576|0|824|1|0|
30|1157|576|0|832|1|0|
30|1165|576|0|834|1|0|
30|1158|768|0|832|2|0|
30|938|576|0|588|1|0|
30|1118|576|0|821|1|0|
30|1113|576|0|819|1|0|
30|936|384|0|589|1|0|
30|1128|576|0|818|1|0|
30|1130|576|0|817|1|0|
30|940|480|0|588|1|0|
30|1122|576|0|819|1|0|
30|932|384|0|585|1|0|
30|921|384|0|592|1|0|
30|1165|576|0|829|2|0|
30|1144|576|0|830|1|0|
30|1141|576|0|834|1|0|
30|1173|576|0|834|2|0|
30|936|576|0|586|1|0|
30|1146|480|0|831|1|0|
30|939|384|0|587|1|0|
30|1130|672|0|821|1|0|
30|960|480|0|592|1|0|
30|1172|672|0|827|2|0|
30|1138|576|0|833|1|0|
30|1124|576|0|823|1|0|
30|1158|576|0|829|2|0|
30|1127|576|0|821|1|0|
30|1137|576|0|830|1|0|
30|919|480|0|589|1|0|
30|1127|576|0|820|1|0|
30|932|576|0|582|1|0|
30|947|480|0|590|1|0|
30|950|480|0|588|1|0|
30|1159|576|0|834|1|0|
30|1132|576|0|824|1|0|
30|943|384|0|586|1|0|
30|933|384|0|585|1|0|
30|951|576|0|587|1|0|
30|947|672|0|585|1|0|
30|958|576|0|589|1|0|
30|949|576|0|586|1|0|
30|942|480|0|582|1|0|
30|940|480|0|589|1|0|
30|947|480|0|593|1|0|
30|958|480|0|590|1|0|
30|938|480|0|589|1|0|
30|971|576|0|584|1|0|
30|945|480|0|589|1|0|
30|947|576|0|591|1|0|
30|950|480|0|587|1|0|
30|946|384|0|588|1|0|
30|944|384|0|588|1|0|
30|942|480|0|588|1|0|
30|946|576|0|593|1|0|
30|944|480|0|591|1|0|
30|940|480|0|587|1|0|
30|943|576|0|588|1|0|
30|943|480|0|590|1|0|
30|956|480|0|589|1|0|
30|941|480|0|589|1|0|
30|957|480|0|590|1|0|
30|955|576|0|586|1|0|
30|963|480|0|591|1|0|
30|947|480|0|588|1|0|
30|958|480|0|590|1|0|
30|958|480|0|588|1|0|
30|967|480|0|591|1|0|
30|957|576|0|587|1|0|
30|940|480|0|593|1|0|
30|980|384|0|589|1|0|
30|944|480|0|591|1|0|
30|955|384|0|588|1|0|
30|937|480|0|589|1|0|
30|944|480|0|590|1|0|
30|950|480|0|590|1|0|
30|942|576|0|588|1|0|
30|960|480|0|588|1|0|
30|956|480|0|587|1|0|
30|952|480|0|586|1|0|
30|959|576|0|585|1|0|
30|958|576|0|590|1|0|
30|950|480|0|586|1|0|
30|942|480|0|588|1|0|
30|941|480|0|589|1|0|
30|938|480|0|589|1|0|
30|940|480|0|589|1|0|
30|950|384|0|593|1|0|
30|982|576|0|591|1|0|
30|959|480|0|591|1|0|
30|938|480|0|593|1|0|
30|952|384|0|589|1|0|
30|940|480|0|589|1|0|
30|936|480|0|589|1|0|
30|936|480|0|589|1|0|
30|981|384|0|588|1|0|
30|961|480|0|589|1|0|
30|945|576|0|591|1|0|
30|939|480|0|586|1|0|
30|1144|576|0|830|1|0|
30|943|480|0|585|1|0|
30|937|480|0|589|1|0|
30|1139|672|0|822|1|0|
30|1167|480|0|835|1|0|
30|1173|480|0|832|1|0|
30|1168|576|0|831|1|0|
30|1157|672|0|833|1|0|
30|958|480|0|590|1|0|
30|938|576|0|589|1|0|
30|943|384|0|591|1|0|
30|1167|672|0|828|2|0|
30|927|576|0|589|1|0|
30|1133|576|0|822|1|0|
30|927|672|0|588|1|0|
30|957|480|0|585|2|0|
30|954|576|0|588|1|0|
30|1175|480|0|835|1|0|
30|950|480|0|585|1|0|
30|1152|576|0|823|1|0|
30|951|384|0|591|1|0|
30|957|384|0|590|1|0|
30|956|576|0|588|1|0|
30|955|384|0|590|1|0|
30|1146|576|0|838|1|0|
30|1171|576|0|824|2|0|
