INSTRUCTIONS_RETIRED|CYCLES|UNKNOWN|LD_BLOCKS.STORE_FORWARD|UOPS_EXECUTED.CORE|BR_MISP_RETIRED.ALL_BRANCHES|UOPS_ISSUED.SINGLE_MUL|
30|960|480|0|591|1|0|
30|954|576|0|589|1|0|
30|940|384|0|589|1|0|
30|944|480|0|591|1|0|
30|1140|480|0|819|1|0|
30|1149|672|0|835|1|0|
30|945|384|0|593|1|0|
30|1156|480|0|841|1|0|
30|1158|480|0|827|2|0|
30|1135|672|0|824|2|0|
30|960|480|0|594|2|0|
30|939|384|0|597|2|0|
30|1159|480|0|842|2|0|
30|1157|480|0|832|2|0|
30|1132|480|0|826|2|0|
30|1158|576|0|830|2|0|
30|954|672|0|594|2|0|
30|1158|480|0|831|2|0|
30|966|480|0|596|2|0|
30|1165|576|0|829|2|0|
30|945|576|0|595|2|0|
30|1143|576|0|825|2|0|
30|1134|672|0|831|2|0|
30|1179|768|0|828|2|0|
30|948|384|0|590|2|0|
30|3959|2112|0|1401|2|0|
30|1156|768|0|844|2|0|
30|1139|480|0|828|2|0|
30|1154|480|0|845|2|0|
30|1144|672|0|826|2|0|
30|1169|480|0|827|2|0|
30|1151|768|0|829|2|0|
30|1149|672|0|829|2|0|
30|957|672|0|589|1|0|
30|935|672|0|589|1|0|
30|1157|768|0|817|1|0|
30|1135|480|0|824|1|0|
30|942|480|0|589|1|0|
30|967|672|0|585|1|0|
30|943|480|0|591|1|0|
30|1151|672|0|834|1|0|
30|1157|480|0|827|2|0|
30|950|480|0|597|2|0|
30|1155|576|0|840|2|0|
30|1170|576|0|838|2|0|
30|941|480|0|592|2|0|
30|942|384|0|593|1|0|
30|939|672|0|589|1|0|
30|958|480|0|589|1|0|
30|955|384|0|590|1|0|
30|953|576|0|591|1|0|
30|951|576|0|590|1|0|
30|964|480|0|592|1|0|
30|949|384|0|586|1|0|
30|948|480|0|593|1|0|
30|963|576|0|591|1|0|
30|967|480|0|588|1|0|
30|946|480|0|591|1|0|
30|936|384|0|589|1|0|
30|942|480|0|593|1|0|
30|946|480|0|589|1|0|
30|948|576|0|593|1|0|
30|946|480|0|591|1|0|
30|955|672|0|589|1|0|
30|952|384|0|587|1|0|
30|955|672|0|589|1|0|
30|967|480|0|588|1|0|
30|950|384|0|586|1|0|
30|942|576|0|588|1|0|
30|944|480|0|589|1|0|
30|946|384|0|585|1|0|
30|942|672|0|589|1|0|
30|954|480|0|590|1|0|
30|947|384|0|593|1|0|
30|947|672|0|592|1|0|
30|957|576|0|590|1|0|
30|946|384|0|589|1|0|
30|953|384|0|589|1|0|
30|953|576|0|589|1|0|
30|948|576|0|586|1|0|
30|938|480|0|589|1|0|
30|946|384|0|591|1|0|
30|938|576|0|593|1|0|
30|944|480|0|591|1|0|
30|936|480|0|589|1|0|
30|947|576|0|586|1|0|
30|974|672|0|590|1|0|
30|949|480|0|593|1|0|
30|948|384|0|592|1|0|
30|934|480|0|589|1|0|
30|955|384|0|586|1|0|
30|958|384|0|589|1|0|
30|942|576|0|593|1|0|
30|940|384|0|589|1|0|
30|941|384|0|588|1|0|
30|945|384|0|593|1|0|
30|945|672|0|592|1|0|
30|934|672|0|589|1|0|
30|940|384|0|589|1|0|
30|990|384|0|590|1|0|
30|949|384|0|585|1|0|
30|960|384|0|589|1|0|
30|960|672|0|591|1|0|
30|971|576|0|589|1|0|
30|952|384|0|590|1|0|
30|952|480|0|588|1|0|
30|951|384|0|586|1|0|
30|951|672|0|586|1|0|
30|960|576|0|587|1|0|
30|965|480|0|586|1|0|
30|948|384|0|592|1|0|
30|946|576|0|591|1|0|
30|944|672|0|593|1|0|
30|946|576|0|585|1|0|
30|971|576|0|588|1|0|
30|945|480|0|587|1|0|
30|934|576|0|585|1|0|
30|952|384|0|590|1|0|
30|943|576|0|591|1|0|
30|939|480|0|588|1|0|
30|937|576|0|589|1|0|
30|944|480|0|591|1|0|
30|935|576|0|587|1|0|
30|939|480|0|589|1|0|
30|947|480|0|586|1|0|
30|970|576|0|585|1|0|
30|953|480|0|589|1|0|
30|952|576|0|592|1|0|
30|933|480|0|588|1|0|
30|946|480|0|593|1|0|
30|943|384|0|588|1|0|
30|937|384|0|589|1|0|
30|958|480|0|591|1|0|
30|940|480|0|593|1|0|
30|957|672|0|589|1|0|
30|939|384|0|588|1|0|
30|938|480|0|588|1|0|
30|949|576|0|586|1|0|
30|943|384|0|589|1|0|
30|938|576|0|589|1|0|
30|951|672|0|586|1|0|
30|957|576|0|589|1|0|
30|940|480|0|589|1|0|
30|939|480|0|592|1|0|
30|936|480|0|589|1|0|
30|946|480|0|593|1|0|
30|954|384|0|593|1|0|
30|956|576|0|589|1|0|
30|955|384|0|589|1|0|
30|945|480|0|593|1|0|
30|954|480|0|591|1|0|
30|959|480|0|591|1|0|
30|959|576|0|588|1|0|
30|949|576|0|586|1|0|
30|947|576|0|592|1|0|
30|937|384|0|589|1|0|
30|949|576|0|586|1|0|
30|944|480|0|589|1|0|
30|942|480|0|589|1|0|
30|945|576|0|589|1|0|
30|941|672|0|592|1|0|
30|958|480|0|589|1|0|
30|940|384|0|588|1|0|
30|955|384|0|589|1|0|
30|952|576|0|590|1|0|
30|941|384|0|589|1|0|
30|948|384|0|593|1|0|
30|946|384|0|591|1|0|
30|958|768|0|590|1|0|
30|957|576|0|589|1|0|
30|950|480|0|593|1|0|
30|958|480|0|587|1|0|
30|949|384|0|586|1|0|
30|957|384|0|590|1|0|
30|957|576|0|588|1|0|
30|947|480|0|593|1|0|
30|950|480|0|586|1|0|
30|957|480|0|589|1|0|
30|955|576|0|590|1|0|
30|954|576|0|589|1|0|
30|964|384|0|588|1|0|
30|955|672|0|591|1|0|
30|1156|576|0|832|1|0|
30|1179|672|0|843|1|0|
30|961|384|0|591|1|0|
30|944|576|0|589|1|0|
30|1142|480|0|821|1|0|
30|1158|672|0|820|1|0|
30|1138|576|0|822|1|0|
30|1162|768|0|823|2|0|
30|1169|576|0|825|2|0|
30|941|576|0|593|2|0|
30|1147|768|0|828|2|0|
30|1130|576|0|825|2|0|
30|1173|576|0|847|2|0|
30|971|480|0|590|1|0|
30|1176|576|0|837|1|0|
30|1286|672|0|1359|1|0|
30|1150|576|0|825|2|0|
30|1185|672|0|831|2|0|
30|1167|576|0|834|1|0|
30|954|576|0|589|1|0|
30|952|480|0|588|1|0|
30|1173|672|0|845|1|0|
30|943|480|0|591|1|0|
30|944|576|0|593|1|0|
30|956|576|0|589|1|0|
30|1189|480|0|826|2|0|
30|1163|672|0|847|2|0|
30|1157|768|0|843|2|0|
30|1164|576|0|837|2|0|
30|937|480|0|596|2|0|
30|1167|768|0|846|2|0|
30|948|576|0|595|2|0|
30|943|576|0|596|2|0|
30|950|576|0|585|1|0|
30|948|576|0|591|1|0|
30|1157|576|0|820|1|0|
30|952|384|0|586|1|0|
30|953|480|0|595|1|0|
30|1178|768|0|831|2|0|
30|1146|672|0|828|2|0|
30|1138|576|0|825|1|0|
30|950|576|0|586|1|0|
30|1134|480|0|826|1|0|
30|950|384|0|593|1|0|
30|961|480|0|591|1|0|
30|939|384|0|588|1|0|
30|1148|480|0|822|1|0|
30|1171|576|0|835|1|0|
30|946|480|0|593|1|0|
30|946|480|0|590|1|0|
30|954|576|0|587|1|0|
30|956|576|0|590|1|0|
30|971|576|0|588|1|0|
30|958|384|0|587|1|0|
30|963|576|0|590|1|0|
30|955|384|0|590|1|0|
30|934|384|0|589|1|0|
30|947|576|0|588|1|0|
30|961|576|0|591|1|0|
30|941|384|0|589|1|0|
30|956|384|0|590|1|0|
30|983|672|0|587|1|0|
30|944|672|0|589|1|0|
30|952|384|0|588|1|0|
30|954|672|0|587|1|0|
30|953|384|0|588|1|0|
30|954|576|0|589|1|0|
30|950|576|0|590|1|0|
30|960|384|0|590|1|0|
30|950|576|0|589|1|0|
30|943|480|0|592|1|0|
30|940|384|0|589|1|0|
30|946|576|0|592|1|0|
30|941|384|0|589|1|0|
30|944|384|0|589|1|0|
30|950|384|0|593|1|0|
30|954|384|0|591|1|0|
30|948|480|0|593|1|0|
30|973|576|0|586|1|0|
30|962|384|0|587|1|0|
30|961|480|0|588|1|0|
30|941|576|0|589|1|0|
30|946|384|0|593|1|0|
30|967|576|0|587|1|0|
30|952|384|0|590|1|0|
30|957|672|0|588|1|0|
30|946|576|0|582|1|0|
30|938|480|0|589|1|0|
30|935|576|0|588|1|0|
30|940|384|0|589|1|0|
30|969|576|0|588|1|0|
30|955|576|0|589|1|0|
30|960|384|0|591|1|0|
30|961|384|0|591|1|0|
30|961|576|0|589|1|0|
30|945|480|0|592|1|0|
30|942|384|0|588|1|0|
30|943|480|0|589|1|0|
30|950|384|0|586|1|0|
30|944|480|0|589|1|0|
30|947|480|0|593|1|0|
30|941|384|0|589|1|0|
30|959|768|0|589|1|0|
30|954|384|0|590|1|0|
30|957|384|0|588|1|0|
30|934|672|0|589|1|0|
30|947|480|0|585|1|0|
30|947|384|0|586|1|0|
30|951|480|0|588|1|0|
30|952|384|0|593|1|0|
30|951|480|0|586|1|0|
30|958|480|0|590|1|0|
30|956|576|0|590|1|0|
30|942|480|0|592|1|0|
30|966|576|0|588|1|0|
30|949|480|0|593|1|0|
30|955|480|0|589|1|0|
30|943|384|0|589|1|0|
30|957|384|0|587|1|0|
30|948|480|0|585|1|0|
30|943|480|0|589|1|0|
30|942|480|0|589|1|0|
30|948|480|0|593|1|0|
30|944|480|0|588|1|0|
30|940|480|0|589|1|0|
30|946|672|0|593|1|0|
30|944|576|0|592|1|0|
30|943|480|0|590|1|0|
30|949|672|0|586|1|0|
30|937|576|0|593|1|0|
30|976|384|0|589|1|0|
30|962|576|0|591|1|0|
30|941|576|0|588|1|0|
30|957|480|0|588|1|0|
30|956|576|0|588|1|0|
30|944|480|0|593|1|0|
30|957|576|0|591|1|0|
30|970|384|0|586|1|0|
30|956|384|0|591|1|0|
30|944|576|0|589|1|0|
30|956|768|0|591|1|0|
30|959|576|0|591|1|0|
30|946|384|0|593|1|0|
30|939|480|0|589|1|0|
30|944|480|0|591|1|0|
30|942|480|0|589|1|0|
30|958|672|0|591|1|0|
30|945|576|0|590|1|0|
30|964|576|0|587|1|0|
30|949|480|0|585|1|0|
30|942|480|0|593|1|0|
30|949|576|0|585|1|0|
30|945|384|0|592|1|0|
30|942|384|0|589|1|0|
30|954|672|0|588|1|0|
30|953|576|0|590|1|0|
30|959|384|0|586|1|0|
30|948|576|0|591|1|0|
30|940|480|0|589|1|0|
30|947|480|0|586|1|0|
30|938|384|0|585|1|0|
30|971|480|0|587|1|0|
30|941|384|0|589|1|0|
30|956|384|0|590|1|0|
30|945|480|0|593|1|0|
30|949|576|0|586|1|0|
30|955|576|0|585|1|0|
30|965|576|0|585|1|0|
30|936|576|0|589|1|0|
30|961|480|0|589|1|0|
30|937|576|0|588|1|0|
30|960|480|0|589|1|0|
30|946|384|0|582|1|0|
30|956|480|0|589|1|0|
30|961|768|0|586|1|0|
30|942|672|0|589|1|0|
30|938|384|0|589|1|0|
30|954|480|0|588|1|0|
30|952|480|0|586|1|0|
30|936|480|0|589|1|0|
30|966|672|0|589|1|0|
30|944|480|0|589|1|0|
30|952|480|0|589|1|0|
30|933|384|0|589|1|0|
30|950|672|0|585|1|0|
30|949|384|0|586|1|0|
30|950|384|0|591|1|0|
30|953|576|0|589|1|0|
30|956|480|0|587|1|0|
30|944|384|0|593|1|0|
30|953|672|0|587|1|0|
30|942|480|0|588|1|0|
30|955|384|0|588|1|0|
30|937|480|0|589|1|0|
30|939|576|0|589|1|0|
30|950|480|0|589|1|0|
30|967|480|0|586|1|0|
30|952|384|0|586|1|0|
30|952|576|0|587|1|0|
30|953|480|0|585|1|0|
30|949|384|0|588|1|0|
30|950|672|0|590|1|0|
30|952|576|0|588|1|0|
30|951|576|0|584|1|0|
30|953|384|0|590|1|0|
30|949|384|0|591|1|0|
30|958|384|0|588|1|0|
30|940|480|0|589|1|0|
30|957|576|0|590|1|0|
30|945|576|0|591|1|0|
30|945|672|0|592|1|0|
30|964|384|0|585|1|0|
30|941|672|0|589|1|0|
30|968|384|0|590|1|0|
30|960|672|0|589|1|0|
30|952|480|0|589|1|0|
30|933|384|0|588|1|0|
30|937|480|0|588|1|0|
30|947|384|0|592|1|0|
30|938|480|0|589|1|0|
30|973|672|0|587|1|0|
30|945|576|0|593|1|0|
30|938|576|0|589|1|0|
30|966|480|0|586|1|0|
30|956|576|0|587|1|0|
30|968|480|0|588|1|0|
30|940|480|0|588|1|0|
30|946|480|0|593|1|0|
30|951|480|0|590|1|0|
30|944|384|0|592|1|0|
30|946|480|0|593|1|0|
30|940|384|0|588|1|0|
30|950|384|0|586|1|0|
30|987|480|0|589|2|0|
30|949|384|0|595|2|0|
30|958|672|0|587|1|0|
30|940|480|0|589|1|0|
30|941|480|0|589|1|0|
30|954|672|0|586|1|0|
30|945|384|0|591|1|0|
30|947|672|0|586|1|0|
30|943|384|0|590|1|0|
30|967|480|0|588|1|0|
30|955|384|0|586|1|0|
30|952|480|0|589|1|0|
30|958|480|0|589|1|0|
30|946|384|0|590|1|0|
30|959|576|0|591|1|0|
30|949|384|0|593|1|0|
30|957|384|0|593|1|0|
30|943|384|0|586|1|0|
30|946|480|0|591|1|0|
30|950|480|0|585|1|0|
30|942|576|0|589|1|0|
30|941|480|0|589|1|0|
30|940|384|0|589|1|0|
30|946|576|0|591|1|0|
30|959|480|0|588|1|0|
30|952|384|0|591|1|0|
30|949|576|0|593|1|0|
30|950|384|0|585|1|0|
30|941|480|0|589|1|0|
30|967|576|0|588|1|0|
30|956|672|0|590|1|0|
30|970|576|0|588|1|0|
30|936|576|0|588|1|0|
30|960|576|0|591|1|0|
30|939|576|0|589|1|0|
30|948|576|0|593|1|0|
30|961|384|0|590|1|0|
30|941|384|0|589|1|0|
30|956|672|0|589|1|0|
30|945|576|0|589|1|0|
30|948|480|0|593|1|0|
30|956|384|0|588|1|0|
30|953|576|0|590|1|0|
30|962|480|0|585|1|0|
30|950|480|0|591|1|0|
30|947|384|0|590|1|0|
30|947|480|0|588|1|0|
30|953|480|0|586|1|0|
30|940|672|0|588|1|0|
30|956|576|0|589|1|0|
30|958|576|0|588|1|0|
30|939|384|0|588|1|0|
30|942|384|0|589|1|0|
30|953|672|0|589|1|0|
30|952|672|0|588|1|0|
30|967|480|0|586|1|0|
30|942|480|0|589|1|0|
30|958|480|0|588|1|0|
30|967|384|0|589|1|0|
30|942|768|0|589|1|0|
30|942|384|0|589|1|0|
30|946|480|0|591|1|0|
30|947|576|0|591|1|0|
30|954|480|0|591|1|0|
30|949|576|0|586|1|0|
30|962|576|0|586|1|0|
30|933|576|0|589|1|0|
30|945|576|0|586|1|0|
30|946|480|0|591|1|0|
30|950|384|0|590|1|0|
30|943|384|0|589|1|0|
30|956|384|0|586|1|0|
30|946|576|0|591|1|0|
30|940|384|0|589|1|0|
30|950|576|0|593|1|0|
30|936|480|0|589|1|0|
30|947|480|0|586|1|0|
30|949|384|0|588|1|0|
30|959|576|0|585|1|0|
30|967|480|0|586|1|0|
30|955|672|0|588|1|0|
30|938|384|0|588|1|0|
30|961|480|0|586|1|0|
30|960|480|0|589|1|0|
30|957|384|0|590|1|0|
30|975|576|0|587|1|0|
30|986|480|0|585|1|0|
30|939|384|0|589|1|0|
30|969|480|0|587|1|0|
30|951|672|0|586|1|0|
30|946|384|0|584|1|0|
30|943|480|0|593|1|0|
30|946|480|0|586|1|0|
30|954|384|0|590|1|0|
30|964|576|0|588|1|0|
30|948|480|0|591|1|0|
30|943|480|0|589|1|0|
30|940|576|0|589|1|0|
30|949|576|0|591|1|0|
30|956|672|0|589|1|0|
30|956|480|0|590|1|0|
30|939|480|0|591|1|0|
30|949|672|0|590|1|0|
30|944|384|0|593|1|0|
30|940|384|0|589|1|0|
30|954|672|0|593|1|0|
30|962|480|0|588|1|0|
30|938|480|0|589|1|0|
30|951|480|0|586|1|0|
30|951|384|0|585|1|0|
30|941|480|0|591|1|0|
30|936|384|0|589|1|0|
30|965|576|0|586|1|0|
30|959|576|0|589|1|0|
30|933|480|0|589|1|0|
30|939|576|0|589|1|0|
30|943|384|0|589|1|0|
30|954|480|0|584|1|0|
30|952|384|0|590|1|0|
30|959|384|0|591|1|0|
30|946|480|0|593|1|0|
30|946|576|0|593|1|0|
30|955|576|0|591|1|0|
30|948|576|0|591|1|0|
30|964|576|0|590|1|0|
30|943|672|0|586|1|0|
30|973|672|0|587|1|0|
30|955|480|0|589|1|0|
30|950|576|0|584|1|0|
30|957|480|0|586|1|0|
30|948|672|0|586|1|0|
30|945|384|0|593|1|0|
30|957|384|0|590|1|0|
30|955|384|0|590|1|0|
30|963|576|0|591|1|0|
30|941|576|0|588|1|0|
30|944|576|0|591|1|0|
30|950|576|0|586|1|0|
30|948|384|0|586|1|0|
30|971|480|0|587|1|0|
30|950|576|0|589|1|0|
30|938|384|0|587|1|0|
30|955|576|0|585|1|0|
30|949|384|0|586|1|0|
30|947|480|0|591|1|0|
30|941|576|0|588|1|0|
30|943|576|0|589|1|0|
30|936|384|0|589|1|0|
30|949|480|0|586|1|0|
30|959|384|0|588|1|0|
30|938|480|0|588|1|0|
30|955|480|0|585|1|0|
30|954|576|0|590|1|0|
30|946|576|0|589|1|0|
30|963|480|0|587|1|0|
30|957|384|0|589|1|0|
30|950|576|0|590|1|0|
30|952|576|0|586|1|0|
30|948|576|0|590|1|0|
30|966|576|0|591|1|0|
30|956|576|0|589|1|0|
30|954|480|0|586|1|0|
30|948|576|0|593|1|0|
30|957|480|0|589|1|0|
30|947|480|0|593|1|0|
30|954|384|0|586|1|0|
30|970|384|0|588|1|0|
30|953|480|0|588|1|0|
30|939|576|0|588|1|0|
30|971|672|0|588|1|0|
30|949|672|0|586|1|0|
30|936|384|0|588|1|0|
30|966|576|0|586|1|0|
30|949|576|0|593|1|0|
30|954|384|0|586|1|0|
30|946|480|0|593|1|0|
30|968|480|0|588|1|0|
30|944|576|0|589|1|0|
30|941|576|0|589|1|0|
30|945|480|0|592|1|0|
30|967|576|0|588|1|0|
30|942|576|0|588|1|0|
30|943|480|0|592|1|0|
30|953|384|0|586|1|0|
30|954|480|0|585|1|0|
30|959|384|0|589|1|0|
30|950|480|0|586|1|0|
30|993|768|0|590|1|0|
30|940|480|0|589|1|0|
30|954|480|0|590|1|0|
30|947|480|0|593|1|0|
30|938|576|0|589|1|0|
30|952|480|0|586|1|0|
30|959|576|0|590|1|0|
30|940|480|0|588|1|0|
30|946|480|0|592|1|0|
30|949|384|0|592|1|0|
30|959|480|0|588|1|0|
30|954|480|0|587|1|0|
30|957|576|0|590|1|0|
30|954|384|0|587|1|0|
30|958|480|0|588|1|0|
30|940|480|0|588|1|0|
30|951|384|0|586|1|0|
30|966|480|0|586|1|0|
30|950|576|0|585|1|0|
30|947|480|0|585|1|0|
30|958|672|0|587|1|0|
30|957|672|0|590|1|0|
30|955|480|0|590|1|0|
30|951|384|0|586|1|0|
30|945|576|0|591|1|0|
30|947|384|0|590|1|0|
30|944|480|0|589|1|0|
30|939|576|0|588|1|0|
30|967|480|0|591|1|0|
30|943|672|0|588|1|0|
30|942|384|0|592|2|0|
30|937|480|0|591|2|0|
30|955|384|0|589|1|0|
30|954|384|0|587|1|0|
30|948|480|0|586|1|0|
30|959|384|0|590|1|0|
30|946|672|0|585|1|0|
30|954|480|0|587|1|0|
30|957|576|0|588|1|0|
30|957|480|0|590|1|0|
30|947|480|0|592|1|0|
30|946|672|0|592|1|0|
30|947|384|0|593|1|0|
30|940|384|0|589|1|0|
30|946|672|0|586|1|0|
30|948|672|0|591|1|0|
30|951|576|0|586|1|0|
30|959|480|0|589|1|0|
30|948|480|0|582|1|0|
30|954|480|0|588|1|0|
30|964|480|0|587|1|0|
30|943|480|0|589|1|0|
30|942|480|0|588|1|0|
30|945|672|0|593|1|0|
30|936|576|0|589|1|0|
30|955|576|0|591|1|0|
30|937|384|0|588|1|0|
30|940|384|0|589|1|0|
30|956|480|0|590|1|0|
30|940|480|0|589|1|0|
30|937|384|0|589|1|0|
30|962|480|0|591|1|0|
30|954|672|0|592|1|0|
30|945|576|0|588|1|0|
30|954|480|0|586|1|0|
30|937|384|0|589|1|0|
30|941|480|0|588|1|0|
30|947|384|0|592|1|0|
30|939|576|0|589|1|0|
30|946|576|0|588|1|0|
30|959|576|0|589|1|0|
30|948|576|0|586|1|0|
30|953|480|0|586|1|0|
30|947|576|0|590|1|0|
30|954|480|0|586|1|0|
30|952|384|0|586|1|0|
30|942|384|0|589|1|0|
30|949|384|0|586|1|0|
30|958|480|0|587|1|0|
30|942|576|0|588|1|0|
30|955|480|0|588|1|0|
30|945|384|0|593|1|0|
30|935|480|0|589|1|0|
30|941|480|0|588|1|0|
30|945|384|0|598|2|0|
30|937|576|0|593|2|0|
30|942|384|0|588|1|0|
30|938|480|0|589|1|0|
30|939|576|0|589|1|0|
30|953|384|0|589|1|0|
30|948|672|0|586|1|0|
30|949|384|0|585|1|0|
30|953|384|0|586|1|0|
30|959|480|0|591|1|0|
30|955|384|0|590|1|0|
30|955|384|0|588|1|0|
30|957|672|0|589|1|0|
30|939|576|0|589|1|0|
30|954|576|0|588|1|0|
30|952|576|0|589|1|0|
30|951|384|0|593|1|0|
30|968|480|0|588|1|0|
30|946|576|0|589|1|0|
30|964|384|0|587|1|0|
30|953|672|0|587|1|0|
30|946|576|0|589|1|0|
30|942|576|0|593|1|0|
30|938|384|0|589|1|0|
30|947|480|0|593|1|0|
30|949|480|0|592|1|0|
30|968|480|0|587|1|0|
30|936|384|0|589|1|0|
30|952|384|0|589|1|0|
30|949|480|0|593|1|0|
30|953|576|0|590|1|0|
30|955|576|0|586|1|0|
30|977|384|0|588|1|0|
30|980|576|0|588|1|0|
30|944|384|0|588|1|0|
30|957|576|0|589|1|0|
30|973|384|0|588|1|0|
30|942|480|0|593|1|0|
30|946|576|0|593|1|0|
30|936|576|0|589|1|0|
30|955|480|0|591|1|0|
30|956|672|0|590|1|0|
30|953|576|0|586|1|0|
30|937|480|0|587|1|0|
30|943|576|0|593|1|0|
30|943|384|0|589|1|0|
30|957|576|0|588|1|0|
30|939|480|0|589|1|0|
30|939|384|0|588|1|0|
30|949|480|0|590|1|0|
30|945|480|0|593|1|0|
30|940|480|0|588|1|0|
30|948|480|0|593|1|0|
30|953|384|0|588|2|0|
30|945|384|0|597|2|0|
30|950|576|0|590|2|0|
30|956|576|0|595|2|0|
30|942|576|0|593|2|0|
30|944|480|0|595|2|0|
30|942|384|0|592|2|0|
30|945|384|0|595|2|0|
30|962|480|0|595|2|0|
30|936|480|0|593|2|0|
30|951|480|0|589|2|0|
30|959|480|0|593|2|0|
30|948|480|0|590|2|0|
30|941|384|0|598|2|0|
30|940|576|0|598|2|0|
30|966|384|0|596|2|0|
30|938|384|0|590|2|0|
30|946|384|0|598|2|0|
30|950|672|0|595|2|0|
30|938|480|0|593|2|0|
30|951|480|0|589|2|0|
30|958|672|0|586|1|0|
30|944|384|0|589|1|0|
30|949|480|0|585|1|0|
30|940|576|0|587|1|0|
30|963|480|0|589|1|0|
30|951|672|0|590|1|0|
30|950|480|0|587|1|0|
30|953|480|0|586|1|0|
30|962|480|0|587|1|0|
30|943|576|0|586|1|0|
30|937|384|0|588|1|0|
30|937|480|0|589|1|0|
30|950|480|0|585|1|0|
30|961|576|0|590|1|0|
30|944|480|0|589|1|0|
30|941|576|0|589|1|0|
30|952|576|0|590|1|0|
30|957|480|0|590|1|0|
30|957|480|0|590|1|0|
30|940|480|0|589|1|0|
30|960|480|0|591|1|0|
30|938|480|0|588|1|0|
30|971|384|0|588|1|0|
30|957|576|0|590|1|0|
30|956|480|0|589|1|0|
30|959|480|0|589|1|0|
30|949|576|0|585|1|0|
30|941|384|0|589|1|0|
30|942|576|0|589|1|0|
30|950|480|0|585|1|0|
30|955|384|0|589|1|0|
30|953|576|0|592|1|0|
30|958|384|0|590|1|0|
30|942|576|0|588|1|0|
30|947|576|0|584|1|0|
30|947|480|0|586|1|0|
30|938|576|0|591|1|0|
30|948|384|0|586|1|0|
30|939|384|0|589|1|0|
30|949|480|0|593|1|0|
30|945|672|0|593|1|0|
30|942|384|0|590|1|0|
30|945|480|0|589|1|0|
30|944|384|0|589|1|0|
30|937|480|0|589|1|0|
30|962|480|0|591|1|0|
30|950|480|0|593|1|0|
30|942|480|0|589|1|0|
30|950|768|0|586|1|0|
30|965|576|0|585|1|0|
30|944|576|0|593|1|0|
30|961|384|0|590|1|0|
30|959|576|0|586|1|0|
30|957|576|0|590|1|0|
30|955|384|0|589|1|0|
30|977|576|0|587|1|0|
30|950|480|0|586|1|0|
30|955|384|0|588|1|0|
30|944|384|0|592|1|0|
30|967|480|0|588|1|0|
30|957|384|0|589|1|0|
30|947|384|0|585|1|0|
30|963|576|0|585|1|0|
30|948|384|0|585|1|0|
30|951|576|0|585|1|0|
30|954|480|0|589|1|0|
30|939|384|0|588|1|0|
30|953|576|0|588|1|0|
30|946|576|0|593|1|0|
30|941|576|0|592|1|0|
30|946|480|0|591|1|0|
30|949|480|0|588|1|0|
30|956|384|0|590|1|0|
30|971|576|0|590|1|0|
30|937|480|0|588|1|0|
30|964|672|0|583|1|0|
30|978|672|0|588|1|0|
30|947|480|0|593|1|0|
30|954|576|0|586|1|0|
30|965|576|0|588|1|0|
30|955|576|0|590|1|0|
30|941|384|0|588|1|0|
30|964|384|0|592|1|0|
30|940|480|0|589|1|0|
30|945|576|0|586|1|0|
30|943|672|0|593|1|0|
30|955|480|0|589|1|0|
30|955|672|0|589|1|0|
30|942|576|0|591|1|0|
30|959|384|0|589|1|0|
30|959|576|0|587|1|0|
30|956|576|0|588|1|0|
30|947|384|0|585|1|0|
30|942|480|0|589|1|0|
30|952|480|0|586|1|0|
30|951|480|0|593|1|0|
30|944|480|0|589|1|0|
30|941|576|0|588|1|0|
30|956|384|0|586|1|0|
30|949|480|0|590|1|0|
30|953|576|0|590|1|0|
30|958|384|0|589|1|0|
30|966|576|0|590|1|0|
30|952|576|0|588|1|0|
30|939|576|0|589|1|0|
30|956|384|0|587|1|0|
30|957|384|0|591|1|0|
30|963|576|0|588|1|0|
30|967|384|0|591|1|0|
30|953|480|0|589|1|0|
30|953|480|0|590|1|0|
30|955|384|0|590|1|0|
30|970|576|0|587|1|0|
30|943|384|0|588|1|0|
30|949|384|0|589|1|0|
30|945|576|0|591|1|0|
30|940|480|0|589|1|0|
30|955|480|0|588|1|0|
30|947|480|0|593|1|0|
30|947|384|0|586|1|0|
30|947|480|0|585|1|0|
30|934|384|0|589|1|0|
30|943|576|0|589|1|0|
30|959|480|0|590|1|0|
30|964|384|0|588|1|0|
30|953|576|0|589|1|0|
30|937|576|0|588|1|0|
30|948|384|0|593|1|0|
30|951|384|0|587|1|0|
30|963|384|0|586|1|0|
30|945|480|0|590|1|0|
30|946|576|0|588|1|0|
30|973|576|0|588|1|0|
30|941|480|0|588|1|0|
30|941|480|0|588|1|0|
30|939|480|0|589|1|0|
30|958|576|0|585|1|0|
30|950|480|0|585|1|0|
30|943|384|0|591|1|0|
30|951|576|0|585|1|0|
30|955|576|0|588|1|0|
30|953|576|0|590|1|0|
30|966|480|0|586|1|0|
30|948|480|0|593|1|0|
30|953|576|0|588|1|0|
30|949|480|0|586|1|0|
30|943|480|0|593|1|0|
30|956|480|0|590|1|0|
30|945|768|0|593|1|0|
30|957|480|0|587|1|0|
30|942|576|0|591|1|0|
30|938|576|0|588|1|0|
30|946|384|0|585|1|0|
30|952|384|0|590|1|0|
30|944|576|0|592|1|0|
30|944|672|0|591|1|0|
30|935|384|0|591|1|0|
30|948|576|0|593|1|0|
30|940|384|0|588|1|0|
30|948|480|0|585|1|0|
30|962|576|0|591|1|0|
30|957|384|0|591|1|0|
30|958|480|0|590|1|0|
30|953|384|0|593|1|0|
30|953|480|0|585|1|0|
30|950|384|0|586|1|0|
30|951|384|0|590|1|0|
30|954|384|0|589|1|0|
30|942|672|0|591|1|0|
30|934|384|0|589|1|0|
30|946|576|0|591|1|0|
30|963|384|0|591|1|0|
30|939|384|0|589|1|0|
30|943|384|0|589|1|0|
30|949|480|0|585|1|0|
30|965|384|0|588|1|0|
30|944|576|0|588|1|0|
30|951|480|0|595|1|0|
30|953|576|0|586|1|0|
30|970|576|0|588|1|0|
30|976|576|0|588|1|0|
30|964|576|0|588|1|0|
30|959|384|0|588|1|0|
30|969|576|0|587|1|0|
30|955|480|0|589|1|0|
30|950|384|0|592|1|0|
30|942|576|0|589|1|0|
30|956|384|0|588|1|0|
30|956|672|0|590|1|0|
30|950|384|0|592|1|0|
30|967|384|0|587|1|0|
30|957|384|0|590|1|0|
30|940|480|0|589|1|0|
30|965|480|0|590|1|0|
30|946|480|0|592|1|0|
30|946|384|0|593|1|0|
30|947|576|0|586|1|0|
30|952|480|0|585|1|0|
30|956|384|0|589|1|0|
30|940|576|0|588|1|0|
30|943|384|0|593|1|0|
30|948|576|0|589|1|0|
30|954|576|0|589|1|0|
30|946|480|0|593|1|0|
30|954|384|0|584|1|0|
30|941|384|0|589|1|0|
30|956|480|0|590|1|0|
30|945|480|0|589|1|0|
30|962|384|0|591|1|0|
30|933|480|0|588|1|0|
30|956|576|0|587|1|0|
30|958|384|0|589|1|0|
30|956|384|0|587|1|0|
30|952|384|0|588|1|0|
30|960|576|0|586|1|0|
30|946|480|0|593|1|0|
30|934|384|0|588|1|0|
30|952|480|0|595|1|0|
30|943|576|0|589|1|0|
30|946|480|0|593|1|0|
30|941|384|0|589|1|0|
30|936|576|0|589|1|0|
30|946|480|0|586|1|0|
30|947|384|0|585|1|0|
30|949|480|0|589|1|0|
30|962|480|0|587|1|0|
30|945|576|0|588|1|0|
30|939|480|0|589|1|0|
30|952|672|0|589|1|0|
30|942|480|0|589|1|0|
30|938|576|0|589|1|0|
30|942|480|0|589|1|0|
30|971|576|0|588|1|0|
30|958|576|0|588|1|0|
30|944|384|0|588|1|0|
30|955|480|0|588|1|0|
30|939|576|0|589|1|0|
30|956|480|0|588|1|0|
30|946|384|0|588|1|0|
30|950|480|0|585|1|0|
