INSTRUCTIONS_RETIRED|CYCLES|UNKNOWN|LD_BLOCKS.STORE_FORWARD|UOPS_EXECUTED.CORE|BR_MISP_RETIRED.ALL_BRANCHES|UOPS_ISSUED.SINGLE_MUL|
30|964|480|0|585|1|0|
30|966|384|0|586|1|0|
30|936|384|0|589|1|0|
30|939|480|0|588|1|0|
30|960|576|0|591|1|0|
30|951|480|0|586|1|0|
30|949|480|0|585|1|0|
30|961|576|0|588|1|0|
30|959|384|0|589|1|0|
30|956|384|0|589|1|0|
30|958|480|0|589|1|0|
30|940|480|0|588|1|0|
30|943|480|0|588|1|0|
30|937|576|0|589|1|0|
30|954|480|0|589|1|0|
30|942|576|0|585|1|0|
30|1108|576|0|1852|1|0|
30|947|480|0|590|1|0|
30|949|576|0|587|1|0|
30|1168|480|0|838|1|0|
30|1143|576|0|838|1|0|
30|1134|576|0|821|1|0|
30|1148|576|0|825|2|0|
30|1151|576|0|828|2|0|
30|1133|480|0|824|2|0|
30|1164|576|0|835|2|0|
30|968|480|0|589|2|0|
30|990|576|0|588|2|0|
30|961|384|0|588|2|0|
30|948|480|0|593|2|0|
30|946|480|0|591|2|0|
30|960|480|0|588|2|0|
30|949|480|0|591|2|0|
30|938|480|0|591|2|0|
30|942|384|0|589|2|0|
30|941|480|0|593|2|0|
30|958|480|0|588|2|0|
30|945|480|0|591|2|0|
30|944|480|0|591|2|0|
30|938|480|0|589|2|0|
30|952|384|0|588|2|0|
30|956|384|0|590|2|0|
30|961|384|0|590|2|0|
30|981|672|0|586|2|0|
30|947|384|0|586|2|0|
30|947|576|0|585|2|0|
30|957|480|0|589|2|0|
30|962|480|0|590|1|0|
30|941|480|0|587|1|0|
30|958|672|0|589|1|0|
30|958|480|0|589|1|0|
30|941|576|0|589|1|0|
30|948|384|0|591|1|0|
30|950|576|0|585|1|0|
30|945|576|0|593|1|0|
30|957|480|0|588|1|0|
30|943|480|0|589|1|0|
30|944|384|0|591|1|0|
30|964|480|0|586|1|0|
30|970|576|0|588|1|0|
30|955|480|0|587|1|0|
30|956|480|0|588|1|0|
30|943|672|0|593|1|0|
30|950|576|0|584|1|0|
30|942|384|0|588|1|0|
30|948|576|0|586|1|0|
30|951|576|0|585|1|0|
30|943|672|0|586|1|0|
30|1401|768|0|1760|1|0|
30|1170|480|0|840|1|0|
30|941|384|0|588|1|0|
30|951|480|0|586|1|0|
30|950|384|0|586|1|0|
30|1148|768|0|837|1|0|
30|1155|672|0|834|1|0|
30|945|384|0|593|1|0|
30|957|480|0|591|1|0|
30|1170|576|0|836|1|0|
30|938|384|0|589|1|0|
30|1005|480|0|586|1|0|
30|1151|576|0|820|1|0|
30|944|384|0|588|1|0|
30|1148|576|0|837|1|0|
30|1170|480|0|819|2|0|
30|945|480|0|588|2|0|
30|1152|576|0|824|2|0|
30|1128|480|0|820|1|0|
30|1231|576|0|2666|1|0|
30|952|576|0|586|1|0|
30|968|576|0|588|1|0|
30|938|480|0|588|1|0|
30|1162|672|0|835|1|0|
30|1134|672|0|823|1|0|
30|1155|576|0|828|2|0|
30|1151|576|0|834|2|0|
30|940|480|0|589|1|0|
30|1154|672|0|817|1|0|
30|1181|576|0|830|2|0|
30|940|480|0|589|1|0|
30|942|480|0|589|1|0|
30|946|480|0|589|1|0|
30|1155|576|0|831|2|0|
30|1134|576|0|824|2|0|
30|1157|576|0|836|2|0|
30|948|576|0|588|1|0|
30|1135|576|0|820|1|0|
30|1170|576|0|837|1|0|
30|1148|576|0|832|1|0|
30|949|576|0|591|1|0|
30|1163|576|0|826|2|0|
30|942|480|0|589|1|0|
30|1159|480|0|823|1|0|
30|940|480|0|588|1|0|
30|1140|576|0|819|1|0|
30|942|672|0|588|1|0|
30|955|384|0|590|1|0|
30|1137|576|0|823|1|0|
30|1148|576|0|822|1|0|
30|940|480|0|593|1|0|
30|955|480|0|589|1|0|
30|1151|576|0|841|1|0|
30|1162|672|0|839|1|0|
30|943|480|0|593|1|0|
30|1153|576|0|823|1|0|
30|1151|768|0|832|2|0|
30|1155|576|0|833|2|0|
30|936|480|0|589|2|0|
30|1139|576|0|818|2|0|
30|1157|576|0|832|2|0|
30|1174|576|0|836|2|0|
30|1165|576|0|828|2|0|
30|1159|768|0|837|2|0|
30|940|576|0|587|2|0|
30|950|384|0|586|2|0|
30|949|480|0|589|1|0|
30|941|480|0|593|1|0|
30|966|384|0|591|1|0|
30|964|480|0|591|1|0|
30|948|480|0|589|1|0|
30|945|384|0|586|1|0|
30|963|480|0|585|1|0|
30|946|480|0|591|1|0|
30|948|480|0|591|1|0|
30|940|480|0|588|1|0|
30|941|576|0|588|1|0|
30|959|576|0|590|1|0|
30|951|480|0|586|1|0|
30|938|480|0|589|1|0|
30|944|384|0|591|1|0|
30|959|480|0|589|1|0|
30|939|480|0|589|1|0|
30|959|576|0|588|1|0|
30|943|480|0|589|1|0|
30|948|480|0|585|1|0|
30|950|384|0|586|1|0|
30|934|480|0|588|1|0|
30|954|384|0|585|1|0|
30|952|480|0|585|1|0|
30|945|384|0|593|1|0|
30|955|480|0|586|1|0|
30|938|576|0|588|1|0|
30|944|480|0|593|1|0|
30|945|576|0|587|1|0|
30|948|576|0|592|1|0|
30|964|480|0|586|1|0|
30|946|576|0|593|1|0|
30|962|672|0|591|1|0|
30|946|672|0|593|1|0|
30|955|480|0|588|1|0|
30|955|384|0|586|1|0|
30|966|384|0|591|1|0|
30|960|480|0|588|1|0|
30|942|480|0|591|1|0|
30|963|480|0|590|1|0|
30|943|576|0|591|1|0|
30|941|576|0|591|1|0|
30|951|480|0|589|1|0|
30|947|480|0|592|1|0|
30|940|480|0|589|1|0|
30|958|480|0|590|1|0|
30|942|480|0|589|1|0|
30|960|576|0|589|1|0|
30|950|480|0|592|1|0|
30|954|480|0|589|1|0|
30|948|480|0|591|1|0|
30|938|480|0|588|1|0|
30|965|480|0|586|1|0|
30|959|576|0|587|1|0|
30|942|576|0|589|1|0|
30|957|480|0|589|1|0|
30|979|576|0|588|1|0|
30|957|480|0|589|1|0|
30|967|384|0|588|1|0|
30|954|480|0|589|1|0|
30|968|480|0|586|1|0|
30|943|480|0|589|1|0|
30|944|672|0|592|1|0|
30|943|480|0|588|1|0|
30|956|480|0|588|1|0|
30|956|384|0|590|1|0|
30|937|384|0|589|1|0|
30|960|384|0|589|1|0|
30|939|384|0|589|1|0|
30|938|576|0|588|1|0|
30|937|480|0|588|1|0|
30|939|384|0|589|1|0|
30|949|480|0|591|1|0|
30|954|384|0|588|1|0|
30|939|384|0|589|1|0|
30|949|672|0|593|1|0|
30|956|384|0|586|1|0|
30|948|480|0|591|1|0|
30|951|480|0|589|1|0|
30|941|480|0|589|1|0|
30|945|384|0|591|1|0|
30|954|480|0|588|1|0|
30|963|480|0|591|1|0|
30|949|576|0|591|1|0|
30|949|480|0|586|1|0|
30|946|480|0|589|1|0|
30|945|480|0|593|1|0|
30|965|576|0|586|1|0|
30|943|480|0|593|1|0|
30|977|480|0|586|2|0|
30|957|480|0|590|2|0|
30|943|480|0|589|1|0|
30|940|384|0|589|1|0|
30|946|480|0|593|1|0|
30|942|672|0|589|1|0|
30|956|480|0|585|1|0|
30|948|384|0|593|1|0|
30|959|480|0|590|1|0|
30|946|576|0|591|1|0|
30|963|576|0|591|1|0|
30|957|480|0|590|1|0|
30|958|384|0|588|1|0|
30|941|576|0|589|1|0|
30|944|384|0|588|1|0|
30|952|384|0|591|1|0|
30|941|672|0|589|1|0|
30|973|480|0|590|1|0|
30|943|576|0|593|1|0|
30|941|576|0|587|1|0|
30|939|480|0|589|1|0|
30|942|384|0|588|1|0|
30|943|672|0|593|1|0|
30|950|480|0|586|1|0|
30|962|480|0|588|1|0|
30|952|384|0|586|1|0|
30|968|672|0|593|1|0|
30|939|384|0|589|1|0|
30|969|672|0|586|1|0|
30|943|384|0|591|1|0|
30|954|480|0|585|1|0|
30|964|576|0|586|1|0|
30|948|384|0|585|1|0|
30|954|480|0|588|1|0|
30|958|480|0|589|1|0|
30|944|480|0|587|1|0|
30|955|384|0|587|1|0|
30|949|480|0|587|1|0|
30|959|576|0|589|1|0|
30|956|384|0|586|1|0|
30|942|480|0|589|1|0|
30|958|480|0|590|1|0|
30|942|480|0|588|1|0|
30|949|384|0|592|1|0|
30|976|576|0|586|1|0|
30|950|576|0|588|1|0|
30|963|480|0|587|1|0|
30|942|480|0|587|1|0|
30|954|480|0|586|1|0|
30|946|480|0|593|1|0|
30|950|672|0|586|1|0|
30|951|576|0|585|1|0|
30|947|384|0|589|1|0|
30|955|384|0|590|1|0|
30|966|480|0|584|1|0|
30|952|480|0|586|1|0|
30|949|384|0|586|1|0|
30|945|480|0|593|1|0|
30|962|480|0|591|1|0|
30|954|480|0|586|1|0|
30|953|480|0|586|1|0|
30|945|480|0|589|1|0|
30|952|480|0|585|1|0|
30|942|576|0|589|1|0|
30|943|480|0|588|1|0|
30|942|384|0|587|1|0|
30|956|480|0|588|1|0|
30|945|480|0|590|1|0|
30|946|384|0|586|1|0|
30|943|480|0|588|1|0|
30|957|480|0|588|1|0|
30|958|480|0|591|1|0|
30|938|384|0|589|1|0|
30|941|384|0|593|1|0|
30|950|384|0|595|1|0|
30|952|480|0|587|1|0|
30|958|480|0|589|1|0|
30|951|480|0|585|1|0|
30|954|480|0|589|1|0|
30|968|480|0|588|1|0|
30|1146|576|0|830|2|0|
30|1160|480|0|839|1|0|
30|944|384|0|590|1|0|
30|936|480|0|589|1|0|
30|1147|672|0|820|1|0|
30|962|384|0|587|1|0|
30|1144|672|0|837|1|0|
30|1135|576|0|825|1|0|
30|940|480|0|589|1|0|
30|939|480|0|588|1|0|
30|1140|576|0|823|1|0|
30|1137|576|0|822|1|0|
30|1133|576|0|824|1|0|
30|1159|576|0|818|1|0|
30|1131|576|0|821|1|0|
30|1156|576|0|845|1|0|
30|1167|672|0|832|1|0|
30|968|480|0|585|1|0|
30|1139|576|0|818|1|0|
30|953|576|0|589|1|0|
30|1145|576|0|826|2|0|
30|946|576|0|585|2|0|
30|1137|576|0|822|2|0|
30|1150|480|0|822|2|0|
30|954|480|0|589|2|0|
30|1144|480|0|819|2|0|
30|1150|576|0|831|2|0|
30|1135|480|0|825|2|0|
30|1157|576|0|840|2|0|
30|1150|672|0|821|2|0|
30|938|480|0|590|2|0|
30|1167|672|0|825|2|0|
30|1151|480|0|821|2|0|
30|953|576|0|585|2|0|
30|1154|576|0|822|2|0|
30|1156|480|0|835|2|0|
30|945|480|0|591|2|0|
30|1156|576|0|827|2|0|
30|1169|576|0|831|2|0|
30|1153|576|0|835|2|0|
30|957|672|0|588|2|0|
30|948|384|0|591|2|0|
30|1157|480|0|827|2|0|
30|969|480|0|586|2|0|
30|1142|672|0|818|2|0|
30|1139|576|0|824|2|0|
30|1155|576|0|834|2|0|
30|949|384|0|586|2|0|
30|1146|576|0|837|2|0|
30|1159|480|0|839|1|0|
30|1162|576|0|834|2|0|
30|1170|576|0|826|2|0|
30|1154|672|0|818|1|0|
30|1162|672|0|831|1|0|
30|1168|576|0|834|1|0|
30|1147|576|0|834|1|0|
30|945|480|0|589|1|0|
30|954|384|0|590|1|0|
30|1141|576|0|825|1|0|
30|938|384|0|588|1|0|
30|953|480|0|589|1|0|
30|951|480|0|586|1|0|
30|941|384|0|589|1|0|
30|961|480|0|591|1|0|
30|948|480|0|593|1|0|
30|950|480|0|589|1|0|
30|957|480|0|589|1|0|
30|952|384|0|586|1|0|
30|953|480|0|589|1|0|
30|955|480|0|589|1|0|
30|947|480|0|591|1|0|
30|955|480|0|587|1|0|
30|950|576|0|586|1|0|
30|947|384|0|591|1|0|
30|948|576|0|588|1|0|
30|965|480|0|588|1|0|
30|957|384|0|589|1|0|
30|953|480|0|588|1|0|
30|958|480|0|589|1|0|
30|952|480|0|586|1|0|
30|943|480|0|589|1|0|
30|952|480|0|590|1|0|
30|945|576|0|589|1|0|
30|934|576|0|589|1|0|
30|952|480|0|590|1|0|
30|946|384|0|592|1|0|
30|963|384|0|591|1|0|
30|946|384|0|593|1|0|
30|956|480|0|588|1|0|
30|959|576|0|589|1|0|
30|965|480|0|588|1|0|
30|942|480|0|589|1|0|
30|939|480|0|593|1|0|
30|966|384|0|586|1|0|
30|947|480|0|591|1|0|
30|949|480|0|590|1|0|
30|953|480|0|586|1|0|
30|950|384|0|586|1|0|
30|940|576|0|589|1|0|
30|941|480|0|589|1|0|
30|943|480|0|590|1|0|
30|947|480|0|592|1|0|
30|940|480|0|588|1|0|
30|945|480|0|588|1|0|
30|941|576|0|588|1|0|
30|949|480|0|593|1|0|
30|945|480|0|589|1|0|
30|939|480|0|589|1|0|
30|963|384|0|591|1|0|
30|955|480|0|587|1|0|
30|960|480|0|591|1|0|
30|944|480|0|588|1|0|
30|963|480|0|586|1|0|
30|939|480|0|589|1|0|
30|952|576|0|588|1|0|
30|977|576|0|587|1|0|
30|945|480|0|588|1|0|
30|966|480|0|588|1|0|
30|951|576|0|586|1|0|
30|947|384|0|586|1|0|
30|952|384|0|588|1|0|
30|939|480|0|588|1|0|
30|967|480|0|587|1|0|
30|939|480|0|582|1|0|
30|953|576|0|585|1|0|
30|950|480|0|588|1|0|
30|966|384|0|589|1|0|
30|950|672|0|589|1|0|
30|1134|672|0|820|1|0|
30|1154|576|0|818|1|0|
30|940|480|0|588|1|0|
30|947|672|0|591|1|0|
30|1151|480|0|837|1|0|
30|1157|576|0|821|1|0|
30|1157|576|0|825|2|0|
30|1163|576|0|824|2|0|
30|949|576|0|586|2|0|
30|955|480|0|591|2|0|
30|1164|672|0|825|2|0|
30|952|384|0|586|1|0|
30|943|576|0|591|1|0|
30|1145|576|0|818|1|0|
30|959|672|0|586|1|0|
30|951|480|0|586|1|0|
30|1178|576|0|824|2|0|
30|1150|480|0|822|1|0|
30|1161|576|0|831|1|0|
30|1146|480|0|819|1|0|
30|1155|576|0|822|1|0|
30|953|384|0|587|1|0|
30|1142|576|0|821|1|0|
30|1145|576|0|819|1|0|
30|1156|768|0|835|1|0|
30|946|576|0|589|1|0|
30|1171|672|0|839|1|0|
30|1156|672|0|825|2|0|
30|1139|576|0|825|2|0|
30|939|480|0|589|2|0|
30|967|384|0|591|1|0|
30|1158|480|0|825|2|0|
30|1124|576|0|821|2|0|
30|1163|672|0|839|2|0|
30|1139|480|0|824|1|0|
30|1139|576|0|826|1|0|
30|951|384|0|585|1|0|
30|1145|576|0|821|1|0|
30|961|384|0|587|1|0|
30|1161|480|0|825|2|0|
30|1143|576|0|820|1|0|
30|943|480|0|588|1|0|
30|1154|576|0|841|1|0|
30|1162|576|0|829|2|0|
30|958|672|0|587|1|0|
30|1156|576|0|835|1|0|
30|943|480|0|591|1|0|
30|1158|576|0|843|1|0|
30|1135|480|0|826|1|0|
30|1140|480|0|826|1|0|
30|955|480|0|586|1|0|
30|1168|768|0|836|1|0|
30|1159|576|0|827|2|0|
30|1135|480|0|822|2|0|
30|1148|480|0|831|2|0|
30|1151|576|0|839|2|0|
30|1153|576|0|828|2|0|
30|953|384|0|590|2|0|
30|1150|576|0|826|2|0|
30|1158|480|0|834|2|0|
30|938|480|0|586|2|0|
30|1153|480|0|839|2|0|
30|1159|576|0|819|2|0|
30|959|576|0|588|2|0|
30|1150|768|0|831|2|0|
30|1154|768|0|825|2|0|
30|948|480|0|589|1|0|
30|946|480|0|593|1|0|
30|956|576|0|588|1|0|
30|945|480|0|589|1|0|
30|947|480|0|591|1|0|
30|944|480|0|589|1|0|
30|956|480|0|589|1|0|
30|956|480|0|588|1|0|
30|948|576|0|590|1|0|
30|946|480|0|590|1|0|
30|944|480|0|588|1|0|
30|940|480|0|589|1|0|
30|982|576|0|587|1|0|
30|938|480|0|589|1|0|
30|949|480|0|590|1|0|
30|941|480|0|589|1|0|
30|958|384|0|591|1|0|
30|959|480|0|590|1|0|
30|959|480|0|586|1|0|
30|942|480|0|588|1|0|
30|960|480|0|585|1|0|
30|953|576|0|586|1|0|
30|958|480|0|588|1|0|
30|951|480|0|586|1|0|
30|948|480|0|587|1|0|
30|941|384|0|589|1|0|
30|951|576|0|586|1|0|
30|969|576|0|588|1|0|
30|951|384|0|588|1|0|
30|947|384|0|589|1|0|
30|958|576|0|590|1|0|
30|944|576|0|591|1|0|
30|952|480|0|585|1|0|
30|945|576|0|591|1|0|
30|960|480|0|591|1|0|
30|945|480|0|592|1|0|
30|942|480|0|588|1|0|
30|960|480|0|588|1|0|
30|956|480|0|588|1|0|
30|946|384|0|593|1|0|
30|947|480|0|593|1|0|
30|953|480|0|588|1|0|
30|1344|672|0|589|1|0|
30|957|384|0|588|1|0|
30|941|480|0|589|1|0|
30|968|480|0|587|1|0|
30|939|384|0|589|1|0|
30|951|576|0|586|1|0|
30|947|480|0|586|1|0|
30|936|480|0|589|1|0|
30|938|480|0|591|1|0|
30|960|576|0|589|1|0|
30|940|480|0|589|1|0|
30|959|480|0|591|1|0|
30|941|480|0|589|1|0|
30|965|480|0|591|1|0|
30|1152|576|0|828|2|0|
30|1182|576|0|830|2|0|
30|1136|480|0|819|2|0|
30|1143|480|0|819|2|0|
30|960|672|0|591|2|0|
30|1152|576|0|839|2|0|
30|1169|576|0|830|2|0|
30|1150|576|0|837|2|0|
30|1145|576|0|827|2|0|
30|942|384|0|589|2|0|
30|1142|576|0|817|2|0|
30|1168|576|0|823|2|0|
30|1164|576|0|824|1|0|
30|1175|768|0|827|2|0|
30|1156|576|0|828|2|0|
30|1155|768|0|836|2|0|
30|1142|672|0|817|2|0|
30|948|576|0|592|2|0|
30|1142|576|0|818|2|0|
30|948|480|0|592|2|0|
30|1167|672|0|825|2|0|
30|1158|576|0|835|2|0|
30|943|384|0|588|2|0|
30|1164|768|0|832|2|0|
30|939|384|0|589|2|0|
30|1162|672|0|840|2|0|
30|1161|576|0|821|2|0|
30|1158|672|0|830|1|0|
30|1145|576|0|836|1|0|
30|1143|576|0|822|1|0|
30|1135|576|0|821|1|0|
30|1169|480|0|824|2|0|
30|959|576|0|585|1|0|
30|1150|576|0|836|1|0|
30|1147|576|0|820|1|0|
30|967|480|0|590|1|0|
30|967|576|0|588|1|0|
30|955|384|0|591|1|0|
30|958|480|0|591|1|0|
30|956|480|0|585|1|0|
30|966|480|0|585|1|0|
30|946|480|0|593|1|0|
30|938|480|0|588|1|0|
30|946|384|0|591|1|0|
30|950|480|0|588|1|0|
30|948|480|0|592|1|0|
30|963|480|0|591|1|0|
30|949|384|0|593|1|0|
30|942|384|0|588|1|0|
30|945|576|0|593|1|0|
30|950|576|0|591|1|0|
30|939|480|0|589|1|0|
30|954|384|0|590|1|0|
30|954|480|0|589|1|0|
30|939|384|0|588|1|0|
30|955|384|0|591|1|0|
30|965|384|0|585|1|0|
30|963|384|0|590|1|0|
30|944|480|0|589|1|0|
30|962|480|0|591|1|0|
30|946|480|0|586|1|0|
30|950|480|0|591|1|0|
30|956|384|0|590|1|0|
30|943|480|0|589|1|0|
30|968|480|0|584|1|0|
30|950|480|0|593|1|0|
30|952|480|0|585|1|0|
30|943|384|0|593|1|0|
30|947|576|0|593|1|0|
30|939|480|0|589|1|0|
30|945|480|0|591|1|0|
30|959|384|0|590|1|0|
30|949|384|0|591|1|0|
30|955|480|0|589|1|0|
30|957|480|0|590|1|0|
30|941|480|0|589|1|0|
30|967|384|0|588|1|0|
30|948|384|0|585|1|0|
30|958|576|0|589|1|0|
30|951|480|0|586|1|0|
30|948|384|0|588|1|0|
30|952|576|0|589|1|0|
30|949|480|0|585|1|0|
30|958|576|0|589|1|0|
30|949|384|0|586|1|0|
30|964|480|0|586|1|0|
30|964|480|0|588|1|0|
30|958|480|0|591|1|0|
30|943|384|0|589|1|0|
30|944|576|0|589|1|0|
30|957|480|0|587|1|0|
30|951|480|0|587|1|0|
30|953|480|0|585|1|0|
30|942|384|0|589|1|0|
30|939|480|0|588|1|0|
30|941|384|0|588|1|0|
30|958|672|0|587|1|0|
30|952|384|0|585|1|0|
30|951|480|0|589|1|0|
30|935|480|0|589|1|0|
30|939|576|0|589|1|0|
30|978|576|0|586|1|0|
30|936|480|0|589|1|0|
30|959|480|0|588|1|0|
30|948|480|0|590|1|0|
30|963|480|0|586|1|0|
30|938|672|0|588|1|0|
30|974|576|0|588|1|0|
30|953|480|0|586|1|0|
30|944|480|0|593|1|0|
30|951|480|0|586|1|0|
30|951|480|0|589|1|0|
30|951|384|0|586|1|0|
30|973|576|0|588|1|0|
30|965|480|0|588|1|0|
30|947|480|0|586|1|0|
30|945|480|0|590|1|0|
30|959|480|0|588|1|0|
30|960|384|0|588|1|0|
30|940|480|0|588|1|0|
30|939|384|0|590|1|0|
30|964|576|0|586|1|0|
30|951|480|0|586|1|0|
30|957|480|0|589|1|0|
30|955|480|0|587|1|0|
30|951|480|0|586|1|0|
30|951|384|0|589|1|0|
30|958|480|0|589|1|0|
30|933|480|0|589|1|0|
30|950|480|0|586|1|0|
30|946|480|0|591|1|0|
30|940|576|0|589|1|0|
30|972|480|0|586|1|0|
30|953|576|0|588|1|0|
30|940|480|0|586|1|0|
30|942|384|0|589|1|0|
30|954|576|0|590|1|0|
30|945|480|0|589|1|0|
30|941|576|0|589|1|0|
30|957|480|0|589|1|0|
30|950|480|0|591|1|0|
30|954|480|0|591|1|0|
30|934|480|0|589|1|0|
30|943|384|0|589|1|0|
30|943|576|0|593|1|0|
30|948|480|0|591|1|0|
30|935|576|0|589|1|0|
30|959|480|0|590|1|0|
30|956|480|0|591|1|0|
30|938|480|0|589|1|0|
30|947|480|0|590|1|0|
30|960|480|0|589|1|0|
30|973|384|0|591|2|0|
30|964|384|0|591|1|0|
30|944|480|0|588|1|0|
30|949|480|0|592|1|0|
30|943|480|0|588|1|0|
30|941|384|0|589|1|0|
30|953|480|0|591|1|0|
30|957|576|0|588|1|0|
30|947|576|0|593|1|0|
30|946|480|0|591|1|0|
30|939|384|0|589|1|0|
30|943|480|0|589|1|0|
30|958|384|0|586|1|0|
30|944|384|0|589|1|0|
30|944|480|0|589|1|0|
30|957|480|0|588|1|0|
30|947|480|0|591|1|0|
30|958|480|0|590|1|0|
30|942|576|0|588|1|0|
30|943|576|0|593|1|0|
30|942|480|0|587|1|0|
30|956|384|0|588|1|0|
30|956|576|0|590|1|0|
30|951|576|0|586|1|0|
30|936|480|0|589|1|0|
30|943|384|0|593|1|0|
30|948|384|0|589|1|0|
30|960|480|0|588|1|0|
30|945|480|0|588|1|0|
30|957|480|0|591|1|0|
30|946|480|0|593|1|0|
30|947|384|0|589|1|0|
30|958|480|0|589|1|0|
30|941|480|0|588|1|0|
30|951|576|0|588|1|0|
30|952|480|0|586|1|0|
30|948|480|0|593|1|0|
30|941|576|0|591|1|0|
30|950|576|0|590|1|0|
30|963|480|0|591|1|0|
30|940|480|0|589|1|0|
30|959|480|0|589|1|0|
30|939|480|0|589|1|0|
30|952|384|0|590|1|0|
30|963|480|0|586|1|0|
30|945|480|0|590|1|0|
30|970|384|0|591|1|0|
30|943|384|0|590|1|0|
30|948|480|0|592|1|0|
30|937|480|0|589|1|0|
30|955|480|0|588|1|0|
30|944|480|0|590|1|0|
30|941|480|0|591|1|0|
30|942|480|0|589|1|0|
30|951|480|0|591|1|0|
30|940|480|0|589|1|0|
30|947|480|0|591|1|0|
30|945|384|0|592|1|0|
30|945|384|0|593|1|0|
30|944|384|0|586|1|0|
30|950|384|0|585|1|0|
30|951|384|0|591|1|0|
30|951|384|0|586|1|0|
30|949|480|0|590|1|0|
30|957|384|0|589|1|0|
30|956|384|0|589|1|0|
30|950|480|0|590|1|0|
30|948|480|0|591|1|0|
30|969|480|0|588|1|0|
30|962|480|0|590|1|0|
30|950|480|0|586|1|0|
30|955|480|0|591|1|0|
30|959|480|0|591|1|0|
30|951|384|0|586|1|0|
30|941|480|0|592|1|0|
30|961|384|0|587|1|0|
30|945|480|0|589|1|0|
30|961|480|0|586|1|0|
30|983|576|0|612|1|0|
30|962|384|0|588|1|0|
30|947|384|0|588|1|0|
30|969|576|0|591|1|0|
30|953|480|0|591|1|0|
30|955|384|0|590|1|0|
30|948|384|0|585|1|0|
30|942|480|0|589|1|0|
30|953|480|0|589|1|0|
30|958|480|0|588|1|0|
30|946|480|0|589|1|0|
30|959|384|0|590|1|0|
30|957|384|0|590|1|0|
30|957|384|0|590|1|0|
30|954|384|0|589|1|0|
30|942|480|0|591|1|0|
30|945|384|0|590|1|0|
30|954|480|0|586|1|0|
30|938|480|0|588|1|0|
30|941|480|0|589|1|0|
30|942|480|0|589|1|0|
30|951|576|0|586|1|0|
30|954|480|0|587|1|0|
30|952|480|0|588|1|0|
30|955|480|0|586|1|0|
30|940|576|0|589|1|0|
30|959|384|0|591|1|0|
30|947|480|0|591|1|0|
30|958|480|0|586|1|0|
30|971|480|0|591|1|0|
30|948|480|0|592|1|0|
30|3656|1920|0|1062|2|0|
30|967|480|0|585|1|0|
30|940|384|0|591|1|0|
30|940|480|0|587|1|0|
30|954|480|0|588|1|0|
30|938|480|0|589|1|0|
30|947|576|0|589|1|0|
30|939|384|0|589|1|0|
30|957|480|0|591|1|0|
30|965|480|0|585|1|0|
30|958|480|0|589|1|0|
30|942|384|0|589|1|0|
30|941|480|0|591|1|0|
30|945|384|0|589|1|0|
30|941|384|0|588|1|0|
30|939|576|0|589|1|0|
30|956|480|0|588|1|0|
30|956|480|0|588|1|0|
30|954|480|0|588|1|0|
30|947|480|0|588|1|0|
30|969|576|0|585|1|0|
30|951|480|0|590|1|0|
30|966|480|0|591|2|0|
30|950|480|0|589|2|0|
30|956|384|0|589|2|0|
30|959|480|0|588|2|0|
30|939|384|0|589|2|0|
30|952|672|0|586|2|0|
30|945|576|0|593|2|0|
30|939|480|0|588|2|0|
30|940|480|0|589|2|0|
30|941|480|0|589|2|0|
30|945|480|0|593|2|0|
30|949|480|0|586|2|0|
30|939|480|0|589|2|0|
30|961|384|0|585|2|0|
30|1299|864|0|681|1|0|
30|955|480|0|589|1|0|
30|943|672|0|588|1|0|
30|996|576|0|587|1|0|
30|960|480|0|591|1|0|
30|963|480|0|589|1|0|
30|953|480|0|584|1|0|
30|943|480|0|589|1|0|
30|965|480|0|586|1|0|
30|952|480|0|586|1|0|
30|956|480|0|590|1|0|
30|939|480|0|589|1|0|
30|960|384|0|586|1|0|
30|950|480|0|586|1|0|
30|956|480|0|590|1|0|
30|940|480|0|588|1|0|
30|947|384|0|593|1|0|
30|945|576|0|593|1|0|
30|970|480|0|586|1|0|
30|968|480|0|586|1|0|
30|949|480|0|585|1|0|
30|940|480|0|590|1|0|
30|949|384|0|585|1|0|
30|955|576|0|588|1|0|
30|957|384|0|589|1|0|
30|939|480|0|589|1|0|
30|956|480|0|591|1|0|
30|966|480|0|588|1|0|
30|951|480|0|586|1|0|
30|965|576|0|588|1|0|
30|941|480|0|591|1|0|
30|952|576|0|590|1|0|
30|952|480|0|588|1|0|
30|957|384|0|591|1|0|
30|959|480|0|590|1|0|
30|947|480|0|591|1|0|
30|935|480|0|589|1|0|
30|969|480|0|588|1|0|
30|942|480|0|589|1|0|
30|944|480|0|589|1|0|
30|964|480|0|588|1|0|
30|955|480|0|588|1|0|
30|951|384|0|586|1|0|
30|955|480|0|590|1|0|
30|945|480|0|593|1|0|
30|957|384|0|589|1|0|
30|957|480|0|591|1|0|
30|950|480|0|585|1|0|
30|944|384|0|588|1|0|
30|942|480|0|591|1|0|
30|946|480|0|586|1|0|
30|948|480|0|582|1|0|
30|951|480|0|586|1|0|
30|956|576|0|588|1|0|
30|938|480|0|591|1|0|
30|948|480|0|586|1|0|
30|942|480|0|589|1|0|
30|945|576|0|589|1|0|
30|960|384|0|590|1|0|
30|938|480|0|589|1|0|
30|967|576|0|586|1|0|
30|964|672|0|588|1|0|
30|943|480|0|588|1|0|
30|975|480|0|590|1|0|
30|945|576|0|589|1|0|
30|938|384|0|589|1|0|
30|947|480|0|589|1|0|
30|954|480|0|586|1|0|
30|951|384|0|593|1|0|
30|947|384|0|593|1|0|
30|946|480|0|593|1|0|
30|959|576|0|588|1|0|
30|955|480|0|585|1|0|
30|959|576|0|590|1|0|
30|943|384|0|588|1|0|
30|956|576|0|586|1|0|
30|940|480|0|589|1|0|
30|956|480|0|591|1|0|
30|942|480|0|585|1|0|
30|954|576|0|588|1|0|
30|945|384|0|591|1|0|
30|962|480|0|591|1|0|
30|955|384|0|587|1|0|
30|980|576|0|585|1|0|
30|942|480|0|588|1|0|
30|941|480|0|589|1|0|
30|959|480|0|589|1|0|
30|945|480|0|591|1|0|
30|940|384|0|589|1|0|
30|941|384|0|589|1|0|
30|945|384|0|590|1|0|
30|954|480|0|595|1|0|
30|943|480|0|589|1|0|
30|950|480|0|593|1|0|
30|957|384|0|595|1|0|
30|953|480|0|587|1|0|
30|947|480|0|592|1|0|
30|962|384|0|590|1|0|
30|945|480|0|590|1|0|
30|955|480|0|589|1|0|
30|957|576|0|589|1|0|
30|958|576|0|587|1|0|
30|952|480|0|586|1|0|
30|942|384|0|589|1|0|
30|971|480|0|587|1|0|
30|959|480|0|586|1|0|
30|944|480|0|593|1|0|
30|953|480|0|586|1|0|
30|943|480|0|593|1|0|
30|955|480|0|589|1|0|
30|951|480|0|589|1|0|
30|945|480|0|589|1|0|
30|951|480|0|592|1|0|
30|938|480|0|589|1|0|
30|946|480|0|593|1|0|
30|955|480|0|588|1|0|
30|949|384|0|585|1|0|
30|939|480|0|589|1|0|
30|941|384|0|589|1|0|
30|948|576|0|591|1|0|
30|939|480|0|589|1|0|
30|942|480|0|587|1|0|
30|935|480|0|589|1|0|
30|938|480|0|589|1|0|
30|940|480|0|588|1|0|
30|944|480|0|593|1|0|
30|946|480|0|590|1|0|
30|954|384|0|595|1|0|
30|3626|1824|0|1059|1|0|
30|953|480|0|586|1|0|
30|952|576|0|586|1|0|
30|946|480|0|593|1|0|
30|940|480|0|589|1|0|
30|948|480|0|591|1|0|
30|939|480|0|589|1|0|
30|950|384|0|589|1|0|
30|950|384|0|592|1|0|
30|937|384|0|589|1|0|
30|957|384|0|591|1|0|
30|966|480|0|586|1|0|
30|940|384|0|588|1|0|
30|947|384|0|588|1|0|
30|947|480|0|591|1|0|
30|958|480|0|589|1|0|
30|950|480|0|586|1|0|
30|959|480|0|584|1|0|
30|947|384|0|592|1|0|
30|951|384|0|586|1|0|
30|943|384|0|589|1|0|
30|947|480|0|593|1|0|
