INSTRUCTIONS_RETIRED|CYCLES|UNKNOWN|LD_BLOCKS.STORE_FORWARD|UOPS_EXECUTED.THREAD|BR_MISP_RETIRED.ALL_BRANCHES|UOPS_RETIRED.ANY|
14|393|192|0|80|1|97|
14|413|192|0|82|1|98|
14|416|192|0|82|1|98|
14|414|192|0|82|1|98|
14|410|192|0|82|1|98|
14|408|288|0|82|1|98|
14|409|192|0|82|1|98|
14|416|192|0|82|1|98|
14|401|192|0|82|1|98|
14|403|192|0|82|1|98|
14|411|192|0|82|1|98|
14|410|192|0|82|1|98|
14|408|288|0|82|1|98|
14|407|192|0|82|1|98|
14|399|192|0|82|1|98|
14|409|192|0|82|1|98|
14|400|192|0|82|1|98|
14|394|192|0|82|1|98|
14|416|192|0|82|1|98|
14|395|192|0|82|1|98|
14|410|192|0|82|1|98|
14|358|192|0|82|1|98|
14|372|192|0|82|1|98|
14|387|192|0|82|1|98|
14|384|192|0|82|1|98|
14|370|192|0|82|1|98|
14|399|192|0|82|1|98|
14|392|192|0|82|1|98|
14|408|192|0|82|1|98|
14|404|192|0|82|1|98|
14|405|192|0|82|1|98|
14|388|288|0|82|1|98|
14|402|192|0|82|1|98|
14|400|192|0|82|1|98|
14|395|192|0|82|1|98|
14|395|192|0|82|1|98|
14|392|192|0|82|1|98|
14|396|192|0|82|1|98|
14|402|192|0|82|1|98|
14|397|192|0|82|1|98|
14|404|192|0|82|1|98|
14|394|192|0|82|1|98|
14|404|192|0|82|1|98|
14|411|192|0|82|1|98|
14|391|192|0|82|1|98|
14|397|192|0|82|1|98|
14|393|192|0|82|1|98|
14|406|192|0|82|1|98|
14|395|288|0|82|1|98|
14|854|384|0|82|1|98|
14|409|192|0|82|1|98|
14|406|288|0|82|1|98|
14|411|192|0|82|1|98|
14|404|192|0|82|1|98|
14|410|192|0|82|1|98|
14|401|192|0|82|1|98|
14|395|288|0|82|1|98|
14|410|192|0|82|1|98|
14|402|192|0|82|1|98|
14|395|192|0|82|1|98|
14|392|192|0|82|1|98|
14|402|192|0|82|1|98|
14|392|192|0|82|1|98|
14|394|192|0|82|1|98|
14|403|192|0|82|1|98|
14|410|192|0|82|1|98|
14|403|192|0|82|1|98|
14|395|192|0|82|1|98|
14|396|192|0|82|1|98|
14|415|288|0|82|1|98|
14|395|192|0|82|1|98|
14|390|192|0|82|1|98|
14|1584|768|0|82|1|98|
14|411|192|0|82|1|98|
14|408|192|0|84|1|97|
14|411|192|0|82|1|98|
14|401|192|0|82|1|98|
14|392|192|0|82|1|98|
14|401|192|0|82|1|98|
14|393|192|0|82|1|98|
14|412|192|0|82|1|98|
14|392|96|0|82|1|98|
14|396|192|0|82|1|98|
14|660|288|0|82|1|98|
14|403|192|0|82|1|98|
14|394|192|0|82|1|98|
14|387|192|0|80|1|97|
14|406|192|0|82|1|98|
14|410|96|0|82|1|98|
14|399|192|0|82|1|98|
14|394|192|0|82|1|98|
14|390|192|0|82|1|98|
14|385|192|0|82|1|98|
14|365|192|0|82|1|98|
14|1887|960|0|82|1|98|
14|360|192|0|82|1|98|
14|365|192|0|82|1|98|
14|384|192|0|82|1|98|
14|406|192|0|82|1|98|
14|388|192|0|82|1|98|
14|405|192|0|80|1|97|
14|397|192|0|82|1|98|
14|396|192|0|82|1|98|
14|396|192|0|81|1|94|
14|398|192|0|82|1|98|
14|415|192|0|82|1|98|
14|412|192|0|82|1|98|
14|402|192|0|82|1|98|
14|498|288|0|80|1|97|
14|406|192|0|82|1|98|
14|396|192|0|82|1|98|
14|390|192|0|82|1|98|
14|404|192|0|82|1|98|
14|391|192|0|82|1|98|
14|412|192|0|82|1|98|
14|403|192|0|82|1|98|
14|396|192|0|82|1|98|
14|392|192|0|82|1|98|
14|420|288|0|82|1|98|
14|416|192|0|82|1|98|
14|412|192|0|82|1|98|
14|379|192|0|82|1|98|
14|389|192|0|82|1|98|
14|415|192|0|82|1|98|
14|413|192|0|82|1|98|
14|412|192|0|80|1|97|
14|402|192|0|82|1|98|
14|406|192|0|82|1|98|
14|397|192|0|82|1|98|
14|383|288|0|80|1|97|
14|398|192|0|82|1|98|
14|396|192|0|82|1|98|
14|392|288|0|82|1|98|
14|394|192|0|82|1|98|
14|413|192|0|80|1|97|
14|404|192|0|82|1|98|
14|389|192|0|82|1|98|
14|410|192|0|82|1|98|
14|411|288|0|82|1|98|
14|412|288|0|82|1|98|
14|412|192|0|82|1|98|
14|395|192|0|82|1|98|
14|409|288|0|82|1|98|
14|417|192|0|82|1|98|
14|394|192|0|80|1|97|
14|401|192|0|82|1|98|
14|405|192|0|82|1|98|
14|835|480|0|82|1|98|
14|405|288|0|82|1|98|
14|391|288|0|82|1|98|
14|399|192|0|82|1|98|
14|400|192|0|82|1|98|
14|404|192|0|82|1|98|
14|403|192|0|82|1|98|
14|396|192|0|82|1|98|
14|402|192|0|82|1|98|
14|390|192|0|82|1|98|
14|397|192|0|82|1|98|
14|390|192|0|80|1|97|
14|389|192|0|82|1|98|
14|402|192|0|82|1|98|
14|392|192|0|82|1|98|
14|399|192|0|82|1|98|
14|393|192|0|82|1|98|
14|404|192|0|82|1|98|
14|647|288|0|82|1|98|
14|405|192|0|82|1|98|
14|393|192|0|82|1|98|
14|412|192|0|82|1|98|
14|413|192|0|82|1|98|
14|393|192|0|82|1|98|
14|401|192|0|82|1|98|
14|397|192|0|82|1|98|
14|408|192|0|82|1|98|
14|410|192|0|82|1|98|
14|398|192|0|82|1|98|
14|413|288|0|82|1|98|
14|406|192|0|82|1|98|
14|413|192|0|82|1|98|
14|414|192|0|82|1|98|
14|416|192|0|82|1|98|
14|415|192|0|82|1|98|
14|408|192|0|82|1|98|
14|414|192|0|82|1|98|
14|416|192|0|82|1|98|
14|625|384|0|330|1|309|
14|415|192|0|80|1|97|
14|412|288|0|82|1|98|
14|408|192|0|82|1|98|
14|394|192|0|82|1|98|
14|415|192|0|315|1|307|
14|407|192|0|82|1|98|
14|391|192|0|82|1|98|
14|388|192|0|82|1|98|
14|404|192|0|82|1|98|
14|392|192|0|82|1|98|
14|403|288|0|82|1|98|
14|408|192|0|82|1|98|
14|395|192|0|82|1|98|
14|410|192|0|82|1|98|
14|609|288|0|331|1|310|
14|412|192|0|82|1|98|
14|401|192|0|82|1|98|
14|414|192|0|315|1|307|
14|399|192|0|82|1|98|
14|405|192|0|82|1|98|
14|397|192|0|82|1|98|
14|403|288|0|314|1|307|
14|391|192|0|82|1|98|
14|398|192|0|82|1|98|
14|1309|672|0|82|1|98|
14|612|288|0|332|1|310|
14|417|288|0|82|1|98|
14|397|192|0|82|1|98|
14|625|288|0|333|1|310|
14|623|288|0|330|1|310|
14|415|192|0|82|1|98|
14|400|192|0|82|1|98|
14|403|192|0|82|1|98|
14|612|288|0|330|1|310|
14|409|192|0|82|1|98|
14|359|192|0|82|1|98|
14|384|192|0|82|1|98|
14|411|288|0|82|1|98|
14|624|288|0|332|1|310|
14|397|192|0|82|1|98|
14|407|192|0|82|1|98|
14|397|192|0|82|1|98|
14|619|288|0|330|1|310|
14|397|192|0|82|1|98|
14|416|288|0|82|1|98|
14|394|192|0|82|1|98|
14|405|192|0|82|1|98|
14|623|384|0|334|1|310|
14|414|288|0|82|1|98|
14|396|192|0|82|1|98|
14|416|192|0|82|1|98|
14|411|288|0|82|1|98|
14|399|192|0|82|1|98|
14|416|192|0|82|1|98|
14|614|288|0|335|1|310|
14|623|288|0|331|1|310|
14|1696|864|0|316|1|307|
14|402|192|0|315|1|307|
14|398|288|0|82|1|98|
14|409|192|0|82|1|98|
14|413|192|0|82|1|98|
14|612|288|0|330|1|310|
14|411|192|0|315|1|307|
14|400|192|0|82|1|98|
14|401|288|0|82|1|98|
14|409|288|0|82|1|98|
14|401|192|0|82|1|98|
14|413|192|0|82|1|98|
14|398|192|0|82|1|98|
14|609|288|0|332|1|310|
14|406|192|0|314|1|307|
14|393|192|0|82|1|98|
14|403|192|0|82|1|98|
14|391|192|0|315|1|307|
14|407|192|0|82|1|98|
14|434|192|0|314|1|307|
14|393|192|0|82|1|98|
14|390|192|0|82|1|98|
14|395|192|0|82|1|98|
14|388|192|0|82|1|98|
14|1218|576|0|82|1|98|
14|401|192|0|82|1|98|
14|412|192|0|82|1|98|
14|416|192|0|82|1|98|
14|392|192|0|82|1|98|
14|417|192|0|82|1|98|
14|410|192|0|82|1|98|
14|383|192|0|82|1|98|
14|391|192|0|82|1|98|
14|398|192|0|80|1|97|
14|411|192|0|82|1|98|
14|395|192|0|82|1|98|
14|398|192|0|82|1|98|
14|397|192|0|82|1|98|
14|407|192|0|82|1|98|
14|411|192|0|82|1|98|
14|408|192|0|82|1|98|
14|406|288|0|82|1|98|
14|404|288|0|82|1|98|
14|406|192|0|82|1|98|
14|414|192|0|82|1|98|
14|409|288|0|82|1|98|
14|397|192|0|82|1|98|
14|407|288|0|82|1|98|
14|397|192|0|82|1|98|
14|419|192|0|82|1|98|
14|405|288|0|82|1|98|
14|409|288|0|80|1|97|
14|412|192|0|82|1|98|
14|414|192|0|82|1|98|
14|402|192|0|82|1|98|
14|406|192|0|82|1|98|
14|402|96|0|82|1|98|
14|404|288|0|82|1|98|
14|406|192|0|82|1|98|
14|400|192|0|82|1|98|
14|400|192|0|82|1|98|
14|392|192|0|82|1|98|
14|415|192|0|82|1|98|
14|409|288|0|82|1|98|
14|395|192|0|82|1|98|
14|404|192|0|82|1|98|
14|404|192|0|82|1|98|
14|392|192|0|82|1|98|
14|409|192|0|82|1|98|
14|403|192|0|82|1|98|
14|403|192|0|82|1|98|
14|403|192|0|82|1|98|
14|417|192|0|82|1|98|
14|397|192|0|82|1|98|
14|396|192|0|82|1|98|
14|392|192|0|82|1|98|
14|395|192|0|82|1|98|
14|402|288|0|82|1|98|
14|393|192|0|82|1|98|
14|398|192|0|82|1|98|
14|392|192|0|82|1|98|
14|416|192|0|82|1|98|
14|412|192|0|82|1|98|
14|414|288|0|82|1|98|
14|397|192|0|82|1|98|
14|413|192|0|82|1|98|
14|404|192|0|82|1|98|
14|394|192|0|82|1|98|
14|399|192|0|82|1|98|
14|394|192|0|82|1|98|
14|388|288|0|82|1|98|
14|1549|768|0|82|1|98|
14|403|192|0|82|1|98|
14|410|96|0|82|1|98|
14|361|192|0|82|1|98|
14|403|192|0|82|1|98|
14|400|192|0|82|1|98|
14|614|288|0|331|1|310|
14|396|192|0|82|1|98|
14|396|192|0|82|1|98|
14|395|192|0|82|1|98|
14|398|192|0|314|1|307|
14|398|192|0|82|1|98|
14|397|288|0|82|1|98|
14|400|192|0|82|1|98|
14|396|192|0|317|1|307|
14|1372|672|0|82|1|98|
14|402|192|0|82|1|98|
14|401|192|0|82|1|98|
14|405|192|0|316|1|307|
14|403|192|0|82|1|98|
14|395|192|0|82|1|98|
14|405|192|0|82|1|98|
14|401|192|0|316|1|307|
14|405|192|0|82|1|98|
14|392|192|0|82|1|98|
14|397|192|0|82|1|98|
14|396|192|0|82|1|98|
14|400|192|0|82|1|98|
14|396|288|0|82|1|98|
14|624|288|0|331|1|310|
14|419|288|0|315|1|307|
14|417|192|0|82|1|98|
14|397|192|0|82|1|98|
14|419|192|0|314|1|307|
14|403|192|0|82|1|98|
14|408|192|0|82|1|98|
14|404|192|0|82|1|98|
14|413|192|0|82|1|98|
14|621|288|0|335|1|310|
14|420|192|0|317|1|307|
14|413|192|0|82|1|98|
14|404|192|0|82|1|98|
14|405|192|0|82|1|98|
14|623|288|0|332|1|310|
14|407|192|0|82|1|98|
14|406|192|0|82|1|98|
14|397|192|0|82|1|98|
14|406|192|0|82|1|98|
14|398|192|0|82|1|98|
14|408|192|0|82|1|98|
14|398|192|0|82|1|98|
14|400|192|0|82|1|98|
14|614|288|0|335|1|310|
14|410|192|0|82|1|98|
14|399|192|0|82|1|98|
14|410|192|0|82|1|98|
14|407|288|0|314|1|307|
14|413|192|0|82|1|98|
14|395|192|0|82|1|98|
14|389|192|0|80|1|97|
14|404|192|0|82|1|98|
14|409|192|0|82|1|98|
14|409|288|0|82|1|98|
14|413|288|0|82|1|98|
14|621|288|0|330|1|310|
14|409|192|0|82|1|98|
14|408|192|0|82|1|98|
14|412|192|0|82|1|98|
14|412|192|0|316|1|307|
14|403|288|0|82|1|98|
14|386|192|0|82|1|98|
14|406|192|0|82|1|98|
14|403|192|0|314|1|307|
14|394|192|0|82|1|98|
14|414|192|0|82|1|98|
14|411|192|0|82|1|98|
14|614|288|0|315|1|307|
14|408|288|0|82|1|98|
14|396|192|0|82|1|98|
14|402|192|0|82|1|98|
14|406|192|0|82|1|98|
14|400|192|0|82|1|98|
14|405|192|0|82|1|98|
14|402|192|0|319|1|307|
14|396|192|0|82|1|98|
14|401|192|0|82|1|98|
14|601|288|0|331|1|310|
14|414|192|0|82|1|98|
14|402|192|0|81|1|94|
14|409|192|0|82|1|98|
14|602|288|0|330|1|310|
14|411|192|0|82|1|98|
14|410|288|0|82|1|98|
14|410|192|0|82|1|98|
14|416|192|0|82|1|98|
14|399|192|0|82|1|98|
14|396|192|0|82|1|98|
14|403|192|0|82|1|98|
14|398|192|0|82|1|98|
14|396|192|0|82|1|98|
14|378|288|0|82|1|98|
14|949|384|0|332|1|310|
14|406|192|0|80|1|97|
14|463|288|0|82|1|98|
14|415|192|0|82|1|98|
14|415|192|0|82|1|98|
14|393|192|0|82|1|98|
14|416|192|0|82|1|98|
14|612|288|0|332|1|310|
14|411|192|0|82|1|98|
14|408|192|0|82|1|98|
14|398|288|0|314|1|307|
14|409|192|0|82|1|98|
14|412|192|0|82|1|98|
14|393|288|0|82|1|98|
14|604|288|0|331|1|310|
14|395|192|0|82|1|98|
14|405|192|0|82|1|98|
14|619|288|0|332|1|310|
14|405|192|0|82|1|98|
14|407|192|0|82|1|98|
14|404|192|0|82|1|98|
14|412|192|0|315|1|307|
14|389|192|0|82|1|98|
14|404|192|0|82|1|98|
14|398|96|0|82|1|98|
14|406|192|0|82|1|98|
14|417|192|0|82|1|98|
14|609|288|0|329|1|310|
14|407|192|0|315|1|307|
14|396|192|0|82|1|98|
14|401|192|0|82|1|98|
14|402|192|0|82|1|98|
14|407|192|0|82|1|98|
14|390|192|0|82|1|98|
14|408|192|0|82|1|98|
14|407|288|0|82|1|98|
14|395|192|0|82|1|98|
14|413|192|0|319|1|307|
14|407|192|0|82|1|98|
14|396|192|0|82|1|98|
14|608|384|0|332|1|310|
14|400|288|0|319|1|307|
14|597|288|0|331|1|310|
14|402|192|0|82|1|98|
14|417|192|0|82|1|98|
14|398|192|0|315|1|307|
14|402|192|0|82|1|98|
14|404|192|0|82|1|98|
14|401|192|0|80|1|97|
14|397|192|0|82|1|98|
14|618|288|0|332|1|310|
14|417|192|0|82|1|98|
14|392|192|0|82|1|98|
14|416|288|0|82|1|98|
14|625|288|0|330|1|310|
14|407|192|0|82|1|98|
14|399|192|0|82|1|98|
14|620|288|0|332|1|310|
14|374|192|0|82|1|98|
14|418|192|0|82|1|98|
14|405|192|0|82|1|98|
14|395|288|0|82|1|98|
14|405|192|0|314|1|307|
14|406|192|0|82|1|98|
14|375|192|0|82|1|98|
14|377|192|0|82|1|98|
14|378|96|0|82|1|98|
14|372|192|0|82|1|98|
14|399|192|0|82|1|98|
14|398|192|0|82|1|98|
14|405|192|0|82|1|98|
14|387|192|0|82|1|98|
14|366|192|0|82|1|98|
14|564|288|0|330|1|310|
14|399|192|0|313|1|307|
14|401|192|0|316|1|307|
14|404|192|0|82|1|98|
14|412|192|0|82|1|98|
14|394|192|0|82|1|98|
14|607|288|0|333|1|310|
14|413|288|0|80|1|97|
14|390|192|0|82|1|98|
14|410|192|0|82|1|98|
14|391|192|0|82|1|98|
14|1351|768|0|317|1|307|
14|604|288|0|332|1|310|
14|394|192|0|82|1|98|
14|399|192|0|82|1|98|
14|609|288|0|332|1|310|
14|397|192|0|82|1|98|
14|400|192|0|82|1|98|
14|605|288|0|331|1|306|
14|614|288|0|332|1|310|
14|395|192|0|82|1|98|
14|599|288|0|329|1|310|
14|611|288|0|332|1|310|
14|384|192|0|82|1|98|
14|399|192|0|82|1|98|
14|390|192|0|82|1|98|
14|612|384|0|330|1|310|
14|409|192|0|82|1|98|
14|390|192|0|82|1|98|
14|407|192|0|82|1|98|
14|406|192|0|82|1|98|
14|368|192|0|82|1|98|
14|398|192|0|82|1|98|
14|402|288|0|82|1|98|
14|396|192|0|82|1|98|
14|404|192|0|82|1|98|
14|410|192|0|82|1|98|
14|406|192|0|82|1|98|
14|393|192|0|82|1|98|
14|391|192|0|82|1|98|
14|395|192|0|82|1|98|
14|408|192|0|82|1|98|
14|1926|960|0|82|1|98|
14|403|288|0|82|1|98|
14|412|192|0|80|1|97|
14|398|192|0|82|1|98|
14|414|192|0|82|1|98|
14|415|192|0|82|1|98|
14|388|192|0|82|1|98|
14|398|192|0|82|1|98|
14|407|192|0|82|1|98|
14|396|192|0|82|1|98|
14|408|192|0|82|1|98|
14|404|192|0|82|1|98|
14|412|192|0|82|1|98|
14|410|288|0|82|1|98|
14|402|192|0|82|1|98|
14|397|192|0|82|1|98|
14|399|192|0|82|1|98|
14|402|192|0|82|1|98|
14|397|192|0|80|1|97|
14|404|192|0|82|1|98|
14|412|192|0|80|1|97|
14|412|192|0|82|1|98|
14|417|192|0|82|1|98|
14|1421|672|0|82|1|98|
14|407|192|0|82|1|98|
14|623|288|0|82|1|98|
14|394|192|0|82|1|98|
14|392|192|0|82|1|98|
14|398|192|0|82|1|98|
14|400|192|0|82|1|98|
14|397|192|0|82|1|98|
14|404|192|0|82|1|98|
14|416|288|0|82|1|98|
14|389|192|0|82|1|98|
14|413|192|0|82|1|98|
14|400|192|0|82|1|98|
14|415|192|0|82|1|98|
14|397|192|0|82|1|98|
14|392|192|0|82|1|98|
14|805|384|0|80|1|97|
14|403|192|0|82|1|98|
14|416|192|0|82|1|98|
14|397|192|0|82|1|98|
14|416|192|0|82|1|98|
14|403|192|0|82|1|98|
14|397|192|0|82|1|98|
14|405|192|0|82|1|98|
14|401|192|0|82|1|98|
14|403|288|0|82|1|98|
14|401|192|0|82|1|98|
14|399|192|0|82|1|98|
14|403|192|0|82|1|98|
14|400|192|0|82|1|98|
14|396|192|0|82|1|98|
14|388|192|0|82|1|98|
14|404|192|0|316|1|307|
14|405|192|0|82|1|98|
14|405|288|0|82|1|98|
14|613|288|0|331|1|310|
14|414|288|0|82|1|98|
14|395|192|0|82|1|98|
14|415|192|0|82|1|98|
14|411|192|0|82|1|98|
14|402|192|0|316|1|307|
14|409|192|0|82|1|98|
14|412|192|0|82|1|98|
14|406|192|0|314|1|306|
14|398|192|0|82|1|98|
14|627|288|0|331|1|310|
14|398|192|0|82|1|98|
14|401|192|0|82|1|98|
14|393|192|0|82|1|98|
14|598|288|0|332|1|310|
14|410|192|0|82|1|98|
14|617|288|0|332|1|310|
14|399|192|0|82|1|98|
14|411|192|0|82|1|98|
14|409|192|0|82|1|98|
14|414|192|0|82|1|98|
14|1479|672|0|82|1|98|
14|409|288|0|82|1|98|
14|407|192|0|82|1|98|
14|621|288|0|330|1|310|
14|395|192|0|82|1|98|
14|401|288|0|82|1|98|
14|407|192|0|82|1|98|
14|416|288|0|316|1|307|
14|398|192|0|82|1|98|
14|406|192|0|82|1|98|
14|619|384|0|331|1|310|
14|407|192|0|82|1|98|
14|621|288|0|331|1|310|
14|620|288|0|316|1|307|
14|410|192|0|82|1|98|
14|391|192|0|82|1|98|
14|416|288|0|82|1|98|
14|620|288|0|332|1|310|
14|416|288|0|82|1|98|
14|410|192|0|80|1|97|
14|403|192|0|82|1|98|
14|414|192|0|82|1|98|
14|404|192|0|82|1|98|
14|409|288|0|82|1|98|
14|414|192|0|315|1|307|
14|415|192|0|314|1|306|
14|403|192|0|315|1|307|
14|416|192|0|82|1|98|
14|413|192|0|82|1|98|
14|414|192|0|82|1|98|
14|619|288|0|332|1|310|
14|398|192|0|316|1|307|
14|402|192|0|82|1|98|
14|397|192|0|82|1|98|
14|398|288|0|82|1|98|
14|393|192|0|82|1|98|
14|413|192|0|82|1|98|
14|599|384|0|333|1|310|
14|399|192|0|82|1|98|
14|397|192|0|82|1|98|
14|391|192|0|82|1|98|
14|391|192|0|80|1|97|
14|392|192|0|82|1|98|
14|415|192|0|314|1|307|
14|391|192|0|82|1|98|
14|411|192|0|82|1|98|
14|403|192|0|82|1|98|
14|411|192|0|82|1|98|
14|400|192|0|82|1|98|
14|416|288|0|82|1|98|
14|403|192|0|314|1|307|
14|412|288|0|82|1|98|
14|390|192|0|82|1|98|
14|407|192|0|82|1|98|
14|387|192|0|82|1|98|
14|611|288|0|335|1|310|
14|1227|576|0|82|1|98|
14|412|192|0|82|1|98|
14|401|192|0|82|1|98|
14|622|288|0|331|1|310|
14|394|192|0|315|1|307|
14|394|192|0|82|1|98|
14|390|192|0|82|1|98|
14|617|288|0|332|1|310|
14|391|192|0|82|1|98|
14|414|192|0|316|1|307|
14|395|192|0|82|1|98|
14|388|192|0|82|1|98|
14|400|192|0|82|1|98|
14|391|192|0|82|1|98|
14|405|192|0|82|1|98|
14|396|192|0|82|1|98|
14|406|192|0|82|1|98|
14|396|192|0|82|1|98|
14|407|192|0|82|1|98|
14|410|192|0|82|1|98|
14|384|192|0|82|1|98|
14|410|192|0|82|1|98|
14|388|192|0|82|1|98|
14|394|192|0|82|1|98|
14|393|192|0|82|1|98|
14|400|192|0|82|1|98|
14|398|192|0|82|1|98|
14|409|192|0|82|1|98|
14|399|192|0|82|1|98|
14|396|192|0|315|1|307|
14|408|192|0|82|1|98|
14|390|192|0|82|1|98|
14|408|192|0|82|1|98|
14|602|288|0|329|1|310|
14|1347|672|0|82|1|98|
14|402|192|0|82|1|98|
14|364|192|0|82|1|98|
14|608|288|0|330|1|310|
14|418|192|0|315|1|307|
14|389|192|0|82|1|98|
14|413|192|0|82|1|98|
14|399|288|0|82|1|98|
14|405|192|0|82|1|98|
14|414|192|0|82|1|98|
14|406|192|0|82|1|98|
14|414|288|0|82|1|98|
14|419|192|0|316|1|307|
14|407|192|0|82|1|98|
14|402|192|0|82|1|98|
14|408|192|0|82|1|98|
14|414|288|0|82|1|98|
14|401|192|0|82|1|98|
14|1654|864|0|82|1|98|
14|393|192|0|82|1|98|
14|416|288|0|82|1|98|
14|381|192|0|82|1|98|
14|399|192|0|81|1|94|
14|395|192|0|82|1|98|
14|401|192|0|82|1|98|
14|396|192|0|82|1|98|
14|404|192|0|82|1|98|
14|388|192|0|82|1|98|
14|398|192|0|82|1|98|
14|398|192|0|82|1|98|
14|607|288|0|331|1|310|
14|415|192|0|82|1|98|
14|415|192|0|82|1|98|
14|417|288|0|82|1|98|
14|601|384|0|330|1|310|
14|399|192|0|82|1|98|
14|416|192|0|315|1|307|
14|406|192|0|314|1|307|
14|411|192|0|82|1|98|
14|399|192|0|82|1|98|
14|396|192|0|82|1|98|
14|614|288|0|331|1|310|
14|411|192|0|82|1|98|
14|410|192|0|82|1|98|
14|400|192|0|82|1|98|
14|410|192|0|82|1|98|
14|410|192|0|82|1|98|
14|406|192|0|82|1|98|
14|626|384|0|332|1|310|
14|407|192|0|82|1|98|
14|406|192|0|82|1|98|
14|405|192|0|82|1|98|
14|415|288|0|82|1|98|
14|610|288|0|335|1|310|
14|629|288|0|331|1|310|
14|392|192|0|319|1|307|
14|414|192|0|82|1|98|
14|389|192|0|82|1|98|
14|391|192|0|82|1|98|
14|388|192|0|82|1|98|
14|600|288|0|328|1|310|
14|1777|864|0|314|1|307|
14|414|192|0|317|1|307|
14|402|192|0|82|1|98|
14|398|192|0|82|1|98|
14|394|288|0|82|1|98|
14|396|192|0|82|1|98|
14|398|192|0|82|1|98|
14|621|288|0|331|1|310|
14|606|288|0|330|1|310|
14|408|192|0|82|1|98|
14|396|192|0|82|1|98|
14|407|192|0|82|1|98|
14|617|384|0|329|1|310|
14|409|192|0|82|1|98|
14|413|192|0|82|1|98|
14|395|192|0|82|1|98|
14|397|192|0|82|1|98|
14|414|192|0|82|1|98|
14|396|192|0|82|1|98|
14|388|192|0|82|1|98|
14|396|192|0|82|1|98|
14|1127|480|0|80|1|97|
14|611|288|0|332|1|310|
14|392|192|0|319|1|307|
14|408|288|0|82|1|98|
14|394|192|0|82|1|98|
14|402|192|0|315|1|307|
14|380|192|0|82|1|98|
14|405|288|0|82|1|98|
14|401|192|0|82|1|98|
14|411|288|0|82|1|98|
14|404|192|0|82|1|98|
14|411|192|0|82|1|98|
14|622|288|0|332|1|310|
14|913|480|0|332|1|310|
14|415|192|0|317|1|307|
14|408|192|0|82|1|98|
14|389|192|0|82|1|98|
14|409|192|0|82|1|98|
14|394|288|0|82|1|98|
14|392|192|0|82|1|98|
14|604|288|0|332|1|310|
14|396|192|0|82|1|98|
14|392|192|0|82|1|98|
14|394|192|0|82|1|98|
14|411|192|0|82|1|98|
14|401|192|0|82|1|98|
14|625|288|0|332|1|310|
14|619|288|0|334|1|310|
14|396|192|0|315|1|307|
14|403|192|0|82|1|98|
14|381|192|0|82|1|98|
14|394|192|0|82|1|98|
14|404|192|0|82|1|98|
14|398|192|0|82|1|98|
14|412|192|0|315|1|307|
14|2008|960|0|319|1|307|
14|392|192|0|82|1|98|
14|410|192|0|82|1|98|
14|391|192|0|316|1|307|
14|414|192|0|314|1|307|
14|399|288|0|316|1|307|
14|411|288|0|82|1|98|
14|402|192|0|82|1|98|
14|399|192|0|82|1|98|
14|607|288|0|329|1|310|
14|396|192|0|82|1|98|
14|397|192|0|82|1|98|
14|615|384|0|332|1|310|
14|392|288|0|82|1|98|
14|409|192|0|82|1|98|
14|401|192|0|82|1|98|
14|405|192|0|82|1|98|
14|395|192|0|82|1|98|
14|611|288|0|331|1|310|
14|396|192|0|82|1|98|
14|403|192|0|82|1|98|
14|605|288|0|332|1|310|
14|413|192|0|82|1|98|
14|391|192|0|82|1|98|
14|610|288|0|332|1|310|
14|394|192|0|82|1|98|
14|395|192|0|82|1|98|
14|389|192|0|82|1|98|
14|400|192|0|319|1|307|
14|392|192|0|82|1|98|
14|403|192|0|82|1|98|
14|399|192|0|82|1|98|
14|403|192|0|82|1|98|
14|400|192|0|314|1|307|
14|392|192|0|82|1|98|
14|396|192|0|82|1|98|
14|388|192|0|82|1|98|
14|395|192|0|82|1|98|
14|398|192|0|82|1|98|
14|405|192|0|80|1|97|
14|396|192|0|82|1|98|
14|412|192|0|82|1|98|
14|394|192|0|82|1|98|
14|400|192|0|82|1|98|
14|392|192|0|82|1|98|
14|764|384|0|82|1|98|
14|382|192|0|82|1|98|
14|399|288|0|82|1|98|
14|605|288|0|332|1|310|
14|397|288|0|82|1|98|
14|409|192|0|82|1|98|
14|395|192|0|316|1|307|
14|407|192|0|82|1|98|
14|408|192|0|82|1|98|
14|406|192|0|82|1|98|
14|398|192|0|82|1|98|
14|622|288|0|332|1|310|
14|610|288|0|82|1|98|
14|401|192|0|82|1|98|
14|393|192|0|82|1|98|
14|921|480|0|82|1|98|
14|396|192|0|314|1|307|
14|394|192|0|82|1|98|
14|443|192|0|82|1|98|
14|622|288|0|329|1|310|
14|393|192|0|314|1|307|
14|603|288|0|82|1|98|
14|398|192|0|82|1|98|
14|413|288|0|82|1|98|
14|405|192|0|82|1|98|
14|608|288|0|335|1|310|
14|414|192|0|82|1|98|
14|391|192|0|82|1|98|
14|618|384|0|329|1|310|
14|404|192|0|317|1|307|
14|408|192|0|82|1|98|
14|415|192|0|82|1|98|
14|409|192|0|82|1|98|
14|613|384|0|330|1|310|
14|409|192|0|315|1|307|
14|390|192|0|82|1|98|
14|397|192|0|82|1|98|
14|386|192|0|82|1|98|
14|409|192|0|82|1|98|
14|410|192|0|82|1|98|
14|615|288|0|328|1|310|
14|411|192|0|316|1|307|
14|403|192|0|82|1|98|
14|404|192|0|82|1|98|
14|404|192|0|82|1|98|
14|400|192|0|82|1|98|
14|397|192|0|82|1|98|
14|404|192|0|317|1|307|
14|409|192|0|82|1|98|
14|394|192|0|82|1|98|
14|414|192|0|82|1|98|
14|396|192|0|82|1|98|
14|413|192|0|82|1|98|
14|407|192|0|315|1|307|
14|410|192|0|82|1|98|
14|405|192|0|82|1|98|
14|618|288|0|332|1|310|
14|400|192|0|82|1|98|
14|409|192|0|80|1|97|
14|1813|960|0|316|1|307|
14|401|192|0|82|1|98|
14|402|192|0|82|1|98|
14|413|288|0|82|1|98|
14|414|288|0|82|1|98|
14|404|288|0|82|1|98|
14|417|288|0|82|1|98|
14|405|192|0|82|1|98|
14|410|192|0|82|1|98|
14|406|192|0|82|1|98|
14|398|192|0|82|1|98|
14|412|192|0|82|1|98|
14|1942|960|0|82|1|98|
14|394|192|0|82|1|98|
14|409|192|0|82|1|98|
14|396|288|0|82|1|98|
14|395|192|0|82|1|98|
14|375|192|0|82|1|98|
14|396|192|0|82|1|98|
14|404|192|0|82|1|98|
14|397|192|0|82|1|98|
14|404|192|0|82|1|98|
14|394|192|0|82|1|98|
14|386|192|0|82|1|98|
14|393|192|0|82|1|98|
14|396|192|0|82|1|98|
14|394|192|0|82|1|98|
14|395|192|0|82|1|98|
14|400|192|0|82|1|98|
14|416|192|0|82|1|98|
14|398|192|0|82|1|98|
14|405|192|0|82|1|98|
14|400|96|0|82|1|98|
14|404|192|0|82|1|98|
14|384|192|0|82|1|98|
14|409|192|0|82|1|98|
14|396|192|0|82|1|98|
14|410|192|0|82|1|98|
14|396|192|0|82|1|98|
14|392|192|0|82|1|98|
14|402|192|0|82|1|98|
14|393|192|0|82|1|98|
14|399|192|0|82|1|98|
14|390|192|0|82|1|98|
14|394|192|0|82|1|98|
14|400|288|0|82|1|98|
14|392|192|0|82|1|98|
14|416|192|0|82|1|98|
14|403|192|0|82|1|98|
14|406|288|0|82|1|98|
14|424|192|0|82|1|98|
14|406|192|0|82|1|98|
14|404|192|0|82|1|98|
14|413|192|0|82|1|98|
14|405|192|0|82|1|98|
14|405|192|0|82|1|98|
14|407|192|0|82|1|98|
14|411|192|0|82|1|98|
14|899|480|0|82|1|98|
14|396|192|0|82|1|98|
14|404|192|0|82|1|98|
