INSTRUCTIONS_RETIRED|CYCLES|UNKNOWN|LD_BLOCKS.STORE_FORWARD|UOPS_EXECUTED.THREAD|BR_MISP_RETIRED.ALL_BRANCHES|UOPS_RETIRED.ANY|
14|402|192|0|82|1|98|
14|413|192|0|82|1|98|
14|396|192|0|82|1|98|
14|351|192|0|82|1|98|
14|408|192|0|80|1|97|
14|388|192|0|80|1|97|
14|408|192|0|82|1|98|
14|560|288|0|82|1|98|
14|410|192|0|82|1|98|
14|400|192|0|82|1|98|
14|398|192|0|82|1|98|
14|415|192|0|82|1|98|
14|388|192|0|82|1|98|
14|398|192|0|82|1|98|
14|368|192|0|316|1|307|
14|392|192|0|82|1|98|
14|380|192|0|82|1|98|
14|459|192|0|82|1|98|
14|378|192|0|82|1|98|
14|1040|480|0|313|1|307|
14|392|192|0|82|1|98|
14|406|192|0|82|1|98|
14|397|192|0|82|1|98|
14|399|192|0|82|1|98|
14|623|384|0|335|1|310|
14|401|192|0|82|1|98|
14|406|192|0|82|1|98|
14|626|384|0|330|1|310|
14|408|192|0|82|1|98|
14|411|192|0|82|1|98|
14|1235|576|0|82|1|98|
14|389|192|0|81|1|97|
14|367|192|0|80|1|97|
14|402|192|0|78|1|97|
14|388|288|0|82|1|98|
14|1361|768|0|82|1|98|
14|718|384|0|82|1|98|
14|390|96|0|79|1|101|
14|384|192|0|82|1|98|
14|433|288|0|82|1|98|
14|347|192|0|82|1|98|
14|373|192|0|82|1|98|
14|1334|672|0|82|1|98|
14|1476|864|0|82|1|98|
14|386|288|0|89|1|100|
14|454|288|0|85|1|98|
14|791|384|0|84|1|98|
14|695|288|0|84|1|98|
14|416|192|0|86|1|104|
14|472|192|0|80|1|97|
14|584|288|0|84|1|98|
14|377|288|0|82|1|98|
14|355|192|0|82|1|98|
14|371|192|0|82|1|98|
14|542|288|0|82|1|98|
14|430|288|0|81|1|94|
14|384|192|0|82|1|98|
14|357|192|0|82|1|98|
14|600|288|0|331|1|310|
14|354|192|0|82|1|98|
14|439|192|0|80|1|97|
14|369|192|0|82|1|98|
14|340|96|0|78|1|96|
14|396|192|0|80|1|105|
14|595|288|0|332|1|310|
14|400|192|0|316|1|307|
14|406|192|0|316|1|307|
14|432|192|0|82|1|98|
14|1915|1056|0|82|1|98|
14|364|192|0|82|1|98|
14|412|192|0|82|1|98|
14|371|192|0|82|1|98|
14|379|192|0|82|1|98|
14|397|288|0|82|1|98|
14|377|96|0|80|1|97|
14|390|192|0|80|1|97|
14|386|192|0|82|1|98|
14|434|192|0|82|1|98|
14|350|192|0|82|1|98|
14|370|192|0|82|1|98|
14|396|192|0|82|1|98|
14|399|192|0|82|1|98|
14|400|192|0|82|1|98|
14|391|192|0|82|1|98|
14|403|192|0|88|1|100|
14|418|192|0|84|1|101|
14|449|288|0|86|1|98|
14|407|192|0|87|1|100|
14|423|192|0|85|1|100|
14|411|192|0|75|1|97|
14|412|288|0|88|1|102|
14|378|192|0|84|1|98|
14|1405|768|0|84|1|100|
14|586|384|0|84|1|98|
14|375|288|0|81|1|101|
14|501|288|0|87|1|103|
14|441|192|0|85|1|101|
14|381|192|0|83|1|98|
14|594|384|0|86|1|100|
14|1033|480|0|79|1|97|
14|534|288|0|83|1|101|
14|995|576|0|77|1|101|
14|763|384|0|80|1|97|
14|547|288|0|81|1|97|
14|515|288|0|81|1|100|
14|657|384|0|84|1|98|
14|594|288|0|82|1|98|
14|400|192|0|82|1|98|
14|596|288|0|335|1|310|
14|446|192|0|315|1|307|
14|407|192|0|316|1|307|
14|3610|1824|0|639|1|632|
14|358|192|0|316|1|307|
14|382|192|0|82|1|98|
14|372|192|0|82|1|98|
14|571|288|0|332|1|310|
14|900|480|0|82|1|98|
14|386|192|0|82|1|98|
14|371|192|0|82|1|98|
14|391|192|0|82|1|98|
14|403|192|0|82|1|98|
14|383|192|0|82|1|98|
14|611|288|0|331|1|310|
14|433|288|0|88|1|100|
14|458|288|0|307|1|310|
14|432|192|0|87|1|97|
14|450|192|0|79|1|98|
14|434|288|0|82|1|98|
14|423|192|0|88|1|103|
14|743|384|0|319|1|310|
14|415|192|0|309|1|306|
14|144|96|0|83|1|98|
14|436|192|0|87|1|101|
14|484|288|0|79|1|97|
14|419|192|0|83|1|98|
14|411|192|0|87|1|98|
14|411|192|0|85|1|98|
14|391|192|0|81|1|98|
14|367|96|0|80|1|97|
14|375|192|0|82|1|98|
14|613|288|0|331|1|310|
14|403|192|0|319|1|307|
14|405|192|0|315|1|307|
14|414|192|0|82|1|98|
14|2177|1152|0|332|1|310|
14|388|288|0|316|1|307|
14|368|192|0|314|1|307|
14|387|192|0|82|1|98|
14|394|192|0|82|1|98|
14|370|192|0|80|1|97|
14|371|192|0|84|1|101|
14|413|192|0|82|1|98|
14|391|288|0|83|1|101|
14|619|288|0|331|1|310|
14|406|192|0|82|1|98|
14|456|288|0|82|1|98|
14|375|192|0|82|1|98|
14|405|192|0|82|1|98|
14|373|192|0|314|1|306|
14|408|288|0|316|1|307|
14|400|192|0|82|1|98|
14|428|192|0|82|1|98|
14|371|192|0|82|1|98|
14|616|288|0|335|1|310|
14|393|192|0|82|1|98|
14|392|192|0|80|1|97|
14|369|192|0|82|1|98|
14|390|192|0|82|1|98|
14|491|288|0|82|1|98|
14|438|192|0|85|1|103|
14|450|288|0|87|1|100|
14|450|192|0|87|1|101|
14|442|192|0|85|1|101|
14|445|288|0|85|1|101|
14|418|288|0|87|1|100|
14|430|288|0|86|1|98|
14|438|192|0|86|1|98|
14|444|192|0|86|1|101|
14|574|192|0|83|1|94|
14|434|288|0|86|1|101|
14|438|288|0|86|1|104|
14|456|288|0|86|1|98|
14|358|192|0|82|1|98|
14|411|192|0|82|1|98|
14|360|192|0|82|1|98|
14|415|192|0|82|1|98|
14|409|288|0|82|1|98|
14|400|192|0|82|1|98|
14|403|192|0|82|1|98|
14|404|192|0|82|1|98|
14|405|192|0|82|1|98|
14|410|192|0|82|1|98|
14|405|192|0|82|1|98|
14|409|192|0|82|1|98|
14|412|192|0|82|1|98|
14|409|192|0|82|1|98|
14|406|192|0|82|1|98|
14|1007|480|0|82|1|98|
14|413|192|0|82|1|98|
14|407|192|0|80|1|97|
14|389|192|0|82|1|98|
14|408|192|0|82|1|98|
14|389|192|0|82|1|98|
14|355|192|0|80|1|97|
14|411|192|0|82|1|98|
14|412|192|0|82|1|98|
14|388|192|0|82|1|98|
14|398|192|0|82|1|98|
14|399|192|0|82|1|98|
14|395|192|0|80|1|97|
14|394|192|0|80|1|97|
14|395|192|0|82|1|98|
14|419|192|0|82|1|101|
14|361|192|0|82|1|98|
14|391|192|0|82|1|98|
14|402|192|0|82|1|98|
14|401|192|0|82|1|98|
14|370|192|0|82|1|98|
14|624|288|0|332|1|310|
14|403|288|0|82|1|98|
14|367|192|0|314|1|307|
14|397|192|0|82|1|98|
14|373|192|0|82|1|98|
14|394|192|0|82|1|98|
14|369|192|0|82|1|98|
14|363|192|0|82|1|98|
14|385|192|0|87|1|96|
14|420|192|0|87|1|100|
14|430|288|0|86|1|107|
14|433|192|0|88|1|103|
14|434|192|0|86|1|101|
14|432|192|0|87|1|100|
14|371|192|0|82|1|97|
14|415|192|0|81|1|102|
14|467|288|0|86|1|98|
14|442|192|0|88|1|98|
14|452|288|0|314|1|307|
14|451|288|0|85|1|101|
14|433|288|0|86|1|98|
14|405|192|0|81|1|98|
14|377|192|0|79|1|96|
14|661|288|0|328|1|315|
14|379|192|0|86|1|99|
14|396|192|0|82|1|98|
14|508|288|0|316|1|307|
14|400|192|0|82|1|98|
14|602|288|0|330|1|310|
14|400|192|0|82|1|98|
14|394|192|0|315|1|307|
14|408|192|0|82|1|98|
14|403|288|0|82|1|98|
14|610|288|0|334|1|312|
14|400|288|0|318|1|307|
14|1131|576|0|82|1|98|
14|392|192|0|82|1|98|
14|398|192|0|82|1|98|
14|412|192|0|82|1|98|
14|408|192|0|82|1|98|
14|609|288|0|332|1|310|
14|411|192|0|314|1|307|
14|413|192|0|82|1|98|
14|407|192|0|82|1|98|
14|414|192|0|314|1|307|
14|407|192|0|82|1|98|
14|620|288|0|330|1|310|
14|407|192|0|82|1|98|
14|394|192|0|82|1|98|
14|406|288|0|82|1|98|
14|356|192|0|82|1|98|
14|397|288|0|82|1|98|
14|402|192|0|82|1|98|
14|398|192|0|82|1|98|
14|615|288|0|329|1|310|
14|404|192|0|82|1|98|
14|406|192|0|82|1|98|
14|403|192|0|315|1|307|
14|403|192|0|82|1|98|
14|407|192|0|82|1|98|
14|400|288|0|82|1|98|
14|402|192|0|82|1|98|
14|422|192|0|82|1|98|
14|397|192|0|315|1|307|
14|394|192|0|82|1|98|
14|390|192|0|82|1|98|
14|406|192|0|316|1|307|
14|473|192|0|316|1|307|
14|394|192|0|315|1|307|
14|388|192|0|82|1|98|
14|405|192|0|82|1|98|
14|396|288|0|82|1|98|
14|408|288|0|82|1|98|
14|374|192|0|82|1|98|
14|409|192|0|82|1|98|
14|607|288|0|330|1|310|
14|639|288|0|331|1|310|
14|607|384|0|330|1|310|
14|490|192|0|82|1|98|
14|430|192|0|86|1|98|
14|451|288|0|89|1|101|
14|2014|960|0|89|1|100|
14|438|288|0|90|1|105|
14|764|384|0|324|1|313|
14|446|192|0|309|1|307|
14|423|192|0|315|1|303|
14|690|288|0|318|1|310|
14|685|384|0|323|1|312|
14|751|384|0|318|1|308|
14|412|96|0|81|1|98|
14|442|288|0|86|1|101|
14|383|192|0|83|1|98|
14|409|192|0|85|1|98|
14|589|288|0|74|1|97|
14|395|192|0|82|1|98|
14|373|192|0|82|1|98|
14|423|288|0|82|1|98|
14|1233|576|0|82|1|98|
14|404|192|0|82|1|98|
14|618|288|0|332|1|310|
14|406|192|0|82|1|98|
14|374|192|0|82|1|98|
14|408|192|0|82|1|98|
14|419|192|0|316|1|307|
14|397|192|0|82|1|98|
14|413|192|0|82|1|98|
14|396|288|0|314|1|307|
14|398|192|0|82|1|98|
14|399|192|0|82|1|98|
14|607|288|0|331|1|310|
14|401|192|0|82|1|98|
14|408|192|0|82|1|98|
14|397|192|0|316|1|307|
14|408|192|0|82|1|98|
14|395|192|0|82|1|98|
14|624|288|0|332|1|310|
14|394|192|0|82|1|98|
14|376|192|0|318|1|307|
14|391|192|0|82|1|98|
14|621|288|0|332|1|310|
14|404|192|0|313|1|307|
14|371|192|0|82|1|98|
14|397|288|0|82|1|98|
14|381|192|0|82|1|98|
14|613|384|0|335|1|310|
14|400|192|0|82|1|98|
14|596|288|0|332|1|310|
14|397|192|0|82|1|98|
14|591|192|0|332|1|310|
14|385|288|0|82|1|98|
14|370|192|0|82|1|98|
14|363|192|0|82|1|98|
14|952|480|0|82|1|98|
14|579|384|0|332|1|310|
14|595|288|0|331|1|310|
14|614|288|0|331|1|310|
14|386|192|0|316|1|307|
14|608|288|0|332|1|310|
14|363|192|0|82|1|98|
14|394|192|0|82|1|98|
14|364|192|0|82|1|98|
14|380|288|0|315|1|307|
14|400|192|0|315|1|307|
14|365|192|0|82|1|98|
14|354|96|0|82|1|98|
14|407|288|0|79|1|97|
14|426|288|0|88|1|101|
14|418|192|0|85|1|98|
14|456|192|0|307|1|307|
14|421|192|0|86|1|99|
14|437|192|0|87|1|101|
14|426|192|0|85|1|100|
14|402|192|0|83|1|99|
14|422|192|0|303|1|309|
14|427|288|0|88|1|101|
14|1887|960|0|82|1|101|
14|733|384|0|317|1|307|
14|664|384|0|337|1|310|
14|432|288|0|86|1|101|
14|418|288|0|83|1|102|
14|425|288|0|86|1|102|
14|429|288|0|88|1|100|
14|364|192|0|82|1|98|
14|399|192|0|82|1|98|
14|362|192|0|82|1|98|
14|370|192|0|82|1|98|
14|399|192|0|82|1|98|
14|847|384|0|82|1|98|
14|408|192|0|82|1|98|
14|397|288|0|82|1|98|
14|392|192|0|82|1|98|
14|401|192|0|82|1|98|
14|396|192|0|82|1|98|
14|397|288|0|82|1|98|
14|405|192|0|82|1|98|
14|405|192|0|82|1|98|
14|1173|576|0|82|1|98|
14|385|192|0|82|1|98|
14|388|288|0|82|1|98|
14|383|192|0|82|1|98|
14|396|192|0|82|1|98|
14|399|288|0|82|1|98|
14|394|192|0|82|1|98|
14|399|192|0|82|1|98|
14|394|192|0|82|1|98|
14|399|192|0|82|1|98|
14|396|288|0|82|1|98|
14|378|192|0|82|1|98|
14|394|192|0|82|1|98|
14|379|192|0|82|1|98|
14|393|192|0|82|1|98|
14|399|192|0|82|1|98|
14|1181|672|0|82|1|98|
14|381|192|0|82|1|98|
14|385|192|0|82|1|98|
14|398|192|0|82|1|98|
14|412|192|0|82|1|98|
14|399|192|0|82|1|98|
14|358|192|0|82|1|98|
14|391|192|0|82|1|98|
14|388|192|0|82|1|98|
14|371|192|0|82|1|98|
14|391|288|0|82|1|98|
14|390|192|0|82|1|98|
14|664|384|0|85|1|98|
14|1299|672|0|82|1|98|
14|387|288|0|82|1|98|
14|386|192|0|82|1|98|
14|383|192|0|82|1|98|
14|384|192|0|80|1|97|
14|369|288|0|82|1|98|
14|398|288|0|82|1|98|
14|398|192|0|82|1|98|
14|432|288|0|87|1|98|
14|435|288|0|87|1|101|
14|412|192|0|80|1|99|
14|419|192|0|88|1|100|
14|395|192|0|80|1|97|
14|407|192|0|89|1|98|
14|386|288|0|83|1|98|
14|399|288|0|79|1|98|
14|1513|768|0|87|1|98|
14|434|192|0|86|1|101|
14|432|192|0|85|1|98|
14|427|192|0|87|1|98|
14|433|192|0|87|1|101|
14|464|192|0|83|1|101|
14|1761|960|0|81|1|99|
14|395|192|0|82|1|98|
14|361|96|0|82|1|98|
14|366|192|0|82|1|98|
14|426|192|0|82|1|98|
14|396|192|0|82|1|98|
14|387|192|0|82|1|98|
14|376|288|0|82|1|98|
14|1141|576|0|82|1|98|
14|386|192|0|82|1|98|
14|398|288|0|82|1|98|
14|383|192|0|82|1|98|
14|398|192|0|82|1|98|
14|463|288|0|82|1|98|
14|400|192|0|82|1|98|
14|382|192|0|82|1|98|
14|393|192|0|82|1|98|
14|400|192|0|82|1|98|
14|379|192|0|82|1|98|
14|399|288|0|82|1|98|
14|379|192|0|82|1|98|
14|399|192|0|82|1|98|
14|398|192|0|82|1|98|
14|401|192|0|82|1|98|
14|400|192|0|82|1|98|
14|398|192|0|82|1|98|
14|1233|672|0|82|1|98|
14|380|192|0|82|1|98|
14|394|192|0|82|1|98|
14|399|288|0|82|1|98|
14|393|192|0|82|1|98|
14|398|192|0|82|1|98|
14|397|192|0|82|1|98|
14|395|192|0|82|1|98|
14|391|192|0|82|1|98|
14|393|192|0|82|1|98|
14|388|192|0|82|1|98|
14|382|192|0|82|1|98|
14|391|192|0|80|1|97|
14|387|192|0|82|1|98|
14|391|192|0|89|1|101|
14|420|192|0|82|1|98|
14|362|192|0|82|1|98|
14|434|192|0|81|1|101|
14|386|192|0|82|1|98|
14|405|192|0|82|1|98|
14|384|192|0|82|1|98|
14|354|192|0|82|1|98|
14|391|192|0|82|1|98|
14|360|192|0|82|1|98|
14|398|192|0|82|1|98|
14|435|288|0|87|1|101|
14|417|192|0|86|1|101|
14|461|288|0|85|1|101|
14|411|192|0|84|1|106|
14|411|192|0|87|1|103|
14|421|192|0|85|1|101|
14|415|288|0|87|1|100|
14|431|288|0|86|1|104|
14|434|192|0|82|1|102|
14|423|192|0|88|1|98|
14|394|192|0|82|1|98|
14|421|192|0|83|1|100|
14|410|192|0|80|1|98|
14|408|192|0|82|1|98|
14|432|288|0|82|1|94|
14|396|288|0|82|1|98|
14|404|192|0|82|1|98|
14|357|192|0|82|1|98|
14|404|192|0|82|1|98|
14|397|192|0|82|1|98|
14|404|288|0|82|1|98|
14|380|192|0|82|1|98|
14|386|288|0|82|1|98|
14|396|288|0|82|1|98|
14|383|192|0|82|1|98|
14|392|192|0|80|1|97|
14|404|192|0|82|1|98|
14|404|192|0|82|1|98|
14|379|192|0|82|1|98|
14|399|288|0|82|1|98|
14|394|192|0|82|1|98|
14|404|288|0|82|1|98|
14|396|192|0|82|1|98|
14|403|192|0|82|1|98|
14|533|288|0|82|1|98|
14|400|192|0|82|1|98|
14|394|192|0|82|1|98|
14|393|192|0|82|1|98|
14|397|192|0|82|1|98|
14|395|192|0|82|1|98|
14|397|192|0|82|1|98|
14|392|192|0|82|1|98|
14|389|288|0|82|1|98|
14|384|192|0|82|1|98|
14|377|192|0|82|1|98|
14|379|192|0|82|1|98|
14|398|192|0|82|1|98|
14|400|192|0|80|1|97|
14|397|192|0|82|1|98|
14|385|192|0|82|1|98|
14|385|192|0|82|1|98|
14|383|192|0|82|1|98|
14|384|192|0|82|1|98|
14|397|192|0|82|1|98|
14|408|192|0|88|1|98|
14|399|192|0|82|1|98|
14|385|192|0|82|1|98|
14|390|192|0|82|1|98|
14|394|192|0|82|1|98|
14|386|192|0|82|1|98|
14|378|192|0|82|1|98|
14|606|288|0|331|1|310|
14|459|192|0|82|1|98|
14|390|192|0|82|1|98|
14|365|192|0|82|1|98|
14|426|192|0|89|1|100|
14|437|288|0|87|1|101|
14|1376|768|0|90|1|100|
14|427|288|0|79|1|98|
14|418|192|0|85|1|100|
14|458|192|0|308|1|310|
14|1608|864|0|88|1|103|
14|431|288|0|86|1|101|
14|171|0|0|89|1|103|
14|748|384|0|328|1|310|
14|464|192|0|82|1|98|
14|416|192|0|76|1|97|
14|427|288|0|96|1|101|
14|430|192|0|75|1|98|
14|452|192|0|89|1|101|
14|366|288|0|80|1|97|
14|389|192|0|82|1|98|
14|372|288|0|82|1|98|
14|396|192|0|82|1|98|
14|399|192|0|82|1|98|
14|394|192|0|82|1|98|
14|385|192|0|82|1|98|
14|406|192|0|82|1|98|
14|385|192|0|82|1|98|
14|396|192|0|82|1|98|
14|390|192|0|82|1|98|
14|385|192|0|82|1|98|
14|379|288|0|82|1|98|
14|387|192|0|82|1|98|
14|389|192|0|82|1|98|
14|392|192|0|82|1|98|
14|402|192|0|82|1|98|
14|385|192|0|82|1|98|
14|403|192|0|82|1|98|
14|384|192|0|82|1|98|
14|387|288|0|82|1|98|
14|382|192|0|82|1|98|
14|386|192|0|82|1|98|
14|383|288|0|82|1|98|
14|376|192|0|82|1|98|
14|386|192|0|82|1|98|
14|382|192|0|82|1|98|
14|384|288|0|82|1|98|
14|384|192|0|82|1|98|
14|404|192|0|82|1|98|
14|381|192|0|82|1|98|
14|402|192|0|82|1|98|
14|382|192|0|82|1|98|
14|405|288|0|82|1|98|
14|382|192|0|82|1|98|
14|390|192|0|82|1|98|
14|382|192|0|82|1|98|
14|439|288|0|82|1|98|
14|385|192|0|82|1|98|
14|393|192|0|82|1|98|
14|381|192|0|82|1|98|
14|404|288|0|82|1|98|
14|394|192|0|82|1|98|
14|376|288|0|82|1|98|
14|351|192|0|82|1|98|
14|380|192|0|82|1|98|
14|388|192|0|84|1|102|
14|382|192|0|82|1|98|
14|384|192|0|82|1|98|
14|384|96|0|82|1|98|
14|360|192|0|82|1|98|
14|391|192|0|82|1|98|
14|379|192|0|82|1|98|
14|389|192|0|82|1|98|
14|438|192|0|86|1|98|
14|448|192|0|86|1|93|
14|754|384|0|315|1|310|
14|435|192|0|85|1|93|
14|461|192|0|91|1|108|
14|445|288|0|307|1|307|
14|427|288|0|86|1|98|
14|402|288|0|86|1|100|
14|420|192|0|86|1|98|
14|441|192|0|84|1|101|
14|414|192|0|84|1|100|
14|437|288|0|321|1|312|
14|444|288|0|86|1|98|
14|399|192|0|84|1|100|
14|413|192|0|86|1|100|
14|401|192|0|82|1|98|
14|402|192|0|82|1|98|
14|393|288|0|82|1|98|
14|399|192|0|82|1|98|
14|401|192|0|315|1|307|
14|401|192|0|82|1|98|
14|399|192|0|82|1|98|
14|396|192|0|82|1|98|
14|607|288|0|332|1|310|
14|600|288|0|332|1|310|
14|393|192|0|82|1|98|
14|388|192|0|82|1|98|
14|399|192|0|82|1|98|
14|389|192|0|82|1|98|
14|401|288|0|316|1|307|
14|401|288|0|82|1|98|
14|399|192|0|82|1|98|
14|603|288|0|332|1|310|
14|388|192|0|82|1|98|
14|392|192|0|82|1|98|
14|607|288|0|332|1|310|
14|387|192|0|82|1|98|
14|395|192|0|82|1|98|
14|390|192|0|82|1|98|
14|398|192|0|82|1|98|
14|402|192|0|82|1|98|
14|615|288|0|314|1|307|
14|401|192|0|82|1|98|
14|387|192|0|82|1|98|
14|362|192|0|82|1|98|
14|385|192|0|82|1|98|
14|778|384|0|330|1|310|
14|400|192|0|317|1|307|
14|399|192|0|315|1|307|
14|1875|1056|0|82|1|98|
14|395|192|0|82|1|98|
14|392|192|0|82|1|98|
14|609|288|0|332|1|310|
14|392|192|0|82|1|98|
14|362|192|0|83|1|98|
14|395|192|0|82|1|98|
14|382|192|0|82|1|98|
14|399|192|0|82|1|98|
14|482|288|0|82|1|98|
14|386|192|0|82|1|98|
14|400|192|0|82|1|98|
14|386|192|0|82|1|98|
14|385|192|0|82|1|98|
14|386|192|0|82|1|98|
14|407|192|0|82|1|98|
14|386|192|0|82|1|98|
14|387|192|0|82|1|98|
14|391|288|0|82|1|98|
14|388|192|0|82|1|98|
14|404|192|0|82|1|98|
14|385|192|0|82|1|98|
14|405|192|0|82|1|98|
14|431|192|0|87|1|98|
14|442|288|0|87|1|98|
14|412|192|0|83|1|94|
14|406|192|0|83|1|101|
14|402|192|0|86|1|98|
14|403|288|0|80|1|98|
14|381|192|0|310|1|309|
14|375|288|0|78|1|93|
14|747|384|0|310|1|310|
14|428|192|0|84|1|104|
14|415|192|0|86|1|98|
14|405|192|0|86|1|99|
14|381|192|0|82|1|98|
14|443|288|0|87|1|103|
14|411|192|0|313|1|309|
14|393|192|0|89|1|100|
14|393|96|0|82|1|98|
14|352|192|0|82|1|98|
14|372|192|0|82|1|98|
14|381|192|0|82|1|98|
14|383|192|0|82|1|98|
14|378|192|0|82|1|98|
14|386|192|0|82|1|98|
14|387|192|0|82|1|98|
14|596|288|0|331|1|310|
14|385|192|0|316|1|307|
14|1599|864|0|82|1|98|
14|400|288|0|82|1|98|
14|775|384|0|82|1|98|
14|397|192|0|82|1|98|
14|404|192|0|82|1|98|
14|387|192|0|82|1|98|
14|406|192|0|82|1|98|
14|610|288|0|332|1|310|
14|382|192|0|82|1|98|
14|845|576|0|82|1|98|
14|597|288|0|331|1|310|
14|893|480|0|82|1|98|
14|399|288|0|82|1|98|
14|395|192|0|316|1|307|
14|398|288|0|316|1|307|
14|390|192|0|82|1|98|
14|368|192|0|82|1|98|
14|419|192|0|316|1|307|
14|599|288|0|331|1|310|
14|388|192|0|316|1|307|
14|368|192|0|80|1|97|
14|396|192|0|82|1|98|
14|396|192|0|82|1|98|
14|574|384|0|82|1|98|
14|393|192|0|82|1|98|
14|383|288|0|316|1|307|
14|369|192|0|82|1|98|
14|370|192|0|82|1|98|
14|401|192|0|82|1|98|
14|369|192|0|82|1|98|
14|371|192|0|82|1|98|
14|382|192|0|82|1|98|
14|392|192|0|82|1|98|
14|602|384|0|332|1|310|
14|603|288|0|333|1|310|
14|385|192|0|82|1|98|
14|391|192|0|82|1|98|
14|362|192|0|80|1|97|
14|396|192|0|82|1|98|
14|593|384|0|336|1|315|
14|768|384|0|309|1|309|
14|465|288|0|89|1|105|
14|464|288|0|87|1|104|
14|423|192|0|82|1|98|
14|395|192|0|86|1|98|
14|396|192|0|86|1|98|
14|423|192|0|87|1|98|
14|447|288|0|305|1|307|
14|452|288|0|87|1|100|
14|446|288|0|83|1|101|
14|422|288|0|82|1|98|
14|648|288|0|328|1|312|
14|442|192|0|304|1|310|
14|414|192|0|85|1|100|
14|409|192|0|78|1|100|
14|405|288|0|82|1|98|
14|383|192|0|82|1|98|
14|392|192|0|82|1|98|
14|387|192|0|82|1|98|
14|403|192|0|82|1|98|
14|409|192|0|82|1|98|
14|402|288|0|82|1|98|
14|394|192|0|82|1|98|
14|397|192|0|80|1|97|
14|405|192|0|82|1|98|
14|886|384|0|82|1|98|
14|404|288|0|82|1|98|
14|395|192|0|82|1|98|
14|401|192|0|82|1|98|
14|396|192|0|82|1|98|
14|403|288|0|82|1|98|
14|395|192|0|82|1|98|
14|405|192|0|82|1|98|
14|401|192|0|82|1|98|
14|410|192|0|82|1|98|
14|377|192|0|82|1|98|
14|393|192|0|82|1|98|
14|407|192|0|82|1|98|
14|396|288|0|82|1|98|
14|405|192|0|82|1|98|
14|391|192|0|82|1|98|
14|396|192|0|82|1|98|
14|388|192|0|82|1|98|
14|404|192|0|82|1|98|
14|406|288|0|82|1|98|
14|376|192|0|82|1|98|
14|377|192|0|82|1|98|
14|405|192|0|316|1|307|
14|373|192|0|82|1|98|
14|379|96|0|76|1|96|
14|406|192|0|82|1|98|
14|402|192|0|82|1|98|
14|394|192|0|82|1|98|
14|402|192|0|82|1|98|
14|395|288|0|82|1|98|
14|376|96|0|84|1|98|
14|403|192|0|84|1|96|
14|443|192|0|84|1|98|
14|443|192|0|91|1|98|
14|390|192|0|82|1|98|
14|427|288|0|87|1|101|
14|406|288|0|84|1|98|
14|423|192|0|86|1|100|
14|379|96|0|83|1|101|
14|435|288|0|86|1|101|
14|1148|576|0|81|1|94|
14|384|192|0|82|1|98|
14|403|192|0|82|1|98|
14|385|192|0|82|1|98|
14|618|288|0|332|1|310|
14|408|288|0|315|1|307|
14|378|192|0|82|1|98|
14|402|192|0|82|1|98|
14|618|288|0|331|1|310|
14|409|192|0|82|1|98|
14|1273|672|0|82|1|98|
14|401|192|0|82|1|98|
14|598|288|0|329|1|310|
14|405|192|0|82|1|98|
14|396|192|0|82|1|98|
14|404|192|0|82|1|98|
14|386|192|0|316|1|307|
14|405|192|0|82|1|98|
14|384|192|0|82|1|98|
14|617|288|0|332|1|310|
14|403|192|0|82|1|98|
14|401|192|0|82|1|98|
14|404|288|0|316|1|307|
14|397|192|0|82|1|98|
14|420|288|0|82|1|98|
14|397|192|0|82|1|98|
14|392|288|0|312|1|306|
14|392|192|0|82|1|98|
14|396|192|0|82|1|98|
14|401|192|0|82|1|98|
14|384|288|0|82|1|98|
14|411|288|0|82|1|98|
14|393|192|0|316|1|307|
14|389|192|0|82|1|98|
14|407|288|0|82|1|98|
14|390|192|0|82|1|98|
14|398|192|0|316|1|307|
14|389|192|0|82|1|98|
14|402|192|0|82|1|98|
14|397|192|0|82|1|98|
14|402|192|0|82|1|98|
14|408|192|0|82|1|98|
14|406|192|0|314|1|307|
14|415|288|0|315|1|307|
14|402|192|0|82|1|98|
14|398|288|0|82|1|98|
14|392|192|0|82|1|98|
14|607|288|0|330|1|310|
14|404|192|0|82|1|98|
14|404|192|0|82|1|98|
14|388|192|0|82|1|98|
14|381|192|0|82|1|98|
14|403|192|0|82|1|98|
14|397|192|0|82|1|98|
14|404|192|0|315|1|307|
14|366|192|0|82|1|98|
14|610|384|0|334|1|306|
14|388|192|0|317|1|307|
14|922|480|0|82|1|98|
14|403|192|0|82|1|98|
14|503|288|0|82|1|98|
14|396|192|0|82|1|98|
14|399|288|0|82|1|98|
14|399|192|0|82|1|98|
14|364|192|0|82|1|98|
14|427|192|0|86|1|100|
14|423|192|0|83|1|100|
14|427|192|0|76|1|98|
14|366|192|0|82|1|97|
14|398|96|0|86|1|98|
14|547|384|0|85|1|98|
14|447|192|0|88|1|98|
14|432|192|0|83|1|98|
14|401|192|0|83|1|98|
14|379|192|0|82|1|98|
14|372|192|0|82|1|98|
14|401|288|0|82|1|98|
14|387|192|0|80|1|97|
14|409|288|0|82|1|98|
14|389|192|0|82|1|98|
14|399|192|0|82|1|98|
14|401|288|0|82|1|98|
14|398|288|0|82|1|98|
14|393|288|0|82|1|98|
14|389|192|0|82|1|98|
14|407|192|0|82|1|98|
14|390|192|0|82|1|98|
14|390|192|0|80|1|97|
14|392|192|0|82|1|98|
14|401|192|0|82|1|98|
14|405|288|0|82|1|98|
14|1271|672|0|82|1|98|
14|400|192|0|82|1|98|
14|401|192|0|82|1|98|
14|384|192|0|82|1|98|
14|389|192|0|82|1|98|
14|410|192|0|82|1|98|
14|389|192|0|82|1|98|
14|398|192|0|82|1|98|
14|409|192|0|82|1|98|
14|394|192|0|82|1|98|
14|405|192|0|82|1|98|
14|404|192|0|82|1|98|
14|404|192|0|82|1|98|
14|397|192|0|82|1|98|
14|401|192|0|82|1|98|
14|388|192|0|82|1|98|
14|400|192|0|82|1|98|
14|403|192|0|82|1|98|
14|393|192|0|82|1|98|
14|397|192|0|82|1|98|
14|393|192|0|82|1|98|
14|401|288|0|82|1|98|
14|383|192|0|82|1|98|
14|404|192|0|82|1|98|
14|381|192|0|82|1|98|
14|403|192|0|82|1|98|
14|403|192|0|82|1|98|
14|549|288|0|82|1|98|
14|391|192|0|82|1|98|
14|385|192|0|82|1|98|
14|401|192|0|82|1|98|
14|385|192|0|82|1|98|
14|403|192|0|82|1|98|
14|399|192|0|82|1|98|
14|407|192|0|82|1|98|
14|368|192|0|82|1|98|
14|374|192|0|82|1|98|
14|385|192|0|82|1|98|
14|395|192|0|86|1|100|
14|406|288|0|82|1|98|
14|397|96|0|82|1|98|
14|382|192|0|82|1|98|
14|396|192|0|82|1|98|
14|404|288|0|82|1|98|
14|432|192|0|89|1|100|
14|427|192|0|87|1|101|
14|706|384|0|333|1|310|
14|379|192|0|309|1|308|
14|408|192|0|316|1|307|
14|398|192|0|82|1|98|
14|403|288|0|82|1|98|
14|459|288|0|82|1|98|
14|398|192|0|82|1|98|
14|412|192|0|82|1|98|
14|407|192|0|82|1|98|
14|392|192|0|82|1|98|
14|402|192|0|82|1|98|
14|391|192|0|82|1|98|
14|400|192|0|82|1|98|
14|408|192|0|315|1|307|
14|404|192|0|315|1|307|
14|398|192|0|82|1|98|
14|396|192|0|82|1|98|
14|408|192|0|82|1|98|
14|410|192|0|82|1|98|
14|611|288|0|330|1|310|
14|410|192|0|82|1|98|
14|390|192|0|82|1|98|
14|401|192|0|82|1|98|
14|389|288|0|82|1|98|
14|616|384|0|331|1|310|
14|397|192|0|82|1|98|
14|391|192|0|82|1|98|
14|406|192|0|316|1|307|
14|400|192|0|319|1|307|
14|396|192|0|82|1|98|
