INSTRUCTIONS_RETIRED|CYCLES|UNKNOWN|LD_BLOCKS.STORE_FORWARD|UOPS_EXECUTED.CORE|BR_MISP_RETIRED.ALL_BRANCHES|UOPS_ISSUED.SINGLE_MUL|
13|353|330|0|159|1|0|
13|259|450|0|128|1|0|
13|303|330|0|143|1|0|
13|259|450|0|128|1|0|
13|345|360|0|157|1|0|
13|303|420|0|143|1|0|
13|345|330|0|157|1|0|
13|343|330|0|156|1|0|
13|341|330|0|155|1|0|
13|349|390|0|158|1|0|
13|341|330|0|155|1|0|
13|333|390|0|153|1|0|
13|339|390|0|155|1|0|
13|333|330|0|153|1|0|
13|337|390|0|154|1|0|
13|337|390|0|154|1|0|
13|332|330|0|152|1|0|
13|335|390|0|153|1|0|
13|335|360|0|153|1|0|
13|333|390|0|153|1|0|
13|337|330|0|154|1|0|
13|337|390|0|154|1|0|
13|335|330|0|153|1|0|
13|340|360|0|155|1|0|
13|701|780|0|192|1|0|
13|336|330|0|154|1|0|
13|291|300|0|139|1|0|
13|331|330|0|152|1|0|
13|371|330|0|165|1|0|
13|303|300|0|143|1|0|
13|345|360|0|157|1|0|
13|351|330|0|159|1|0|
13|345|390|0|157|1|0|
13|351|330|0|159|1|0|
13|305|300|0|143|1|0|
13|345|360|0|157|1|0|
13|350|330|0|158|1|0|
13|1178|1200|0|188|1|0|
13|349|390|0|158|1|0|
13|342|360|0|155|1|0|
13|342|330|0|155|1|0|
13|349|330|0|158|1|0|
13|341|330|0|155|1|0|
13|349|330|0|158|1|0|
13|1015|1020|0|188|1|0|
13|787|810|0|192|1|0|
13|354|330|0|160|1|0|
13|349|390|0|158|1|0|
13|347|360|0|157|1|0|
13|347|330|0|157|1|0|
13|353|330|0|159|1|0|
13|345|330|0|157|1|0|
13|363|360|0|163|1|0|
13|351|360|0|159|1|0|
13|349|330|0|158|1|0|
13|343|360|0|156|1|0|
13|354|330|0|160|1|0|
13|345|330|0|157|1|0|
13|355|330|0|160|1|0|
13|348|330|0|157|1|0|
13|345|330|0|157|1|0|
13|346|330|0|157|1|0|
13|350|330|0|158|1|0|
13|350|390|0|158|1|0|
13|351|390|0|158|1|0|
13|348|330|0|157|1|0|
13|354|330|0|159|1|0|
13|352|330|0|159|1|0|
13|348|330|0|157|1|0|
13|346|330|0|157|1|0|
13|350|330|0|158|1|0|
13|346|330|0|157|1|0|
13|346|360|0|157|1|0|
13|346|330|0|157|1|0|
13|346|390|0|157|1|0|
13|350|330|0|158|1|0|
13|342|360|0|155|1|0|
13|352|360|0|159|1|0|
13|354|330|0|159|1|0|
13|352|330|0|159|1|0|
13|354|330|0|159|1|0|
13|350|330|0|158|1|0|
13|353|360|0|159|1|0|
13|351|360|0|158|1|0|
13|356|360|0|160|1|0|
13|358|330|0|161|1|0|
13|352|330|0|159|1|0|
13|356|300|0|160|1|0|
13|360|360|0|161|1|0|
13|358|360|0|161|1|0|
13|362|360|0|162|1|0|
13|364|330|0|163|1|0|
13|352|330|0|159|1|0|
13|356|330|0|160|1|0|
13|354|330|0|159|1|0|
13|352|330|0|159|1|0|
13|350|360|0|158|1|0|
13|356|330|0|160|1|0|
13|356|360|0|160|1|0|
13|350|330|0|158|1|0|
13|351|360|0|159|1|0|
13|354|330|0|159|1|0|
13|364|330|0|163|1|0|
13|328|330|0|151|1|0|
13|358|360|0|161|1|0|
13|306|270|0|143|1|0|
13|358|360|0|161|1|0|
13|354|330|0|159|1|0|
13|360|360|0|161|1|0|
13|354|360|0|159|1|0|
13|350|330|0|158|1|0|
13|354|330|0|159|1|0|
13|357|330|0|160|1|0|
13|355|360|0|160|1|0|
13|356|330|0|160|1|0|
13|565|570|0|192|1|0|
13|350|360|0|158|1|0|
13|360|360|0|161|1|0|
13|364|360|0|163|1|0|
13|359|330|0|161|1|0|
13|362|360|0|162|1|0|
13|355|360|0|159|1|0|
13|357|330|0|160|1|0|
13|350|330|0|158|1|0|
13|351|330|0|158|1|0|
13|357|330|0|160|1|0|
13|356|360|0|160|1|0|
13|356|360|0|160|1|0|
13|634|630|0|192|1|0|
13|352|330|0|159|1|0|
13|350|330|0|158|1|0|
13|360|330|0|161|1|0|
13|360|330|0|161|1|0|
13|352|330|0|159|1|0|
13|352|330|0|159|1|0|
13|356|360|0|160|1|0|
13|356|360|0|160|1|0|
13|354|360|0|159|1|0|
13|556|570|0|192|1|0|
13|350|360|0|158|1|0|
13|350|360|0|158|1|0|
13|356|360|0|160|1|0|
13|313|330|0|146|1|0|
13|360|330|0|161|1|0|
13|358|330|0|161|1|0|
13|354|330|0|159|1|0|
13|351|330|0|159|1|0|
13|357|360|0|161|1|0|
13|320|300|0|148|1|0|
13|360|360|0|161|1|0|
13|354|330|0|159|1|0|
13|391|390|0|172|1|0|
13|351|360|0|158|1|0|
13|358|360|0|161|1|0|
13|350|330|0|158|1|0|
13|352|330|0|159|1|0|
13|354|330|0|159|1|0|
13|352|360|0|159|1|0|
13|354|360|0|159|1|0|
13|352|360|0|159|1|0|
13|361|360|0|162|1|0|
13|361|330|0|162|1|0|
13|354|330|0|159|1|0|
13|494|510|0|188|1|0|
13|356|360|0|160|1|0|
13|361|360|0|162|1|0|
13|356|330|0|160|1|0|
13|353|360|0|159|1|0|
13|356|360|0|160|1|0|
13|350|330|0|158|1|0|
13|364|360|0|163|1|0|
13|358|360|0|161|1|0|
13|352|330|0|159|1|0|
13|360|360|0|161|1|0|
13|352|330|0|159|1|0|
13|362|360|0|162|1|0|
13|310|300|0|145|1|0|
13|358|330|0|161|1|0|
13|350|330|0|158|1|0|
13|356|330|0|160|1|0|
13|360|330|0|161|1|0|
13|356|360|0|160|1|0|
13|358|360|0|161|1|0|
13|354|330|0|159|1|0|
13|350|360|0|158|1|0|
13|360|360|0|161|1|0|
13|568|570|0|192|1|0|
13|370|360|0|165|1|0|
13|354|330|0|159|1|0|
13|363|360|0|162|1|0|
13|359|330|0|161|1|0|
13|358|330|0|161|1|0|
13|352|330|0|159|1|0|
13|350|330|0|158|1|0|
13|352|330|0|159|1|0|
13|357|360|0|160|1|0|
13|350|330|0|158|1|0|
13|358|330|0|161|1|0|
13|354|360|0|159|1|0|
13|356|330|0|160|1|0|
13|360|330|0|161|1|0|
13|352|330|0|159|1|0|
13|355|330|0|160|1|0|
13|350|330|0|158|1|0|
13|358|360|0|161|1|0|
13|350|360|0|158|1|0|
13|358|360|0|161|1|0|
13|350|360|0|158|1|0|
13|360|330|0|161|1|0|
13|362|360|0|162|1|0|
13|358|330|0|161|1|0|
13|356|360|0|160|1|0|
13|358|360|0|161|1|0|
13|354|330|0|159|1|0|
13|354|360|0|159|1|0|
13|360|330|0|161|1|0|
13|356|330|0|160|1|0|
13|354|330|0|159|1|0|
13|312|300|0|145|1|0|
13|361|330|0|162|1|0|
13|352|330|0|159|1|0|
13|354|330|0|159|1|0|
13|358|360|0|161|1|0|
13|355|360|0|160|1|0|
13|358|330|0|161|1|0|
13|350|360|0|158|1|0|
13|358|360|0|161|1|0|
13|358|360|0|161|1|0|
13|358|330|0|161|1|0|
13|360|360|0|161|1|0|
13|352|330|0|159|1|0|
13|464|480|0|192|1|0|
13|356|360|0|160|1|0|
13|357|330|0|161|1|0|
13|360|330|0|161|1|0|
13|351|360|0|158|1|0|
13|354|330|0|159|1|0|
13|351|360|0|159|1|0|
13|363|330|0|162|1|0|
13|358|360|0|161|1|0|
13|361|360|0|162|1|0|
13|352|330|0|159|1|0|
13|356|330|0|160|1|0|
13|352|360|0|159|1|0|
13|354|360|0|159|1|0|
13|496|510|0|188|1|0|
13|365|330|0|163|1|0|
13|358|360|0|161|1|0|
13|349|360|0|158|1|0|
13|349|360|0|158|1|0|
13|347|360|0|157|1|0|
13|351|330|0|159|1|0|
13|359|360|0|161|1|0|
13|351|330|0|159|1|0|
13|359|360|0|161|1|0|
13|357|330|0|161|1|0|
13|357|360|0|161|1|0|
13|359|360|0|161|1|0|
13|353|330|0|159|1|0|
13|355|330|0|160|1|0|
13|361|360|0|162|1|0|
13|351|330|0|159|1|0|
13|357|360|0|161|1|0|
13|391|390|0|163|1|0|
13|355|330|0|160|1|0|
13|342|330|0|156|1|0|
13|351|390|0|159|1|0|
13|344|360|0|156|1|0|
13|593|570|0|192|1|0|
13|351|390|0|159|1|0|
13|343|360|0|156|1|0|
13|351|330|0|159|1|0|
13|345|330|0|157|1|0|
13|353|330|0|159|1|0|
13|355|390|0|160|1|0|
13|359|360|0|161|1|0|
13|353|330|0|159|1|0|
13|351|330|0|159|1|0|
13|351|330|0|159|1|0|
13|357|330|0|161|1|0|
13|493|510|0|188|1|0|
13|359|330|0|161|1|0|
13|352|360|0|159|1|0|
13|350|390|0|158|1|0|
13|362|360|0|162|1|0|
13|356|330|0|160|1|0|
13|360|360|0|161|1|0|
13|354|360|0|159|1|0|
13|365|330|0|163|1|0|
13|360|360|0|161|1|0|
13|352|360|0|159|1|0|
13|356|360|0|160|1|0|
13|334|360|0|153|1|0|
13|758|750|0|188|1|0|
13|346|330|0|157|1|0|
13|475|450|0|188|1|0|
13|378|390|0|168|1|0|
13|308|330|0|144|1|0|
13|303|330|0|143|1|0|
13|393|390|0|172|1|0|
13|306|330|0|143|1|0|
13|974|960|0|192|1|0|
13|345|330|0|157|1|0|
13|341|330|0|155|1|0|
13|302|300|0|142|1|0|
13|347|330|0|157|1|0|
13|344|360|0|156|1|0|
13|708|720|0|192|1|0|
13|357|360|0|161|1|0|
13|345|330|0|157|1|0|
13|327|360|0|151|1|0|
13|279|330|0|135|1|0|
13|317|360|0|147|1|0|
13|325|360|0|150|1|0|
13|967|1080|0|192|1|0|
13|323|360|0|149|1|0|
13|287|330|0|137|1|0|
13|317|360|0|147|1|0|
13|320|390|0|148|1|0|
13|315|390|0|147|1|0|
13|319|390|0|148|1|0|
13|329|390|0|151|1|0|
13|338|360|0|154|1|0|
13|333|390|0|153|1|0|
13|330|390|0|152|1|0|
13|337|360|0|154|1|0|
13|337|330|0|154|1|0|
13|337|330|0|154|1|0|
13|330|360|0|152|1|0|
13|333|390|0|153|1|0|
13|334|360|0|153|1|0|
13|339|390|0|155|1|0|
13|335|390|0|153|1|0|
13|335|360|0|153|1|0|
13|331|360|0|152|1|0|
13|335|360|0|153|1|0|
13|334|390|0|153|1|0|
13|340|390|0|155|1|0|
13|332|360|0|152|1|0|
13|337|390|0|154|1|0|
13|336|390|0|153|1|0|
13|340|330|0|155|1|0|
13|338|390|0|154|1|0|
13|747|810|0|188|1|0|
13|334|360|0|153|1|0|
13|332|390|0|152|1|0|
13|338|360|0|154|1|0|
13|334|330|0|153|1|0|
13|330|390|0|151|1|0|
13|336|360|0|153|1|0|
13|336|390|0|153|1|0|
13|340|330|0|155|1|0|
13|334|330|0|153|1|0|
13|336|330|0|153|1|0|
13|342|330|0|156|1|0|
13|349|330|0|158|1|0|
13|347|330|0|157|1|0|
13|343|360|0|156|1|0|
13|302|300|0|142|1|0|
13|344|330|0|156|1|0|
13|347|330|0|157|1|0|
13|344|330|0|156|1|0|
13|351|360|0|159|1|0|
13|347|360|0|157|1|0|
13|347|330|0|157|1|0|
13|353|390|0|159|1|0|
13|845|870|0|188|1|0|
13|301|330|0|142|1|0|
13|341|360|0|155|1|0|
13|349|330|0|158|1|0|
13|303|330|0|143|1|0|
13|353|360|0|159|1|0|
13|346|360|0|157|1|0|
13|343|330|0|156|1|0|
13|331|330|0|152|1|0|
13|337|390|0|154|1|0|
13|353|330|0|159|1|0|
13|341|360|0|155|1|0|
13|354|360|0|159|1|0|
13|346|330|0|157|1|0|
13|352|390|0|159|1|0|
13|336|390|0|153|1|0|
13|352|390|0|159|1|0|
13|331|390|0|152|1|0|
13|350|330|0|158|1|0|
13|335|330|0|153|1|0|
13|346|360|0|157|1|0|
13|344|360|0|156|1|0|
13|354|360|0|160|1|0|
13|349|360|0|158|1|0|
13|716|720|0|188|1|0|
13|347|330|0|157|1|0|
13|341|330|0|155|1|0|
13|347|330|0|157|1|0|
13|347|360|0|157|1|0|
13|347|360|0|157|1|0|
13|343|360|0|156|1|0|
13|345|330|0|157|1|0|
13|345|330|0|157|1|0|
13|353|330|0|159|1|0|
13|346|330|0|157|1|0|
13|354|330|0|160|1|0|
13|349|360|0|158|1|0|
13|349|360|0|158|1|0|
13|345|330|0|157|1|0|
13|349|330|0|158|1|0|
13|351|390|0|159|1|0|
13|349|330|0|158|1|0|
13|350|360|0|158|1|0|
13|344|330|0|156|1|0|
13|346|330|0|157|1|0|
13|345|360|0|157|1|0|
13|359|360|0|161|1|0|
13|346|330|0|157|1|0|
13|347|360|0|157|1|0|
13|341|360|0|155|1|0|
13|349|330|0|158|1|0|
13|345|360|0|157|1|0|
13|351|360|0|159|1|0|
13|347|330|0|157|1|0|
13|349|360|0|158|1|0|
13|345|330|0|157|1|0|
13|339|390|0|155|1|0|
13|761|840|0|188|1|0|
13|340|390|0|155|1|0|
13|337|360|0|154|1|0|
13|330|330|0|152|1|0|
13|339|330|0|155|1|0|
13|668|720|0|192|1|0|
13|331|360|0|152|1|0|
13|335|330|0|153|1|0|
13|329|360|0|151|1|0|
13|339|390|0|155|1|0|
13|331|390|0|152|1|0|
13|334|390|0|153|1|0|
13|760|810|0|192|1|0|
13|573|600|0|192|1|0|
13|331|360|0|152|1|0|
13|334|390|0|153|1|0|
13|814|900|0|192|1|0|
13|330|360|0|151|1|0|
13|330|390|0|151|1|0|
13|336|390|0|153|1|0|
13|334|390|0|153|1|0|
13|338|390|0|154|1|0|
13|338|330|0|154|1|0|
13|332|360|0|152|1|0|
13|341|330|0|155|1|0|
13|336|390|0|153|1|0|
13|337|390|0|154|1|0|
13|333|360|0|152|1|0|
13|340|390|0|155|1|0|
13|336|360|0|153|1|0|
13|340|330|0|155|1|0|
13|338|330|0|154|1|0|
13|633|720|0|192|1|0|
13|322|360|0|149|1|0|
13|325|360|0|150|1|0|
13|327|330|0|150|1|0|
13|326|360|0|150|1|0|
13|327|360|0|151|1|0|
13|327|330|0|151|1|0|
13|327|360|0|151|1|0|
13|332|360|0|152|1|0|
13|323|360|0|149|1|0|
13|323|360|0|149|1|0|
13|325|360|0|150|1|0|
13|324|360|0|150|1|0|
13|324|360|0|150|1|0|
13|331|360|0|152|1|0|
13|311|390|0|145|1|0|
13|307|390|0|144|1|0|
13|713|870|0|192|1|0|
13|407|480|0|177|1|0|
13|953|1140|0|188|1|0|
13|317|390|0|147|1|0|
13|318|390|0|147|1|0|
13|316|390|0|147|1|0|
13|700|840|0|188|1|0|
13|312|360|0|145|1|0|
13|318|390|0|147|1|0|
13|313|390|0|146|1|0|
13|314|390|0|146|1|0|
13|310|360|0|145|1|0|
13|316|390|0|147|1|0|
13|333|360|0|152|1|0|
13|324|360|0|149|1|0|
13|330|360|0|151|1|0|
13|322|360|0|149|1|0|
13|330|360|0|151|1|0|
13|325|360|0|150|1|0|
13|331|390|0|152|1|0|
13|324|330|0|149|1|0|
13|328|390|0|151|1|0|
13|326|360|0|150|1|0|
13|330|390|0|151|1|0|
13|328|360|0|151|1|0|
13|325|360|0|150|1|0|
13|327|360|0|150|1|0|
13|326|330|0|150|1|0|
13|322|390|0|149|1|0|
13|318|390|0|147|1|0|
13|322|360|0|149|1|0|
13|342|390|0|155|1|0|
13|321|390|0|148|1|0|
13|326|390|0|150|1|0|
13|528|600|0|188|1|0|
13|324|360|0|149|1|0|
13|280|300|0|134|1|0|
13|320|390|0|148|1|0|
13|436|510|0|187|1|0|
13|284|300|0|136|1|0|
13|315|390|0|147|1|0|
13|321|360|0|149|1|0|
13|322|390|0|149|1|0|
13|322|390|0|149|1|0|
13|323|360|0|149|1|0|
13|326|360|0|150|1|0|
13|321|390|0|148|1|0|
13|324|390|0|149|1|0|
13|321|390|0|148|1|0|
13|325|360|0|150|1|0|
13|322|390|0|149|1|0|
13|326|390|0|150|1|0|
13|322|390|0|149|1|0|
13|324|360|0|149|1|0|
13|318|360|0|147|1|0|
13|324|390|0|149|1|0|
13|318|360|0|147|1|0|
13|320|390|0|148|1|0|
13|320|390|0|148|1|0|
13|328|390|0|151|1|0|
13|320|360|0|148|1|0|
13|326|360|0|150|1|0|
13|316|360|0|147|1|0|
13|326|390|0|150|1|0|
13|324|390|0|149|1|0|
13|327|390|0|150|1|0|
13|322|360|0|149|1|0|
13|322|390|0|149|1|0|
13|322|390|0|149|1|0|
13|318|360|0|147|1|0|
13|318|360|0|147|1|0|
13|316|360|0|147|1|0|
13|320|360|0|148|1|0|
13|318|360|0|147|1|0|
13|318|360|0|147|1|0|
13|319|390|0|148|1|0|
13|318|360|0|147|1|0|
13|322|360|0|149|1|0|
13|322|390|0|149|1|0|
13|320|360|0|148|1|0|
13|322|360|0|149|1|0|
13|316|390|0|147|1|0|
13|321|390|0|148|1|0|
13|318|390|0|147|1|0|
13|323|360|0|149|1|0|
13|326|360|0|150|1|0|
13|316|360|0|147|1|0|
13|320|360|0|148|1|0|
13|324|360|0|149|1|0|
13|316|360|0|147|1|0|
13|320|390|0|148|1|0|
13|316|390|0|147|1|0|
13|328|360|0|151|1|0|
13|316|360|0|147|1|0|
13|318|390|0|147|1|0|
13|317|390|0|147|1|0|
13|316|360|0|147|1|0|
13|318|390|0|147|1|0|
13|318|360|0|147|1|0|
13|504|600|0|188|1|0|
13|317|360|0|147|1|0|
13|318|390|0|147|1|0|
13|326|360|0|150|1|0|
13|318|360|0|147|1|0|
13|322|390|0|149|1|0|
13|315|360|0|147|1|0|
13|326|390|0|150|1|0|
13|320|360|0|148|1|0|
13|320|390|0|148|1|0|
13|326|360|0|150|1|0|
13|323|390|0|149|1|0|
13|324|390|0|149|1|0|
13|324|390|0|149|1|0|
13|322|390|0|149|1|0|
13|316|390|0|147|1|0|
13|322|360|0|149|1|0|
13|317|360|0|147|1|0|
13|525|600|0|192|1|0|
13|320|390|0|148|1|0|
13|602|690|0|192|1|0|
13|300|360|0|141|1|0|
13|326|360|0|150|1|0|
13|322|360|0|149|1|0|
13|324|390|0|149|1|0|
13|328|390|0|151|1|0|
13|321|360|0|149|1|0|
13|324|390|0|149|1|0|
13|320|390|0|148|1|0|
13|325|390|0|150|1|0|
13|316|360|0|147|1|0|
13|320|390|0|148|1|0|
13|316|360|0|147|1|0|
13|322|390|0|149|1|0|
13|316|360|0|147|1|0|
13|329|390|0|151|1|0|
13|326|390|0|150|1|0|
13|318|390|0|147|1|0|
13|319|390|0|148|1|0|
13|316|390|0|147|1|0|
13|322|360|0|149|1|0|
13|321|360|0|148|1|0|
13|320|390|0|148|1|0|
13|664|750|0|188|1|0|
13|324|360|0|149|1|0|
13|318|360|0|147|1|0|
13|324|360|0|149|1|0|
13|324|390|0|149|1|0|
13|318|360|0|147|1|0|
13|973|1140|0|192|1|0|
13|319|390|0|148|1|0|
13|322|360|0|149|1|0|
13|318|390|0|147|1|0|
13|322|390|0|149|1|0|
13|322|360|0|149|1|0|
13|322|360|0|149|1|0|
13|318|390|0|147|1|0|
13|324|390|0|149|1|0|
13|324|390|0|149|1|0|
13|316|360|0|147|1|0|
13|326|390|0|150|1|0|
13|326|390|0|150|1|0|
13|328|360|0|151|1|0|
13|316|360|0|147|1|0|
13|329|390|0|151|1|0|
13|317|360|0|147|1|0|
13|319|390|0|148|1|0|
13|327|390|0|151|1|0|
13|318|360|0|147|1|0|
13|324|360|0|149|1|0|
13|318|360|0|148|1|0|
13|324|360|0|150|1|0|
13|330|390|0|151|1|0|
13|319|360|0|148|1|0|
13|319|330|0|148|1|0|
13|320|390|0|148|1|0|
13|328|360|0|151|1|0|
13|318|360|0|147|1|0|
13|324|360|0|149|1|0|
13|331|390|0|152|1|0|
13|332|330|0|152|1|0|
13|340|390|0|155|1|0|
13|330|330|0|151|1|0|
13|330|390|0|151|1|0|
13|336|390|0|153|1|0|
13|332|360|0|152|1|0|
13|332|360|0|152|1|0|
13|340|390|0|155|1|0|
13|332|330|0|152|1|0|
13|338|390|0|154|1|0|
13|316|360|0|147|1|0|
13|870|930|0|188|1|0|
13|331|390|0|152|1|0|
13|332|390|0|152|1|0|
13|338|390|0|154|1|0|
14|882|930|0|367|1|0|
13|332|360|0|152|1|0|
13|338|330|0|154|1|0|
13|332|360|0|152|1|0|
13|334|330|0|153|1|0|
13|335|360|0|153|1|0|
13|337|360|0|154|1|0|
13|333|330|0|152|1|0|
13|342|330|0|155|1|0|
13|924|960|0|188|1|0|
13|341|330|0|155|1|0|
13|940|1020|0|188|1|0|
13|330|330|0|151|1|0|
13|340|390|0|155|1|0|
13|340|360|0|155|1|0|
13|340|390|0|155|1|0|
13|334|330|0|153|1|0|
13|336|330|0|153|1|0|
13|341|360|0|155|1|0|
13|330|330|0|151|1|0|
13|330|390|0|151|1|0|
13|332|330|0|152|1|0|
13|332|330|0|152|1|0|
13|333|360|0|152|1|0|
13|870|930|0|188|1|0|
13|336|330|0|153|1|0|
13|336|390|0|153|1|0|
13|342|390|0|155|1|0|
13|539|570|0|188|1|0|
13|335|330|0|153|1|0|
13|844|900|0|192|1|0|
13|340|360|0|155|1|0|
13|338|360|0|154|1|0|
13|338|390|0|154|1|0|
13|731|780|0|188|1|0|
13|332|330|0|152|1|0|
13|753|810|0|188|1|0|
13|338|360|0|154|1|0|
13|331|330|0|152|1|0|
13|337|390|0|154|1|0|
13|335|330|0|153|1|0|
13|339|390|0|155|1|0|
13|332|360|0|152|1|0|
13|313|330|0|146|1|0|
13|707|750|0|188|1|0|
13|331|330|0|152|1|0|
13|333|330|0|153|1|0|
13|331|360|0|152|1|0|
13|334|330|0|153|1|0|
13|321|330|0|149|1|0|
13|324|360|0|150|1|0|
13|323|390|0|149|1|0|
13|327|330|0|151|1|0|
13|327|390|0|151|1|0|
13|321|360|0|149|1|0|
13|333|360|0|153|1|0|
13|321|360|0|149|1|0|
13|323|360|0|149|1|0|
13|323|360|0|149|1|0|
13|333|390|0|153|1|0|
13|325|330|0|150|1|0|
13|323|360|0|149|1|0|
13|457|510|0|192|1|0|
13|331|360|0|152|1|0|
13|325|360|0|150|1|0|
13|343|360|0|156|1|0|
13|349|390|0|158|1|0|
13|345|360|0|157|1|0|
13|354|330|0|160|1|0|
13|349|330|0|158|1|0|
13|346|330|0|157|1|0|
13|341|360|0|155|1|0|
13|658|660|0|188|1|0|
13|343|330|0|156|1|0|
13|341|330|0|155|1|0|
13|347|330|0|157|1|0|
13|611|600|0|192|1|0|
13|351|360|0|159|1|0|
13|349|330|0|158|1|0|
13|351|330|0|159|1|0|
13|355|330|0|160|1|0|
13|355|330|0|160|1|0|
13|351|360|0|159|1|0|
13|349|360|0|158|1|0|
13|353|330|0|159|1|0|
13|359|330|0|161|1|0|
13|350|330|0|158|1|0|
13|353|330|0|159|1|0|
13|345|390|0|157|1|0|
13|355|390|0|160|1|0|
13|343|360|0|156|1|0|
13|353|330|0|159|1|0|
13|349|360|0|158|1|0|
13|353|330|0|159|1|0|
13|351|330|0|159|1|0|
13|353|330|0|159|1|0|
13|363|390|0|163|1|0|
13|349|300|0|158|1|0|
13|353|330|0|159|1|0|
13|349|300|0|158|1|0|
13|361|330|0|162|1|0|
13|357|330|0|161|1|0|
13|351|330|0|159|1|0|
13|359|330|0|161|1|0|
13|352|330|0|159|1|0|
13|351|330|0|159|1|0|
13|355|330|0|160|1|0|
13|350|330|0|158|1|0|
13|351|330|0|159|1|0|
13|351|330|0|159|1|0|
13|359|330|0|161|1|0|
13|359|330|0|161|1|0|
13|349|360|0|158|1|0|
13|349|330|0|158|1|0|
13|351|330|0|159|1|0|
13|353|330|0|159|1|0|
13|353|360|0|159|1|0|
13|351|330|0|159|1|0|
13|353|330|0|159|1|0|
13|359|330|0|161|1|0|
13|351|330|0|159|1|0|
13|359|330|0|161|1|0|
13|361|330|0|162|1|0|
13|359|360|0|161|1|0|
13|347|360|0|157|1|0|
13|343|360|0|156|1|0|
13|345|330|0|157|1|0|
13|343|360|0|156|1|0|
13|343|330|0|156|1|0|
13|341|330|0|155|1|0|
13|341|330|0|155|1|0|
13|351|360|0|159|1|0|
13|341|330|0|155|1|0|
13|347|330|0|157|1|0|
13|351|330|0|159|1|0|
13|347|330|0|157|1|0|
13|352|360|0|159|1|0|
13|355|330|0|160|1|0|
13|351|330|0|159|1|0|
13|359|360|0|161|1|0|
13|355|360|0|160|1|0|
13|351|330|0|159|1|0|
13|343|330|0|156|1|0|
13|343|360|0|156|1|0|
13|968|960|0|192|1|0|
13|351|330|0|159|1|0|
13|299|270|0|141|1|0|
13|341|360|0|155|1|0|
13|341|330|0|155|1|0|
13|326|360|0|150|1|0|
13|345|330|0|157|1|0|
13|367|390|0|164|1|0|
13|302|300|0|142|1|0|
13|346|330|0|157|1|0|
13|321|390|0|149|1|0|
13|320|360|0|148|1|0|
13|317|360|0|147|1|0|
13|323|360|0|149|1|0|
13|319|360|0|148|1|0|
13|325|360|0|150|1|0|
13|315|360|0|147|1|0|
13|327|360|0|151|1|0|
13|321|360|0|149|1|0|
13|317|360|0|147|1|0|
13|320|390|0|148|1|0|
13|324|390|0|149|1|0|
13|301|360|0|142|1|0|
13|321|360|0|149|1|0|
13|320|360|0|148|1|0|
13|320|390|0|148|1|0|
13|325|390|0|150|1|0|
13|321|360|0|149|1|0|
13|318|390|0|147|1|0|
13|329|330|0|151|1|0|
13|335|390|0|153|1|0|
13|332|360|0|152|1|0|
13|335|330|0|153|1|0|
13|333|330|0|153|1|0|
13|317|390|0|147|1|0|
13|316|360|0|147|1|0|
13|335|330|0|153|1|0|
13|331|360|0|152|1|0|
13|349|330|0|158|1|0|
13|353|390|0|159|1|0|
13|345|360|0|157|1|0|
13|355|360|0|160|1|0|
13|351|360|0|159|1|0|
13|343|330|0|156|1|0|
13|356|390|0|160|1|0|
13|300|270|0|142|1|0|
13|341|330|0|155|1|0|
13|343|360|0|156|1|0|
13|341|330|0|155|1|0|
13|349|390|0|158|1|0|
13|345|330|0|157|1|0|
13|343|360|0|156|1|0|
13|342|330|0|155|1|0|
13|346|360|0|157|1|0|
13|334|360|0|153|1|0|
13|332|330|0|152|1|0|
13|334|330|0|153|1|0|
13|336|360|0|153|1|0|
13|330|390|0|151|1|0|
13|331|330|0|152|1|0|
13|336|330|0|153|1|0|
13|330|330|0|151|1|0|
13|336|330|0|153|1|0|
13|340|330|0|155|1|0|
13|331|330|0|152|1|0|
13|337|330|0|154|1|0|
13|332|390|0|152|1|0|
13|338|360|0|154|1|0|
13|333|360|0|152|1|0|
13|339|360|0|155|1|0|
13|342|330|0|155|1|0|
13|349|360|0|158|1|0|
13|353|360|0|159|1|0|
13|352|360|0|159|1|0|
13|356|360|0|160|1|0|
13|354|360|0|159|1|0|
13|347|360|0|157|1|0|
13|352|330|0|159|1|0|
13|355|390|0|160|1|0|
13|344|330|0|156|1|0|
13|334|300|0|153|1|0|
13|348|330|0|157|1|0|
13|353|330|0|159|1|0|
13|352|330|0|159|1|0|
13|352|390|0|159|1|0|
13|349|360|0|158|1|0|
13|344|360|0|156|1|0|
13|352|330|0|159|1|0|
13|358|360|0|161|1|0|
13|353|330|0|159|1|0|
13|360|360|0|161|1|0|
13|355|360|0|160|1|0|
13|358|360|0|161|1|0|
13|355|360|0|160|1|0|
13|357|330|0|160|1|0|
13|357|360|0|161|1|0|
13|355|360|0|160|1|0|
13|360|360|0|161|1|0|
13|354|330|0|159|1|0|
13|351|330|0|159|1|0|
13|350|360|0|158|1|0|
13|357|360|0|160|1|0|
13|358|360|0|161|1|0|
13|353|330|0|159|1|0|
13|349|360|0|158|1|0|
13|352|330|0|159|1|0|
13|359|360|0|161|1|0|
13|358|360|0|161|1|0|
13|351|360|0|159|1|0|
13|352|330|0|159|1|0|
13|350|360|0|158|1|0|
13|363|360|0|162|1|0|
13|358|330|0|161|1|0|
13|350|330|0|158|1|0|
13|356|330|0|160|1|0|
13|350|300|0|158|1|0|
13|358|360|0|161|1|0|
13|350|300|0|158|1|0|
13|356|330|0|160|1|0|
13|358|360|0|161|1|0|
13|356|360|0|160|1|0|
13|354|330|0|159|1|0|
13|356|360|0|160|1|0|
13|350|330|0|158|1|0|
13|547|540|0|188|1|0|
13|350|300|0|158|1|0|
13|351|330|0|158|1|0|
13|456|420|0|188|1|0|
13|354|360|0|159|1|0|
13|358|360|0|161|1|0|
13|352|300|0|159|1|0|
13|353|360|0|159|1|0|
13|360|360|0|161|1|0|
13|351|330|0|158|1|0|
13|356|360|0|160|1|0|
13|351|360|0|159|1|0|
13|349|330|0|158|1|0|
13|362|360|0|162|1|0|
13|354|360|0|159|1|0|
13|357|360|0|161|1|0|
13|353|360|0|159|1|0|
13|360|360|0|161|1|0|
13|358|360|0|161|1|0|
13|350|330|0|158|1|0|
13|354|330|0|159|1|0|
13|350|360|0|158|1|0|
13|357|360|0|160|1|0|
13|359|360|0|161|1|0|
13|354|360|0|159|1|0|
13|351|360|0|158|1|0|
13|358|360|0|161|1|0|
13|352|330|0|159|1|0|
13|358|330|0|161|1|0|
13|356|330|0|160|1|0|
13|354|330|0|159|1|0|
13|348|390|0|157|1|0|
13|351|360|0|158|1|0|
13|353|330|0|159|1|0|
13|354|330|0|159|1|0|
13|354|330|0|159|1|0|
13|352|330|0|159|1|0|
13|352|330|0|159|1|0|
13|354|360|0|159|1|0|
13|354|330|0|159|1|0|
13|350|360|0|158|1|0|
13|356|330|0|160|1|0|
13|354|360|0|159|1|0|
13|350|360|0|158|1|0|
13|356|330|0|160|1|0|
13|350|330|0|158|1|0|
13|353|360|0|159|1|0|
13|352|330|0|159|1|0|
13|361|360|0|161|1|0|
13|361|330|0|161|1|0|
13|355|360|0|160|1|0|
13|512|510|0|192|1|0|
13|352|360|0|159|1|0|
13|359|360|0|161|1|0|
13|354|330|0|159|1|0|
13|355|360|0|160|1|0|
13|355|360|0|160|1|0|
13|352|330|0|159|1|0|
13|356|360|0|160|1|0|
13|352|330|0|159|1|0|
13|361|360|0|162|1|0|
13|351|360|0|158|1|0|
13|352|330|0|159|1|0|
13|352|330|0|159|1|0|
13|352|330|0|159|1|0|
13|360|360|0|161|1|0|
