INSTRUCTIONS_RETIRED|CYCLES|UNKNOWN|LD_BLOCKS.STORE_FORWARD|UOPS_EXECUTED.CORE|BR_MISP_RETIRED.ALL_BRANCHES|UOPS_ISSUED.SINGLE_MUL|
13|350|330|0|158|1|0|
13|298|270|0|141|1|0|
13|355|330|0|160|1|0|
13|298|330|0|141|1|0|
13|352|330|0|159|1|0|
13|297|270|0|141|1|0|
13|346|330|0|157|1|0|
13|352|330|0|159|1|0|
13|347|360|0|157|1|0|
13|344|330|0|156|1|0|
13|344|360|0|156|1|0|
13|352|330|0|159|1|0|
13|352|330|0|159|1|0|
13|351|390|0|159|1|0|
13|356|330|0|160|1|0|
13|304|330|0|143|1|0|
13|345|330|0|157|1|0|
13|344|330|0|156|1|0|
13|400|420|0|175|1|0|
13|349|330|0|158|1|0|
13|341|330|0|155|1|0|
13|1144|1140|0|188|1|0|
13|352|360|0|159|1|0|
13|348|330|0|157|1|0|
13|345|330|0|156|1|0|
13|307|330|0|144|1|0|
13|331|300|0|152|1|0|
13|345|330|0|157|1|0|
13|700|690|0|188|1|0|
13|352|330|0|159|1|0|
13|345|390|0|157|1|0|
13|300|330|0|141|1|0|
13|333|330|0|153|1|0|
13|337|390|0|154|1|0|
13|986|1080|0|188|1|0|
13|337|390|0|154|1|0|
13|340|390|0|155|1|0|
13|337|390|0|154|1|0|
13|332|330|0|152|1|0|
13|336|360|0|153|1|0|
13|338|390|0|154|1|0|
13|329|360|0|151|1|0|
13|331|330|0|152|1|0|
13|334|330|0|153|1|0|
13|339|330|0|154|1|0|
13|332|390|0|152|1|0|
13|336|390|0|153|1|0|
13|374|390|0|166|1|0|
13|346|360|0|157|1|0|
13|343|330|0|156|1|0|
13|354|330|0|159|1|0|
13|344|360|0|156|1|0|
13|342|330|0|156|1|0|
13|345|330|0|157|1|0|
13|345|360|0|156|1|0|
13|345|330|0|157|1|0|
13|350|390|0|158|1|0|
13|350|360|0|158|1|0|
13|351|330|0|159|1|0|
13|351|330|0|159|1|0|
13|350|330|0|158|1|0|
13|343|360|0|156|1|0|
13|339|330|0|155|1|0|
13|337|330|0|154|1|0|
13|345|330|0|157|1|0|
13|339|330|0|155|1|0|
13|339|360|0|155|1|0|
13|345|360|0|157|1|0|
13|346|330|0|157|1|0|
13|346|360|0|157|1|0|
13|341|360|0|155|1|0|
13|346|330|0|157|1|0|
13|349|330|0|158|1|0|
13|349|330|0|158|1|0|
13|351|390|0|159|1|0|
13|358|360|0|161|1|0|
13|513|510|0|188|1|0|
13|358|330|0|161|1|0|
13|360|330|0|161|1|0|
13|358|360|0|161|1|0|
13|345|360|0|157|1|0|
13|394|360|0|173|1|0|
13|351|390|0|159|1|0|
13|351|360|0|159|1|0|
13|352|390|0|159|1|0|
13|350|330|0|158|1|0|
13|353|360|0|159|1|0|
13|594|600|0|188|1|0|
13|351|390|0|159|1|0|
13|350|330|0|158|1|0|
13|346|390|0|157|1|0|
13|353|360|0|159|1|0|
13|350|330|0|158|1|0|
13|350|390|0|158|1|0|
13|347|360|0|157|1|0|
13|342|360|0|155|1|0|
13|349|360|0|158|1|0|
13|350|330|0|158|1|0|
13|349|330|0|158|1|0|
13|427|420|0|184|1|0|
13|351|330|0|159|1|0|
13|349|390|0|158|1|0|
13|351|330|0|159|1|0|
13|331|360|0|152|1|0|
13|337|390|0|154|1|0|
13|337|360|0|154|1|0|
13|335|360|0|153|1|0|
13|340|330|0|155|1|0|
13|336|360|0|153|1|0|
13|333|390|0|153|1|0|
13|334|390|0|153|1|0|
13|334|360|0|153|1|0|
13|332|360|0|152|1|0|
13|334|330|0|153|1|0|
13|339|390|0|155|1|0|
13|332|330|0|152|1|0|
13|331|330|0|152|1|0|
13|340|360|0|155|1|0|
13|333|330|0|153|1|0|
13|340|330|0|155|1|0|
13|334|330|0|153|1|0|
13|333|330|0|152|1|0|
13|298|300|0|141|1|0|
13|294|300|0|139|1|0|
13|311|360|0|145|1|0|
13|307|360|0|144|1|0|
13|933|1080|0|188|1|0|
13|316|360|0|147|1|0|
13|277|330|0|134|1|0|
13|311|360|0|145|1|0|
13|308|390|0|144|1|0|
13|318|390|0|147|1|0|
13|310|360|0|145|1|0|
13|323|360|0|149|1|0|
13|292|330|0|139|1|0|
13|291|330|0|139|1|0|
13|330|330|0|152|1|0|
13|325|360|0|150|1|0|
13|333|390|0|153|1|0|
13|325|360|0|150|1|0|
13|329|390|0|151|1|0|
13|334|360|0|153|1|0|
13|329|330|0|151|1|0|
13|332|390|0|152|1|0|
13|337|330|0|154|1|0|
13|342|390|0|156|1|0|
13|336|330|0|153|1|0|
13|350|330|0|158|1|0|
13|349|330|0|158|1|0|
13|359|360|0|161|1|0|
13|350|330|0|158|1|0|
13|349|330|0|158|1|0|
13|345|330|0|157|1|0|
13|362|330|0|162|1|0|
13|349|360|0|158|1|0|
13|359|330|0|161|1|0|
13|356|360|0|160|1|0|
13|361|360|0|162|1|0|
13|358|360|0|161|1|0|
13|347|330|0|157|1|0|
13|303|270|0|143|1|0|
13|349|360|0|158|1|0|
13|361|330|0|162|1|0|
13|351|360|0|159|1|0|
13|345|330|0|157|1|0|
13|350|330|0|158|1|0|
13|299|300|0|141|1|0|
13|341|360|0|155|1|0|
13|344|360|0|156|1|0|
13|342|360|0|155|1|0|
13|347|360|0|157|1|0|
13|344|360|0|156|1|0|
13|350|330|0|158|1|0|
13|346|330|0|157|1|0|
14|1146|1170|0|426|2|0|
13|328|330|0|151|1|0|
13|358|330|0|161|1|0|
13|356|330|0|160|1|0|
13|360|360|0|161|1|0|
13|350|330|0|158|1|0|
13|357|360|0|161|1|0|
13|350|360|0|158|1|0|
13|348|360|0|157|1|0|
13|397|420|0|159|1|0|
13|352|360|0|159|1|0|
13|346|330|0|157|1|0|
13|352|390|0|159|1|0|
13|353|330|0|159|1|0|
13|354|330|0|159|1|0|
13|360|330|0|161|1|0|
13|360|330|0|161|1|0|
13|354|330|0|159|1|0|
13|363|360|0|162|1|0|
13|355|330|0|160|1|0|
13|345|360|0|156|1|0|
13|349|330|0|158|1|0|
13|345|360|0|157|1|0|
13|345|360|0|156|1|0|
13|347|330|0|157|1|0|
13|354|330|0|160|1|0|
13|353|360|0|159|1|0|
13|351|330|0|159|1|0|
13|353|390|0|159|1|0|
13|345|330|0|157|1|0|
13|345|360|0|157|1|0|
13|345|360|0|157|1|0|
13|341|330|0|155|1|0|
13|345|390|0|157|1|0|
13|345|360|0|157|1|0|
13|354|360|0|159|1|0|
13|352|330|0|159|1|0|
13|349|330|0|158|1|0|
13|351|330|0|159|1|0|
13|349|360|0|158|1|0|
13|315|390|0|147|1|0|
13|312|360|0|145|1|0|
13|310|360|0|145|1|0|
13|320|390|0|148|1|0|
13|317|360|0|147|1|0|
13|319|390|0|148|1|0|
13|416|480|0|180|1|0|
13|907|1080|0|188|1|0|
13|314|360|0|146|1|0|
13|309|360|0|145|1|0|
13|320|360|0|148|1|0|
13|319|360|0|148|1|0|
13|316|360|0|147|1|0|
13|311|390|0|145|1|0|
13|318|390|0|147|1|0|
13|313|390|0|146|1|0|
13|318|390|0|148|1|0|
13|318|390|0|147|1|0|
13|314|360|0|146|1|0|
13|313|360|0|146|1|0|
13|313|360|0|146|1|0|
13|310|390|0|145|1|0|
13|318|390|0|147|1|0|
13|310|330|0|145|1|0|
13|875|1050|0|188|1|0|
13|312|390|0|145|1|0|
13|894|1080|0|188|1|0|
13|317|360|0|147|1|0|
13|318|360|0|148|1|0|
13|317|390|0|147|1|0|
13|317|390|0|147|1|0|
13|315|360|0|147|1|0|
13|311|360|0|145|1|0|
13|312|360|0|145|1|0|
13|312|360|0|145|1|0|
13|309|360|0|145|1|0|
13|313|390|0|146|1|0|
13|927|1110|0|188|1|0|
13|321|390|0|148|1|0|
13|313|390|0|146|1|0|
13|315|360|0|147|1|0|
13|309|360|0|145|1|0|
13|310|360|0|145|1|0|
13|310|360|0|145|1|0|
13|317|360|0|147|1|0|
13|313|330|0|146|1|0|
13|317|360|0|147|1|0|
13|311|390|0|145|1|0|
13|310|360|0|145|1|0|
13|310|360|0|145|1|0|
13|310|390|0|145|1|0|
13|307|360|0|144|1|0|
13|312|390|0|145|1|0|
13|311|390|0|145|1|0|
13|311|390|0|145|1|0|
13|311|360|0|145|1|0|
13|311|390|0|145|1|0|
13|941|1140|0|188|1|0|
13|934|1110|0|188|1|0|
13|310|360|0|145|1|0|
13|312|360|0|146|1|0|
13|314|390|0|146|1|0|
13|975|1140|0|188|1|0|
13|317|390|0|147|1|0|
13|311|360|0|145|1|0|
13|317|390|0|147|1|0|
13|310|390|0|145|1|0|
13|310|360|0|145|1|0|
13|311|390|0|145|1|0|
13|312|390|0|146|1|0|
13|309|360|0|145|1|0|
13|759|900|0|188|1|0|
13|310|360|0|145|1|0|
13|307|390|0|144|1|0|
13|318|390|0|147|1|0|
13|315|390|0|147|1|0|
13|311|390|0|145|1|0|
13|311|360|0|145|1|0|
13|683|810|0|188|1|0|
13|311|360|0|145|1|0|
13|313|360|0|146|1|0|
13|331|390|0|152|1|0|
13|317|390|0|147|1|0|
13|318|390|0|148|1|0|
13|843|1020|0|188|1|0|
13|312|360|0|145|1|0|
13|309|390|0|145|1|0|
13|309|390|0|145|1|0|
13|311|360|0|145|1|0|
13|309|360|0|145|1|0|
13|311|390|0|145|1|0|
13|909|1050|0|188|1|0|
13|317|360|0|147|1|0|
13|312|390|0|146|1|0|
13|313|390|0|146|1|0|
13|311|390|0|145|1|0|
13|312|360|0|146|1|0|
13|322|420|0|149|1|0|
13|923|1080|0|188|1|0|
13|319|360|0|148|1|0|
13|317|360|0|147|1|0|
13|311|360|0|145|1|0|
13|318|360|0|148|1|0|
13|273|330|0|133|1|0|
13|314|360|0|146|1|0|
13|311|360|0|145|1|0|
13|319|390|0|148|1|0|
13|317|360|0|147|1|0|
13|317|390|0|147|1|0|
13|312|390|0|146|1|0|
13|313|390|0|146|1|0|
13|320|360|0|148|1|0|
13|319|360|0|148|1|0|
13|313|390|0|146|1|0|
13|319|360|0|148|1|0|
13|311|390|0|145|1|0|
13|322|360|0|149|1|0|
13|311|360|0|145|1|0|
13|351|360|0|159|1|0|
13|353|330|0|159|1|0|
13|352|330|0|159|1|0|
13|350|360|0|158|1|0|
13|359|360|0|161|1|0|
13|357|360|0|161|1|0|
13|350|330|0|158|1|0|
13|355|330|0|160|1|0|
13|358|330|0|161|1|0|
13|359|330|0|161|1|0|
13|342|360|0|155|1|0|
13|357|330|0|161|1|0|
13|347|360|0|157|1|0|
13|351|390|0|158|1|0|
13|346|330|0|157|1|0|
13|350|390|0|158|1|0|
13|343|360|0|156|1|0|
13|351|330|0|159|1|0|
13|353|330|0|159|1|0|
13|347|360|0|157|1|0|
13|350|360|0|158|1|0|
13|402|390|0|176|1|0|
13|346|330|0|157|1|0|
13|354|330|0|159|1|0|
13|343|330|0|156|1|0|
13|345|390|0|157|1|0|
13|343|330|0|156|1|0|
13|342|360|0|155|1|0|
13|345|330|0|157|1|0|
13|349|330|0|158|1|0|
13|346|330|0|157|1|0|
13|345|330|0|157|1|0|
13|345|390|0|157|1|0|
13|351|330|0|159|1|0|
13|354|330|0|159|1|0|
13|349|330|0|158|1|0|
13|347|330|0|157|1|0|
13|351|330|0|159|1|0|
13|354|330|0|160|1|0|
13|348|390|0|158|1|0|
13|344|360|0|156|1|0|
13|351|330|0|159|1|0|
13|345|330|0|157|1|0|
13|349|330|0|158|1|0|
13|345|330|0|157|1|0|
13|353|360|0|159|1|0|
13|349|360|0|158|1|0|
13|357|330|0|161|1|0|
13|360|360|0|161|1|0|
13|350|330|0|158|1|0|
13|398|420|0|174|1|0|
13|360|330|0|161|1|0|
13|357|360|0|161|1|0|
13|352|300|0|159|1|0|
13|358|330|0|161|1|0|
13|352|330|0|159|1|0|
13|349|330|0|158|1|0|
13|349|360|0|158|1|0|
13|348|390|0|157|1|0|
13|344|360|0|156|1|0|
13|343|330|0|156|1|0|
13|349|360|0|158|1|0|
13|344|360|0|156|1|0|
13|348|330|0|157|1|0|
13|351|330|0|159|1|0|
13|358|330|0|161|1|0|
13|354|360|0|159|1|0|
13|347|360|0|157|1|0|
13|350|390|0|158|1|0|
13|352|390|0|159|1|0|
13|353|330|0|159|1|0|
13|1112|1110|0|188|1|0|
13|352|330|0|159|1|0|
13|351|330|0|159|1|0|
13|359|330|0|161|1|0|
13|352|330|0|159|1|0|
13|353|360|0|159|1|0|
13|351|330|0|159|1|0|
13|352|360|0|159|1|0|
13|350|330|0|158|1|0|
13|358|360|0|161|1|0|
13|303|300|0|143|1|0|
13|358|330|0|161|1|0|
13|355|330|0|160|1|0|
13|345|390|0|157|1|0|
13|351|390|0|158|1|0|
13|348|330|0|157|1|0|
13|348|390|0|158|1|0|
13|352|330|0|159|1|0|
13|353|330|0|159|1|0|
13|345|330|0|156|1|0|
13|351|330|0|159|1|0|
13|359|360|0|161|1|0|
13|357|360|0|161|1|0|
13|352|360|0|159|1|0|
13|520|540|0|188|1|0|
13|307|330|0|144|1|0|
13|313|300|0|146|1|0|
13|355|360|0|160|1|0|
13|353|360|0|159|1|0|
13|355|330|0|160|1|0|
13|307|270|0|144|1|0|
13|303|270|0|143|1|0|
13|315|300|0|146|1|0|
13|348|360|0|158|1|0|
13|354|330|0|159|1|0|
13|350|360|0|158|1|0|
13|353|360|0|159|1|0|
13|261|450|0|129|1|0|
13|268|480|0|131|1|0|
13|257|480|0|127|1|0|
13|252|450|0|126|1|0|
13|265|450|0|130|1|0|
13|339|330|0|155|1|0|
13|255|450|0|127|1|0|
13|353|330|0|159|1|0|
13|304|300|0|143|1|0|
13|337|330|0|154|1|0|
13|293|300|0|139|1|0|
13|344|360|0|156|1|0|
13|298|360|0|141|1|0|
13|351|330|0|159|1|0|
13|333|330|0|153|1|0|
13|308|330|0|144|1|0|
13|314|330|0|146|1|0|
13|330|390|0|152|1|0|
13|321|390|0|149|1|0|
13|351|390|0|159|1|0|
13|332|390|0|152|1|0|
13|335|330|0|153|1|0|
13|332|360|0|152|1|0|
13|337|360|0|154|1|0|
13|350|330|0|158|1|0|
13|333|390|0|153|1|0|
13|335|390|0|153|1|0|
13|331|330|0|152|1|0|
13|341|390|0|155|1|0|
13|341|330|0|155|1|0|
13|342|360|0|155|1|0|
13|694|720|0|188|1|0|
13|337|360|0|154|1|0|
13|330|360|0|151|1|0|
13|339|360|0|155|1|0|
13|329|390|0|151|1|0|
13|339|330|0|154|1|0|
13|329|330|0|151|1|0|
13|335|360|0|153|1|0|
13|331|390|0|152|1|0|
13|339|390|0|155|1|0|
13|341|330|0|155|1|0|
13|347|360|0|157|1|0|
13|349|330|0|158|1|0|
13|346|360|0|157|1|0|
13|343|330|0|156|1|0|
13|353|390|0|159|1|0|
13|341|330|0|155|1|0|
13|354|330|0|159|1|0|
13|342|330|0|155|1|0|
13|350|330|0|158|1|0|
13|347|330|0|157|1|0|
13|353|390|0|159|1|0|
13|344|360|0|156|1|0|
13|355|390|0|160|1|0|
13|354|330|0|159|1|0|
13|342|360|0|155|1|0|
13|351|360|0|159|1|0|
13|324|360|0|149|1|0|
13|341|390|0|155|1|0|
13|330|390|0|151|1|0|
13|874|990|0|188|1|0|
13|291|300|0|138|1|0|
13|324|360|0|149|1|0|
13|329|360|0|151|1|0|
13|324|360|0|149|1|0|
13|384|450|0|169|1|0|
13|328|390|0|151|1|0|
13|330|360|0|151|1|0|
13|332|360|0|152|1|0|
13|326|390|0|150|1|0|
13|324|360|0|149|1|0|
13|325|360|0|150|1|0|
13|330|360|0|151|1|0|
13|329|360|0|151|1|0|
13|342|360|0|155|1|0|
13|333|390|0|152|1|0|
13|336|390|0|153|1|0|
13|330|390|0|151|1|0|
13|340|360|0|155|1|0|
13|996|1050|0|188|1|0|
13|339|330|0|154|1|0|
13|334|390|0|153|1|0|
13|340|390|0|155|1|0|
13|335|330|0|153|1|0|
13|333|360|0|152|1|0|
13|330|360|0|151|1|0|
13|334|330|0|153|1|0|
13|338|360|0|154|1|0|
13|331|330|0|152|1|0|
13|332|330|0|152|1|0|
13|316|390|0|147|1|0|
13|313|360|0|146|1|0|
13|317|360|0|147|1|0|
13|314|390|0|146|1|0|
13|320|360|0|148|1|0|
13|318|360|0|147|1|0|
13|319|390|0|148|1|0|
13|320|360|0|148|1|0|
13|695|840|0|188|1|0|
13|318|390|0|147|1|0|
13|316|390|0|147|1|0|
13|312|390|0|145|1|0|
13|308|390|0|144|1|0|
13|322|390|0|149|1|0|
13|314|360|0|146|1|0|
13|319|390|0|148|1|0|
13|315|360|0|146|1|0|
13|318|360|0|147|1|0|
13|314|360|0|146|1|0|
13|282|360|0|135|1|0|
13|320|390|0|148|1|0|
13|871|1050|0|188|1|0|
13|318|390|0|147|1|0|
13|317|360|0|147|1|0|
13|314|390|0|146|1|0|
13|967|1170|0|188|1|0|
13|316|390|0|147|1|0|
13|317|390|0|147|1|0|
13|317|360|0|147|1|0|
13|317|390|0|147|1|0|
13|313|360|0|146|1|0|
13|313|360|0|146|1|0|
13|317|360|0|147|1|0|
13|315|390|0|146|1|0|
13|316|360|0|147|1|0|
13|316|390|0|147|1|0|
13|1010|1200|0|188|1|0|
13|320|390|0|148|1|0|
13|312|390|0|145|1|0|
13|322|390|0|149|1|0|
13|312|360|0|145|1|0|
13|320|390|0|148|1|0|
13|313|360|0|146|1|0|
13|310|360|0|145|1|0|
13|314|390|0|146|1|0|
13|312|390|0|145|1|0|
13|314|360|0|146|1|0|
13|320|390|0|148|1|0|
13|316|360|0|147|1|0|
13|935|1110|0|188|1|0|
13|316|360|0|147|1|0|
13|320|360|0|148|1|0|
13|314|360|0|146|1|0|
13|311|360|0|145|1|0|
13|934|1110|0|188|1|0|
13|312|390|0|145|1|0|
13|488|600|0|188|1|0|
13|318|390|0|147|1|0|
13|313|390|0|146|1|0|
13|310|360|0|145|1|0|
13|313|390|0|146|1|0|
13|317|390|0|147|1|0|
13|323|360|0|149|1|0|
13|318|360|0|147|1|0|
13|312|390|0|145|1|0|
13|296|360|0|140|1|0|
13|311|390|0|145|1|0|
13|310|390|0|145|1|0|
13|320|360|0|148|1|0|
13|316|390|0|147|1|0|
13|310|390|0|145|1|0|
13|983|1170|0|188|1|0|
13|320|390|0|148|1|0|
13|309|390|0|145|1|0|
13|315|360|0|147|1|0|
13|651|780|0|188|1|0|
13|316|390|0|147|1|0|
13|313|390|0|146|1|0|
13|312|360|0|145|1|0|
13|314|360|0|146|1|0|
13|318|360|0|147|1|0|
13|310|390|0|145|1|0|
13|322|390|0|149|1|0|
13|925|1110|0|188|1|0|
13|318|390|0|147|1|0|
13|312|390|0|145|1|0|
13|314|360|0|146|1|0|
13|315|390|0|146|1|0|
13|312|390|0|145|1|0|
13|310|330|0|145|1|0|
13|312|360|0|145|1|0|
13|345|330|0|157|1|0|
13|306|300|0|143|1|0|
13|356|330|0|160|1|0|
13|358|330|0|161|1|0|
13|359|330|0|161|1|0|
13|354|360|0|159|1|0|
13|480|450|0|188|1|0|
13|358|330|0|161|1|0|
13|360|330|0|161|1|0|
13|358|360|0|161|1|0|
13|352|330|0|159|1|0|
13|358|330|0|161|1|0|
13|353|360|0|159|1|0|
13|357|330|0|160|1|0|
13|358|330|0|161|1|0|
13|357|360|0|160|1|0|
13|351|360|0|158|1|0|
13|358|330|0|161|1|0|
13|354|360|0|159|1|0|
13|682|690|0|188|1|0|
13|644|660|0|188|1|0|
13|352|330|0|159|1|0|
13|1096|1080|0|188|1|0|
13|347|360|0|157|1|0|
13|349|330|0|158|1|0|
13|343|330|0|156|1|0|
13|354|330|0|159|1|0|
13|347|330|0|157|1|0|
13|344|360|0|156|1|0|
13|352|330|0|159|1|0|
13|622|600|0|188|1|0|
13|360|360|0|161|1|0|
13|359|330|0|161|1|0|
13|359|330|0|161|1|0|
13|360|330|0|161|1|0|
13|350|330|0|158|1|0|
13|356|360|0|160|1|0|
13|354|330|0|160|1|0|
13|357|360|0|161|1|0|
13|354|330|0|159|1|0|
13|344|360|0|156|1|0|
13|345|330|0|157|1|0|
13|346|360|0|157|1|0|
13|354|330|0|159|1|0|
13|350|390|0|158|1|0|
13|351|330|0|159|1|0|
13|348|390|0|157|1|0|
13|354|330|0|159|1|0|
13|352|360|0|159|1|0|
13|353|360|0|159|1|0|
13|456|450|0|188|1|0|
13|350|360|0|158|1|0|
13|352|330|0|159|1|0|
13|358|330|0|161|1|0|
13|354|330|0|159|1|0|
13|357|360|0|161|1|0|
13|353|330|0|159|1|0|
13|350|330|0|158|1|0|
13|344|360|0|156|1|0|
13|355|360|0|160|1|0|
13|352|360|0|159|1|0|
13|347|330|0|157|1|0|
13|346|360|0|157|1|0|
13|354|330|0|159|1|0|
13|354|330|0|159|1|0|
13|396|390|0|173|1|0|
13|862|840|0|188|1|0|
13|346|330|0|157|1|0|
13|354|330|0|159|1|0|
13|344|330|0|156|1|0|
13|358|330|0|161|1|0|
13|350|330|0|158|1|0|
13|356|330|0|160|1|0|
13|350|390|0|158|1|0|
13|358|330|0|161|1|0|
13|303|270|0|143|1|0|
13|348|330|0|157|1|0|
13|352|390|0|159|1|0|
13|354|360|0|159|1|0|
13|348|390|0|157|1|0|
13|346|360|0|157|1|0|
13|346|360|0|157|1|0|
13|355|330|0|160|1|0|
13|344|360|0|156|1|0|
13|352|360|0|159|1|0|
13|360|360|0|161|1|0|
13|327|300|0|151|1|0|
13|358|330|0|161|1|0|
13|313|330|0|146|1|0|
13|348|330|0|157|1|0|
13|304|330|0|143|1|0|
13|310|300|0|145|1|0|
13|317|300|0|147|1|0|
13|316|390|0|147|1|0|
13|319|390|0|148|1|0|
13|279|300|0|134|1|0|
13|319|420|0|148|1|0|
13|351|330|0|159|1|0|
13|305|330|0|143|1|0|
13|307|300|0|144|1|0|
13|325|390|0|150|1|0|
13|304|300|0|143|1|0|
13|286|300|0|137|1|0|
13|325|390|0|150|1|0|
13|323|390|0|149|1|0|
13|325|390|0|150|1|0|
13|315|360|0|147|1|0|
13|323|360|0|149|1|0|
13|724|870|0|188|1|0|
13|319|360|0|148|1|0|
13|319|360|0|148|1|0|
13|321|390|0|149|1|0|
13|342|330|0|155|1|0|
13|349|330|0|158|1|0|
13|350|360|0|158|1|0|
13|348|330|0|157|1|0|
13|354|390|0|159|1|0|
13|348|360|0|157|1|0|
13|342|330|0|155|1|0|
13|348|330|0|157|1|0|
13|356|330|0|160|1|0|
13|351|330|0|158|1|0|
13|352|360|0|159|1|0|
13|358|330|0|161|1|0|
13|342|360|0|155|1|0|
13|346|330|0|157|1|0|
13|346|330|0|157|1|0|
13|352|390|0|159|1|0|
13|306|300|0|143|1|0|
13|352|360|0|159|1|0|
13|346|330|0|157|1|0|
13|348|330|0|157|1|0|
13|352|330|0|159|1|0|
13|350|360|0|158|1|0|
13|351|390|0|158|1|0|
13|344|330|0|156|1|0|
13|346|330|0|157|1|0|
13|304|270|0|143|1|0|
13|344|360|0|156|1|0|
13|354|390|0|159|1|0|
13|342|360|0|155|1|0|
13|354|390|0|159|1|0|
13|349|390|0|158|1|0|
13|358|330|0|161|1|0|
13|355|330|0|160|1|0|
13|350|330|0|158|1|0|
13|356|360|0|160|1|0|
13|354|330|0|159|1|0|
13|350|330|0|158|1|0|
13|352|390|0|159|1|0|
13|346|360|0|157|1|0|
13|352|330|0|159|1|0|
13|354|390|0|159|1|0|
13|350|330|0|158|1|0|
13|354|390|0|159|1|0|
13|358|360|0|161|1|0|
13|358|360|0|161|1|0|
13|352|360|0|159|1|0|
13|358|330|0|161|1|0|
13|362|390|0|162|1|0|
13|350|360|0|158|1|0|
13|350|360|0|158|1|0|
13|349|330|0|158|1|0|
13|350|330|0|158|1|0|
13|305|330|0|143|1|0|
13|353|330|0|159|1|0|
13|336|360|0|153|1|0|
13|338|330|0|154|1|0|
13|336|330|0|153|1|0|
13|336|360|0|153|1|0|
13|340|330|0|155|1|0|
13|336|360|0|153|1|0|
13|346|360|0|157|1|0|
13|335|330|0|153|1|0|
13|346|360|0|157|1|0|
13|338|330|0|154|1|0|
13|346|360|0|157|1|0|
13|343|360|0|156|1|0|
13|342|390|0|155|1|0|
13|339|330|0|155|1|0|
13|340|330|0|155|1|0|
13|342|360|0|155|1|0|
13|344|360|0|156|1|0|
13|316|360|0|147|1|0|
13|314|360|0|146|1|0|
13|314|390|0|146|1|0|
13|584|690|0|188|1|0|
13|582|690|0|188|1|0|
13|313|390|0|146|1|0|
13|308|360|0|144|1|0|
13|320|390|0|148|1|0|
13|313|390|0|146|1|0|
13|319|390|0|148|1|0|
13|320|360|0|148|1|0|
13|317|390|0|147|1|0|
13|320|390|0|148|1|0|
13|318|360|0|147|1|0|
13|315|390|0|147|1|0|
13|319|390|0|148|1|0|
13|311|390|0|145|1|0|
13|317|390|0|147|1|0|
13|309|360|0|145|1|0|
13|309|360|0|145|1|0|
13|995|1200|0|188|1|0|
13|311|390|0|145|1|0|
13|919|1110|0|188|1|0|
13|977|1170|0|188|1|0|
13|317|390|0|147|1|0|
13|721|870|0|188|1|0|
13|315|360|0|146|1|0|
13|314|390|0|146|1|0|
13|961|1140|0|188|1|0|
13|951|1140|0|188|1|0|
13|314|360|0|146|1|0|
13|1003|1170|0|188|1|0|
13|317|360|0|147|1|0|
13|310|360|0|145|1|0|
13|312|390|0|145|1|0|
13|316|360|0|147|1|0|
13|316|360|0|147|1|0|
13|908|1080|0|188|1|0|
13|999|1170|0|188|1|0|
13|321|360|0|148|1|0|
13|317|390|0|147|1|0|
13|311|360|0|145|1|0|
13|318|390|0|148|1|0|
13|313|360|0|146|1|0|
13|318|390|0|147|1|0|
13|312|390|0|145|1|0|
13|316|360|0|147|1|0|
13|319|390|0|148|1|0|
13|318|390|0|147|1|0|
13|317|390|0|147|1|0|
13|661|750|0|188|1|0|
13|318|360|0|147|1|0|
13|317|360|0|147|1|0|
13|318|360|0|147|1|0|
13|310|360|0|145|1|0|
13|318|390|0|147|1|0|
13|318|390|0|147|1|0|
13|980|1170|0|188|1|0|
13|310|390|0|145|1|0|
13|318|360|0|147|1|0|
13|312|390|0|145|1|0|
13|311|360|0|145|1|0|
13|316|360|0|147|1|0|
13|312|360|0|145|1|0|
13|321|360|0|148|1|0|
13|314|360|0|146|1|0|
13|316|390|0|147|1|0|
13|312|390|0|145|1|0|
13|997|1200|0|188|1|0|
13|312|360|0|145|1|0|
13|312|360|0|145|1|0|
13|314|390|0|146|1|0|
13|320|420|0|148|1|0|
13|312|390|0|145|1|0|
13|320|390|0|148|1|0|
13|958|1140|0|188|1|0|
13|312|390|0|145|1|0|
13|312|390|0|145|1|0|
13|320|360|0|148|1|0|
13|312|360|0|145|1|0|
13|313|390|0|146|1|0|
13|310|390|0|145|1|0|
13|310|360|0|145|1|0|
13|311|390|0|145|1|0|
13|317|390|0|147|1|0|
13|319|360|0|148|1|0|
13|309|360|0|145|1|0|
13|313|360|0|146|1|0|
13|319|360|0|148|1|0|
13|318|390|0|147|1|0|
13|312|390|0|145|1|0|
13|312|360|0|145|1|0|
13|309|390|0|145|1|0|
13|736|870|0|188|1|0|
13|320|360|0|148|1|0|
13|311|360|0|145|1|0|
13|318|390|0|147|1|0|
13|314|390|0|146|1|0|
13|320|360|0|148|1|0|
13|320|360|0|148|1|0|
13|986|1170|0|188|1|0|
13|318|360|0|147|1|0|
13|336|420|0|153|1|0|
13|296|360|0|140|1|0|
13|295|360|0|140|1|0|
13|318|390|0|147|1|0|
13|278|330|0|134|1|0|
13|318|390|0|147|1|0|
13|313|390|0|146|1|0|
13|310|360|0|145|1|0|
13|318|390|0|148|1|0|
13|313|390|0|146|1|0|
13|309|360|0|145|1|0|
13|313|360|0|146|1|0|
13|312|390|0|146|1|0|
13|316|390|0|147|1|0|
13|319|360|0|148|1|0|
13|314|360|0|146|1|0|
13|317|390|0|147|1|0|
13|318|390|0|147|1|0|
13|320|390|0|148|1|0|
13|311|390|0|145|1|0|
13|317|390|0|147|1|0|
13|317|390|0|147|1|0|
13|313|390|0|146|1|0|
13|319|390|0|148|1|0|
13|315|360|0|147|1|0|
13|320|360|0|148|1|0|
13|309|360|0|145|1|0|
13|470|570|0|188|1|0|
13|310|390|0|145|1|0|
13|319|360|0|148|1|0|
13|317|390|0|147|1|0|
13|309|390|0|145|1|0|
13|318|360|0|148|1|0|
13|309|360|0|145|1|0|
13|319|360|0|148|1|0|
13|309|390|0|145|1|0|
13|317|360|0|147|1|0|
13|953|1110|0|188|1|0|
13|319|390|0|148|1|0|
13|313|390|0|146|1|0|
13|315|390|0|147|1|0|
13|311|390|0|145|1|0|
13|397|480|0|174|1|0|
13|313|360|0|146|1|0|
13|313|390|0|146|1|0|
13|310|360|0|145|1|0|
13|317|360|0|147|1|0|
13|313|360|0|146|1|0|
13|316|390|0|147|1|0|
13|955|1110|0|188|1|0|
13|321|390|0|149|1|0|
13|319|390|0|148|1|0|
13|311|390|0|145|1|0|
13|314|360|0|146|1|0|
13|317|390|0|147|1|0|
13|311|360|0|145|1|0|
13|312|390|0|146|1|0|
13|971|1170|0|188|1|0|
13|310|360|0|145|1|0|
13|312|390|0|145|1|0|
13|309|390|0|145|1|0|
13|311|390|0|145|1|0|
13|311|360|0|145|1|0|
13|309|330|0|145|1|0|
13|311|360|0|145|1|0|
13|312|390|0|146|1|0|
13|320|390|0|148|1|0|
13|310|360|0|145|1|0|
13|431|510|0|185|1|0|
13|784|930|0|188|1|0|
13|309|390|0|145|1|0|
13|655|750|0|188|1|0|
13|309|360|0|145|1|0|
13|307|390|0|144|1|0|
13|320|390|0|148|1|0|
13|311|360|0|145|1|0|
13|312|390|0|145|1|0|
13|311|390|0|145|1|0|
13|970|1170|0|188|1|0|
13|318|390|0|147|1|0|
13|318|390|0|147|1|0|
13|310|390|0|145|1|0|
13|318|390|0|147|1|0|
13|313|390|0|146|1|0|
13|326|390|0|150|1|0|
13|310|330|0|145|1|0|
13|314|390|0|146|1|0|
13|317|390|0|147|1|0|
13|321|390|0|149|1|0|
13|320|390|0|148|1|0|
13|310|360|0|145|1|0|
13|308|360|0|144|1|0|
13|314|360|0|146|1|0|
