INSTRUCTIONS_RETIRED|CYCLES|UNKNOWN|LD_BLOCKS.STORE_FORWARD|UOPS_EXECUTED.CORE|BR_MISP_RETIRED.ALL_BRANCHES|UOPS_ISSUED.SINGLE_MUL|
13|303|420|0|142|1|0|
13|272|420|0|132|1|0|
13|292|450|0|135|1|0|
13|280|450|0|135|1|0|
13|271|420|0|132|1|0|
13|279|450|0|135|1|0|
13|353|360|0|159|1|0|
13|277|450|0|134|1|0|
13|281|480|0|135|1|0|
13|277|450|0|134|1|0|
13|271|420|0|132|1|0|
13|313|330|0|146|1|0|
13|351|330|0|159|1|0|
13|277|420|0|134|1|0|
13|272|420|0|132|1|0|
13|281|480|0|135|1|0|
13|352|360|0|159|1|0|
13|332|330|0|152|1|0|
13|358|390|0|161|1|0|
13|350|330|0|158|1|0|
13|352|360|0|159|1|0|
13|349|360|0|158|1|0|
13|353|330|0|159|1|0|
13|344|360|0|156|1|0|
13|348|360|0|157|1|0|
13|348|330|0|157|1|0|
13|343|330|0|156|1|0|
13|344|360|0|156|1|0|
13|347|360|0|157|1|0|
13|346|330|0|157|1|0|
13|349|330|0|158|1|0|
13|351|330|0|159|1|0|
13|349|330|0|158|1|0|
13|351|360|0|159|1|0|
13|344|330|0|156|1|0|
13|341|360|0|155|1|0|
13|345|330|0|157|1|0|
13|344|360|0|156|1|0|
13|345|330|0|157|1|0|
13|343|330|0|156|1|0|
13|344|360|0|156|1|0|
13|353|360|0|159|1|0|
13|351|330|0|159|1|0|
13|346|330|0|157|1|0|
13|353|390|0|159|1|0|
13|344|330|0|156|1|0|
13|352|330|0|159|1|0|
13|353|390|0|159|1|0|
13|347|330|0|157|1|0|
13|345|360|0|157|1|0|
13|352|360|0|159|1|0|
13|307|270|0|144|1|0|
13|345|330|0|157|1|0|
13|359|330|0|161|1|0|
13|348|330|0|157|1|0|
13|349|330|0|158|1|0|
13|345|360|0|157|1|0|
13|347|360|0|157|1|0|
13|349|390|0|158|1|0|
13|343|360|0|156|1|0|
13|344|330|0|156|1|0|
13|343|330|0|156|1|0|
13|345|330|0|157|1|0|
13|360|330|0|161|1|0|
13|346|360|0|157|1|0|
13|357|360|0|161|1|0|
13|346|330|0|157|1|0|
13|347|330|0|157|1|0|
13|341|330|0|155|1|0|
13|355|360|0|160|1|0|
13|332|300|0|152|1|0|
13|349|360|0|158|1|0|
13|351|330|0|159|1|0|
13|347|330|0|157|1|0|
13|345|330|0|157|1|0|
13|353|330|0|159|1|0|
13|357|330|0|161|1|0|
13|350|300|0|158|1|0|
13|347|330|0|157|1|0|
13|343|330|0|156|1|0|
13|350|360|0|158|1|0|
13|346|360|0|157|1|0|
13|357|360|0|161|1|0|
13|356|330|0|160|1|0|
13|353|360|0|159|1|0|
13|345|360|0|157|1|0|
13|345|330|0|157|1|0|
13|349|330|0|158|1|0|
13|345|360|0|157|1|0|
13|351|360|0|159|1|0|
13|353|390|0|159|1|0|
13|353|330|0|159|1|0|
13|348|330|0|158|1|0|
13|359|360|0|161|1|0|
13|338|330|0|154|1|0|
13|346|360|0|157|1|0|
13|307|330|0|144|1|0|
13|352|330|0|159|1|0|
13|350|330|0|158|1|0|
13|351|360|0|159|1|0|
13|306|330|0|143|1|0|
13|362|360|0|162|1|0|
13|337|330|0|154|1|0|
13|340|360|0|155|1|0|
13|338|330|0|154|1|0|
13|329|360|0|151|1|0|
13|339|360|0|155|1|0|
13|337|390|0|154|1|0|
13|335|330|0|153|1|0|
13|339|390|0|155|1|0|
13|339|330|0|155|1|0|
13|337|390|0|154|1|0|
13|339|360|0|155|1|0|
13|339|360|0|155|1|0|
13|331|360|0|152|1|0|
13|333|330|0|153|1|0|
13|331|360|0|152|1|0|
13|319|420|0|148|1|0|
13|311|390|0|145|1|0|
13|319|360|0|148|1|0|
13|361|330|0|162|1|0|
13|344|330|0|156|1|0|
13|344|360|0|156|1|0|
13|485|510|0|188|1|0|
13|313|330|0|146|1|0|
13|319|390|0|148|1|0|
13|310|390|0|145|1|0|
13|318|360|0|147|1|0|
13|310|360|0|145|1|0|
13|306|330|0|143|1|0|
13|310|360|0|145|1|0|
13|308|300|0|144|1|0|
13|311|360|0|145|1|0|
13|337|390|0|154|1|0|
13|341|390|0|155|1|0|
13|329|330|0|151|1|0|
13|351|330|0|159|1|0|
13|329|360|0|151|1|0|
13|341|330|0|155|1|0|
13|329|330|0|151|1|0|
13|338|390|0|154|1|0|
13|340|360|0|155|1|0|
13|335|390|0|153|1|0|
13|339|330|0|155|1|0|
13|335|330|0|153|1|0|
13|331|330|0|152|1|0|
13|333|390|0|153|1|0|
13|323|330|0|149|1|0|
13|339|330|0|155|1|0|
13|341|390|0|155|1|0|
13|309|330|0|145|1|0|
13|350|330|0|158|1|0|
13|348|360|0|157|1|0|
13|352|330|0|159|1|0|
13|347|360|0|157|1|0|
13|346|360|0|157|1|0|
13|297|330|0|141|1|0|
13|301|330|0|142|1|0|
13|345|330|0|157|1|0|
13|345|360|0|157|1|0|
13|331|330|0|152|1|0|
13|351|330|0|159|1|0|
13|355|330|0|160|1|0|
13|351|330|0|159|1|0|
13|353|330|0|159|1|0|
13|330|360|0|151|1|0|
13|333|360|0|153|1|0|
13|341|390|0|155|1|0|
13|337|390|0|154|1|0|
13|341|390|0|155|1|0|
13|337|360|0|154|1|0|
13|340|390|0|155|1|0|
13|335|360|0|153|1|0|
13|337|390|0|154|1|0|
13|334|390|0|153|1|0|
13|331|360|0|152|1|0|
13|329|360|0|151|1|0|
13|333|390|0|152|1|0|
13|337|390|0|154|1|0|
13|332|360|0|152|1|0|
13|338|390|0|154|1|0|
13|330|360|0|151|1|0|
13|352|390|0|159|1|0|
13|348|390|0|157|1|0|
13|350|330|0|158|1|0|
13|352|360|0|159|1|0|
13|345|360|0|157|1|0|
13|345|360|0|156|1|0|
13|340|330|0|155|1|0|
13|354|360|0|159|1|0|
13|344|360|0|156|1|0|
13|346|360|0|157|1|0|
13|344|360|0|156|1|0|
13|344|330|0|156|1|0|
13|350|360|0|158|1|0|
13|354|330|0|159|1|0|
13|346|360|0|157|1|0|
13|352|390|0|159|1|0|
13|1154|1140|0|188|1|0|
13|334|360|0|153|1|0|
13|322|390|0|149|1|0|
13|330|360|0|151|1|0|
13|326|390|0|150|1|0|
13|326|360|0|150|1|0|
13|324|360|0|149|1|0|
13|328|390|0|151|1|0|
13|332|390|0|152|1|0|
13|324|360|0|149|1|0|
13|324|360|0|149|1|0|
13|334|390|0|153|1|0|
13|332|360|0|152|1|0|
13|322|360|0|149|1|0|
13|322|360|0|149|1|0|
13|324|390|0|149|1|0|
13|332|360|0|152|1|0|
13|326|390|0|150|1|0|
13|332|360|0|152|1|0|
13|325|390|0|150|1|0|
13|328|360|0|151|1|0|
13|325|360|0|150|1|0|
13|329|360|0|151|1|0|
13|333|330|0|153|1|0|
13|327|330|0|151|1|0|
13|337|360|0|154|1|0|
13|326|360|0|150|1|0|
13|326|360|0|150|1|0|
13|327|330|0|151|1|0|
13|328|360|0|151|1|0|
13|328|360|0|151|1|0|
13|328|390|0|151|1|0|
13|341|360|0|155|1|0|
13|336|390|0|153|1|0|
13|340|360|0|155|1|0|
13|330|360|0|151|1|0|
13|338|390|0|154|1|0|
13|329|360|0|151|1|0|
13|340|330|0|155|1|0|
13|333|360|0|152|1|0|
13|340|390|0|155|1|0|
13|337|330|0|154|1|0|
13|334|390|0|153|1|0|
13|338|390|0|154|1|0|
13|338|330|0|154|1|0|
13|330|390|0|151|1|0|
13|336|330|0|153|1|0|
13|343|330|0|156|1|0|
13|331|390|0|152|1|0|
13|329|390|0|151|1|0|
13|326|330|0|150|1|0|
13|327|330|0|150|1|0|
13|324|360|0|149|1|0|
13|326|360|0|150|1|0|
13|326|360|0|150|1|0|
13|334|390|0|153|1|0|
13|326|360|0|150|1|0|
13|328|390|0|151|1|0|
13|326|390|0|150|1|0|
13|326|330|0|150|1|0|
13|324|360|0|149|1|0|
13|322|330|0|149|1|0|
13|334|360|0|153|1|0|
13|333|390|0|153|1|0|
13|334|390|0|153|1|0|
13|329|360|0|151|1|0|
13|334|390|0|153|1|0|
13|325|360|0|150|1|0|
13|328|390|0|151|1|0|
13|324|390|0|149|1|0|
13|326|360|0|150|1|0|
13|326|330|0|150|1|0|
13|337|360|0|154|1|0|
13|325|330|0|150|1|0|
13|321|360|0|149|1|0|
13|328|360|0|151|1|0|
13|329|390|0|151|1|0|
13|324|330|0|149|1|0|
13|331|390|0|152|1|0|
13|331|390|0|152|1|0|
13|325|360|0|150|1|0|
13|338|360|0|154|1|0|
13|332|330|0|152|1|0|
13|333|390|0|152|1|0|
13|332|360|0|152|1|0|
13|336|330|0|153|1|0|
13|340|330|0|155|1|0|
13|332|360|0|152|1|0|
13|334|390|0|153|1|0|
13|334|330|0|153|1|0|
13|910|960|0|188|1|0|
13|333|390|0|152|1|0|
13|332|330|0|152|1|0|
13|334|390|0|153|1|0|
13|333|330|0|153|1|0|
13|335|390|0|153|1|0|
13|337|390|0|154|1|0|
13|336|390|0|153|1|0|
13|337|390|0|153|1|0|
13|340|360|0|155|1|0|
13|339|390|0|155|1|0|
13|331|390|0|152|1|0|
13|340|390|0|155|1|0|
13|338|390|0|154|1|0|
13|331|360|0|152|1|0|
13|331|330|0|152|1|0|
13|339|360|0|155|1|0|
13|332|330|0|152|1|0|
13|334|390|0|153|1|0|
13|330|330|0|151|1|0|
13|334|390|0|152|1|0|
13|337|330|0|154|1|0|
13|335|390|0|153|1|0|
13|334|390|0|153|1|0|
13|340|330|0|155|1|0|
13|335|330|0|153|1|0|
13|340|330|0|155|1|0|
13|332|360|0|152|1|0|
13|340|390|0|155|1|0|
13|335|390|0|153|1|0|
13|338|390|0|154|1|0|
13|330|330|0|151|1|0|
13|340|360|0|155|1|0|
13|344|360|0|156|1|0|
13|333|390|0|152|1|0|
13|338|330|0|154|1|0|
13|340|390|0|155|1|0|
13|336|390|0|153|1|0|
13|330|390|0|151|1|0|
13|336|330|0|153|1|0|
13|334|390|0|153|1|0|
13|341|390|0|155|1|0|
13|334|390|0|153|1|0|
13|350|390|0|158|1|0|
13|332|360|0|152|1|0|
13|332|330|0|152|1|0|
13|331|390|0|152|1|0|
13|325|360|0|150|1|0|
13|321|360|0|149|1|0|
13|324|360|0|150|1|0|
13|325|360|0|150|1|0|
13|349|390|0|158|1|0|
13|325|330|0|150|1|0|
13|331|390|0|152|1|0|
13|349|360|0|158|1|0|
13|360|330|0|162|1|0|
13|347|360|0|157|1|0|
13|356|330|0|160|1|0|
13|352|330|0|159|1|0|
13|359|360|0|161|1|0|
13|353|360|0|159|1|0|
13|349|330|0|158|1|0|
13|362|390|0|162|1|0|
13|349|360|0|158|1|0|
13|349|360|0|158|1|0|
13|359|360|0|161|1|0|
13|353|360|0|159|1|0|
13|351|360|0|159|1|0|
13|346|360|0|157|1|0|
13|353|360|0|159|1|0|
13|345|360|0|157|1|0|
13|351|330|0|159|1|0|
13|347|360|0|157|1|0|
13|351|390|0|159|1|0|
13|345|330|0|157|1|0|
13|353|360|0|159|1|0|
13|482|450|0|192|1|0|
13|362|360|0|162|1|0|
13|359|330|0|161|1|0|
13|359|360|0|161|1|0|
13|359|360|0|161|1|0|
13|355|330|0|160|1|0|
13|357|360|0|161|1|0|
13|360|330|0|162|1|0|
13|353|330|0|159|1|0|
13|352|330|0|159|1|0|
13|353|360|0|159|1|0|
13|349|330|0|158|1|0|
13|347|330|0|157|1|0|
13|355|330|0|160|1|0|
13|351|330|0|159|1|0|
13|348|330|0|158|1|0|
13|355|390|0|160|1|0|
13|351|360|0|159|1|0|
13|349|330|0|158|1|0|
13|343|360|0|156|1|0|
13|351|330|0|159|1|0|
13|353|390|0|159|1|0|
13|357|330|0|161|1|0|
13|351|390|0|159|1|0|
13|351|330|0|159|1|0|
13|344|330|0|156|1|0|
13|346|330|0|157|1|0|
13|345|360|0|157|1|0|
13|347|330|0|157|1|0|
13|345|330|0|157|1|0|
13|347|360|0|157|1|0|
13|351|360|0|159|1|0|
13|349|330|0|158|1|0|
13|345|360|0|157|1|0|
13|346|390|0|157|1|0|
13|353|360|0|159|1|0|
13|345|330|0|157|1|0|
13|349|360|0|158|1|0|
13|345|330|0|157|1|0|
13|350|360|0|158|1|0|
13|355|360|0|160|1|0|
13|351|330|0|159|1|0|
13|345|360|0|157|1|0|
13|349|330|0|158|1|0|
13|345|330|0|157|1|0|
13|345|390|0|157|1|0|
13|344|360|0|156|1|0|
13|350|330|0|158|1|0|
13|345|360|0|157|1|0|
13|360|360|0|162|1|0|
13|349|330|0|158|1|0|
13|350|390|0|158|1|0|
13|345|360|0|157|1|0|
13|349|360|0|158|1|0|
13|344|330|0|156|1|0|
13|344|360|0|156|1|0|
13|351|390|0|159|1|0|
13|347|360|0|157|1|0|
13|353|360|0|159|1|0|
13|353|390|0|159|1|0|
13|345|360|0|157|1|0|
13|354|390|0|159|1|0|
13|353|360|0|159|1|0|
13|349|360|0|158|1|0|
13|351|330|0|159|1|0|
13|347|330|0|157|1|0|
13|351|390|0|159|1|0|
13|351|300|0|159|1|0|
13|351|390|0|159|1|0|
13|343|330|0|156|1|0|
13|353|330|0|159|1|0|
13|341|330|0|155|1|0|
13|895|900|0|192|1|0|
13|301|300|0|142|1|0|
13|311|300|0|145|1|0|
13|341|360|0|155|1|0|
13|307|300|0|144|1|0|
13|345|360|0|157|1|0|
13|353|360|0|159|1|0|
13|345|360|0|157|1|0|
13|374|390|0|166|1|0|
13|343|330|0|156|1|0|
13|331|300|0|152|1|0|
13|309|360|0|145|1|0|
13|320|390|0|148|1|0|
13|320|390|0|148|1|0|
13|315|390|0|146|1|0|
13|320|390|0|148|1|0|
13|321|330|0|148|1|0|
13|324|390|0|149|1|0|
13|327|360|0|151|1|0|
13|318|390|0|147|1|0|
13|323|390|0|149|1|0|
13|316|360|0|147|1|0|
13|326|390|0|150|1|0|
13|326|390|0|150|1|0|
13|318|390|0|147|1|0|
13|283|300|0|136|1|0|
13|292|360|0|139|1|0|
13|367|450|0|164|1|0|
13|294|360|0|139|1|0|
13|326|390|0|150|1|0|
13|323|360|0|149|1|0|
13|313|330|0|146|1|0|
13|331|330|0|152|1|0|
13|325|330|0|150|1|0|
13|329|360|0|151|1|0|
13|330|390|0|152|1|0|
13|329|360|0|151|1|0|
13|917|1020|0|188|1|0|
13|330|330|0|151|1|0|
13|330|360|0|151|1|0|
13|332|360|0|152|1|0|
13|332|360|0|152|1|0|
13|331|390|0|152|1|0|
13|332|390|0|152|1|0|
13|332|360|0|152|1|0|
13|334|360|0|153|1|0|
13|360|360|0|161|1|0|
13|354|390|0|159|1|0|
13|354|330|0|159|1|0|
13|352|330|0|159|1|0|
13|344|330|0|156|1|0|
13|302|390|0|142|1|0|
13|289|390|0|138|1|0|
13|348|330|0|158|1|0|
13|1111|1110|0|192|1|0|
13|300|270|0|141|1|0|
13|463|480|0|188|1|0|
13|325|330|0|150|1|0|
13|329|360|0|151|1|0|
13|327|360|0|151|1|0|
13|331|360|0|152|1|0|
13|329|390|0|151|1|0|
13|327|360|0|151|1|0|
13|331|390|0|152|1|0|
13|329|390|0|151|1|0|
13|347|330|0|157|1|0|
13|351|330|0|159|1|0|
13|555|570|0|188|1|0|
13|341|360|0|155|1|0|
13|353|390|0|159|1|0|
13|434|420|0|186|1|0|
13|346|330|0|157|1|0|
13|341|360|0|155|1|0|
13|353|360|0|159|1|0|
13|358|330|0|161|1|0|
13|353|360|0|159|1|0|
13|357|330|0|161|1|0|
13|350|360|0|158|1|0|
13|357|330|0|161|1|0|
13|345|360|0|157|1|0|
13|356|330|0|160|1|0|
13|362|360|0|162|1|0|
13|352|360|0|159|1|0|
13|349|330|0|158|1|0|
13|345|330|0|157|1|0|
13|352|360|0|159|1|0|
13|351|360|0|159|1|0|
13|353|330|0|159|1|0|
13|438|450|0|187|1|0|
13|353|390|0|159|1|0|
13|350|360|0|158|1|0|
13|353|360|0|159|1|0|
13|353|390|0|159|1|0|
13|345|360|0|157|1|0|
13|351|330|0|159|1|0|
13|343|360|0|156|1|0|
13|346|360|0|157|1|0|
13|341|360|0|155|1|0|
13|309|390|0|145|1|0|
13|311|360|0|145|1|0|
13|309|360|0|145|1|0|
13|278|330|0|134|1|0|
13|309|360|0|145|1|0|
13|315|390|0|147|1|0|
13|309|390|0|145|1|0|
13|319|390|0|148|1|0|
13|311|360|0|145|1|0|
13|318|390|0|148|1|0|
13|311|390|0|145|1|0|
13|312|360|0|146|1|0|
13|319|390|0|148|1|0|
13|319|390|0|148|1|0|
13|335|390|0|153|1|0|
13|338|330|0|154|1|0|
13|331|330|0|152|1|0|
13|337|390|0|154|1|0|
13|844|900|0|192|1|0|
13|335|360|0|153|1|0|
13|335|360|0|153|1|0|
13|341|330|0|155|1|0|
13|339|390|0|155|1|0|
13|332|330|0|152|1|0|
13|337|390|0|154|1|0|
13|335|330|0|153|1|0|
13|333|390|0|153|1|0|
13|335|390|0|153|1|0|
13|331|390|0|152|1|0|
13|335|360|0|153|1|0|
13|337|390|0|154|1|0|
13|332|390|0|152|1|0|
13|331|330|0|152|1|0|
13|337|390|0|154|1|0|
13|332|330|0|152|1|0|
13|333|330|0|153|1|0|
13|332|330|0|152|1|0|
13|331|390|0|152|1|0|
13|332|330|0|152|1|0|
13|333|330|0|153|1|0|
13|335|330|0|153|1|0|
13|331|330|0|152|1|0|
13|330|360|0|152|1|0|
13|339|390|0|155|1|0|
13|335|330|0|153|1|0|
13|335|330|0|153|1|0|
13|333|330|0|153|1|0|
13|335|330|0|153|1|0|
13|331|330|0|152|1|0|
13|335|330|0|153|1|0|
13|339|390|0|155|1|0|
13|337|390|0|154|1|0|
13|329|390|0|151|1|0|
13|1117|1170|0|192|1|0|
13|329|390|0|151|1|0|
13|579|600|0|188|1|0|
13|337|330|0|154|1|0|
13|332|360|0|152|1|0|
13|329|360|0|151|1|0|
13|334|330|0|153|1|0|
13|339|330|0|155|1|0|
13|339|360|0|155|1|0|
13|337|390|0|154|1|0|
13|337|330|0|154|1|0|
13|329|390|0|151|1|0|
13|323|390|0|149|1|0|
13|331|330|0|152|1|0|
13|333|390|0|153|1|0|
13|329|360|0|151|1|0|
13|331|390|0|152|1|0|
13|327|360|0|151|1|0|
13|333|390|0|153|1|0|
13|325|360|0|150|1|0|
13|325|360|0|150|1|0|
13|325|390|0|150|1|0|
13|323|360|0|149|1|0|
13|329|360|0|151|1|0|
13|323|360|0|149|1|0|
13|327|390|0|151|1|0|
13|329|390|0|151|1|0|
13|331|330|0|152|1|0|
13|329|330|0|151|1|0|
13|339|390|0|155|1|0|
13|289|330|0|138|1|0|
13|333|360|0|153|1|0|
13|331|330|0|152|1|0|
13|333|390|0|153|1|0|
13|331|360|0|152|1|0|
13|337|360|0|154|1|0|
13|329|360|0|151|1|0|
13|341|360|0|155|1|0|
13|333|330|0|153|1|0|
13|329|360|0|151|1|0|
13|340|330|0|155|1|0|
13|331|330|0|152|1|0|
13|295|300|0|140|1|0|
13|338|390|0|154|1|0|
13|337|390|0|154|1|0|
13|295|300|0|140|1|0|
13|293|330|0|139|1|0|
13|337|390|0|154|1|0|
13|341|390|0|155|1|0|
13|329|360|0|151|1|0|
13|337|330|0|154|1|0|
13|332|390|0|152|1|0|
13|331|360|0|152|1|0|
13|330|360|0|152|1|0|
13|329|330|0|151|1|0|
13|337|360|0|154|1|0|
13|329|360|0|151|1|0|
13|339|360|0|155|1|0|
13|337|390|0|154|1|0|
13|335|330|0|153|1|0|
13|340|360|0|155|1|0|
13|329|360|0|151|1|0|
13|339|330|0|155|1|0|
13|339|360|0|155|1|0|
13|335|330|0|153|1|0|
13|291|330|0|139|1|0|
13|331|390|0|152|1|0|
13|336|390|0|154|1|0|
13|331|330|0|152|1|0|
13|341|360|0|155|1|0|
13|337|330|0|154|1|0|
13|337|330|0|154|1|0|
13|331|390|0|152|1|0|
13|339|360|0|155|1|0|
13|339|360|0|155|1|0|
13|329|330|0|151|1|0|
13|335|390|0|153|1|0|
13|331|330|0|152|1|0|
13|331|390|0|152|1|0|
13|337|330|0|154|1|0|
13|333|330|0|153|1|0|
13|329|330|0|151|1|0|
13|334|390|0|153|1|0|
13|335|330|0|153|1|0|
13|329|390|0|151|1|0|
13|995|1050|0|192|1|0|
13|331|360|0|152|1|0|
13|329|330|0|151|1|0|
13|337|360|0|154|1|0|
13|339|390|0|155|1|0|
13|339|390|0|155|1|0|
13|339|360|0|155|1|0|
13|331|330|0|152|1|0|
13|339|390|0|155|1|0|
13|333|360|0|153|1|0|
13|334|390|0|153|1|0|
13|336|390|0|154|1|0|
13|333|390|0|153|1|0|
13|333|390|0|153|1|0|
13|331|360|0|152|1|0|
13|324|360|0|150|1|0|
13|328|360|0|151|1|0|
13|325|360|0|150|1|0|
13|331|330|0|152|1|0|
13|329|360|0|151|1|0|
13|328|360|0|151|1|0|
13|327|360|0|151|1|0|
13|323|330|0|149|1|0|
13|331|390|0|152|1|0|
13|329|390|0|151|1|0|
13|492|510|0|192|1|0|
13|337|330|0|154|1|0|
13|333|390|0|153|1|0|
13|337|360|0|154|1|0|
13|334|390|0|153|1|0|
13|329|390|0|151|1|0|
13|290|330|0|138|1|0|
13|329|390|0|151|1|0|
13|337|360|0|154|1|0|
13|329|390|0|151|1|0|
13|337|360|0|154|1|0|
13|339|330|0|155|1|0|
13|333|330|0|153|1|0|
13|337|390|0|154|1|0|
13|331|330|0|152|1|0|
13|335|390|0|153|1|0|
13|330|360|0|151|1|0|
13|337|330|0|154|1|0|
13|335|330|0|153|1|0|
13|339|360|0|155|1|0|
13|331|330|0|152|1|0|
13|337|390|0|154|1|0|
13|331|330|0|152|1|0|
13|329|360|0|151|1|0|
13|329|360|0|151|1|0|
13|339|390|0|155|1|0|
13|329|390|0|151|1|0|
13|332|390|0|152|1|0|
13|339|330|0|155|1|0|
13|330|390|0|152|1|0|
13|342|330|0|156|1|0|
13|337|390|0|154|1|0|
13|311|390|0|145|1|0|
13|309|360|0|145|1|0|
13|311|390|0|145|1|0|
13|313|390|0|146|1|0|
13|312|360|0|146|1|0|
13|310|360|0|145|1|0|
13|312|360|0|146|1|0|
13|757|900|0|192|1|0|
13|311|360|0|145|1|0|
13|433|510|0|186|1|0|
13|311|390|0|145|1|0|
13|311|390|0|145|1|0|
13|319|360|0|148|1|0|
13|311|330|0|145|1|0|
13|311|360|0|145|1|0|
13|320|360|0|148|1|0|
13|309|390|0|145|1|0|
13|319|390|0|148|1|0|
13|317|360|0|147|1|0|
13|313|360|0|146|1|0|
13|310|390|0|145|1|0|
13|319|390|0|148|1|0|
13|320|390|0|148|1|0|
13|309|360|0|145|1|0|
13|317|360|0|147|1|0|
13|315|390|0|147|1|0|
13|317|390|0|147|1|0|
13|309|360|0|145|1|0|
13|317|360|0|147|1|0|
13|317|360|0|147|1|0|
13|311|390|0|145|1|0|
13|319|420|0|148|1|0|
13|311|360|0|145|1|0|
13|317|360|0|147|1|0|
13|312|360|0|146|1|0|
13|311|390|0|145|1|0|
13|319|390|0|148|1|0|
13|399|480|0|175|1|0|
13|309|360|0|145|1|0|
13|309|390|0|145|1|0|
13|316|390|0|147|1|0|
13|309|390|0|145|1|0|
13|317|390|0|147|1|0|
13|313|390|0|146|1|0|
13|316|360|0|147|1|0|
13|317|390|0|147|1|0|
13|320|390|0|148|1|0|
13|319|390|0|148|1|0|
13|309|360|0|145|1|0|
13|316|360|0|147|1|0|
13|307|360|0|144|1|0|
13|313|360|0|146|1|0|
13|317|390|0|147|1|0|
13|309|360|0|145|1|0|
13|319|390|0|148|1|0|
13|309|360|0|145|1|0|
13|317|390|0|147|1|0|
13|311|360|0|145|1|0|
13|311|360|0|145|1|0|
13|311|390|0|145|1|0|
13|309|360|0|145|1|0|
13|309|390|0|145|1|0|
13|319|390|0|148|1|0|
13|313|390|0|146|1|0|
13|317|360|0|147|1|0|
13|311|360|0|145|1|0|
13|319|360|0|148|1|0|
13|317|390|0|147|1|0|
13|317|360|0|147|1|0|
13|309|360|0|145|1|0|
13|319|360|0|148|1|0|
13|311|360|0|145|1|0|
13|309|360|0|145|1|0|
13|309|390|0|145|1|0|
13|311|390|0|145|1|0|
13|319|390|0|148|1|0|
13|307|360|0|144|1|0|
13|321|420|0|149|1|0|
13|317|390|0|147|1|0|
13|317|360|0|147|1|0|
13|320|360|0|148|1|0|
13|317|360|0|147|1|0|
13|311|360|0|145|1|0|
13|314|390|0|146|1|0|
13|315|360|0|147|1|0|
13|315|390|0|147|1|0|
13|316|360|0|147|1|0|
13|316|360|0|147|1|0|
13|345|420|0|157|1|0|
13|319|360|0|148|1|0|
13|315|390|0|147|1|0|
13|307|360|0|144|1|0|
13|319|360|0|148|1|0|
13|317|390|0|147|1|0|
13|311|360|0|145|1|0|
13|311|390|0|145|1|0|
13|315|390|0|147|1|0|
13|311|390|0|145|1|0|
13|315|390|0|147|1|0|
13|321|360|0|149|1|0|
13|312|390|0|146|1|0|
13|433|510|0|186|1|0|
13|319|420|0|148|1|0|
13|311|360|0|145|1|0|
13|335|360|0|153|1|0|
13|325|360|0|150|1|0|
13|325|360|0|150|1|0|
13|329|390|0|151|1|0|
13|321|330|0|149|1|0|
13|325|360|0|150|1|0|
13|323|360|0|149|1|0|
13|331|390|0|152|1|0|
13|325|360|0|150|1|0|
13|329|330|0|151|1|0|
13|319|360|0|148|1|0|
13|326|360|0|150|1|0|
13|327|390|0|151|1|0|
13|321|360|0|149|1|0|
13|321|360|0|149|1|0|
13|1049|1140|0|192|1|0|
13|331|360|0|152|1|0|
13|352|330|0|159|1|0|
13|359|360|0|161|1|0|
13|354|390|0|160|1|0|
13|468|450|0|188|1|0|
13|349|330|0|158|1|0|
13|353|360|0|159|1|0|
13|353|330|0|159|1|0|
13|349|330|0|158|1|0|
13|345|360|0|157|1|0|
13|361|330|0|162|1|0|
13|350|330|0|158|1|0|
13|359|360|0|161|1|0|
13|354|360|0|160|1|0|
13|357|360|0|161|1|0|
13|351|330|0|159|1|0|
13|349|330|0|158|1|0|
13|351|390|0|159|1|0|
13|351|390|0|159|1|0|
13|343|330|0|156|1|0|
13|353|330|0|159|1|0|
13|341|360|0|155|1|0|
13|343|330|0|156|1|0|
13|343|330|0|156|1|0|
13|347|360|0|157|1|0|
13|353|330|0|159|1|0|
13|345|360|0|157|1|0|
13|341|330|0|155|1|0|
13|355|360|0|160|1|0|
13|349|360|0|158|1|0|
13|361|360|0|162|1|0|
13|479|480|0|188|1|0|
13|355|330|0|160|1|0|
13|359|360|0|161|1|0|
13|351|330|0|159|1|0|
13|787|750|0|192|1|0|
13|355|360|0|160|1|0|
13|359|360|0|161|1|0|
13|355|330|0|160|1|0|
13|353|360|0|159|1|0|
13|461|480|0|192|1|0|
13|355|330|0|160|1|0|
13|349|360|0|158|1|0|
13|357|330|0|161|1|0|
13|353|330|0|159|1|0|
13|357|360|0|161|1|0|
13|351|360|0|159|1|0|
13|739|720|0|188|1|0|
13|346|330|0|157|1|0|
13|353|390|0|159|1|0|
13|346|360|0|157|1|0|
13|345|360|0|157|1|0|
13|347|330|0|157|1|0|
13|353|390|0|159|1|0|
13|349|360|0|158|1|0|
13|361|330|0|162|1|0|
13|347|390|0|157|1|0|
13|341|330|0|155|1|0|
13|345|330|0|157|1|0|
13|346|330|0|157|1|0|
13|353|330|0|159|1|0|
13|341|330|0|155|1|0|
13|328|300|0|151|1|0|
13|351|330|0|159|1|0|
13|349|360|0|158|1|0|
13|349|360|0|158|1|0|
13|351|330|0|159|1|0|
13|346|330|0|157|1|0|
13|351|360|0|159|1|0|
13|353|360|0|159|1|0|
13|349|360|0|158|1|0|
13|351|360|0|159|1|0|
13|351|330|0|159|1|0|
13|361|360|0|162|1|0|
13|314|300|0|146|1|0|
13|342|330|0|156|1|0|
13|345|330|0|157|1|0|
13|343|360|0|156|1|0|
13|348|330|0|158|1|0|
13|343|330|0|156|1|0|
13|344|360|0|156|1|0|
13|340|330|0|155|1|0|
13|351|330|0|159|1|0|
13|297|330|0|141|1|0|
13|349|390|0|158|1|0|
13|312|360|0|145|1|0|
13|353|330|0|159|1|0|
13|309|390|0|145|1|0|
13|473|450|0|188|1|0|
13|299|300|0|141|1|0|
13|299|300|0|141|1|0|
13|343|330|0|156|1|0|
13|309|360|0|145|1|0|
13|350|330|0|158|1|0|
13|308|300|0|144|1|0|
13|320|390|0|148|1|0|
13|298|330|0|141|1|0|
13|345|330|0|157|1|0|
13|348|360|0|157|1|0|
13|348|360|0|157|1|0|
13|300|270|0|141|1|0|
13|346|330|0|157|1|0|
13|344|330|0|156|1|0|
13|354|330|0|159|1|0|
13|345|330|0|156|1|0|
13|332|330|0|152|1|0|
13|340|360|0|155|1|0|
13|340|390|0|155|1|0|
13|340|360|0|155|1|0|
13|337|330|0|154|1|0|
13|329|360|0|151|1|0|
13|331|330|0|152|1|0|
13|336|360|0|153|1|0|
13|331|360|0|152|1|0|
13|336|390|0|153|1|0|
13|329|390|0|151|1|0|
13|340|360|0|155|1|0|
13|331|390|0|152|1|0|
13|346|330|0|157|1|0|
13|350|360|0|158|1|0|
13|342|360|0|155|1|0|
13|358|360|0|161|1|0|
13|350|360|0|158|1|0|
13|348|360|0|157|1|0|
13|338|360|0|154|1|0|
13|306|330|0|143|1|0|
13|302|300|0|142|1|0|
13|352|360|0|159|1|0|
13|347|330|0|157|1|0|
13|346|360|0|157|1|0|
13|347|360|0|157|1|0|
13|349|360|0|158|1|0|
13|347|360|0|157|1|0|
13|349|330|0|158|1|0|
13|352|330|0|159|1|0|
13|345|330|0|156|1|0|
13|352|330|0|159|1|0|
13|345|360|0|157|1|0|
13|347|360|0|157|1|0|
13|345|360|0|157|1|0|
13|359|360|0|161|1|0|
13|347|390|0|157|1|0|
13|353|360|0|159|1|0|
13|355|360|0|160|1|0|
13|344|330|0|156|1|0|
13|347|330|0|157|1|0|
13|965|960|0|192|1|0|
13|344|360|0|156|1|0|
13|480|510|0|188|1|0|
13|341|360|0|155|1|0|
13|299|270|0|141|1|0|
