INSTRUCTIONS_RETIRED|CYCLES|UNKNOWN|LD_BLOCKS.STORE_FORWARD|UOPS_EXECUTED.CORE|BR_MISP_RETIRED.ALL_BRANCHES|UOPS_ISSUED.SINGLE_MUL|
13|253|450|0|129|1|0|
13|253|450|0|129|1|0|
13|262|450|0|132|1|0|
13|263|480|0|132|1|0|
13|260|450|0|131|1|0|
13|277|450|0|137|1|0|
13|272|420|0|135|1|0|
13|263|510|0|132|1|0|
13|261|420|0|131|1|0|
13|265|480|0|133|1|0|
13|237|390|0|123|1|0|
13|254|450|0|129|1|0|
13|285|330|0|139|1|0|
13|314|360|0|149|1|0|
13|337|330|0|157|1|0|
13|336|330|0|156|1|0|
13|337|390|0|157|1|0|
13|337|330|0|157|1|0|
13|323|360|0|152|1|0|
13|323|390|0|152|1|0|
13|281|330|0|138|1|0|
13|671|750|0|167|1|0|
13|317|390|0|150|1|0|
13|321|360|0|151|1|0|
13|275|300|0|136|1|0|
13|323|360|0|152|1|0|
13|321|390|0|151|1|0|
13|341|330|0|158|1|0|
13|357|330|0|163|1|0|
13|352|330|0|162|1|0|
13|343|330|0|159|1|0|
13|351|330|0|161|1|0|
13|351|390|0|161|1|0|
13|305|300|0|146|1|0|
13|351|330|0|161|1|0|
13|355|360|0|163|1|0|
13|351|330|0|161|1|0|
13|343|330|0|159|1|0|
13|343|360|0|159|1|0|
13|342|360|0|158|1|0|
13|345|330|0|159|1|0|
13|338|360|0|157|1|0|
13|349|390|0|160|1|0|
13|339|330|0|157|1|0|
13|347|330|0|160|1|0|
13|351|330|0|161|1|0|
13|347|390|0|160|1|0|
13|346|360|0|160|1|0|
13|347|330|0|160|1|0|
13|349|360|0|161|1|0|
13|343|360|0|159|1|0|
13|349|360|0|161|1|0|
13|342|360|0|158|1|0|
13|348|360|0|160|1|0|
13|347|330|0|160|1|0|
13|351|330|0|161|1|0|
13|308|300|0|145|1|0|
13|347|330|0|160|1|0|
13|342|360|0|156|1|0|
13|356|360|0|161|1|0|
13|341|360|0|156|1|0|
13|1008|990|0|165|1|0|
13|354|360|0|160|1|0|
13|352|330|0|159|1|0|
13|350|330|0|159|1|0|
13|356|330|0|161|1|0|
13|353|330|0|160|1|0|
13|348|300|0|158|1|0|
13|350|330|0|159|1|0|
13|344|330|0|157|1|0|
13|346|330|0|157|1|0|
13|350|330|0|159|1|0|
13|344|330|0|157|1|0|
13|350|360|0|159|1|0|
13|352|330|0|159|1|0|
13|363|360|0|163|1|0|
13|344|330|0|157|1|0|
13|350|330|0|159|1|0|
13|299|270|0|144|1|0|
13|354|330|0|160|1|0|
13|349|360|0|161|1|0|
13|358|360|0|161|1|0|
13|356|360|0|161|1|0|
13|358|360|0|161|1|0|
13|357|360|0|161|1|0|
13|351|330|0|159|1|0|
13|350|330|0|159|1|0|
13|360|330|0|162|1|0|
13|350|360|0|159|1|0|
13|348|360|0|158|1|0|
13|352|330|0|159|1|0|
13|348|360|0|158|1|0|
13|349|330|0|158|1|0|
13|828|840|0|165|1|0|
13|352|330|0|159|1|0|
13|352|360|0|159|1|0|
13|361|360|0|165|1|0|
13|357|330|0|163|1|0|
13|360|360|0|162|1|0|
13|352|330|0|159|1|0|
13|358|360|0|161|1|0|
13|357|360|0|163|1|0|
13|954|930|0|165|1|0|
13|348|360|0|158|1|0|
13|354|360|0|160|1|0|
13|359|360|0|162|1|0|
13|362|360|0|163|1|0|
13|354|330|0|160|1|0|
13|357|360|0|163|1|0|
13|354|330|0|160|1|0|
13|352|330|0|159|1|0|
13|879|840|0|165|1|0|
13|360|330|0|162|1|0|
13|360|330|0|162|1|0|
13|352|360|0|159|1|0|
13|360|330|0|162|1|0|
13|365|330|0|164|1|0|
13|352|330|0|159|1|0|
13|350|330|0|159|1|0|
13|354|330|0|160|1|0|
13|348|300|0|158|1|0|
13|358|360|0|161|1|0|
13|628|630|0|165|1|0|
13|353|330|0|160|1|0|
13|350|330|0|159|1|0|
13|356|360|0|161|1|0|
13|364|330|0|163|1|0|
13|359|330|0|162|1|0|
13|352|360|0|159|1|0|
13|358|360|0|161|1|0|
13|969|930|0|165|1|0|
13|354|330|0|160|1|0|
13|354|330|0|160|1|0|
13|998|990|0|165|1|0|
13|350|330|0|159|1|0|
13|360|330|0|162|1|0|
13|360|360|0|164|1|0|
13|358|360|0|161|1|0|
13|355|360|0|163|1|0|
13|359|330|0|162|1|0|
13|350|330|0|159|1|0|
13|357|360|0|161|1|0|
13|349|360|0|158|1|0|
13|358|330|0|161|1|0|
13|350|300|0|159|1|0|
13|361|360|0|162|1|0|
13|356|330|0|161|1|0|
13|354|360|0|160|1|0|
13|357|360|0|161|1|0|
13|348|330|0|158|1|0|
13|358|330|0|161|1|0|
13|356|330|0|161|1|0|
13|354|360|0|160|1|0|
13|360|330|0|162|1|0|
13|353|360|0|160|1|0|
13|342|300|0|156|1|0|
13|1053|1050|0|165|1|0|
13|348|300|0|158|1|0|
13|356|360|0|161|1|0|
13|354|360|0|160|1|0|
13|358|360|0|161|1|0|
13|356|330|0|161|1|0|
13|354|330|0|160|1|0|
13|356|360|0|161|1|0|
13|357|330|0|161|1|0|
13|362|330|0|163|1|0|
13|352|330|0|159|1|0|
13|358|360|0|161|1|0|
13|351|300|0|159|1|0|
13|979|930|0|165|1|0|
13|358|360|0|161|1|0|
13|358|360|0|161|1|0|
13|356|360|0|161|1|0|
13|356|330|0|161|1|0|
13|356|360|0|161|1|0|
13|368|330|0|165|1|0|
13|474|480|0|165|1|0|
13|356|360|0|161|1|0|
13|359|360|0|162|1|0|
13|348|330|0|158|1|0|
13|350|330|0|159|1|0|
13|348|330|0|158|1|0|
13|354|360|0|160|1|0|
13|352|330|0|159|1|0|
13|358|330|0|161|1|0|
13|348|360|0|158|1|0|
13|354|330|0|160|1|0|
13|350|330|0|159|1|0|
13|356|360|0|161|1|0|
13|348|330|0|158|1|0|
13|354|330|0|160|1|0|
13|354|360|0|160|1|0|
13|356|360|0|161|1|0|
13|354|330|0|160|1|0|
13|360|330|0|162|1|0|
13|354|330|0|160|1|0|
13|354|330|0|160|1|0|
13|350|360|0|159|1|0|
13|352|360|0|159|1|0|
13|350|330|0|159|1|0|
13|350|330|0|159|1|0|
13|352|360|0|159|1|0|
13|354|330|0|160|1|0|
13|352|360|0|159|1|0|
13|358|330|0|161|1|0|
13|348|330|0|158|1|0|
13|356|330|0|161|1|0|
13|353|360|0|160|1|0|
13|356|360|0|161|1|0|
13|352|330|0|159|1|0|
13|352|330|0|159|1|0|
13|348|330|0|158|1|0|
13|354|330|0|160|1|0|
13|356|330|0|161|1|0|
13|362|330|0|163|1|0|
13|350|330|0|159|1|0|
13|359|360|0|162|1|0|
13|349|360|0|158|1|0|
13|832|840|0|165|1|0|
13|358|360|0|161|1|0|
13|975|960|0|165|1|0|
13|1020|990|0|165|1|0|
13|358|360|0|161|1|0|
13|356|330|0|161|1|0|
13|360|330|0|162|1|0|
13|354|330|0|160|1|0|
13|352|360|0|159|1|0|
13|360|360|0|162|1|0|
13|358|360|0|161|1|0|
13|358|330|0|161|1|0|
13|346|330|0|157|1|0|
13|354|330|0|160|1|0|
13|350|330|0|159|1|0|
13|1078|1020|0|165|1|0|
13|366|330|0|164|1|0|
13|358|330|0|161|1|0|
13|354|330|0|160|1|0|
13|359|360|0|162|1|0|
13|358|330|0|161|1|0|
13|356|360|0|161|1|0|
13|357|360|0|161|1|0|
13|358|330|0|161|1|0|
13|350|330|0|159|1|0|
13|356|330|0|161|1|0|
13|348|330|0|158|1|0|
13|353|360|0|160|1|0|
13|346|330|0|157|1|0|
13|356|360|0|161|1|0|
13|350|360|0|159|1|0|
13|351|330|0|159|1|0|
13|348|360|0|158|1|0|
13|352|330|0|159|1|0|
13|350|330|0|159|1|0|
13|352|330|0|159|1|0|
13|356|330|0|161|1|0|
13|355|330|0|160|1|0|
13|358|360|0|161|1|0|
13|358|330|0|161|1|0|
13|352|360|0|159|1|0|
13|355|330|0|160|1|0|
13|356|360|0|161|1|0|
13|952|960|0|165|1|0|
13|354|330|0|160|1|0|
13|354|330|0|160|1|0|
13|348|330|0|158|1|0|
13|356|330|0|161|1|0|
13|346|330|0|157|1|0|
13|363|360|0|163|1|0|
13|358|330|0|161|1|0|
13|356|360|0|161|1|0|
13|356|360|0|161|1|0|
13|350|330|0|159|1|0|
13|354|360|0|160|1|0|
13|364|330|0|163|1|0|
13|359|360|0|164|1|0|
13|358|330|0|164|1|0|
13|355|360|0|163|1|0|
13|358|360|0|161|1|0|
13|354|330|0|160|1|0|
13|358|360|0|161|1|0|
13|350|360|0|159|1|0|
13|1002|960|0|165|1|0|
13|354|360|0|160|1|0|
13|353|360|0|160|1|0|
13|359|330|0|164|1|0|
13|352|330|0|159|1|0|
13|304|300|0|146|1|0|
13|347|330|0|158|1|0|
13|357|330|0|163|1|0|
13|347|330|0|160|1|0|
13|806|810|0|165|1|0|
13|339|330|0|157|1|0|
13|306|300|0|146|1|0|
13|352|390|0|161|1|0|
13|343|390|0|158|1|0|
13|355|330|0|162|1|0|
13|304|300|0|145|1|0|
13|305|330|0|146|1|0|
13|322|360|0|151|1|0|
13|273|420|0|135|1|0|
13|266|450|0|133|1|0|
13|269|480|0|134|1|0|
13|349|360|0|161|1|0|
13|346|330|0|160|1|0|
13|289|420|0|141|1|0|
13|287|420|0|140|1|0|
13|343|330|0|159|1|0|
13|341|360|0|158|1|0|
13|345|360|0|159|1|0|
13|345|390|0|159|1|0|
13|343|360|0|159|1|0|
13|349|360|0|161|1|0|
13|332|390|0|153|1|0|
13|340|360|0|155|1|0|
13|350|360|0|159|1|0|
13|350|330|0|159|1|0|
13|496|510|0|165|1|0|
13|350|330|0|159|1|0|
13|354|360|0|160|1|0|
13|334|330|0|153|1|0|
13|339|360|0|157|1|0|
13|333|330|0|155|1|0|
13|335|390|0|156|1|0|
13|333|360|0|155|1|0|
13|334|360|0|156|1|0|
13|327|360|0|153|1|0|
13|333|330|0|155|1|0|
13|329|330|0|152|1|0|
13|337|330|0|157|1|0|
13|585|570|0|167|1|0|
13|359|330|0|164|1|0|
13|339|330|0|157|1|0|
13|343|330|0|159|1|0|
13|343|330|0|159|1|0|
13|348|330|0|160|1|0|
13|348|360|0|158|1|0|
13|352|330|0|161|1|0|
13|311|330|0|148|1|0|
13|349|360|0|160|1|0|
13|344|330|0|159|1|0|
13|348|390|0|160|1|0|
13|345|330|0|159|1|0|
13|347|330|0|160|1|0|
13|352|390|0|162|1|0|
13|343|360|0|159|1|0|
13|342|330|0|158|1|0|
13|351|330|0|161|1|0|
13|348|360|0|160|1|0|
13|354|330|0|162|1|0|
13|351|360|0|161|1|0|
13|923|960|0|167|1|0|
13|351|330|0|161|1|0|
13|339|360|0|157|1|0|
13|351|330|0|161|1|0|
13|352|330|0|162|1|0|
13|849|870|0|167|1|0|
13|342|330|0|158|1|0|
13|346|330|0|160|1|0|
13|354|360|0|162|1|0|
13|348|330|0|160|1|0|
13|349|330|0|160|1|0|
13|346|330|0|159|1|0|
13|309|300|0|147|1|0|
13|348|330|0|158|1|0|
13|352|390|0|161|1|0|
13|348|390|0|160|1|0|
13|350|330|0|161|1|0|
13|324|360|0|152|1|0|
13|348|360|0|160|1|0|
13|352|390|0|161|1|0|
13|344|360|0|159|1|0|
13|1016|1020|0|167|1|0|
13|350|390|0|161|1|0|
13|342|330|0|158|1|0|
13|349|330|0|160|1|0|
13|349|330|0|161|1|0|
13|342|330|0|158|1|0|
13|315|360|0|149|1|0|
13|315|360|0|149|1|0|
13|319|360|0|151|1|0|
13|313|390|0|149|1|0|
13|321|360|0|151|1|0|
13|316|360|0|150|1|0|
13|313|330|0|149|1|0|
13|323|360|0|152|1|0|
13|313|330|0|149|1|0|
13|323|390|0|152|1|0|
13|313|360|0|149|1|0|
13|321|390|0|151|1|0|
13|314|330|0|147|1|0|
13|323|390|0|152|1|0|
13|316|360|0|149|1|0|
13|331|390|0|152|1|0|
13|321|330|0|151|1|0|
13|327|360|0|153|1|0|
13|325|360|0|153|1|0|
13|319|360|0|151|1|0|
13|328|360|0|154|1|0|
13|329|360|0|154|1|0|
13|327|390|0|153|1|0|
13|321|360|0|151|1|0|
13|325|360|0|153|1|0|
13|329|360|0|154|1|0|
13|323|360|0|152|1|0|
13|327|360|0|153|1|0|
13|322|360|0|152|1|0|
13|323|360|0|152|1|0|
13|323|360|0|152|1|0|
13|329|390|0|154|1|0|
13|835|810|0|167|1|0|
13|352|360|0|159|1|0|
13|349|360|0|161|1|0|
13|352|330|0|159|1|0|
13|816|810|0|165|1|0|
13|754|720|0|165|1|0|
13|360|330|0|162|1|0|
13|349|360|0|158|1|0|
13|348|330|0|160|1|0|
13|354|330|0|162|1|0|
13|356|360|0|161|1|0|
13|354|330|0|160|1|0|
13|358|360|0|161|1|0|
13|353|360|0|160|1|0|
13|358|330|0|161|1|0|
13|352|330|0|159|1|0|
13|352|360|0|159|1|0|
13|353|330|0|160|1|0|
13|349|360|0|161|1|0|
13|349|330|0|161|1|0|
13|349|330|0|161|1|0|
13|350|330|0|161|1|0|
13|349|330|0|161|1|0|
13|353|330|0|162|1|0|
13|331|360|0|155|1|0|
13|349|390|0|161|1|0|
13|351|330|0|161|1|0|
13|353|390|0|162|1|0|
13|349|330|0|161|1|0|
13|343|360|0|159|1|0|
13|347|330|0|160|1|0|
13|347|390|0|160|1|0|
13|349|330|0|161|1|0|
13|348|330|0|160|1|0|
13|347|330|0|160|1|0|
13|343|330|0|159|1|0|
13|351|360|0|161|1|0|
13|324|360|0|152|1|0|
13|331|360|0|155|1|0|
13|324|360|0|152|1|0|
13|324|330|0|152|1|0|
13|324|360|0|152|1|0|
13|329|360|0|154|1|0|
13|331|390|0|155|1|0|
13|323|360|0|152|1|0|
13|323|330|0|152|1|0|
13|321|360|0|151|1|0|
13|327|360|0|153|1|0|
13|323|360|0|152|1|0|
13|431|450|0|167|1|0|
13|325|330|0|153|1|0|
13|323|360|0|152|1|0|
13|331|360|0|155|1|0|
13|311|360|0|148|1|0|
13|311|390|0|148|1|0|
13|315|390|0|149|1|0|
13|310|390|0|148|1|0|
13|311|360|0|148|1|0|
13|317|390|0|150|1|0|
13|313|390|0|149|1|0|
13|307|390|0|147|1|0|
13|315|390|0|149|1|0|
13|308|360|0|147|1|0|
13|315|390|0|149|1|0|
13|307|360|0|147|1|0|
13|308|360|0|147|1|0|
13|315|390|0|149|1|0|
13|319|360|0|151|1|0|
13|316|390|0|150|1|0|
13|309|390|0|147|1|0|
13|1003|1200|0|167|1|0|
13|307|360|0|147|1|0|
13|312|390|0|148|1|0|
13|307|330|0|147|1|0|
13|1011|1200|0|167|1|0|
13|311|360|0|148|1|0|
13|313|390|0|149|1|0|
13|308|360|0|147|1|0|
13|305|330|0|146|1|0|
13|309|360|0|147|1|0|
13|309|360|0|147|1|0|
13|309|390|0|147|1|0|
13|315|360|0|149|1|0|
13|307|360|0|147|1|0|
13|317|390|0|150|1|0|
13|317|360|0|150|1|0|
13|307|330|0|147|1|0|
13|374|450|0|167|1|0|
13|318|390|0|150|1|0|
13|313|360|0|149|1|0|
13|310|360|0|148|1|0|
13|309|390|0|147|1|0|
13|315|390|0|149|1|0|
13|307|360|0|147|1|0|
13|307|360|0|147|1|0|
13|979|1170|0|167|1|0|
13|313|390|0|149|1|0|
13|315|360|0|149|1|0|
13|309|390|0|147|1|0|
13|317|390|0|150|1|0|
13|307|390|0|147|1|0|
13|349|330|0|161|1|0|
13|347|330|0|160|1|0|
13|359|360|0|164|1|0|
13|842|810|0|167|1|0|
13|356|360|0|163|1|0|
13|346|330|0|160|1|0|
13|359|330|0|164|1|0|
13|355|330|0|163|1|0|
13|349|360|0|161|1|0|
13|357|360|0|163|1|0|
13|347|330|0|160|1|0|
13|354|330|0|162|1|0|
13|349|330|0|161|1|0|
13|355|330|0|163|1|0|
13|349|330|0|161|1|0|
13|347|330|0|160|1|0|
13|355|360|0|163|1|0|
13|355|360|0|163|1|0|
13|347|390|0|160|1|0|
13|349|360|0|161|1|0|
13|347|360|0|160|1|0|
13|344|330|0|159|1|0|
13|345|330|0|159|1|0|
13|343|360|0|159|1|0|
13|343|360|0|159|1|0|
13|343|360|0|159|1|0|
13|366|330|0|164|1|0|
13|713|690|0|167|1|0|
13|353|360|0|162|1|0|
13|345|360|0|159|1|0|
13|351|330|0|161|1|0|
13|355|360|0|163|1|0|
13|357|360|0|163|1|0|
13|351|360|0|161|1|0|
13|355|360|0|163|1|0|
13|351|330|0|161|1|0|
13|357|330|0|163|1|0|
13|355|330|0|163|1|0|
13|353|360|0|162|1|0|
13|350|330|0|161|1|0|
13|341|360|0|158|1|0|
13|351|330|0|161|1|0|
13|339|330|0|157|1|0|
13|345|330|0|159|1|0|
13|342|360|0|158|1|0|
13|342|330|0|158|1|0|
13|345|360|0|159|1|0|
13|351|390|0|161|1|0|
13|343|330|0|159|1|0|
13|831|840|0|167|1|0|
13|346|330|0|160|1|0|
13|347|330|0|160|1|0|
13|348|360|0|160|1|0|
13|347|330|0|160|1|0|
13|349|330|0|161|1|0|
13|344|360|0|159|1|0|
13|349|390|0|161|1|0|
13|347|360|0|160|1|0|
13|344|360|0|159|1|0|
13|347|360|0|160|1|0|
13|351|390|0|161|1|0|
13|349|330|0|161|1|0|
13|855|810|0|167|1|0|
13|347|330|0|160|1|0|
13|343|360|0|159|1|0|
13|339|360|0|157|1|0|
13|389|390|0|167|1|0|
13|341|330|0|158|1|0|
13|705|690|0|167|1|0|
13|343|330|0|159|1|0|
13|351|330|0|161|1|0|
13|342|330|0|156|1|0|
13|348|330|0|160|1|0|
13|351|330|0|161|1|0|
13|342|360|0|158|1|0|
13|351|330|0|161|1|0|
13|343|330|0|159|1|0|
13|351|330|0|161|1|0|
13|343|360|0|159|1|0|
13|345|390|0|159|1|0|
13|357|330|0|163|1|0|
13|353|330|0|162|1|0|
13|853|840|0|167|1|0|
13|353|360|0|162|1|0|
13|353|330|0|162|1|0|
13|349|360|0|161|1|0|
13|347|300|0|160|1|0|
13|353|330|0|162|1|0|
13|354|360|0|162|1|0|
13|355|330|0|163|1|0|
13|347|390|0|160|1|0|
13|345|330|0|159|1|0|
13|347|330|0|160|1|0|
13|351|330|0|161|1|0|
13|351|330|0|161|1|0|
13|345|330|0|159|1|0|
13|349|330|0|161|1|0|
13|1113|1140|0|167|1|0|
13|357|360|0|163|1|0|
13|347|390|0|160|1|0|
13|352|390|0|162|1|0|
13|351|360|0|161|1|0|
13|349|330|0|161|1|0|
13|344|330|0|159|1|0|
13|347|390|0|160|1|0|
13|341|330|0|158|1|0|
13|340|330|0|158|1|0|
13|349|360|0|161|1|0|
13|340|360|0|158|1|0|
13|343|330|0|159|1|0|
13|344|360|0|159|1|0|
13|342|330|0|158|1|0|
13|349|330|0|161|1|0|
13|347|360|0|160|1|0|
13|346|330|0|160|1|0|
13|347|390|0|160|1|0|
13|345|330|0|159|1|0|
13|349|330|0|161|1|0|
13|349|330|0|161|1|0|
13|347|330|0|160|1|0|
13|343|330|0|159|1|0|
13|347|330|0|160|1|0|
13|347|330|0|160|1|0|
13|343|330|0|159|1|0|
13|341|330|0|158|1|0|
13|347|360|0|160|1|0|
13|343|330|0|159|1|0|
13|302|300|0|145|1|0|
13|352|330|0|161|1|0|
13|351|360|0|161|1|0|
13|297|300|0|143|1|0|
13|349|330|0|161|1|0|
13|341|360|0|158|1|0|
13|341|330|0|158|1|0|
13|435|420|0|167|1|0|
13|317|360|0|150|1|0|
13|339|330|0|157|1|0|
13|310|390|0|148|1|0|
13|341|330|0|158|1|0|
13|339|360|0|157|1|0|
13|317|390|0|150|1|0|
13|333|390|0|155|1|0|
13|309|390|0|147|1|0|
13|333|330|0|155|1|0|
13|333|330|0|155|1|0|
13|333|360|0|155|1|0|
13|335|360|0|156|1|0|
13|311|360|0|148|1|0|
13|329|390|0|154|1|0|
13|328|360|0|154|1|0|
13|309|360|0|147|1|0|
13|335|330|0|156|1|0|
13|335|390|0|156|1|0|
13|333|330|0|155|1|0|
13|330|390|0|154|1|0|
13|336|330|0|156|1|0|
13|317|390|0|150|1|0|
13|315|390|0|149|1|0|
13|311|360|0|148|1|0|
13|314|360|0|149|1|0|
13|317|390|0|150|1|0|
13|319|390|0|151|1|0|
13|313|360|0|149|1|0|
13|974|1170|0|167|1|0|
13|277|330|0|137|1|0|
13|360|420|0|164|1|0|
13|313|390|0|148|1|0|
13|357|420|0|163|1|0|
13|324|360|0|152|1|0|
13|321|390|0|151|1|0|
13|323|360|0|152|1|0|
13|315|360|0|149|1|0|
13|323|390|0|152|1|0|
13|323|360|0|152|1|0|
13|325|390|0|153|1|0|
13|315|390|0|149|1|0|
13|285|330|0|139|1|0|
13|314|360|0|149|1|0|
13|323|390|0|152|1|0|
13|320|360|0|151|1|0|
13|323|390|0|152|1|0|
13|320|360|0|151|1|0|
13|689|720|0|167|1|0|
13|342|360|0|158|1|0|
13|343|330|0|159|1|0|
13|341|330|0|158|1|0|
13|343|360|0|159|1|0|
13|349|330|0|161|1|0|
13|350|330|0|161|1|0|
13|351|330|0|161|1|0|
13|352|330|0|159|1|0|
13|355|330|0|163|1|0|
13|356|330|0|163|1|0|
13|303|270|0|145|1|0|
13|424|420|0|167|1|0|
13|341|360|0|158|1|0|
13|341|330|0|158|1|0|
13|342|330|0|158|1|0|
13|341|330|0|158|1|0|
13|347|330|0|160|1|0|
13|349|330|0|161|1|0|
13|345|360|0|159|1|0|
13|351|330|0|161|1|0|
13|342|330|0|158|1|0|
13|343|360|0|159|1|0|
13|357|330|0|163|1|0|
13|355|360|0|163|1|0|
13|347|330|0|160|1|0|
13|358|360|0|164|1|0|
13|341|360|0|158|1|0|
13|355|330|0|163|1|0|
13|348|390|0|160|1|0|
13|347|330|0|160|1|0|
13|349|330|0|161|1|0|
13|343|360|0|159|1|0|
13|342|330|0|158|1|0|
13|342|330|0|158|1|0|
13|343|330|0|159|1|0|
13|321|360|0|151|1|0|
13|350|390|0|161|1|0|
13|347|390|0|160|1|0|
13|343|360|0|159|1|0|
13|347|330|0|160|1|0|
13|344|330|0|159|1|0|
13|347|330|0|160|1|0|
13|347|360|0|160|1|0|
13|351|390|0|161|1|0|
13|349|330|0|161|1|0|
13|346|330|0|160|1|0|
13|341|330|0|158|1|0|
13|343|360|0|159|1|0|
13|357|330|0|163|1|0|
13|351|330|0|161|1|0|
13|351|360|0|161|1|0|
13|340|330|0|158|1|0|
13|349|330|0|161|1|0|
13|348|330|0|160|1|0|
13|345|330|0|159|1|0|
13|347|390|0|160|1|0|
13|345|330|0|159|1|0|
13|355|360|0|163|1|0|
13|350|330|0|161|1|0|
13|352|330|0|162|1|0|
13|981|960|0|167|1|0|
13|357|330|0|163|1|0|
13|357|360|0|163|1|0|
13|347|360|0|160|1|0|
13|348|360|0|158|1|0|
13|342|330|0|158|1|0|
13|349|360|0|161|1|0|
13|343|330|0|159|1|0|
13|295|270|0|143|1|0|
13|335|390|0|156|1|0|
13|327|360|0|153|1|0|
13|761|840|0|167|1|0|
13|331|390|0|155|1|0|
13|337|390|0|157|1|0|
13|333|390|0|153|1|0|
13|331|330|0|152|1|0|
13|330|360|0|154|1|0|
13|329|330|0|154|1|0|
13|409|420|0|167|1|0|
13|328|360|0|154|1|0|
13|331|330|0|155|1|0|
13|327|360|0|153|1|0|
13|329|360|0|154|1|0|
13|339|360|0|157|1|0|
13|327|330|0|153|1|0|
13|337|360|0|157|1|0|
13|334|390|0|155|1|0|
13|331|360|0|155|1|0|
13|337|330|0|157|1|0|
13|340|390|0|158|1|0|
13|896|930|0|167|1|0|
13|913|960|0|167|1|0|
13|340|330|0|158|1|0|
13|335|360|0|156|1|0|
13|329|360|0|154|1|0|
13|331|390|0|155|1|0|
13|327|330|0|153|1|0|
13|337|330|0|157|1|0|
13|333|360|0|155|1|0|
13|328|390|0|154|1|0|
13|337|360|0|157|1|0|
13|335|390|0|156|1|0|
13|337|360|0|157|1|0|
13|337|360|0|157|1|0|
13|329|330|0|154|1|0|
13|339|330|0|157|1|0|
13|328|330|0|154|1|0|
13|328|360|0|153|1|0|
13|327|330|0|153|1|0|
13|328|390|0|154|1|0|
13|330|360|0|154|1|0|
13|334|330|0|156|1|0|
13|337|360|0|157|1|0|
13|331|330|0|155|1|0|
13|337|390|0|157|1|0|
13|335|330|0|156|1|0|
13|329|330|0|154|1|0|
13|334|330|0|156|1|0|
13|336|330|0|156|1|0|
13|329|360|0|154|1|0|
13|325|360|0|153|1|0|
13|326|360|0|153|1|0|
13|321|360|0|151|1|0|
13|328|390|0|153|1|0|
13|321|360|0|151|1|0|
13|327|360|0|153|1|0|
13|322|360|0|149|1|0|
13|330|360|0|152|1|0|
13|326|390|0|151|1|0|
13|325|390|0|150|1|0|
13|329|390|0|154|1|0|
13|320|360|0|151|1|0|
13|327|360|0|153|1|0|
13|323|330|0|152|1|0|
13|329|360|0|154|1|0|
13|330|390|0|152|1|0|
13|336|360|0|154|1|0|
13|336|390|0|154|1|0|
13|333|330|0|153|1|0|
13|336|330|0|154|1|0|
13|336|360|0|154|1|0|
13|338|390|0|155|1|0|
13|336|330|0|154|1|0|
13|935|990|0|165|1|0|
13|334|390|0|153|1|0|
13|336|360|0|154|1|0|
13|330|390|0|152|1|0|
13|842|900|0|165|1|0|
13|336|330|0|154|1|0|
13|333|390|0|153|1|0|
13|329|390|0|152|1|0|
13|336|360|0|154|1|0|
13|330|330|0|152|1|0|
13|331|390|0|152|1|0|
13|336|390|0|154|1|0|
13|329|360|0|151|1|0|
13|339|330|0|155|1|0|
13|289|270|0|138|1|0|
13|328|330|0|151|1|0|
13|328|360|0|151|1|0|
13|291|270|0|141|1|0|
13|336|360|0|154|1|0|
13|336|360|0|154|1|0|
13|336|360|0|154|1|0|
13|336|330|0|154|1|0|
13|333|390|0|153|1|0|
13|329|360|0|154|1|0|
13|330|360|0|152|1|0|
13|340|330|0|155|1|0|
13|329|360|0|154|1|0|
13|329|390|0|154|1|0|
13|334|390|0|156|1|0|
13|329|390|0|154|1|0|
13|323|360|0|152|1|0|
13|327|390|0|153|1|0|
13|327|360|0|153|1|0|
13|329|390|0|154|1|0|
13|323|360|0|152|1|0|
13|331|360|0|155|1|0|
13|327|390|0|153|1|0|
13|329|360|0|154|1|0|
13|327|390|0|153|1|0|
13|326|330|0|153|1|0|
13|332|360|0|155|1|0|
13|321|360|0|151|1|0|
13|317|360|0|150|1|0|
13|284|360|0|139|1|0|
13|317|390|0|150|1|0|
13|321|360|0|151|1|0|
13|313|360|0|149|1|0|
13|325|360|0|153|1|0|
13|315|360|0|149|1|0|
13|325|360|0|153|1|0|
13|313|330|0|149|1|0|
13|321|360|0|151|1|0|
13|320|390|0|151|1|0|
13|321|360|0|151|1|0|
13|319|390|0|151|1|0|
13|317|360|0|150|1|0|
13|323|360|0|152|1|0|
13|317|390|0|150|1|0|
13|646|750|0|167|1|0|
13|321|360|0|151|1|0|
13|313|360|0|149|1|0|
13|321|360|0|151|1|0|
13|313|330|0|149|1|0|
13|509|600|0|167|1|0|
13|315|390|0|149|1|0|
13|321|390|0|151|1|0|
13|323|360|0|152|1|0|
13|317|390|0|150|1|0|
13|319|360|0|151|1|0|
13|315|330|0|149|1|0|
13|316|360|0|150|1|0|
13|315|330|0|149|1|0|
13|321|390|0|151|1|0|
13|319|360|0|151|1|0|
13|321|360|0|151|1|0|
13|315|360|0|149|1|0|
13|321|360|0|151|1|0|
13|323|390|0|152|1|0|
13|321|390|0|151|1|0|
13|321|360|0|151|1|0|
13|323|390|0|152|1|0|
13|319|360|0|151|1|0|
13|321|390|0|151|1|0|
13|313|360|0|149|1|0|
13|315|360|0|149|1|0|
13|327|360|0|153|1|0|
13|322|390|0|152|1|0|
13|321|390|0|151|1|0|
13|316|360|0|150|1|0|
13|323|390|0|152|1|0|
13|321|390|0|151|1|0|
13|325|360|0|153|1|0|
13|314|390|0|149|1|0|
13|326|360|0|153|1|0|
13|318|360|0|150|1|0|
13|321|390|0|151|1|0|
13|315|360|0|149|1|0|
13|323|360|0|152|1|0|
13|321|390|0|151|1|0|
13|317|360|0|150|1|0|
13|317|360|0|150|1|0|
13|319|360|0|151|1|0|
13|323|390|0|152|1|0|
13|321|390|0|151|1|0|
13|321|390|0|151|1|0|
13|313|360|0|149|1|0|
13|316|390|0|150|1|0|
13|316|390|0|150|1|0|
13|321|360|0|151|1|0|
13|318|390|0|150|1|0|
13|319|360|0|151|1|0|
13|323|390|0|152|1|0|
13|315|330|0|149|1|0|
13|323|390|0|152|1|0|
13|317|360|0|150|1|0|
13|419|480|0|167|1|0|
13|320|360|0|151|1|0|
13|321|360|0|151|1|0|
13|321|390|0|151|1|0|
13|316|330|0|150|1|0|
13|326|390|0|153|1|0|
13|313|360|0|149|1|0|
13|321|360|0|151|1|0|
13|321|360|0|151|1|0|
13|315|330|0|149|1|0|
13|319|360|0|151|1|0|
13|629|720|0|167|1|0|
13|319|390|0|151|1|0|
13|845|960|0|167|1|0|
13|317|360|0|150|1|0|
13|323|360|0|152|1|0|
13|314|360|0|149|1|0|
13|323|360|0|152|1|0|
13|319|360|0|151|1|0|
13|323|360|0|152|1|0|
13|323|360|0|152|1|0|
13|321|360|0|151|1|0|
13|321|360|0|151|1|0|
13|897|1050|0|167|1|0|
13|321|360|0|151|1|0|
13|316|360|0|150|1|0|
13|321|360|0|151|1|0|
13|313|390|0|149|1|0|
13|315|360|0|149|1|0|
13|313|360|0|149|1|0|
13|315|360|0|149|1|0|
13|313|360|0|149|1|0|
13|313|360|0|149|1|0|
13|320|360|0|151|1|0|
13|277|300|0|137|1|0|
13|321|390|0|151|1|0|
13|321|390|0|151|1|0|
13|317|360|0|150|1|0|
13|325|360|0|153|1|0|
13|317|360|0|150|1|0|
13|323|390|0|152|1|0|
13|323|360|0|152|1|0|
13|321|360|0|151|1|0|
13|321|390|0|151|1|0|
13|316|360|0|150|1|0|
13|443|510|0|167|1|0|
13|323|360|0|152|1|0|
13|315|360|0|149|1|0|
13|319|360|0|151|1|0|
