INSTRUCTIONS_RETIRED|CYCLES|UNKNOWN|LD_BLOCKS.STORE_FORWARD|UOPS_EXECUTED.CORE|BR_MISP_RETIRED.ALL_BRANCHES|UOPS_ISSUED.SINGLE_MUL|
13|263|450|0|105|1|0|
13|269|450|0|105|1|0|
13|269|450|0|105|1|0|
13|263|450|0|105|1|0|
13|563|930|0|105|1|0|
13|293|510|0|105|1|0|
13|241|390|0|105|1|0|
13|259|450|0|105|1|0|
13|347|360|0|105|1|0|
13|309|360|0|105|1|0|
13|314|360|0|105|1|0|
13|309|360|0|105|1|0|
13|315|390|0|105|1|0|
13|309|390|0|105|1|0|
13|308|390|0|105|1|0|
13|307|360|0|105|1|0|
13|878|1050|0|105|1|0|
13|311|360|0|105|1|0|
13|315|390|0|105|1|0|
13|312|360|0|105|1|0|
13|315|360|0|105|1|0|
13|317|390|0|105|1|0|
13|315|360|0|105|1|0|
13|344|360|0|105|1|0|
13|341|360|0|105|1|0|
13|343|330|0|105|1|0|
13|343|330|0|105|1|0|
13|342|360|0|105|1|0|
13|344|360|0|105|1|0|
13|350|330|0|105|1|0|
13|343|360|0|105|1|0|
13|353|330|0|105|1|0|
13|589|600|0|105|1|0|
13|353|330|0|105|1|0|
13|360|330|0|103|1|0|
13|305|270|0|105|1|0|
13|353|330|0|105|1|0|
13|347|330|0|105|1|0|
13|455|450|0|105|1|0|
13|352|360|0|103|1|0|
13|339|330|0|105|1|0|
13|349|330|0|105|1|0|
13|349|330|0|105|1|0|
13|347|360|0|105|1|0|
13|341|330|0|105|1|0|
13|341|360|0|105|1|0|
13|341|330|0|105|1|0|
13|351|330|0|105|1|0|
13|341|330|0|105|1|0|
13|354|330|0|105|1|0|
13|349|330|0|105|1|0|
13|363|330|0|105|1|0|
13|341|360|0|105|1|0|
13|343|330|0|105|1|0|
13|339|330|0|105|1|0|
13|342|330|0|105|1|0|
13|351|360|0|105|1|0|
13|345|360|0|105|1|0|
13|339|330|0|105|1|0|
13|353|360|0|105|1|0|
13|357|360|0|105|1|0|
13|350|360|0|105|1|0|
13|343|360|0|105|1|0|
13|355|360|0|105|1|0|
13|297|390|0|105|1|0|
13|294|390|0|105|1|0|
13|302|420|0|105|1|0|
13|293|390|0|105|1|0|
13|297|390|0|105|1|0|
13|299|420|0|105|1|0|
13|297|390|0|105|1|0|
13|297|390|0|105|1|0|
13|297|390|0|105|1|0|
13|737|960|0|105|1|0|
13|267|360|0|105|1|0|
13|347|330|0|105|1|0|
13|293|300|0|105|1|0|
13|339|360|0|105|1|0|
13|338|360|0|105|1|0|
13|317|390|0|105|1|0|
13|335|360|0|105|1|0|
13|331|390|0|105|1|0|
13|335|360|0|105|1|0|
13|361|390|0|105|1|0|
13|291|330|0|105|1|0|
13|294|300|0|103|1|0|
13|337|360|0|105|1|0|
13|318|390|0|105|1|0|
13|313|360|0|105|1|0|
13|318|360|0|103|1|0|
13|321|330|0|105|1|0|
13|329|390|0|105|1|0|
13|328|390|0|103|1|0|
13|319|390|0|105|1|0|
13|328|330|0|103|1|0|
13|733|840|0|103|1|0|
13|328|390|0|103|1|0|
13|330|390|0|103|1|0|
13|330|390|0|105|1|0|
13|321|360|0|103|1|0|
13|330|360|0|105|1|0|
13|322|360|0|105|1|0|
13|332|360|0|103|1|0|
13|331|390|0|103|1|0|
13|335|390|0|105|1|0|
13|337|390|0|105|1|0|
13|327|360|0|105|1|0|
13|335|330|0|105|1|0|
13|347|330|0|105|1|0|
13|355|390|0|103|1|0|
13|341|330|0|105|1|0|
13|349|330|0|105|1|0|
13|357|360|0|105|1|0|
13|343|330|0|105|1|0|
13|355|330|0|105|1|0|
13|393|420|0|105|1|0|
13|349|330|0|105|1|0|
13|343|330|0|105|1|0|
13|298|300|0|105|1|0|
13|339|330|0|105|1|0|
13|339|360|0|105|1|0|
13|343|360|0|105|1|0|
13|345|330|0|105|1|0|
13|343|330|0|105|1|0|
13|351|330|0|105|1|0|
13|311|300|0|105|1|0|
13|351|330|0|105|1|0|
13|357|360|0|105|1|0|
13|351|330|0|105|1|0|
13|347|360|0|105|1|0|
13|342|330|0|105|1|0|
13|342|330|0|105|1|0|
13|811|810|0|105|1|0|
13|343|330|0|105|1|0|
13|1137|1140|0|105|1|0|
13|343|360|0|105|1|0|
13|343|330|0|105|1|0|
13|351|330|0|105|1|0|
13|351|360|0|105|1|0|
13|348|360|0|105|1|0|
13|343|330|0|105|1|0|
13|343|360|0|105|1|0|
13|302|390|0|105|1|0|
13|303|360|0|105|1|0|
13|309|390|0|105|1|0|
13|307|390|0|105|1|0|
13|303|390|0|105|1|0|
13|305|390|0|105|1|0|
13|303|330|0|105|1|0|
13|303|390|0|105|1|0|
13|301|360|0|105|1|0|
13|304|390|0|105|1|0|
13|307|390|0|105|1|0|
13|305|360|0|105|1|0|
13|305|390|0|105|1|0|
13|303|390|0|105|1|0|
13|963|1170|0|105|1|0|
13|307|360|0|105|1|0|
13|313|360|0|105|1|0|
13|307|390|0|105|1|0|
13|311|390|0|105|1|0|
13|307|360|0|105|1|0|
13|311|360|0|105|1|0|
13|309|390|0|105|1|0|
13|307|390|0|105|1|0|
13|311|390|0|105|1|0|
13|307|360|0|105|1|0|
13|309|330|0|105|1|0|
13|305|360|0|105|1|0|
13|313|390|0|105|1|0|
13|320|390|0|105|1|0|
13|309|360|0|105|1|0|
13|297|360|0|105|1|0|
13|313|390|0|105|1|0|
13|316|390|0|105|1|0|
13|315|390|0|105|1|0|
13|313|360|0|105|1|0|
13|317|390|0|105|1|0|
13|315|390|0|105|1|0|
13|313|390|0|105|1|0|
13|315|390|0|105|1|0|
13|499|570|0|105|1|0|
13|315|390|0|105|1|0|
13|311|360|0|105|1|0|
13|317|390|0|105|1|0|
13|320|390|0|105|1|0|
13|319|390|0|105|1|0|
13|317|390|0|105|1|0|
13|315|390|0|105|1|0|
13|309|360|0|105|1|0|
13|315|390|0|105|1|0|
13|353|420|0|105|1|0|
13|318|390|0|105|1|0|
13|319|390|0|105|1|0|
13|318|390|0|105|1|0|
13|307|390|0|105|1|0|
13|317|360|0|105|1|0|
13|317|390|0|105|1|0|
13|307|360|0|105|1|0|
13|311|360|0|105|1|0|
13|319|390|0|105|1|0|
13|324|360|0|105|1|0|
13|319|390|0|105|1|0|
13|321|390|0|105|1|0|
13|317|390|0|105|1|0|
13|317|360|0|105|1|0|
13|322|360|0|105|1|0|
13|319|390|0|105|1|0|
13|319|360|0|105|1|0|
13|317|330|0|105|1|0|
13|313|390|0|105|1|0|
13|316|360|0|105|1|0|
13|317|360|0|105|1|0|
13|323|390|0|105|1|0|
13|316|360|0|105|1|0|
13|319|360|0|105|1|0|
13|317|390|0|105|1|0|
13|321|390|0|105|1|0|
13|317|330|0|105|1|0|
13|279|300|0|105|1|0|
13|314|360|0|105|1|0|
13|633|750|0|105|1|0|
13|318|390|0|105|1|0|
13|316|360|0|105|1|0|
13|315|360|0|105|1|0|
13|317|360|0|105|1|0|
13|314|360|0|105|1|0|
13|321|360|0|105|1|0|
13|283|330|0|105|1|0|
13|323|390|0|105|1|0|
13|317|330|0|105|1|0|
13|334|360|0|105|1|0|
13|327|390|0|105|1|0|
13|331|330|0|105|1|0|
13|327|330|0|105|1|0|
13|1105|1170|0|105|1|0|
13|331|360|0|105|1|0|
13|329|360|0|105|1|0|
13|333|330|0|105|1|0|
13|890|960|0|103|1|0|
13|329|360|0|103|1|0|
13|334|330|0|105|1|0|
13|335|390|0|105|1|0|
13|335|330|0|105|1|0|
13|334|360|0|105|1|0|
13|334|360|0|103|1|0|
13|337|360|0|105|1|0|
13|331|330|0|105|1|0|
13|330|330|0|105|1|0|
13|329|330|0|105|1|0|
13|331|330|0|105|1|0|
13|337|360|0|105|1|0|
13|327|330|0|105|1|0|
13|333|360|0|105|1|0|
13|331|330|0|105|1|0|
13|333|330|0|105|1|0|
13|333|360|0|105|1|0|
13|329|330|0|105|1|0|
13|328|330|0|105|1|0|
13|328|360|0|105|1|0|
13|327|330|0|105|1|0|
13|331|390|0|105|1|0|
13|328|360|0|105|1|0|
13|331|330|0|105|1|0|
13|329|390|0|105|1|0|
13|337|360|0|105|1|0|
13|337|360|0|105|1|0|
13|334|390|0|105|1|0|
13|337|330|0|105|1|0|
13|340|360|0|105|1|0|
13|907|960|0|105|1|0|
13|309|300|0|105|1|0|
13|331|330|0|105|1|0|
13|288|270|0|105|1|0|
13|291|330|0|105|1|0|
13|293|300|0|105|1|0|
13|337|360|0|105|1|0|
13|328|360|0|105|1|0|
13|327|330|0|105|1|0|
13|1003|1050|0|105|1|0|
13|329|360|0|105|1|0|
13|327|330|0|105|1|0|
13|327|330|0|105|1|0|
13|338|390|0|103|1|0|
13|332|390|0|103|1|0|
13|338|330|0|103|1|0|
13|328|330|0|103|1|0|
13|334|330|0|103|1|0|
13|331|360|0|103|1|0|
13|328|360|0|103|1|0|
13|333|360|0|103|1|0|
13|326|360|0|103|1|0|
13|332|330|0|103|1|0|
13|340|390|0|103|1|0|
13|331|360|0|103|1|0|
13|334|330|0|103|1|0|
13|336|330|0|103|1|0|
13|334|330|0|103|1|0|
13|326|390|0|103|1|0|
13|316|360|0|103|1|0|
13|324|360|0|103|1|0|
13|314|360|0|103|1|0|
13|314|390|0|103|1|0|
13|316|330|0|103|1|0|
13|314|390|0|103|1|0|
13|318|360|0|103|1|0|
13|558|660|0|103|1|0|
13|318|360|0|103|1|0|
13|318|390|0|103|1|0|
13|318|330|0|103|1|0|
13|296|330|0|103|1|0|
13|322|360|0|103|1|0|
13|322|330|0|103|1|0|
13|324|360|0|103|1|0|
13|318|360|0|103|1|0|
13|322|390|0|103|1|0|
13|319|390|0|103|1|0|
13|316|390|0|103|1|0|
13|322|390|0|103|1|0|
13|321|390|0|105|1|0|
13|321|390|0|103|1|0|
13|318|390|0|103|1|0|
13|318|330|0|103|1|0|
13|318|390|0|103|1|0|
13|319|390|0|103|1|0|
13|317|360|0|103|1|0|
13|315|390|0|105|1|0|
13|324|360|0|103|1|0|
13|806|930|0|103|1|0|
13|337|390|0|105|1|0|
13|324|360|0|105|1|0|
13|336|330|0|103|1|0|
13|330|330|0|103|1|0|
13|338|360|0|105|1|0|
13|333|330|0|105|1|0|
13|337|360|0|105|1|0|
13|330|360|0|103|1|0|
13|330|360|0|103|1|0|
13|328|360|0|103|1|0|
13|338|390|0|103|1|0|
13|330|360|0|103|1|0|
13|336|330|0|103|1|0|
13|328|360|0|103|1|0|
13|335|360|0|105|1|0|
13|334|360|0|105|1|0|
13|330|360|0|103|1|0|
13|333|330|0|103|1|0|
13|330|330|0|103|1|0|
13|333|330|0|103|1|0|
13|338|360|0|103|1|0|
13|333|330|0|103|1|0|
13|331|330|0|105|1|0|
13|333|390|0|105|1|0|
13|362|390|0|103|1|0|
13|335|330|0|105|1|0|
13|336|330|0|105|1|0|
13|335|390|0|105|1|0|
13|334|390|0|105|1|0|
13|335|330|0|105|1|0|
13|336|330|0|105|1|0|
13|329|360|0|105|1|0|
13|338|330|0|105|1|0|
13|337|360|0|105|1|0|
13|357|390|0|105|1|0|
13|350|360|0|105|1|0|
13|359|330|0|105|1|0|
13|352|360|0|105|1|0|
13|345|330|0|105|1|0|
13|433|390|0|105|1|0|
13|359|330|0|105|1|0|
13|707|720|0|105|1|0|
13|350|360|0|103|1|0|
13|344|360|0|103|1|0|
13|348|390|0|103|1|0|
13|342|330|0|103|1|0|
13|345|330|0|103|1|0|
13|344|330|0|103|1|0|
13|348|390|0|103|1|0|
13|343|360|0|103|1|0|
13|353|330|0|103|1|0|
13|346|330|0|103|1|0|
13|350|330|0|103|1|0|
13|345|330|0|105|1|0|
13|344|330|0|103|1|0|
13|344|330|0|103|1|0|
13|344|330|0|103|1|0|
13|348|330|0|103|1|0|
13|344|330|0|103|1|0|
13|353|360|0|103|1|0|
13|360|330|0|103|1|0|
13|358|360|0|103|1|0|
13|358|330|0|103|1|0|
13|351|330|0|103|1|0|
13|356|330|0|103|1|0|
13|360|360|0|103|1|0|
13|353|360|0|103|1|0|
13|350|360|0|105|1|0|
13|352|330|0|103|1|0|
13|358|360|0|103|1|0|
13|340|330|0|103|1|0|
13|329|330|0|103|1|0|
13|351|360|0|105|1|0|
13|349|330|0|103|1|0|
13|348|330|0|103|1|0|
13|342|330|0|103|1|0|
13|348|330|0|103|1|0|
13|344|360|0|103|1|0|
13|350|330|0|103|1|0|
13|350|330|0|103|1|0|
13|346|330|0|103|1|0|
13|344|330|0|103|1|0|
13|348|390|0|103|1|0|
13|352|330|0|103|1|0|
13|354|330|0|103|1|0|
13|356|330|0|103|1|0|
13|350|360|0|103|1|0|
13|356|330|0|103|1|0|
13|353|330|0|103|1|0|
13|926|900|0|103|1|0|
13|349|330|0|103|1|0|
13|340|330|0|103|1|0|
13|350|330|0|103|1|0|
13|346|330|0|103|1|0|
13|356|330|0|103|1|0|
13|350|330|0|103|1|0|
13|348|330|0|103|1|0|
13|348|360|0|103|1|0|
13|1070|1050|0|103|1|0|
13|360|330|0|103|1|0|
13|351|360|0|103|1|0|
13|352|360|0|103|1|0|
13|348|330|0|103|1|0|
13|358|330|0|103|1|0|
13|359|360|0|103|1|0|
13|344|360|0|103|1|0|
13|348|330|0|103|1|0|
13|348|330|0|103|1|0|
13|358|330|0|103|1|0|
13|350|360|0|103|1|0|
13|352|390|0|103|1|0|
13|349|330|0|105|1|0|
13|353|330|0|105|1|0|
13|347|330|0|105|1|0|
13|351|330|0|105|1|0|
13|343|330|0|105|1|0|
13|349|330|0|105|1|0|
13|339|330|0|105|1|0|
13|347|360|0|105|1|0|
13|1085|1080|0|105|1|0|
13|343|360|0|105|1|0|
13|703|690|0|105|1|0|
13|341|360|0|105|1|0|
13|349|330|0|105|1|0|
13|349|330|0|105|1|0|
13|344|330|0|105|1|0|
13|363|360|0|105|1|0|
13|310|360|0|105|1|0|
13|307|330|0|105|1|0|
13|309|360|0|105|1|0|
13|317|390|0|105|1|0|
13|312|330|0|105|1|0|
13|310|360|0|105|1|0|
13|309|360|0|105|1|0|
13|315|390|0|105|1|0|
13|319|360|0|105|1|0|
13|315|360|0|105|1|0|
13|317|360|0|105|1|0|
13|305|360|0|105|1|0|
13|309|360|0|105|1|0|
13|320|360|0|105|1|0|
13|315|390|0|105|1|0|
13|311|390|0|105|1|0|
13|317|360|0|105|1|0|
13|311|390|0|105|1|0|
13|311|390|0|105|1|0|
13|309|390|0|105|1|0|
13|312|390|0|105|1|0|
13|317|420|0|105|1|0|
13|307|360|0|105|1|0|
13|277|330|0|105|1|0|
13|309|360|0|105|1|0|
13|320|390|0|105|1|0|
13|310|360|0|105|1|0|
13|317|390|0|105|1|0|
13|312|390|0|105|1|0|
13|307|360|0|105|1|0|
13|314|390|0|105|1|0|
13|307|390|0|105|1|0|
13|315|360|0|105|1|0|
13|307|390|0|105|1|0|
13|286|330|0|105|1|0|
13|314|390|0|105|1|0|
13|309|360|0|105|1|0|
13|311|390|0|105|1|0|
13|310|330|0|105|1|0|
13|311|390|0|105|1|0|
13|312|390|0|105|1|0|
13|315|360|0|105|1|0|
13|311|360|0|105|1|0|
13|320|390|0|105|1|0|
13|313|360|0|105|1|0|
13|348|330|0|105|1|0|
13|345|360|0|105|1|0|
13|350|360|0|105|1|0|
13|346|330|0|105|1|0|
13|349|360|0|105|1|0|
13|346|390|0|105|1|0|
13|349|390|0|105|1|0|
13|345|360|0|105|1|0|
13|345|330|0|105|1|0|
13|349|360|0|105|1|0|
13|342|360|0|105|1|0|
13|357|360|0|105|1|0|
13|355|330|0|105|1|0|
13|357|330|0|105|1|0|
13|975|960|0|105|1|0|
13|351|330|0|105|1|0|
13|356|330|0|105|1|0|
13|339|360|0|105|1|0|
13|925|930|0|105|1|0|
13|355|330|0|105|1|0|
13|348|360|0|103|1|0|
13|344|330|0|103|1|0|
13|344|360|0|103|1|0|
13|342|330|0|103|1|0|
13|345|360|0|103|1|0|
13|340|360|0|103|1|0|
13|340|360|0|103|1|0|
13|343|330|0|105|1|0|
13|343|330|0|105|1|0|
13|357|360|0|105|1|0|
13|355|330|0|105|1|0|
13|347|360|0|105|1|0|
13|347|330|0|105|1|0|
13|339|360|0|105|1|0|
13|347|330|0|105|1|0|
13|349|360|0|105|1|0|
13|357|330|0|105|1|0|
13|357|330|0|105|1|0|
13|355|360|0|105|1|0|
13|351|330|0|105|1|0|
13|351|360|0|105|1|0|
13|351|330|0|105|1|0|
13|347|390|0|105|1|0|
13|349|360|0|105|1|0|
13|351|330|0|105|1|0|
13|351|330|0|105|1|0|
13|349|360|0|105|1|0|
13|347|330|0|105|1|0|
13|341|330|0|105|1|0|
13|351|360|0|105|1|0|
13|343|360|0|105|1|0|
13|349|360|0|105|1|0|
13|344|330|0|105|1|0|
13|345|330|0|105|1|0|
13|351|330|0|105|1|0|
13|343|330|0|105|1|0|
13|351|330|0|105|1|0|
13|342|330|0|105|1|0|
13|341|330|0|105|1|0|
13|347|390|0|105|1|0|
13|343|330|0|105|1|0|
13|355|360|0|105|1|0|
13|349|330|0|105|1|0|
13|357|330|0|105|1|0|
13|347|330|0|105|1|0|
13|357|330|0|105|1|0|
13|349|330|0|105|1|0|
13|349|330|0|105|1|0|
13|945|930|0|105|1|0|
13|349|330|0|105|1|0|
13|345|390|0|105|1|0|
13|350|360|0|105|1|0|
13|349|360|0|105|1|0|
13|349|360|0|105|1|0|
13|347|330|0|105|1|0|
13|346|330|0|105|1|0|
13|343|360|0|105|1|0|
13|344|330|0|105|1|0|
13|341|360|0|105|1|0|
13|347|360|0|105|1|0|
13|349|330|0|105|1|0|
13|345|330|0|105|1|0|
13|350|330|0|105|1|0|
13|353|360|0|105|1|0|
13|348|330|0|105|1|0|
13|343|330|0|105|1|0|
13|343|330|0|105|1|0|
13|353|360|0|105|1|0|
13|339|330|0|105|1|0|
13|347|360|0|105|1|0|
13|348|360|0|103|1|0|
13|341|330|0|105|1|0|
13|341|330|0|105|1|0|
13|344|330|0|105|1|0|
13|344|330|0|105|1|0|
13|344|360|0|105|1|0|
13|351|360|0|105|1|0|
13|353|330|0|105|1|0|
13|342|330|0|105|1|0|
13|915|900|0|105|1|0|
13|340|330|0|105|1|0|
13|349|330|0|105|1|0|
13|341|360|0|105|1|0|
13|339|330|0|105|1|0|
13|349|330|0|105|1|0|
13|343|360|0|105|1|0|
13|475|480|0|105|1|0|
13|305|330|0|105|1|0|
13|347|330|0|105|1|0|
13|353|330|0|105|1|0|
13|302|270|0|105|1|0|
13|303|300|0|105|1|0|
13|343|330|0|105|1|0|
13|311|360|0|105|1|0|
13|348|330|0|105|1|0|
13|661|660|0|105|1|0|
13|339|330|0|105|1|0|
13|345|390|0|105|1|0|
13|342|360|0|105|1|0|
13|349|330|0|105|1|0|
13|345|330|0|105|1|0|
13|349|330|0|105|1|0|
13|342|330|0|105|1|0|
13|341|330|0|105|1|0|
13|313|360|0|105|1|0|
13|315|390|0|105|1|0|
13|316|390|0|105|1|0|
13|321|360|0|105|1|0|
13|321|360|0|105|1|0|
13|318|390|0|105|1|0|
13|287|360|0|103|1|0|
13|317|390|0|105|1|0|
13|345|390|0|103|1|0|
13|648|750|0|103|1|0|
13|282|330|0|103|1|0|
13|321|390|0|105|1|0|
13|322|360|0|103|1|0|
13|307|330|0|105|1|0|
13|324|390|0|103|1|0|
13|348|360|0|103|1|0|
13|400|450|0|105|1|0|
13|337|360|0|105|1|0|
13|336|360|0|103|1|0|
13|309|330|0|103|1|0|
13|334|330|0|103|1|0|
13|288|300|0|103|1|0|
13|336|390|0|103|1|0|
13|326|330|0|103|1|0|
13|295|330|0|105|1|0|
13|330|360|0|103|1|0|
13|332|360|0|103|1|0|
13|337|330|0|105|1|0|
13|335|360|0|105|1|0|
13|340|360|0|105|1|0|
13|349|330|0|105|1|0|
13|354|330|0|105|1|0|
13|349|330|0|105|1|0|
13|349|330|0|105|1|0|
13|343|360|0|105|1|0|
13|298|300|0|105|1|0|
13|341|330|0|105|1|0|
13|343|330|0|105|1|0|
13|297|300|0|105|1|0|
13|346|360|0|105|1|0|
13|341|330|0|105|1|0|
13|295|300|0|105|1|0|
13|341|360|0|105|1|0|
13|349|330|0|105|1|0|
13|342|330|0|105|1|0|
13|350|330|0|105|1|0|
13|349|330|0|105|1|0|
13|341|330|0|105|1|0|
13|350|360|0|105|1|0|
13|345|390|0|105|1|0|
13|337|390|0|105|1|0|
13|335|360|0|105|1|0|
13|334|360|0|105|1|0|
13|338|360|0|103|1|0|
13|341|360|0|103|1|0|
13|336|360|0|103|1|0|
13|332|330|0|103|1|0|
13|338|360|0|103|1|0|
13|336|330|0|103|1|0|
13|333|360|0|105|1|0|
13|337|390|0|105|1|0|
13|335|330|0|105|1|0|
13|355|330|0|105|1|0|
13|355|360|0|105|1|0|
13|343|360|0|103|1|0|
13|352|330|0|103|1|0|
13|342|330|0|103|1|0|
13|353|360|0|103|1|0|
13|349|360|0|103|1|0|
13|351|360|0|105|1|0|
13|297|300|0|103|1|0|
13|352|360|0|103|1|0|
13|343|330|0|105|1|0|
13|342|330|0|103|1|0|
13|350|330|0|103|1|0|
13|340|330|0|103|1|0|
13|348|330|0|103|1|0|
13|348|360|0|103|1|0|
13|352|360|0|103|1|0|
13|347|330|0|105|1|0|
13|351|360|0|103|1|0|
13|1116|1110|0|103|1|0|
13|348|360|0|103|1|0|
13|357|330|0|103|1|0|
13|352|330|0|103|1|0|
13|354|330|0|103|1|0|
13|352|330|0|103|1|0|
13|348|360|0|103|1|0|
13|351|330|0|105|1|0|
13|355|360|0|105|1|0|
13|351|330|0|105|1|0|
13|1037|1020|0|105|1|0|
13|343|330|0|105|1|0|
13|1133|1140|0|105|1|0|
13|347|330|0|105|1|0|
13|339|330|0|105|1|0|
13|350|360|0|103|1|0|
13|341|330|0|105|1|0|
13|329|330|0|105|1|0|
13|329|330|0|105|1|0|
13|331|390|0|105|1|0|
13|327|360|0|105|1|0|
13|335|330|0|105|1|0|
13|337|390|0|105|1|0|
13|655|720|0|105|1|0|
13|331|330|0|105|1|0|
13|337|360|0|105|1|0|
13|335|360|0|105|1|0|
13|340|330|0|105|1|0|
13|329|390|0|105|1|0|
13|337|330|0|105|1|0|
13|331|390|0|105|1|0|
13|335|330|0|105|1|0|
13|329|390|0|105|1|0|
13|307|390|0|105|1|0|
13|311|390|0|105|1|0|
13|317|390|0|105|1|0|
13|311|390|0|105|1|0|
13|309|360|0|105|1|0|
13|313|390|0|105|1|0|
13|311|360|0|105|1|0|
13|317|360|0|105|1|0|
13|311|390|0|103|1|0|
13|321|360|0|103|1|0|
13|318|390|0|105|1|0|
13|317|390|0|105|1|0|
13|315|390|0|105|1|0|
13|307|360|0|105|1|0|
13|307|360|0|105|1|0|
13|315|360|0|105|1|0|
13|317|360|0|105|1|0|
13|317|330|0|105|1|0|
13|317|360|0|105|1|0|
13|313|390|0|105|1|0|
13|391|450|0|105|1|0|
13|315|360|0|105|1|0|
13|313|390|0|105|1|0|
13|318|330|0|105|1|0|
13|313|360|0|105|1|0|
13|316|390|0|105|1|0|
13|319|360|0|103|1|0|
13|313|390|0|105|1|0|
13|318|360|0|103|1|0|
13|323|390|0|105|1|0|
13|323|390|0|105|1|0|
13|336|360|0|103|1|0|
13|336|360|0|103|1|0|
13|375|420|0|105|1|0|
13|335|330|0|105|1|0|
13|331|330|0|105|1|0|
13|336|390|0|105|1|0|
13|333|330|0|105|1|0|
13|335|390|0|105|1|0|
13|330|330|0|105|1|0|
13|335|360|0|105|1|0|
13|329|360|0|105|1|0|
13|330|330|0|105|1|0|
13|333|330|0|105|1|0|
13|331|330|0|105|1|0|
13|338|360|0|103|1|0|
13|810|870|0|103|1|0|
13|330|390|0|105|1|0|
13|325|330|0|105|1|0|
13|819|930|0|105|1|0|
13|361|390|0|105|1|0|
13|323|360|0|105|1|0|
13|325|390|0|105|1|0|
13|322|390|0|105|1|0|
13|325|330|0|105|1|0|
13|325|390|0|105|1|0|
13|322|360|0|105|1|0|
13|327|330|0|105|1|0|
13|322|360|0|105|1|0|
13|328|390|0|103|1|0|
13|321|330|0|105|1|0|
13|327|330|0|105|1|0|
13|325|390|0|105|1|0|
13|333|360|0|105|1|0|
13|331|390|0|105|1|0|
13|337|330|0|105|1|0|
13|1045|1110|0|105|1|0|
13|335|390|0|105|1|0|
13|344|330|0|105|1|0|
13|335|390|0|105|1|0|
13|293|330|0|105|1|0|
13|333|330|0|105|1|0|
13|331|360|0|105|1|0|
13|723|750|0|105|1|0|
13|327|330|0|105|1|0|
13|329|330|0|105|1|0|
13|328|330|0|105|1|0|
13|337|360|0|105|1|0|
13|329|360|0|105|1|0|
13|327|390|0|105|1|0|
13|330|330|0|105|1|0|
13|332|390|0|105|1|0|
13|328|330|0|105|1|0|
13|337|330|0|105|1|0|
13|327|390|0|105|1|0|
13|312|330|0|105|1|0|
13|293|300|0|105|1|0|
13|330|330|0|105|1|0|
13|335|360|0|105|1|0|
13|327|360|0|105|1|0|
13|327|390|0|105|1|0|
13|335|330|0|105|1|0|
13|327|330|0|105|1|0|
13|335|360|0|105|1|0|
13|335|360|0|105|1|0|
13|331|360|0|105|1|0|
13|335|330|0|105|1|0|
13|323|390|0|105|1|0|
13|331|360|0|105|1|0|
13|329|360|0|105|1|0|
13|327|390|0|105|1|0|
13|323|390|0|105|1|0|
13|329|390|0|105|1|0|
13|329|360|0|105|1|0|
13|327|330|0|105|1|0|
13|329|330|0|105|1|0|
13|330|360|0|105|1|0|
13|323|390|0|105|1|0|
13|331|360|0|105|1|0|
13|290|330|0|105|1|0|
13|995|1080|0|105|1|0|
13|321|330|0|105|1|0|
13|323|360|0|105|1|0|
13|319|360|0|105|1|0|
13|325|390|0|105|1|0|
13|323|390|0|103|1|0|
13|322|360|0|103|1|0|
13|324|360|0|103|1|0|
13|324|330|0|103|1|0|
13|330|360|0|103|1|0|
13|330|390|0|103|1|0|
13|322|330|0|103|1|0|
13|324|330|0|103|1|0|
13|334|360|0|103|1|0|
13|322|360|0|103|1|0|
13|320|360|0|103|1|0|
13|329|390|0|103|1|0|
13|322|330|0|103|1|0|
13|324|360|0|103|1|0|
13|316|390|0|103|1|0|
13|910|1050|0|103|1|0|
13|318|360|0|103|1|0|
13|325|390|0|103|1|0|
13|320|330|0|103|1|0|
13|316|390|0|103|1|0|
13|325|360|0|103|1|0|
13|320|360|0|103|1|0|
13|326|390|0|103|1|0|
13|322|390|0|103|1|0|
13|319|360|0|103|1|0|
13|325|390|0|103|1|0|
13|317|360|0|103|1|0|
13|325|390|0|103|1|0|
13|320|360|0|103|1|0|
13|324|330|0|103|1|0|
13|320|390|0|103|1|0|
13|655|750|0|103|1|0|
13|316|390|0|103|1|0|
13|318|390|0|103|1|0|
13|318|390|0|103|1|0|
13|317|360|0|103|1|0|
13|320|360|0|103|1|0|
13|320|330|0|103|1|0|
13|318|360|0|103|1|0|
13|319|360|0|103|1|0|
13|314|390|0|103|1|0|
13|316|360|0|103|1|0|
13|326|390|0|103|1|0|
13|318|390|0|103|1|0|
13|327|360|0|103|1|0|
13|322|360|0|103|1|0|
13|316|330|0|103|1|0|
13|322|390|0|103|1|0|
13|317|360|0|103|1|0|
13|324|360|0|103|1|0|
13|318|330|0|103|1|0|
13|325|390|0|105|1|0|
13|316|360|0|103|1|0|
13|324|390|0|103|1|0|
13|330|390|0|103|1|0|
13|316|330|0|103|1|0|
13|1025|1200|0|105|1|0|
13|316|390|0|105|1|0|
13|326|360|0|103|1|0|
13|332|360|0|103|1|0|
13|324|330|0|103|1|0|
13|322|360|0|103|1|0|
13|324|360|0|103|1|0|
13|330|360|0|103|1|0|
13|326|330|0|103|1|0|
13|330|390|0|103|1|0|
13|323|360|0|103|1|0|
13|321|360|0|105|1|0|
13|333|390|0|103|1|0|
13|325|390|0|103|1|0|
13|1059|1200|0|105|1|0|
13|321|330|0|105|1|0|
13|325|390|0|105|1|0|
13|329|390|0|105|1|0|
13|327|330|0|105|1|0|
13|1003|1050|0|105|1|0|
13|330|390|0|105|1|0|
13|331|360|0|105|1|0|
13|329|330|0|105|1|0|
13|328|360|0|105|1|0|
13|337|360|0|105|1|0|
13|721|750|0|105|1|0|
13|329|360|0|105|1|0|
13|331|390|0|105|1|0|
13|481|540|0|105|1|0|
13|331|360|0|105|1|0|
13|330|360|0|105|1|0|
13|633|660|0|105|1|0|
13|329|330|0|105|1|0|
13|287|300|0|105|1|0|
13|307|360|0|105|1|0|
13|307|360|0|105|1|0|
13|313|390|0|105|1|0|
13|310|390|0|105|1|0|
13|315|390|0|105|1|0|
13|293|360|0|105|1|0|
13|314|390|0|105|1|0|
13|315|390|0|105|1|0|
13|317|390|0|105|1|0|
13|319|390|0|105|1|0|
13|317|360|0|105|1|0|
13|313|360|0|105|1|0|
13|317|390|0|105|1|0|
13|309|360|0|105|1|0|
13|315|360|0|105|1|0|
13|353|420|0|105|1|0|
13|311|360|0|105|1|0|
13|307|390|0|105|1|0|
13|313|390|0|105|1|0|
13|305|360|0|105|1|0|
13|317|390|0|105|1|0|
13|307|360|0|105|1|0|
13|309|330|0|105|1|0|
13|320|390|0|105|1|0|
13|712|870|0|105|1|0|
13|321|390|0|103|1|0|
13|319|390|0|105|1|0|
13|315|390|0|105|1|0|
13|317|360|0|105|1|0|
13|317|390|0|105|1|0|
13|307|360|0|105|1|0|
13|334|360|0|103|1|0|
13|292|330|0|105|1|0|
13|340|360|0|103|1|0|
13|337|360|0|105|1|0|
13|337|360|0|105|1|0|
13|330|360|0|105|1|0|
13|294|330|0|105|1|0|
13|328|330|0|105|1|0|
13|333|330|0|105|1|0|
13|333|360|0|105|1|0|
13|329|360|0|105|1|0|
13|327|330|0|105|1|0|
13|333|330|0|105|1|0|
13|331|360|0|105|1|0|
13|337|360|0|105|1|0|
13|331|330|0|105|1|0|
13|329|330|0|105|1|0|
13|693|720|0|105|1|0|
13|331|330|0|105|1|0|
13|317|330|0|105|1|0|
13|337|390|0|105|1|0|
13|335|360|0|105|1|0|
13|852|930|0|105|1|0|
13|337|390|0|105|1|0|
13|333|330|0|105|1|0|
