INSTRUCTIONS_RETIRED|CYCLES|UNKNOWN|LD_BLOCKS.STORE_FORWARD|UOPS_EXECUTED.CORE|BR_MISP_RETIRED.ALL_BRANCHES|UOPS_ISSUED.SINGLE_MUL|
13|285|420|0|137|1|0|
13|277|420|0|134|1|0|
13|245|360|0|123|1|0|
13|279|390|0|135|1|0|
13|299|330|0|141|1|0|
13|288|420|0|138|1|0|
13|281|420|0|135|1|0|
13|557|540|0|156|1|0|
13|390|450|0|156|1|0|
13|908|1020|0|156|1|0|
13|325|360|0|150|1|0|
13|326|330|0|150|1|0|
13|329|360|0|151|1|0|
13|317|390|0|147|1|0|
13|317|360|0|147|1|0|
13|757|840|0|156|1|0|
13|327|360|0|150|1|0|
13|331|360|0|152|1|0|
13|321|360|0|149|1|0|
13|288|330|0|138|1|0|
13|363|420|0|156|1|0|
13|349|360|0|156|1|0|
13|337|330|0|154|1|0|
13|351|330|0|156|1|0|
13|347|360|0|156|1|0|
13|355|360|0|156|1|0|
13|357|360|0|156|1|0|
13|895|870|0|156|1|0|
13|357|330|0|156|1|0|
13|348|300|0|156|1|0|
13|343|330|0|156|1|0|
13|349|360|0|156|1|0|
13|345|330|0|156|1|0|
13|299|300|0|141|1|0|
13|344|360|0|156|1|0|
13|351|360|0|156|1|0|
13|352|330|0|156|1|0|
13|337|360|0|154|1|0|
13|341|330|0|155|1|0|
13|353|330|0|156|1|0|
13|351|360|0|156|1|0|
13|345|330|0|156|1|0|
13|351|330|0|156|1|0|
13|351|330|0|156|1|0|
13|349|360|0|156|1|0|
13|349|330|0|156|1|0|
13|349|330|0|156|1|0|
13|913|900|0|156|1|0|
13|867|870|0|156|1|0|
13|346|330|0|156|1|0|
13|351|330|0|156|1|0|
13|341|330|0|155|1|0|
13|343|330|0|156|1|0|
13|349|390|0|156|1|0|
13|359|360|0|156|1|0|
13|357|360|0|156|1|0|
13|351|390|0|156|1|0|
13|351|330|0|156|1|0|
13|353|390|0|156|1|0|
13|351|330|0|156|1|0|
13|355|360|0|156|1|0|
13|350|390|0|156|1|0|
13|353|330|0|156|1|0|
13|356|330|0|156|1|0|
13|344|330|0|156|1|0|
13|353|330|0|156|1|0|
13|352|330|0|156|1|0|
13|343|330|0|156|1|0|
13|360|360|0|156|1|0|
13|351|330|0|156|1|0|
13|762|750|0|156|1|0|
13|353|360|0|156|1|0|
13|350|360|0|156|1|0|
13|343|360|0|156|1|0|
13|303|330|0|143|1|0|
13|297|270|0|141|1|0|
13|347|330|0|156|1|0|
13|300|270|0|142|1|0|
13|341|360|0|155|1|0|
13|329|360|0|151|1|0|
13|305|300|0|143|1|0|
13|341|330|0|155|1|0|
13|327|300|0|151|1|0|
13|340|330|0|155|1|0|
13|300|300|0|142|1|0|
13|440|480|0|156|1|0|
13|343|330|0|156|1|0|
13|351|330|0|156|1|0|
13|341|390|0|155|1|0|
13|342|330|0|156|1|0|
13|337|330|0|154|1|0|
13|317|360|0|147|1|0|
13|317|360|0|147|1|0|
13|323|360|0|149|1|0|
13|319|330|0|148|1|0|
13|316|360|0|147|1|0|
13|315|390|0|147|1|0|
13|278|330|0|134|1|0|
13|353|390|0|156|1|0|
13|361|330|0|156|1|0|
13|315|360|0|147|1|0|
13|285|300|0|137|1|0|
13|345|330|0|156|1|0|
13|309|360|0|145|1|0|
13|284|360|0|136|1|0|
13|299|270|0|141|1|0|
13|351|330|0|156|1|0|
13|429|450|0|156|1|0|
13|353|390|0|156|1|0|
13|304|300|0|143|1|0|
13|345|360|0|156|1|0|
13|353|390|0|156|1|0|
13|345|360|0|156|1|0|
13|343|330|0|156|1|0|
13|343|330|0|156|1|0|
13|349|360|0|156|1|0|
13|303|300|0|143|1|0|
13|357|330|0|156|1|0|
13|353|360|0|156|1|0|
13|357|330|0|156|1|0|
13|355|360|0|156|1|0|
13|299|330|0|141|1|0|
13|321|330|0|149|1|0|
13|346|330|0|156|1|0|
13|347|360|0|156|1|0|
13|358|330|0|156|1|0|
13|351|360|0|156|1|0|
13|351|330|0|156|1|0|
13|357|330|0|156|1|0|
13|361|330|0|156|1|0|
13|311|270|0|145|1|0|
13|312|270|0|146|1|0|
13|349|360|0|156|1|0|
13|352|330|0|156|1|0|
13|351|360|0|156|1|0|
13|337|360|0|154|1|0|
13|345|330|0|156|1|0|
13|345|330|0|156|1|0|
13|347|360|0|156|1|0|
13|343|360|0|156|1|0|
13|335|360|0|153|1|0|
13|342|330|0|156|1|0|
13|339|360|0|155|1|0|
13|340|330|0|155|1|0|
13|339|360|0|155|1|0|
13|338|360|0|154|1|0|
13|345|360|0|156|1|0|
13|345|360|0|156|1|0|
13|335|330|0|153|1|0|
13|337|360|0|154|1|0|
13|340|360|0|155|1|0|
13|339|330|0|155|1|0|
13|347|360|0|156|1|0|
13|349|360|0|156|1|0|
13|917|900|0|156|1|0|
13|347|330|0|156|1|0|
13|347|330|0|156|1|0|
13|349|360|0|156|1|0|
13|341|360|0|155|1|0|
13|353|330|0|156|1|0|
13|342|360|0|155|1|0|
13|349|360|0|156|1|0|
13|345|330|0|156|1|0|
13|349|360|0|156|1|0|
13|345|330|0|156|1|0|
13|363|360|0|156|1|0|
13|348|330|0|156|1|0|
13|345|330|0|156|1|0|
13|343|360|0|156|1|0|
13|345|330|0|156|1|0|
13|346|330|0|156|1|0|
13|347|360|0|156|1|0|
13|346|330|0|156|1|0|
13|345|330|0|156|1|0|
13|345|360|0|156|1|0|
13|347|330|0|156|1|0|
13|342|330|0|156|1|0|
13|345|330|0|156|1|0|
13|345|330|0|156|1|0|
13|348|330|0|156|1|0|
13|351|330|0|156|1|0|
13|353|360|0|156|1|0|
13|349|330|0|156|1|0|
13|350|360|0|156|1|0|
13|347|360|0|156|1|0|
13|347|330|0|156|1|0|
13|311|360|0|145|1|0|
13|311|390|0|145|1|0|
13|314|390|0|146|1|0|
13|309|390|0|145|1|0|
13|313|360|0|146|1|0|
13|304|390|0|143|1|0|
13|309|360|0|145|1|0|
13|307|390|0|144|1|0|
13|302|360|0|142|1|0|
13|675|840|0|156|1|0|
13|309|420|0|145|1|0|
13|307|390|0|144|1|0|
13|303|390|0|143|1|0|
13|307|360|0|144|1|0|
13|314|390|0|146|1|0|
13|311|390|0|145|1|0|
13|311|390|0|145|1|0|
13|319|360|0|148|1|0|
13|311|360|0|145|1|0|
13|319|360|0|148|1|0|
13|309|390|0|145|1|0|
13|322|390|0|149|1|0|
13|319|390|0|148|1|0|
13|311|360|0|145|1|0|
13|319|360|0|148|1|0|
13|311|360|0|145|1|0|
13|315|360|0|147|1|0|
13|309|360|0|145|1|0|
13|319|390|0|148|1|0|
13|325|330|0|150|1|0|
13|331|360|0|152|1|0|
13|323|360|0|149|1|0|
13|325|360|0|150|1|0|
13|323|360|0|149|1|0|
13|327|360|0|151|1|0|
13|323|360|0|149|1|0|
13|283|300|0|136|1|0|
13|979|1110|0|156|1|0|
13|327|330|0|151|1|0|
13|334|390|0|153|1|0|
13|321|360|0|149|1|0|
13|593|660|0|156|1|0|
13|323|330|0|149|1|0|
13|333|360|0|153|1|0|
13|321|330|0|149|1|0|
13|337|330|0|154|1|0|
13|331|390|0|152|1|0|
13|339|360|0|155|1|0|
13|335|330|0|153|1|0|
13|331|330|0|152|1|0|
13|331|330|0|152|1|0|
13|332|330|0|152|1|0|
13|329|360|0|151|1|0|
13|331|330|0|152|1|0|
13|332|330|0|152|1|0|
13|335|360|0|153|1|0|
13|337|360|0|154|1|0|
13|338|390|0|154|1|0|
13|335|360|0|153|1|0|
13|333|390|0|153|1|0|
13|337|360|0|154|1|0|
13|331|360|0|152|1|0|
13|336|330|0|154|1|0|
13|334|330|0|153|1|0|
13|337|360|0|154|1|0|
13|331|330|0|152|1|0|
13|381|390|0|156|1|0|
13|331|390|0|152|1|0|
13|341|330|0|155|1|0|
13|338|360|0|154|1|0|
13|340|390|0|155|1|0|
13|331|330|0|152|1|0|
13|337|360|0|154|1|0|
13|330|390|0|152|1|0|
13|329|330|0|151|1|0|
13|288|330|0|138|1|0|
13|333|390|0|153|1|0|
13|334|330|0|153|1|0|
13|323|360|0|149|1|0|
13|331|330|0|152|1|0|
13|333|360|0|153|1|0|
13|321|330|0|149|1|0|
13|331|360|0|152|1|0|
13|325|330|0|150|1|0|
13|329|330|0|151|1|0|
13|323|330|0|149|1|0|
13|326|360|0|150|1|0|
13|325|360|0|150|1|0|
13|331|330|0|152|1|0|
13|333|390|0|153|1|0|
13|331|390|0|152|1|0|
13|331|360|0|152|1|0|
13|329|360|0|151|1|0|
13|317|390|0|147|1|0|
13|279|330|0|135|1|0|
13|311|360|0|145|1|0|
13|275|330|0|133|1|0|
13|309|390|0|145|1|0|
13|316|390|0|147|1|0|
13|311|390|0|145|1|0|
13|311|360|0|145|1|0|
13|313|390|0|146|1|0|
13|309|390|0|145|1|0|
13|313|360|0|146|1|0|
13|321|390|0|149|1|0|
13|315|390|0|147|1|0|
13|317|360|0|147|1|0|
13|319|360|0|148|1|0|
13|319|390|0|148|1|0|
13|320|360|0|148|1|0|
13|325|360|0|150|1|0|
13|323|360|0|149|1|0|
13|325|390|0|150|1|0|
13|325|390|0|150|1|0|
13|316|360|0|147|1|0|
13|323|360|0|149|1|0|
13|325|390|0|150|1|0|
13|787|870|0|156|1|0|
13|323|360|0|149|1|0|
13|325|390|0|150|1|0|
13|325|390|0|150|1|0|
13|323|390|0|149|1|0|
13|317|360|0|147|1|0|
13|317|360|0|147|1|0|
13|339|330|0|155|1|0|
13|329|360|0|151|1|0|
13|330|390|0|152|1|0|
13|336|390|0|154|1|0|
13|340|390|0|155|1|0|
13|333|330|0|153|1|0|
13|341|330|0|155|1|0|
13|336|390|0|154|1|0|
13|338|390|0|154|1|0|
13|334|360|0|153|1|0|
13|331|390|0|152|1|0|
13|333|330|0|153|1|0|
13|1005|1050|0|156|1|0|
13|331|360|0|152|1|0|
13|331|360|0|152|1|0|
13|333|330|0|153|1|0|
13|333|390|0|153|1|0|
13|335|390|0|153|1|0|
13|337|390|0|154|1|0|
13|339|390|0|155|1|0|
13|1039|1110|0|156|1|0|
13|337|330|0|154|1|0|
13|332|360|0|152|1|0|
13|329|390|0|151|1|0|
13|333|390|0|153|1|0|
13|335|390|0|153|1|0|
13|335|390|0|153|1|0|
13|333|360|0|153|1|0|
13|331|360|0|152|1|0|
13|333|360|0|153|1|0|
13|331|330|0|152|1|0|
13|337|390|0|154|1|0|
13|332|360|0|152|1|0|
13|329|360|0|151|1|0|
13|332|330|0|152|1|0|
13|331|330|0|152|1|0|
13|329|390|0|151|1|0|
13|337|390|0|154|1|0|
13|333|390|0|153|1|0|
13|337|390|0|154|1|0|
13|339|360|0|155|1|0|
13|331|330|0|152|1|0|
13|339|360|0|155|1|0|
13|333|330|0|153|1|0|
13|925|1020|0|156|1|0|
13|335|390|0|153|1|0|
13|338|330|0|154|1|0|
13|339|390|0|155|1|0|
13|333|390|0|153|1|0|
13|331|330|0|152|1|0|
13|336|360|0|154|1|0|
13|799|900|0|156|1|0|
13|329|390|0|151|1|0|
13|331|330|0|152|1|0|
13|325|360|0|150|1|0|
13|711|810|0|156|1|0|
13|330|390|0|152|1|0|
13|895|990|0|156|1|0|
13|331|360|0|152|1|0|
13|333|360|0|153|1|0|
13|323|360|0|149|1|0|
13|321|360|0|149|1|0|
13|328|390|0|151|1|0|
13|324|360|0|150|1|0|
13|331|360|0|152|1|0|
13|931|1050|0|156|1|0|
13|329|330|0|151|1|0|
13|330|360|0|152|1|0|
13|336|360|0|153|1|0|
13|339|360|0|155|1|0|
13|341|330|0|155|1|0|
13|340|360|0|155|1|0|
13|339|330|0|155|1|0|
13|333|330|0|153|1|0|
13|339|390|0|155|1|0|
13|332|360|0|152|1|0|
13|339|360|0|155|1|0|
13|338|360|0|154|1|0|
13|335|330|0|153|1|0|
13|331|390|0|152|1|0|
13|337|390|0|154|1|0|
13|331|390|0|152|1|0|
13|335|330|0|153|1|0|
13|330|360|0|152|1|0|
13|329|360|0|151|1|0|
13|327|330|0|151|1|0|
13|335|360|0|153|1|0|
13|327|390|0|151|1|0|
13|333|390|0|153|1|0|
13|329|360|0|151|1|0|
13|335|360|0|153|1|0|
13|331|390|0|152|1|0|
13|329|390|0|151|1|0|
13|331|390|0|152|1|0|
13|321|360|0|149|1|0|
13|329|390|0|151|1|0|
13|329|330|0|151|1|0|
13|326|360|0|150|1|0|
13|315|390|0|147|1|0|
13|312|390|0|146|1|0|
13|313|390|0|146|1|0|
13|313|390|0|146|1|0|
13|313|360|0|146|1|0|
13|313|390|0|146|1|0|
13|315|360|0|147|1|0|
13|776|930|0|156|1|0|
13|311|390|0|145|1|0|
13|317|390|0|147|1|0|
13|311|390|0|145|1|0|
13|319|360|0|148|1|0|
13|319|390|0|148|1|0|
13|317|360|0|147|1|0|
13|311|360|0|145|1|0|
13|317|390|0|147|1|0|
13|309|390|0|145|1|0|
13|312|390|0|146|1|0|
13|309|360|0|145|1|0|
13|312|390|0|146|1|0|
13|633|720|0|156|1|0|
13|317|390|0|147|1|0|
13|318|390|0|148|1|0|
13|311|360|0|145|1|0|
13|315|390|0|147|1|0|
13|318|390|0|148|1|0|
13|309|360|0|145|1|0|
13|309|360|0|145|1|0|
13|310|390|0|145|1|0|
13|313|390|0|146|1|0|
13|309|360|0|145|1|0|
13|315|390|0|147|1|0|
13|309|390|0|145|1|0|
13|787|960|0|156|1|0|
13|311|390|0|145|1|0|
13|309|390|0|145|1|0|
13|309|360|0|145|1|0|
13|275|330|0|133|1|0|
13|313|390|0|146|1|0|
13|311|390|0|145|1|0|
13|311|360|0|145|1|0|
13|319|360|0|148|1|0|
13|311|360|0|145|1|0|
13|423|540|0|156|1|0|
13|307|390|0|144|1|0|
13|307|390|0|144|1|0|
13|481|600|0|156|1|0|
13|303|390|0|143|1|0|
13|309|390|0|145|1|0|
13|303|360|0|143|1|0|
13|309|420|0|145|1|0|
13|311|420|0|145|1|0|
13|307|390|0|144|1|0|
13|308|360|0|144|1|0|
13|303|360|0|143|1|0|
13|310|390|0|145|1|0|
13|311|390|0|145|1|0|
13|317|360|0|147|1|0|
13|319|360|0|148|1|0|
13|315|360|0|147|1|0|
13|310|360|0|145|1|0|
13|317|360|0|147|1|0|
13|317|360|0|147|1|0|
13|317|390|0|147|1|0|
13|313|360|0|146|1|0|
13|318|360|0|148|1|0|
13|319|360|0|148|1|0|
13|273|300|0|133|1|0|
13|282|330|0|136|1|0|
13|309|360|0|145|1|0|
13|317|390|0|147|1|0|
13|319|360|0|148|1|0|
13|310|390|0|145|1|0|
13|316|390|0|147|1|0|
13|319|390|0|148|1|0|
13|319|390|0|148|1|0|
13|317|360|0|147|1|0|
13|312|390|0|145|1|0|
13|318|360|0|147|1|0|
13|318|360|0|147|1|0|
13|806|960|0|156|1|0|
13|321|390|0|148|1|0|
13|317|360|0|147|1|0|
13|318|390|0|147|1|0|
13|320|390|0|148|1|0|
13|317|360|0|147|1|0|
13|328|390|0|151|1|0|
13|322|360|0|149|1|0|
13|326|390|0|150|1|0|
13|320|360|0|148|1|0|
13|322|360|0|149|1|0|
13|319|360|0|148|1|0|
13|324|360|0|149|1|0|
13|316|360|0|147|1|0|
13|442|510|0|156|1|0|
13|324|390|0|149|1|0|
13|321|390|0|148|1|0|
13|324|390|0|149|1|0|
13|320|390|0|148|1|0|
13|322|360|0|149|1|0|
13|328|390|0|151|1|0|
13|315|390|0|147|1|0|
13|326|360|0|150|1|0|
13|318|360|0|147|1|0|
13|318|390|0|147|1|0|
13|318|360|0|147|1|0|
13|318|390|0|147|1|0|
13|323|360|0|149|1|0|
13|328|390|0|151|1|0|
13|324|360|0|149|1|0|
13|318|360|0|147|1|0|
13|324|390|0|149|1|0|
13|317|360|0|147|1|0|
13|322|390|0|149|1|0|
13|318|360|0|147|1|0|
13|318|390|0|147|1|0|
13|324|360|0|149|1|0|
13|316|360|0|147|1|0|
13|326|390|0|150|1|0|
13|326|360|0|150|1|0|
13|320|360|0|148|1|0|
13|328|390|0|151|1|0|
13|319|390|0|148|1|0|
13|326|390|0|150|1|0|
13|318|360|0|147|1|0|
13|324|360|0|149|1|0|
13|323|390|0|149|1|0|
13|320|330|0|148|1|0|
13|318|360|0|147|1|0|
13|322|390|0|149|1|0|
13|324|390|0|149|1|0|
13|324|390|0|149|1|0|
13|325|390|0|150|1|0|
13|326|390|0|150|1|0|
13|321|360|0|148|1|0|
13|802|900|0|156|1|0|
13|321|360|0|148|1|0|
13|326|360|0|150|1|0|
13|316|360|0|147|1|0|
13|324|390|0|149|1|0|
13|320|390|0|148|1|0|
13|318|360|0|147|1|0|
13|316|360|0|147|1|0|
13|322|390|0|149|1|0|
13|324|330|0|149|1|0|
13|320|330|0|148|1|0|
13|316|360|0|147|1|0|
13|322|360|0|149|1|0|
13|320|360|0|148|1|0|
13|316|360|0|147|1|0|
13|320|360|0|148|1|0|
13|317|360|0|147|1|0|
13|316|360|0|147|1|0|
13|320|360|0|148|1|0|
13|326|360|0|150|1|0|
13|326|360|0|150|1|0|
13|329|390|0|151|1|0|
13|324|390|0|149|1|0|
13|328|360|0|151|1|0|
13|320|360|0|148|1|0|
13|326|390|0|150|1|0|
13|280|330|0|135|1|0|
13|318|360|0|147|1|0|
13|320|360|0|148|1|0|
13|324|360|0|149|1|0|
13|316|360|0|147|1|0|
13|319|390|0|148|1|0|
13|326|360|0|150|1|0|
13|320|330|0|148|1|0|
13|319|360|0|148|1|0|
13|326|360|0|150|1|0|
13|326|390|0|150|1|0|
13|326|360|0|150|1|0|
13|326|390|0|150|1|0|
13|320|390|0|148|1|0|
13|324|390|0|149|1|0|
13|318|360|0|147|1|0|
13|319|360|0|148|1|0|
13|414|450|0|156|1|0|
13|325|390|0|150|1|0|
13|321|360|0|148|1|0|
13|319|360|0|148|1|0|
13|316|360|0|147|1|0|
13|316|360|0|147|1|0|
13|322|390|0|149|1|0|
13|319|390|0|148|1|0|
13|320|360|0|148|1|0|
13|323|360|0|149|1|0|
13|326|360|0|150|1|0|
13|426|480|0|156|1|0|
13|326|360|0|150|1|0|
13|322|390|0|149|1|0|
13|325|360|0|150|1|0|
13|318|360|0|147|1|0|
13|316|360|0|147|1|0|
13|316|330|0|147|1|0|
13|322|390|0|149|1|0|
13|324|360|0|149|1|0|
13|320|390|0|148|1|0|
13|328|390|0|151|1|0|
13|318|360|0|147|1|0|
13|331|360|0|152|1|0|
13|316|360|0|147|1|0|
13|326|360|0|150|1|0|
13|316|330|0|147|1|0|
13|326|390|0|150|1|0|
13|325|360|0|150|1|0|
13|968|1110|0|156|1|0|
13|320|360|0|148|1|0|
13|326|360|0|150|1|0|
13|317|360|0|147|1|0|
13|324|390|0|149|1|0|
13|325|390|0|150|1|0|
13|328|390|0|151|1|0|
13|326|390|0|150|1|0|
13|320|390|0|148|1|0|
13|316|390|0|147|1|0|
13|326|360|0|150|1|0|
13|322|390|0|149|1|0|
13|325|360|0|150|1|0|
13|321|390|0|149|1|0|
13|315|360|0|147|1|0|
13|332|390|0|152|1|0|
13|330|330|0|151|1|0|
13|322|360|0|149|1|0|
13|331|390|0|152|1|0|
13|327|360|0|151|1|0|
13|327|390|0|151|1|0|
13|327|360|0|151|1|0|
13|330|360|0|152|1|0|
13|325|330|0|150|1|0|
13|330|330|0|152|1|0|
13|325|360|0|150|1|0|
13|331|360|0|152|1|0|
13|323|330|0|149|1|0|
13|331|360|0|152|1|0|
13|326|360|0|150|1|0|
13|329|360|0|151|1|0|
13|329|390|0|151|1|0|
13|337|330|0|154|1|0|
13|329|330|0|151|1|0|
13|339|390|0|155|1|0|
13|1021|1080|0|156|1|0|
13|339|390|0|155|1|0|
13|943|990|0|156|1|0|
13|329|360|0|151|1|0|
13|336|390|0|154|1|0|
13|331|330|0|152|1|0|
13|332|330|0|152|1|0|
13|335|330|0|153|1|0|
13|331|360|0|152|1|0|
13|336|330|0|154|1|0|
13|331|390|0|152|1|0|
13|331|330|0|152|1|0|
13|333|360|0|153|1|0|
13|317|360|0|147|1|0|
13|319|360|0|148|1|0|
13|319|360|0|148|1|0|
13|283|300|0|136|1|0|
13|321|390|0|149|1|0|
13|323|360|0|149|1|0|
13|315|360|0|147|1|0|
13|321|360|0|149|1|0|
13|317|330|0|147|1|0|
13|324|390|0|150|1|0|
13|316|360|0|147|1|0|
13|325|360|0|150|1|0|
13|315|360|0|147|1|0|
13|325|360|0|150|1|0|
13|328|360|0|151|1|0|
13|993|1200|0|156|1|0|
13|317|390|0|147|1|0|
13|309|390|0|145|1|0|
13|313|360|0|146|1|0|
13|317|360|0|147|1|0|
13|317|360|0|147|1|0|
13|316|390|0|147|1|0|
13|315|360|0|147|1|0|
13|313|390|0|146|1|0|
13|317|390|0|147|1|0|
13|311|390|0|145|1|0|
13|311|390|0|145|1|0|
13|311|390|0|145|1|0|
13|311|360|0|145|1|0|
13|727|870|0|156|1|0|
13|297|390|0|141|1|0|
13|319|390|0|148|1|0|
13|313|360|0|146|1|0|
13|317|360|0|147|1|0|
13|311|390|0|145|1|0|
13|309|390|0|145|1|0|
13|317|360|0|147|1|0|
13|307|390|0|144|1|0|
13|316|360|0|147|1|0|
13|311|390|0|145|1|0|
13|987|1200|0|156|1|0|
13|319|360|0|148|1|0|
13|319|360|0|148|1|0|
13|320|390|0|148|1|0|
13|317|390|0|147|1|0|
13|313|390|0|146|1|0|
13|319|390|0|148|1|0|
13|313|390|0|146|1|0|
13|312|390|0|146|1|0|
13|313|360|0|146|1|0|
13|309|330|0|145|1|0|
13|315|360|0|147|1|0|
13|311|330|0|145|1|0|
13|311|360|0|145|1|0|
13|316|390|0|147|1|0|
13|309|360|0|145|1|0|
13|313|360|0|146|1|0|
13|317|390|0|147|1|0|
13|313|390|0|146|1|0|
13|311|360|0|145|1|0|
13|311|360|0|145|1|0|
13|1006|1170|0|156|1|0|
13|1013|1230|0|156|1|0|
13|311|390|0|145|1|0|
13|315|390|0|147|1|0|
13|319|360|0|148|1|0|
13|296|360|0|140|1|0|
13|311|390|0|145|1|0|
13|317|390|0|147|1|0|
13|307|360|0|144|1|0|
13|311|390|0|145|1|0|
13|315|390|0|147|1|0|
13|317|390|0|147|1|0|
13|311|360|0|145|1|0|
13|316|360|0|147|1|0|
13|315|390|0|147|1|0|
13|317|390|0|147|1|0|
13|313|390|0|146|1|0|
13|309|360|0|145|1|0|
13|319|390|0|148|1|0|
13|312|390|0|146|1|0|
13|317|390|0|147|1|0|
13|309|360|0|145|1|0|
13|309|390|0|145|1|0|
13|313|360|0|146|1|0|
13|311|360|0|145|1|0|
13|317|390|0|147|1|0|
13|319|390|0|148|1|0|
13|313|360|0|146|1|0|
13|317|360|0|147|1|0|
13|315|360|0|147|1|0|
13|315|390|0|147|1|0|
13|315|390|0|147|1|0|
13|321|360|0|149|1|0|
13|310|360|0|145|1|0|
13|309|360|0|145|1|0|
13|311|360|0|145|1|0|
13|311|360|0|145|1|0|
13|317|390|0|147|1|0|
13|309|360|0|145|1|0|
13|319|390|0|148|1|0|
13|307|360|0|144|1|0|
13|307|390|0|144|1|0|
13|317|390|0|147|1|0|
13|309|360|0|145|1|0|
13|312|390|0|146|1|0|
13|311|390|0|145|1|0|
13|507|600|0|156|1|0|
13|311|360|0|145|1|0|
13|311|390|0|145|1|0|
13|989|1200|0|156|1|0|
13|315|360|0|147|1|0|
13|310|360|0|145|1|0|
13|312|390|0|146|1|0|
13|309|360|0|145|1|0|
13|311|360|0|145|1|0|
13|315|390|0|147|1|0|
13|317|390|0|147|1|0|
13|313|390|0|146|1|0|
13|317|360|0|147|1|0|
13|316|390|0|147|1|0|
13|313|390|0|146|1|0|
13|499|600|0|156|1|0|
13|310|390|0|145|1|0|
13|319|360|0|148|1|0|
13|317|360|0|147|1|0|
13|809|960|0|156|1|0|
13|312|390|0|146|1|0|
13|320|390|0|148|1|0|
13|311|390|0|145|1|0|
13|319|390|0|148|1|0|
13|313|390|0|146|1|0|
13|315|390|0|147|1|0|
13|317|360|0|147|1|0|
13|315|390|0|147|1|0|
13|309|360|0|145|1|0|
13|313|390|0|146|1|0|
13|312|390|0|146|1|0|
13|309|360|0|145|1|0|
13|311|390|0|145|1|0|
13|310|360|0|145|1|0|
13|310|390|0|145|1|0|
13|311|390|0|145|1|0|
13|317|360|0|147|1|0|
13|309|390|0|145|1|0|
13|319|360|0|148|1|0|
13|307|390|0|144|1|0|
13|318|390|0|148|1|0|
13|310|360|0|145|1|0|
13|315|390|0|147|1|0|
13|309|360|0|145|1|0|
13|742|900|0|156|1|0|
13|311|390|0|145|1|0|
13|311|390|0|145|1|0|
13|311|360|0|145|1|0|
13|309|390|0|145|1|0|
13|785|900|0|156|1|0|
13|315|360|0|147|1|0|
13|311|360|0|145|1|0|
13|309|360|0|145|1|0|
13|309|390|0|145|1|0|
13|309|390|0|145|1|0|
13|315|360|0|147|1|0|
13|309|360|0|145|1|0|
13|302|360|0|142|1|0|
13|309|390|0|145|1|0|
13|319|360|0|148|1|0|
13|317|390|0|147|1|0|
13|315|390|0|147|1|0|
13|319|390|0|148|1|0|
13|315|390|0|147|1|0|
13|617|720|0|156|1|0|
13|317|390|0|147|1|0|
13|311|360|0|145|1|0|
13|322|390|0|149|1|0|
13|313|360|0|146|1|0|
13|317|390|0|147|1|0|
13|317|390|0|147|1|0|
13|309|360|0|145|1|0|
13|318|360|0|148|1|0|
13|312|390|0|146|1|0|
13|313|360|0|146|1|0|
13|319|390|0|148|1|0|
13|317|360|0|147|1|0|
13|315|390|0|147|1|0|
13|308|360|0|144|1|0|
13|317|390|0|147|1|0|
13|273|330|0|133|1|0|
13|317|360|0|147|1|0|
13|313|390|0|146|1|0|
13|319|390|0|148|1|0|
13|875|1080|0|156|1|0|
13|315|360|0|147|1|0|
13|311|360|0|145|1|0|
13|317|390|0|147|1|0|
13|316|390|0|147|1|0|
13|311|390|0|145|1|0|
13|319|390|0|148|1|0|
13|500|570|0|156|1|0|
13|319|390|0|148|1|0|
13|307|360|0|144|1|0|
13|307|360|0|144|1|0|
13|309|360|0|145|1|0|
13|318|390|0|148|1|0|
13|313|360|0|146|1|0|
13|310|360|0|145|1|0|
13|839|1020|0|156|1|0|
13|311|360|0|145|1|0|
13|313|390|0|146|1|0|
13|315|360|0|147|1|0|
13|311|390|0|145|1|0|
13|315|390|0|147|1|0|
13|308|360|0|144|1|0|
13|311|390|0|145|1|0|
13|351|330|0|156|1|0|
13|359|330|0|156|1|0|
13|353|360|0|156|1|0|
13|343|360|0|156|1|0|
13|389|420|0|156|1|0|
13|345|390|0|156|1|0|
13|353|330|0|156|1|0|
13|343|360|0|156|1|0|
13|347|390|0|156|1|0|
13|345|360|0|156|1|0|
13|351|330|0|156|1|0|
13|347|390|0|156|1|0|
13|345|390|0|156|1|0|
13|305|330|0|143|1|0|
13|345|390|0|156|1|0|
13|357|330|0|156|1|0|
13|987|990|0|156|1|0|
13|349|360|0|156|1|0|
13|357|360|0|156|1|0|
13|769|780|0|156|1|0|
13|357|330|0|156|1|0|
13|309|330|0|145|1|0|
13|357|360|0|156|1|0|
13|353|360|0|156|1|0|
13|355|330|0|156|1|0|
13|353|330|0|156|1|0|
13|353|330|0|156|1|0|
13|351|330|0|156|1|0|
13|353|330|0|156|1|0|
13|359|330|0|156|1|0|
13|357|360|0|156|1|0|
13|351|330|0|156|1|0|
13|357|330|0|156|1|0|
13|351|330|0|156|1|0|
13|355|360|0|156|1|0|
13|357|330|0|156|1|0|
13|353|330|0|156|1|0|
13|357|360|0|156|1|0|
13|353|360|0|156|1|0|
13|355|330|0|156|1|0|
13|357|360|0|156|1|0|
13|349|300|0|156|1|0|
13|1012|990|0|156|1|0|
13|353|390|0|156|1|0|
13|349|390|0|156|1|0|
13|351|390|0|156|1|0|
13|353|330|0|156|1|0|
13|349|330|0|156|1|0|
13|349|330|0|156|1|0|
13|350|360|0|156|1|0|
13|353|330|0|156|1|0|
13|355|360|0|156|1|0|
13|354|360|0|156|1|0|
13|359|330|0|156|1|0|
13|357|360|0|156|1|0|
13|359|330|0|156|1|0|
13|356|360|0|156|1|0|
13|355|360|0|156|1|0|
13|355|360|0|156|1|0|
13|753|720|0|156|1|0|
13|315|330|0|147|1|0|
13|349|330|0|156|1|0|
13|357|330|0|156|1|0|
13|354|330|0|156|1|0|
13|355|330|0|156|1|0|
13|349|300|0|156|1|0|
13|355|330|0|156|1|0|
13|353|360|0|156|1|0|
13|359|360|0|156|1|0|
13|359|360|0|156|1|0|
13|351|360|0|156|1|0|
13|359|360|0|156|1|0|
13|591|600|0|156|1|0|
13|349|330|0|156|1|0|
13|359|330|0|156|1|0|
13|353|330|0|156|1|0|
13|351|330|0|156|1|0|
13|357|330|0|156|1|0|
13|364|330|0|156|1|0|
13|346|390|0|156|1|0|
13|353|360|0|156|1|0|
13|347|360|0|156|1|0|
13|351|360|0|156|1|0|
13|343|330|0|156|1|0|
13|309|330|0|145|1|0|
13|349|360|0|156|1|0|
13|351|330|0|156|1|0|
13|358|360|0|156|1|0|
13|405|390|0|156|1|0|
13|467|510|0|156|1|0|
13|351|360|0|156|1|0|
13|272|300|0|132|1|0|
13|309|390|0|145|1|0|
13|272|330|0|132|1|0|
13|311|360|0|145|1|0|
13|313|390|0|146|1|0|
13|305|390|0|143|1|0|
13|311|390|0|145|1|0|
13|319|360|0|148|1|0|
13|313|390|0|146|1|0|
13|307|390|0|144|1|0|
13|307|390|0|144|1|0|
13|306|390|0|143|1|0|
13|308|390|0|144|1|0|
13|305|390|0|143|1|0|
13|312|390|0|145|1|0|
13|312|390|0|146|1|0|
13|326|360|0|150|1|0|
13|320|390|0|148|1|0|
13|323|360|0|149|1|0|
13|315|360|0|147|1|0|
13|317|360|0|147|1|0|
13|319|390|0|148|1|0|
13|317|360|0|147|1|0|
13|835|960|0|156|1|0|
13|317|360|0|147|1|0|
13|318|360|0|147|1|0|
13|317|360|0|147|1|0|
13|325|360|0|150|1|0|
13|349|330|0|156|1|0|
13|353|390|0|156|1|0|
13|343|360|0|156|1|0|
13|353|330|0|156|1|0|
