INSTRUCTIONS_RETIRED|CYCLES|UNKNOWN|LD_BLOCKS.STORE_FORWARD|UOPS_EXECUTED.CORE|BR_MISP_RETIRED.ALL_BRANCHES|UOPS_ISSUED.SINGLE_MUL|
13|300|330|0|122|1|0|
13|351|390|0|122|1|0|
13|349|330|0|122|1|0|
13|349|330|0|122|1|0|
13|349|390|0|122|1|0|
13|343|330|0|122|1|0|
13|349|330|0|122|1|0|
13|349|300|0|122|1|0|
13|306|330|0|122|1|0|
13|308|390|0|122|1|0|
13|265|360|0|122|1|0|
13|341|390|0|122|1|0|
13|287|420|0|122|1|0|
13|349|360|0|122|1|0|
13|447|540|0|122|1|0|
13|669|840|0|122|1|0|
13|312|390|0|122|1|0|
13|344|330|0|122|1|0|
13|345|330|0|122|1|0|
13|303|360|0|122|1|0|
13|617|780|0|122|1|0|
13|303|360|0|122|1|0|
13|325|330|0|122|1|0|
13|324|390|0|122|1|0|
13|331|360|0|122|1|0|
13|585|660|0|122|1|0|
13|323|390|0|122|1|0|
13|331|330|0|122|1|0|
13|344|360|0|122|1|0|
13|345|330|0|122|1|0|
13|299|270|0|122|1|0|
13|343|330|0|122|1|0|
13|357|360|0|122|1|0|
13|343|330|0|122|1|0|
13|348|330|0|122|1|0|
13|973|930|0|122|1|0|
13|345|360|0|122|1|0|
13|349|360|0|122|1|0|
13|355|360|0|122|1|0|
13|353|330|0|122|1|0|
13|355|330|0|122|1|0|
13|355|330|0|122|1|0|
13|351|330|0|122|1|0|
13|313|300|0|122|1|0|
13|345|360|0|122|1|0|
13|351|330|0|122|1|0|
13|353|330|0|122|1|0|
13|332|330|0|122|1|0|
13|339|330|0|122|1|0|
13|333|330|0|122|1|0|
13|342|330|0|122|1|0|
13|343|360|0|122|1|0|
13|335|360|0|122|1|0|
13|1111|1200|0|122|1|0|
13|347|360|0|122|1|0|
13|345|360|0|122|1|0|
13|397|390|0|122|1|0|
13|332|390|0|122|1|0|
13|331|360|0|122|1|0|
13|337|360|0|122|1|0|
13|345|330|0|122|1|0|
13|351|390|0|122|1|0|
13|312|390|0|122|1|0|
13|319|360|0|122|1|0|
13|976|1170|0|122|1|0|
13|309|360|0|122|1|0|
13|311|360|0|122|1|0|
13|274|330|0|122|1|0|
13|312|360|0|122|1|0|
13|312|360|0|122|1|0|
13|274|330|0|122|1|0|
13|320|390|0|122|1|0|
13|309|390|0|122|1|0|
13|317|390|0|122|1|0|
13|315|390|0|122|1|0|
13|335|390|0|122|1|0|
13|331|360|0|122|1|0|
13|325|330|0|122|1|0|
13|325|390|0|122|1|0|
13|329|330|0|122|1|0|
13|330|330|0|122|1|0|
13|331|330|0|122|1|0|
13|331|390|0|122|1|0|
13|327|360|0|122|1|0|
13|331|330|0|122|1|0|
13|325|360|0|122|1|0|
13|327|360|0|122|1|0|
13|327|360|0|122|1|0|
13|333|390|0|122|1|0|
13|344|330|0|122|1|0|
13|351|330|0|122|1|0|
13|345|330|0|122|1|0|
13|326|360|0|122|1|0|
13|347|330|0|122|1|0|
13|345|360|0|122|1|0|
13|476|510|0|122|1|0|
13|717|690|0|122|1|0|
13|349|330|0|122|1|0|
13|347|390|0|122|1|0|
13|353|360|0|122|1|0|
13|351|360|0|122|1|0|
13|353|330|0|122|1|0|
13|351|330|0|122|1|0|
13|351|330|0|122|1|0|
13|343|360|0|122|1|0|
13|344|360|0|122|1|0|
13|343|360|0|122|1|0|
13|351|330|0|122|1|0|
13|343|330|0|122|1|0|
13|345|330|0|122|1|0|
13|346|330|0|122|1|0|
13|331|330|0|122|1|0|
13|335|330|0|122|1|0|
13|331|330|0|122|1|0|
13|335|360|0|122|1|0|
13|333|330|0|122|1|0|
13|335|360|0|122|1|0|
13|333|330|0|122|1|0|
13|335|330|0|122|1|0|
13|329|390|0|122|1|0|
13|335|390|0|122|1|0|
13|334|330|0|122|1|0|
13|331|360|0|122|1|0|
13|339|330|0|122|1|0|
13|331|330|0|122|1|0|
13|335|390|0|122|1|0|
13|339|390|0|122|1|0|
13|317|390|0|122|1|0|
13|317|390|0|122|1|0|
13|316|390|0|122|1|0|
13|313|360|0|122|1|0|
13|371|450|0|122|1|0|
13|315|390|0|122|1|0|
13|317|360|0|122|1|0|
13|317|360|0|122|1|0|
13|315|390|0|122|1|0|
13|315|390|0|122|1|0|
13|315|390|0|122|1|0|
13|316|360|0|122|1|0|
13|317|360|0|122|1|0|
13|1000|1200|0|122|1|0|
13|312|390|0|122|1|0|
13|319|390|0|122|1|0|
13|312|390|0|122|1|0|
13|313|390|0|122|1|0|
13|310|390|0|122|1|0|
13|317|390|0|122|1|0|
13|312|360|0|122|1|0|
13|319|360|0|122|1|0|
13|317|360|0|122|1|0|
13|317|390|0|122|1|0|
13|311|360|0|122|1|0|
13|319|360|0|122|1|0|
13|319|390|0|122|1|0|
13|317|390|0|122|1|0|
13|315|360|0|122|1|0|
13|311|360|0|122|1|0|
13|313|360|0|122|1|0|
13|309|360|0|122|1|0|
13|311|390|0|122|1|0|
13|313|360|0|122|1|0|
13|311|390|0|122|1|0|
13|316|360|0|122|1|0|
13|317|360|0|122|1|0|
13|320|360|0|122|1|0|
13|311|360|0|122|1|0|
13|319|390|0|122|1|0|
13|309|390|0|122|1|0|
13|311|360|0|122|1|0|
13|313|360|0|122|1|0|
13|313|390|0|122|1|0|
13|317|390|0|122|1|0|
13|310|360|0|122|1|0|
13|309|390|0|122|1|0|
13|318|360|0|122|1|0|
13|309|360|0|122|1|0|
13|311|360|0|122|1|0|
13|311|360|0|122|1|0|
13|311|390|0|122|1|0|
13|315|390|0|122|1|0|
13|311|390|0|122|1|0|
13|317|390|0|122|1|0|
13|311|390|0|122|1|0|
13|307|390|0|122|1|0|
13|311|390|0|122|1|0|
13|317|390|0|122|1|0|
13|315|360|0|122|1|0|
13|317|360|0|122|1|0|
13|313|390|0|122|1|0|
13|319|420|0|122|1|0|
13|317|390|0|122|1|0|
13|311|360|0|122|1|0|
13|312|390|0|122|1|0|
13|328|420|0|122|1|0|
13|321|360|0|122|1|0|
13|311|360|0|122|1|0|
13|314|390|0|122|1|0|
13|311|360|0|122|1|0|
13|319|390|0|122|1|0|
13|311|390|0|122|1|0|
13|313|390|0|122|1|0|
13|309|390|0|122|1|0|
13|317|360|0|122|1|0|
13|691|810|0|122|1|0|
13|315|360|0|122|1|0|
13|309|390|0|122|1|0|
13|317|390|0|122|1|0|
13|322|390|0|122|1|0|
13|307|390|0|122|1|0|
13|317|390|0|122|1|0|
13|315|360|0|122|1|0|
13|317|390|0|122|1|0|
13|317|360|0|122|1|0|
13|315|390|0|122|1|0|
13|317|390|0|122|1|0|
13|313|390|0|122|1|0|
13|318|390|0|122|1|0|
13|318|360|0|122|1|0|
13|319|390|0|122|1|0|
13|313|360|0|122|1|0|
13|317|360|0|122|1|0|
13|309|360|0|122|1|0|
14|881|1080|0|311|1|0|
13|311|390|0|122|1|0|
13|311|390|0|122|1|0|
13|312|360|0|122|1|0|
13|309|360|0|122|1|0|
13|311|360|0|122|1|0|
13|311|390|0|122|1|0|
13|311|360|0|122|1|0|
13|311|390|0|122|1|0|
13|275|300|0|122|1|0|
13|282|300|0|122|1|0|
13|312|360|0|122|1|0|
13|318|390|0|122|1|0|
13|307|360|0|122|1|0|
13|313|390|0|122|1|0|
13|311|360|0|122|1|0|
13|317|390|0|122|1|0|
13|309|390|0|122|1|0|
13|311|390|0|122|1|0|
13|314|360|0|122|1|0|
13|320|390|0|122|1|0|
13|318|390|0|122|1|0|
13|406|480|0|122|1|0|
13|317|360|0|122|1|0|
13|325|390|0|122|1|0|
13|321|390|0|122|1|0|
13|317|390|0|122|1|0|
13|323|360|0|122|1|0|
13|918|1050|0|122|1|0|
13|319|360|0|122|1|0|
13|316|360|0|122|1|0|
13|328|390|0|122|1|0|
13|325|360|0|122|1|0|
13|319|390|0|122|1|0|
13|325|390|0|122|1|0|
13|317|360|0|122|1|0|
13|325|360|0|122|1|0|
13|327|390|0|122|1|0|
13|319|360|0|122|1|0|
13|319|360|0|122|1|0|
13|319|360|0|122|1|0|
13|317|390|0|122|1|0|
13|315|330|0|122|1|0|
13|386|420|0|122|1|0|
13|325|390|0|122|1|0|
13|330|420|0|122|1|0|
13|320|390|0|122|1|0|
13|321|390|0|122|1|0|
13|317|360|0|122|1|0|
13|278|300|0|122|1|0|
13|324|360|0|122|1|0|
13|325|360|0|122|1|0|
13|317|360|0|122|1|0|
13|317|330|0|122|1|0|
13|321|360|0|122|1|0|
13|322|390|0|122|1|0|
13|317|360|0|122|1|0|
13|325|390|0|122|1|0|
13|318|360|0|122|1|0|
13|326|360|0|122|1|0|
13|319|360|0|122|1|0|
13|323|360|0|122|1|0|
13|319|390|0|122|1|0|
13|323|390|0|122|1|0|
13|326|360|0|122|1|0|
13|325|390|0|122|1|0|
13|324|390|0|122|1|0|
13|321|360|0|122|1|0|
13|317|390|0|122|1|0|
13|323|360|0|122|1|0|
13|323|390|0|122|1|0|
13|325|390|0|122|1|0|
13|325|390|0|122|1|0|
13|317|390|0|122|1|0|
13|320|360|0|122|1|0|
13|316|360|0|122|1|0|
13|325|390|0|122|1|0|
13|319|360|0|122|1|0|
13|322|330|0|122|1|0|
13|319|390|0|122|1|0|
13|311|360|0|122|1|0|
13|319|390|0|122|1|0|
13|325|360|0|122|1|0|
13|321|360|0|122|1|0|
13|319|360|0|122|1|0|
13|325|360|0|122|1|0|
13|323|390|0|122|1|0|
13|325|390|0|122|1|0|
13|327|360|0|122|1|0|
13|321|390|0|122|1|0|
13|317|360|0|122|1|0|
13|322|360|0|122|1|0|
13|317|360|0|122|1|0|
13|315|330|0|122|1|0|
13|319|360|0|122|1|0|
13|331|390|0|122|1|0|
13|331|390|0|122|1|0|
13|333|360|0|122|1|0|
13|331|330|0|122|1|0|
13|326|390|0|122|1|0|
13|329|360|0|122|1|0|
13|333|390|0|122|1|0|
13|325|390|0|122|1|0|
13|333|360|0|122|1|0|
13|327|360|0|122|1|0|
13|331|360|0|122|1|0|
13|327|390|0|122|1|0|
13|325|360|0|122|1|0|
13|333|390|0|122|1|0|
13|324|330|0|122|1|0|
13|329|360|0|122|1|0|
13|325|360|0|122|1|0|
13|331|330|0|122|1|0|
13|333|360|0|122|1|0|
13|331|330|0|122|1|0|
13|331|360|0|122|1|0|
13|709|750|0|122|1|0|
13|335|330|0|122|1|0|
13|331|390|0|122|1|0|
13|341|330|0|122|1|0|
13|333|330|0|122|1|0|
13|339|390|0|122|1|0|
13|333|330|0|122|1|0|
13|339|390|0|122|1|0|
13|1067|1140|0|122|1|0|
13|329|360|0|122|1|0|
13|331|330|0|122|1|0|
13|309|390|0|122|1|0|
13|317|390|0|122|1|0|
13|311|330|0|122|1|0|
13|317|390|0|122|1|0|
13|311|390|0|122|1|0|
13|901|1080|0|122|1|0|
13|317|390|0|122|1|0|
13|312|360|0|122|1|0|
13|312|360|0|122|1|0|
13|317|390|0|122|1|0|
13|307|360|0|122|1|0|
13|322|420|0|122|1|0|
13|319|390|0|122|1|0|
13|311|360|0|122|1|0|
13|312|390|0|122|1|0|
13|317|390|0|122|1|0|
13|317|360|0|122|1|0|
13|313|390|0|122|1|0|
13|309|390|0|122|1|0|
13|285|330|0|122|1|0|
13|317|360|0|122|1|0|
13|315|390|0|122|1|0|
13|311|390|0|122|1|0|
13|315|390|0|122|1|0|
13|861|1020|0|122|1|0|
13|311|390|0|122|1|0|
13|316|390|0|122|1|0|
13|311|360|0|122|1|0|
13|309|360|0|122|1|0|
13|310|390|0|122|1|0|
13|309|330|0|122|1|0|
13|311|360|0|122|1|0|
13|788|960|0|122|1|0|
13|311|390|0|122|1|0|
13|317|390|0|122|1|0|
13|311|360|0|122|1|0|
13|317|390|0|122|1|0|
13|313|360|0|122|1|0|
13|317|360|0|122|1|0|
13|313|360|0|122|1|0|
13|312|360|0|122|1|0|
13|313|390|0|122|1|0|
13|321|390|0|122|1|0|
13|320|390|0|122|1|0|
13|315|390|0|122|1|0|
13|965|1140|0|122|1|0|
13|317|390|0|122|1|0|
13|314|360|0|122|1|0|
13|294|360|0|122|1|0|
13|311|390|0|122|1|0|
13|319|390|0|122|1|0|
13|315|390|0|122|1|0|
13|309|360|0|122|1|0|
13|317|360|0|122|1|0|
13|311|390|0|122|1|0|
13|313|360|0|122|1|0|
13|318|390|0|122|1|0|
13|312|390|0|122|1|0|
13|317|390|0|122|1|0|
13|313|360|0|122|1|0|
13|316|390|0|122|1|0|
13|310|360|0|122|1|0|
13|309|360|0|122|1|0|
13|307|360|0|122|1|0|
13|317|390|0|122|1|0|
13|310|390|0|122|1|0|
13|319|360|0|122|1|0|
13|317|360|0|122|1|0|
13|291|330|0|122|1|0|
13|273|330|0|122|1|0|
13|391|450|0|122|1|0|
13|1005|1200|0|122|1|0|
13|309|390|0|122|1|0|
13|311|390|0|122|1|0|
13|312|360|0|122|1|0|
13|311|390|0|122|1|0|
13|311|390|0|122|1|0|
13|315|390|0|122|1|0|
13|311|390|0|122|1|0|
13|321|360|0|122|1|0|
13|311|360|0|122|1|0|
13|319|390|0|122|1|0|
13|319|390|0|122|1|0|
13|311|360|0|122|1|0|
13|319|360|0|122|1|0|
13|310|360|0|122|1|0|
13|313|390|0|122|1|0|
13|313|360|0|122|1|0|
13|319|390|0|122|1|0|
13|319|390|0|122|1|0|
13|318|390|0|122|1|0|
13|313|360|0|122|1|0|
13|313|360|0|122|1|0|
13|311|390|0|122|1|0|
13|312|360|0|122|1|0|
13|319|390|0|122|1|0|
13|309|360|0|122|1|0|
13|853|1020|0|122|1|0|
13|317|390|0|122|1|0|
13|311|360|0|122|1|0|
13|315|390|0|122|1|0|
13|519|630|0|122|1|0|
13|312|360|0|122|1|0|
13|313|360|0|122|1|0|
13|309|330|0|122|1|0|
13|311|360|0|122|1|0|
13|317|360|0|122|1|0|
13|311|390|0|122|1|0|
13|317|390|0|122|1|0|
13|309|390|0|122|1|0|
13|316|390|0|122|1|0|
13|313|390|0|122|1|0|
13|315|360|0|122|1|0|
13|313|360|0|122|1|0|
13|313|360|0|122|1|0|
13|443|540|0|122|1|0|
13|311|360|0|122|1|0|
13|313|390|0|122|1|0|
13|313|360|0|122|1|0|
13|313|360|0|122|1|0|
13|313|360|0|122|1|0|
13|310|360|0|122|1|0|
13|310|390|0|122|1|0|
13|319|360|0|122|1|0|
13|309|360|0|122|1|0|
13|319|390|0|122|1|0|
13|317|390|0|122|1|0|
13|311|360|0|122|1|0|
13|320|390|0|122|1|0|
13|309|360|0|122|1|0|
13|314|390|0|122|1|0|
13|309|360|0|122|1|0|
13|315|390|0|122|1|0|
13|311|390|0|122|1|0|
13|313|360|0|122|1|0|
13|313|390|0|122|1|0|
13|309|390|0|122|1|0|
13|317|360|0|122|1|0|
13|319|360|0|122|1|0|
13|313|390|0|122|1|0|
13|315|390|0|122|1|0|
13|311|360|0|122|1|0|
13|309|360|0|122|1|0|
13|310|360|0|122|1|0|
13|311|360|0|122|1|0|
13|318|360|0|122|1|0|
13|315|360|0|122|1|0|
13|311|390|0|122|1|0|
13|312|360|0|122|1|0|
13|309|390|0|122|1|0|
13|311|390|0|122|1|0|
13|309|360|0|122|1|0|
13|331|390|0|122|1|0|
13|319|390|0|122|1|0|
13|315|360|0|122|1|0|
13|312|390|0|122|1|0|
13|311|360|0|122|1|0|
13|319|390|0|122|1|0|
13|315|390|0|122|1|0|
13|317|360|0|122|1|0|
13|317|360|0|122|1|0|
13|319|360|0|122|1|0|
13|315|360|0|122|1|0|
13|310|390|0|122|1|0|
13|314|360|0|122|1|0|
13|313|390|0|122|1|0|
13|317|390|0|122|1|0|
13|315|390|0|122|1|0|
13|320|360|0|122|1|0|
13|311|360|0|122|1|0|
13|319|390|0|122|1|0|
13|431|480|0|122|1|0|
13|315|360|0|122|1|0|
13|311|390|0|122|1|0|
13|317|390|0|122|1|0|
13|311|390|0|122|1|0|
13|315|360|0|122|1|0|
13|311|360|0|122|1|0|
13|317|390|0|122|1|0|
13|317|390|0|122|1|0|
13|1007|1200|0|122|1|0|
13|309|360|0|122|1|0|
13|313|390|0|122|1|0|
13|309|360|0|122|1|0|
13|315|390|0|122|1|0|
13|312|360|0|122|1|0|
13|317|390|0|122|1|0|
13|309|360|0|122|1|0|
13|321|390|0|122|1|0|
13|309|390|0|122|1|0|
13|311|360|0|122|1|0|
13|309|360|0|122|1|0|
13|315|360|0|122|1|0|
13|311|360|0|122|1|0|
13|313|390|0|122|1|0|
13|311|390|0|122|1|0|
13|310|390|0|122|1|0|
13|315|390|0|122|1|0|
13|309|360|0|122|1|0|
13|309|330|0|122|1|0|
13|313|360|0|122|1|0|
13|307|360|0|122|1|0|
13|313|360|0|122|1|0|
13|310|360|0|122|1|0|
13|309|360|0|122|1|0|
13|318|390|0|122|1|0|
13|311|390|0|122|1|0|
13|311|360|0|122|1|0|
13|320|390|0|122|1|0|
13|995|1200|0|122|1|0|
13|320|390|0|122|1|0|
13|318|360|0|122|1|0|
13|317|360|0|122|1|0|
13|317|390|0|122|1|0|
13|313|360|0|122|1|0|
13|310|360|0|122|1|0|
13|310|360|0|122|1|0|
13|313|360|0|122|1|0|
13|953|1140|0|122|1|0|
13|312|360|0|122|1|0|
13|315|360|0|122|1|0|
13|313|390|0|122|1|0|
13|315|390|0|122|1|0|
13|313|390|0|122|1|0|
13|319|390|0|122|1|0|
13|313|390|0|122|1|0|
13|316|390|0|122|1|0|
13|307|360|0|122|1|0|
13|311|360|0|122|1|0|
13|309|360|0|122|1|0|
13|320|390|0|122|1|0|
13|309|390|0|122|1|0|
13|319|390|0|122|1|0|
13|314|360|0|122|1|0|
13|315|360|0|122|1|0|
13|315|360|0|122|1|0|
13|321|360|0|122|1|0|
13|312|390|0|122|1|0|
13|313|390|0|122|1|0|
13|313|360|0|122|1|0|
13|311|360|0|122|1|0|
13|309|360|0|122|1|0|
13|311|390|0|122|1|0|
13|315|360|0|122|1|0|
13|314|360|0|122|1|0|
13|315|390|0|122|1|0|
13|313|360|0|122|1|0|
13|317|390|0|122|1|0|
13|321|420|0|122|1|0|
13|317|390|0|122|1|0|
13|317|390|0|122|1|0|
13|312|390|0|122|1|0|
13|317|360|0|122|1|0|
13|706|840|0|122|1|0|
13|319|390|0|122|1|0|
13|294|360|0|122|1|0|
13|320|360|0|122|1|0|
13|315|390|0|122|1|0|
13|317|390|0|122|1|0|
13|311|360|0|122|1|0|
13|319|360|0|122|1|0|
13|313|360|0|122|1|0|
13|314|390|0|122|1|0|
13|311|390|0|122|1|0|
13|317|360|0|122|1|0|
13|309|360|0|122|1|0|
13|317|390|0|122|1|0|
13|313|360|0|122|1|0|
13|313|390|0|122|1|0|
13|312|390|0|122|1|0|
13|315|390|0|122|1|0|
13|313|360|0|122|1|0|
13|319|390|0|122|1|0|
13|677|810|0|122|1|0|
13|319|390|0|122|1|0|
13|316|390|0|122|1|0|
13|309|390|0|122|1|0|
13|317|360|0|122|1|0|
13|312|390|0|122|1|0|
13|887|1080|0|122|1|0|
13|317|390|0|122|1|0|
13|318|390|0|122|1|0|
13|361|330|0|122|1|0|
13|847|840|0|122|1|0|
13|344|330|0|122|1|0|
13|345|360|0|122|1|0|
13|353|390|0|122|1|0|
13|353|390|0|122|1|0|
13|344|360|0|122|1|0|
13|342|330|0|122|1|0|
13|354|330|0|122|1|0|
13|341|360|0|122|1|0|
13|352|330|0|122|1|0|
13|351|360|0|122|1|0|
13|351|330|0|122|1|0|
13|356|360|0|122|1|0|
13|325|300|0|122|1|0|
13|357|330|0|122|1|0|
13|355|360|0|122|1|0|
13|357|360|0|122|1|0|
13|359|330|0|122|1|0|
13|355|330|0|122|1|0|
13|358|360|0|122|1|0|
13|350|300|0|122|1|0|
13|351|330|0|122|1|0|
13|357|330|0|122|1|0|
13|352|330|0|122|1|0|
13|352|330|0|122|1|0|
13|355|360|0|122|1|0|
13|351|330|0|122|1|0|
13|353|360|0|122|1|0|
13|353|360|0|122|1|0|
13|351|330|0|122|1|0|
13|349|330|0|122|1|0|
13|799|810|0|122|1|0|
13|351|330|0|122|1|0|
13|351|330|0|122|1|0|
13|351|330|0|122|1|0|
13|357|330|0|122|1|0|
13|357|330|0|122|1|0|
13|355|360|0|122|1|0|
13|355|360|0|122|1|0|
13|355|360|0|122|1|0|
13|357|330|0|122|1|0|
13|359|360|0|122|1|0|
13|359|330|0|122|1|0|
13|385|360|0|122|1|0|
13|359|360|0|122|1|0|
13|359|360|0|122|1|0|
13|351|360|0|122|1|0|
13|345|360|0|122|1|0|
13|348|390|0|122|1|0|
13|353|390|0|122|1|0|
13|353|390|0|122|1|0|
13|356|330|0|122|1|0|
13|351|330|0|122|1|0|
13|358|330|0|122|1|0|
13|347|330|0|122|1|0|
13|359|330|0|122|1|0|
13|353|360|0|122|1|0|
13|353|330|0|122|1|0|
13|357|360|0|122|1|0|
13|349|330|0|122|1|0|
13|355|330|0|122|1|0|
13|359|360|0|122|1|0|
13|849|840|0|122|1|0|
13|357|330|0|122|1|0|
13|351|360|0|122|1|0|
13|818|780|0|122|1|0|
13|355|330|0|122|1|0|
13|352|360|0|122|1|0|
13|361|360|0|122|1|0|
13|351|360|0|122|1|0|
13|351|360|0|122|1|0|
13|349|300|0|122|1|0|
13|353|330|0|122|1|0|
13|361|360|0|122|1|0|
13|351|360|0|122|1|0|
13|349|330|0|122|1|0|
13|773|780|0|122|1|0|
13|354|330|0|122|1|0|
13|359|360|0|122|1|0|
13|820|810|0|122|1|0|
13|357|360|0|122|1|0|
13|359|360|0|122|1|0|
13|817|780|0|122|1|0|
13|359|390|0|122|1|0|
13|351|330|0|122|1|0|
13|349|330|0|122|1|0|
13|351|330|0|122|1|0|
13|343|330|0|122|1|0|
13|353|330|0|122|1|0|
13|344|360|0|122|1|0|
13|316|390|0|122|1|0|
13|310|360|0|122|1|0|
13|347|360|0|122|1|0|
13|313|360|0|122|1|0|
13|310|390|0|122|1|0|
13|352|330|0|122|1|0|
13|303|330|0|122|1|0|
13|307|300|0|122|1|0|
13|493|480|0|122|1|0|
13|298|300|0|122|1|0|
13|346|330|0|122|1|0|
13|345|330|0|122|1|0|
13|353|390|0|122|1|0|
13|346|330|0|122|1|0|
13|354|390|0|122|1|0|
13|342|330|0|122|1|0|
13|354|390|0|122|1|0|
13|350|330|0|122|1|0|
13|323|360|0|122|1|0|
13|327|360|0|122|1|0|
13|316|360|0|122|1|0|
13|328|360|0|122|1|0|
13|334|330|0|122|1|0|
13|323|330|0|122|1|0|
13|326|360|0|122|1|0|
13|300|360|0|122|1|0|
13|330|390|0|122|1|0|
13|336|330|0|122|1|0|
13|424|450|0|122|1|0|
13|335|390|0|122|1|0|
13|583|600|0|122|1|0|
13|293|330|0|122|1|0|
13|347|390|0|122|1|0|
13|355|330|0|122|1|0|
13|340|330|0|122|1|0|
13|359|360|0|122|1|0|
13|355|330|0|122|1|0|
13|349|330|0|122|1|0|
13|359|360|0|122|1|0|
13|345|360|0|122|1|0|
13|341|330|0|122|1|0|
13|343|330|0|122|1|0|
13|351|360|0|122|1|0|
13|358|330|0|122|1|0|
13|344|360|0|122|1|0|
13|354|390|0|122|1|0|
13|309|330|0|122|1|0|
13|313|330|0|122|1|0|
13|343|360|0|122|1|0|
13|349|330|0|122|1|0|
13|310|300|0|122|1|0|
13|297|270|0|122|1|0|
13|341|360|0|122|1|0|
13|345|360|0|122|1|0|
13|351|390|0|122|1|0|
13|351|330|0|122|1|0|
13|343|360|0|122|1|0|
13|351|360|0|122|1|0|
13|349|330|0|122|1|0|
13|351|360|0|122|1|0|
13|347|330|0|122|1|0|
13|344|360|0|122|1|0|
13|346|360|0|122|1|0|
13|347|330|0|122|1|0|
13|359|330|0|122|1|0|
13|349|330|0|122|1|0|
13|343|330|0|122|1|0|
13|766|750|0|122|1|0|
13|343|360|0|122|1|0|
13|345|360|0|122|1|0|
13|346|330|0|122|1|0|
13|343|360|0|122|1|0|
13|345|360|0|122|1|0|
13|353|330|0|122|1|0|
13|345|330|0|122|1|0|
13|351|390|0|122|1|0|
13|342|360|0|122|1|0|
13|356|330|0|122|1|0|
13|347|330|0|122|1|0|
13|351|360|0|122|1|0|
13|351|330|0|122|1|0|
13|343|360|0|122|1|0|
13|354|330|0|122|1|0|
13|345|360|0|122|1|0|
13|342|330|0|122|1|0|
13|343|330|0|122|1|0|
13|341|360|0|122|1|0|
13|344|330|0|122|1|0|
13|341|330|0|122|1|0|
13|353|330|0|122|1|0|
13|353|330|0|122|1|0|
13|349|330|0|122|1|0|
13|353|360|0|122|1|0|
13|343|360|0|122|1|0|
13|346|330|0|122|1|0|
13|353|330|0|122|1|0|
13|345|360|0|122|1|0|
13|345|360|0|122|1|0|
13|326|360|0|122|1|0|
13|326|360|0|122|1|0|
13|328|360|0|122|1|0|
13|335|390|0|122|1|0|
13|326|360|0|122|1|0|
13|324|360|0|122|1|0|
13|284|330|0|122|1|0|
13|300|330|0|122|1|0|
13|322|360|0|122|1|0|
13|326|360|0|122|1|0|
13|322|330|0|122|1|0|
13|328|390|0|122|1|0|
13|334|390|0|122|1|0|
13|330|330|0|122|1|0|
13|326|360|0|122|1|0|
13|328|360|0|122|1|0|
13|333|360|0|122|1|0|
13|333|360|0|122|1|0|
13|332|360|0|122|1|0|
13|335|330|0|122|1|0|
13|335|390|0|122|1|0|
13|338|390|0|122|1|0|
13|334|360|0|122|1|0|
13|1062|1140|0|122|1|0|
13|339|330|0|122|1|0|
13|338|390|0|122|1|0|
13|340|330|0|122|1|0|
13|340|330|0|122|1|0|
13|340|360|0|122|1|0|
13|332|360|0|122|1|0|
13|1100|1170|0|122|1|0|
13|336|330|0|122|1|0|
13|336|390|0|122|1|0|
13|476|480|0|122|1|0|
13|339|390|0|122|1|0|
13|349|330|0|122|1|0|
13|360|360|0|122|1|0|
13|358|330|0|122|1|0|
13|360|330|0|122|1|0|
13|360|330|0|122|1|0|
13|361|360|0|122|1|0|
13|352|330|0|122|1|0|
13|356|330|0|122|1|0|
13|311|330|0|122|1|0|
13|351|360|0|122|1|0|
13|344|330|0|122|1|0|
13|342|330|0|122|1|0|
13|347|390|0|122|1|0|
13|343|360|0|122|1|0|
13|349|390|0|122|1|0|
13|345|330|0|122|1|0|
13|352|330|0|122|1|0|
13|343|330|0|122|1|0|
13|339|390|0|122|1|0|
13|333|390|0|122|1|0|
13|338|390|0|122|1|0|
13|337|390|0|122|1|0|
13|330|390|0|122|1|0|
13|332|330|0|122|1|0|
13|336|390|0|122|1|0|
13|342|360|0|122|1|0|
13|333|330|0|122|1|0|
13|330|330|0|122|1|0|
13|338|330|0|122|1|0|
13|334|390|0|122|1|0|
13|340|390|0|122|1|0|
13|332|330|0|122|1|0|
13|298|330|0|122|1|0|
13|342|390|0|122|1|0|
13|325|360|0|122|1|0|
13|326|390|0|122|1|0|
13|323|360|0|122|1|0|
13|328|360|0|122|1|0|
13|319|360|0|122|1|0|
13|452|540|0|122|1|0|
13|327|390|0|122|1|0|
13|319|360|0|122|1|0|
13|318|360|0|122|1|0|
13|327|390|0|122|1|0|
13|974|1140|0|122|1|0|
13|319|390|0|122|1|0|
13|318|360|0|122|1|0|
13|318|360|0|122|1|0|
13|320|390|0|122|1|0|
13|326|360|0|122|1|0|
13|335|330|0|122|1|0|
13|326|360|0|122|1|0|
13|328|360|0|122|1|0|
13|322|360|0|122|1|0|
13|325|360|0|122|1|0|
13|327|390|0|122|1|0|
13|325|360|0|122|1|0|
13|331|390|0|122|1|0|
13|707|780|0|122|1|0|
13|321|360|0|122|1|0|
13|325|330|0|122|1|0|
13|326|360|0|122|1|0|
13|329|390|0|122|1|0|
13|329|360|0|122|1|0|
13|331|390|0|122|1|0|
13|303|360|0|122|1|0|
13|341|390|0|122|1|0|
13|335|330|0|122|1|0|
13|961|1050|0|122|1|0|
13|909|960|0|122|1|0|
13|331|390|0|122|1|0|
13|329|390|0|122|1|0|
13|335|390|0|122|1|0|
13|335|330|0|122|1|0|
13|339|360|0|122|1|0|
13|337|360|0|122|1|0|
13|337|360|0|122|1|0|
13|335|390|0|122|1|0|
13|331|330|0|122|1|0|
13|337|390|0|122|1|0|
13|339|330|0|122|1|0|
13|319|390|0|122|1|0|
13|317|360|0|122|1|0|
13|314|360|0|122|1|0|
13|311|360|0|122|1|0|
13|311|360|0|122|1|0|
13|319|390|0|122|1|0|
13|314|390|0|122|1|0|
13|311|360|0|122|1|0|
13|310|360|0|122|1|0|
13|311|360|0|122|1|0|
13|313|390|0|122|1|0|
13|319|390|0|122|1|0|
13|309|360|0|122|1|0|
13|319|390|0|122|1|0|
13|311|390|0|122|1|0|
13|317|360|0|122|1|0|
13|311|360|0|122|1|0|
13|309|330|0|122|1|0|
13|309|360|0|122|1|0|
13|315|390|0|122|1|0|
13|310|390|0|122|1|0|
13|313|390|0|122|1|0|
13|311|390|0|122|1|0|
13|315|360|0|122|1|0|
13|317|390|0|122|1|0|
13|322|390|0|122|1|0|
13|317|390|0|122|1|0|
13|309|390|0|122|1|0|
13|316|390|0|122|1|0|
13|311|360|0|122|1|0|
13|317|390|0|122|1|0|
13|307|360|0|122|1|0|
13|321|390|0|122|1|0|
13|313|390|0|122|1|0|
13|312|360|0|122|1|0|
13|319|390|0|122|1|0|
13|317|390|0|122|1|0|
13|311|390|0|122|1|0|
13|318|360|0|122|1|0|
13|477|570|0|122|1|0|
13|311|390|0|122|1|0|
13|311|360|0|122|1|0|
13|315|390|0|122|1|0|
13|316|390|0|122|1|0|
13|317|390|0|122|1|0|
13|309|360|0|122|1|0|
13|309|360|0|122|1|0|
13|315|360|0|122|1|0|
13|591|690|0|122|1|0|
13|315|390|0|122|1|0|
13|314|390|0|122|1|0|
13|317|360|0|122|1|0|
13|313|390|0|122|1|0|
13|315|360|0|122|1|0|
13|317|390|0|122|1|0|
13|309|360|0|122|1|0|
13|313|360|0|122|1|0|
13|311|360|0|122|1|0|
13|313|360|0|122|1|0|
13|311|360|0|122|1|0|
13|315|390|0|122|1|0|
13|317|390|0|122|1|0|
13|309|360|0|122|1|0|
13|311|360|0|122|1|0|
