INSTRUCTIONS_RETIRED|CYCLES|UNKNOWN|LD_BLOCKS.STORE_FORWARD|UOPS_EXECUTED.CORE|BR_MISP_RETIRED.ALL_BRANCHES|UOPS_ISSUED.SINGLE_MUL|
13|313|300|0|149|1|0|
13|349|360|0|161|1|0|
13|355|360|0|163|1|0|
13|345|330|0|159|1|0|
13|262|480|0|132|1|0|
13|351|330|0|161|1|0|
13|347|330|0|160|1|0|
13|353|330|0|162|1|0|
13|307|390|0|147|1|0|
13|347|360|0|160|1|0|
13|352|330|0|162|1|0|
13|343|330|0|159|1|0|
13|303|330|0|145|1|0|
13|303|360|0|145|1|0|
13|339|390|0|157|1|0|
13|351|330|0|161|1|0|
13|349|360|0|161|1|0|
13|345|390|0|159|1|0|
13|671|690|0|194|1|0|
13|343|360|0|159|1|0|
13|345|390|0|159|1|0|
13|329|390|0|154|1|0|
13|335|390|0|156|1|0|
13|340|360|0|158|1|0|
13|331|360|0|155|1|0|
13|353|360|0|162|1|0|
13|294|330|0|142|1|0|
13|288|300|0|140|1|0|
13|291|300|0|141|1|0|
13|335|390|0|156|1|0|
13|333|390|0|155|1|0|
13|327|360|0|153|1|0|
13|331|360|0|155|1|0|
13|333|390|0|155|1|0|
13|331|390|0|155|1|0|
13|330|390|0|154|1|0|
13|333|390|0|155|1|0|
13|335|360|0|156|1|0|
13|331|330|0|155|1|0|
13|333|390|0|155|1|0|
13|333|330|0|155|1|0|
13|345|390|0|159|1|0|
13|349|360|0|161|1|0|
13|345|330|0|159|1|0|
13|345|360|0|159|1|0|
13|347|360|0|160|1|0|
13|347|360|0|160|1|0|
13|345|330|0|159|1|0|
13|347|330|0|160|1|0|
13|352|330|0|162|1|0|
13|351|390|0|161|1|0|
13|349|360|0|161|1|0|
13|336|360|0|156|1|0|
13|344|360|0|159|1|0|
13|349|330|0|161|1|0|
13|347|330|0|160|1|0|
13|349|330|0|161|1|0|
13|340|360|0|158|1|0|
13|336|390|0|154|1|0|
13|344|330|0|157|1|0|
13|334|360|0|153|1|0|
13|344|360|0|157|1|0|
13|336|330|0|154|1|0|
13|334|360|0|153|1|0|
13|342|330|0|156|1|0|
13|344|330|0|157|1|0|
13|346|360|0|157|1|0|
13|339|330|0|155|1|0|
13|344|360|0|157|1|0|
13|346|360|0|157|1|0|
13|337|360|0|154|1|0|
13|342|360|0|156|1|0|
13|340|360|0|155|1|0|
13|338|330|0|157|1|0|
13|316|360|0|147|1|0|
13|314|360|0|147|1|0|
13|322|390|0|149|1|0|
13|324|390|0|150|1|0|
13|322|360|0|149|1|0|
13|322|360|0|149|1|0|
13|316|360|0|147|1|0|
13|324|360|0|150|1|0|
13|323|360|0|150|1|0|
13|324|360|0|150|1|0|
13|324|390|0|150|1|0|
13|322|390|0|149|1|0|
13|983|1110|0|192|1|0|
13|324|390|0|150|1|0|
13|320|390|0|149|1|0|
13|327|360|0|151|1|0|
13|350|360|0|159|1|0|
13|354|330|0|160|1|0|
13|351|360|0|159|1|0|
13|353|330|0|160|1|0|
13|356|330|0|161|1|0|
13|356|330|0|161|1|0|
13|358|360|0|161|1|0|
13|360|330|0|162|1|0|
13|352|360|0|159|1|0|
13|357|360|0|161|1|0|
13|358|360|0|161|1|0|
13|280|330|0|135|1|0|
13|344|360|0|157|1|0|
13|304|300|0|143|1|0|
13|306|300|0|144|1|0|
13|318|390|0|148|1|0|
13|352|390|0|159|1|0|
13|298|270|0|144|1|0|
13|353|390|0|162|1|0|
13|352|330|0|159|1|0|
13|323|390|0|152|1|0|
13|344|330|0|159|1|0|
13|324|390|0|150|1|0|
13|317|360|0|148|1|0|
13|324|390|0|150|1|0|
13|316|360|0|147|1|0|
13|348|390|0|158|1|0|
13|286|360|0|137|1|0|
13|317|360|0|148|1|0|
13|300|330|0|142|1|0|
13|315|390|0|149|1|0|
13|350|330|0|159|1|0|
13|320|390|0|149|1|0|
13|330|390|0|152|1|0|
13|323|390|0|150|1|0|
13|330|360|0|152|1|0|
13|324|360|0|150|1|0|
13|328|360|0|151|1|0|
13|328|360|0|151|1|0|
13|330|360|0|152|1|0|
13|324|330|0|150|1|0|
13|329|360|0|152|1|0|
13|320|360|0|149|1|0|
13|324|360|0|150|1|0|
13|326|390|0|151|1|0|
13|322|360|0|149|1|0|
13|328|360|0|151|1|0|
13|325|360|0|150|1|0|
13|344|360|0|157|1|0|
13|343|360|0|156|1|0|
13|344|330|0|157|1|0|
13|344|360|0|157|1|0|
13|337|360|0|157|1|0|
13|353|330|0|162|1|0|
13|344|300|0|159|1|0|
13|348|390|0|160|1|0|
13|347|360|0|160|1|0|
13|299|270|0|144|1|0|
13|342|330|0|158|1|0|
13|343|360|0|159|1|0|
13|347|330|0|160|1|0|
13|348|330|0|160|1|0|
13|347|390|0|160|1|0|
13|340|360|0|155|1|0|
13|345|330|0|159|1|0|
13|343|360|0|156|1|0|
13|341|360|0|158|1|0|
13|343|330|0|159|1|0|
13|349|330|0|161|1|0|
13|349|360|0|161|1|0|
13|342|330|0|158|1|0|
13|347|360|0|160|1|0|
13|350|330|0|159|1|0|
13|349|330|0|161|1|0|
13|349|360|0|161|1|0|
13|351|390|0|161|1|0|
13|349|360|0|161|1|0|
13|347|330|0|160|1|0|
13|347|330|0|160|1|0|
13|349|330|0|161|1|0|
13|324|360|0|152|1|0|
13|327|360|0|153|1|0|
13|328|390|0|154|1|0|
13|333|390|0|153|1|0|
13|333|360|0|155|1|0|
13|325|360|0|153|1|0|
13|329|360|0|154|1|0|
13|319|360|0|151|1|0|
13|327|390|0|153|1|0|
13|319|360|0|151|1|0|
13|329|360|0|154|1|0|
13|323|360|0|152|1|0|
13|321|330|0|151|1|0|
13|330|360|0|154|1|0|
13|321|390|0|151|1|0|
13|1005|1140|0|194|1|0|
13|319|360|0|151|1|0|
13|317|390|0|150|1|0|
13|314|390|0|149|1|0|
13|323|390|0|152|1|0|
13|317|360|0|150|1|0|
13|323|390|0|152|1|0|
13|321|390|0|151|1|0|
13|324|390|0|152|1|0|
13|321|360|0|151|1|0|
13|319|330|0|151|1|0|
13|319|390|0|151|1|0|
13|319|390|0|151|1|0|
13|315|360|0|149|1|0|
13|316|360|0|150|1|0|
13|317|360|0|148|1|0|
13|303|360|0|145|1|0|
13|302|360|0|145|1|0|
13|299|360|0|144|1|0|
13|311|390|0|148|1|0|
13|303|360|0|145|1|0|
13|309|420|0|147|1|0|
13|305|360|0|146|1|0|
13|307|390|0|147|1|0|
13|309|360|0|147|1|0|
13|309|390|0|147|1|0|
13|309|390|0|147|1|0|
13|307|360|0|147|1|0|
13|299|360|0|144|1|0|
13|307|420|0|147|1|0|
13|307|390|0|147|1|0|
13|313|390|0|149|1|0|
13|317|390|0|150|1|0|
13|311|390|0|148|1|0|
13|623|750|0|190|1|0|
13|311|390|0|148|1|0|
13|301|390|0|145|1|0|
13|275|330|0|136|1|0|
13|311|360|0|148|1|0|
13|310|360|0|148|1|0|
13|309|390|0|147|1|0|
13|355|450|0|163|1|0|
13|307|330|0|147|1|0|
13|310|330|0|148|1|0|
13|307|360|0|147|1|0|
13|309|390|0|147|1|0|
13|312|360|0|148|1|0|
13|315|390|0|149|1|0|
13|313|390|0|149|1|0|
13|308|360|0|147|1|0|
13|318|360|0|150|1|0|
13|305|360|0|146|1|0|
13|320|360|0|151|1|0|
13|309|390|0|147|1|0|
13|309|390|0|147|1|0|
13|313|360|0|149|1|0|
13|625|750|0|190|1|0|
13|273|330|0|135|1|0|
13|313|390|0|149|1|0|
13|307|330|0|147|1|0|
13|318|360|0|150|1|0|
13|309|390|0|147|1|0|
13|618|750|0|194|1|0|
13|307|390|0|147|1|0|
13|310|360|0|148|1|0|
13|317|390|0|150|1|0|
13|308|360|0|147|1|0|
13|273|330|0|135|1|0|
13|312|390|0|148|1|0|
13|311|360|0|148|1|0|
13|317|360|0|150|1|0|
13|308|360|0|147|1|0|
13|589|720|0|190|1|0|
13|313|360|0|149|1|0|
13|309|390|0|147|1|0|
13|317|360|0|150|1|0|
13|315|390|0|149|1|0|
13|310|390|0|148|1|0|
13|315|390|0|149|1|0|
13|317|390|0|150|1|0|
13|315|360|0|149|1|0|
13|315|390|0|149|1|0|
13|311|360|0|148|1|0|
13|311|390|0|148|1|0|
13|315|390|0|149|1|0|
13|315|390|0|149|1|0|
13|309|360|0|147|1|0|
13|317|390|0|150|1|0|
13|307|360|0|147|1|0|
13|315|360|0|149|1|0|
13|315|390|0|149|1|0|
13|307|360|0|147|1|0|
13|309|360|0|147|1|0|
13|313|390|0|149|1|0|
13|312|360|0|148|1|0|
13|315|390|0|149|1|0|
13|315|390|0|149|1|0|
13|310|360|0|148|1|0|
13|313|390|0|149|1|0|
13|308|330|0|147|1|0|
13|315|360|0|149|1|0|
13|309|360|0|147|1|0|
13|314|390|0|149|1|0|
13|315|360|0|149|1|0|
13|308|360|0|147|1|0|
13|316|360|0|150|1|0|
13|311|390|0|148|1|0|
13|314|390|0|149|1|0|
13|317|360|0|150|1|0|
13|311|390|0|148|1|0|
13|309|360|0|147|1|0|
13|585|720|0|194|1|0|
13|309|390|0|147|1|0|
13|317|390|0|150|1|0|
13|309|390|0|147|1|0|
13|310|360|0|148|1|0|
13|311|390|0|148|1|0|
13|309|360|0|147|1|0|
13|313|390|0|149|1|0|
13|311|360|0|148|1|0|
13|311|390|0|148|1|0|
13|313|360|0|149|1|0|
13|311|360|0|148|1|0|
13|356|330|0|163|1|0|
13|357|360|0|163|1|0|
13|349|300|0|161|1|0|
13|359|330|0|164|1|0|
13|347|330|0|160|1|0|
13|345|360|0|159|1|0|
13|341|360|0|158|1|0|
13|347|360|0|160|1|0|
13|349|330|0|161|1|0|
13|346|330|0|160|1|0|
13|342|330|0|158|1|0|
13|347|390|0|160|1|0|
13|351|330|0|161|1|0|
13|353|330|0|162|1|0|
13|347|360|0|160|1|0|
13|349|360|0|161|1|0|
13|351|330|0|161|1|0|
13|353|330|0|162|1|0|
13|689|690|0|190|1|0|
13|349|360|0|161|1|0|
13|349|330|0|161|1|0|
13|347|330|0|160|1|0|
13|349|330|0|161|1|0|
13|353|330|0|162|1|0|
13|349|330|0|161|1|0|
13|354|330|0|162|1|0|
13|357|330|0|163|1|0|
13|308|300|0|147|1|0|
13|351|330|0|161|1|0|
13|353|330|0|162|1|0|
13|348|330|0|160|1|0|
13|339|360|0|157|1|0|
13|349|360|0|161|1|0|
13|343|330|0|159|1|0|
13|345|360|0|159|1|0|
13|348|330|0|160|1|0|
13|345|330|0|159|1|0|
13|342|330|0|158|1|0|
13|349|390|0|161|1|0|
13|347|360|0|160|1|0|
13|348|360|0|160|1|0|
13|351|330|0|161|1|0|
13|349|360|0|161|1|0|
13|299|330|0|144|1|0|
13|351|330|0|161|1|0|
13|343|330|0|159|1|0|
13|345|330|0|159|1|0|
13|349|390|0|161|1|0|
13|345|330|0|159|1|0|
13|342|360|0|158|1|0|
13|343|330|0|159|1|0|
13|345|390|0|159|1|0|
13|355|330|0|163|1|0|
13|352|330|0|162|1|0|
13|353|360|0|162|1|0|
13|349|360|0|161|1|0|
13|351|330|0|161|1|0|
13|351|330|0|161|1|0|
13|349|330|0|161|1|0|
13|344|330|0|159|1|0|
13|347|330|0|160|1|0|
13|353|390|0|162|1|0|
13|347|330|0|160|1|0|
13|347|330|0|160|1|0|
13|351|330|0|161|1|0|
13|344|360|0|159|1|0|
13|355|330|0|163|1|0|
13|349|390|0|161|1|0|
13|345|330|0|159|1|0|
13|347|330|0|160|1|0|
13|351|390|0|161|1|0|
13|761|750|0|194|1|0|
13|347|360|0|160|1|0|
13|349|360|0|161|1|0|
13|347|330|0|160|1|0|
13|347|330|0|160|1|0|
13|351|330|0|161|1|0|
13|348|300|0|160|1|0|
13|349|330|0|161|1|0|
13|353|360|0|162|1|0|
13|355|330|0|163|1|0|
13|347|330|0|160|1|0|
13|349|330|0|161|1|0|
13|351|360|0|161|1|0|
13|349|330|0|161|1|0|
13|354|330|0|162|1|0|
13|352|330|0|162|1|0|
13|355|330|0|163|1|0|
13|357|360|0|163|1|0|
13|342|330|0|158|1|0|
13|342|330|0|158|1|0|
13|351|330|0|161|1|0|
13|343|360|0|159|1|0|
13|342|360|0|158|1|0|
13|344|330|0|159|1|0|
13|347|330|0|160|1|0|
13|347|390|0|160|1|0|
13|647|780|0|190|1|0|
13|349|360|0|161|1|0|
13|350|330|0|161|1|0|
13|346|330|0|160|1|0|
13|353|390|0|162|1|0|
13|300|300|0|144|1|0|
13|347|390|0|160|1|0|
13|347|360|0|160|1|0|
13|343|360|0|159|1|0|
13|571|600|0|194|1|0|
13|343|330|0|159|1|0|
13|301|270|0|145|1|0|
13|299|300|0|144|1|0|
13|347|330|0|160|1|0|
13|315|360|0|149|1|0|
13|312|390|0|148|1|0|
13|311|390|0|148|1|0|
13|291|300|0|141|1|0|
13|312|390|0|146|1|0|
13|313|360|0|146|1|0|
13|321|330|0|151|1|0|
13|324|390|0|152|1|0|
13|323|390|0|152|1|0|
13|683|780|0|190|1|0|
13|329|390|0|154|1|0|
13|347|360|0|160|1|0|
13|313|360|0|149|1|0|
13|317|360|0|150|1|0|
13|322|360|0|152|1|0|
13|314|360|0|149|1|0|
13|319|390|0|151|1|0|
13|314|390|0|149|1|0|
13|329|360|0|154|1|0|
13|333|390|0|155|1|0|
13|302|270|0|145|1|0|
13|302|300|0|145|1|0|
13|364|420|0|166|1|0|
13|313|360|0|149|1|0|
13|329|330|0|154|1|0|
13|329|330|0|154|1|0|
13|331|330|0|155|1|0|
13|288|330|0|138|1|0|
13|293|300|0|142|1|0|
13|321|360|0|151|1|0|
13|334|360|0|156|1|0|
13|325|360|0|153|1|0|
13|323|360|0|152|1|0|
13|322|360|0|152|1|0|
13|286|330|0|140|1|0|
13|297|330|0|143|1|0|
13|329|330|0|154|1|0|
13|323|390|0|152|1|0|
13|331|390|0|155|1|0|
13|327|390|0|153|1|0|
13|349|330|0|158|1|0|
13|349|330|0|161|1|0|
13|351|360|0|161|1|0|
13|344|360|0|159|1|0|
13|301|270|0|145|1|0|
13|345|360|0|159|1|0|
13|353|360|0|162|1|0|
13|354|330|0|162|1|0|
13|347|330|0|160|1|0|
13|351|390|0|161|1|0|
13|343|360|0|159|1|0|
13|352|330|0|162|1|0|
13|344|360|0|159|1|0|
13|351|390|0|161|1|0|
13|343|330|0|159|1|0|
13|339|330|0|157|1|0|
13|345|330|0|159|1|0|
13|330|390|0|154|1|0|
13|333|360|0|155|1|0|
13|333|330|0|155|1|0|
13|339|390|0|157|1|0|
13|340|390|0|158|1|0|
13|333|360|0|155|1|0|
13|335|330|0|156|1|0|
13|329|360|0|154|1|0|
13|338|390|0|155|1|0|
13|338|360|0|157|1|0|
13|339|390|0|157|1|0|
13|333|390|0|155|1|0|
13|332|330|0|155|1|0|
13|335|360|0|154|1|0|
13|299|300|0|144|1|0|
13|335|330|0|156|1|0|
13|337|330|0|157|1|0|
13|355|360|0|163|1|0|
13|633|660|0|194|1|0|
13|347|330|0|160|1|0|
13|350|330|0|159|1|0|
13|345|330|0|159|1|0|
13|349|330|0|161|1|0|
13|344|330|0|159|1|0|
13|349|330|0|161|1|0|
13|349|360|0|161|1|0|
13|343|360|0|159|1|0|
13|347|360|0|160|1|0|
13|348|360|0|160|1|0|
13|352|330|0|162|1|0|
13|346|360|0|160|1|0|
13|348|330|0|160|1|0|
13|346|330|0|160|1|0|
13|351|390|0|161|1|0|
13|323|360|0|152|1|0|
13|329|360|0|154|1|0|
13|325|360|0|153|1|0|
13|327|360|0|153|1|0|
13|329|360|0|154|1|0|
13|352|390|0|162|1|0|
13|323|390|0|152|1|0|
13|325|360|0|153|1|0|
13|327|360|0|153|1|0|
13|325|330|0|153|1|0|
13|321|390|0|151|1|0|
13|325|360|0|153|1|0|
13|331|360|0|155|1|0|
13|323|360|0|152|1|0|
13|781|870|0|194|1|0|
13|307|330|0|147|1|0|
13|315|390|0|149|1|0|
13|305|390|0|146|1|0|
13|311|360|0|148|1|0|
13|310|360|0|148|1|0|
13|317|360|0|150|1|0|
13|313|360|0|149|1|0|
13|317|390|0|150|1|0|
13|311|360|0|148|1|0|
13|286|360|0|133|1|0|
13|312|390|0|148|1|0|
13|313|390|0|149|1|0|
13|309|390|0|147|1|0|
13|313|390|0|149|1|0|
13|645|780|0|190|1|0|
13|311|360|0|148|1|0|
13|309|390|0|147|1|0|
13|311|390|0|148|1|0|
13|312|390|0|148|1|0|
13|315|390|0|149|1|0|
13|309|360|0|147|1|0|
13|310|360|0|148|1|0|
13|308|390|0|147|1|0|
13|311|390|0|148|1|0|
13|649|780|0|194|1|0|
13|313|360|0|149|1|0|
13|310|360|0|148|1|0|
13|314|390|0|149|1|0|
13|309|360|0|147|1|0|
13|315|390|0|149|1|0|
13|309|390|0|147|1|0|
13|313|390|0|149|1|0|
13|308|390|0|147|1|0|
13|307|390|0|147|1|0|
13|309|390|0|147|1|0|
13|315|360|0|149|1|0|
13|305|330|0|146|1|0|
13|312|390|0|148|1|0|
13|308|390|0|147|1|0|
13|315|360|0|149|1|0|
13|313|390|0|149|1|0|
13|309|390|0|147|1|0|
13|317|390|0|150|1|0|
13|625|750|0|190|1|0|
13|629|780|0|190|1|0|
13|309|360|0|147|1|0|
13|309|420|0|147|1|0|
13|302|390|0|145|1|0|
13|309|390|0|147|1|0|
13|306|390|0|146|1|0|
13|311|360|0|148|1|0|
13|308|390|0|147|1|0|
13|309|360|0|147|1|0|
13|307|390|0|147|1|0|
13|311|390|0|148|1|0|
13|311|390|0|148|1|0|
13|307|390|0|147|1|0|
13|307|390|0|147|1|0|
13|311|360|0|148|1|0|
13|318|390|0|150|1|0|
13|313|360|0|149|1|0|
13|313|390|0|149|1|0|
13|315|360|0|149|1|0|
13|317|360|0|150|1|0|
13|307|390|0|147|1|0|
13|313|390|0|149|1|0|
13|315|390|0|149|1|0|
13|311|360|0|148|1|0|
13|309|390|0|147|1|0|
13|308|360|0|147|1|0|
13|311|390|0|148|1|0|
13|309|360|0|147|1|0|
13|315|360|0|149|1|0|
13|311|360|0|148|1|0|
13|315|360|0|149|1|0|
13|311|360|0|148|1|0|
13|315|360|0|149|1|0|
13|308|390|0|147|1|0|
13|318|360|0|150|1|0|
13|315|390|0|149|1|0|
13|319|390|0|151|1|0|
13|310|390|0|148|1|0|
13|313|390|0|149|1|0|
13|309|360|0|147|1|0|
13|313|330|0|149|1|0|
13|313|390|0|149|1|0|
13|310|360|0|148|1|0|
13|307|390|0|147|1|0|
13|353|330|0|162|1|0|
13|351|330|0|161|1|0|
13|357|360|0|163|1|0|
13|349|360|0|161|1|0|
13|357|360|0|163|1|0|
13|361|360|0|165|1|0|
13|357|360|0|163|1|0|
13|357|330|0|163|1|0|
13|340|360|0|158|1|0|
13|348|390|0|160|1|0|
13|343|330|0|159|1|0|
13|347|330|0|160|1|0|
13|343|330|0|159|1|0|
13|346|330|0|160|1|0|
13|348|330|0|160|1|0|
13|349|360|0|161|1|0|
13|354|360|0|160|1|0|
13|349|360|0|161|1|0|
13|355|360|0|163|1|0|
13|347|330|0|160|1|0|
13|359|360|0|164|1|0|
13|353|330|0|162|1|0|
13|346|330|0|160|1|0|
13|345|330|0|159|1|0|
13|835|840|0|190|1|0|
13|349|330|0|161|1|0|
13|345|390|0|159|1|0|
13|349|360|0|161|1|0|
13|345|360|0|159|1|0|
13|350|330|0|161|1|0|
13|355|330|0|163|1|0|
13|355|330|0|163|1|0|
13|357|330|0|163|1|0|
13|349|330|0|161|1|0|
13|351|330|0|161|1|0|
13|357|360|0|163|1|0|
13|353|330|0|162|1|0|
13|354|360|0|160|1|0|
13|351|360|0|161|1|0|
13|351|360|0|161|1|0|
13|345|330|0|159|1|0|
13|343|360|0|159|1|0|
13|297|330|0|143|1|0|
13|345|330|0|159|1|0|
13|345|360|0|159|1|0|
13|347|330|0|160|1|0|
13|345|330|0|159|1|0|
13|345|330|0|159|1|0|
13|1099|1050|0|194|1|0|
13|353|330|0|162|1|0|
13|349|330|0|161|1|0|
13|347|330|0|160|1|0|
13|351|330|0|161|1|0|
13|351|360|0|161|1|0|
13|353|360|0|162|1|0|
13|353|330|0|162|1|0|
13|351|330|0|161|1|0|
13|355|360|0|163|1|0|
13|343|330|0|159|1|0|
13|343|330|0|159|1|0|
13|343|360|0|159|1|0|
13|309|330|0|147|1|0|
13|347|330|0|160|1|0|
13|343|330|0|159|1|0|
13|343|360|0|159|1|0|
13|340|330|0|158|1|0|
13|359|360|0|164|1|0|
13|351|330|0|161|1|0|
13|355|360|0|163|1|0|
13|351|330|0|161|1|0|
13|351|330|0|161|1|0|
13|349|360|0|161|1|0|
13|357|360|0|163|1|0|
13|347|330|0|160|1|0|
13|347|330|0|160|1|0|
13|351|330|0|161|1|0|
13|347|330|0|160|1|0|
13|340|360|0|158|1|0|
13|350|360|0|161|1|0|
13|339|360|0|157|1|0|
13|343|390|0|159|1|0|
13|857|840|0|190|1|0|
13|345|390|0|159|1|0|
13|349|360|0|161|1|0|
13|351|330|0|161|1|0|
13|347|330|0|160|1|0|
13|353|330|0|162|1|0|
13|349|330|0|161|1|0|
13|351|330|0|161|1|0|
13|343|330|0|159|1|0|
13|352|330|0|162|1|0|
13|343|360|0|159|1|0|
13|341|330|0|158|1|0|
13|344|360|0|159|1|0|
13|342|330|0|158|1|0|
13|341|330|0|158|1|0|
13|343|330|0|159|1|0|
13|343|360|0|159|1|0|
13|352|330|0|162|1|0|
13|341|360|0|158|1|0|
13|342|330|0|158|1|0|
13|345|390|0|159|1|0|
13|343|330|0|159|1|0|
13|345|330|0|159|1|0|
13|349|360|0|161|1|0|
13|339|330|0|157|1|0|
13|345|330|0|159|1|0|
13|309|300|0|147|1|0|
13|343|360|0|159|1|0|
13|351|390|0|161|1|0|
13|299|300|0|144|1|0|
13|277|300|0|137|1|0|
13|289|360|0|141|1|0|
13|341|330|0|158|1|0|
13|338|360|0|157|1|0|
13|308|360|0|147|1|0|
13|308|390|0|147|1|0|
13|315|390|0|149|1|0|
13|337|390|0|157|1|0|
13|309|360|0|147|1|0|
13|333|330|0|155|1|0|
13|624|630|0|194|1|0|
13|337|360|0|157|1|0|
13|328|330|0|154|1|0|
13|339|390|0|157|1|0|
13|1035|1170|0|194|1|0|
13|329|390|0|154|1|0|
13|323|360|0|152|1|0|
13|331|390|0|155|1|0|
13|325|360|0|153|1|0|
13|331|360|0|155|1|0|
13|320|360|0|151|1|0|
13|327|330|0|153|1|0|
13|343|390|0|159|1|0|
13|340|330|0|158|1|0|
13|353|330|0|162|1|0|
13|350|360|0|159|1|0|
13|352|330|0|159|1|0|
13|352|330|0|162|1|0|
13|355|360|0|163|1|0|
13|353|360|0|162|1|0|
13|353|360|0|162|1|0|
13|351|330|0|161|1|0|
13|343|360|0|159|1|0|
13|347|390|0|160|1|0|
13|345|330|0|159|1|0|
13|343|330|0|159|1|0|
13|347|330|0|160|1|0|
13|344|360|0|159|1|0|
13|301|300|0|145|1|0|
13|343|360|0|159|1|0|
13|341|360|0|158|1|0|
13|347|330|0|160|1|0|
13|342|330|0|158|1|0|
13|347|330|0|160|1|0|
13|349|330|0|161|1|0|
13|738|750|0|194|1|0|
13|343|330|0|159|1|0|
13|351|360|0|161|1|0|
13|349|360|0|161|1|0|
13|351|360|0|161|1|0|
13|343|360|0|159|1|0|
13|348|390|0|160|1|0|
13|349|330|0|161|1|0|
13|349|330|0|161|1|0|
13|347|360|0|160|1|0|
13|345|330|0|159|1|0|
13|355|330|0|163|1|0|
13|351|330|0|161|1|0|
13|349|360|0|161|1|0|
13|351|330|0|161|1|0|
13|347|330|0|160|1|0|
13|341|330|0|158|1|0|
13|345|330|0|159|1|0|
13|341|330|0|158|1|0|
13|339|330|0|157|1|0|
13|345|360|0|159|1|0|
13|342|330|0|158|1|0|
13|344|360|0|159|1|0|
13|349|390|0|161|1|0|
13|346|330|0|160|1|0|
13|339|330|0|157|1|0|
13|345|360|0|159|1|0|
13|339|360|0|157|1|0|
13|293|330|0|142|1|0|
13|329|390|0|154|1|0|
13|332|360|0|153|1|0|
13|338|390|0|155|1|0|
13|333|360|0|155|1|0|
13|336|330|0|156|1|0|
13|331|330|0|155|1|0|
13|337|330|0|157|1|0|
13|338|360|0|157|1|0|
13|337|330|0|157|1|0|
13|337|390|0|157|1|0|
13|331|330|0|155|1|0|
13|332|390|0|155|1|0|
13|333|330|0|155|1|0|
13|335|390|0|156|1|0|
13|337|360|0|157|1|0|
13|333|390|0|155|1|0|
13|329|390|0|154|1|0|
13|325|360|0|153|1|0|
13|329|360|0|154|1|0|
13|325|360|0|153|1|0|
13|325|360|0|153|1|0|
13|319|330|0|151|1|0|
13|327|330|0|153|1|0|
13|320|360|0|149|1|0|
13|325|360|0|153|1|0|
13|321|360|0|151|1|0|
13|320|330|0|149|1|0|
13|321|360|0|151|1|0|
13|323|360|0|152|1|0|
13|327|360|0|153|1|0|
13|330|390|0|154|1|0|
13|329|360|0|154|1|0|
13|338|360|0|155|1|0|
13|333|330|0|155|1|0|
13|337|390|0|154|1|0|
13|329|330|0|154|1|0|
13|334|390|0|156|1|0|
13|339|330|0|157|1|0|
13|336|390|0|156|1|0|
13|327|390|0|153|1|0|
13|332|360|0|155|1|0|
13|335|390|0|156|1|0|
13|329|360|0|154|1|0|
13|335|360|0|154|1|0|
13|337|360|0|157|1|0|
13|327|330|0|153|1|0|
13|335|390|0|156|1|0|
13|337|330|0|157|1|0|
13|327|330|0|153|1|0|
13|329|390|0|154|1|0|
13|327|360|0|153|1|0|
13|328|360|0|154|1|0|
13|329|390|0|154|1|0|
13|331|390|0|155|1|0|
13|327|360|0|153|1|0|
13|325|330|0|153|1|0|
13|331|360|0|152|1|0|
13|325|390|0|153|1|0|
13|331|390|0|155|1|0|
13|328|360|0|154|1|0|
13|331|360|0|155|1|0|
13|331|360|0|155|1|0|
13|324|360|0|152|1|0|
13|318|360|0|150|1|0|
13|309|360|0|147|1|0|
13|311|390|0|148|1|0|
13|313|360|0|149|1|0|
13|311|360|0|148|1|0|
13|313|360|0|149|1|0|
13|311|390|0|148|1|0|
13|312|360|0|148|1|0|
13|311|390|0|148|1|0|
13|310|360|0|148|1|0|
13|315|360|0|149|1|0|
13|279|360|0|137|1|0|
13|317|390|0|150|1|0|
13|311|390|0|148|1|0|
13|309|330|0|147|1|0|
13|321|390|0|151|1|0|
13|321|390|0|151|1|0|
13|323|360|0|152|1|0|
13|317|360|0|150|1|0|
13|317|360|0|150|1|0|
13|323|390|0|152|1|0|
13|315|360|0|149|1|0|
13|321|360|0|151|1|0|
13|315|390|0|149|1|0|
13|881|1050|0|194|1|0|
13|317|360|0|150|1|0|
13|317|360|0|150|1|0|
13|317|360|0|150|1|0|
13|313|360|0|149|1|0|
13|321|360|0|151|1|0|
13|323|360|0|150|1|0|
13|316|360|0|147|1|0|
13|357|330|0|161|1|0|
13|356|330|0|161|1|0|
13|348|330|0|158|1|0|
13|352|360|0|159|1|0|
13|354|360|0|160|1|0|
13|352|360|0|159|1|0|
13|357|330|0|163|1|0|
13|357|330|0|161|1|0|
13|356|330|0|161|1|0|
13|354|360|0|160|1|0|
13|348|330|0|158|1|0|
13|352|330|0|159|1|0|
13|350|360|0|159|1|0|
13|354|360|0|160|1|0|
13|350|330|0|159|1|0|
13|350|360|0|159|1|0|
13|358|330|0|161|1|0|
13|346|360|0|157|1|0|
13|356|330|0|161|1|0|
13|352|360|0|162|1|0|
13|360|390|0|162|1|0|
13|353|330|0|160|1|0|
13|306|300|0|144|1|0|
13|360|360|0|162|1|0|
13|348|360|0|158|1|0|
13|348|300|0|158|1|0|
13|350|360|0|159|1|0|
13|356|360|0|161|1|0|
13|348|360|0|158|1|0|
13|356|360|0|161|1|0|
13|341|360|0|158|1|0|
13|352|330|0|159|1|0|
13|348|330|0|158|1|0|
13|358|360|0|161|1|0|
13|349|330|0|158|1|0|
13|353|330|0|162|1|0|
13|350|330|0|161|1|0|
13|351|330|0|161|1|0|
13|349|360|0|161|1|0|
13|348|360|0|160|1|0|
13|355|360|0|163|1|0|
13|351|330|0|161|1|0|
13|350|330|0|159|1|0|
13|356|330|0|161|1|0|
13|355|330|0|160|1|0|
13|359|360|0|162|1|0|
13|350|360|0|159|1|0|
13|358|330|0|161|1|0|
13|355|360|0|163|1|0|
13|360|360|0|162|1|0|
13|354|360|0|160|1|0|
13|352|330|0|159|1|0|
13|353|330|0|160|1|0|
13|351|360|0|161|1|0|
13|305|300|0|144|1|0|
13|358|360|0|161|1|0|
13|354|330|0|160|1|0|
13|352|330|0|159|1|0|
13|347|330|0|160|1|0|
13|354|330|0|160|1|0|
13|358|330|0|161|1|0|
13|357|360|0|161|1|0|
13|360|390|0|162|1|0|
13|352|330|0|159|1|0|
13|348|330|0|158|1|0|
13|354|330|0|160|1|0|
13|350|330|0|159|1|0|
13|356|360|0|161|1|0|
13|352|330|0|159|1|0|
13|357|360|0|161|1|0|
13|351|330|0|159|1|0|
13|355|360|0|160|1|0|
13|356|330|0|161|1|0|
13|358|330|0|161|1|0|
13|357|360|0|161|1|0|
13|356|390|0|161|1|0|
13|356|330|0|161|1|0|
13|352|330|0|159|1|0|
13|358|360|0|161|1|0|
13|350|330|0|159|1|0|
13|357|330|0|161|1|0|
13|350|360|0|159|1|0|
13|348|360|0|158|1|0|
13|351|330|0|159|1|0|
13|358|330|0|161|1|0|
13|356|360|0|161|1|0|
13|350|330|0|159|1|0|
13|352|360|0|159|1|0|
13|350|360|0|159|1|0|
13|352|330|0|159|1|0|
13|358|330|0|161|1|0|
13|351|360|0|159|1|0|
13|351|330|0|159|1|0|
13|1064|1020|0|188|1|0|
13|351|330|0|159|1|0|
13|356|330|0|161|1|0|
13|356|360|0|161|1|0|
13|352|330|0|162|1|0|
13|350|330|0|159|1|0|
13|354|330|0|160|1|0|
13|360|360|0|162|1|0|
13|356|360|0|161|1|0|
13|356|330|0|161|1|0|
13|358|330|0|161|1|0|
13|358|330|0|161|1|0|
13|349|360|0|158|1|0|
13|351|330|0|159|1|0|
