INSTRUCTIONS_RETIRED|CYCLES|UNKNOWN|LD_BLOCKS.STORE_FORWARD|UOPS_EXECUTED.CORE|BR_MISP_RETIRED.ALL_BRANCHES|UOPS_ISSUED.SINGLE_MUL|
13|311|270|0|148|1|0|
13|351|360|0|153|1|0|
13|303|270|0|145|1|0|
13|473|450|0|153|1|0|
13|348|300|0|153|1|0|
13|357|330|0|153|1|0|
13|355|360|0|153|1|0|
13|354|330|0|153|1|0|
13|353|330|0|153|1|0|
13|355|360|0|151|1|0|
13|356|360|0|151|1|0|
13|708|720|0|151|1|0|
13|356|360|0|151|1|0|
13|308|300|0|145|1|0|
13|342|360|0|151|1|0|
13|340|360|0|151|1|0|
13|350|330|0|151|1|0|
13|340|360|0|151|1|0|
13|349|330|0|151|1|0|
13|355|360|0|151|1|0|
13|344|330|0|151|1|0|
13|348|330|0|151|1|0|
13|347|330|0|151|1|0|
13|344|330|0|151|1|0|
13|341|330|0|151|1|0|
13|345|360|0|151|1|0|
13|566|600|0|151|1|0|
13|345|330|0|151|1|0|
13|351|330|0|151|1|0|
13|340|360|0|151|1|0|
13|351|330|0|151|1|0|
13|1105|1080|0|151|1|0|
13|305|270|0|144|1|0|
13|332|330|0|151|1|0|
13|349|330|0|151|1|0|
13|347|330|0|151|1|0|
13|345|360|0|151|1|0|
13|348|330|0|151|1|0|
13|342|330|0|151|1|0|
13|348|330|0|151|1|0|
13|351|360|0|151|1|0|
13|358|330|0|151|1|0|
13|348|360|0|151|1|0|
13|346|330|0|151|1|0|
13|1118|1080|0|151|1|0|
13|358|360|0|151|1|0|
13|354|360|0|151|1|0|
13|358|330|0|151|1|0|
13|354|360|0|151|1|0|
13|359|360|0|151|1|0|
13|351|360|0|151|1|0|
13|820|780|0|151|1|0|
13|360|360|0|151|1|0|
13|356|360|0|151|1|0|
13|356|330|0|151|1|0|
13|358|360|0|151|1|0|
13|350|360|0|151|1|0|
13|352|360|0|151|1|0|
13|348|360|0|151|1|0|
13|350|360|0|151|1|0|
13|348|330|0|151|1|0|
13|352|330|0|151|1|0|
13|342|360|0|151|1|0|
13|343|330|0|151|1|0|
13|359|330|0|151|1|0|
13|354|330|0|151|1|0|
13|350|330|0|151|1|0|
13|358|360|0|151|1|0|
13|348|360|0|151|1|0|
13|354|330|0|151|1|0|
13|363|390|0|151|1|0|
13|342|330|0|151|1|0|
13|345|330|0|151|1|0|
13|350|330|0|151|1|0|
13|346|330|0|151|1|0|
13|354|360|0|151|1|0|
13|1108|1110|0|151|1|0|
13|359|360|0|151|1|0|
13|356|360|0|151|1|0|
13|358|360|0|151|1|0|
13|540|540|0|151|1|0|
13|350|330|0|151|1|0|
13|302|270|0|143|1|0|
13|354|330|0|151|1|0|
13|351|330|0|151|1|0|
13|356|330|0|151|1|0|
13|356|330|0|151|1|0|
13|350|360|0|151|1|0|
13|358|330|0|151|1|0|
13|350|330|0|151|1|0|
13|344|330|0|151|1|0|
13|344|360|0|151|1|0|
13|350|330|0|151|1|0|
13|350|360|0|151|1|0|
13|352|330|0|151|1|0|
13|344|330|0|151|1|0|
13|350|360|0|151|1|0|
13|358|360|0|151|1|0|
13|354|360|0|151|1|0|
13|348|330|0|151|1|0|
13|356|330|0|151|1|0|
13|355|330|0|151|1|0|
13|358|330|0|151|1|0|
13|364|330|0|151|1|0|
13|358|330|0|151|1|0|
13|350|360|0|151|1|0|
13|356|360|0|151|1|0|
13|360|330|0|151|1|0|
13|351|330|0|151|1|0|
13|356|360|0|151|1|0|
13|350|330|0|151|1|0|
13|351|360|0|153|1|0|
13|352|330|0|151|1|0|
13|356|330|0|151|1|0|
13|357|330|0|151|1|0|
13|359|360|0|151|1|0|
13|478|450|0|151|1|0|
13|358|360|0|151|1|0|
13|358|330|0|151|1|0|
13|354|330|0|151|1|0|
13|356|360|0|151|1|0|
13|357|330|0|153|1|0|
13|350|360|0|153|1|0|
13|350|360|0|151|1|0|
13|360|330|0|151|1|0|
13|349|330|0|153|1|0|
13|356|330|0|151|1|0|
13|356|360|0|151|1|0|
13|351|330|0|153|1|0|
13|350|330|0|153|1|0|
13|332|330|0|153|1|0|
13|358|360|0|153|1|0|
13|352|390|0|151|1|0|
13|299|330|0|144|1|0|
13|305|330|0|146|1|0|
13|340|330|0|153|1|0|
13|976|960|0|153|1|0|
13|343|360|0|153|1|0|
13|343|390|0|153|1|0|
13|299|330|0|144|1|0|
13|341|330|0|153|1|0|
13|343|330|0|153|1|0|
13|341|330|0|153|1|0|
13|344|360|0|153|1|0|
13|341|360|0|153|1|0|
13|341|330|0|153|1|0|
13|343|330|0|153|1|0|
13|342|360|0|153|1|0|
13|355|330|0|153|1|0|
13|349|330|0|153|1|0|
13|352|330|0|153|1|0|
13|349|330|0|153|1|0|
13|348|330|0|153|1|0|
13|347|330|0|153|1|0|
13|347|330|0|153|1|0|
13|344|330|0|153|1|0|
13|343|330|0|153|1|0|
13|347|360|0|153|1|0|
13|349|330|0|153|1|0|
13|357|360|0|151|1|0|
13|348|330|0|153|1|0|
13|353|330|0|153|1|0|
13|358|360|0|151|1|0|
13|351|330|0|153|1|0|
13|349|330|0|153|1|0|
13|306|300|0|146|1|0|
13|321|300|0|151|1|0|
13|311|330|0|148|1|0|
13|347|330|0|153|1|0|
13|343|330|0|153|1|0|
13|343|330|0|153|1|0|
13|349|330|0|153|1|0|
13|329|300|0|153|1|0|
13|348|390|0|153|1|0|
13|345|360|0|153|1|0|
13|344|330|0|153|1|0|
13|349|360|0|153|1|0|
13|345|360|0|153|1|0|
13|353|330|0|153|1|0|
13|351|360|0|153|1|0|
13|349|360|0|153|1|0|
13|350|330|0|151|1|0|
13|348|330|0|151|1|0|
13|361|330|0|151|1|0|
13|350|360|0|151|1|0|
13|346|330|0|151|1|0|
13|352|330|0|151|1|0|
13|344|330|0|151|1|0|
13|350|390|0|151|1|0|
13|344|330|0|151|1|0|
13|350|330|0|151|1|0|
13|353|360|0|151|1|0|
13|344|360|0|151|1|0|
13|352|360|0|151|1|0|
13|356|360|0|151|1|0|
13|361|360|0|151|1|0|
13|342|360|0|151|1|0|
13|350|390|0|151|1|0|
13|350|360|0|151|1|0|
13|356|330|0|151|1|0|
13|344|330|0|151|1|0|
13|352|330|0|151|1|0|
13|343|330|0|153|1|0|
13|342|360|0|153|1|0|
13|345|330|0|151|1|0|
13|343|330|0|153|1|0|
13|344|330|0|153|1|0|
13|348|330|0|153|1|0|
13|340|300|0|153|1|0|
13|346|360|0|153|1|0|
13|343|330|0|153|1|0|
13|350|330|0|153|1|0|
13|349|390|0|153|1|0|
13|348|360|0|153|1|0|
13|323|330|0|152|1|0|
13|323|390|0|152|1|0|
13|325|390|0|153|1|0|
13|407|480|0|153|1|0|
13|879|1020|0|153|1|0|
13|329|330|0|153|1|0|
13|332|390|0|153|1|0|
13|316|360|0|150|1|0|
13|316|360|0|149|1|0|
13|317|390|0|150|1|0|
13|321|360|0|151|1|0|
13|317|360|0|150|1|0|
13|317|390|0|150|1|0|
13|317|360|0|150|1|0|
13|317|390|0|150|1|0|
13|315|360|0|149|1|0|
13|318|390|0|150|1|0|
13|315|360|0|149|1|0|
13|318|390|0|150|1|0|
13|309|360|0|147|1|0|
13|914|1110|0|153|1|0|
13|311|360|0|148|1|0|
13|312|360|0|148|1|0|
13|313|390|0|149|1|0|
13|309|390|0|147|1|0|
13|307|360|0|147|1|0|
13|313|390|0|149|1|0|
13|315|390|0|149|1|0|
13|317|390|0|150|1|0|
13|315|390|0|149|1|0|
13|315|390|0|149|1|0|
13|307|390|0|147|1|0|
13|315|390|0|149|1|0|
13|269|300|0|134|1|0|
13|307|390|0|147|1|0|
13|315|390|0|149|1|0|
13|693|810|0|153|1|0|
13|309|360|0|147|1|0|
13|318|390|0|150|1|0|
13|797|960|0|153|1|0|
13|318|360|0|150|1|0|
13|308|360|0|147|1|0|
13|319|390|0|151|1|0|
13|315|390|0|149|1|0|
13|311|390|0|148|1|0|
13|308|390|0|147|1|0|
13|309|390|0|147|1|0|
13|307|390|0|147|1|0|
13|316|390|0|150|1|0|
13|309|360|0|147|1|0|
13|309|390|0|147|1|0|
13|318|360|0|150|1|0|
13|309|390|0|147|1|0|
13|307|330|0|147|1|0|
13|315|360|0|149|1|0|
13|320|420|0|151|1|0|
13|1001|1200|0|153|1|0|
13|307|390|0|147|1|0|
13|315|390|0|149|1|0|
13|317|360|0|150|1|0|
13|317|360|0|150|1|0|
13|315|360|0|149|1|0|
13|307|360|0|147|1|0|
13|313|360|0|149|1|0|
13|309|360|0|147|1|0|
13|307|360|0|147|1|0|
13|307|390|0|147|1|0|
13|317|390|0|150|1|0|
13|309|360|0|147|1|0|
13|309|360|0|147|1|0|
13|308|360|0|147|1|0|
13|315|390|0|149|1|0|
13|309|360|0|147|1|0|
13|310|360|0|147|1|0|
13|311|360|0|148|1|0|
13|311|390|0|148|1|0|
13|307|360|0|147|1|0|
13|313|390|0|149|1|0|
13|308|390|0|147|1|0|
13|315|390|0|149|1|0|
13|315|390|0|149|1|0|
13|311|360|0|148|1|0|
13|315|390|0|149|1|0|
13|313|390|0|148|1|0|
13|316|360|0|150|1|0|
13|317|360|0|150|1|0|
13|311|360|0|148|1|0|
13|319|360|0|151|1|0|
13|327|360|0|153|1|0|
13|319|330|0|151|1|0|
13|325|360|0|153|1|0|
13|323|360|0|152|1|0|
13|324|360|0|152|1|0|
13|478|510|0|153|1|0|
13|543|570|0|153|1|0|
13|753|840|0|153|1|0|
13|329|390|0|153|1|0|
13|325|360|0|153|1|0|
13|327|390|0|153|1|0|
13|323|330|0|152|1|0|
13|325|360|0|153|1|0|
13|322|360|0|152|1|0|
13|327|360|0|153|1|0|
13|329|360|0|153|1|0|
13|319|390|0|151|1|0|
13|323|390|0|152|1|0|
13|326|360|0|153|1|0|
13|283|330|0|139|1|0|
13|317|360|0|150|1|0|
13|317|360|0|150|1|0|
13|315|360|0|149|1|0|
13|315|360|0|149|1|0|
13|321|360|0|151|1|0|
13|387|450|0|153|1|0|
13|320|360|0|151|1|0|
13|841|990|0|153|1|0|
13|323|390|0|152|1|0|
13|323|360|0|152|1|0|
13|317|390|0|150|1|0|
13|314|390|0|149|1|0|
13|315|390|0|149|1|0|
13|307|390|0|147|1|0|
13|310|390|0|147|1|0|
13|307|390|0|147|1|0|
13|309|360|0|147|1|0|
13|315|390|0|149|1|0|
13|305|390|0|146|1|0|
13|357|360|0|153|1|0|
13|347|330|0|153|1|0|
13|349|390|0|153|1|0|
13|349|330|0|153|1|0|
13|347|360|0|153|1|0|
13|349|390|0|153|1|0|
13|347|330|0|153|1|0|
13|349|330|0|153|1|0|
13|347|330|0|153|1|0|
13|351|330|0|153|1|0|
13|355|330|0|153|1|0|
13|358|330|0|153|1|0|
13|351|360|0|153|1|0|
13|353|330|0|153|1|0|
13|347|360|0|153|1|0|
13|305|300|0|146|1|0|
13|296|330|0|143|1|0|
13|302|330|0|145|1|0|
13|422|450|0|153|1|0|
13|317|390|0|150|1|0|
13|300|270|0|144|1|0|
13|359|330|0|153|1|0|
13|347|330|0|153|1|0|
13|346|360|0|153|1|0|
13|348|330|0|153|1|0|
13|341|360|0|153|1|0|
13|289|330|0|141|1|0|
13|969|960|0|153|1|0|
13|344|360|0|151|1|0|
13|340|330|0|151|1|0|
13|351|330|0|153|1|0|
13|349|330|0|153|1|0|
13|351|360|0|153|1|0|
13|305|300|0|146|1|0|
13|349|330|0|153|1|0|
13|324|360|0|152|1|0|
13|327|390|0|153|1|0|
13|313|360|0|149|1|0|
13|323|390|0|152|1|0|
13|324|360|0|152|1|0|
13|315|360|0|149|1|0|
13|323|390|0|152|1|0|
13|321|360|0|151|1|0|
13|325|360|0|153|1|0|
13|323|360|0|152|1|0|
13|317|360|0|150|1|0|
13|313|390|0|149|1|0|
13|317|360|0|150|1|0|
13|315|360|0|149|1|0|
13|284|360|0|139|1|0|
13|314|360|0|149|1|0|
13|313|330|0|149|1|0|
13|315|360|0|149|1|0|
13|323|390|0|152|1|0|
13|322|360|0|152|1|0|
13|297|360|0|143|1|0|
13|324|360|0|152|1|0|
13|329|390|0|153|1|0|
13|332|390|0|153|1|0|
13|327|360|0|153|1|0|
13|321|390|0|151|1|0|
13|327|360|0|153|1|0|
13|327|390|0|153|1|0|
13|327|360|0|153|1|0|
13|327|360|0|153|1|0|
13|327|360|0|153|1|0|
13|321|360|0|151|1|0|
13|331|360|0|153|1|0|
13|343|360|0|153|1|0|
13|351|390|0|153|1|0|
13|351|360|0|153|1|0|
13|347|330|0|153|1|0|
13|349|330|0|153|1|0|
13|341|330|0|153|1|0|
13|345|360|0|153|1|0|
13|357|360|0|153|1|0|
13|348|360|0|153|1|0|
13|349|330|0|153|1|0|
13|339|360|0|153|1|0|
13|349|360|0|153|1|0|
13|342|330|0|153|1|0|
13|349|330|0|153|1|0|
13|323|330|0|152|1|0|
13|351|360|0|153|1|0|
13|349|390|0|153|1|0|
13|350|360|0|153|1|0|
13|343|360|0|153|1|0|
13|335|330|0|153|1|0|
13|341|360|0|153|1|0|
13|335|330|0|153|1|0|
13|343|360|0|153|1|0|
13|348|360|0|153|1|0|
13|341|360|0|153|1|0|
13|346|360|0|153|1|0|
13|343|360|0|153|1|0|
13|341|360|0|153|1|0|
13|341|360|0|153|1|0|
13|345|390|0|153|1|0|
13|337|390|0|153|1|0|
13|339|330|0|153|1|0|
13|342|360|0|153|1|0|
13|337|360|0|153|1|0|
13|341|390|0|153|1|0|
13|335|360|0|153|1|0|
13|1033|1110|0|153|1|0|
13|335|330|0|153|1|0|
13|331|390|0|153|1|0|
13|329|330|0|153|1|0|
13|1037|1140|0|153|1|0|
13|329|360|0|153|1|0|
13|328|360|0|153|1|0|
13|537|600|0|153|1|0|
13|338|360|0|153|1|0|
13|329|330|0|153|1|0|
13|327|390|0|153|1|0|
13|333|360|0|153|1|0|
13|330|330|0|151|1|0|
13|335|360|0|151|1|0|
13|328|360|0|151|1|0|
13|336|330|0|151|1|0|
13|330|360|0|151|1|0|
13|338|360|0|151|1|0|
13|337|360|0|153|1|0|
13|360|330|0|151|1|0|
13|353|360|0|153|1|0|
13|350|330|0|151|1|0|
13|356|330|0|151|1|0|
13|349|330|0|151|1|0|
13|356|330|0|151|1|0|
13|929|900|0|151|1|0|
13|359|330|0|151|1|0|
13|949|900|0|151|1|0|
13|361|360|0|151|1|0|
13|358|330|0|151|1|0|
13|364|330|0|151|1|0|
13|351|330|0|151|1|0|
13|352|330|0|151|1|0|
13|348|300|0|151|1|0|
13|358|360|0|151|1|0|
13|354|330|0|151|1|0|
13|360|330|0|151|1|0|
13|352|330|0|151|1|0|
13|350|330|0|151|1|0|
13|306|330|0|144|1|0|
13|364|330|0|151|1|0|
13|366|360|0|151|1|0|
13|350|330|0|151|1|0|
13|350|330|0|151|1|0|
13|963|960|0|151|1|0|
13|350|330|0|151|1|0|
13|358|360|0|151|1|0|
13|353|330|0|151|1|0|
13|358|330|0|151|1|0|
13|358|360|0|151|1|0|
13|364|360|0|151|1|0|
13|352|360|0|151|1|0|
13|356|360|0|151|1|0|
13|343|330|0|151|1|0|
13|802|810|0|151|1|0|
13|349|360|0|151|1|0|
13|349|360|0|151|1|0|
13|352|360|0|151|1|0|
13|356|330|0|151|1|0|
13|358|360|0|151|1|0|
13|360|300|0|151|1|0|
13|358|330|0|151|1|0|
13|358|360|0|151|1|0|
13|349|360|0|151|1|0|
13|350|330|0|151|1|0|
13|354|360|0|151|1|0|
13|352|330|0|151|1|0|
13|355|330|0|151|1|0|
13|358|360|0|151|1|0|
13|359|360|0|151|1|0|
13|363|360|0|151|1|0|
13|361|330|0|151|1|0|
13|348|330|0|151|1|0|
13|1071|1050|0|151|1|0|
13|354|330|0|151|1|0|
13|358|360|0|151|1|0|
13|359|360|0|151|1|0|
13|892|870|0|151|1|0|
13|356|330|0|151|1|0|
13|348|360|0|151|1|0|
13|340|360|0|151|1|0|
13|340|360|0|151|1|0|
13|967|990|0|153|1|0|
13|338|330|0|151|1|0|
13|342|330|0|151|1|0|
13|341|330|0|151|1|0|
13|342|330|0|151|1|0|
13|344|330|0|151|1|0|
13|342|360|0|151|1|0|
13|340|360|0|151|1|0|
13|343|360|0|153|1|0|
13|344|360|0|151|1|0|
13|342|390|0|151|1|0|
13|342|360|0|151|1|0|
13|344|390|0|153|1|0|
13|333|390|0|153|1|0|
13|347|360|0|153|1|0|
13|343|330|0|153|1|0|
13|341|330|0|153|1|0|
13|357|360|0|153|1|0|
13|751|720|0|153|1|0|
13|356|360|0|151|1|0|
13|359|330|0|151|1|0|
13|353|330|0|151|1|0|
13|359|330|0|151|1|0|
13|356|360|0|151|1|0|
13|356|360|0|151|1|0|
13|356|360|0|151|1|0|
13|358|360|0|151|1|0|
13|357|330|0|151|1|0|
13|367|360|0|151|1|0|
13|356|360|0|151|1|0|
13|350|360|0|151|1|0|
13|912|900|0|151|1|0|
13|351|300|0|151|1|0|
13|354|330|0|151|1|0|
13|346|360|0|151|1|0|
13|352|360|0|151|1|0|
13|356|360|0|151|1|0|
13|355|360|0|151|1|0|
13|361|360|0|151|1|0|
13|700|660|0|151|1|0|
13|356|330|0|151|1|0|
13|358|360|0|151|1|0|
13|356|360|0|151|1|0|
13|352|360|0|151|1|0|
13|996|990|0|151|1|0|
13|352|360|0|151|1|0|
13|349|330|0|151|1|0|
13|354|330|0|151|1|0|
13|354|330|0|151|1|0|
13|352|360|0|151|1|0|
13|350|360|0|151|1|0|
13|350|330|0|151|1|0|
13|358|360|0|151|1|0|
13|350|330|0|151|1|0|
13|356|360|0|151|1|0|
13|354|330|0|151|1|0|
13|356|330|0|151|1|0|
13|358|360|0|151|1|0|
13|351|330|0|151|1|0|
13|349|300|0|153|1|0|
13|350|330|0|153|1|0|
13|351|330|0|153|1|0|
13|357|360|0|153|1|0|
13|365|360|0|153|1|0|
13|349|330|0|153|1|0|
13|352|330|0|151|1|0|
13|349|330|0|153|1|0|
13|351|390|0|153|1|0|
13|349|360|0|151|1|0|
13|345|330|0|151|1|0|
13|349|330|0|151|1|0|
13|342|360|0|151|1|0|
13|346|330|0|151|1|0|
13|338|330|0|151|1|0|
13|334|360|0|151|1|0|
13|332|390|0|151|1|0|
13|336|330|0|151|1|0|
13|332|330|0|151|1|0|
13|336|330|0|151|1|0|
13|330|330|0|151|1|0|
13|338|390|0|151|1|0|
13|332|330|0|151|1|0|
13|338|390|0|151|1|0|
13|330|360|0|151|1|0|
13|334|390|0|151|1|0|
13|330|390|0|151|1|0|
13|336|330|0|151|1|0|
13|986|1080|0|151|1|0|
13|330|360|0|151|1|0|
13|334|390|0|151|1|0|
13|330|360|0|151|1|0|
13|350|330|0|151|1|0|
13|355|330|0|151|1|0|
13|356|360|0|151|1|0|
13|358|360|0|151|1|0|
13|359|330|0|151|1|0|
13|350|360|0|151|1|0|
13|356|360|0|151|1|0|
13|346|360|0|151|1|0|
13|1011|960|0|151|1|0|
13|346|360|0|151|1|0|
13|954|960|0|151|1|0|
13|884|840|0|151|1|0|
13|354|360|0|151|1|0|
13|353|330|0|151|1|0|
13|418|450|0|151|1|0|
13|352|330|0|151|1|0|
13|349|390|0|151|1|0|
13|352|330|0|151|1|0|
13|348|390|0|153|1|0|
13|348|330|0|151|1|0|
13|348|390|0|151|1|0|
13|350|330|0|153|1|0|
13|345|330|0|153|1|0|
13|347|330|0|153|1|0|
13|339|360|0|153|1|0|
13|347|360|0|153|1|0|
13|346|330|0|153|1|0|
13|345|330|0|153|1|0|
13|357|390|0|153|1|0|
13|347|390|0|153|1|0|
13|350|330|0|153|1|0|
13|348|330|0|153|1|0|
13|347|330|0|153|1|0|
13|352|360|0|153|1|0|
13|537|540|0|153|1|0|
13|304|300|0|145|1|0|
13|337|360|0|153|1|0|
13|331|390|0|153|1|0|
13|335|390|0|153|1|0|
13|338|390|0|153|1|0|
13|335|330|0|153|1|0|
13|333|330|0|153|1|0|
13|329|330|0|153|1|0|
13|633|690|0|153|1|0|
13|327|330|0|153|1|0|
13|333|330|0|153|1|0|
13|329|360|0|153|1|0|
13|337|390|0|151|1|0|
13|332|360|0|153|1|0|
13|337|330|0|153|1|0|
13|337|360|0|153|1|0|
13|333|330|0|153|1|0|
13|331|330|0|151|1|0|
13|327|330|0|153|1|0|
13|339|390|0|153|1|0|
13|349|330|0|153|1|0|
13|356|360|0|151|1|0|
13|348|330|0|151|1|0|
13|349|360|0|153|1|0|
13|349|330|0|153|1|0|
13|355|330|0|153|1|0|
13|349|330|0|153|1|0|
13|357|360|0|153|1|0|
13|351|330|0|153|1|0|
13|357|360|0|153|1|0|
13|357|360|0|153|1|0|
13|359|360|0|153|1|0|
13|349|300|0|153|1|0|
13|357|360|0|153|1|0|
13|348|330|0|151|1|0|
13|358|360|0|151|1|0|
13|349|330|0|153|1|0|
13|355|360|0|153|1|0|
13|342|330|0|151|1|0|
13|352|330|0|151|1|0|
13|358|360|0|151|1|0|
13|358|330|0|151|1|0|
13|345|330|0|151|1|0|
13|356|330|0|151|1|0|
13|346|360|0|151|1|0|
13|351|330|0|151|1|0|
13|358|330|0|151|1|0|
13|354|330|0|151|1|0|
13|345|330|0|153|1|0|
13|348|330|0|151|1|0|
13|348|360|0|153|1|0|
13|359|360|0|151|1|0|
13|352|330|0|153|1|0|
13|352|360|0|151|1|0|
13|358|360|0|151|1|0|
13|354|360|0|151|1|0|
13|358|360|0|151|1|0|
13|354|360|0|151|1|0|
13|353|330|0|153|1|0|
13|350|330|0|151|1|0|
13|356|330|0|151|1|0|
13|349|330|0|151|1|0|
13|350|390|0|153|1|0|
13|350|330|0|151|1|0|
13|358|330|0|151|1|0|
13|358|330|0|151|1|0|
13|352|360|0|151|1|0|
13|356|330|0|151|1|0|
13|358|360|0|151|1|0|
13|350|360|0|151|1|0|
13|353|330|0|151|1|0|
13|350|330|0|151|1|0|
13|357|360|0|151|1|0|
13|348|300|0|151|1|0|
13|356|330|0|151|1|0|
13|348|360|0|151|1|0|
13|357|360|0|151|1|0|
13|349|360|0|151|1|0|
13|356|360|0|151|1|0|
13|354|360|0|151|1|0|
13|358|330|0|151|1|0|
13|358|360|0|151|1|0|
13|354|360|0|151|1|0|
13|352|330|0|151|1|0|
13|357|360|0|151|1|0|
13|355|330|0|151|1|0|
13|354|330|0|151|1|0|
13|353|330|0|153|1|0|
13|353|330|0|153|1|0|
13|355|360|0|153|1|0|
13|356|330|0|151|1|0|
13|358|360|0|151|1|0|
13|355|360|0|151|1|0|
13|352|360|0|151|1|0|
13|356|360|0|151|1|0|
13|858|810|0|151|1|0|
13|348|360|0|151|1|0|
13|355|360|0|153|1|0|
13|1036|990|0|151|1|0|
13|584|600|0|151|1|0|
13|358|330|0|151|1|0|
13|348|360|0|151|1|0|
13|358|330|0|151|1|0|
13|355|330|0|151|1|0|
13|360|330|0|151|1|0|
13|348|360|0|151|1|0|
13|384|360|0|151|1|0|
13|358|360|0|151|1|0|
13|356|360|0|151|1|0|
13|349|390|0|153|1|0|
13|352|360|0|153|1|0|
13|732|720|0|153|1|0|
13|350|330|0|153|1|0|
13|344|330|0|153|1|0|
13|344|360|0|153|1|0|
13|348|390|0|153|1|0|
13|344|360|0|153|1|0|
13|348|390|0|153|1|0|
13|348|390|0|153|1|0|
13|334|360|0|153|1|0|
13|335|390|0|153|1|0|
13|337|330|0|153|1|0|
13|335|360|0|153|1|0|
13|331|390|0|153|1|0|
13|337|330|0|153|1|0|
13|330|330|0|153|1|0|
13|328|330|0|153|1|0|
13|334|390|0|151|1|0|
13|328|360|0|151|1|0|
13|696|750|0|151|1|0|
13|328|360|0|151|1|0|
13|336|360|0|151|1|0|
13|338|360|0|151|1|0|
13|336|390|0|151|1|0|
13|324|360|0|150|1|0|
13|321|360|0|149|1|0|
13|324|390|0|150|1|0|
13|322|360|0|149|1|0|
13|316|360|0|147|1|0|
13|319|360|0|148|1|0|
13|316|360|0|147|1|0|
13|318|360|0|148|1|0|
13|316|390|0|147|1|0|
13|316|360|0|147|1|0|
13|315|360|0|147|1|0|
13|320|360|0|149|1|0|
13|322|390|0|149|1|0|
13|323|360|0|149|1|0|
13|321|360|0|149|1|0|
13|319|360|0|148|1|0|
13|322|360|0|149|1|0|
13|320|360|0|149|1|0|
13|322|390|0|149|1|0|
13|320|360|0|149|1|0|
13|315|390|0|147|1|0|
13|322|360|0|149|1|0|
13|322|360|0|149|1|0|
13|318|360|0|148|1|0|
13|326|390|0|151|1|0|
13|317|360|0|148|1|0|
13|315|360|0|147|1|0|
13|280|330|0|135|1|0|
13|317|360|0|148|1|0|
13|314|360|0|147|1|0|
13|318|360|0|148|1|0|
13|292|330|0|139|1|0|
13|317|330|0|148|1|0|
13|322|360|0|149|1|0|
13|316|360|0|147|1|0|
13|319|330|0|148|1|0|
13|324|390|0|150|1|0|
13|316|390|0|147|1|0|
13|318|390|0|148|1|0|
13|322|360|0|149|1|0|
13|317|360|0|148|1|0|
13|314|330|0|147|1|0|
13|314|360|0|147|1|0|
13|316|360|0|147|1|0|
13|316|360|0|147|1|0|
13|314|360|0|147|1|0|
13|322|360|0|149|1|0|
13|314|360|0|147|1|0|
13|314|360|0|147|1|0|
13|327|390|0|151|1|0|
13|318|360|0|148|1|0|
13|324|390|0|150|1|0|
13|321|360|0|149|1|0|
13|322|390|0|149|1|0|
13|318|360|0|148|1|0|
13|320|390|0|149|1|0|
13|327|360|0|151|1|0|
13|322|360|0|149|1|0|
13|1092|1050|0|151|1|0|
13|352|330|0|151|1|0|
13|354|360|0|151|1|0|
13|355|330|0|151|1|0|
13|350|300|0|151|1|0|
13|1025|990|0|151|1|0|
13|358|360|0|151|1|0|
13|352|330|0|151|1|0|
13|343|330|0|151|1|0|
13|359|360|0|151|1|0|
13|356|360|0|151|1|0|
13|334|360|0|151|1|0|
13|354|330|0|151|1|0|
13|358|330|0|151|1|0|
13|352|330|0|151|1|0|
13|358|360|0|151|1|0|
13|930|900|0|151|1|0|
13|358|330|0|151|1|0|
13|356|330|0|151|1|0|
13|358|360|0|151|1|0|
13|348|360|0|151|1|0|
13|360|330|0|151|1|0|
13|350|330|0|151|1|0|
13|351|330|0|151|1|0|
13|350|360|0|151|1|0|
13|346|360|0|151|1|0|
13|346|330|0|151|1|0|
13|352|360|0|151|1|0|
13|1038|990|0|151|1|0|
13|356|330|0|151|1|0|
13|350|330|0|151|1|0|
13|352|330|0|151|1|0|
13|357|360|0|151|1|0|
13|950|930|0|151|1|0|
13|1063|1050|0|151|1|0|
13|358|330|0|151|1|0|
13|350|330|0|151|1|0|
13|342|330|0|151|1|0|
13|1162|1110|0|151|1|0|
13|352|330|0|151|1|0|
13|358|360|0|151|1|0|
13|356|330|0|151|1|0|
13|356|360|0|151|1|0|
13|352|360|0|151|1|0|
13|360|330|0|151|1|0|
13|357|360|0|151|1|0|
13|358|360|0|151|1|0|
13|358|330|0|151|1|0|
13|358|360|0|151|1|0|
13|348|330|0|151|1|0|
13|360|360|0|151|1|0|
13|363|330|0|151|1|0|
13|358|330|0|151|1|0|
13|361|360|0|151|1|0|
13|342|330|0|151|1|0|
13|350|360|0|151|1|0|
13|1046|1050|0|151|1|0|
13|352|330|0|151|1|0|
13|358|360|0|151|1|0|
13|354|330|0|151|1|0|
13|358|360|0|151|1|0|
13|354|360|0|151|1|0|
13|352|330|0|151|1|0|
13|351|360|0|151|1|0|
13|356|330|0|151|1|0|
13|352|330|0|151|1|0|
13|350|360|0|151|1|0|
13|352|360|0|151|1|0|
13|352|360|0|151|1|0|
13|354|360|0|151|1|0|
13|350|330|0|151|1|0|
13|356|360|0|151|1|0|
13|352|360|0|151|1|0|
13|358|360|0|151|1|0|
13|352|330|0|151|1|0|
13|360|360|0|151|1|0|
13|349|360|0|151|1|0|
13|358|360|0|151|1|0|
13|350|360|0|151|1|0|
13|354|360|0|151|1|0|
13|356|330|0|151|1|0|
13|352|330|0|151|1|0|
13|309|300|0|145|1|0|
13|352|330|0|153|1|0|
13|350|330|0|151|1|0|
13|356|330|0|151|1|0|
13|350|330|0|151|1|0|
13|350|330|0|151|1|0|
13|356|360|0|151|1|0|
13|350|330|0|151|1|0|
13|354|360|0|151|1|0|
13|348|360|0|151|1|0|
13|360|330|0|151|1|0|
13|359|360|0|151|1|0|
13|300|300|0|142|1|0|
13|315|300|0|147|1|0|
13|320|300|0|149|1|0|
13|361|360|0|151|1|0|
13|310|330|0|145|1|0|
13|322|390|0|149|1|0|
13|321|390|0|151|1|0|
13|323|360|0|152|1|0|
13|313|300|0|149|1|0|
13|350|330|0|151|1|0|
13|344|330|0|151|1|0|
13|414|450|0|151|1|0|
13|353|330|0|151|1|0|
13|344|360|0|151|1|0|
13|348|330|0|151|1|0|
13|350|330|0|151|1|0|
13|352|330|0|151|1|0|
13|343|330|0|151|1|0|
13|342|330|0|151|1|0|
13|300|300|0|142|1|0|
13|326|330|0|151|1|0|
13|328|360|0|151|1|0|
13|324|330|0|150|1|0|
13|328|360|0|151|1|0|
13|325|330|0|153|1|0|
13|331|360|0|153|1|0|
13|327|360|0|153|1|0|
13|323|360|0|152|1|0|
13|323|390|0|152|1|0|
13|325|360|0|153|1|0|
13|323|390|0|152|1|0|
13|323|330|0|152|1|0|
13|323|330|0|152|1|0|
13|323|330|0|152|1|0|
13|327|390|0|153|1|0|
13|337|390|0|153|1|0|
13|339|330|0|153|1|0|
13|345|390|0|153|1|0|
13|344|330|0|153|1|0|
13|341|360|0|153|1|0|
13|337|330|0|153|1|0|
13|336|360|0|153|1|0|
13|333|330|0|153|1|0|
13|291|300|0|141|1|0|
13|343|390|0|153|1|0|
13|343|360|0|153|1|0|
13|346|360|0|153|1|0|
13|336|330|0|153|1|0|
13|345|360|0|153|1|0|
13|341|360|0|153|1|0|
13|411|420|0|153|1|0|
13|343|360|0|153|1|0|
13|330|330|0|151|1|0|
13|327|360|0|153|1|0|
13|337|330|0|153|1|0|
13|336|330|0|153|1|0|
13|935|990|0|153|1|0|
13|337|360|0|151|1|0|
13|334|390|0|153|1|0|
13|336|390|0|151|1|0|
13|335|330|0|151|1|0|
