INSTRUCTIONS_RETIRED|CYCLES|UNKNOWN|LD_BLOCKS.STORE_FORWARD|UOPS_EXECUTED.CORE|BR_MISP_RETIRED.ALL_BRANCHES|UOPS_ISSUED.SINGLE_MUL|
13|301|330|0|121|1|0|
13|357|330|0|121|1|0|
13|351|330|0|121|1|0|
13|355|330|0|121|1|0|
13|353|330|0|121|1|0|
13|347|330|0|121|1|0|
13|1090|1050|0|121|1|0|
13|355|360|0|121|1|0|
13|351|330|0|121|1|0|
13|360|360|0|121|1|0|
13|323|300|0|121|1|0|
13|355|360|0|121|1|0|
13|359|360|0|121|1|0|
13|355|330|0|121|1|0|
13|681|660|0|121|1|0|
13|347|330|0|121|1|0|
13|357|360|0|121|1|0|
13|358|330|0|119|1|0|
13|1076|1050|0|119|1|0|
13|295|270|0|121|1|0|
13|340|330|0|119|1|0|
13|342|330|0|119|1|0|
13|342|330|0|119|1|0|
13|1170|1200|0|119|1|0|
13|342|360|0|119|1|0|
13|350|360|0|119|1|0|
13|344|360|0|119|1|0|
13|350|390|0|119|1|0|
13|346|360|0|119|1|0|
13|349|330|0|119|1|0|
13|344|330|0|119|1|0|
13|322|300|0|119|1|0|
13|304|330|0|119|1|0|
13|991|1020|0|119|1|0|
13|352|360|0|119|1|0|
13|357|330|0|119|1|0|
13|356|330|0|119|1|0|
13|360|360|0|119|1|0|
13|348|330|0|119|1|0|
13|352|330|0|119|1|0|
13|358|330|0|119|1|0|
13|348|360|0|119|1|0|
13|312|330|0|119|1|0|
13|344|330|0|119|1|0|
13|338|330|0|119|1|0|
13|340|330|0|119|1|0|
13|339|360|0|119|1|0|
13|326|300|0|119|1|0|
13|343|330|0|119|1|0|
13|509|480|0|121|1|0|
13|357|330|0|121|1|0|
13|348|330|0|121|1|0|
13|350|330|0|121|1|0|
13|306|300|0|121|1|0|
13|348|330|0|121|1|0|
13|347|330|0|121|1|0|
13|344|360|0|121|1|0|
13|394|390|0|121|1|0|
13|344|360|0|121|1|0|
13|351|360|0|121|1|0|
13|341|330|0|121|1|0|
13|349|330|0|121|1|0|
13|347|330|0|121|1|0|
13|349|360|0|121|1|0|
13|344|360|0|121|1|0|
13|301|300|0|119|1|0|
13|345|390|0|121|1|0|
13|339|330|0|121|1|0|
13|348|360|0|121|1|0|
13|341|330|0|121|1|0|
13|347|360|0|121|1|0|
13|351|330|0|121|1|0|
13|343|330|0|121|1|0|
13|345|360|0|121|1|0|
13|345|330|0|121|1|0|
13|343|390|0|121|1|0|
13|350|330|0|121|1|0|
13|344|330|0|119|1|0|
13|349|330|0|121|1|0|
13|343|330|0|121|1|0|
13|351|390|0|121|1|0|
13|955|960|0|121|1|0|
13|355|360|0|121|1|0|
13|351|330|0|121|1|0|
13|339|330|0|121|1|0|
13|349|330|0|121|1|0|
13|343|390|0|121|1|0|
13|417|420|0|121|1|0|
13|341|360|0|121|1|0|
13|349|390|0|121|1|0|
13|349|360|0|121|1|0|
13|337|300|0|121|1|0|
13|355|330|0|121|1|0|
13|357|330|0|121|1|0|
13|345|360|0|121|1|0|
13|335|360|0|121|1|0|
13|342|360|0|121|1|0|
13|333|330|0|121|1|0|
13|968|990|0|121|1|0|
13|337|390|0|121|1|0|
13|333|360|0|121|1|0|
13|337|330|0|121|1|0|
13|337|360|0|121|1|0|
13|343|360|0|121|1|0|
13|343|360|0|121|1|0|
13|339|390|0|121|1|0|
13|341|330|0|121|1|0|
13|339|330|0|121|1|0|
13|337|360|0|121|1|0|
13|309|390|0|121|1|0|
13|311|360|0|121|1|0|
13|301|390|0|121|1|0|
13|307|390|0|121|1|0|
13|304|390|0|121|1|0|
13|301|360|0|121|1|0|
13|305|390|0|121|1|0|
13|310|390|0|121|1|0|
13|303|390|0|121|1|0|
13|310|390|0|121|1|0|
13|301|390|0|121|1|0|
13|311|390|0|121|1|0|
13|309|390|0|121|1|0|
13|309|390|0|121|1|0|
13|310|360|0|121|1|0|
13|333|360|0|121|1|0|
13|337|360|0|121|1|0|
13|334|390|0|121|1|0|
13|342|390|0|121|1|0|
13|329|360|0|121|1|0|
13|337|330|0|121|1|0|
13|337|360|0|121|1|0|
13|329|330|0|121|1|0|
13|337|360|0|121|1|0|
13|337|360|0|121|1|0|
13|819|870|0|121|1|0|
13|654|690|0|121|1|0|
13|331|330|0|121|1|0|
13|335|330|0|121|1|0|
13|331|390|0|121|1|0|
13|337|390|0|121|1|0|
13|335|360|0|121|1|0|
13|335|330|0|121|1|0|
13|331|390|0|121|1|0|
13|327|360|0|121|1|0|
13|330|360|0|121|1|0|
13|331|390|0|121|1|0|
13|334|360|0|121|1|0|
13|327|330|0|121|1|0|
13|329|360|0|121|1|0|
13|329|390|0|121|1|0|
13|331|360|0|121|1|0|
13|327|360|0|121|1|0|
13|340|330|0|121|1|0|
13|337|390|0|121|1|0|
13|339|330|0|121|1|0|
13|335|330|0|121|1|0|
13|339|390|0|121|1|0|
13|337|330|0|121|1|0|
13|327|360|0|121|1|0|
13|939|1020|0|121|1|0|
13|327|330|0|121|1|0|
13|329|360|0|121|1|0|
13|337|330|0|121|1|0|
13|333|330|0|121|1|0|
13|335|390|0|121|1|0|
13|695|750|0|121|1|0|
13|334|360|0|121|1|0|
13|340|330|0|121|1|0|
13|329|360|0|121|1|0|
13|335|390|0|121|1|0|
13|331|390|0|121|1|0|
13|342|390|0|121|1|0|
13|329|330|0|121|1|0|
13|329|390|0|121|1|0|
13|325|360|0|121|1|0|
13|323|390|0|121|1|0|
13|322|360|0|121|1|0|
13|675|750|0|121|1|0|
13|320|360|0|121|1|0|
13|329|390|0|121|1|0|
13|320|360|0|121|1|0|
13|329|390|0|121|1|0|
13|325|360|0|121|1|0|
13|321|360|0|121|1|0|
13|321|390|0|121|1|0|
13|321|360|0|121|1|0|
13|322|360|0|121|1|0|
13|325|390|0|121|1|0|
13|327|360|0|121|1|0|
13|311|390|0|121|1|0|
13|313|390|0|121|1|0|
13|311|390|0|121|1|0|
13|311|390|0|121|1|0|
13|312|360|0|121|1|0|
13|317|420|0|121|1|0|
13|315|390|0|121|1|0|
13|318|360|0|121|1|0|
13|311|360|0|121|1|0|
13|311|360|0|121|1|0|
13|311|390|0|121|1|0|
13|311|390|0|121|1|0|
13|311|360|0|121|1|0|
13|309|360|0|121|1|0|
13|311|390|0|121|1|0|
13|312|390|0|121|1|0|
13|311|360|0|121|1|0|
13|317|390|0|121|1|0|
13|309|360|0|121|1|0|
13|318|420|0|121|1|0|
13|309|360|0|121|1|0|
13|319|420|0|121|1|0|
13|936|1140|0|121|1|0|
13|309|390|0|121|1|0|
13|311|390|0|121|1|0|
13|307|390|0|121|1|0|
13|315|360|0|121|1|0|
13|307|390|0|121|1|0|
13|315|360|0|121|1|0|
13|311|360|0|121|1|0|
13|311|330|0|121|1|0|
13|308|360|0|121|1|0|
13|307|360|0|121|1|0|
13|312|390|0|121|1|0|
13|281|330|0|121|1|0|
13|317|390|0|121|1|0|
13|310|360|0|121|1|0|
13|319|390|0|121|1|0|
13|309|390|0|121|1|0|
13|311|360|0|121|1|0|
13|309|390|0|121|1|0|
13|311|360|0|121|1|0|
13|309|390|0|121|1|0|
13|316|390|0|121|1|0|
13|857|1020|0|121|1|0|
13|315|390|0|121|1|0|
13|317|390|0|121|1|0|
13|315|360|0|121|1|0|
13|307|360|0|121|1|0|
13|309|390|0|121|1|0|
13|879|1050|0|121|1|0|
13|313|360|0|121|1|0|
13|315|390|0|121|1|0|
13|320|390|0|121|1|0|
13|313|390|0|121|1|0|
13|1005|1170|0|121|1|0|
13|307|330|0|121|1|0|
13|307|360|0|121|1|0|
13|309|390|0|121|1|0|
13|308|390|0|121|1|0|
13|313|360|0|121|1|0|
13|323|360|0|121|1|0|
13|329|360|0|121|1|0|
13|329|360|0|121|1|0|
13|329|360|0|121|1|0|
13|327|330|0|121|1|0|
13|325|390|0|121|1|0|
13|303|360|0|121|1|0|
13|324|360|0|121|1|0|
13|323|360|0|121|1|0|
13|323|360|0|121|1|0|
13|321|360|0|121|1|0|
13|325|390|0|121|1|0|
13|324|360|0|121|1|0|
13|323|330|0|121|1|0|
13|322|360|0|121|1|0|
13|327|360|0|121|1|0|
13|333|360|0|121|1|0|
13|324|360|0|121|1|0|
13|329|360|0|121|1|0|
13|321|360|0|121|1|0|
13|1001|1110|0|121|1|0|
13|332|360|0|121|1|0|
13|328|360|0|121|1|0|
13|289|300|0|121|1|0|
13|324|360|0|121|1|0|
13|351|390|0|121|1|0|
13|348|330|0|121|1|0|
13|351|330|0|121|1|0|
13|342|330|0|121|1|0|
13|349|360|0|121|1|0|
13|343|360|0|121|1|0|
13|347|360|0|121|1|0|
13|345|330|0|121|1|0|
13|860|840|0|121|1|0|
13|681|660|0|121|1|0|
13|345|330|0|121|1|0|
13|353|390|0|121|1|0|
13|349|330|0|121|1|0|
13|349|360|0|121|1|0|
13|349|330|0|121|1|0|
13|345|330|0|121|1|0|
13|349|330|0|121|1|0|
13|351|360|0|121|1|0|
13|353|330|0|121|1|0|
13|351|360|0|121|1|0|
13|355|330|0|121|1|0|
13|349|330|0|121|1|0|
13|347|330|0|121|1|0|
13|347|330|0|121|1|0|
13|360|360|0|121|1|0|
13|348|330|0|121|1|0|
13|351|330|0|121|1|0|
13|343|330|0|121|1|0|
13|351|330|0|121|1|0|
13|349|360|0|121|1|0|
13|343|330|0|121|1|0|
13|346|360|0|121|1|0|
13|343|360|0|121|1|0|
13|345|330|0|121|1|0|
13|340|330|0|121|1|0|
13|349|330|0|121|1|0|
13|349|330|0|121|1|0|
13|343|330|0|121|1|0|
13|349|390|0|121|1|0|
13|349|360|0|121|1|0|
13|347|390|0|121|1|0|
13|351|360|0|121|1|0|
13|349|330|0|121|1|0|
13|350|330|0|121|1|0|
13|351|330|0|121|1|0|
13|347|330|0|121|1|0|
13|351|330|0|121|1|0|
13|357|360|0|121|1|0|
13|349|330|0|121|1|0|
13|359|330|0|121|1|0|
13|349|360|0|121|1|0|
13|352|330|0|121|1|0|
13|351|330|0|121|1|0|
13|351|360|0|121|1|0|
13|354|360|0|121|1|0|
13|347|330|0|121|1|0|
13|353|360|0|121|1|0|
13|348|300|0|121|1|0|
13|349|330|0|121|1|0|
13|347|330|0|121|1|0|
13|350|330|0|121|1|0|
13|351|330|0|121|1|0|
13|355|330|0|121|1|0|
13|347|330|0|121|1|0|
13|1153|1110|0|121|1|0|
13|975|930|0|121|1|0|
13|350|330|0|121|1|0|
13|352|330|0|121|1|0|
13|355|360|0|121|1|0|
13|357|360|0|121|1|0|
13|355|360|0|121|1|0|
13|354|330|0|121|1|0|
13|355|360|0|121|1|0|
13|353|330|0|121|1|0|
13|350|330|0|121|1|0|
13|356|360|0|121|1|0|
13|341|330|0|121|1|0|
13|347|390|0|121|1|0|
13|351|390|0|121|1|0|
13|310|300|0|121|1|0|
13|352|390|0|119|1|0|
13|348|390|0|119|1|0|
13|302|300|0|119|1|0|
13|305|330|0|121|1|0|
13|306|330|0|121|1|0|
13|347|330|0|121|1|0|
13|347|330|0|121|1|0|
13|342|330|0|121|1|0|
13|349|330|0|121|1|0|
13|297|270|0|121|1|0|
13|300|330|0|121|1|0|
13|341|330|0|121|1|0|
13|305|270|0|121|1|0|
13|315|390|0|121|1|0|
13|339|330|0|121|1|0|
13|318|390|0|121|1|0|
13|269|330|0|121|1|0|
13|831|990|0|121|1|0|
13|319|390|0|121|1|0|
13|311|390|0|121|1|0|
13|316|390|0|121|1|0|
13|320|390|0|121|1|0|
13|277|360|0|121|1|0|
13|680|810|0|121|1|0|
13|353|330|0|121|1|0|
13|319|390|0|121|1|0|
13|287|330|0|119|1|0|
13|315|390|0|121|1|0|
13|329|390|0|121|1|0|
13|602|600|0|119|1|0|
13|342|360|0|119|1|0|
13|291|270|0|119|1|0|
13|328|330|0|119|1|0|
13|328|330|0|119|1|0|
13|331|330|0|121|1|0|
13|332|330|0|119|1|0|
13|338|330|0|119|1|0|
13|334|330|0|119|1|0|
13|328|330|0|119|1|0|
13|334|330|0|119|1|0|
13|339|360|0|121|1|0|
13|334|390|0|119|1|0|
13|333|360|0|121|1|0|
13|340|360|0|121|1|0|
13|332|330|0|121|1|0|
13|339|360|0|121|1|0|
13|341|360|0|121|1|0|
13|297|300|0|121|1|0|
13|341|360|0|121|1|0|
13|347|360|0|121|1|0|
13|345|330|0|121|1|0|
13|339|330|0|121|1|0|
13|343|330|0|121|1|0|
13|349|330|0|121|1|0|
13|347|330|0|121|1|0|
13|339|360|0|121|1|0|
13|339|360|0|121|1|0|
13|337|330|0|121|1|0|
13|335|390|0|121|1|0|
13|337|360|0|121|1|0|
13|337|360|0|121|1|0|
13|335|360|0|121|1|0|
13|346|330|0|121|1|0|
13|344|360|0|121|1|0|
13|351|330|0|121|1|0|
13|349|330|0|121|1|0|
13|342|330|0|121|1|0|
13|347|360|0|121|1|0|
13|343|330|0|121|1|0|
13|347|330|0|121|1|0|
13|349|330|0|121|1|0|
13|347|330|0|121|1|0|
13|351|330|0|121|1|0|
13|345|360|0|121|1|0|
13|341|330|0|121|1|0|
13|348|330|0|119|1|0|
13|350|300|0|119|1|0|
13|339|330|0|121|1|0|
13|341|360|0|121|1|0|
13|339|330|0|121|1|0|
13|344|360|0|119|1|0|
13|351|360|0|121|1|0|
13|341|330|0|121|1|0|
13|345|330|0|121|1|0|
13|341|330|0|121|1|0|
13|343|330|0|121|1|0|
13|349|330|0|121|1|0|
13|340|330|0|121|1|0|
13|351|330|0|121|1|0|
13|345|360|0|121|1|0|
13|351|390|0|121|1|0|
13|351|330|0|121|1|0|
13|347|390|0|121|1|0|
13|347|360|0|121|1|0|
13|349|360|0|121|1|0|
13|350|360|0|121|1|0|
13|343|330|0|121|1|0|
13|321|390|0|121|1|0|
13|315|390|0|121|1|0|
13|315|360|0|121|1|0|
13|323|390|0|121|1|0|
13|319|390|0|121|1|0|
13|323|360|0|121|1|0|
13|321|360|0|121|1|0|
13|317|390|0|121|1|0|
13|317|390|0|121|1|0|
13|316|360|0|121|1|0|
13|315|330|0|121|1|0|
13|317|360|0|121|1|0|
13|315|330|0|121|1|0|
13|737|840|0|121|1|0|
13|314|360|0|121|1|0|
13|307|390|0|121|1|0|
13|311|390|0|121|1|0|
13|317|390|0|121|1|0|
13|755|900|0|121|1|0|
13|309|330|0|121|1|0|
13|307|360|0|121|1|0|
13|310|360|0|121|1|0|
13|311|390|0|121|1|0|
13|315|360|0|121|1|0|
13|315|360|0|121|1|0|
13|312|360|0|121|1|0|
13|310|360|0|121|1|0|
13|315|390|0|121|1|0|
13|311|390|0|121|1|0|
13|309|390|0|121|1|0|
13|313|390|0|121|1|0|
13|317|390|0|121|1|0|
13|512|630|0|121|1|0|
13|311|390|0|121|1|0|
13|827|990|0|121|1|0|
13|311|360|0|121|1|0|
13|316|390|0|121|1|0|
13|317|390|0|121|1|0|
13|311|360|0|121|1|0|
13|317|390|0|121|1|0|
13|313|390|0|121|1|0|
13|311|390|0|121|1|0|
13|309|360|0|121|1|0|
13|317|360|0|121|1|0|
13|309|360|0|121|1|0|
13|309|360|0|121|1|0|
13|319|390|0|121|1|0|
13|308|360|0|121|1|0|
13|315|390|0|121|1|0|
13|316|360|0|121|1|0|
13|311|360|0|121|1|0|
13|313|390|0|121|1|0|
13|307|360|0|121|1|0|
13|316|390|0|121|1|0|
13|305|360|0|121|1|0|
13|318|360|0|121|1|0|
13|309|360|0|121|1|0|
13|311|360|0|121|1|0|
13|315|360|0|121|1|0|
13|304|390|0|121|1|0|
13|302|390|0|121|1|0|
13|309|390|0|121|1|0|
13|305|390|0|121|1|0|
13|303|390|0|121|1|0|
13|304|390|0|121|1|0|
13|299|360|0|121|1|0|
13|301|390|0|121|1|0|
13|302|360|0|121|1|0|
13|301|390|0|121|1|0|
13|299|390|0|121|1|0|
13|305|360|0|121|1|0|
13|309|420|0|121|1|0|
13|305|390|0|121|1|0|
13|309|360|0|121|1|0|
13|311|390|0|121|1|0|
13|317|390|0|121|1|0|
13|313|360|0|121|1|0|
13|314|390|0|121|1|0|
13|318|360|0|121|1|0|
13|311|360|0|121|1|0|
13|312|360|0|121|1|0|
13|505|600|0|121|1|0|
13|320|360|0|121|1|0|
13|309|360|0|121|1|0|
13|317|360|0|121|1|0|
13|315|390|0|121|1|0|
13|309|360|0|121|1|0|
13|315|390|0|121|1|0|
13|315|360|0|121|1|0|
13|335|330|0|121|1|0|
13|336|330|0|121|1|0|
13|331|390|0|121|1|0|
13|335|390|0|121|1|0|
13|892|930|0|121|1|0|
13|331|330|0|121|1|0|
13|333|360|0|121|1|0|
13|339|330|0|121|1|0|
13|330|330|0|121|1|0|
13|327|360|0|121|1|0|
13|339|390|0|121|1|0|
13|327|360|0|121|1|0|
13|331|360|0|121|1|0|
13|1055|1140|0|121|1|0|
13|333|390|0|121|1|0|
13|337|360|0|121|1|0|
13|317|360|0|121|1|0|
13|323|360|0|121|1|0|
13|319|360|0|121|1|0|
13|320|390|0|121|1|0|
13|323|360|0|121|1|0|
13|323|390|0|121|1|0|
13|325|360|0|121|1|0|
13|313|390|0|121|1|0|
13|323|390|0|121|1|0|
13|315|360|0|121|1|0|
13|321|390|0|121|1|0|
13|323|390|0|121|1|0|
13|349|330|0|121|1|0|
13|348|360|0|121|1|0|
13|356|360|0|121|1|0|
13|351|330|0|121|1|0|
13|349|330|0|121|1|0|
13|355|330|0|121|1|0|
13|353|330|0|121|1|0|
13|355|360|0|121|1|0|
13|355|360|0|121|1|0|
13|353|330|0|121|1|0|
13|356|390|0|119|1|0|
13|360|360|0|121|1|0|
13|361|360|0|121|1|0|
13|355|330|0|121|1|0|
13|351|330|0|121|1|0|
13|352|330|0|121|1|0|
13|347|330|0|121|1|0|
13|355|330|0|121|1|0|
13|347|360|0|121|1|0|
13|355|330|0|121|1|0|
13|997|990|0|121|1|0|
13|359|360|0|121|1|0|
13|349|330|0|121|1|0|
13|359|360|0|121|1|0|
13|351|360|0|121|1|0|
13|347|390|0|121|1|0|
13|347|330|0|121|1|0|
13|346|330|0|121|1|0|
13|343|360|0|121|1|0|
13|346|330|0|121|1|0|
13|341|360|0|121|1|0|
13|341|330|0|121|1|0|
13|339|330|0|121|1|0|
13|348|330|0|121|1|0|
13|344|390|0|121|1|0|
13|351|330|0|121|1|0|
13|344|360|0|121|1|0|
13|347|330|0|121|1|0|
13|350|330|0|121|1|0|
13|350|360|0|121|1|0|
13|349|360|0|121|1|0|
13|357|330|0|121|1|0|
13|351|330|0|121|1|0|
13|354|360|0|121|1|0|
13|355|360|0|121|1|0|
13|355|360|0|121|1|0|
13|353|330|0|121|1|0|
13|359|360|0|121|1|0|
13|357|360|0|121|1|0|
13|353|330|0|121|1|0|
13|357|330|0|121|1|0|
13|345|330|0|121|1|0|
13|345|390|0|121|1|0|
13|346|360|0|121|1|0|
13|775|810|0|121|1|0|
13|351|330|0|121|1|0|
13|342|360|0|121|1|0|
13|347|390|0|121|1|0|
13|351|330|0|121|1|0|
13|353|330|0|121|1|0|
13|347|360|0|121|1|0|
13|339|330|0|121|1|0|
13|350|390|0|121|1|0|
13|343|330|0|121|1|0|
13|349|360|0|121|1|0|
13|365|390|0|121|1|0|
13|346|330|0|121|1|0|
13|343|330|0|121|1|0|
13|349|330|0|121|1|0|
13|343|360|0|121|1|0|
13|347|360|0|121|1|0|
13|343|330|0|121|1|0|
13|343|360|0|121|1|0|
13|353|360|0|121|1|0|
13|347|360|0|121|1|0|
13|359|330|0|121|1|0|
13|353|360|0|121|1|0|
13|355|360|0|121|1|0|
13|351|330|0|121|1|0|
13|357|360|0|121|1|0|
13|355|330|0|121|1|0|
13|355|330|0|121|1|0|
13|358|360|0|121|1|0|
13|343|360|0|121|1|0|
13|351|360|0|121|1|0|
13|347|360|0|121|1|0|
13|349|330|0|121|1|0|
13|351|330|0|121|1|0|
13|339|330|0|121|1|0|
13|351|330|0|121|1|0|
13|351|360|0|121|1|0|
13|359|360|0|121|1|0|
13|351|360|0|121|1|0|
13|353|330|0|121|1|0|
13|353|330|0|121|1|0|
13|353|360|0|121|1|0|
13|787|780|0|121|1|0|
13|345|330|0|121|1|0|
13|307|300|0|121|1|0|
13|303|300|0|121|1|0|
13|295|330|0|121|1|0|
13|309|330|0|121|1|0|
13|315|360|0|121|1|0|
13|309|360|0|121|1|0|
13|320|390|0|119|1|0|
13|343|330|0|121|1|0|
13|345|360|0|121|1|0|
13|307|390|0|121|1|0|
13|341|330|0|121|1|0|
13|323|390|0|121|1|0|
13|325|390|0|121|1|0|
13|316|360|0|119|1|0|
13|319|360|0|121|1|0|
13|285|330|0|121|1|0|
13|317|360|0|121|1|0|
13|317|360|0|121|1|0|
13|315|360|0|121|1|0|
13|316|390|0|121|1|0|
13|317|360|0|121|1|0|
13|315|360|0|121|1|0|
13|319|390|0|121|1|0|
13|323|390|0|121|1|0|
13|313|330|0|121|1|0|
13|319|390|0|121|1|0|
13|310|390|0|121|1|0|
13|309|360|0|121|1|0|
13|317|390|0|121|1|0|
13|311|390|0|121|1|0|
13|273|330|0|121|1|0|
13|584|660|0|121|1|0|
13|312|390|0|121|1|0|
13|312|360|0|121|1|0|
13|309|330|0|121|1|0|
13|313|360|0|121|1|0|
13|308|360|0|121|1|0|
13|315|390|0|121|1|0|
13|311|360|0|121|1|0|
13|324|360|0|121|1|0|
13|331|330|0|121|1|0|
13|916|1020|0|119|1|0|
13|329|330|0|121|1|0|
13|329|360|0|121|1|0|
13|327|360|0|121|1|0|
13|327|330|0|121|1|0|
13|329|360|0|121|1|0|
13|712|810|0|121|1|0|
13|319|330|0|121|1|0|
13|327|330|0|121|1|0|
13|333|330|0|121|1|0|
13|337|360|0|121|1|0|
13|330|360|0|121|1|0|
13|1023|1110|0|121|1|0|
13|345|330|0|121|1|0|
13|346|330|0|121|1|0|
13|358|330|0|121|1|0|
13|355|330|0|121|1|0|
13|459|450|0|121|1|0|
13|532|510|0|119|1|0|
13|300|330|0|119|1|0|
13|395|390|0|121|1|0|
13|298|270|0|119|1|0|
13|343|360|0|121|1|0|
13|1157|1140|0|121|1|0|
13|344|330|0|119|1|0|
13|344|330|0|121|1|0|
13|343|360|0|121|1|0|
13|349|390|0|121|1|0|
13|345|330|0|121|1|0|
13|343|330|0|121|1|0|
13|343|360|0|121|1|0|
13|355|330|0|121|1|0|
13|353|330|0|121|1|0|
13|342|360|0|121|1|0|
13|360|330|0|119|1|0|
13|650|630|0|121|1|0|
13|349|330|0|121|1|0|
13|339|330|0|121|1|0|
13|349|360|0|119|1|0|
13|343|360|0|121|1|0|
13|353|330|0|119|1|0|
13|339|330|0|121|1|0|
13|339|300|0|121|1|0|
13|345|360|0|121|1|0|
13|342|360|0|119|1|0|
13|344|330|0|119|1|0|
13|349|330|0|121|1|0|
13|347|360|0|121|1|0|
13|349|330|0|121|1|0|
13|335|330|0|121|1|0|
13|343|360|0|121|1|0|
13|345|330|0|121|1|0|
13|350|330|0|121|1|0|
13|343|360|0|121|1|0|
13|349|360|0|121|1|0|
13|350|330|0|119|1|0|
13|359|330|0|121|1|0|
13|347|330|0|121|1|0|
13|346|390|0|121|1|0|
13|354|360|0|119|1|0|
13|343|330|0|121|1|0|
13|350|390|0|119|1|0|
13|345|330|0|121|1|0|
13|342|360|0|121|1|0|
13|351|360|0|119|1|0|
13|657|660|0|121|1|0|
13|351|330|0|119|1|0|
13|350|330|0|119|1|0|
13|343|330|0|121|1|0|
13|348|360|0|119|1|0|
13|351|330|0|121|1|0|
13|350|330|0|119|1|0|
13|355|360|0|121|1|0|
13|827|840|0|121|1|0|
13|355|330|0|121|1|0|
13|355|360|0|121|1|0|
13|357|360|0|121|1|0|
13|353|360|0|121|1|0|
13|304|300|0|121|1|0|
13|356|360|0|119|1|0|
13|349|330|0|121|1|0|
13|794|780|0|119|1|0|
13|358|360|0|119|1|0|
13|355|330|0|121|1|0|
13|349|360|0|121|1|0|
13|454|420|0|119|1|0|
13|356|360|0|119|1|0|
13|358|360|0|119|1|0|
13|353|360|0|119|1|0|
13|348|300|0|119|1|0|
13|348|360|0|119|1|0|
13|356|330|0|119|1|0|
13|358|360|0|119|1|0|
13|356|330|0|119|1|0|
13|695|690|0|121|1|0|
13|358|360|0|119|1|0|
13|352|360|0|119|1|0|
13|349|330|0|119|1|0|
13|355|360|0|121|1|0|
13|354|330|0|119|1|0|
13|357|330|0|121|1|0|
13|354|360|0|121|1|0|
13|358|330|0|119|1|0|
13|968|930|0|119|1|0|
13|354|330|0|119|1|0|
13|349|330|0|121|1|0|
13|352|330|0|119|1|0|
13|356|360|0|119|1|0|
13|358|360|0|119|1|0|
13|356|330|0|119|1|0|
13|356|360|0|119|1|0|
13|1098|1050|0|119|1|0|
13|352|330|0|119|1|0|
13|362|330|0|119|1|0|
13|350|330|0|119|1|0|
13|356|330|0|119|1|0|
13|349|330|0|119|1|0|
13|350|330|0|119|1|0|
13|354|330|0|119|1|0|
13|352|330|0|119|1|0|
13|358|330|0|119|1|0|
13|354|330|0|119|1|0|
13|358|360|0|119|1|0|
13|480|480|0|119|1|0|
13|542|510|0|119|1|0|
13|354|360|0|119|1|0|
13|349|330|0|121|1|0|
13|350|330|0|119|1|0|
13|350|330|0|119|1|0|
13|350|360|0|119|1|0|
13|351|330|0|119|1|0|
13|351|360|0|119|1|0|
13|306|300|0|119|1|0|
13|349|330|0|119|1|0|
13|351|330|0|119|1|0|
13|351|330|0|119|1|0|
13|348|300|0|119|1|0|
13|350|330|0|119|1|0|
13|352|360|0|119|1|0|
13|344|330|0|119|1|0|
13|352|390|0|119|1|0|
13|1068|1080|0|119|1|0|
13|342|360|0|119|1|0|
13|349|360|0|121|1|0|
13|346|360|0|119|1|0|
13|344|360|0|119|1|0|
13|344|330|0|119|1|0|
13|342|330|0|119|1|0|
13|350|330|0|119|1|0|
13|343|360|0|119|1|0|
13|356|330|0|119|1|0|
13|662|630|0|119|1|0|
13|360|360|0|119|1|0|
13|350|330|0|119|1|0|
13|356|360|0|119|1|0|
13|358|360|0|119|1|0|
13|356|330|0|119|1|0|
13|358|360|0|119|1|0|
13|359|330|0|119|1|0|
13|354|330|0|119|1|0|
13|344|360|0|119|1|0|
13|350|390|0|119|1|0|
13|349|360|0|119|1|0|
13|348|330|0|119|1|0|
13|347|330|0|119|1|0|
13|350|330|0|119|1|0|
13|352|360|0|119|1|0|
13|345|330|0|119|1|0|
13|350|360|0|119|1|0|
13|344|360|0|119|1|0|
13|356|360|0|119|1|0|
13|354|330|0|119|1|0|
13|354|330|0|119|1|0|
13|358|360|0|119|1|0|
13|348|330|0|119|1|0|
13|350|300|0|119|1|0|
13|350|330|0|119|1|0|
13|353|330|0|119|1|0|
13|348|330|0|119|1|0|
13|352|330|0|119|1|0|
13|344|330|0|119|1|0|
13|348|360|0|119|1|0|
13|349|390|0|121|1|0|
13|350|330|0|119|1|0|
13|359|360|0|119|1|0|
13|354|330|0|119|1|0|
13|353|360|0|119|1|0|
13|348|330|0|119|1|0|
13|358|330|0|119|1|0|
13|356|330|0|119|1|0|
13|364|360|0|119|1|0|
13|362|330|0|119|1|0|
13|363|330|0|121|1|0|
13|361|360|0|121|1|0|
13|364|390|0|119|1|0|
13|349|330|0|121|1|0|
13|356|360|0|119|1|0|
13|347|330|0|121|1|0|
13|353|360|0|121|1|0|
13|350|360|0|121|1|0|
13|349|330|0|121|1|0|
13|359|360|0|119|1|0|
13|354|360|0|119|1|0|
13|355|360|0|121|1|0|
13|358|360|0|119|1|0|
13|347|330|0|121|1|0|
13|359|360|0|121|1|0|
13|351|360|0|121|1|0|
13|999|960|0|121|1|0|
13|347|330|0|121|1|0|
13|349|360|0|121|1|0|
13|354|360|0|119|1|0|
13|361|360|0|119|1|0|
13|357|360|0|119|1|0|
13|359|360|0|119|1|0|
13|356|330|0|119|1|0|
13|354|330|0|119|1|0|
13|354|330|0|119|1|0|
13|358|360|0|119|1|0|
13|353|390|0|119|1|0|
13|351|330|0|121|1|0|
13|358|360|0|119|1|0|
13|350|330|0|119|1|0|
13|356|360|0|119|1|0|
13|351|360|0|119|1|0|
13|348|330|0|119|1|0|
13|354|330|0|119|1|0|
13|350|360|0|119|1|0|
13|351|360|0|119|1|0|
13|350|360|0|119|1|0|
13|348|330|0|119|1|0|
13|348|300|0|119|1|0|
13|992|990|0|119|1|0|
13|348|330|0|119|1|0|
13|350|360|0|119|1|0|
13|358|360|0|119|1|0|
13|898|870|0|119|1|0|
13|360|330|0|119|1|0|
13|358|360|0|119|1|0|
13|358|330|0|119|1|0|
13|354|330|0|119|1|0|
13|357|360|0|119|1|0|
13|353|360|0|119|1|0|
13|361|330|0|119|1|0|
13|348|330|0|119|1|0|
13|353|330|0|119|1|0|
13|356|360|0|119|1|0|
13|352|330|0|119|1|0|
13|358|360|0|119|1|0|
13|354|330|0|119|1|0|
13|348|360|0|119|1|0|
13|354|330|0|119|1|0|
13|710|720|0|119|1|0|
13|352|330|0|119|1|0|
13|356|360|0|119|1|0|
13|356|330|0|119|1|0|
13|350|330|0|119|1|0|
13|361|390|0|119|1|0|
13|354|360|0|119|1|0|
13|361|330|0|119|1|0|
13|352|360|0|119|1|0|
13|356|330|0|119|1|0|
13|349|360|0|119|1|0|
13|354|330|0|119|1|0|
13|349|360|0|119|1|0|
13|356|360|0|119|1|0|
13|360|360|0|119|1|0|
13|352|360|0|119|1|0|
13|352|330|0|119|1|0|
13|352|360|0|119|1|0|
13|360|330|0|119|1|0|
13|352|330|0|119|1|0|
13|351|330|0|119|1|0|
13|348|330|0|119|1|0|
13|354|330|0|119|1|0|
13|350|330|0|119|1|0|
13|342|360|0|119|1|0|
13|350|360|0|119|1|0|
13|316|330|0|119|1|0|
13|352|330|0|119|1|0|
13|1152|1140|0|119|1|0|
13|348|360|0|119|1|0|
13|357|360|0|121|1|0|
13|349|330|0|121|1|0|
13|354|360|0|121|1|0|
13|344|330|0|121|1|0|
13|343|330|0|121|1|0|
13|879|870|0|121|1|0|
13|353|330|0|121|1|0|
13|357|360|0|121|1|0|
13|349|360|0|121|1|0|
13|347|360|0|121|1|0|
