INSTRUCTIONS_RETIRED|CYCLES|UNKNOWN|LD_BLOCKS.STORE_FORWARD|UOPS_EXECUTED.CORE|BR_MISP_RETIRED.ALL_BRANCHES|UOPS_ISSUED.SINGLE_MUL|
13|263|420|0|132|1|0|
13|261|420|0|131|1|0|
13|267|450|0|133|1|0|
13|269|450|0|134|1|0|
13|266|420|0|133|1|0|
13|351|330|0|161|1|0|
13|349|330|0|161|1|0|
13|343|330|0|159|1|0|
13|349|330|0|161|1|0|
13|307|300|0|147|1|0|
13|508|480|0|190|1|0|
13|342|330|0|158|1|0|
13|351|330|0|161|1|0|
13|343|360|0|159|1|0|
13|347|330|0|160|1|0|
13|341|330|0|158|1|0|
13|349|330|0|161|1|0|
13|342|330|0|158|1|0|
13|347|330|0|160|1|0|
13|347|360|0|160|1|0|
13|914|900|0|194|1|0|
13|358|360|0|164|1|0|
13|344|330|0|157|1|0|
13|347|360|0|160|1|0|
13|343|360|0|159|1|0|
13|342|330|0|158|1|0|
13|344|360|0|159|1|0|
13|349|360|0|161|1|0|
13|351|330|0|161|1|0|
13|353|360|0|162|1|0|
13|351|330|0|161|1|0|
13|349|330|0|161|1|0|
13|351|330|0|161|1|0|
13|349|330|0|161|1|0|
13|350|330|0|159|1|0|
13|349|330|0|158|1|0|
13|348|360|0|158|1|0|
13|354|330|0|160|1|0|
13|356|360|0|161|1|0|
13|346|360|0|160|1|0|
13|351|330|0|161|1|0|
13|355|330|0|163|1|0|
13|343|360|0|159|1|0|
13|348|360|0|160|1|0|
13|347|360|0|160|1|0|
13|341|330|0|158|1|0|
13|310|300|0|148|1|0|
13|343|360|0|159|1|0|
13|351|330|0|161|1|0|
13|435|420|0|189|1|0|
13|296|270|0|143|1|0|
13|299|270|0|144|1|0|
13|431|450|0|188|1|0|
13|342|360|0|158|1|0|
13|355|330|0|163|1|0|
13|297|330|0|143|1|0|
13|343|330|0|159|1|0|
13|299|270|0|144|1|0|
13|328|360|0|154|1|0|
13|354|390|0|162|1|0|
13|301|270|0|145|1|0|
13|352|330|0|162|1|0|
13|350|330|0|161|1|0|
13|357|330|0|163|1|0|
13|354|390|0|162|1|0|
13|347|390|0|160|1|0|
13|305|330|0|146|1|0|
13|343|330|0|159|1|0|
13|343|360|0|159|1|0|
13|347|330|0|160|1|0|
13|341|330|0|158|1|0|
13|342|360|0|158|1|0|
13|341|360|0|158|1|0|
13|301|270|0|145|1|0|
13|350|360|0|161|1|0|
13|441|450|0|191|1|0|
13|351|330|0|161|1|0|
13|351|330|0|161|1|0|
13|336|330|0|156|1|0|
13|337|390|0|157|1|0|
13|303|330|0|145|1|0|
13|347|330|0|160|1|0|
13|352|330|0|162|1|0|
13|343|330|0|159|1|0|
13|349|330|0|161|1|0|
13|771|810|0|190|1|0|
13|335|360|0|156|1|0|
13|332|330|0|153|1|0|
13|334|330|0|153|1|0|
13|340|390|0|155|1|0|
13|334|330|0|153|1|0|
13|336|330|0|154|1|0|
13|334|390|0|153|1|0|
13|341|330|0|156|1|0|
13|350|330|0|159|1|0|
13|348|330|0|158|1|0|
13|351|390|0|161|1|0|
13|339|300|0|157|1|0|
13|347|330|0|160|1|0|
13|342|330|0|158|1|0|
13|898|900|0|188|1|0|
13|344|360|0|157|1|0|
13|348|330|0|158|1|0|
13|341|360|0|158|1|0|
13|649|600|0|190|1|0|
13|343|360|0|159|1|0|
13|342|330|0|158|1|0|
13|343|330|0|159|1|0|
13|344|360|0|159|1|0|
13|349|330|0|161|1|0|
13|303|300|0|145|1|0|
13|343|360|0|159|1|0|
13|349|390|0|161|1|0|
13|296|270|0|143|1|0|
13|343|330|0|159|1|0|
13|330|360|0|152|1|0|
13|343|330|0|159|1|0|
13|350|330|0|161|1|0|
13|347|360|0|160|1|0|
13|319|300|0|151|1|0|
13|340|330|0|155|1|0|
13|351|360|0|161|1|0|
13|355|390|0|162|1|0|
13|349|330|0|161|1|0|
13|343|360|0|159|1|0|
13|348|360|0|160|1|0|
13|349|360|0|161|1|0|
13|349|330|0|161|1|0|
13|343|360|0|159|1|0|
13|353|330|0|162|1|0|
13|347|360|0|160|1|0|
13|348|390|0|160|1|0|
13|347|330|0|160|1|0|
13|352|330|0|162|1|0|
13|348|330|0|160|1|0|
13|347|330|0|160|1|0|
13|349|330|0|161|1|0|
13|321|360|0|151|1|0|
13|329|330|0|154|1|0|
13|325|360|0|153|1|0|
13|327|360|0|153|1|0|
13|325|360|0|153|1|0|
13|327|360|0|153|1|0|
13|327|360|0|153|1|0|
13|333|390|0|153|1|0|
13|355|360|0|163|1|0|
13|346|360|0|157|1|0|
13|938|930|0|190|1|0|
13|347|390|0|160|1|0|
13|341|330|0|158|1|0|
13|347|360|0|160|1|0|
13|341|360|0|158|1|0|
13|343|360|0|159|1|0|
13|341|360|0|158|1|0|
13|345|330|0|159|1|0|
13|345|330|0|159|1|0|
13|694|720|0|190|1|0|
13|342|330|0|158|1|0|
13|346|330|0|159|1|0|
13|349|360|0|161|1|0|
13|346|330|0|160|1|0|
13|342|360|0|158|1|0|
13|343|330|0|159|1|0|
13|327|330|0|153|1|0|
13|333|330|0|155|1|0|
13|329|360|0|154|1|0|
13|327|330|0|153|1|0|
13|338|390|0|157|1|0|
13|335|330|0|156|1|0|
13|335|330|0|156|1|0|
13|328|390|0|154|1|0|
13|335|360|0|156|1|0|
13|334|330|0|156|1|0|
13|335|330|0|156|1|0|
13|597|630|0|190|1|0|
13|335|390|0|156|1|0|
13|330|360|0|154|1|0|
13|687|720|0|190|1|0|
13|335|390|0|156|1|0|
13|339|390|0|157|1|0|
13|336|360|0|156|1|0|
13|335|360|0|156|1|0|
13|337|360|0|157|1|0|
13|337|330|0|157|1|0|
13|336|360|0|156|1|0|
13|333|360|0|155|1|0|
13|330|390|0|154|1|0|
13|333|330|0|155|1|0|
13|331|390|0|155|1|0|
13|333|390|0|155|1|0|
13|336|330|0|156|1|0|
13|337|390|0|157|1|0|
13|331|330|0|155|1|0|
13|335|390|0|156|1|0|
13|331|390|0|155|1|0|
13|319|330|0|151|1|0|
13|330|330|0|154|1|0|
13|329|330|0|154|1|0|
13|335|390|0|156|1|0|
13|327|330|0|153|1|0|
13|330|390|0|154|1|0|
13|334|390|0|153|1|0|
13|330|360|0|154|1|0|
13|335|390|0|156|1|0|
13|335|390|0|156|1|0|
13|337|330|0|157|1|0|
13|333|330|0|155|1|0|
13|651|720|0|194|1|0|
13|335|390|0|156|1|0|
13|336|390|0|156|1|0|
13|337|360|0|157|1|0|
13|335|330|0|156|1|0|
13|331|360|0|155|1|0|
13|335|330|0|156|1|0|
13|728|780|0|190|1|0|
13|329|330|0|154|1|0|
13|330|390|0|154|1|0|
13|330|330|0|154|1|0|
13|335|330|0|156|1|0|
13|335|330|0|156|1|0|
13|339|390|0|157|1|0|
13|331|330|0|155|1|0|
13|327|390|0|153|1|0|
13|329|390|0|154|1|0|
13|335|330|0|156|1|0|
13|331|330|0|155|1|0|
13|339|390|0|157|1|0|
13|333|360|0|155|1|0|
13|329|390|0|154|1|0|
13|337|330|0|157|1|0|
13|331|360|0|155|1|0|
13|321|360|0|151|1|0|
13|331|390|0|155|1|0|
13|329|360|0|154|1|0|
13|330|390|0|154|1|0|
13|324|360|0|152|1|0|
13|332|360|0|155|1|0|
13|323|360|0|152|1|0|
13|329|360|0|154|1|0|
13|323|360|0|152|1|0|
13|331|390|0|155|1|0|
13|327|360|0|153|1|0|
13|321|360|0|151|1|0|
13|683|780|0|194|1|0|
13|321|360|0|151|1|0|
13|323|330|0|152|1|0|
13|329|360|0|154|1|0|
13|327|330|0|153|1|0|
13|335|390|0|156|1|0|
13|335|330|0|156|1|0|
13|335|390|0|156|1|0|
13|329|330|0|154|1|0|
13|337|360|0|157|1|0|
13|332|390|0|155|1|0|
13|335|390|0|156|1|0|
13|333|360|0|155|1|0|
13|290|300|0|141|1|0|
13|333|330|0|155|1|0|
13|334|390|0|156|1|0|
13|335|390|0|156|1|0|
13|337|390|0|157|1|0|
13|335|390|0|156|1|0|
13|339|390|0|157|1|0|
13|334|360|0|156|1|0|
13|287|300|0|140|1|0|
13|334|360|0|156|1|0|
13|331|360|0|155|1|0|
13|327|390|0|153|1|0|
13|349|420|0|161|1|0|
13|328|360|0|154|1|0|
13|323|330|0|152|1|0|
13|328|360|0|154|1|0|
13|331|330|0|155|1|0|
13|331|360|0|155|1|0|
13|331|360|0|155|1|0|
13|324|360|0|152|1|0|
13|414|450|0|182|1|0|
13|321|360|0|151|1|0|
13|321|360|0|151|1|0|
13|307|390|0|147|1|0|
13|309|390|0|147|1|0|
13|311|390|0|148|1|0|
13|313|360|0|149|1|0|
13|309|390|0|147|1|0|
13|811|990|0|194|1|0|
13|311|360|0|146|1|0|
13|311|360|0|148|1|0|
13|316|360|0|150|1|0|
13|692|810|0|194|1|0|
13|307|390|0|147|1|0|
13|319|360|0|151|1|0|
13|311|390|0|148|1|0|
13|315|390|0|149|1|0|
13|305|390|0|146|1|0|
13|301|390|0|145|1|0|
13|303|360|0|145|1|0|
13|309|360|0|147|1|0|
13|309|390|0|147|1|0|
13|305|390|0|146|1|0|
13|746|930|0|190|1|0|
13|309|420|0|147|1|0|
13|301|360|0|145|1|0|
13|309|390|0|147|1|0|
13|299|360|0|144|1|0|
13|312|390|0|148|1|0|
13|306|390|0|146|1|0|
13|309|390|0|147|1|0|
13|317|390|0|150|1|0|
13|310|360|0|147|1|0|
13|310|390|0|147|1|0|
13|309|390|0|147|1|0|
13|309|390|0|147|1|0|
13|317|360|0|150|1|0|
13|307|360|0|147|1|0|
13|307|360|0|147|1|0|
13|309|390|0|147|1|0|
13|311|390|0|148|1|0|
13|310|360|0|148|1|0|
13|317|390|0|150|1|0|
13|313|390|0|149|1|0|
13|314|390|0|149|1|0|
13|311|390|0|148|1|0|
13|315|360|0|149|1|0|
13|313|360|0|149|1|0|
13|305|360|0|146|1|0|
13|314|390|0|149|1|0|
13|829|960|0|194|1|0|
13|318|390|0|150|1|0|
13|839|990|0|194|1|0|
13|309|360|0|147|1|0|
13|317|390|0|150|1|0|
13|309|330|0|147|1|0|
13|307|360|0|147|1|0|
13|315|390|0|149|1|0|
13|308|390|0|147|1|0|
13|315|360|0|149|1|0|
13|310|360|0|148|1|0|
13|315|390|0|149|1|0|
13|308|360|0|147|1|0|
13|865|1020|0|190|1|0|
13|317|390|0|150|1|0|
13|601|720|0|190|1|0|
13|307|390|0|147|1|0|
13|318|360|0|150|1|0|
13|313|360|0|149|1|0|
13|316|360|0|150|1|0|
13|317|390|0|150|1|0|
13|312|360|0|148|1|0|
13|308|390|0|147|1|0|
13|309|390|0|147|1|0|
13|315|390|0|149|1|0|
13|308|390|0|147|1|0|
13|841|1020|0|194|1|0|
13|842|1020|0|194|1|0|
13|311|360|0|148|1|0|
13|315|390|0|149|1|0|
13|317|390|0|150|1|0|
13|318|390|0|150|1|0|
13|315|360|0|149|1|0|
13|317|360|0|150|1|0|
13|313|390|0|149|1|0|
13|318|390|0|150|1|0|
13|315|390|0|149|1|0|
13|310|360|0|148|1|0|
13|315|390|0|149|1|0|
13|307|360|0|147|1|0|
13|315|390|0|149|1|0|
13|309|390|0|147|1|0|
13|314|390|0|149|1|0|
13|313|330|0|149|1|0|
13|311|390|0|148|1|0|
13|862|1050|0|190|1|0|
13|308|360|0|147|1|0|
13|313|360|0|149|1|0|
13|320|390|0|151|1|0|
13|310|360|0|148|1|0|
13|314|390|0|149|1|0|
13|307|390|0|147|1|0|
13|315|360|0|149|1|0|
13|307|390|0|147|1|0|
13|307|390|0|147|1|0|
13|858|1020|0|194|1|0|
13|318|360|0|150|1|0|
13|315|390|0|149|1|0|
13|470|570|0|194|1|0|
13|317|360|0|150|1|0|
13|309|360|0|147|1|0|
13|313|390|0|149|1|0|
13|316|390|0|150|1|0|
13|315|390|0|149|1|0|
13|308|390|0|147|1|0|
13|309|360|0|147|1|0|
13|315|390|0|149|1|0|
13|309|360|0|147|1|0|
13|317|360|0|150|1|0|
13|849|990|0|190|1|0|
13|313|390|0|149|1|0|
13|315|360|0|149|1|0|
13|307|390|0|147|1|0|
13|317|360|0|150|1|0|
13|315|390|0|149|1|0|
13|315|360|0|149|1|0|
13|315|390|0|149|1|0|
13|318|390|0|150|1|0|
13|309|390|0|147|1|0|
13|314|360|0|149|1|0|
13|307|360|0|147|1|0|
13|313|360|0|149|1|0|
13|315|390|0|149|1|0|
13|885|1080|0|194|1|0|
13|673|810|0|194|1|0|
13|313|360|0|149|1|0|
13|317|390|0|150|1|0|
13|429|510|0|187|1|0|
13|309|360|0|147|1|0|
13|829|960|0|190|1|0|
13|309|360|0|147|1|0|
13|317|390|0|150|1|0|
13|309|360|0|147|1|0|
13|311|360|0|148|1|0|
13|309|360|0|147|1|0|
13|317|390|0|150|1|0|
13|887|1080|0|194|1|0|
13|309|360|0|147|1|0|
13|315|390|0|149|1|0|
13|853|1020|0|194|1|0|
13|315|360|0|149|1|0|
13|447|540|0|190|1|0|
13|309|360|0|147|1|0|
13|307|390|0|147|1|0|
13|313|360|0|149|1|0|
13|315|390|0|149|1|0|
13|310|360|0|148|1|0|
13|827|990|0|190|1|0|
13|312|390|0|148|1|0|
13|317|360|0|150|1|0|
13|531|660|0|190|1|0|
13|303|390|0|145|1|0|
13|299|360|0|144|1|0|
13|309|390|0|147|1|0|
13|309|390|0|147|1|0|
13|309|390|0|147|1|0|
13|307|390|0|147|1|0|
13|307|360|0|147|1|0|
13|309|420|0|147|1|0|
13|310|360|0|148|1|0|
13|299|360|0|144|1|0|
13|271|330|0|135|1|0|
13|309|360|0|147|1|0|
13|309|390|0|147|1|0|
13|306|390|0|146|1|0|
13|315|360|0|149|1|0|
13|805|930|0|194|1|0|
13|308|360|0|147|1|0|
13|318|390|0|150|1|0|
13|837|1020|0|190|1|0|
13|310|390|0|148|1|0|
13|317|390|0|150|1|0|
13|313|390|0|149|1|0|
13|315|360|0|149|1|0|
13|309|360|0|147|1|0|
13|857|1020|0|190|1|0|
13|343|330|0|159|1|0|
13|307|300|0|147|1|0|
13|349|330|0|161|1|0|
13|349|330|0|161|1|0|
13|343|360|0|159|1|0|
13|341|360|0|158|1|0|
13|344|330|0|159|1|0|
13|1001|1020|0|194|1|0|
13|346|330|0|160|1|0|
13|347|360|0|160|1|0|
13|345|360|0|159|1|0|
13|352|330|0|162|1|0|
13|349|330|0|161|1|0|
13|350|360|0|161|1|0|
13|355|330|0|163|1|0|
13|354|330|0|162|1|0|
13|356|330|0|163|1|0|
13|353|330|0|162|1|0|
13|359|330|0|164|1|0|
13|355|360|0|163|1|0|
13|353|360|0|162|1|0|
13|353|330|0|162|1|0|
13|359|330|0|164|1|0|
13|351|360|0|161|1|0|
13|355|330|0|163|1|0|
13|352|330|0|162|1|0|
13|359|330|0|164|1|0|
13|360|360|0|164|1|0|
13|353|330|0|162|1|0|
13|355|330|0|163|1|0|
13|357|330|0|163|1|0|
13|348|330|0|160|1|0|
13|349|330|0|161|1|0|
13|357|360|0|163|1|0|
13|355|330|0|163|1|0|
13|353|330|0|162|1|0|
13|348|330|0|160|1|0|
13|349|360|0|161|1|0|
13|348|390|0|160|1|0|
13|351|330|0|161|1|0|
13|353|330|0|162|1|0|
13|343|330|0|159|1|0|
13|351|330|0|161|1|0|
13|351|330|0|161|1|0|
13|349|330|0|161|1|0|
13|350|330|0|161|1|0|
13|350|330|0|161|1|0|
13|303|300|0|145|1|0|
13|353|330|0|162|1|0|
13|351|360|0|161|1|0|
13|355|360|0|163|1|0|
13|351|330|0|161|1|0|
13|351|330|0|161|1|0|
13|347|360|0|160|1|0|
13|349|300|0|161|1|0|
13|347|360|0|160|1|0|
13|349|300|0|161|1|0|
13|351|330|0|161|1|0|
13|357|330|0|163|1|0|
13|355|360|0|163|1|0|
13|345|360|0|159|1|0|
13|353|360|0|162|1|0|
13|357|330|0|163|1|0|
13|347|330|0|160|1|0|
13|357|360|0|163|1|0|
13|300|300|0|144|1|0|
13|357|360|0|163|1|0|
13|353|360|0|162|1|0|
13|356|360|0|163|1|0|
13|349|330|0|161|1|0|
13|357|360|0|163|1|0|
13|353|330|0|162|1|0|
13|350|330|0|161|1|0|
13|355|330|0|163|1|0|
13|359|330|0|164|1|0|
13|348|360|0|160|1|0|
13|357|360|0|163|1|0|
13|352|360|0|162|1|0|
13|357|330|0|163|1|0|
13|356|330|0|163|1|0|
13|355|360|0|163|1|0|
13|463|450|0|190|1|0|
13|355|360|0|163|1|0|
13|354|360|0|162|1|0|
13|359|330|0|164|1|0|
13|357|330|0|163|1|0|
13|350|330|0|161|1|0|
13|355|360|0|163|1|0|
13|359|330|0|164|1|0|
13|304|390|0|146|1|0|
13|353|330|0|162|1|0|
13|331|330|0|155|1|0|
13|353|330|0|162|1|0|
13|276|360|0|136|1|0|
13|315|330|0|149|1|0|
13|304|330|0|146|1|0|
13|305|330|0|146|1|0|
13|343|330|0|159|1|0|
13|301|270|0|145|1|0|
13|349|330|0|161|1|0|
13|329|300|0|154|1|0|
13|445|480|0|193|1|0|
13|838|810|0|190|1|0|
13|315|390|0|149|1|0|
13|821|990|0|194|1|0|
13|330|300|0|154|1|0|
13|307|360|0|147|1|0|
13|305|360|0|146|1|0|
13|311|360|0|148|1|0|
13|309|390|0|147|1|0|
13|321|390|0|149|1|0|
13|311|360|0|146|1|0|
13|316|360|0|147|1|0|
13|315|390|0|149|1|0|
13|278|330|0|135|1|0|
13|296|330|0|141|1|0|
13|318|390|0|148|1|0|
13|318|360|0|148|1|0|
13|288|300|0|138|1|0|
13|272|330|0|133|1|0|
13|333|330|0|153|1|0|
13|939|1050|0|194|1|0|
13|322|360|0|149|1|0|
13|327|390|0|151|1|0|
13|325|360|0|150|1|0|
13|350|360|0|159|1|0|
13|352|360|0|159|1|0|
13|344|360|0|157|1|0|
13|346|360|0|157|1|0|
13|300|270|0|142|1|0|
13|467|540|0|192|1|0|
13|316|390|0|147|1|0|
13|322|360|0|149|1|0|
13|316|330|0|147|1|0|
13|343|360|0|156|1|0|
13|276|330|0|134|1|0|
13|348|360|0|158|1|0|
13|303|270|0|143|1|0|
13|353|390|0|162|1|0|
13|358|330|0|161|1|0|
13|348|360|0|158|1|0|
13|342|360|0|156|1|0|
13|346|360|0|157|1|0|
13|340|330|0|155|1|0|
13|710|690|0|192|1|0|
13|345|360|0|157|1|0|
13|342|330|0|156|1|0|
13|346|360|0|157|1|0|
13|344|360|0|157|1|0|
13|350|360|0|159|1|0|
13|344|330|0|159|1|0|
13|355|330|0|163|1|0|
13|310|300|0|145|1|0|
13|343|330|0|156|1|0|
13|351|360|0|159|1|0|
13|346|330|0|157|1|0|
13|346|330|0|157|1|0|
13|352|330|0|159|1|0|
13|344|330|0|157|1|0|
13|352|330|0|159|1|0|
13|358|330|0|161|1|0|
13|361|360|0|162|1|0|
13|350|330|0|159|1|0|
13|358|330|0|161|1|0|
13|348|330|0|158|1|0|
13|350|330|0|159|1|0|
13|349|390|0|161|1|0|
13|343|360|0|159|1|0|
13|347|390|0|160|1|0|
13|347|360|0|160|1|0|
13|349|330|0|161|1|0|
13|351|330|0|161|1|0|
13|349|330|0|161|1|0|
13|352|330|0|162|1|0|
13|343|360|0|159|1|0|
13|349|330|0|161|1|0|
13|341|330|0|158|1|0|
13|349|390|0|161|1|0|
13|343|330|0|159|1|0|
13|345|330|0|159|1|0|
13|341|360|0|158|1|0|
13|343|330|0|159|1|0|
13|353|360|0|162|1|0|
13|339|360|0|157|1|0|
13|317|390|0|150|1|0|
13|299|390|0|144|1|0|
13|309|390|0|147|1|0|
13|299|360|0|144|1|0|
13|311|390|0|148|1|0|
13|301|390|0|145|1|0|
13|309|360|0|147|1|0|
13|302|390|0|145|1|0|
13|303|360|0|145|1|0|
13|303|360|0|145|1|0|
13|301|390|0|145|1|0|
13|299|390|0|144|1|0|
13|301|390|0|145|1|0|
13|309|390|0|147|1|0|
13|827|990|0|194|1|0|
13|315|390|0|149|1|0|
13|311|360|0|148|1|0|
13|931|1110|0|190|1|0|
13|315|360|0|149|1|0|
13|307|390|0|147|1|0|
13|313|390|0|149|1|0|
13|316|360|0|150|1|0|
13|317|360|0|150|1|0|
13|313|390|0|149|1|0|
13|315|360|0|149|1|0|
13|317|390|0|150|1|0|
13|309|360|0|147|1|0|
13|317|390|0|150|1|0|
13|313|390|0|149|1|0|
13|315|390|0|149|1|0|
13|901|1080|0|194|1|0|
13|794|960|0|190|1|0|
13|317|360|0|150|1|0|
13|313|390|0|149|1|0|
13|802|960|0|190|1|0|
13|307|360|0|147|1|0|
13|853|1020|0|190|1|0|
13|317|360|0|150|1|0|
13|309|360|0|147|1|0|
13|317|390|0|150|1|0|
13|305|360|0|146|1|0|
13|831|960|0|190|1|0|
13|714|870|0|194|1|0|
13|315|390|0|149|1|0|
13|317|390|0|150|1|0|
13|314|390|0|149|1|0|
13|315|390|0|149|1|0|
13|582|690|0|190|1|0|
13|307|360|0|147|1|0|
13|308|390|0|147|1|0|
13|311|360|0|148|1|0|
13|319|360|0|150|1|0|
13|311|390|0|148|1|0|
13|315|390|0|149|1|0|
13|315|360|0|149|1|0|
13|311|360|0|148|1|0|
13|317|360|0|150|1|0|
13|315|390|0|149|1|0|
13|311|390|0|148|1|0|
13|309|360|0|147|1|0|
13|319|390|0|151|1|0|
13|308|360|0|147|1|0|
13|320|420|0|151|1|0|
13|307|360|0|147|1|0|
13|318|390|0|150|1|0|
13|315|390|0|149|1|0|
13|319|360|0|151|1|0|
13|316|390|0|149|1|0|
13|313|360|0|149|1|0|
13|317|390|0|150|1|0|
13|313|360|0|149|1|0|
13|318|360|0|150|1|0|
13|823|990|0|190|1|0|
13|318|360|0|150|1|0|
13|307|360|0|147|1|0|
13|898|1080|0|194|1|0|
13|307|390|0|147|1|0|
13|310|390|0|147|1|0|
13|311|390|0|148|1|0|
13|317|360|0|150|1|0|
13|827|990|0|194|1|0|
13|313|390|0|149|1|0|
13|316|390|0|149|1|0|
13|313|360|0|149|1|0|
13|502|600|0|194|1|0|
13|313|390|0|149|1|0|
13|307|390|0|147|1|0|
13|317|360|0|150|1|0|
13|313|390|0|149|1|0|
13|316|390|0|150|1|0|
13|321|390|0|151|1|0|
13|315|390|0|149|1|0|
13|317|360|0|150|1|0|
13|310|360|0|147|1|0|
13|885|1080|0|194|1|0|
13|309|360|0|147|1|0|
13|316|360|0|149|1|0|
13|309|390|0|147|1|0|
13|320|360|0|151|1|0|
13|315|360|0|149|1|0|
13|275|360|0|136|1|0|
13|269|300|0|134|1|0|
13|319|360|0|151|1|0|
13|309|360|0|147|1|0|
13|317|360|0|150|1|0|
13|317|390|0|150|1|0|
13|318|390|0|148|1|0|
13|319|390|0|148|1|0|
13|308|360|0|145|1|0|
13|316|390|0|147|1|0|
13|316|390|0|147|1|0|
13|316|360|0|147|1|0|
13|316|390|0|147|1|0|
13|962|1170|0|192|1|0|
13|318|390|0|148|1|0|
13|317|360|0|148|1|0|
13|325|360|0|150|1|0|
13|326|360|0|151|1|0|
13|316|390|0|147|1|0|
13|324|360|0|150|1|0|
13|322|390|0|149|1|0|
13|327|390|0|151|1|0|
13|318|360|0|148|1|0|
13|323|390|0|150|1|0|
13|325|390|0|150|1|0|
13|318|390|0|148|1|0|
13|323|360|0|149|1|0|
13|316|360|0|147|1|0|
13|320|390|0|149|1|0|
13|323|390|0|150|1|0|
13|363|420|0|163|1|0|
13|322|360|0|149|1|0|
13|321|390|0|149|1|0|
13|324|360|0|150|1|0|
13|324|390|0|150|1|0|
13|314|330|0|147|1|0|
13|314|360|0|147|1|0|
13|320|390|0|149|1|0|
13|314|360|0|147|1|0|
13|318|360|0|148|1|0|
13|315|360|0|149|1|0|
13|282|330|0|136|1|0|
13|318|390|0|148|1|0|
13|321|390|0|149|1|0|
13|324|390|0|150|1|0|
13|321|390|0|149|1|0|
13|320|360|0|149|1|0|
13|320|360|0|149|1|0|
13|326|390|0|151|1|0|
13|318|390|0|148|1|0|
13|324|360|0|150|1|0|
13|318|360|0|148|1|0|
13|308|360|0|145|1|0|
13|321|390|0|149|1|0|
13|322|360|0|149|1|0|
13|322|360|0|149|1|0|
13|323|360|0|150|1|0|
13|325|360|0|150|1|0|
13|338|390|0|155|1|0|
13|316|360|0|147|1|0|
13|321|360|0|149|1|0|
13|308|360|0|145|1|0|
13|316|360|0|147|1|0|
13|321|360|0|149|1|0|
13|323|360|0|150|1|0|
13|327|390|0|151|1|0|
13|320|360|0|149|1|0|
13|327|360|0|151|1|0|
13|316|390|0|147|1|0|
13|318|360|0|148|1|0|
13|326|390|0|151|1|0|
13|324|360|0|150|1|0|
13|322|390|0|149|1|0|
13|316|360|0|147|1|0|
13|315|390|0|149|1|0|
13|318|360|0|148|1|0|
13|324|390|0|150|1|0|
13|324|360|0|150|1|0|
13|326|390|0|151|1|0|
13|324|390|0|150|1|0|
13|319|360|0|148|1|0|
13|322|390|0|149|1|0|
13|324|390|0|150|1|0|
13|320|390|0|149|1|0|
13|322|390|0|149|1|0|
13|318|360|0|148|1|0|
13|323|360|0|150|1|0|
13|324|390|0|150|1|0|
13|285|360|0|137|1|0|
13|319|360|0|151|1|0|
13|324|360|0|150|1|0|
13|302|360|0|143|1|0|
13|318|360|0|148|1|0|
13|324|390|0|150|1|0|
13|322|390|0|149|1|0|
13|320|360|0|149|1|0|
13|318|390|0|148|1|0|
13|318|330|0|148|1|0|
13|324|390|0|150|1|0|
13|324|360|0|150|1|0|
13|323|360|0|150|1|0|
13|324|390|0|150|1|0|
13|322|360|0|149|1|0|
13|317|360|0|148|1|0|
13|315|360|0|149|1|0|
13|326|390|0|151|1|0|
13|315|360|0|147|1|0|
13|324|360|0|150|1|0|
13|322|360|0|149|1|0|
13|318|360|0|148|1|0|
13|324|360|0|150|1|0|
13|318|390|0|148|1|0|
13|316|360|0|147|1|0|
13|319|390|0|148|1|0|
13|317|360|0|147|1|0|
13|316|360|0|147|1|0|
13|318|360|0|148|1|0|
13|317|330|0|148|1|0|
13|318|390|0|148|1|0|
13|322|360|0|149|1|0|
13|308|360|0|145|1|0|
13|310|360|0|145|1|0|
13|316|360|0|147|1|0|
13|314|390|0|147|1|0|
13|317|360|0|148|1|0|
13|315|390|0|147|1|0|
13|316|390|0|147|1|0|
13|315|360|0|149|1|0|
13|316|360|0|149|1|0|
13|317|390|0|150|1|0|
13|315|360|0|149|1|0|
13|313|360|0|149|1|0|
13|293|330|0|142|1|0|
13|315|390|0|149|1|0|
13|317|390|0|150|1|0|
13|313|360|0|149|1|0|
13|310|390|0|148|1|0|
13|317|390|0|150|1|0|
13|934|1140|0|190|1|0|
13|317|390|0|150|1|0|
13|310|360|0|148|1|0|
13|305|360|0|146|1|0|
13|308|360|0|147|1|0|
13|314|360|0|149|1|0|
13|307|360|0|147|1|0|
13|315|390|0|149|1|0|
13|315|360|0|149|1|0|
13|311|360|0|148|1|0|
13|315|360|0|149|1|0|
13|309|360|0|147|1|0|
13|310|360|0|148|1|0|
13|315|390|0|149|1|0|
13|309|360|0|147|1|0|
13|315|360|0|149|1|0|
13|307|360|0|147|1|0|
13|375|420|0|169|1|0|
13|314|360|0|149|1|0|
13|315|360|0|149|1|0|
13|316|390|0|149|1|0|
13|315|360|0|149|1|0|
13|315|390|0|149|1|0|
13|309|360|0|147|1|0|
13|317|390|0|150|1|0|
13|870|1050|0|194|1|0|
13|881|1020|0|190|1|0|
13|927|1110|0|194|1|0|
13|315|390|0|149|1|0|
13|317|390|0|150|1|0|
13|313|390|0|149|1|0|
13|319|390|0|150|1|0|
13|869|1020|0|190|1|0|
13|313|390|0|149|1|0|
13|309|390|0|147|1|0|
13|310|390|0|147|1|0|
13|315|360|0|149|1|0|
13|854|1020|0|190|1|0|
13|317|390|0|150|1|0|
13|318|390|0|150|1|0|
13|315|390|0|149|1|0|
13|307|390|0|147|1|0|
13|317|390|0|150|1|0|
13|308|360|0|147|1|0|
13|317|390|0|150|1|0|
13|307|390|0|147|1|0|
13|277|330|0|137|1|0|
13|319|420|0|151|1|0|
13|303|360|0|145|1|0|
13|315|360|0|149|1|0|
13|315|390|0|149|1|0|
13|315|360|0|149|1|0|
13|312|360|0|148|1|0|
13|852|1020|0|190|1|0|
13|312|390|0|148|1|0|
13|310|390|0|148|1|0|
13|309|360|0|147|1|0|
13|309|360|0|147|1|0|
13|305|390|0|146|1|0|
13|317|390|0|150|1|0|
13|315|390|0|149|1|0|
13|866|1050|0|194|1|0|
13|311|390|0|148|1|0|
13|488|600|0|194|1|0|
13|311|390|0|148|1|0|
13|273|300|0|135|1|0|
13|294|360|0|142|1|0|
13|315|390|0|149|1|0|
13|316|360|0|149|1|0|
13|317|390|0|150|1|0|
13|312|360|0|148|1|0|
13|309|360|0|147|1|0|
13|317|390|0|150|1|0|
13|314|360|0|149|1|0|
13|309|360|0|147|1|0|
13|313|360|0|149|1|0|
13|317|390|0|150|1|0|
13|305|360|0|146|1|0|
13|315|360|0|149|1|0|
13|306|360|0|146|1|0|
13|313|390|0|149|1|0|
13|311|390|0|148|1|0|
13|309|390|0|147|1|0|
13|307|360|0|147|1|0|
13|317|390|0|150|1|0|
13|313|390|0|149|1|0|
13|307|360|0|147|1|0|
13|310|360|0|148|1|0|
13|309|360|0|147|1|0|
13|935|1110|0|190|1|0|
13|309|360|0|147|1|0|
13|317|390|0|150|1|0|
13|317|360|0|150|1|0|
13|313|360|0|149|1|0|
13|317|390|0|150|1|0|
13|271|330|0|135|1|0|
13|315|390|0|149|1|0|
13|895|1050|0|190|1|0|
13|315|360|0|149|1|0|
13|309|360|0|147|1|0|
13|313|360|0|149|1|0|
13|313|360|0|149|1|0|
13|309|390|0|147|1|0|
13|313|360|0|149|1|0|
13|307|360|0|147|1|0|
13|317|390|0|150|1|0|
13|872|1020|0|190|1|0|
13|306|360|0|146|1|0|
13|695|840|0|194|1|0|
13|309|360|0|147|1|0|
13|307|360|0|147|1|0|
13|315|360|0|149|1|0|
13|911|1110|0|194|1|0|
13|316|390|0|150|1|0|
13|315|360|0|149|1|0|
13|315|390|0|149|1|0|
