INSTRUCTIONS_RETIRED|CYCLES|UNKNOWN|LD_BLOCKS.STORE_FORWARD|UOPS_EXECUTED.CORE|BR_MISP_RETIRED.ALL_BRANCHES|UOPS_ISSUED.SINGLE_MUL|
13|237|390|0|123|1|0|
13|357|330|0|163|1|0|
13|277|420|0|137|1|0|
13|247|360|0|127|1|0|
13|343|330|0|159|1|0|
13|343|390|0|159|1|0|
13|277|420|0|137|1|0|
13|342|330|0|158|1|0|
13|347|330|0|160|1|0|
13|345|360|0|159|1|0|
13|339|360|0|157|1|0|
13|341|360|0|158|1|0|
13|347|330|0|160|1|0|
13|343|360|0|159|1|0|
13|347|360|0|160|1|0|
13|331|330|0|155|1|0|
13|331|390|0|155|1|0|
13|338|360|0|157|1|0|
13|342|330|0|158|1|0|
13|353|390|0|162|1|0|
13|349|330|0|161|1|0|
13|347|360|0|160|1|0|
13|346|330|0|160|1|0|
13|348|330|0|160|1|0|
13|344|330|0|159|1|0|
13|342|330|0|158|1|0|
13|340|330|0|158|1|0|
13|349|390|0|161|1|0|
13|295|330|0|143|1|0|
13|349|360|0|161|1|0|
13|345|330|0|159|1|0|
13|307|330|0|147|1|0|
13|343|330|0|159|1|0|
13|333|360|0|155|1|0|
13|343|360|0|159|1|0|
13|337|360|0|157|1|0|
13|343|390|0|159|1|0|
13|334|360|0|156|1|0|
13|334|330|0|156|1|0|
13|337|330|0|157|1|0|
13|339|330|0|157|1|0|
13|335|330|0|156|1|0|
13|337|360|0|157|1|0|
13|335|330|0|156|1|0|
13|335|330|0|156|1|0|
13|335|330|0|156|1|0|
13|337|360|0|157|1|0|
13|343|360|0|159|1|0|
13|347|330|0|158|1|0|
13|343|360|0|159|1|0|
13|347|360|0|160|1|0|
13|349|330|0|161|1|0|
13|351|360|0|161|1|0|
13|351|390|0|161|1|0|
13|346|330|0|160|1|0|
13|347|360|0|160|1|0|
13|347|330|0|160|1|0|
13|341|360|0|158|1|0|
13|360|330|0|162|1|0|
13|347|360|0|160|1|0|
13|351|330|0|161|1|0|
13|347|330|0|160|1|0|
13|349|390|0|161|1|0|
13|347|390|0|160|1|0|
13|349|330|0|161|1|0|
13|344|360|0|159|1|0|
13|343|360|0|159|1|0|
13|345|360|0|159|1|0|
13|335|390|0|156|1|0|
13|331|330|0|155|1|0|
13|331|330|0|155|1|0|
13|329|330|0|154|1|0|
13|333|390|0|155|1|0|
13|335|390|0|156|1|0|
13|329|360|0|154|1|0|
13|329|330|0|154|1|0|
13|335|330|0|156|1|0|
13|335|360|0|156|1|0|
13|330|390|0|154|1|0|
13|328|360|0|154|1|0|
13|335|360|0|156|1|0|
13|351|330|0|161|1|0|
13|354|330|0|162|1|0|
13|345|360|0|159|1|0|
13|343|330|0|159|1|0|
13|345|330|0|159|1|0|
13|349|360|0|161|1|0|
13|345|330|0|159|1|0|
13|349|360|0|161|1|0|
13|351|330|0|161|1|0|
13|347|330|0|160|1|0|
13|355|330|0|163|1|0|
13|350|360|0|161|1|0|
13|356|360|0|161|1|0|
13|350|330|0|159|1|0|
13|352|330|0|159|1|0|
13|354|360|0|160|1|0|
13|360|330|0|162|1|0|
13|352|330|0|159|1|0|
13|349|360|0|158|1|0|
13|354|360|0|160|1|0|
13|352|330|0|159|1|0|
13|354|330|0|160|1|0|
13|351|360|0|159|1|0|
13|356|360|0|161|1|0|
13|356|360|0|161|1|0|
13|422|390|0|183|1|0|
13|356|360|0|161|1|0|
13|351|360|0|159|1|0|
13|306|270|0|144|1|0|
13|302|330|0|143|1|0|
13|341|360|0|158|1|0|
13|918|1050|0|188|1|0|
13|326|390|0|151|1|0|
13|319|360|0|148|1|0|
13|346|330|0|157|1|0|
13|342|330|0|156|1|0|
13|345|360|0|157|1|0|
13|344|330|0|157|1|0|
13|348|330|0|158|1|0|
13|344|330|0|157|1|0|
13|350|330|0|159|1|0|
13|343|360|0|156|1|0|
13|322|360|0|149|1|0|
13|325|390|0|150|1|0|
13|322|360|0|149|1|0|
13|324|390|0|150|1|0|
13|319|360|0|148|1|0|
13|319|390|0|148|1|0|
13|326|390|0|151|1|0|
13|318|390|0|148|1|0|
13|284|330|0|139|1|0|
13|332|390|0|153|1|0|
13|319|360|0|148|1|0|
13|321|360|0|149|1|0|
13|318|390|0|148|1|0|
13|323|360|0|152|1|0|
13|316|360|0|147|1|0|
13|322|390|0|149|1|0|
13|316|330|0|147|1|0|
13|319|360|0|148|1|0|
13|315|390|0|149|1|0|
13|806|930|0|188|1|0|
13|316|360|0|147|1|0|
13|320|360|0|149|1|0|
13|314|390|0|147|1|0|
13|314|390|0|147|1|0|
13|315|390|0|149|1|0|
13|344|330|0|159|1|0|
13|628|630|0|192|1|0|
13|360|330|0|162|1|0|
13|348|360|0|158|1|0|
13|352|330|0|162|1|0|
13|339|330|0|157|1|0|
13|340|330|0|155|1|0|
13|340|300|0|155|1|0|
13|344|330|0|157|1|0|
13|342|360|0|156|1|0|
13|346|390|0|157|1|0|
13|343|330|0|156|1|0|
13|304|270|0|143|1|0|
13|346|330|0|160|1|0|
13|321|330|0|151|1|0|
13|343|360|0|159|1|0|
13|323|360|0|152|1|0|
13|321|360|0|151|1|0|
13|322|360|0|152|1|0|
13|323|360|0|152|1|0|
13|322|390|0|152|1|0|
13|325|390|0|153|1|0|
13|321|360|0|151|1|0|
13|321|360|0|151|1|0|
13|323|330|0|152|1|0|
13|323|360|0|152|1|0|
13|329|360|0|154|1|0|
13|323|330|0|152|1|0|
13|325|360|0|153|1|0|
13|329|330|0|154|1|0|
13|1060|1200|0|194|1|0|
13|313|360|0|149|1|0|
13|311|360|0|148|1|0|
13|314|390|0|149|1|0|
13|309|360|0|147|1|0|
13|305|360|0|146|1|0|
13|311|390|0|148|1|0|
13|312|360|0|148|1|0|
13|313|360|0|149|1|0|
13|312|360|0|148|1|0|
13|315|360|0|149|1|0|
13|317|390|0|150|1|0|
13|313|360|0|149|1|0|
13|307|330|0|147|1|0|
13|313|390|0|149|1|0|
13|315|360|0|149|1|0|
13|313|360|0|149|1|0|
13|312|390|0|148|1|0|
13|315|390|0|149|1|0|
13|305|360|0|146|1|0|
13|319|360|0|151|1|0|
13|309|360|0|147|1|0|
13|317|360|0|150|1|0|
13|309|360|0|147|1|0|
13|311|390|0|148|1|0|
13|313|360|0|149|1|0|
13|309|390|0|147|1|0|
13|307|360|0|147|1|0|
13|315|390|0|149|1|0|
13|308|360|0|147|1|0|
13|317|360|0|150|1|0|
13|315|360|0|149|1|0|
13|320|360|0|151|1|0|
13|315|390|0|149|1|0|
13|308|390|0|147|1|0|
13|307|360|0|147|1|0|
13|315|390|0|149|1|0|
13|613|720|0|190|1|0|
13|311|360|0|148|1|0|
13|308|360|0|147|1|0|
13|311|360|0|148|1|0|
13|307|390|0|147|1|0|
13|311|360|0|148|1|0|
13|307|390|0|147|1|0|
13|315|360|0|149|1|0|
13|309|390|0|147|1|0|
13|310|360|0|148|1|0|
13|309|360|0|147|1|0|
13|311|390|0|148|1|0|
13|313|360|0|149|1|0|
13|309|390|0|147|1|0|
13|309|390|0|147|1|0|
13|309|360|0|147|1|0|
13|315|390|0|149|1|0|
13|311|390|0|148|1|0|
13|317|360|0|150|1|0|
13|311|360|0|148|1|0|
13|637|750|0|190|1|0|
13|315|390|0|149|1|0|
13|317|390|0|150|1|0|
13|313|360|0|149|1|0|
13|315|390|0|149|1|0|
13|309|360|0|147|1|0|
13|307|390|0|147|1|0|
13|312|360|0|148|1|0|
13|311|390|0|148|1|0|
13|317|360|0|150|1|0|
13|309|390|0|147|1|0|
13|317|360|0|150|1|0|
13|309|390|0|147|1|0|
13|309|390|0|147|1|0|
13|579|690|0|190|1|0|
13|311|330|0|148|1|0|
13|330|360|0|154|1|0|
13|295|330|0|143|1|0|
13|322|330|0|152|1|0|
13|329|360|0|154|1|0|
13|323|360|0|152|1|0|
13|329|360|0|154|1|0|
13|328|330|0|154|1|0|
13|323|360|0|152|1|0|
13|323|390|0|152|1|0|
13|323|360|0|152|1|0|
13|321|360|0|151|1|0|
13|559|630|0|190|1|0|
13|323|360|0|152|1|0|
13|329|360|0|154|1|0|
13|327|360|0|153|1|0|
13|311|360|0|148|1|0|
13|311|390|0|148|1|0|
13|317|390|0|150|1|0|
13|311|390|0|148|1|0|
13|307|360|0|147|1|0|
13|311|390|0|148|1|0|
13|312|360|0|148|1|0|
13|309|330|0|147|1|0|
13|307|390|0|147|1|0|
13|315|390|0|149|1|0|
13|313|360|0|149|1|0|
13|315|390|0|149|1|0|
13|307|390|0|147|1|0|
13|317|390|0|150|1|0|
13|309|360|0|147|1|0|
13|326|360|0|153|1|0|
13|323|330|0|152|1|0|
13|324|330|0|152|1|0|
13|323|390|0|152|1|0|
13|323|360|0|152|1|0|
13|323|360|0|152|1|0|
13|324|360|0|152|1|0|
13|323|360|0|152|1|0|
13|319|360|0|151|1|0|
13|324|360|0|152|1|0|
13|331|330|0|155|1|0|
13|326|360|0|151|1|0|
13|327|390|0|151|1|0|
13|285|300|0|139|1|0|
13|327|360|0|153|1|0|
13|279|300|0|137|1|0|
13|294|330|0|142|1|0|
13|339|390|0|157|1|0|
13|330|390|0|154|1|0|
13|334|360|0|156|1|0|
13|332|390|0|155|1|0|
13|331|360|0|155|1|0|
13|331|390|0|155|1|0|
13|333|360|0|155|1|0|
13|336|360|0|156|1|0|
13|335|330|0|156|1|0|
13|335|360|0|156|1|0|
13|328|360|0|154|1|0|
13|337|330|0|157|1|0|
13|335|390|0|156|1|0|
13|339|390|0|157|1|0|
13|331|330|0|155|1|0|
13|319|360|0|151|1|0|
13|597|720|0|190|1|0|
13|317|360|0|150|1|0|
13|307|390|0|147|1|0|
13|315|390|0|149|1|0|
13|315|390|0|149|1|0|
13|315|360|0|149|1|0|
13|316|390|0|150|1|0|
13|312|360|0|148|1|0|
13|311|360|0|148|1|0|
13|307|360|0|147|1|0|
13|315|390|0|149|1|0|
13|308|360|0|147|1|0|
13|309|390|0|147|1|0|
13|316|390|0|150|1|0|
13|313|360|0|149|1|0|
13|309|360|0|147|1|0|
13|317|390|0|150|1|0|
13|309|360|0|147|1|0|
13|591|720|0|194|1|0|
13|311|390|0|148|1|0|
13|307|360|0|147|1|0|
13|311|390|0|148|1|0|
13|588|720|0|190|1|0|
13|311|360|0|148|1|0|
13|280|330|0|138|1|0|
13|307|360|0|147|1|0|
13|311|390|0|148|1|0|
13|312|390|0|148|1|0|
13|309|390|0|147|1|0|
13|313|390|0|149|1|0|
13|311|360|0|148|1|0|
13|317|360|0|150|1|0|
13|311|360|0|148|1|0|
13|310|390|0|148|1|0|
13|317|390|0|150|1|0|
13|309|390|0|147|1|0|
13|318|360|0|150|1|0|
13|279|330|0|137|1|0|
13|306|360|0|146|1|0|
13|313|360|0|149|1|0|
13|308|390|0|147|1|0|
13|309|360|0|147|1|0|
13|308|360|0|147|1|0|
13|311|360|0|148|1|0|
13|307|390|0|147|1|0|
13|309|390|0|147|1|0|
13|307|390|0|147|1|0|
13|326|390|0|153|1|0|
13|315|390|0|149|1|0|
13|611|750|0|194|1|0|
13|512|630|0|190|1|0|
13|307|360|0|147|1|0|
13|309|360|0|147|1|0|
13|313|360|0|149|1|0|
13|311|360|0|148|1|0|
13|313|390|0|149|1|0|
13|311|390|0|148|1|0|
13|317|360|0|150|1|0|
13|313|390|0|149|1|0|
13|313|360|0|149|1|0|
13|315|390|0|149|1|0|
13|317|390|0|150|1|0|
13|315|360|0|149|1|0|
13|312|360|0|148|1|0|
13|309|390|0|147|1|0|
13|571|690|0|190|1|0|
13|307|390|0|147|1|0|
13|311|390|0|148|1|0|
13|310|360|0|148|1|0|
13|319|360|0|151|1|0|
13|315|390|0|149|1|0|
13|307|360|0|147|1|0|
13|314|390|0|149|1|0|
13|310|390|0|148|1|0|
13|312|360|0|148|1|0|
13|312|390|0|148|1|0|
13|315|360|0|149|1|0|
13|317|360|0|150|1|0|
13|317|390|0|150|1|0|
13|319|390|0|151|1|0|
13|315|390|0|149|1|0|
13|315|360|0|149|1|0|
13|311|390|0|148|1|0|
13|319|360|0|151|1|0|
13|317|360|0|150|1|0|
13|307|360|0|147|1|0|
13|277|360|0|137|1|0|
13|313|360|0|149|1|0|
13|317|390|0|150|1|0|
13|317|360|0|150|1|0|
13|316|390|0|150|1|0|
13|314|360|0|149|1|0|
13|312|390|0|148|1|0|
13|310|390|0|148|1|0|
13|310|360|0|148|1|0|
13|310|360|0|148|1|0|
13|311|390|0|148|1|0|
13|311|390|0|148|1|0|
13|317|390|0|150|1|0|
13|309|360|0|147|1|0|
13|317|390|0|150|1|0|
13|315|390|0|149|1|0|
13|314|360|0|149|1|0|
13|311|390|0|148|1|0|
13|314|390|0|149|1|0|
13|623|750|0|194|1|0|
13|313|390|0|149|1|0|
13|305|390|0|146|1|0|
13|311|360|0|148|1|0|
13|313|360|0|149|1|0|
13|311|390|0|148|1|0|
13|313|360|0|149|1|0|
13|309|360|0|147|1|0|
13|314|390|0|149|1|0|
13|313|360|0|149|1|0|
13|316|360|0|150|1|0|
13|313|390|0|149|1|0|
13|308|390|0|147|1|0|
13|317|390|0|150|1|0|
13|308|390|0|147|1|0|
13|315|390|0|149|1|0|
13|309|390|0|147|1|0|
13|307|390|0|147|1|0|
13|309|390|0|147|1|0|
13|305|390|0|146|1|0|
13|609|720|0|190|1|0|
13|317|360|0|150|1|0|
13|309|360|0|147|1|0|
13|317|390|0|150|1|0|
13|315|360|0|149|1|0|
13|315|390|0|149|1|0|
13|317|390|0|150|1|0|
13|316|390|0|150|1|0|
13|311|390|0|148|1|0|
13|310|390|0|148|1|0|
13|319|360|0|151|1|0|
13|317|390|0|150|1|0|
13|315|390|0|149|1|0|
13|297|330|0|143|1|0|
13|315|390|0|149|1|0|
13|316|390|0|150|1|0|
13|315|390|0|149|1|0|
13|308|360|0|147|1|0|
13|317|390|0|150|1|0|
13|320|390|0|151|1|0|
13|317|390|0|150|1|0|
13|317|390|0|150|1|0|
13|316|390|0|150|1|0|
13|307|360|0|147|1|0|
13|313|360|0|149|1|0|
13|317|390|0|150|1|0|
13|315|390|0|149|1|0|
13|315|390|0|149|1|0|
13|307|390|0|147|1|0|
13|313|390|0|149|1|0|
13|579|660|0|194|1|0|
13|311|360|0|148|1|0|
13|311|390|0|148|1|0|
13|309|390|0|147|1|0|
13|311|390|0|148|1|0|
13|317|390|0|150|1|0|
13|309|330|0|147|1|0|
13|309|360|0|147|1|0|
13|309|360|0|147|1|0|
13|309|360|0|147|1|0|
13|320|390|0|151|1|0|
13|523|630|0|194|1|0|
13|281|300|0|138|1|0|
13|277|330|0|137|1|0|
13|318|360|0|150|1|0|
13|310|390|0|148|1|0|
13|317|390|0|150|1|0|
13|318|390|0|148|1|0|
13|319|360|0|151|1|0|
13|316|390|0|150|1|0|
13|322|360|0|152|1|0|
13|315|360|0|149|1|0|
13|318|390|0|150|1|0|
13|323|390|0|152|1|0|
13|317|360|0|150|1|0|
13|313|360|0|149|1|0|
13|315|390|0|149|1|0|
13|315|360|0|149|1|0|
13|323|360|0|152|1|0|
13|323|390|0|152|1|0|
13|313|390|0|149|1|0|
13|317|360|0|148|1|0|
13|322|360|0|149|1|0|
13|325|390|0|150|1|0|
13|324|360|0|150|1|0|
13|332|360|0|153|1|0|
13|336|330|0|154|1|0|
13|338|390|0|155|1|0|
13|328|360|0|151|1|0|
13|338|360|0|155|1|0|
13|331|390|0|155|1|0|
13|331|330|0|152|1|0|
13|331|330|0|155|1|0|
13|329|390|0|154|1|0|
13|332|390|0|153|1|0|
13|330|330|0|154|1|0|
13|332|360|0|155|1|0|
13|328|330|0|154|1|0|
13|331|330|0|155|1|0|
13|338|390|0|157|1|0|
13|821|870|0|194|1|0|
13|327|330|0|153|1|0|
13|336|390|0|156|1|0|
13|359|330|0|164|1|0|
13|348|330|0|160|1|0|
13|345|330|0|159|1|0|
13|343|330|0|159|1|0|
13|350|330|0|159|1|0|
13|343|360|0|159|1|0|
13|345|330|0|159|1|0|
13|351|330|0|161|1|0|
13|349|360|0|161|1|0|
13|344|360|0|159|1|0|
13|345|330|0|159|1|0|
13|343|330|0|159|1|0|
13|349|330|0|161|1|0|
13|347|360|0|160|1|0|
13|358|360|0|161|1|0|
13|347|330|0|160|1|0|
13|356|330|0|163|1|0|
13|353|330|0|162|1|0|
13|353|360|0|162|1|0|
13|352|330|0|162|1|0|
13|347|300|0|160|1|0|
13|357|330|0|163|1|0|
13|353|360|0|162|1|0|
13|343|390|0|159|1|0|
13|355|360|0|163|1|0|
13|349|360|0|161|1|0|
13|347|330|0|160|1|0|
13|350|360|0|159|1|0|
13|355|330|0|163|1|0|
13|973|930|0|190|1|0|
13|358|330|0|164|1|0|
13|354|330|0|162|1|0|
13|351|360|0|161|1|0|
13|347|330|0|160|1|0|
13|349|360|0|161|1|0|
13|347|360|0|160|1|0|
13|350|390|0|161|1|0|
13|337|360|0|157|1|0|
13|333|390|0|155|1|0|
13|329|360|0|154|1|0|
13|330|390|0|154|1|0|
13|328|390|0|154|1|0|
13|288|330|0|140|1|0|
13|327|330|0|153|1|0|
13|329|360|0|154|1|0|
13|330|330|0|154|1|0|
13|337|360|0|157|1|0|
13|338|390|0|155|1|0|
13|336|390|0|154|1|0|
13|338|330|0|155|1|0|
13|334|360|0|153|1|0|
13|332|330|0|153|1|0|
13|325|360|0|150|1|0|
13|322|360|0|149|1|0|
13|317|360|0|148|1|0|
13|326|360|0|151|1|0|
13|316|390|0|147|1|0|
13|325|390|0|150|1|0|
13|322|390|0|149|1|0|
13|324|390|0|150|1|0|
13|317|360|0|148|1|0|
13|316|390|0|147|1|0|
13|320|390|0|149|1|0|
13|324|360|0|150|1|0|
13|324|390|0|150|1|0|
13|318|360|0|148|1|0|
13|320|360|0|149|1|0|
13|324|360|0|150|1|0|
13|321|360|0|149|1|0|
13|927|1080|0|188|1|0|
13|324|360|0|150|1|0|
13|324|390|0|150|1|0|
13|322|360|0|149|1|0|
13|324|390|0|150|1|0|
13|316|360|0|147|1|0|
13|324|360|0|150|1|0|
13|320|390|0|149|1|0|
13|316|360|0|147|1|0|
13|318|390|0|148|1|0|
13|318|360|0|148|1|0|
13|320|360|0|149|1|0|
13|314|330|0|147|1|0|
13|319|360|0|148|1|0|
13|316|360|0|147|1|0|
13|322|390|0|149|1|0|
13|314|330|0|147|1|0|
13|324|360|0|150|1|0|
13|318|390|0|148|1|0|
13|324|390|0|150|1|0|
13|320|360|0|149|1|0|
13|322|360|0|149|1|0|
13|320|390|0|149|1|0|
13|320|360|0|149|1|0|
13|320|360|0|149|1|0|
13|317|360|0|148|1|0|
13|324|390|0|150|1|0|
13|770|870|0|188|1|0|
13|320|390|0|149|1|0|
13|322|360|0|149|1|0|
13|322|330|0|149|1|0|
13|322|390|0|149|1|0|
13|318|390|0|148|1|0|
13|322|360|0|149|1|0|
13|318|360|0|148|1|0|
13|317|360|0|148|1|0|
13|316|360|0|147|1|0|
13|317|360|0|148|1|0|
13|317|360|0|148|1|0|
13|295|360|0|136|1|0|
13|316|360|0|147|1|0|
13|320|360|0|149|1|0|
13|325|360|0|150|1|0|
13|316|330|0|147|1|0|
13|323|360|0|150|1|0|
13|320|360|0|149|1|0|
13|324|360|0|150|1|0|
13|320|390|0|149|1|0|
13|322|390|0|149|1|0|
13|322|390|0|149|1|0|
13|320|360|0|149|1|0|
13|316|360|0|147|1|0|
13|550|600|0|194|1|0|
13|319|360|0|151|1|0|
13|321|360|0|151|1|0|
13|315|360|0|149|1|0|
13|316|360|0|150|1|0|
13|317|360|0|150|1|0|
13|323|360|0|152|1|0|
13|323|360|0|152|1|0|
13|320|390|0|151|1|0|
13|323|360|0|152|1|0|
13|933|1080|0|190|1|0|
13|326|390|0|153|1|0|
13|321|360|0|151|1|0|
13|323|360|0|152|1|0|
13|650|750|0|194|1|0|
13|321|360|0|151|1|0|
13|314|360|0|149|1|0|
13|315|360|0|149|1|0|
13|313|330|0|149|1|0|
13|321|360|0|151|1|0|
13|313|390|0|149|1|0|
13|307|390|0|147|1|0|
13|301|360|0|145|1|0|
13|303|360|0|145|1|0|
13|309|390|0|147|1|0|
13|304|390|0|146|1|0|
13|309|390|0|147|1|0|
13|305|390|0|146|1|0|
13|302|390|0|145|1|0|
13|305|390|0|146|1|0|
13|299|390|0|144|1|0|
13|311|390|0|148|1|0|
13|307|360|0|147|1|0|
13|301|360|0|145|1|0|
13|309|360|0|147|1|0|
13|307|360|0|147|1|0|
13|317|390|0|150|1|0|
13|315|390|0|149|1|0|
13|315|390|0|149|1|0|
13|314|390|0|149|1|0|
13|315|360|0|149|1|0|
13|477|570|0|194|1|0|
13|315|360|0|149|1|0|
13|315|390|0|149|1|0|
13|327|330|0|153|1|0|
13|334|330|0|156|1|0|
13|327|330|0|153|1|0|
13|335|360|0|156|1|0|
13|333|330|0|155|1|0|
13|337|390|0|157|1|0|
13|328|330|0|154|1|0|
13|340|390|0|158|1|0|
13|329|330|0|154|1|0|
13|287|330|0|140|1|0|
13|329|390|0|154|1|0|
13|330|330|0|154|1|0|
13|337|360|0|157|1|0|
13|333|330|0|155|1|0|
13|337|360|0|157|1|0|
13|335|330|0|156|1|0|
13|331|360|0|155|1|0|
13|334|330|0|156|1|0|
13|334|390|0|156|1|0|
13|333|390|0|155|1|0|
13|330|390|0|154|1|0|
13|337|330|0|157|1|0|
13|333|330|0|155|1|0|
13|328|330|0|154|1|0|
13|287|270|0|140|1|0|
13|333|330|0|155|1|0|
13|351|360|0|161|1|0|
13|349|330|0|161|1|0|
13|352|330|0|162|1|0|
13|345|330|0|159|1|0|
13|347|360|0|160|1|0|
13|343|330|0|159|1|0|
13|352|390|0|162|1|0|
13|343|330|0|159|1|0|
13|343|330|0|159|1|0|
13|343|360|0|159|1|0|
13|349|330|0|161|1|0|
13|349|330|0|161|1|0|
13|343|330|0|159|1|0|
13|349|360|0|161|1|0|
13|339|360|0|157|1|0|
13|341|360|0|158|1|0|
13|343|330|0|159|1|0|
13|342|330|0|158|1|0|
13|653|660|0|190|1|0|
13|349|330|0|161|1|0|
13|351|330|0|161|1|0|
13|343|330|0|159|1|0|
13|343|360|0|159|1|0|
13|341|330|0|158|1|0|
13|347|330|0|160|1|0|
13|341|330|0|158|1|0|
13|348|330|0|158|1|0|
13|347|330|0|160|1|0|
13|349|390|0|161|1|0|
13|357|360|0|163|1|0|
13|347|390|0|160|1|0|
13|345|330|0|159|1|0|
13|343|330|0|159|1|0|
13|351|390|0|161|1|0|
13|343|330|0|159|1|0|
13|340|330|0|158|1|0|
13|353|330|0|162|1|0|
13|349|330|0|161|1|0|
13|347|330|0|160|1|0|
13|343|360|0|159|1|0|
13|339|330|0|157|1|0|
13|344|390|0|159|1|0|
13|343|360|0|159|1|0|
13|341|360|0|158|1|0|
13|339|360|0|157|1|0|
13|345|360|0|159|1|0|
13|342|330|0|158|1|0|
13|349|330|0|161|1|0|
13|354|330|0|162|1|0|
13|360|360|0|164|1|0|
13|349|330|0|161|1|0|
13|351|330|0|161|1|0|
13|347|360|0|160|1|0|
13|351|330|0|161|1|0|
13|349|330|0|161|1|0|
13|349|330|0|161|1|0|
13|359|330|0|164|1|0|
13|345|330|0|159|1|0|
13|344|330|0|159|1|0|
13|343|330|0|159|1|0|
13|345|330|0|159|1|0|
13|346|330|0|160|1|0|
13|349|360|0|161|1|0|
13|674|690|0|190|1|0|
13|344|360|0|159|1|0|
13|357|330|0|163|1|0|
13|342|330|0|158|1|0|
13|342|330|0|158|1|0|
13|343|330|0|159|1|0|
13|349|360|0|161|1|0|
13|343|330|0|159|1|0|
13|348|360|0|160|1|0|
13|347|360|0|160|1|0|
13|345|330|0|159|1|0|
13|357|360|0|163|1|0|
13|349|390|0|161|1|0|
13|349|330|0|161|1|0|
13|349|330|0|161|1|0|
13|342|360|0|158|1|0|
13|347|360|0|160|1|0|
13|349|360|0|161|1|0|
13|351|390|0|161|1|0|
13|347|360|0|160|1|0|
13|321|300|0|151|1|0|
13|303|300|0|145|1|0|
13|309|300|0|147|1|0|
13|348|330|0|160|1|0|
13|347|360|0|160|1|0|
13|443|420|0|190|1|0|
13|320|390|0|151|1|0|
13|319|390|0|148|1|0|
13|317|360|0|150|1|0|
13|315|360|0|149|1|0|
13|305|360|0|146|1|0|
13|317|360|0|150|1|0|
13|343|330|0|159|1|0|
13|345|360|0|159|1|0|
13|348|330|0|158|1|0|
13|307|330|0|147|1|0|
13|345|360|0|159|1|0|
13|351|330|0|161|1|0|
13|465|480|0|190|1|0|
13|346|360|0|157|1|0|
13|299|330|0|144|1|0|
13|347|330|0|160|1|0|
13|332|330|0|155|1|0|
13|341|330|0|158|1|0|
13|344|360|0|159|1|0|
13|345|330|0|159|1|0|
13|305|300|0|146|1|0|
13|315|300|0|149|1|0|
13|343|330|0|159|1|0|
13|309|300|0|147|1|0|
13|305|300|0|146|1|0|
13|346|390|0|157|1|0|
13|348|360|0|158|1|0|
13|345|360|0|159|1|0|
13|350|330|0|159|1|0|
13|352|390|0|159|1|0|
13|352|330|0|159|1|0|
13|348|390|0|158|1|0|
13|356|360|0|161|1|0|
13|348|360|0|158|1|0|
13|348|330|0|158|1|0|
13|346|360|0|157|1|0|
13|342|330|0|156|1|0|
13|352|330|0|159|1|0|
13|348|330|0|158|1|0|
13|350|330|0|159|1|0|
13|354|360|0|160|1|0|
13|352|360|0|159|1|0|
13|347|330|0|160|1|0|
13|352|330|0|159|1|0|
13|350|300|0|159|1|0|
13|298|300|0|141|1|0|
13|325|360|0|153|1|0|
13|351|330|0|161|1|0|
13|351|360|0|161|1|0|
13|349|330|0|161|1|0|
13|350|330|0|161|1|0|
13|299|270|0|144|1|0|
13|349|360|0|161|1|0|
13|350|390|0|161|1|0|
13|351|330|0|161|1|0|
13|297|330|0|143|1|0|
13|351|330|0|161|1|0|
13|343|330|0|159|1|0|
13|350|330|0|161|1|0|
13|349|360|0|161|1|0|
13|295|300|0|143|1|0|
13|295|330|0|143|1|0|
13|335|390|0|156|1|0|
13|333|330|0|155|1|0|
13|335|330|0|156|1|0|
13|335|390|0|156|1|0|
13|340|390|0|158|1|0|
13|335|360|0|156|1|0|
13|335|390|0|156|1|0|
13|337|390|0|157|1|0|
13|337|330|0|157|1|0|
13|333|330|0|155|1|0|
13|337|390|0|157|1|0|
13|336|330|0|156|1|0|
13|337|330|0|157|1|0|
13|351|330|0|161|1|0|
13|349|330|0|161|1|0|
13|351|390|0|161|1|0|
13|357|360|0|163|1|0|
13|355|360|0|163|1|0|
13|354|330|0|160|1|0|
13|353|330|0|162|1|0|
13|344|360|0|157|1|0|
13|342|330|0|156|1|0|
13|344|330|0|157|1|0|
13|346|360|0|157|1|0|
13|344|360|0|157|1|0|
13|346|360|0|157|1|0|
13|346|360|0|157|1|0|
13|339|330|0|157|1|0|
13|347|360|0|160|1|0|
13|345|360|0|159|1|0|
13|351|330|0|161|1|0|
13|345|360|0|159|1|0|
13|342|330|0|158|1|0|
13|343|330|0|159|1|0|
13|349|330|0|161|1|0|
13|344|360|0|159|1|0|
13|342|330|0|158|1|0|
13|339|360|0|157|1|0|
13|349|330|0|161|1|0|
13|341|360|0|158|1|0|
13|345|360|0|159|1|0|
13|350|330|0|161|1|0|
13|304|300|0|146|1|0|
13|350|330|0|161|1|0|
13|351|390|0|161|1|0|
13|339|300|0|157|1|0|
13|349|330|0|161|1|0|
13|303|360|0|145|1|0|
13|309|390|0|147|1|0|
13|301|390|0|145|1|0|
13|305|360|0|146|1|0|
13|301|360|0|145|1|0|
13|303|360|0|145|1|0|
13|301|360|0|145|1|0|
13|303|360|0|145|1|0|
13|305|360|0|146|1|0|
13|301|390|0|145|1|0|
13|305|390|0|146|1|0|
13|301|390|0|145|1|0|
13|305|390|0|146|1|0|
13|305|390|0|146|1|0|
13|309|390|0|147|1|0|
13|331|330|0|155|1|0|
13|332|330|0|153|1|0|
13|333|330|0|155|1|0|
13|329|360|0|154|1|0|
13|333|330|0|155|1|0|
13|327|360|0|153|1|0|
13|329|330|0|154|1|0|
13|331|360|0|155|1|0|
13|336|330|0|156|1|0|
13|331|390|0|155|1|0|
13|327|330|0|153|1|0|
13|333|330|0|155|1|0|
13|337|330|0|157|1|0|
13|331|330|0|155|1|0|
13|333|390|0|155|1|0|
13|337|360|0|157|1|0|
13|321|360|0|151|1|0|
13|323|330|0|152|1|0|
13|319|360|0|151|1|0|
13|331|390|0|155|1|0|
13|767|870|0|190|1|0|
13|323|360|0|152|1|0|
13|322|360|0|152|1|0|
13|323|360|0|152|1|0|
13|329|360|0|154|1|0|
13|324|360|0|152|1|0|
13|321|330|0|151|1|0|
13|328|390|0|154|1|0|
13|329|360|0|154|1|0|
13|328|360|0|154|1|0|
13|329|360|0|154|1|0|
13|329|360|0|154|1|0|
13|310|360|0|148|1|0|
13|402|480|0|178|1|0|
13|307|390|0|147|1|0|
13|309|390|0|147|1|0|
13|309|360|0|147|1|0|
13|309|390|0|147|1|0|
13|313|390|0|149|1|0|
13|313|390|0|149|1|0|
13|312|390|0|148|1|0|
13|314|360|0|149|1|0|
13|311|360|0|148|1|0|
13|307|360|0|147|1|0|
13|309|360|0|147|1|0|
13|307|390|0|147|1|0|
13|311|360|0|148|1|0|
13|351|360|0|161|1|0|
13|359|360|0|164|1|0|
13|351|330|0|161|1|0|
13|351|330|0|161|1|0|
13|351|330|0|161|1|0|
13|349|330|0|161|1|0|
13|349|330|0|161|1|0|
13|350|360|0|161|1|0|
13|352|360|0|159|1|0|
13|357|330|0|161|1|0|
13|350|330|0|159|1|0|
13|353|330|0|160|1|0|
13|350|330|0|159|1|0|
13|354|330|0|160|1|0|
13|346|390|0|157|1|0|
13|356|360|0|161|1|0|
13|343|330|0|156|1|0|
13|348|360|0|158|1|0|
13|347|330|0|158|1|0|
13|351|330|0|159|1|0|
13|344|360|0|157|1|0|
13|340|330|0|155|1|0|
13|344|360|0|157|1|0|
13|942|930|0|192|1|0|
13|346|330|0|157|1|0|
13|350|390|0|159|1|0|
13|346|360|0|157|1|0|
