INSTRUCTIONS_RETIRED|CYCLES|UNKNOWN|LD_BLOCKS.STORE_FORWARD|UOPS_EXECUTED.CORE|BR_MISP_RETIRED.ALL_BRANCHES|UOPS_ISSUED.SINGLE_MUL|
13|240|450|0|124|1|0|
13|323|540|0|152|1|0|
13|267|480|0|133|1|0|
13|269|450|0|134|1|0|
13|269|480|0|134|1|0|
13|269|480|0|134|1|0|
13|267|420|0|133|1|0|
13|315|360|0|149|1|0|
13|301|300|0|145|1|0|
13|331|330|0|155|1|0|
13|346|330|0|160|1|0|
13|349|390|0|161|1|0|
13|307|360|0|147|1|0|
13|315|390|0|149|1|0|
13|309|360|0|147|1|0|
13|315|390|0|149|1|0|
13|310|360|0|148|1|0|
13|313|360|0|149|1|0|
13|317|390|0|150|1|0|
13|273|330|0|135|1|0|
13|320|360|0|151|1|0|
13|351|330|0|161|1|0|
13|359|360|0|164|1|0|
13|303|300|0|145|1|0|
13|345|330|0|159|1|0|
13|350|330|0|161|1|0|
13|343|360|0|159|1|0|
13|340|330|0|155|1|0|
13|336|330|0|156|1|0|
13|1029|1020|0|190|1|0|
13|347|330|0|160|1|0|
13|343|330|0|159|1|0|
13|357|360|0|163|1|0|
13|359|360|0|164|1|0|
13|357|360|0|161|1|0|
13|352|330|0|159|1|0|
13|354|330|0|160|1|0|
13|350|330|0|159|1|0|
13|348|360|0|158|1|0|
13|346|330|0|157|1|0|
13|346|330|0|157|1|0|
13|344|330|0|157|1|0|
13|345|330|0|157|1|0|
13|342|360|0|156|1|0|
13|344|330|0|157|1|0|
13|342|360|0|156|1|0|
13|350|360|0|159|1|0|
13|342|330|0|156|1|0|
13|341|360|0|156|1|0|
13|350|360|0|159|1|0|
13|342|330|0|156|1|0|
13|352|330|0|159|1|0|
13|352|330|0|159|1|0|
13|350|360|0|159|1|0|
13|360|330|0|162|1|0|
13|351|360|0|159|1|0|
13|356|330|0|161|1|0|
13|354|360|0|160|1|0|
13|351|330|0|159|1|0|
13|348|330|0|158|1|0|
13|350|330|0|159|1|0|
13|352|360|0|159|1|0|
13|348|360|0|158|1|0|
13|348|360|0|158|1|0|
13|352|360|0|159|1|0|
13|348|300|0|158|1|0|
13|356|330|0|161|1|0|
13|348|330|0|158|1|0|
13|355|360|0|160|1|0|
13|352|330|0|159|1|0|
13|354|330|0|160|1|0|
13|354|330|0|160|1|0|
13|356|330|0|161|1|0|
13|358|330|0|161|1|0|
13|356|360|0|161|1|0|
13|356|360|0|161|1|0|
13|360|360|0|162|1|0|
13|356|330|0|161|1|0|
13|352|330|0|159|1|0|
13|354|360|0|160|1|0|
13|358|330|0|161|1|0|
13|351|330|0|159|1|0|
13|356|330|0|161|1|0|
13|358|330|0|161|1|0|
13|352|330|0|159|1|0|
13|358|330|0|161|1|0|
13|354|330|0|160|1|0|
13|356|330|0|161|1|0|
13|357|330|0|161|1|0|
13|366|330|0|164|1|0|
13|349|330|0|158|1|0|
13|356|360|0|161|1|0|
13|349|330|0|158|1|0|
13|357|360|0|161|1|0|
13|349|330|0|158|1|0|
13|350|360|0|159|1|0|
13|356|330|0|161|1|0|
13|360|360|0|162|1|0|
13|357|330|0|161|1|0|
13|364|330|0|163|1|0|
13|354|330|0|160|1|0|
13|356|330|0|161|1|0|
13|350|300|0|159|1|0|
13|348|360|0|158|1|0|
13|353|330|0|160|1|0|
13|349|330|0|158|1|0|
13|348|330|0|158|1|0|
13|348|360|0|158|1|0|
13|358|330|0|161|1|0|
13|348|330|0|158|1|0|
13|356|360|0|161|1|0|
13|350|330|0|159|1|0|
13|356|360|0|161|1|0|
13|348|330|0|158|1|0|
13|357|330|0|161|1|0|
13|357|360|0|161|1|0|
13|350|330|0|159|1|0|
13|353|360|0|160|1|0|
13|356|360|0|161|1|0|
13|352|330|0|159|1|0|
13|348|360|0|158|1|0|
13|354|330|0|160|1|0|
13|350|330|0|159|1|0|
13|353|330|0|160|1|0|
13|348|330|0|158|1|0|
13|358|360|0|161|1|0|
13|358|360|0|161|1|0|
13|361|360|0|162|1|0|
13|358|360|0|161|1|0|
13|362|330|0|163|1|0|
13|358|360|0|161|1|0|
13|358|360|0|161|1|0|
13|360|330|0|162|1|0|
13|354|330|0|160|1|0|
13|358|360|0|161|1|0|
13|356|360|0|161|1|0|
13|356|330|0|161|1|0|
13|357|360|0|163|1|0|
13|364|330|0|163|1|0|
13|358|330|0|161|1|0|
13|354|330|0|160|1|0|
13|356|360|0|161|1|0|
13|358|330|0|161|1|0|
13|360|330|0|162|1|0|
13|348|330|0|158|1|0|
13|355|330|0|160|1|0|
13|334|330|0|153|1|0|
13|354|330|0|160|1|0|
13|368|360|0|165|1|0|
13|353|360|0|160|1|0|
13|350|330|0|159|1|0|
13|356|330|0|161|1|0|
13|351|360|0|159|1|0|
13|358|330|0|161|1|0|
13|356|330|0|161|1|0|
13|360|360|0|162|1|0|
13|358|360|0|161|1|0|
13|354|360|0|160|1|0|
13|356|360|0|161|1|0|
13|354|360|0|160|1|0|
13|354|360|0|160|1|0|
13|356|330|0|161|1|0|
13|1062|1020|0|192|1|0|
13|350|330|0|159|1|0|
13|356|330|0|161|1|0|
13|356|330|0|161|1|0|
13|312|330|0|146|1|0|
13|351|330|0|159|1|0|
13|364|330|0|163|1|0|
13|970|900|0|188|1|0|
13|356|360|0|161|1|0|
13|350|360|0|159|1|0|
13|846|810|0|192|1|0|
13|348|330|0|158|1|0|
13|360|390|0|162|1|0|
13|349|330|0|158|1|0|
13|348|360|0|158|1|0|
13|316|300|0|147|1|0|
13|358|330|0|161|1|0|
13|310|270|0|145|1|0|
13|353|360|0|160|1|0|
13|350|360|0|159|1|0|
13|348|360|0|158|1|0|
13|360|330|0|162|1|0|
13|350|330|0|159|1|0|
13|349|300|0|158|1|0|
13|350|330|0|159|1|0|
13|354|330|0|160|1|0|
13|354|360|0|160|1|0|
13|354|330|0|160|1|0|
13|348|330|0|158|1|0|
13|358|360|0|161|1|0|
13|350|300|0|159|1|0|
13|349|330|0|158|1|0|
13|356|330|0|161|1|0|
13|352|360|0|159|1|0|
13|358|360|0|161|1|0|
13|356|360|0|161|1|0|
13|357|360|0|161|1|0|
13|326|300|0|151|1|0|
13|352|330|0|159|1|0|
13|356|360|0|161|1|0|
13|358|360|0|161|1|0|
13|356|330|0|161|1|0|
13|357|360|0|163|1|0|
13|355|360|0|163|1|0|
13|357|360|0|163|1|0|
13|304|330|0|143|1|0|
13|303|300|0|145|1|0|
13|347|330|0|160|1|0|
13|343|360|0|159|1|0|
13|329|330|0|154|1|0|
13|329|360|0|154|1|0|
13|330|390|0|152|1|0|
13|330|390|0|152|1|0|
13|339|390|0|155|1|0|
13|338|360|0|155|1|0|
13|336|360|0|154|1|0|
13|343|360|0|156|1|0|
13|328|330|0|151|1|0|
13|337|390|0|157|1|0|
13|339|390|0|157|1|0|
13|335|330|0|154|1|0|
13|338|360|0|155|1|0|
13|330|390|0|152|1|0|
13|330|330|0|152|1|0|
13|328|330|0|151|1|0|
13|330|360|0|152|1|0|
13|328|360|0|151|1|0|
13|329|390|0|154|1|0|
13|303|270|0|145|1|0|
13|366|330|0|164|1|0|
13|353|360|0|160|1|0|
13|360|360|0|162|1|0|
13|358|330|0|161|1|0|
13|356|330|0|161|1|0|
13|358|330|0|161|1|0|
13|360|360|0|162|1|0|
13|361|360|0|162|1|0|
13|350|330|0|159|1|0|
13|310|300|0|145|1|0|
13|356|360|0|161|1|0|
13|342|330|0|158|1|0|
13|349|360|0|161|1|0|
13|441|450|0|191|1|0|
13|347|390|0|160|1|0|
13|617|600|0|194|1|0|
13|342|360|0|158|1|0|
13|339|330|0|157|1|0|
13|345|360|0|159|1|0|
13|305|300|0|146|1|0|
13|343|330|0|159|1|0|
13|345|360|0|159|1|0|
13|344|330|0|159|1|0|
13|347|330|0|160|1|0|
13|351|330|0|161|1|0|
13|347|360|0|160|1|0|
13|348|360|0|160|1|0|
13|341|360|0|158|1|0|
13|347|330|0|160|1|0|
13|351|330|0|161|1|0|
13|345|330|0|159|1|0|
13|349|390|0|161|1|0|
13|349|330|0|161|1|0|
13|353|330|0|162|1|0|
13|363|330|0|165|1|0|
13|358|330|0|164|1|0|
13|365|330|0|166|1|0|
13|362|360|0|165|1|0|
13|361|330|0|165|1|0|
13|308|300|0|147|1|0|
13|305|300|0|146|1|0|
13|343|330|0|159|1|0|
13|341|330|0|158|1|0|
13|352|330|0|159|1|0|
13|304|270|0|143|1|0|
13|341|330|0|158|1|0|
13|351|390|0|161|1|0|
13|355|330|0|163|1|0|
13|354|330|0|160|1|0|
13|360|330|0|162|1|0|
13|359|360|0|164|1|0|
13|358|360|0|161|1|0|
13|348|330|0|158|1|0|
13|297|270|0|143|1|0|
13|693|690|0|192|1|0|
13|343|330|0|159|1|0|
13|295|330|0|143|1|0|
13|341|330|0|158|1|0|
13|343|360|0|159|1|0|
13|303|330|0|145|1|0|
13|350|390|0|161|1|0|
13|345|360|0|159|1|0|
13|351|360|0|161|1|0|
13|339|330|0|157|1|0|
13|344|330|0|159|1|0|
13|342|360|0|158|1|0|
13|349|330|0|161|1|0|
13|351|330|0|161|1|0|
13|343|360|0|159|1|0|
13|341|330|0|158|1|0|
13|399|390|0|177|1|0|
13|291|300|0|141|1|0|
13|339|330|0|157|1|0|
13|331|330|0|155|1|0|
13|335|390|0|156|1|0|
13|335|390|0|156|1|0|
13|335|360|0|156|1|0|
13|338|390|0|157|1|0|
13|335|390|0|156|1|0|
13|335|390|0|156|1|0|
13|333|360|0|155|1|0|
13|329|360|0|154|1|0|
13|340|390|0|158|1|0|
13|335|360|0|156|1|0|
13|321|330|0|151|1|0|
13|335|360|0|156|1|0|
13|328|360|0|154|1|0|
13|328|360|0|154|1|0|
13|847|900|0|194|1|0|
13|338|330|0|155|1|0|
13|338|330|0|155|1|0|
13|338|390|0|155|1|0|
13|338|360|0|155|1|0|
13|328|360|0|151|1|0|
13|330|330|0|152|1|0|
13|337|390|0|154|1|0|
13|298|330|0|141|1|0|
13|322|360|0|149|1|0|
13|324|360|0|150|1|0|
13|324|390|0|150|1|0|
13|325|390|0|150|1|0|
13|320|390|0|149|1|0|
13|326|390|0|151|1|0|
13|322|360|0|149|1|0|
13|318|360|0|148|1|0|
13|940|1080|0|188|1|0|
13|321|360|0|149|1|0|
13|318|360|0|148|1|0|
13|322|390|0|149|1|0|
13|322|390|0|149|1|0|
13|320|390|0|149|1|0|
13|316|360|0|147|1|0|
13|322|390|0|149|1|0|
13|317|390|0|148|1|0|
13|324|390|0|150|1|0|
13|327|360|0|151|1|0|
13|316|360|0|147|1|0|
13|316|390|0|147|1|0|
13|328|390|0|151|1|0|
13|322|360|0|149|1|0|
13|322|390|0|149|1|0|
13|322|360|0|149|1|0|
13|315|360|0|147|1|0|
13|314|360|0|147|1|0|
13|323|360|0|150|1|0|
13|316|360|0|147|1|0|
13|322|360|0|149|1|0|
13|316|360|0|147|1|0|
13|326|360|0|151|1|0|
13|317|390|0|148|1|0|
13|325|360|0|150|1|0|
13|323|360|0|150|1|0|
13|325|360|0|150|1|0|
13|324|390|0|150|1|0|
13|324|360|0|150|1|0|
13|324|360|0|150|1|0|
13|322|360|0|149|1|0|
13|318|390|0|148|1|0|
13|320|360|0|149|1|0|
13|322|360|0|149|1|0|
13|319|390|0|148|1|0|
13|321|360|0|151|1|0|
13|324|360|0|150|1|0|
13|316|360|0|147|1|0|
13|316|390|0|147|1|0|
13|320|360|0|149|1|0|
13|326|360|0|151|1|0|
13|318|390|0|148|1|0|
13|322|360|0|149|1|0|
13|322|390|0|149|1|0|
13|317|390|0|148|1|0|
13|326|360|0|151|1|0|
13|323|390|0|150|1|0|
13|324|360|0|150|1|0|
13|324|390|0|150|1|0|
13|323|390|0|150|1|0|
13|320|390|0|149|1|0|
13|322|390|0|149|1|0|
13|315|360|0|147|1|0|
13|318|360|0|148|1|0|
13|319|390|0|148|1|0|
13|320|390|0|149|1|0|
13|318|360|0|148|1|0|
13|320|360|0|149|1|0|
13|324|360|0|150|1|0|
13|324|390|0|150|1|0|
13|326|390|0|151|1|0|
13|326|390|0|151|1|0|
13|322|390|0|149|1|0|
13|314|360|0|147|1|0|
13|320|390|0|149|1|0|
13|316|360|0|147|1|0|
13|318|360|0|148|1|0|
13|322|360|0|149|1|0|
13|316|360|0|147|1|0|
13|324|390|0|150|1|0|
13|318|360|0|148|1|0|
13|317|390|0|148|1|0|
13|314|360|0|147|1|0|
13|314|360|0|147|1|0|
13|317|360|0|148|1|0|
13|314|360|0|147|1|0|
13|325|390|0|150|1|0|
13|316|360|0|147|1|0|
13|649|750|0|190|1|0|
13|320|360|0|149|1|0|
13|323|360|0|152|1|0|
13|316|360|0|147|1|0|
13|322|360|0|149|1|0|
13|314|360|0|147|1|0|
13|321|360|0|151|1|0|
13|313|360|0|149|1|0|
13|323|390|0|152|1|0|
13|318|360|0|148|1|0|
13|315|360|0|149|1|0|
13|282|300|0|136|1|0|
13|315|360|0|147|1|0|
13|286|330|0|137|1|0|
13|325|360|0|150|1|0|
13|318|360|0|148|1|0|
13|314|390|0|147|1|0|
13|597|690|0|188|1|0|
13|320|360|0|149|1|0|
13|329|360|0|152|1|0|
13|327|360|0|153|1|0|
13|329|360|0|152|1|0|
13|329|390|0|154|1|0|
13|327|360|0|153|1|0|
13|334|390|0|153|1|0|
13|328|360|0|154|1|0|
13|328|360|0|151|1|0|
13|330|330|0|152|1|0|
13|330|390|0|152|1|0|
13|330|390|0|152|1|0|
13|331|390|0|152|1|0|
13|328|360|0|151|1|0|
13|327|390|0|153|1|0|
13|325|330|0|150|1|0|
13|326|360|0|151|1|0|
13|327|360|0|153|1|0|
13|335|390|0|154|1|0|
13|338|360|0|155|1|0|
13|333|330|0|155|1|0|
13|337|330|0|154|1|0|
13|337|360|0|157|1|0|
13|341|390|0|156|1|0|
13|333|390|0|153|1|0|
13|328|330|0|151|1|0|
13|335|390|0|156|1|0|
13|331|390|0|155|1|0|
13|337|330|0|157|1|0|
13|330|360|0|152|1|0|
13|328|360|0|154|1|0|
13|338|360|0|155|1|0|
13|328|330|0|151|1|0|
13|338|360|0|155|1|0|
13|330|360|0|152|1|0|
13|345|390|0|157|1|0|
13|338|330|0|155|1|0|
13|338|330|0|155|1|0|
13|339|330|0|155|1|0|
13|344|330|0|157|1|0|
13|334|330|0|153|1|0|
13|340|360|0|155|1|0|
13|334|330|0|153|1|0|
13|344|360|0|157|1|0|
13|344|360|0|157|1|0|
13|348|360|0|158|1|0|
13|338|330|0|157|1|0|
13|337|360|0|154|1|0|
13|336|330|0|154|1|0|
13|570|600|0|192|1|0|
13|342|360|0|156|1|0|
13|339|360|0|155|1|0|
13|333|330|0|155|1|0|
13|343|390|0|159|1|0|
13|337|360|0|154|1|0|
13|337|360|0|154|1|0|
13|344|330|0|157|1|0|
13|658|660|0|192|1|0|
13|340|330|0|155|1|0|
13|334|330|0|153|1|0|
13|340|360|0|155|1|0|
13|337|360|0|154|1|0|
13|340|360|0|155|1|0|
13|340|360|0|155|1|0|
13|338|330|0|155|1|0|
13|342|360|0|156|1|0|
13|336|360|0|154|1|0|
13|335|330|0|156|1|0|
13|336|330|0|156|1|0|
13|335|330|0|156|1|0|
13|329|360|0|154|1|0|
13|337|360|0|157|1|0|
13|327|330|0|153|1|0|
13|339|390|0|157|1|0|
13|287|300|0|140|1|0|
13|328|330|0|151|1|0|
13|338|390|0|157|1|0|
13|327|390|0|153|1|0|
13|336|360|0|154|1|0|
13|336|330|0|154|1|0|
13|334|360|0|153|1|0|
13|338|330|0|157|1|0|
13|331|390|0|155|1|0|
13|334|330|0|156|1|0|
13|292|300|0|139|1|0|
13|336|390|0|154|1|0|
13|329|330|0|152|1|0|
13|340|330|0|155|1|0|
13|328|330|0|151|1|0|
13|338|390|0|155|1|0|
13|329|330|0|152|1|0|
13|328|330|0|151|1|0|
13|330|360|0|152|1|0|
13|330|330|0|152|1|0|
13|340|330|0|155|1|0|
13|338|390|0|155|1|0|
13|330|330|0|152|1|0|
13|331|330|0|155|1|0|
13|336|330|0|154|1|0|
13|337|330|0|154|1|0|
13|340|330|0|155|1|0|
13|330|330|0|152|1|0|
13|335|330|0|156|1|0|
13|336|390|0|154|1|0|
13|340|390|0|155|1|0|
13|335|360|0|156|1|0|
13|332|360|0|153|1|0|
13|341|330|0|156|1|0|
13|329|330|0|154|1|0|
13|336|360|0|156|1|0|
13|328|390|0|154|1|0|
13|338|330|0|155|1|0|
13|334|360|0|153|1|0|
13|336|330|0|154|1|0|
13|337|330|0|154|1|0|
13|332|330|0|153|1|0|
13|330|330|0|152|1|0|
13|336|330|0|154|1|0|
13|329|360|0|152|1|0|
13|323|330|0|152|1|0|
13|321|360|0|151|1|0|
13|516|570|0|188|1|0|
13|326|360|0|151|1|0|
13|326|360|0|151|1|0|
13|323|390|0|150|1|0|
13|322|360|0|149|1|0|
13|326|360|0|151|1|0|
13|333|360|0|153|1|0|
13|339|360|0|155|1|0|
13|319|360|0|151|1|0|
13|323|360|0|150|1|0|
13|330|360|0|152|1|0|
13|322|390|0|149|1|0|
13|330|360|0|152|1|0|
13|322|330|0|152|1|0|
13|339|390|0|155|1|0|
13|332|330|0|153|1|0|
13|332|330|0|153|1|0|
13|330|390|0|152|1|0|
13|331|390|0|152|1|0|
13|329|360|0|152|1|0|
13|334|360|0|153|1|0|
13|338|360|0|155|1|0|
13|334|360|0|153|1|0|
13|340|390|0|155|1|0|
13|332|390|0|153|1|0|
13|328|330|0|154|1|0|
13|331|330|0|152|1|0|
13|332|330|0|153|1|0|
13|334|390|0|153|1|0|
13|330|330|0|152|1|0|
13|336|390|0|154|1|0|
13|329|390|0|152|1|0|
13|338|360|0|155|1|0|
13|337|390|0|154|1|0|
13|340|390|0|155|1|0|
13|336|390|0|154|1|0|
13|338|390|0|155|1|0|
13|292|330|0|139|1|0|
13|330|330|0|152|1|0|
13|338|330|0|155|1|0|
13|338|330|0|155|1|0|
13|336|330|0|154|1|0|
13|335|330|0|154|1|0|
13|328|360|0|151|1|0|
13|338|390|0|155|1|0|
13|337|360|0|157|1|0|
13|318|330|0|150|1|0|
13|322|360|0|152|1|0|
13|324|390|0|152|1|0|
13|315|360|0|149|1|0|
13|322|360|0|152|1|0|
13|320|390|0|151|1|0|
13|320|390|0|151|1|0|
13|323|360|0|152|1|0|
13|323|390|0|152|1|0|
13|318|360|0|150|1|0|
13|323|360|0|152|1|0|
13|315|390|0|149|1|0|
13|315|360|0|149|1|0|
13|316|390|0|150|1|0|
13|313|360|0|149|1|0|
13|300|390|0|144|1|0|
13|309|330|0|147|1|0|
13|307|360|0|147|1|0|
13|318|360|0|150|1|0|
13|308|360|0|147|1|0|
13|313|360|0|149|1|0|
13|271|300|0|135|1|0|
13|317|360|0|150|1|0|
13|309|390|0|147|1|0|
13|315|360|0|149|1|0|
13|307|390|0|147|1|0|
13|311|390|0|148|1|0|
13|305|360|0|146|1|0|
13|311|360|0|148|1|0|
13|311|390|0|148|1|0|
13|307|390|0|147|1|0|
13|311|360|0|148|1|0|
13|314|390|0|149|1|0|
13|306|390|0|146|1|0|
13|311|360|0|148|1|0|
13|308|390|0|145|1|0|
13|308|360|0|147|1|0|
13|308|360|0|147|1|0|
13|316|390|0|150|1|0|
13|314|390|0|149|1|0|
13|313|360|0|149|1|0|
13|299|360|0|144|1|0|
13|312|360|0|148|1|0|
13|315|360|0|149|1|0|
13|308|390|0|147|1|0|
13|317|390|0|150|1|0|
13|313|360|0|149|1|0|
13|315|390|0|149|1|0|
13|315|360|0|149|1|0|
13|823|990|0|190|1|0|
13|347|300|0|160|1|0|
13|357|360|0|163|1|0|
13|341|330|0|158|1|0|
13|351|330|0|161|1|0|
13|348|330|0|160|1|0|
13|347|360|0|160|1|0|
13|347|330|0|160|1|0|
13|351|330|0|161|1|0|
13|351|390|0|161|1|0|
13|347|330|0|160|1|0|
13|348|330|0|160|1|0|
13|349|360|0|161|1|0|
13|326|360|0|153|1|0|
13|343|330|0|159|1|0|
13|339|330|0|157|1|0|
13|359|360|0|164|1|0|
13|347|360|0|160|1|0|
13|355|360|0|163|1|0|
13|355|360|0|163|1|0|
13|355|360|0|163|1|0|
13|357|330|0|163|1|0|
13|354|360|0|162|1|0|
13|648|630|0|194|1|0|
13|355|330|0|163|1|0|
13|349|330|0|161|1|0|
13|355|330|0|163|1|0|
13|351|330|0|161|1|0|
13|350|330|0|161|1|0|
13|355|360|0|163|1|0|
13|493|480|0|194|1|0|
13|344|360|0|159|1|0|
13|353|360|0|162|1|0|
13|339|360|0|157|1|0|
13|357|360|0|163|1|0|
13|349|330|0|161|1|0|
13|347|360|0|160|1|0|
13|354|330|0|162|1|0|
13|341|330|0|158|1|0|
13|1073|1080|0|194|1|0|
13|343|360|0|159|1|0|
13|341|330|0|158|1|0|
13|508|540|0|194|1|0|
13|351|330|0|161|1|0|
13|347|330|0|160|1|0|
13|354|390|0|162|1|0|
13|347|330|0|160|1|0|
13|349|330|0|161|1|0|
13|343|330|0|159|1|0|
13|1153|1140|0|194|1|0|
13|343|330|0|159|1|0|
13|353|390|0|162|1|0|
13|348|330|0|160|1|0|
13|355|330|0|163|1|0|
13|355|330|0|163|1|0|
13|359|360|0|164|1|0|
13|353|330|0|162|1|0|
13|356|330|0|163|1|0|
13|347|330|0|160|1|0|
13|348|360|0|160|1|0|
13|347|330|0|160|1|0|
13|341|360|0|158|1|0|
13|349|390|0|161|1|0|
13|341|360|0|158|1|0|
13|343|330|0|159|1|0|
13|341|360|0|158|1|0|
13|347|330|0|160|1|0|
13|345|390|0|159|1|0|
13|349|330|0|161|1|0|
13|345|360|0|159|1|0|
13|343|330|0|159|1|0|
13|351|390|0|161|1|0|
13|343|360|0|159|1|0|
13|343|330|0|159|1|0|
13|341|360|0|158|1|0|
13|353|330|0|162|1|0|
13|345|330|0|159|1|0|
13|349|360|0|161|1|0|
13|339|300|0|157|1|0|
13|352|330|0|162|1|0|
13|341|330|0|158|1|0|
13|339|360|0|157|1|0|
13|349|360|0|161|1|0|
13|296|270|0|143|1|0|
13|349|360|0|161|1|0|
13|341|330|0|158|1|0|
13|347|330|0|160|1|0|
13|345|330|0|159|1|0|
13|347|330|0|160|1|0|
13|325|330|0|153|1|0|
13|317|360|0|150|1|0|
13|317|390|0|150|1|0|
13|317|390|0|150|1|0|
13|351|360|0|161|1|0|
13|311|360|0|148|1|0|
13|331|360|0|155|1|0|
13|310|360|0|148|1|0|
13|318|390|0|150|1|0|
13|321|360|0|151|1|0|
13|317|360|0|150|1|0|
13|324|360|0|152|1|0|
13|316|360|0|150|1|0|
13|324|390|0|152|1|0|
13|315|360|0|149|1|0|
13|326|390|0|153|1|0|
13|315|360|0|149|1|0|
13|320|360|0|151|1|0|
13|316|360|0|147|1|0|
13|323|390|0|152|1|0|
13|323|360|0|152|1|0|
13|282|360|0|138|1|0|
13|321|360|0|151|1|0|
13|315|390|0|149|1|0|
13|308|360|0|147|1|0|
13|313|360|0|149|1|0|
13|322|360|0|152|1|0|
13|321|360|0|151|1|0|
13|315|390|0|149|1|0|
13|323|360|0|152|1|0|
13|315|390|0|149|1|0|
13|321|360|0|151|1|0|
13|315|360|0|149|1|0|
13|337|360|0|157|1|0|
13|333|360|0|155|1|0|
13|333|360|0|155|1|0|
13|335|330|0|156|1|0|
13|332|330|0|153|1|0|
13|332|330|0|155|1|0|
13|331|330|0|155|1|0|
13|329|330|0|154|1|0|
13|330|360|0|154|1|0|
13|327|360|0|153|1|0|
13|332|360|0|155|1|0|
13|336|390|0|156|1|0|
13|337|330|0|157|1|0|
13|329|360|0|154|1|0|
13|329|390|0|154|1|0|
13|337|390|0|157|1|0|
13|340|390|0|158|1|0|
13|292|270|0|139|1|0|
13|308|330|0|147|1|0|
13|349|390|0|161|1|0|
13|347|330|0|160|1|0|
13|348|360|0|160|1|0|
13|345|330|0|159|1|0|
13|347|390|0|160|1|0|
13|352|330|0|162|1|0|
13|345|330|0|159|1|0|
13|344|360|0|157|1|0|
13|343|360|0|159|1|0|
13|344|360|0|159|1|0|
13|341|330|0|158|1|0|
13|349|360|0|161|1|0|
13|341|360|0|158|1|0|
13|339|360|0|157|1|0|
13|347|300|0|160|1|0|
13|343|360|0|159|1|0|
13|359|360|0|164|1|0|
13|359|330|0|164|1|0|
13|353|360|0|162|1|0|
13|351|330|0|161|1|0|
13|347|360|0|160|1|0|
13|350|330|0|161|1|0|
13|349|330|0|161|1|0|
13|473|510|0|194|1|0|
13|351|330|0|161|1|0|
13|341|360|0|158|1|0|
13|349|360|0|161|1|0|
13|344|360|0|159|1|0|
13|343|330|0|159|1|0|
13|341|360|0|158|1|0|
13|341|330|0|158|1|0|
13|349|330|0|161|1|0|
13|341|360|0|158|1|0|
13|351|390|0|161|1|0|
13|343|360|0|159|1|0|
13|339|330|0|157|1|0|
13|351|330|0|161|1|0|
13|343|330|0|159|1|0|
13|349|330|0|161|1|0|
13|351|390|0|161|1|0|
13|342|330|0|158|1|0|
13|351|360|0|161|1|0|
13|343|330|0|159|1|0|
13|351|330|0|161|1|0|
13|321|300|0|151|1|0|
13|351|390|0|161|1|0|
13|339|360|0|157|1|0|
13|347|390|0|160|1|0|
13|349|360|0|161|1|0|
13|345|360|0|159|1|0|
13|339|330|0|157|1|0|
13|349|330|0|161|1|0|
13|335|360|0|156|1|0|
13|334|330|0|156|1|0|
13|333|390|0|155|1|0|
13|335|390|0|156|1|0|
13|331|360|0|155|1|0|
13|329|390|0|154|1|0|
13|331|360|0|155|1|0|
13|327|330|0|153|1|0|
13|331|390|0|155|1|0|
13|329|390|0|154|1|0|
13|333|390|0|155|1|0|
13|337|360|0|157|1|0|
13|335|360|0|156|1|0|
13|330|360|0|154|1|0|
13|335|330|0|156|1|0|
13|331|390|0|155|1|0|
13|309|360|0|147|1|0|
13|311|390|0|148|1|0|
13|315|360|0|149|1|0|
13|317|390|0|150|1|0|
13|315|390|0|149|1|0|
13|317|390|0|150|1|0|
13|309|360|0|147|1|0|
13|315|390|0|149|1|0|
13|317|390|0|150|1|0|
13|315|390|0|149|1|0|
13|315|390|0|149|1|0|
13|317|360|0|150|1|0|
13|353|420|0|162|1|0|
13|315|390|0|149|1|0|
13|307|360|0|147|1|0|
13|315|390|0|149|1|0|
13|408|480|0|180|1|0|
13|311|390|0|148|1|0|
13|315|360|0|149|1|0|
13|313|390|0|149|1|0|
13|306|360|0|146|1|0|
13|311|360|0|148|1|0|
13|308|360|0|147|1|0|
13|319|360|0|151|1|0|
13|313|360|0|149|1|0|
13|307|330|0|147|1|0|
13|309|360|0|147|1|0|
13|308|360|0|147|1|0|
13|309|390|0|147|1|0|
13|297|330|0|143|1|0|
13|309|360|0|147|1|0|
13|317|390|0|150|1|0|
13|269|330|0|134|1|0|
13|318|390|0|150|1|0|
13|307|390|0|147|1|0|
13|315|390|0|149|1|0|
13|309|390|0|147|1|0|
13|311|330|0|148|1|0|
13|319|390|0|151|1|0|
13|311|390|0|148|1|0|
13|313|390|0|149|1|0|
13|310|360|0|148|1|0|
13|311|360|0|148|1|0|
13|310|390|0|148|1|0|
13|308|390|0|147|1|0|
13|311|360|0|148|1|0|
13|308|360|0|147|1|0|
13|317|360|0|150|1|0|
13|317|360|0|150|1|0|
13|311|390|0|148|1|0|
13|313|360|0|149|1|0|
13|309|390|0|147|1|0|
13|313|390|0|149|1|0|
13|311|360|0|148|1|0|
13|309|360|0|147|1|0|
13|311|390|0|148|1|0|
13|277|300|0|137|1|0|
13|302|360|0|145|1|0|
13|302|390|0|145|1|0|
13|303|360|0|145|1|0|
13|303|360|0|145|1|0|
13|304|360|0|146|1|0|
13|309|390|0|147|1|0|
13|311|420|0|148|1|0|
13|309|360|0|147|1|0|
13|300|360|0|144|1|0|
13|311|390|0|148|1|0|
13|510|600|0|192|1|0|
13|310|390|0|145|1|0|
13|273|330|0|135|1|0|
13|273|330|0|135|1|0|
13|307|360|0|147|1|0|
13|307|360|0|147|1|0|
13|313|360|0|149|1|0|
13|309|360|0|147|1|0|
13|313|390|0|149|1|0|
13|310|360|0|148|1|0|
13|316|360|0|150|1|0|
13|307|390|0|147|1|0|
13|315|360|0|149|1|0|
13|293|330|0|142|1|0|
13|315|390|0|149|1|0|
13|307|360|0|147|1|0|
13|307|360|0|147|1|0|
13|320|360|0|151|1|0|
13|307|390|0|147|1|0|
13|307|390|0|147|1|0|
13|309|390|0|147|1|0|
13|425|510|0|186|1|0|
13|309|360|0|147|1|0|
13|311|360|0|148|1|0|
13|309|390|0|147|1|0|
13|315|390|0|149|1|0|
13|317|390|0|150|1|0|
13|319|360|0|151|1|0|
13|315|390|0|149|1|0|
13|308|360|0|147|1|0|
13|310|390|0|148|1|0|
13|318|360|0|150|1|0|
13|316|390|0|149|1|0|
13|312|390|0|148|1|0|
13|315|390|0|149|1|0|
13|310|360|0|148|1|0|
13|317|360|0|150|1|0|
13|315|360|0|149|1|0|
13|313|360|0|149|1|0|
13|307|360|0|147|1|0|
13|307|360|0|147|1|0|
13|307|360|0|147|1|0|
13|413|480|0|182|1|0|
13|309|330|0|147|1|0|
13|309|360|0|147|1|0|
13|309|390|0|147|1|0|
13|317|390|0|150|1|0|
13|309|390|0|147|1|0|
13|911|1050|0|190|1|0|
13|315|390|0|149|1|0|
13|323|390|0|152|1|0|
13|313|360|0|149|1|0|
13|313|360|0|149|1|0|
13|315|360|0|149|1|0|
13|313|360|0|149|1|0|
13|313|360|0|149|1|0|
13|317|330|0|150|1|0|
13|313|360|0|149|1|0|
13|323|360|0|152|1|0|
13|319|360|0|151|1|0|
13|322|360|0|152|1|0|
13|315|360|0|149|1|0|
13|340|390|0|158|1|0|
13|329|390|0|154|1|0|
13|335|330|0|156|1|0|
13|327|330|0|153|1|0|
13|337|390|0|157|1|0|
13|337|330|0|157|1|0|
13|339|330|0|157|1|0|
13|707|780|0|190|1|0|
13|339|360|0|157|1|0|
13|338|330|0|157|1|0|
13|330|390|0|154|1|0|
13|335|390|0|156|1|0|
13|329|360|0|154|1|0|
