INSTRUCTIONS_RETIRED|CYCLES|UNKNOWN|LD_BLOCKS.STORE_FORWARD|UOPS_EXECUTED.CORE|BR_MISP_RETIRED.ALL_BRANCHES|UOPS_ISSUED.SINGLE_MUL|
13|317|300|0|147|1|0|
13|354|330|0|159|1|0|
13|347|360|0|157|1|0|
13|351|390|0|159|1|0|
13|347|330|0|157|1|0|
13|341|360|0|155|1|0|
13|349|330|0|158|1|0|
13|342|330|0|156|1|0|
13|341|360|0|155|1|0|
13|346|360|0|157|1|0|
13|343|360|0|156|1|0|
13|353|330|0|159|1|0|
13|349|360|0|158|1|0|
13|349|360|0|158|1|0|
13|1214|1200|0|188|1|0|
13|355|330|0|160|1|0|
13|345|360|0|157|1|0|
13|345|390|0|157|1|0|
13|352|330|0|159|1|0|
13|345|330|0|157|1|0|
13|345|360|0|157|1|0|
13|347|330|0|157|1|0|
13|347|330|0|157|1|0|
13|349|390|0|158|1|0|
13|350|330|0|158|1|0|
13|349|360|0|158|1|0|
13|351|390|0|159|1|0|
13|357|360|0|161|1|0|
13|360|330|0|161|1|0|
13|360|330|0|161|1|0|
13|359|360|0|161|1|0|
13|357|360|0|161|1|0|
13|341|330|0|155|1|0|
13|347|330|0|157|1|0|
13|346|330|0|157|1|0|
13|352|330|0|159|1|0|
13|342|330|0|155|1|0|
13|347|330|0|157|1|0|
13|352|330|0|159|1|0|
13|353|330|0|159|1|0|
13|349|360|0|158|1|0|
13|351|360|0|159|1|0|
13|350|330|0|158|1|0|
13|357|330|0|161|1|0|
13|354|330|0|160|1|0|
13|516|510|0|190|1|0|
13|357|360|0|161|1|0|
13|353|390|0|159|1|0|
13|355|360|0|160|1|0|
13|349|330|0|158|1|0|
13|343|330|0|156|1|0|
13|347|330|0|157|1|0|
13|351|330|0|159|1|0|
13|341|360|0|155|1|0|
13|355|390|0|160|1|0|
13|341|330|0|155|1|0|
13|349|330|0|158|1|0|
13|351|330|0|159|1|0|
13|351|360|0|159|1|0|
13|351|330|0|159|1|0|
13|345|330|0|157|1|0|
13|350|360|0|158|1|0|
13|347|360|0|157|1|0|
13|350|330|0|158|1|0|
13|348|360|0|157|1|0|
13|360|330|0|162|1|0|
13|361|330|0|162|1|0|
13|355|360|0|160|1|0|
13|346|360|0|157|1|0|
13|305|300|0|143|1|0|
13|344|300|0|156|1|0|
13|349|360|0|158|1|0|
13|354|360|0|159|1|0|
13|298|300|0|141|1|0|
13|342|360|0|158|1|0|
13|336|330|0|154|1|0|
13|335|390|0|153|1|0|
13|335|360|0|153|1|0|
13|337|360|0|154|1|0|
13|332|360|0|152|1|0|
13|329|390|0|151|1|0|
13|334|330|0|156|1|0|
13|336|330|0|153|1|0|
13|330|390|0|154|1|0|
13|332|330|0|152|1|0|
13|338|390|0|154|1|0|
13|340|360|0|155|1|0|
13|333|330|0|155|1|0|
13|332|360|0|152|1|0|
13|311|390|0|145|1|0|
13|316|360|0|149|1|0|
13|310|360|0|145|1|0|
13|317|360|0|147|1|0|
13|310|390|0|145|1|0|
13|830|990|0|188|1|0|
13|317|390|0|147|1|0|
13|310|390|0|145|1|0|
13|320|390|0|148|1|0|
13|317|390|0|147|1|0|
13|274|330|0|133|1|0|
13|339|390|0|155|1|0|
13|282|330|0|136|1|0|
13|326|390|0|150|1|0|
13|317|360|0|147|1|0|
13|323|360|0|149|1|0|
13|317|360|0|147|1|0|
13|318|390|0|148|1|0|
13|317|360|0|147|1|0|
13|319|360|0|148|1|0|
13|315|360|0|147|1|0|
13|323|360|0|149|1|0|
13|325|390|0|150|1|0|
13|316|360|0|147|1|0|
13|326|390|0|150|1|0|
13|318|360|0|147|1|0|
13|358|360|0|161|1|0|
13|350|330|0|158|1|0|
13|348|330|0|157|1|0|
13|352|330|0|159|1|0|
13|350|330|0|158|1|0|
13|302|300|0|142|1|0|
13|353|360|0|159|1|0|
13|348|360|0|157|1|0|
13|352|360|0|159|1|0|
13|347|330|0|157|1|0|
13|345|330|0|157|1|0|
13|307|300|0|144|1|0|
13|345|360|0|157|1|0|
13|300|330|0|142|1|0|
13|349|330|0|158|1|0|
13|347|330|0|157|1|0|
13|345|330|0|157|1|0|
13|347|330|0|157|1|0|
13|344|360|0|156|1|0|
13|349|390|0|158|1|0|
13|341|330|0|155|1|0|
13|347|360|0|157|1|0|
13|347|330|0|157|1|0|
13|347|360|0|157|1|0|
13|353|360|0|159|1|0|
13|351|330|0|159|1|0|
13|341|330|0|155|1|0|
13|349|390|0|158|1|0|
13|716|720|0|188|1|0|
13|347|330|0|157|1|0|
13|349|330|0|158|1|0|
13|345|330|0|157|1|0|
13|345|330|0|157|1|0|
13|347|390|0|157|1|0|
13|346|330|0|157|1|0|
13|351|390|0|159|1|0|
13|347|360|0|157|1|0|
13|353|330|0|159|1|0|
13|345|330|0|157|1|0|
13|349|330|0|158|1|0|
13|355|330|0|160|1|0|
13|343|330|0|156|1|0|
13|353|330|0|159|1|0|
13|350|330|0|158|1|0|
13|350|330|0|158|1|0|
13|349|360|0|158|1|0|
13|352|330|0|159|1|0|
13|346|360|0|157|1|0|
13|352|330|0|159|1|0|
13|346|360|0|157|1|0|
13|354|360|0|159|1|0|
13|344|330|0|156|1|0|
13|353|390|0|159|1|0|
13|340|360|0|155|1|0|
13|354|330|0|159|1|0|
13|358|360|0|161|1|0|
13|353|360|0|159|1|0|
13|358|360|0|161|1|0|
13|360|360|0|161|1|0|
13|980|960|0|192|1|0|
13|352|330|0|159|1|0|
13|354|330|0|159|1|0|
13|352|330|0|159|1|0|
13|354|330|0|159|1|0|
13|356|360|0|160|1|0|
13|354|330|0|159|1|0|
13|358|360|0|161|1|0|
13|358|360|0|161|1|0|
13|358|330|0|161|1|0|
13|360|330|0|161|1|0|
13|362|330|0|162|1|0|
13|356|330|0|160|1|0|
13|360|360|0|161|1|0|
13|360|330|0|161|1|0|
13|356|360|0|160|1|0|
13|368|330|0|164|1|0|
13|356|330|0|160|1|0|
13|355|330|0|160|1|0|
13|352|330|0|159|1|0|
13|356|330|0|160|1|0|
13|352|330|0|159|1|0|
13|362|330|0|162|1|0|
13|360|330|0|161|1|0|
13|358|360|0|161|1|0|
13|352|360|0|159|1|0|
13|364|360|0|163|1|0|
13|350|360|0|158|1|0|
13|358|390|0|161|1|0|
13|307|300|0|144|1|0|
13|355|330|0|160|1|0|
13|356|330|0|160|1|0|
13|351|330|0|158|1|0|
13|362|360|0|162|1|0|
13|354|330|0|159|1|0|
13|356|360|0|160|1|0|
13|336|360|0|153|1|0|
13|342|330|0|155|1|0|
13|340|330|0|155|1|0|
13|338|360|0|154|1|0|
13|340|360|0|155|1|0|
13|340|330|0|155|1|0|
13|342|390|0|155|1|0|
13|340|360|0|155|1|0|
13|347|360|0|157|1|0|
13|344|330|0|156|1|0|
13|349|330|0|158|1|0|
13|344|360|0|156|1|0|
13|343|360|0|156|1|0|
13|346|330|0|157|1|0|
13|346|360|0|157|1|0|
13|344|330|0|156|1|0|
13|346|330|0|157|1|0|
13|342|360|0|155|1|0|
13|346|360|0|157|1|0|
13|352|330|0|159|1|0|
13|352|360|0|159|1|0|
13|354|330|0|159|1|0|
13|350|330|0|158|1|0|
13|363|330|0|163|1|0|
13|351|330|0|159|1|0|
13|357|360|0|161|1|0|
13|356|360|0|160|1|0|
13|360|360|0|162|1|0|
13|354|360|0|160|1|0|
13|353|330|0|159|1|0|
13|352|330|0|159|1|0|
13|353|330|0|159|1|0|
13|349|360|0|158|1|0|
13|355|330|0|160|1|0|
13|349|330|0|158|1|0|
13|355|360|0|160|1|0|
13|349|330|0|158|1|0|
13|349|360|0|158|1|0|
13|359|360|0|161|1|0|
13|1019|990|0|188|1|0|
13|357|330|0|161|1|0|
13|351|330|0|159|1|0|
13|355|360|0|160|1|0|
13|349|360|0|158|1|0|
13|359|330|0|161|1|0|
13|352|360|0|159|1|0|
13|358|330|0|161|1|0|
13|356|330|0|160|1|0|
13|360|330|0|161|1|0|
13|354|330|0|159|1|0|
13|360|360|0|161|1|0|
13|354|360|0|159|1|0|
13|361|330|0|162|1|0|
13|362|360|0|162|1|0|
13|356|360|0|160|1|0|
13|360|360|0|161|1|0|
13|358|330|0|161|1|0|
13|356|330|0|160|1|0|
13|350|360|0|158|1|0|
13|356|360|0|160|1|0|
13|352|330|0|159|1|0|
13|354|330|0|159|1|0|
13|354|360|0|159|1|0|
13|376|390|0|167|1|0|
13|350|360|0|158|1|0|
13|361|360|0|162|1|0|
13|358|360|0|161|1|0|
13|350|360|0|158|1|0|
13|910|900|0|192|1|0|
13|352|330|0|159|1|0|
13|357|360|0|160|1|0|
13|358|330|0|161|1|0|
13|357|360|0|160|1|0|
13|352|330|0|159|1|0|
13|352|360|0|159|1|0|
13|352|330|0|159|1|0|
13|360|330|0|161|1|0|
13|349|360|0|158|1|0|
13|351|360|0|158|1|0|
13|360|330|0|161|1|0|
13|358|330|0|161|1|0|
13|350|330|0|158|1|0|
13|359|330|0|161|1|0|
13|356|360|0|160|1|0|
13|314|330|0|146|1|0|
13|360|360|0|161|1|0|
13|357|330|0|161|1|0|
13|366|360|0|163|1|0|
13|368|330|0|164|1|0|
13|352|330|0|159|1|0|
13|354|330|0|159|1|0|
13|358|330|0|161|1|0|
13|350|330|0|158|1|0|
13|360|330|0|161|1|0|
13|343|390|0|156|1|0|
13|347|330|0|157|1|0|
13|335|360|0|153|1|0|
13|350|360|0|158|1|0|
13|1115|1140|0|192|1|0|
13|343|360|0|156|1|0|
13|345|330|0|157|1|0|
13|339|360|0|155|1|0|
13|346|360|0|157|1|0|
13|686|720|0|192|1|0|
13|346|360|0|157|1|0|
13|344|360|0|156|1|0|
13|344|360|0|156|1|0|
13|342|360|0|155|1|0|
13|339|360|0|155|1|0|
13|345|360|0|157|1|0|
13|341|330|0|155|1|0|
13|340|360|0|155|1|0|
13|337|360|0|154|1|0|
13|298|330|0|141|1|0|
13|649|660|0|188|1|0|
13|343|330|0|156|1|0|
13|344|390|0|156|1|0|
13|345|390|0|157|1|0|
13|345|330|0|157|1|0|
13|345|360|0|157|1|0|
13|491|510|0|192|1|0|
13|301|300|0|142|1|0|
13|345|390|0|157|1|0|
13|465|480|0|188|1|0|
13|349|360|0|158|1|0|
13|341|330|0|155|1|0|
13|343|360|0|156|1|0|
13|345|360|0|157|1|0|
13|345|330|0|157|1|0|
13|343|360|0|156|1|0|
13|352|330|0|159|1|0|
13|351|360|0|159|1|0|
13|349|390|0|158|1|0|
13|345|360|0|157|1|0|
13|348|390|0|158|1|0|
13|342|330|0|156|1|0|
13|357|360|0|161|1|0|
13|341|330|0|155|1|0|
13|348|360|0|157|1|0|
13|341|330|0|155|1|0|
13|357|360|0|161|1|0|
13|525|540|0|194|1|0|
13|341|330|0|155|1|0|
13|349|360|0|158|1|0|
13|341|330|0|155|1|0|
13|345|330|0|157|1|0|
13|347|330|0|157|1|0|
13|485|510|0|188|1|0|
13|345|330|0|157|1|0|
13|358|330|0|161|1|0|
13|349|330|0|158|1|0|
13|379|390|0|168|1|0|
13|351|330|0|159|1|0|
13|362|360|0|162|1|0|
13|353|360|0|159|1|0|
13|347|330|0|157|1|0|
13|345|360|0|157|1|0|
13|349|360|0|158|1|0|
13|345|390|0|157|1|0|
13|354|330|0|159|1|0|
13|349|330|0|158|1|0|
13|342|360|0|156|1|0|
13|300|330|0|141|1|0|
13|344|330|0|156|1|0|
13|346|330|0|157|1|0|
13|338|360|0|154|1|0|
13|342|360|0|155|1|0|
13|339|330|0|155|1|0|
13|337|330|0|154|1|0|
13|341|360|0|155|1|0|
13|339|330|0|155|1|0|
13|338|330|0|154|1|0|
13|340|330|0|155|1|0|
13|339|360|0|155|1|0|
13|343|360|0|156|1|0|
13|295|300|0|140|1|0|
13|345|360|0|157|1|0|
13|866|870|0|192|1|0|
13|343|330|0|156|1|0|
13|345|360|0|157|1|0|
13|347|390|0|157|1|0|
13|331|390|0|152|1|0|
13|330|390|0|152|1|0|
13|327|360|0|151|1|0|
13|327|360|0|151|1|0|
13|331|330|0|152|1|0|
13|323|360|0|149|1|0|
13|333|390|0|153|1|0|
13|328|360|0|151|1|0|
13|334|330|0|153|1|0|
13|323|360|0|149|1|0|
13|333|390|0|153|1|0|
13|323|360|0|149|1|0|
13|333|330|0|153|1|0|
13|325|360|0|150|1|0|
13|331|360|0|152|1|0|
13|325|330|0|150|1|0|
13|329|360|0|151|1|0|
13|329|390|0|151|1|0|
13|333|330|0|153|1|0|
13|339|390|0|155|1|0|
13|337|330|0|154|1|0|
13|337|330|0|154|1|0|
13|329|390|0|151|1|0|
13|335|330|0|153|1|0|
13|331|390|0|152|1|0|
13|329|330|0|151|1|0|
13|333|360|0|153|1|0|
13|337|330|0|154|1|0|
13|331|330|0|152|1|0|
13|338|360|0|154|1|0|
13|331|390|0|152|1|0|
13|333|390|0|153|1|0|
13|315|360|0|147|1|0|
13|315|360|0|147|1|0|
13|317|360|0|147|1|0|
13|319|360|0|148|1|0|
13|317|390|0|147|1|0|
13|317|360|0|147|1|0|
13|316|390|0|147|1|0|
13|325|360|0|150|1|0|
13|321|390|0|149|1|0|
13|323|360|0|149|1|0|
13|319|390|0|148|1|0|
13|317|330|0|147|1|0|
13|321|360|0|149|1|0|
13|319|360|0|148|1|0|
13|325|360|0|150|1|0|
13|307|330|0|144|1|0|
13|309|390|0|145|1|0|
13|309|390|0|145|1|0|
13|319|360|0|148|1|0|
13|319|390|0|148|1|0|
13|313|360|0|146|1|0|
13|311|360|0|145|1|0|
13|475|570|0|188|1|0|
13|317|390|0|147|1|0|
13|313|360|0|146|1|0|
13|311|330|0|145|1|0|
13|271|360|0|132|1|0|
13|317|360|0|147|1|0|
13|309|360|0|145|1|0|
13|314|360|0|146|1|0|
13|323|360|0|149|1|0|
13|326|360|0|150|1|0|
13|329|360|0|151|1|0|
13|327|360|0|151|1|0|
13|331|390|0|152|1|0|
13|325|360|0|150|1|0|
13|331|390|0|152|1|0|
13|324|330|0|150|1|0|
13|324|360|0|150|1|0|
13|325|360|0|150|1|0|
13|325|330|0|150|1|0|
13|332|390|0|152|1|0|
13|324|360|0|149|1|0|
13|324|360|0|149|1|0|
13|325|360|0|150|1|0|
13|918|1020|0|188|1|0|
13|328|360|0|151|1|0|
13|344|390|0|156|1|0|
13|362|360|0|162|1|0|
13|984|960|0|192|1|0|
13|357|360|0|160|1|0|
13|350|330|0|158|1|0|
13|359|330|0|161|1|0|
13|356|360|0|160|1|0|
13|358|330|0|161|1|0|
13|354|330|0|159|1|0|
13|362|330|0|162|1|0|
13|311|330|0|145|1|0|
13|359|330|0|161|1|0|
13|353|330|0|159|1|0|
13|355|330|0|160|1|0|
13|349|360|0|158|1|0|
13|355|330|0|160|1|0|
13|353|360|0|159|1|0|
13|358|360|0|161|1|0|
13|349|300|0|158|1|0|
13|359|360|0|161|1|0|
13|349|360|0|158|1|0|
13|355|330|0|160|1|0|
13|343|330|0|156|1|0|
13|359|360|0|161|1|0|
13|353|330|0|159|1|0|
13|361|360|0|162|1|0|
13|563|570|0|188|1|0|
13|359|360|0|161|1|0|
13|351|330|0|159|1|0|
13|355|360|0|160|1|0|
13|346|360|0|157|1|0|
13|352|360|0|159|1|0|
13|354|330|0|159|1|0|
13|353|360|0|159|1|0|
13|379|360|0|168|1|0|
13|353|330|0|159|1|0|
13|349|390|0|158|1|0|
13|335|360|0|153|1|0|
13|335|330|0|153|1|0|
13|331|360|0|152|1|0|
13|331|330|0|152|1|0|
13|329|330|0|151|1|0|
13|330|360|0|152|1|0|
13|330|360|0|152|1|0|
13|329|390|0|151|1|0|
13|335|330|0|153|1|0|
13|331|360|0|152|1|0|
13|335|390|0|153|1|0|
13|330|330|0|152|1|0|
13|332|390|0|152|1|0|
13|333|390|0|153|1|0|
13|333|390|0|153|1|0|
13|333|390|0|153|1|0|
13|315|360|0|147|1|0|
13|315|390|0|147|1|0|
13|334|390|0|153|1|0|
13|319|360|0|148|1|0|
13|521|600|0|188|1|0|
13|317|390|0|147|1|0|
13|734|810|0|188|1|0|
13|319|390|0|148|1|0|
13|328|360|0|151|1|0|
13|321|390|0|149|1|0|
13|318|360|0|148|1|0|
13|328|360|0|151|1|0|
13|318|390|0|148|1|0|
13|319|360|0|148|1|0|
13|319|360|0|148|1|0|
13|321|390|0|149|1|0|
13|333|330|0|153|1|0|
13|340|390|0|155|1|0|
13|331|330|0|152|1|0|
13|331|390|0|152|1|0|
13|332|330|0|152|1|0|
13|329|330|0|151|1|0|
13|339|390|0|155|1|0|
13|338|390|0|154|1|0|
13|329|390|0|151|1|0|
13|331|390|0|152|1|0|
13|329|330|0|151|1|0|
13|331|360|0|152|1|0|
13|334|330|0|153|1|0|
13|331|330|0|152|1|0|
13|337|330|0|154|1|0|
13|327|360|0|153|1|0|
13|1069|1170|0|192|1|0|
13|331|360|0|152|1|0|
13|333|390|0|153|1|0|
13|331|390|0|152|1|0|
13|332|330|0|152|1|0|
13|335|330|0|153|1|0|
13|337|360|0|154|1|0|
13|330|330|0|152|1|0|
13|335|330|0|153|1|0|
13|331|360|0|152|1|0|
13|338|360|0|154|1|0|
13|333|390|0|153|1|0|
13|331|330|0|152|1|0|
13|337|330|0|154|1|0|
13|331|330|0|152|1|0|
13|332|330|0|152|1|0|
13|339|390|0|155|1|0|
13|337|390|0|154|1|0|
13|329|360|0|151|1|0|
13|339|330|0|155|1|0|
13|332|330|0|152|1|0|
13|337|390|0|154|1|0|
13|329|390|0|151|1|0|
13|333|360|0|153|1|0|
13|331|360|0|152|1|0|
13|333|330|0|153|1|0|
13|335|390|0|153|1|0|
13|342|330|0|156|1|0|
13|339|330|0|155|1|0|
13|337|390|0|154|1|0|
13|333|360|0|153|1|0|
13|337|360|0|154|1|0|
13|331|330|0|152|1|0|
13|339|390|0|155|1|0|
13|329|360|0|151|1|0|
13|335|390|0|153|1|0|
13|331|330|0|152|1|0|
13|332|360|0|152|1|0|
13|333|390|0|153|1|0|
13|331|360|0|152|1|0|
13|335|390|0|153|1|0|
13|331|360|0|152|1|0|
13|341|330|0|155|1|0|
13|329|360|0|151|1|0|
13|332|360|0|152|1|0|
13|335|390|0|153|1|0|
13|333|360|0|153|1|0|
13|331|390|0|152|1|0|
13|334|390|0|153|1|0|
13|329|360|0|151|1|0|
13|335|330|0|153|1|0|
13|340|330|0|155|1|0|
13|329|330|0|151|1|0|
13|329|390|0|151|1|0|
13|334|390|0|153|1|0|
13|333|390|0|153|1|0|
13|329|360|0|151|1|0|
13|331|330|0|152|1|0|
13|329|390|0|151|1|0|
13|340|360|0|155|1|0|
13|1055|1140|0|192|1|0|
13|342|360|0|156|1|0|
13|337|390|0|154|1|0|
13|333|330|0|153|1|0|
13|341|330|0|155|1|0|
13|331|360|0|152|1|0|
13|319|360|0|148|1|0|
13|320|390|0|151|1|0|
13|309|360|0|145|1|0|
13|283|330|0|136|1|0|
13|317|390|0|147|1|0|
13|319|390|0|148|1|0|
13|317|390|0|147|1|0|
13|311|390|0|145|1|0|
13|313|390|0|146|1|0|
13|317|390|0|147|1|0|
13|313|390|0|146|1|0|
13|316|390|0|147|1|0|
13|318|360|0|148|1|0|
13|313|360|0|146|1|0|
13|317|390|0|147|1|0|
13|315|390|0|147|1|0|
13|317|360|0|147|1|0|
13|319|360|0|148|1|0|
13|311|390|0|145|1|0|
13|318|390|0|148|1|0|
13|318|390|0|147|1|0|
13|310|390|0|145|1|0|
13|315|390|0|147|1|0|
13|313|390|0|146|1|0|
13|311|390|0|145|1|0|
13|312|360|0|146|1|0|
13|322|390|0|149|1|0|
13|372|450|0|166|1|0|
13|317|390|0|147|1|0|
13|310|390|0|145|1|0|
13|309|360|0|145|1|0|
13|310|360|0|145|1|0|
13|311|360|0|145|1|0|
13|311|360|0|145|1|0|
13|309|390|0|145|1|0|
13|319|390|0|148|1|0|
13|317|360|0|147|1|0|
13|316|390|0|147|1|0|
13|314|390|0|146|1|0|
13|311|390|0|145|1|0|
13|319|390|0|148|1|0|
13|311|360|0|145|1|0|
13|309|360|0|145|1|0|
13|311|360|0|145|1|0|
13|315|390|0|147|1|0|
13|315|390|0|147|1|0|
13|315|390|0|147|1|0|
13|313|390|0|146|1|0|
13|313|360|0|146|1|0|
13|315|390|0|147|1|0|
13|317|390|0|147|1|0|
13|309|390|0|145|1|0|
13|313|390|0|146|1|0|
13|311|360|0|145|1|0|
13|315|360|0|147|1|0|
13|311|390|0|145|1|0|
13|319|360|0|148|1|0|
13|309|360|0|145|1|0|
13|317|390|0|147|1|0|
13|317|390|0|147|1|0|
13|311|360|0|145|1|0|
13|318|390|0|148|1|0|
13|319|360|0|148|1|0|
13|313|390|0|146|1|0|
13|317|360|0|147|1|0|
13|309|360|0|147|1|0|
13|319|390|0|148|1|0|
13|319|390|0|148|1|0|
13|311|360|0|145|1|0|
13|317|390|0|147|1|0|
13|313|390|0|146|1|0|
13|313|360|0|146|1|0|
13|313|360|0|146|1|0|
13|319|390|0|148|1|0|
13|312|390|0|146|1|0|
13|319|360|0|148|1|0|
13|310|360|0|145|1|0|
13|311|360|0|145|1|0|
13|314|390|0|146|1|0|
13|311|390|0|145|1|0|
13|320|360|0|148|1|0|
13|307|390|0|144|1|0|
13|317|390|0|147|1|0|
13|315|390|0|147|1|0|
13|317|390|0|147|1|0|
13|315|360|0|147|1|0|
13|313|390|0|146|1|0|
13|313|390|0|146|1|0|
13|311|360|0|145|1|0|
13|314|360|0|146|1|0|
13|311|360|0|145|1|0|
13|309|390|0|145|1|0|
13|319|390|0|148|1|0|
13|309|360|0|145|1|0|
13|321|360|0|149|1|0|
13|309|360|0|145|1|0|
13|315|390|0|147|1|0|
13|315|390|0|147|1|0|
13|310|360|0|145|1|0|
13|315|360|0|147|1|0|
13|309|360|0|145|1|0|
13|309|390|0|145|1|0|
13|317|390|0|147|1|0|
13|315|390|0|147|1|0|
13|347|300|0|160|1|0|
13|355|330|0|160|1|0|
13|353|330|0|159|1|0|
13|349|360|0|158|1|0|
13|349|330|0|158|1|0|
13|355|360|0|160|1|0|
13|349|300|0|158|1|0|
13|355|330|0|160|1|0|
13|359|330|0|161|1|0|
13|359|360|0|161|1|0|
13|351|330|0|159|1|0|
13|355|330|0|160|1|0|
13|354|360|0|160|1|0|
13|349|330|0|158|1|0|
13|353|360|0|159|1|0|
13|355|360|0|160|1|0|
13|357|360|0|161|1|0|
13|354|360|0|160|1|0|
13|359|360|0|161|1|0|
13|349|330|0|158|1|0|
13|355|330|0|160|1|0|
13|351|330|0|159|1|0|
13|359|330|0|161|1|0|
13|349|300|0|158|1|0|
13|351|330|0|159|1|0|
13|352|330|0|159|1|0|
13|341|360|0|158|1|0|
13|349|360|0|158|1|0|
13|344|330|0|156|1|0|
13|349|330|0|158|1|0|
13|343|360|0|156|1|0|
13|323|300|0|149|1|0|
13|343|360|0|156|1|0|
13|343|330|0|156|1|0|
13|351|330|0|159|1|0|
13|349|360|0|158|1|0|
13|355|330|0|160|1|0|
13|343|330|0|156|1|0|
13|351|360|0|159|1|0|
13|351|390|0|159|1|0|
13|344|360|0|156|1|0|
13|343|330|0|156|1|0|
13|351|390|0|159|1|0|
13|343|330|0|156|1|0|
13|351|360|0|159|1|0|
13|667|660|0|188|1|0|
13|349|330|0|158|1|0|
13|353|330|0|159|1|0|
13|357|330|0|161|1|0|
13|359|360|0|161|1|0|
13|357|330|0|161|1|0|
13|353|360|0|159|1|0|
13|355|360|0|160|1|0|
13|354|330|0|160|1|0|
13|359|360|0|161|1|0|
13|359|360|0|161|1|0|
13|353|330|0|159|1|0|
13|351|330|0|159|1|0|
13|345|330|0|157|1|0|
13|347|360|0|157|1|0|
13|349|390|0|158|1|0|
13|345|360|0|157|1|0|
13|346|330|0|157|1|0|
13|347|330|0|157|1|0|
13|347|330|0|157|1|0|
13|352|360|0|159|1|0|
13|361|360|0|162|1|0|
13|351|360|0|159|1|0|
13|354|360|0|160|1|0|
13|359|330|0|161|1|0|
13|359|360|0|161|1|0|
13|352|360|0|159|1|0|
13|359|360|0|161|1|0|
13|351|360|0|159|1|0|
13|362|390|0|162|1|0|
13|351|330|0|159|1|0|
13|353|360|0|159|1|0|
13|362|360|0|162|1|0|
13|360|330|0|162|1|0|
13|357|330|0|161|1|0|
13|361|360|0|162|1|0|
13|361|360|0|162|1|0|
13|357|360|0|161|1|0|
13|358|330|0|161|1|0|
13|361|360|0|162|1|0|
13|359|330|0|161|1|0|
13|357|330|0|161|1|0|
13|349|330|0|158|1|0|
13|359|330|0|161|1|0|
13|357|330|0|161|1|0|
13|361|330|0|162|1|0|
13|533|540|0|192|1|0|
13|359|330|0|161|1|0|
13|310|300|0|145|1|0|
13|353|330|0|159|1|0|
13|443|450|0|188|1|0|
13|318|360|0|147|1|0|
13|350|330|0|158|1|0|
13|352|330|0|159|1|0|
13|303|300|0|143|1|0|
13|305|330|0|146|1|0|
13|341|330|0|155|1|0|
13|345|330|0|157|1|0|
13|343|330|0|156|1|0|
13|381|390|0|169|1|0|
13|300|270|0|142|1|0|
13|347|330|0|157|1|0|
13|327|360|0|151|1|0|
13|323|390|0|152|1|0|
13|325|360|0|150|1|0|
13|325|390|0|150|1|0|
13|325|360|0|150|1|0|
13|326|390|0|150|1|0|
13|327|390|0|150|1|0|
13|344|360|0|156|1|0|
13|278|330|0|134|1|0|
13|326|390|0|150|1|0|
13|279|330|0|134|1|0|
13|346|330|0|157|1|0|
13|318|390|0|147|1|0|
13|326|360|0|150|1|0|
13|326|390|0|150|1|0|
13|324|360|0|150|1|0|
13|345|360|0|157|1|0|
13|977|1080|0|192|1|0|
13|321|360|0|149|1|0|
13|335|360|0|153|1|0|
13|326|360|0|150|1|0|
13|321|360|0|149|1|0|
13|329|330|0|151|1|0|
13|351|360|0|159|1|0|
13|329|390|0|151|1|0|
13|324|360|0|150|1|0|
13|329|420|0|151|1|0|
13|323|390|0|149|1|0|
13|323|360|0|149|1|0|
13|321|360|0|149|1|0|
13|323|360|0|149|1|0|
13|318|390|0|147|1|0|
13|324|390|0|149|1|0|
13|320|360|0|148|1|0|
13|318|390|0|147|1|0|
13|320|330|0|148|1|0|
13|336|330|0|153|1|0|
13|337|330|0|154|1|0|
13|344|390|0|156|1|0|
13|341|360|0|155|1|0|
13|343|360|0|156|1|0|
13|333|360|0|153|1|0|
13|350|330|0|158|1|0|
13|346|330|0|157|1|0|
13|352|360|0|159|1|0|
13|348|390|0|157|1|0|
13|355|330|0|160|1|0|
13|305|270|0|143|1|0|
13|348|360|0|158|1|0|
13|356|360|0|160|1|0|
13|353|360|0|159|1|0|
13|351|330|0|158|1|0|
13|351|360|0|159|1|0|
13|342|330|0|156|1|0|
13|345|330|0|157|1|0|
13|343|360|0|156|1|0|
13|341|360|0|155|1|0|
13|343|360|0|156|1|0|
13|344|360|0|156|1|0|
13|342|330|0|156|1|0|
13|341|330|0|155|1|0|
13|356|330|0|160|1|0|
13|345|330|0|157|1|0|
13|344|330|0|156|1|0|
13|351|330|0|159|1|0|
13|343|360|0|156|1|0|
13|341|360|0|155|1|0|
13|353|390|0|159|1|0|
13|343|360|0|156|1|0|
13|345|330|0|157|1|0|
13|345|330|0|157|1|0|
13|342|330|0|156|1|0|
13|331|390|0|152|1|0|
13|359|330|0|161|1|0|
13|351|330|0|159|1|0|
13|359|360|0|161|1|0|
13|355|330|0|160|1|0|
13|567|570|0|188|1|0|
13|353|360|0|159|1|0|
13|353|360|0|159|1|0|
13|341|330|0|155|1|0|
13|347|330|0|157|1|0|
13|343|330|0|156|1|0|
13|349|360|0|158|1|0|
13|345|330|0|159|1|0|
13|341|360|0|155|1|0|
13|348|330|0|158|1|0|
13|343|360|0|156|1|0|
13|357|360|0|161|1|0|
13|350|300|0|158|1|0|
13|351|360|0|159|1|0|
13|353|360|0|159|1|0|
13|355|360|0|160|1|0|
13|350|330|0|158|1|0|
13|350|330|0|158|1|0|
13|341|330|0|155|1|0|
13|353|390|0|159|1|0|
13|351|330|0|158|1|0|
13|345|330|0|157|1|0|
13|352|330|0|159|1|0|
13|346|330|0|157|1|0|
13|343|330|0|156|1|0|
13|354|330|0|159|1|0|
13|352|330|0|159|1|0|
13|352|330|0|159|1|0|
13|350|390|0|158|1|0|
13|347|330|0|160|1|0|
13|352|360|0|159|1|0|
13|343|330|0|156|1|0|
13|337|390|0|154|1|0|
13|341|390|0|155|1|0|
13|337|330|0|154|1|0|
13|332|330|0|152|1|0|
13|341|390|0|155|1|0|
13|332|330|0|152|1|0|
13|340|360|0|155|1|0|
13|340|390|0|155|1|0|
13|334|390|0|153|1|0|
13|336|360|0|153|1|0|
13|338|360|0|154|1|0|
13|341|330|0|155|1|0|
13|337|330|0|154|1|0|
13|330|390|0|151|1|0|
13|330|390|0|151|1|0|
13|331|390|0|152|1|0|
13|336|390|0|153|1|0|
13|341|390|0|155|1|0|
13|332|390|0|152|1|0|
13|332|390|0|152|1|0|
13|337|360|0|154|1|0|
13|339|330|0|155|1|0|
13|335|390|0|153|1|0|
13|335|390|0|153|1|0|
13|332|330|0|152|1|0|
13|331|330|0|152|1|0|
13|338|330|0|154|1|0|
13|336|330|0|153|1|0|
13|339|360|0|155|1|0|
13|338|360|0|154|1|0|
13|340|360|0|155|1|0|
13|333|360|0|153|1|0|
13|330|390|0|152|1|0|
13|333|360|0|153|1|0|
13|337|330|0|154|1|0|
13|339|390|0|155|1|0|
13|329|330|0|151|1|0|
13|342|390|0|156|1|0|
13|332|360|0|152|1|0|
13|331|330|0|152|1|0|
13|329|360|0|151|1|0|
13|338|360|0|154|1|0|
13|342|360|0|155|1|0|
13|330|330|0|151|1|0|
13|340|390|0|155|1|0|
13|336|360|0|153|1|0|
13|332|390|0|152|1|0|
13|337|360|0|154|1|0|
13|338|390|0|154|1|0|
13|298|330|0|141|1|0|
13|324|390|0|149|1|0|
13|324|330|0|149|1|0|
13|328|390|0|151|1|0|
13|324|360|0|149|1|0|
13|323|360|0|149|1|0|
13|324|360|0|149|1|0|
13|321|360|0|148|1|0|
13|326|360|0|150|1|0|
13|319|360|0|148|1|0|
