INSTRUCTIONS_RETIRED|CYCLES|UNKNOWN|LD_BLOCKS.STORE_FORWARD|UOPS_EXECUTED.CORE|BR_MISP_RETIRED.ALL_BRANCHES|UOPS_ISSUED.SINGLE_MUL|
13|323|330|0|152|1|0|
13|301|270|0|145|1|0|
13|349|360|0|161|1|0|
13|350|330|0|161|1|0|
13|351|330|0|161|1|0|
13|351|330|0|161|1|0|
13|327|360|0|153|1|0|
13|323|360|0|152|1|0|
13|321|360|0|151|1|0|
13|321|390|0|151|1|0|
13|282|330|0|138|1|0|
13|324|390|0|152|1|0|
13|328|360|0|154|1|0|
13|332|360|0|155|1|0|
13|327|360|0|153|1|0|
13|293|330|0|142|1|0|
13|325|330|0|153|1|0|
13|323|390|0|152|1|0|
13|331|360|0|155|1|0|
13|289|330|0|141|1|0|
13|329|330|0|154|1|0|
13|290|300|0|139|1|0|
13|337|360|0|157|1|0|
13|335|330|0|156|1|0|
13|324|360|0|150|1|0|
13|351|330|0|161|1|0|
13|340|360|0|158|1|0|
13|347|360|0|160|1|0|
13|345|360|0|159|1|0|
13|347|360|0|160|1|0|
13|380|390|0|169|1|0|
13|1089|1110|0|190|1|0|
13|347|330|0|160|1|0|
13|1121|1140|0|190|1|0|
13|353|360|0|162|1|0|
13|353|390|0|162|1|0|
13|346|330|0|160|1|0|
13|351|360|0|161|1|0|
13|351|330|0|161|1|0|
13|349|330|0|158|1|0|
13|344|360|0|157|1|0|
13|991|990|0|194|1|0|
13|347|360|0|160|1|0|
13|357|330|0|163|1|0|
13|353|360|0|162|1|0|
13|347|360|0|160|1|0|
13|353|360|0|162|1|0|
13|339|360|0|157|1|0|
13|343|360|0|159|1|0|
13|341|360|0|158|1|0|
13|343|390|0|159|1|0|
13|349|330|0|161|1|0|
13|1101|1110|0|194|1|0|
13|347|330|0|160|1|0|
13|343|330|0|159|1|0|
13|355|330|0|163|1|0|
13|343|330|0|159|1|0|
13|353|330|0|162|1|0|
13|349|390|0|161|1|0|
13|357|330|0|163|1|0|
13|343|360|0|159|1|0|
13|347|330|0|160|1|0|
13|350|330|0|159|1|0|
13|351|360|0|159|1|0|
13|352|390|0|159|1|0|
13|734|720|0|188|1|0|
13|352|390|0|159|1|0|
13|610|600|0|192|1|0|
13|345|330|0|159|1|0|
13|349|330|0|161|1|0|
13|346|330|0|157|1|0|
13|346|390|0|157|1|0|
13|361|330|0|162|1|0|
13|348|330|0|158|1|0|
13|352|360|0|159|1|0|
13|351|360|0|161|1|0|
13|350|300|0|159|1|0|
13|356|360|0|161|1|0|
13|351|360|0|161|1|0|
13|354|330|0|160|1|0|
13|358|330|0|161|1|0|
13|360|360|0|162|1|0|
13|358|330|0|161|1|0|
13|354|330|0|160|1|0|
13|359|330|0|162|1|0|
13|357|330|0|161|1|0|
13|361|360|0|162|1|0|
13|358|360|0|161|1|0|
13|350|360|0|159|1|0|
13|358|360|0|161|1|0|
13|358|360|0|161|1|0|
13|349|330|0|158|1|0|
13|352|330|0|159|1|0|
13|358|360|0|161|1|0|
13|353|360|0|160|1|0|
13|353|360|0|160|1|0|
13|355|330|0|163|1|0|
13|347|330|0|160|1|0|
13|342|330|0|158|1|0|
13|343|330|0|159|1|0|
13|341|360|0|158|1|0|
13|347|360|0|160|1|0|
13|341|330|0|158|1|0|
13|343|360|0|159|1|0|
13|343|360|0|159|1|0|
13|345|360|0|159|1|0|
13|341|330|0|158|1|0|
13|907|930|0|194|1|0|
13|991|1020|0|194|1|0|
13|349|360|0|161|1|0|
13|347|390|0|160|1|0|
13|350|390|0|161|1|0|
13|351|360|0|161|1|0|
13|347|360|0|160|1|0|
13|346|330|0|160|1|0|
13|319|360|0|151|1|0|
13|325|360|0|153|1|0|
13|314|330|0|149|1|0|
13|323|360|0|152|1|0|
13|317|360|0|150|1|0|
13|317|360|0|150|1|0|
13|319|360|0|151|1|0|
13|318|360|0|150|1|0|
13|323|390|0|152|1|0|
13|319|360|0|151|1|0|
13|317|360|0|150|1|0|
13|323|390|0|152|1|0|
13|323|390|0|152|1|0|
13|321|390|0|151|1|0|
13|323|390|0|152|1|0|
13|315|360|0|149|1|0|
13|315|390|0|149|1|0|
13|313|360|0|149|1|0|
13|315|390|0|149|1|0|
13|311|390|0|148|1|0|
13|315|390|0|149|1|0|
13|317|390|0|150|1|0|
13|313|330|0|149|1|0|
13|309|360|0|147|1|0|
13|311|360|0|148|1|0|
13|315|390|0|149|1|0|
13|309|390|0|147|1|0|
13|310|360|0|148|1|0|
13|277|330|0|137|1|0|
13|307|360|0|147|1|0|
13|309|360|0|147|1|0|
13|309|360|0|147|1|0|
13|315|390|0|149|1|0|
13|308|390|0|147|1|0|
13|315|390|0|149|1|0|
13|308|390|0|147|1|0|
13|315|390|0|149|1|0|
13|313|390|0|149|1|0|
13|314|360|0|149|1|0|
13|317|360|0|150|1|0|
13|317|390|0|150|1|0|
13|315|390|0|149|1|0|
13|315|390|0|149|1|0|
13|314|390|0|149|1|0|
13|759|900|0|190|1|0|
13|310|390|0|148|1|0|
13|311|390|0|148|1|0|
13|311|360|0|148|1|0|
13|839|1020|0|190|1|0|
13|813|990|0|190|1|0|
13|307|390|0|147|1|0|
13|313|390|0|149|1|0|
13|811|960|0|194|1|0|
13|791|960|0|190|1|0|
13|315|360|0|149|1|0|
13|314|390|0|149|1|0|
13|309|390|0|147|1|0|
13|313|390|0|149|1|0|
13|317|390|0|150|1|0|
13|315|390|0|149|1|0|
13|312|390|0|148|1|0|
13|311|360|0|148|1|0|
13|313|390|0|149|1|0|
13|313|390|0|149|1|0|
13|899|1080|0|190|1|0|
13|309|360|0|147|1|0|
13|311|360|0|148|1|0|
13|320|360|0|151|1|0|
13|313|390|0|149|1|0|
13|319|390|0|151|1|0|
13|308|360|0|147|1|0|
13|315|390|0|149|1|0|
13|308|360|0|147|1|0|
13|318|390|0|150|1|0|
13|307|330|0|147|1|0|
13|523|630|0|190|1|0|
13|845|1020|0|194|1|0|
13|317|390|0|150|1|0|
13|311|360|0|148|1|0|
13|312|360|0|148|1|0|
13|311|390|0|148|1|0|
13|309|360|0|147|1|0|
13|316|360|0|150|1|0|
13|301|270|0|145|1|0|
13|343|360|0|159|1|0|
13|343|330|0|159|1|0|
13|345|330|0|159|1|0|
13|347|330|0|160|1|0|
13|343|330|0|159|1|0|
13|340|330|0|158|1|0|
13|346|330|0|160|1|0|
13|349|330|0|161|1|0|
13|345|330|0|159|1|0|
13|355|330|0|163|1|0|
13|349|330|0|161|1|0|
13|357|360|0|163|1|0|
13|355|360|0|163|1|0|
13|347|330|0|160|1|0|
13|347|360|0|160|1|0|
13|356|360|0|163|1|0|
13|353|330|0|162|1|0|
13|353|330|0|162|1|0|
13|351|330|0|161|1|0|
13|353|330|0|162|1|0|
13|355|330|0|163|1|0|
13|351|360|0|161|1|0|
13|357|330|0|163|1|0|
13|353|360|0|162|1|0|
13|350|360|0|161|1|0|
13|351|330|0|161|1|0|
13|353|330|0|162|1|0|
13|348|300|0|160|1|0|
13|355|360|0|163|1|0|
13|349|360|0|161|1|0|
13|355|330|0|163|1|0|
13|349|330|0|161|1|0|
13|353|330|0|162|1|0|
13|359|360|0|164|1|0|
13|349|360|0|161|1|0|
13|347|330|0|160|1|0|
13|355|330|0|163|1|0|
13|349|330|0|161|1|0|
13|357|360|0|163|1|0|
13|348|330|0|160|1|0|
13|355|360|0|163|1|0|
13|361|360|0|165|1|0|
13|331|330|0|155|1|0|
13|350|330|0|161|1|0|
13|357|330|0|163|1|0|
13|349|330|0|161|1|0|
13|344|360|0|159|1|0|
13|349|360|0|161|1|0|
13|345|360|0|159|1|0|
13|341|360|0|158|1|0|
13|343|360|0|159|1|0|
13|343|330|0|159|1|0|
13|347|360|0|160|1|0|
13|351|360|0|161|1|0|
13|357|360|0|163|1|0|
13|349|330|0|161|1|0|
13|348|330|0|160|1|0|
13|348|330|0|160|1|0|
13|349|330|0|161|1|0|
13|343|360|0|159|1|0|
13|341|330|0|158|1|0|
13|347|330|0|160|1|0|
13|351|330|0|161|1|0|
13|353|330|0|162|1|0|
13|355|330|0|163|1|0|
13|355|360|0|163|1|0|
13|348|330|0|160|1|0|
13|352|330|0|162|1|0|
13|353|330|0|162|1|0|
13|355|330|0|163|1|0|
13|348|330|0|160|1|0|
13|360|330|0|164|1|0|
13|349|360|0|161|1|0|
13|350|360|0|161|1|0|
13|352|330|0|162|1|0|
13|351|360|0|161|1|0|
13|350|360|0|161|1|0|
13|351|330|0|161|1|0|
13|355|360|0|163|1|0|
13|433|450|0|189|1|0|
13|357|330|0|163|1|0|
13|337|360|0|157|1|0|
13|617|630|0|194|1|0|
13|323|300|0|152|1|0|
13|301|270|0|145|1|0|
13|299|300|0|144|1|0|
13|349|330|0|161|1|0|
13|349|330|0|161|1|0|
13|342|360|0|158|1|0|
13|339|330|0|157|1|0|
13|341|330|0|158|1|0|
13|349|330|0|161|1|0|
13|343|360|0|159|1|0|
13|305|330|0|146|1|0|
13|343|360|0|159|1|0|
13|266|330|0|133|1|0|
13|253|360|0|129|1|0|
13|343|330|0|159|1|0|
13|344|330|0|159|1|0|
13|350|330|0|161|1|0|
13|347|330|0|160|1|0|
13|329|330|0|154|1|0|
13|373|420|0|169|1|0|
13|331|330|0|155|1|0|
13|338|330|0|157|1|0|
13|327|330|0|153|1|0|
13|847|930|0|190|1|0|
13|328|390|0|154|1|0|
13|293|300|0|142|1|0|
13|349|330|0|161|1|0|
13|350|330|0|161|1|0|
13|351|330|0|161|1|0|
13|1107|1140|0|194|1|0|
13|345|330|0|159|1|0|
13|327|360|0|153|1|0|
13|319|360|0|151|1|0|
13|328|360|0|154|1|0|
13|351|390|0|161|1|0|
13|330|360|0|152|1|0|
13|316|360|0|147|1|0|
13|330|360|0|152|1|0|
13|324|330|0|150|1|0|
13|348|330|0|158|1|0|
13|348|330|0|158|1|0|
13|334|360|0|153|1|0|
13|312|330|0|146|1|0|
13|350|330|0|159|1|0|
13|348|330|0|158|1|0|
13|347|360|0|160|1|0|
13|348|330|0|158|1|0|
13|347|330|0|160|1|0|
13|345|360|0|159|1|0|
13|345|330|0|159|1|0|
13|341|360|0|158|1|0|
13|350|360|0|161|1|0|
13|347|330|0|160|1|0|
13|350|330|0|161|1|0|
13|347|390|0|160|1|0|
13|351|330|0|161|1|0|
13|343|330|0|159|1|0|
13|349|360|0|161|1|0|
13|347|330|0|160|1|0|
13|323|360|0|152|1|0|
13|334|390|0|153|1|0|
13|336|360|0|154|1|0|
13|338|390|0|155|1|0|
13|330|330|0|152|1|0|
13|337|390|0|154|1|0|
13|331|330|0|152|1|0|
13|312|360|0|146|1|0|
13|332|390|0|153|1|0|
13|332|360|0|153|1|0|
13|326|360|0|151|1|0|
13|330|360|0|152|1|0|
13|326|390|0|151|1|0|
13|323|360|0|150|1|0|
13|324|360|0|150|1|0|
13|318|390|0|148|1|0|
13|322|360|0|149|1|0|
13|318|360|0|148|1|0|
13|314|330|0|147|1|0|
13|319|330|0|148|1|0|
13|316|390|0|147|1|0|
13|305|330|0|144|1|0|
13|316|360|0|147|1|0|
13|852|990|0|192|1|0|
13|316|390|0|147|1|0|
13|320|360|0|149|1|0|
13|324|390|0|150|1|0|
13|317|390|0|148|1|0|
13|325|390|0|150|1|0|
13|322|360|0|149|1|0|
13|324|360|0|150|1|0|
13|322|360|0|149|1|0|
13|324|360|0|150|1|0|
13|320|360|0|149|1|0|
13|327|360|0|151|1|0|
13|315|360|0|147|1|0|
13|326|390|0|151|1|0|
13|318|360|0|148|1|0|
13|324|360|0|150|1|0|
13|324|390|0|150|1|0|
13|318|390|0|148|1|0|
13|326|360|0|151|1|0|
13|772|900|0|188|1|0|
13|324|360|0|150|1|0|
13|322|360|0|149|1|0|
13|318|360|0|148|1|0|
13|322|390|0|149|1|0|
13|314|360|0|147|1|0|
13|318|360|0|148|1|0|
13|324|390|0|150|1|0|
13|320|360|0|149|1|0|
13|318|360|0|148|1|0|
13|320|390|0|149|1|0|
13|319|390|0|148|1|0|
13|321|390|0|149|1|0|
13|318|390|0|148|1|0|
13|316|390|0|147|1|0|
13|316|360|0|147|1|0|
13|324|330|0|150|1|0|
13|378|420|0|168|1|0|
13|908|1050|0|188|1|0|
13|316|360|0|147|1|0|
13|324|390|0|150|1|0|
13|315|360|0|147|1|0|
13|318|360|0|148|1|0|
13|314|360|0|147|1|0|
13|326|390|0|151|1|0|
13|316|360|0|147|1|0|
13|325|390|0|150|1|0|
13|324|360|0|150|1|0|
13|322|390|0|149|1|0|
13|327|360|0|151|1|0|
13|320|390|0|149|1|0|
13|322|390|0|149|1|0|
13|322|360|0|149|1|0|
13|324|360|0|150|1|0|
13|318|360|0|148|1|0|
13|324|390|0|150|1|0|
13|324|390|0|150|1|0|
13|322|390|0|149|1|0|
13|318|330|0|148|1|0|
13|322|390|0|149|1|0|
13|320|360|0|149|1|0|
13|316|360|0|147|1|0|
13|324|360|0|150|1|0|
13|764|900|0|192|1|0|
13|325|360|0|150|1|0|
13|319|390|0|148|1|0|
13|322|390|0|149|1|0|
13|314|360|0|147|1|0|
13|322|360|0|149|1|0|
13|303|330|0|143|1|0|
13|325|360|0|150|1|0|
13|315|360|0|147|1|0|
13|318|390|0|148|1|0|
13|318|360|0|148|1|0|
13|316|360|0|147|1|0|
13|319|360|0|148|1|0|
13|316|360|0|147|1|0|
13|319|360|0|148|1|0|
13|320|360|0|149|1|0|
13|314|330|0|147|1|0|
13|328|360|0|151|1|0|
13|317|360|0|148|1|0|
13|314|390|0|147|1|0|
13|324|360|0|150|1|0|
13|318|360|0|148|1|0|
13|320|330|0|149|1|0|
13|326|360|0|151|1|0|
13|323|360|0|150|1|0|
13|322|390|0|149|1|0|
13|324|360|0|150|1|0|
13|319|330|0|148|1|0|
13|326|390|0|151|1|0|
13|314|360|0|147|1|0|
13|320|360|0|149|1|0|
13|325|360|0|150|1|0|
13|324|390|0|150|1|0|
13|318|360|0|148|1|0|
13|324|360|0|150|1|0|
13|320|360|0|149|1|0|
13|326|360|0|151|1|0|
13|322|360|0|149|1|0|
13|316|360|0|147|1|0|
13|358|360|0|161|1|0|
13|356|360|0|161|1|0|
13|351|360|0|159|1|0|
13|358|330|0|161|1|0|
13|352|360|0|159|1|0|
13|358|330|0|161|1|0|
13|501|480|0|192|1|0|
13|358|360|0|161|1|0|
13|352|360|0|159|1|0|
13|354|330|0|160|1|0|
13|350|300|0|159|1|0|
13|350|360|0|159|1|0|
13|352|330|0|159|1|0|
13|350|330|0|159|1|0|
13|352|330|0|159|1|0|
13|358|330|0|161|1|0|
13|358|330|0|161|1|0|
13|352|330|0|159|1|0|
13|357|330|0|161|1|0|
13|356|360|0|161|1|0|
13|356|330|0|161|1|0|
13|358|360|0|161|1|0|
13|357|360|0|161|1|0|
13|350|360|0|159|1|0|
13|352|330|0|159|1|0|
13|356|360|0|161|1|0|
13|348|330|0|158|1|0|
13|358|330|0|161|1|0|
13|354|360|0|160|1|0|
13|498|480|0|192|1|0|
13|354|330|0|160|1|0|
13|358|360|0|161|1|0|
13|350|330|0|159|1|0|
13|355|360|0|160|1|0|
13|354|360|0|160|1|0|
13|356|360|0|161|1|0|
13|344|330|0|157|1|0|
13|354|360|0|160|1|0|
13|355|360|0|160|1|0|
13|357|330|0|161|1|0|
13|386|390|0|171|1|0|
13|352|330|0|159|1|0|
13|356|330|0|161|1|0|
13|352|360|0|159|1|0|
13|354|330|0|160|1|0|
13|349|330|0|158|1|0|
13|349|330|0|158|1|0|
13|357|360|0|161|1|0|
13|350|330|0|159|1|0|
13|356|330|0|161|1|0|
13|359|360|0|162|1|0|
13|349|300|0|158|1|0|
13|358|360|0|161|1|0|
13|350|360|0|159|1|0|
13|353|330|0|160|1|0|
13|356|360|0|161|1|0|
13|354|360|0|160|1|0|
13|352|360|0|159|1|0|
13|354|360|0|160|1|0|
13|412|420|0|179|1|0|
13|349|330|0|158|1|0|
13|360|330|0|162|1|0|
13|358|330|0|161|1|0|
13|358|360|0|161|1|0|
13|348|330|0|158|1|0|
13|356|330|0|161|1|0|
13|356|360|0|161|1|0|
13|480|480|0|188|1|0|
13|350|330|0|159|1|0|
13|350|360|0|159|1|0|
13|350|360|0|159|1|0|
13|1160|1140|0|192|1|0|
13|350|330|0|159|1|0|
13|350|360|0|159|1|0|
13|358|330|0|161|1|0|
13|349|300|0|158|1|0|
13|360|330|0|162|1|0|
13|358|360|0|161|1|0|
13|354|330|0|160|1|0|
13|361|360|0|162|1|0|
13|354|360|0|160|1|0|
13|356|360|0|161|1|0|
13|352|360|0|159|1|0|
13|358|330|0|161|1|0|
13|356|360|0|161|1|0|
13|358|330|0|161|1|0|
13|351|360|0|159|1|0|
13|358|360|0|161|1|0|
13|352|330|0|159|1|0|
13|356|330|0|161|1|0|
13|348|360|0|158|1|0|
13|354|360|0|160|1|0|
13|350|360|0|159|1|0|
13|358|360|0|161|1|0|
13|352|330|0|159|1|0|
13|348|360|0|158|1|0|
13|357|360|0|161|1|0|
13|353|360|0|160|1|0|
13|351|330|0|159|1|0|
13|353|330|0|160|1|0|
13|352|330|0|159|1|0|
13|358|360|0|161|1|0|
13|354|330|0|160|1|0|
13|312|330|0|146|1|0|
13|356|360|0|161|1|0|
13|350|330|0|159|1|0|
13|355|360|0|163|1|0|
13|317|360|0|150|1|0|
13|346|330|0|160|1|0|
13|323|390|0|152|1|0|
13|331|360|0|155|1|0|
13|323|390|0|152|1|0|
13|323|360|0|152|1|0|
13|321|360|0|151|1|0|
13|325|360|0|150|1|0|
13|325|360|0|150|1|0|
13|319|390|0|151|1|0|
13|340|330|0|158|1|0|
13|320|390|0|151|1|0|
13|314|360|0|147|1|0|
13|323|390|0|152|1|0|
13|330|390|0|154|1|0|
13|329|360|0|154|1|0|
13|329|390|0|154|1|0|
13|331|360|0|155|1|0|
13|324|360|0|152|1|0|
13|325|360|0|153|1|0|
13|330|390|0|154|1|0|
13|323|360|0|152|1|0|
13|329|360|0|154|1|0|
13|324|360|0|152|1|0|
13|323|390|0|152|1|0|
13|319|330|0|151|1|0|
13|329|360|0|154|1|0|
13|323|390|0|152|1|0|
13|315|360|0|149|1|0|
13|313|390|0|149|1|0|
13|311|390|0|148|1|0|
13|312|390|0|148|1|0|
13|277|330|0|137|1|0|
13|311|360|0|148|1|0|
13|318|390|0|148|1|0|
13|316|360|0|147|1|0|
13|278|330|0|135|1|0|
13|316|360|0|147|1|0|
13|866|1050|0|192|1|0|
13|307|360|0|147|1|0|
13|309|360|0|147|1|0|
13|321|360|0|151|1|0|
13|319|360|0|151|1|0|
13|325|330|0|153|1|0|
13|323|360|0|152|1|0|
13|333|390|0|155|1|0|
13|322|360|0|152|1|0|
13|331|360|0|155|1|0|
13|329|390|0|154|1|0|
13|417|480|0|183|1|0|
13|331|390|0|155|1|0|
13|329|360|0|154|1|0|
13|329|360|0|154|1|0|
13|329|390|0|154|1|0|
13|335|390|0|156|1|0|
13|325|360|0|150|1|0|
13|334|360|0|156|1|0|
13|347|360|0|160|1|0|
13|341|330|0|158|1|0|
13|347|360|0|160|1|0|
13|347|360|0|160|1|0|
13|339|330|0|157|1|0|
13|343|360|0|159|1|0|
13|351|330|0|161|1|0|
13|343|330|0|159|1|0|
13|349|390|0|161|1|0|
13|352|360|0|162|1|0|
13|341|360|0|158|1|0|
13|349|360|0|161|1|0|
13|342|360|0|156|1|0|
13|348|360|0|160|1|0|
13|350|360|0|159|1|0|
13|349|330|0|158|1|0|
13|350|330|0|159|1|0|
13|358|360|0|161|1|0|
13|342|330|0|156|1|0|
13|350|360|0|159|1|0|
13|345|390|0|157|1|0|
13|750|780|0|192|1|0|
13|346|360|0|157|1|0|
13|350|360|0|159|1|0|
13|348|330|0|158|1|0|
13|346|330|0|157|1|0|
13|348|330|0|158|1|0|
13|344|330|0|157|1|0|
13|342|330|0|156|1|0|
13|297|330|0|143|1|0|
13|349|330|0|161|1|0|
13|342|360|0|156|1|0|
13|606|630|0|188|1|0|
13|350|390|0|159|1|0|
13|348|330|0|158|1|0|
13|350|330|0|159|1|0|
13|344|360|0|157|1|0|
13|343|330|0|159|1|0|
13|340|330|0|155|1|0|
13|349|360|0|161|1|0|
13|342|330|0|156|1|0|
13|351|330|0|161|1|0|
13|352|330|0|159|1|0|
13|350|330|0|159|1|0|
13|355|330|0|160|1|0|
13|355|390|0|160|1|0|
13|350|360|0|159|1|0|
13|353|390|0|162|1|0|
13|342|360|0|158|1|0|
13|341|360|0|158|1|0|
13|349|330|0|161|1|0|
13|327|330|0|153|1|0|
13|337|330|0|157|1|0|
13|328|330|0|151|1|0|
13|338|360|0|155|1|0|
13|328|330|0|151|1|0|
13|335|390|0|156|1|0|
13|338|330|0|157|1|0|
13|333|330|0|155|1|0|
13|337|330|0|157|1|0|
13|335|330|0|156|1|0|
13|333|360|0|155|1|0|
13|337|390|0|157|1|0|
13|332|330|0|155|1|0|
13|334|330|0|156|1|0|
13|330|390|0|154|1|0|
13|331|390|0|155|1|0|
13|327|390|0|153|1|0|
13|330|390|0|154|1|0|
13|340|360|0|158|1|0|
13|328|330|0|154|1|0|
13|327|390|0|153|1|0|
13|331|330|0|155|1|0|
13|331|390|0|155|1|0|
13|337|390|0|157|1|0|
13|333|330|0|155|1|0|
13|335|330|0|156|1|0|
13|328|360|0|154|1|0|
13|332|330|0|155|1|0|
13|327|330|0|153|1|0|
13|330|330|0|154|1|0|
13|328|330|0|154|1|0|
13|329|360|0|154|1|0|
13|331|390|0|155|1|0|
13|337|390|0|157|1|0|
13|334|390|0|156|1|0|
13|335|330|0|156|1|0|
13|329|330|0|154|1|0|
13|337|360|0|157|1|0|
13|337|330|0|157|1|0|
13|327|330|0|153|1|0|
13|335|330|0|156|1|0|
13|335|330|0|156|1|0|
13|329|330|0|154|1|0|
13|337|330|0|157|1|0|
13|337|330|0|157|1|0|
13|338|390|0|157|1|0|
13|335|390|0|156|1|0|
13|331|390|0|155|1|0|
13|331|390|0|155|1|0|
13|335|360|0|156|1|0|
13|329|360|0|154|1|0|
13|338|330|0|157|1|0|
13|337|390|0|157|1|0|
13|327|330|0|153|1|0|
13|327|360|0|153|1|0|
13|340|390|0|158|1|0|
13|329|390|0|154|1|0|
13|327|330|0|153|1|0|
13|330|390|0|154|1|0|
13|330|330|0|154|1|0|
13|332|360|0|155|1|0|
13|328|390|0|154|1|0|
13|332|360|0|155|1|0|
13|340|390|0|158|1|0|
13|337|390|0|157|1|0|
13|335|390|0|156|1|0|
13|335|330|0|156|1|0|
13|335|330|0|156|1|0|
13|331|330|0|155|1|0|
13|335|330|0|156|1|0|
13|331|330|0|155|1|0|
13|327|390|0|153|1|0|
13|338|330|0|157|1|0|
13|337|330|0|157|1|0|
13|336|330|0|156|1|0|
13|332|330|0|155|1|0|
13|335|390|0|156|1|0|
13|328|360|0|154|1|0|
13|327|360|0|153|1|0|
13|330|360|0|154|1|0|
13|337|390|0|157|1|0|
13|365|420|0|166|1|0|
13|335|390|0|156|1|0|
13|331|330|0|155|1|0|
13|331|390|0|155|1|0|
13|977|1050|0|190|1|0|
13|329|330|0|154|1|0|
13|339|390|0|157|1|0|
13|330|330|0|154|1|0|
13|335|330|0|156|1|0|
13|329|390|0|154|1|0|
13|338|330|0|157|1|0|
13|329|390|0|154|1|0|
13|328|330|0|154|1|0|
13|327|330|0|153|1|0|
13|329|330|0|154|1|0|
13|333|360|0|155|1|0|
13|287|300|0|140|1|0|
13|286|330|0|140|1|0|
13|333|330|0|155|1|0|
13|294|300|0|142|1|0|
13|290|300|0|141|1|0|
13|330|330|0|154|1|0|
13|328|330|0|154|1|0|
13|332|390|0|155|1|0|
13|331|360|0|155|1|0|
13|331|360|0|155|1|0|
13|489|540|0|194|1|0|
13|342|390|0|158|1|0|
13|330|360|0|154|1|0|
13|335|390|0|156|1|0|
13|337|390|0|157|1|0|
13|517|540|0|190|1|0|
13|335|360|0|156|1|0|
13|329|360|0|154|1|0|
13|333|390|0|155|1|0|
13|331|390|0|155|1|0|
13|335|390|0|156|1|0|
13|329|390|0|154|1|0|
13|337|330|0|157|1|0|
13|331|330|0|155|1|0|
13|329|360|0|154|1|0|
13|332|330|0|155|1|0|
13|331|330|0|155|1|0|
13|329|330|0|154|1|0|
13|337|360|0|157|1|0|
13|337|390|0|157|1|0|
13|629|660|0|190|1|0|
13|329|330|0|154|1|0|
13|328|360|0|154|1|0|
13|327|330|0|153|1|0|
13|328|330|0|151|1|0|
13|335|390|0|156|1|0|
13|337|390|0|157|1|0|
13|337|330|0|157|1|0|
13|333|360|0|155|1|0|
13|333|330|0|155|1|0|
13|341|360|0|158|1|0|
13|336|360|0|156|1|0|
13|342|360|0|158|1|0|
13|341|360|0|158|1|0|
13|343|360|0|159|1|0|
13|337|330|0|157|1|0|
13|335|330|0|156|1|0|
13|337|330|0|157|1|0|
13|341|360|0|158|1|0|
13|337|330|0|157|1|0|
13|345|330|0|159|1|0|
13|335|330|0|156|1|0|
13|341|390|0|158|1|0|
13|336|330|0|156|1|0|
13|343|360|0|159|1|0|
13|335|330|0|156|1|0|
13|323|390|0|152|1|0|
13|315|360|0|149|1|0|
13|323|360|0|152|1|0|
13|323|390|0|152|1|0|
13|323|360|0|152|1|0|
13|321|390|0|151|1|0|
13|313|360|0|149|1|0|
13|318|360|0|150|1|0|
13|315|390|0|149|1|0|
13|319|360|0|151|1|0|
13|322|360|0|152|1|0|
13|319|360|0|151|1|0|
13|321|360|0|151|1|0|
13|319|390|0|151|1|0|
13|321|360|0|151|1|0|
13|320|360|0|151|1|0|
13|311|360|0|148|1|0|
13|309|390|0|147|1|0|
13|313|390|0|149|1|0|
13|307|360|0|147|1|0|
13|317|360|0|150|1|0|
13|317|390|0|150|1|0|
13|309|390|0|147|1|0|
13|775|930|0|190|1|0|
13|315|360|0|149|1|0|
13|313|360|0|149|1|0|
13|317|390|0|150|1|0|
13|313|390|0|149|1|0|
13|316|390|0|150|1|0|
13|805|960|0|194|1|0|
13|313|360|0|149|1|0|
13|757|900|0|194|1|0|
13|311|360|0|148|1|0|
13|315|360|0|149|1|0|
13|308|360|0|147|1|0|
13|311|390|0|148|1|0|
13|307|390|0|147|1|0|
13|309|360|0|147|1|0|
13|308|360|0|147|1|0|
13|309|390|0|147|1|0|
13|315|390|0|149|1|0|
13|771|900|0|194|1|0|
13|310|390|0|148|1|0|
13|309|390|0|147|1|0|
13|307|360|0|147|1|0|
13|314|360|0|149|1|0|
13|305|360|0|146|1|0|
13|307|390|0|147|1|0|
13|317|390|0|150|1|0|
13|309|390|0|147|1|0|
13|305|360|0|146|1|0|
13|313|390|0|149|1|0|
13|307|360|0|147|1|0|
13|309|390|0|147|1|0|
13|316|360|0|150|1|0|
13|315|390|0|149|1|0|
13|315|390|0|149|1|0|
13|317|360|0|150|1|0|
13|315|360|0|149|1|0|
13|313|390|0|149|1|0|
13|315|360|0|149|1|0|
13|311|390|0|148|1|0|
13|309|390|0|147|1|0|
13|308|360|0|147|1|0|
13|307|360|0|147|1|0|
13|313|360|0|149|1|0|
13|314|360|0|149|1|0|
13|315|390|0|149|1|0|
13|315|360|0|149|1|0|
13|305|360|0|146|1|0|
13|317|360|0|150|1|0|
13|309|390|0|147|1|0|
13|313|390|0|149|1|0|
13|315|390|0|149|1|0|
13|313|390|0|149|1|0|
13|737|900|0|194|1|0|
13|307|390|0|147|1|0|
13|309|360|0|147|1|0|
13|315|360|0|149|1|0|
13|311|360|0|148|1|0|
13|312|390|0|148|1|0|
13|305|360|0|146|1|0|
13|309|360|0|147|1|0|
13|307|330|0|147|1|0|
13|316|390|0|150|1|0|
13|311|360|0|148|1|0|
13|318|390|0|150|1|0|
13|319|360|0|151|1|0|
13|328|390|0|154|1|0|
13|321|390|0|151|1|0|
13|320|360|0|151|1|0|
13|313|390|0|149|1|0|
13|733|810|0|190|1|0|
13|317|360|0|148|1|0|
13|319|360|0|151|1|0|
13|315|330|0|149|1|0|
13|315|390|0|149|1|0|
13|317|390|0|150|1|0|
13|318|330|0|150|1|0|
13|621|690|0|190|1|0|
13|317|360|0|150|1|0|
13|319|390|0|151|1|0|
13|309|390|0|147|1|0|
13|307|390|0|147|1|0|
13|318|360|0|150|1|0|
13|716|870|0|194|1|0|
13|312|390|0|148|1|0|
13|311|360|0|148|1|0|
13|309|330|0|147|1|0|
13|308|360|0|147|1|0|
13|310|360|0|148|1|0|
13|311|390|0|148|1|0|
13|315|390|0|149|1|0|
13|311|360|0|148|1|0|
13|309|360|0|147|1|0|
13|313|360|0|149|1|0|
13|310|360|0|148|1|0|
13|315|390|0|149|1|0|
13|315|390|0|149|1|0|
13|317|390|0|150|1|0|
13|320|360|0|151|1|0|
13|312|360|0|148|1|0|
13|817|960|0|190|1|0|
13|314|360|0|149|1|0|
13|318|390|0|150|1|0|
13|307|390|0|147|1|0|
13|317|360|0|150|1|0|
13|315|390|0|149|1|0|
13|317|360|0|150|1|0|
13|747|900|0|190|1|0|
13|318|390|0|150|1|0|
13|317|390|0|150|1|0|
13|317|360|0|150|1|0|
13|313|360|0|149|1|0|
13|308|360|0|147|1|0|
13|318|360|0|150|1|0|
13|315|390|0|149|1|0|
13|316|360|0|147|1|0|
13|295|390|0|143|1|0|
13|279|330|0|137|1|0|
13|314|360|0|149|1|0|
13|307|360|0|147|1|0|
13|309|360|0|147|1|0|
13|305|360|0|146|1|0|
13|313|360|0|149|1|0|
13|317|390|0|150|1|0|
13|311|390|0|148|1|0|
13|310|360|0|145|1|0|
13|315|390|0|149|1|0|
13|315|390|0|149|1|0|
13|309|360|0|147|1|0|
13|311|390|0|148|1|0|
13|311|390|0|148|1|0|
13|311|360|0|148|1|0|
13|307|360|0|147|1|0|
13|308|360|0|147|1|0|
13|745|900|0|194|1|0|
13|319|390|0|151|1|0|
13|307|360|0|147|1|0|
13|315|390|0|149|1|0|
13|314|360|0|149|1|0|
13|315|360|0|149|1|0|
13|315|360|0|149|1|0|
13|313|360|0|149|1|0|
13|308|330|0|147|1|0|
13|317|360|0|150|1|0|
13|310|360|0|148|1|0|
