INSTRUCTIONS_RETIRED|CYCLES|UNKNOWN|LD_BLOCKS.STORE_FORWARD|UOPS_EXECUTED.CORE|BR_MISP_RETIRED.ALL_BRANCHES|UOPS_ISSUED.SINGLE_MUL|
13|261|480|0|131|1|0|
13|253|450|0|129|1|0|
13|330|360|0|154|1|0|
13|253|450|0|129|1|0|
13|253|480|0|129|1|0|
13|253|450|0|129|1|0|
13|256|450|0|130|1|0|
13|723|870|0|190|1|0|
13|309|360|0|147|1|0|
13|313|360|0|149|1|0|
13|311|360|0|148|1|0|
13|313|390|0|149|1|0|
13|309|390|0|147|1|0|
13|311|390|0|148|1|0|
13|391|450|0|175|1|0|
13|271|330|0|135|1|0|
13|312|360|0|148|1|0|
13|865|1050|0|194|1|0|
13|314|360|0|149|1|0|
13|735|900|0|194|1|0|
13|323|360|0|152|1|0|
13|323|330|0|152|1|0|
13|330|360|0|154|1|0|
13|327|360|0|153|1|0|
13|322|360|0|152|1|0|
13|332|360|0|155|1|0|
13|347|360|0|160|1|0|
13|351|360|0|161|1|0|
13|355|360|0|163|1|0|
13|351|330|0|161|1|0|
13|358|360|0|161|1|0|
13|352|330|0|159|1|0|
13|347|330|0|158|1|0|
13|360|360|0|162|1|0|
13|344|330|0|157|1|0|
13|344|330|0|157|1|0|
13|350|390|0|159|1|0|
13|344|360|0|159|1|0|
13|348|330|0|158|1|0|
13|352|360|0|159|1|0|
13|349|330|0|158|1|0|
13|348|330|0|158|1|0|
13|360|360|0|162|1|0|
13|344|330|0|157|1|0|
13|340|360|0|155|1|0|
13|350|330|0|159|1|0|
13|295|300|0|143|1|0|
13|300|330|0|142|1|0|
13|344|330|0|157|1|0|
13|342|360|0|156|1|0|
13|344|360|0|157|1|0|
13|344|330|0|157|1|0|
13|344|360|0|157|1|0|
13|342|330|0|156|1|0|
13|1114|1110|0|192|1|0|
13|343|330|0|159|1|0|
13|348|330|0|158|1|0|
13|350|360|0|159|1|0|
13|352|330|0|159|1|0|
13|348|360|0|158|1|0|
13|343|330|0|156|1|0|
13|299|270|0|142|1|0|
13|362|360|0|163|1|0|
13|343|330|0|159|1|0|
13|341|360|0|158|1|0|
13|351|330|0|159|1|0|
13|356|360|0|163|1|0|
13|697|720|0|194|1|0|
13|347|330|0|160|1|0|
13|343|330|0|159|1|0|
13|297|300|0|143|1|0|
13|350|360|0|161|1|0|
13|355|330|0|163|1|0|
13|349|330|0|161|1|0|
13|341|330|0|158|1|0|
13|339|330|0|157|1|0|
13|344|330|0|159|1|0|
13|354|330|0|162|1|0|
13|343|360|0|156|1|0|
13|342|360|0|158|1|0|
13|339|330|0|157|1|0|
13|344|330|0|157|1|0|
13|307|330|0|147|1|0|
13|296|270|0|143|1|0|
13|347|390|0|160|1|0|
13|339|330|0|157|1|0|
13|343|360|0|159|1|0|
13|347|330|0|160|1|0|
13|344|360|0|159|1|0|
13|351|330|0|161|1|0|
13|351|330|0|161|1|0|
13|346|330|0|160|1|0|
13|349|360|0|161|1|0|
13|342|330|0|156|1|0|
13|347|330|0|160|1|0|
13|339|330|0|157|1|0|
13|351|330|0|161|1|0|
13|344|330|0|159|1|0|
13|344|330|0|159|1|0|
13|345|330|0|159|1|0|
13|345|360|0|159|1|0|
13|348|330|0|160|1|0|
13|353|330|0|162|1|0|
13|341|330|0|158|1|0|
13|351|390|0|161|1|0|
13|339|330|0|157|1|0|
13|349|390|0|161|1|0|
13|339|330|0|157|1|0|
13|351|360|0|161|1|0|
13|341|330|0|158|1|0|
13|341|330|0|158|1|0|
13|345|360|0|159|1|0|
13|349|360|0|161|1|0|
13|351|360|0|161|1|0|
13|343|330|0|159|1|0|
13|307|270|0|147|1|0|
13|345|330|0|159|1|0|
13|351|360|0|161|1|0|
13|301|330|0|145|1|0|
13|343|360|0|159|1|0|
13|347|360|0|160|1|0|
13|343|360|0|159|1|0|
13|347|330|0|160|1|0|
13|351|330|0|159|1|0|
13|346|330|0|160|1|0|
13|345|360|0|159|1|0|
13|341|330|0|158|1|0|
13|342|330|0|158|1|0|
13|347|330|0|160|1|0|
13|343|360|0|159|1|0|
13|349|330|0|161|1|0|
13|343|330|0|159|1|0|
13|347|390|0|160|1|0|
13|343|330|0|159|1|0|
13|343|360|0|159|1|0|
13|351|390|0|161|1|0|
13|343|330|0|159|1|0|
13|381|360|0|171|1|0|
13|343|330|0|159|1|0|
13|347|330|0|160|1|0|
13|346|330|0|160|1|0|
13|349|390|0|161|1|0|
13|347|330|0|160|1|0|
13|315|360|0|149|1|0|
13|311|390|0|148|1|0|
13|310|390|0|148|1|0|
13|309|360|0|147|1|0|
13|309|360|0|147|1|0|
13|309|360|0|147|1|0|
13|311|390|0|148|1|0|
13|315|390|0|149|1|0|
13|311|360|0|148|1|0|
13|315|360|0|149|1|0|
13|307|360|0|147|1|0|
13|317|360|0|150|1|0|
13|317|420|0|150|1|0|
13|310|390|0|148|1|0|
13|309|360|0|147|1|0|
13|949|1140|0|194|1|0|
13|317|360|0|150|1|0|
13|315|360|0|149|1|0|
13|953|1110|0|194|1|0|
13|310|360|0|148|1|0|
13|309|390|0|147|1|0|
13|316|390|0|150|1|0|
13|883|1050|0|194|1|0|
13|671|810|0|190|1|0|
13|309|390|0|147|1|0|
13|317|360|0|150|1|0|
13|309|390|0|147|1|0|
13|309|360|0|147|1|0|
13|307|360|0|147|1|0|
13|811|960|0|190|1|0|
13|311|390|0|148|1|0|
13|307|360|0|147|1|0|
13|310|360|0|148|1|0|
13|309|360|0|147|1|0|
13|313|360|0|149|1|0|
13|311|360|0|148|1|0|
13|309|390|0|147|1|0|
13|315|390|0|149|1|0|
13|309|360|0|147|1|0|
13|317|390|0|150|1|0|
13|310|390|0|148|1|0|
13|315|360|0|149|1|0|
13|310|390|0|148|1|0|
13|309|360|0|147|1|0|
13|913|1110|0|194|1|0|
13|308|390|0|147|1|0|
13|313|360|0|149|1|0|
13|310|360|0|148|1|0|
13|313|360|0|149|1|0|
13|311|360|0|148|1|0|
13|317|390|0|150|1|0|
13|309|390|0|147|1|0|
13|315|360|0|149|1|0|
13|472|540|0|192|1|0|
13|313|360|0|149|1|0|
13|305|360|0|146|1|0|
13|315|360|0|149|1|0|
13|919|1110|0|194|1|0|
13|311|390|0|148|1|0|
13|969|1140|0|190|1|0|
13|323|360|0|152|1|0|
13|321|360|0|151|1|0|
13|315|360|0|149|1|0|
13|319|360|0|151|1|0|
13|315|360|0|149|1|0|
13|318|360|0|150|1|0|
13|313|330|0|149|1|0|
13|322|360|0|152|1|0|
13|314|360|0|149|1|0|
13|320|360|0|151|1|0|
13|325|360|0|153|1|0|
13|315|360|0|149|1|0|
13|323|360|0|152|1|0|
13|317|390|0|150|1|0|
13|315|390|0|149|1|0|
13|313|360|0|149|1|0|
13|308|360|0|147|1|0|
13|310|360|0|148|1|0|
13|311|360|0|148|1|0|
13|977|1170|0|194|1|0|
13|309|360|0|147|1|0|
13|305|390|0|146|1|0|
13|307|390|0|147|1|0|
13|274|300|0|136|1|0|
13|271|300|0|135|1|0|
13|1003|1170|0|190|1|0|
13|309|330|0|147|1|0|
13|311|390|0|148|1|0|
13|311|390|0|148|1|0|
13|311|360|0|148|1|0|
13|309|390|0|147|1|0|
13|307|360|0|147|1|0|
13|308|360|0|147|1|0|
13|307|360|0|147|1|0|
13|819|960|0|194|1|0|
13|307|360|0|147|1|0|
13|311|390|0|148|1|0|
13|978|1170|0|190|1|0|
13|893|1080|0|190|1|0|
13|310|360|0|148|1|0|
13|313|360|0|149|1|0|
13|311|360|0|148|1|0|
13|309|390|0|147|1|0|
13|311|390|0|148|1|0|
13|313|390|0|149|1|0|
13|312|360|0|148|1|0|
13|309|360|0|147|1|0|
13|313|390|0|149|1|0|
13|917|1110|0|194|1|0|
13|309|360|0|147|1|0|
13|309|360|0|147|1|0|
13|317|390|0|150|1|0|
13|311|360|0|148|1|0|
13|613|750|0|194|1|0|
13|311|360|0|148|1|0|
13|318|390|0|150|1|0|
13|309|330|0|147|1|0|
13|315|360|0|149|1|0|
13|317|360|0|150|1|0|
13|317|360|0|150|1|0|
13|307|390|0|147|1|0|
13|305|360|0|146|1|0|
13|276|330|0|136|1|0|
13|311|390|0|148|1|0|
13|315|390|0|149|1|0|
13|309|360|0|147|1|0|
13|307|360|0|147|1|0|
13|997|1200|0|190|1|0|
13|307|360|0|147|1|0|
13|311|390|0|148|1|0|
13|309|390|0|147|1|0|
13|313|390|0|149|1|0|
13|315|390|0|149|1|0|
13|345|330|0|159|1|0|
13|349|360|0|161|1|0|
13|351|360|0|161|1|0|
13|349|360|0|161|1|0|
13|351|330|0|161|1|0|
13|345|360|0|159|1|0|
13|351|360|0|161|1|0|
13|345|360|0|159|1|0|
13|347|390|0|160|1|0|
13|351|330|0|161|1|0|
13|353|360|0|162|1|0|
13|349|360|0|161|1|0|
13|355|330|0|163|1|0|
13|352|360|0|162|1|0|
13|351|360|0|161|1|0|
13|355|360|0|163|1|0|
13|351|330|0|161|1|0|
13|347|330|0|160|1|0|
13|353|360|0|162|1|0|
13|351|360|0|161|1|0|
13|347|330|0|160|1|0|
13|353|330|0|162|1|0|
13|357|360|0|163|1|0|
13|357|360|0|163|1|0|
13|357|360|0|163|1|0|
13|351|360|0|161|1|0|
13|359|360|0|164|1|0|
13|353|330|0|162|1|0|
13|355|330|0|163|1|0|
13|357|330|0|163|1|0|
13|357|330|0|163|1|0|
13|347|300|0|160|1|0|
13|349|330|0|161|1|0|
13|347|330|0|160|1|0|
13|353|330|0|162|1|0|
13|358|330|0|164|1|0|
13|353|330|0|162|1|0|
13|353|330|0|162|1|0|
13|347|330|0|160|1|0|
13|358|360|0|164|1|0|
13|349|330|0|161|1|0|
13|355|360|0|163|1|0|
13|349|330|0|161|1|0|
13|359|360|0|164|1|0|
13|349|360|0|161|1|0|
13|356|360|0|163|1|0|
13|349|330|0|161|1|0|
13|355|360|0|163|1|0|
13|347|300|0|160|1|0|
13|353|330|0|162|1|0|
13|355|330|0|163|1|0|
13|358|330|0|164|1|0|
13|352|330|0|162|1|0|
13|353|330|0|162|1|0|
13|401|420|0|178|1|0|
13|349|330|0|161|1|0|
13|357|360|0|163|1|0|
13|351|330|0|161|1|0|
13|355|360|0|163|1|0|
13|357|330|0|163|1|0|
13|357|330|0|163|1|0|
13|359|330|0|164|1|0|
13|351|360|0|161|1|0|
13|350|330|0|161|1|0|
13|349|330|0|161|1|0|
13|357|360|0|163|1|0|
13|351|330|0|161|1|0|
13|355|330|0|163|1|0|
13|349|330|0|161|1|0|
13|349|330|0|161|1|0|
13|351|330|0|161|1|0|
13|349|360|0|161|1|0|
13|355|330|0|163|1|0|
13|349|360|0|161|1|0|
13|359|330|0|164|1|0|
13|357|360|0|163|1|0|
13|357|330|0|163|1|0|
13|352|330|0|162|1|0|
13|351|360|0|161|1|0|
13|351|330|0|161|1|0|
13|355|360|0|163|1|0|
13|353|330|0|162|1|0|
13|353|330|0|162|1|0|
13|349|330|0|161|1|0|
13|349|330|0|161|1|0|
13|347|330|0|160|1|0|
13|349|360|0|161|1|0|
13|348|300|0|160|1|0|
13|349|330|0|161|1|0|
13|353|360|0|162|1|0|
13|354|330|0|162|1|0|
13|355|330|0|163|1|0|
13|350|360|0|161|1|0|
13|351|330|0|161|1|0|
13|515|510|0|194|1|0|
13|351|330|0|161|1|0|
13|355|330|0|163|1|0|
13|349|360|0|161|1|0|
13|347|360|0|160|1|0|
13|353|330|0|162|1|0|
13|357|330|0|163|1|0|
13|345|330|0|159|1|0|
13|351|390|0|161|1|0|
13|347|390|0|160|1|0|
13|345|330|0|159|1|0|
13|345|330|0|159|1|0|
13|343|330|0|159|1|0|
13|345|360|0|159|1|0|
13|350|330|0|161|1|0|
13|351|330|0|161|1|0|
13|343|330|0|159|1|0|
13|347|390|0|160|1|0|
13|345|330|0|159|1|0|
13|343|360|0|159|1|0|
13|339|330|0|157|1|0|
13|351|330|0|161|1|0|
13|305|300|0|146|1|0|
13|303|330|0|145|1|0|
13|346|330|0|160|1|0|
13|303|300|0|145|1|0|
13|338|360|0|157|1|0|
13|354|330|0|162|1|0|
13|343|330|0|159|1|0|
13|349|330|0|161|1|0|
13|340|360|0|158|1|0|
13|350|390|0|159|1|0|
13|305|300|0|146|1|0|
13|350|330|0|159|1|0|
13|344|360|0|157|1|0|
13|322|360|0|149|1|0|
13|322|360|0|149|1|0|
13|320|390|0|149|1|0|
13|323|390|0|150|1|0|
13|320|390|0|149|1|0|
13|280|330|0|138|1|0|
13|319|390|0|151|1|0|
13|319|390|0|151|1|0|
13|315|360|0|149|1|0|
13|337|360|0|157|1|0|
13|413|420|0|182|1|0|
13|297|330|0|143|1|0|
13|286|300|0|140|1|0|
13|339|390|0|157|1|0|
13|337|330|0|157|1|0|
13|335|360|0|156|1|0|
13|337|390|0|157|1|0|
13|413|420|0|182|1|0|
13|355|360|0|163|1|0|
13|309|390|0|147|1|0|
13|355|360|0|163|1|0|
13|307|360|0|147|1|0|
13|440|450|0|191|1|0|
13|300|300|0|144|1|0|
13|349|360|0|161|1|0|
13|329|360|0|154|1|0|
13|317|360|0|150|1|0|
13|341|360|0|158|1|0|
13|353|390|0|162|1|0|
13|999|1140|0|194|1|0|
13|323|360|0|152|1|0|
13|327|330|0|153|1|0|
13|325|390|0|153|1|0|
13|625|660|0|194|1|0|
13|335|330|0|156|1|0|
13|330|330|0|152|1|0|
13|327|330|0|153|1|0|
13|331|390|0|155|1|0|
13|331|390|0|155|1|0|
13|353|390|0|162|1|0|
13|351|330|0|161|1|0|
13|343|330|0|159|1|0|
13|351|330|0|161|1|0|
13|339|330|0|157|1|0|
13|349|300|0|161|1|0|
13|341|360|0|158|1|0|
13|343|330|0|159|1|0|
13|351|330|0|161|1|0|
13|347|330|0|160|1|0|
13|357|360|0|163|1|0|
13|341|360|0|158|1|0|
13|350|360|0|161|1|0|
13|343|330|0|159|1|0|
13|341|330|0|158|1|0|
13|438|420|0|190|1|0|
13|344|330|0|157|1|0|
13|350|360|0|159|1|0|
13|350|360|0|159|1|0|
13|352|360|0|159|1|0|
13|346|330|0|157|1|0|
13|348|360|0|158|1|0|
13|340|360|0|155|1|0|
13|348|330|0|158|1|0|
13|342|330|0|156|1|0|
13|912|900|0|192|1|0|
13|344|330|0|157|1|0|
13|348|360|0|158|1|0|
13|295|270|0|143|1|0|
13|349|330|0|161|1|0|
13|339|330|0|157|1|0|
13|343|330|0|159|1|0|
13|349|330|0|161|1|0|
13|345|330|0|159|1|0|
13|345|360|0|159|1|0|
13|347|330|0|160|1|0|
13|349|360|0|161|1|0|
13|319|360|0|151|1|0|
13|321|360|0|151|1|0|
13|331|360|0|155|1|0|
13|321|390|0|151|1|0|
13|327|390|0|153|1|0|
13|327|330|0|153|1|0|
13|331|360|0|155|1|0|
13|319|360|0|151|1|0|
13|331|390|0|155|1|0|
13|329|360|0|154|1|0|
13|322|360|0|152|1|0|
13|329|360|0|154|1|0|
13|324|360|0|152|1|0|
13|329|390|0|154|1|0|
13|329|390|0|154|1|0|
13|315|330|0|149|1|0|
13|307|360|0|147|1|0|
13|311|360|0|148|1|0|
13|315|390|0|149|1|0|
13|308|390|0|147|1|0|
13|873|1050|0|194|1|0|
13|307|360|0|147|1|0|
13|313|360|0|149|1|0|
13|311|390|0|148|1|0|
13|309|360|0|147|1|0|
13|317|360|0|150|1|0|
13|309|390|0|147|1|0|
13|318|390|0|150|1|0|
13|309|360|0|147|1|0|
13|307|360|0|147|1|0|
13|313|360|0|149|1|0|
13|311|360|0|148|1|0|
13|317|390|0|150|1|0|
13|311|360|0|148|1|0|
13|310|360|0|148|1|0|
13|685|840|0|194|1|0|
13|307|360|0|147|1|0|
13|313|390|0|149|1|0|
13|318|390|0|148|1|0|
13|316|360|0|147|1|0|
13|313|360|0|149|1|0|
13|307|360|0|147|1|0|
13|313|390|0|149|1|0|
13|903|1080|0|194|1|0|
13|314|390|0|147|1|0|
13|307|360|0|147|1|0|
13|350|330|0|161|1|0|
13|353|330|0|162|1|0|
13|348|330|0|160|1|0|
13|351|330|0|161|1|0|
13|352|360|0|162|1|0|
13|350|330|0|159|1|0|
13|352|330|0|159|1|0|
13|348|330|0|158|1|0|
13|357|360|0|161|1|0|
13|350|360|0|159|1|0|
13|350|360|0|159|1|0|
13|349|330|0|158|1|0|
13|356|330|0|161|1|0|
13|366|360|0|164|1|0|
13|356|360|0|161|1|0|
13|344|330|0|157|1|0|
13|360|360|0|162|1|0|
13|352|360|0|159|1|0|
13|350|330|0|159|1|0|
13|350|360|0|159|1|0|
13|350|330|0|159|1|0|
13|351|330|0|159|1|0|
13|348|330|0|158|1|0|
13|350|330|0|159|1|0|
13|354|330|0|160|1|0|
13|348|330|0|158|1|0|
13|357|360|0|163|1|0|
13|350|330|0|159|1|0|
13|350|330|0|159|1|0|
13|356|360|0|161|1|0|
13|352|360|0|159|1|0|
13|360|360|0|162|1|0|
13|350|330|0|159|1|0|
13|356|330|0|161|1|0|
13|305|300|0|146|1|0|
13|357|360|0|163|1|0|
13|358|330|0|161|1|0|
13|348|330|0|158|1|0|
13|354|330|0|160|1|0|
13|351|330|0|159|1|0|
13|354|360|0|160|1|0|
13|352|360|0|159|1|0|
13|351|360|0|159|1|0|
13|356|360|0|161|1|0|
13|348|360|0|158|1|0|
13|358|360|0|161|1|0|
13|352|330|0|159|1|0|
13|394|420|0|173|1|0|
13|352|360|0|159|1|0|
13|350|330|0|159|1|0|
13|352|360|0|159|1|0|
13|352|360|0|159|1|0|
13|358|360|0|161|1|0|
13|354|330|0|160|1|0|
13|355|330|0|160|1|0|
13|343|360|0|159|1|0|
13|345|360|0|159|1|0|
13|349|330|0|161|1|0|
13|342|330|0|158|1|0|
13|342|360|0|158|1|0|
13|349|360|0|161|1|0|
13|347|330|0|160|1|0|
13|351|360|0|161|1|0|
13|343|330|0|159|1|0|
13|345|360|0|159|1|0|
13|349|330|0|161|1|0|
13|341|360|0|158|1|0|
13|344|330|0|159|1|0|
13|343|330|0|159|1|0|
13|349|330|0|161|1|0|
13|297|300|0|143|1|0|
13|305|300|0|146|1|0|
13|349|330|0|161|1|0|
13|343|330|0|159|1|0|
13|344|360|0|159|1|0|
13|343|330|0|159|1|0|
13|317|360|0|150|1|0|
13|313|360|0|149|1|0|
13|319|360|0|151|1|0|
13|313|360|0|149|1|0|
13|315|360|0|149|1|0|
13|321|360|0|151|1|0|
13|324|390|0|152|1|0|
13|315|360|0|149|1|0|
13|317|390|0|150|1|0|
13|326|390|0|151|1|0|
13|319|390|0|151|1|0|
13|323|360|0|152|1|0|
13|321|390|0|151|1|0|
13|321|360|0|151|1|0|
13|315|360|0|149|1|0|
13|313|390|0|149|1|0|
13|310|390|0|148|1|0|
13|347|300|0|160|1|0|
13|349|330|0|161|1|0|
13|352|330|0|162|1|0|
13|343|330|0|159|1|0|
13|351|390|0|161|1|0|
13|342|360|0|158|1|0|
13|342|360|0|158|1|0|
13|345|330|0|159|1|0|
13|343|330|0|159|1|0|
13|334|330|0|153|1|0|
13|352|330|0|159|1|0|
13|354|330|0|160|1|0|
13|359|330|0|162|1|0|
13|352|360|0|159|1|0|
13|356|330|0|161|1|0|
13|355|360|0|163|1|0|
13|356|360|0|161|1|0|
13|352|330|0|159|1|0|
13|350|330|0|159|1|0|
13|348|360|0|158|1|0|
13|352|330|0|159|1|0|
13|354|360|0|160|1|0|
13|354|330|0|160|1|0|
13|353|330|0|160|1|0|
13|352|330|0|159|1|0|
13|352|360|0|159|1|0|
13|358|360|0|161|1|0|
13|532|510|0|192|1|0|
13|350|360|0|159|1|0|
13|354|330|0|160|1|0|
13|358|360|0|161|1|0|
13|350|360|0|159|1|0|
13|350|360|0|159|1|0|
13|356|360|0|161|1|0|
13|350|330|0|159|1|0|
13|354|330|0|160|1|0|
13|350|330|0|159|1|0|
13|358|360|0|161|1|0|
13|352|330|0|159|1|0|
13|358|330|0|161|1|0|
13|350|330|0|159|1|0|
13|351|360|0|159|1|0|
13|358|360|0|161|1|0|
13|354|360|0|160|1|0|
13|350|330|0|159|1|0|
13|358|360|0|161|1|0|
13|358|360|0|161|1|0|
13|356|330|0|161|1|0|
13|352|360|0|159|1|0|
13|358|360|0|161|1|0|
13|352|360|0|159|1|0|
13|354|360|0|160|1|0|
13|358|360|0|161|1|0|
13|353|330|0|160|1|0|
13|352|360|0|159|1|0|
13|358|360|0|161|1|0|
13|350|330|0|159|1|0|
13|308|300|0|145|1|0|
13|354|360|0|160|1|0|
13|352|330|0|159|1|0|
13|358|330|0|161|1|0|
13|356|360|0|161|1|0|
13|358|360|0|161|1|0|
13|356|330|0|161|1|0|
13|744|720|0|192|1|0|
13|352|330|0|159|1|0|
13|350|360|0|159|1|0|
13|356|330|0|161|1|0|
13|356|330|0|161|1|0|
13|356|330|0|161|1|0|
13|356|330|0|161|1|0|
13|356|360|0|161|1|0|
13|354|330|0|160|1|0|
13|348|330|0|158|1|0|
13|350|330|0|159|1|0|
13|354|360|0|160|1|0|
13|349|330|0|158|1|0|
13|351|330|0|159|1|0|
13|352|330|0|159|1|0|
13|358|330|0|161|1|0|
13|348|330|0|158|1|0|
13|351|330|0|159|1|0|
13|352|330|0|159|1|0|
13|352|360|0|159|1|0|
13|312|270|0|146|1|0|
13|350|330|0|159|1|0|
13|359|360|0|162|1|0|
13|358|360|0|161|1|0|
13|356|360|0|161|1|0|
13|354|360|0|160|1|0|
13|350|360|0|159|1|0|
13|358|330|0|161|1|0|
13|354|330|0|160|1|0|
13|352|330|0|159|1|0|
13|362|360|0|163|1|0|
13|352|330|0|159|1|0|
13|358|330|0|161|1|0|
13|572|540|0|188|1|0|
13|358|360|0|161|1|0|
13|350|300|0|159|1|0|
13|350|360|0|159|1|0|
13|344|360|0|157|1|0|
13|354|330|0|160|1|0|
13|350|330|0|159|1|0|
13|352|360|0|159|1|0|
13|352|330|0|159|1|0|
13|354|360|0|160|1|0|
13|354|330|0|160|1|0|
13|356|360|0|161|1|0|
13|350|360|0|159|1|0|
13|358|360|0|161|1|0|
13|356|360|0|161|1|0|
13|348|330|0|158|1|0|
13|384|390|0|170|1|0|
13|359|330|0|162|1|0|
13|348|360|0|158|1|0|
13|314|330|0|147|1|0|
13|350|360|0|159|1|0|
13|352|390|0|159|1|0|
13|356|330|0|161|1|0|
13|348|330|0|158|1|0|
13|314|330|0|147|1|0|
13|315|360|0|149|1|0|
13|314|360|0|149|1|0|
13|315|360|0|149|1|0|
13|317|360|0|150|1|0|
13|320|360|0|151|1|0|
13|321|390|0|151|1|0|
13|335|390|0|156|1|0|
13|330|330|0|154|1|0|
13|327|330|0|153|1|0|
13|330|330|0|154|1|0|
13|330|360|0|154|1|0|
13|335|330|0|156|1|0|
13|333|360|0|155|1|0|
13|289|300|0|141|1|0|
13|315|360|0|149|1|0|
13|334|360|0|153|1|0|
13|335|330|0|156|1|0|
13|331|330|0|155|1|0|
13|300|300|0|142|1|0|
13|332|360|0|153|1|0|
13|332|360|0|153|1|0|
13|334|330|0|153|1|0|
13|337|390|0|157|1|0|
13|329|330|0|154|1|0|
13|335|360|0|156|1|0|
13|411|420|0|181|1|0|
13|337|330|0|157|1|0|
13|329|360|0|154|1|0|
13|683|720|0|194|1|0|
13|329|360|0|154|1|0|
13|336|330|0|156|1|0|
13|327|360|0|153|1|0|
13|339|390|0|157|1|0|
13|340|330|0|158|1|0|
13|340|360|0|155|1|0|
13|343|360|0|159|1|0|
13|847|900|0|192|1|0|
13|339|360|0|155|1|0|
13|336|330|0|156|1|0|
13|350|330|0|161|1|0|
13|347|360|0|160|1|0|
13|351|330|0|161|1|0|
13|343|330|0|159|1|0|
13|345|360|0|159|1|0|
13|298|270|0|141|1|0|
13|301|330|0|145|1|0|
13|341|360|0|158|1|0|
13|341|360|0|158|1|0|
13|344|360|0|159|1|0|
13|341|330|0|158|1|0|
13|297|270|0|143|1|0|
13|567|600|0|190|1|0|
13|339|330|0|157|1|0|
13|343|330|0|156|1|0|
13|341|330|0|158|1|0|
13|341|360|0|158|1|0|
13|350|330|0|159|1|0|
13|340|360|0|155|1|0|
13|345|330|0|159|1|0|
13|343|330|0|159|1|0|
13|352|330|0|162|1|0|
13|357|330|0|163|1|0|
13|347|330|0|160|1|0|
13|348|360|0|160|1|0|
13|347|390|0|160|1|0|
13|343|360|0|159|1|0|
13|348|330|0|160|1|0|
13|349|330|0|161|1|0|
13|355|360|0|163|1|0|
13|359|360|0|164|1|0|
13|350|330|0|159|1|0|
13|350|360|0|159|1|0|
13|347|330|0|160|1|0|
13|339|330|0|157|1|0|
13|339|330|0|157|1|0|
13|353|390|0|162|1|0|
13|343|360|0|159|1|0|
13|343|330|0|159|1|0|
13|339|360|0|157|1|0|
13|343|330|0|159|1|0|
13|347|330|0|160|1|0|
13|343|330|0|159|1|0|
13|348|330|0|158|1|0|
13|343|330|0|159|1|0|
13|345|330|0|159|1|0|
13|345|330|0|159|1|0|
13|340|300|0|158|1|0|
13|343|330|0|159|1|0|
13|349|360|0|161|1|0|
13|343|330|0|159|1|0|
13|351|330|0|161|1|0|
13|349|330|0|161|1|0|
13|350|330|0|161|1|0|
13|347|330|0|160|1|0|
13|357|360|0|163|1|0|
13|353|330|0|162|1|0|
13|357|330|0|163|1|0|
13|339|300|0|157|1|0|
13|340|360|0|158|1|0|
13|349|330|0|161|1|0|
13|342|360|0|158|1|0|
13|350|330|0|161|1|0|
13|348|360|0|158|1|0|
13|346|360|0|157|1|0|
13|343|330|0|159|1|0|
13|351|360|0|161|1|0|
13|345|330|0|159|1|0|
13|319|360|0|151|1|0|
13|325|360|0|153|1|0|
13|331|360|0|155|1|0|
13|320|360|0|151|1|0|
13|327|360|0|153|1|0|
13|321|360|0|151|1|0|
13|329|330|0|154|1|0|
13|329|390|0|154|1|0|
13|325|360|0|153|1|0|
13|321|360|0|151|1|0|
13|325|330|0|153|1|0|
13|597|690|0|194|1|0|
13|329|390|0|154|1|0|
13|327|360|0|153|1|0|
13|325|360|0|153|1|0|
13|325|360|0|153|1|0|
13|329|360|0|154|1|0|
13|333|330|0|153|1|0|
13|331|360|0|155|1|0|
13|337|390|0|157|1|0|
13|333|330|0|155|1|0|
13|333|360|0|155|1|0|
13|330|390|0|152|1|0|
13|329|330|0|154|1|0|
13|329|360|0|154|1|0|
13|333|330|0|155|1|0|
13|331|360|0|155|1|0|
13|652|690|0|192|1|0|
13|331|360|0|152|1|0|
13|333|330|0|155|1|0|
13|327|330|0|153|1|0|
13|727|750|0|194|1|0|
13|336|390|0|154|1|0|
13|289|300|0|141|1|0|
13|712|750|0|188|1|0|
13|354|360|0|160|1|0|
13|350|330|0|159|1|0|
13|348|330|0|160|1|0|
13|354|330|0|160|1|0|
13|354|360|0|162|1|0|
13|349|330|0|161|1|0|
13|354|360|0|160|1|0|
13|351|330|0|161|1|0|
13|353|330|0|162|1|0|
13|303|300|0|145|1|0|
13|357|360|0|163|1|0|
13|349|330|0|161|1|0|
13|349|330|0|161|1|0|
13|353|330|0|162|1|0|
13|347|300|0|160|1|0|
13|348|360|0|160|1|0|
13|347|330|0|160|1|0|
13|343|360|0|159|1|0|
13|353|330|0|162|1|0|
13|349|330|0|161|1|0|
13|348|360|0|158|1|0|
13|355|360|0|163|1|0|
13|358|360|0|164|1|0|
13|354|330|0|160|1|0|
13|345|330|0|159|1|0|
13|447|450|0|191|1|0|
13|350|330|0|161|1|0|
13|350|360|0|159|1|0|
13|353|330|0|160|1|0|
13|353|330|0|160|1|0|
13|350|330|0|159|1|0|
13|352|330|0|162|1|0|
13|349|330|0|161|1|0|
13|351|330|0|161|1|0|
13|350|330|0|161|1|0|
13|351|360|0|159|1|0|
13|345|330|0|159|1|0|
13|347|360|0|160|1|0|
13|353|330|0|162|1|0|
13|347|360|0|160|1|0|
13|354|360|0|160|1|0|
13|349|360|0|161|1|0|
13|349|330|0|161|1|0|
13|356|360|0|163|1|0|
13|352|330|0|162|1|0|
13|350|330|0|159|1|0|
13|352|360|0|162|1|0|
13|349|300|0|161|1|0|
13|353|330|0|162|1|0|
13|348|330|0|160|1|0|
13|349|330|0|161|1|0|
13|339|330|0|157|1|0|
13|344|330|0|157|1|0|
13|352|330|0|159|1|0|
13|354|360|0|160|1|0|
13|344|360|0|157|1|0|
13|355|360|0|163|1|0|
13|353|330|0|162|1|0|
13|352|330|0|162|1|0|
13|353|330|0|162|1|0|
13|343|330|0|159|1|0|
13|345|330|0|159|1|0|
13|341|360|0|158|1|0|
13|355|360|0|163|1|0|
13|349|330|0|161|1|0|
13|349|330|0|161|1|0|
13|1105|1080|0|194|1|0|
13|349|360|0|161|1|0|
13|350|330|0|161|1|0|
13|361|360|0|162|1|0|
13|347|330|0|160|1|0|
13|351|330|0|159|1|0|
13|343|330|0|159|1|0|
13|350|330|0|159|1|0|
13|344|330|0|157|1|0|
13|357|360|0|161|1|0|
13|358|360|0|161|1|0|
13|352|330|0|159|1|0|
13|350|360|0|159|1|0|
13|359|360|0|162|1|0|
13|350|330|0|159|1|0|
13|350|360|0|159|1|0|
13|358|360|0|161|1|0|
13|350|360|0|159|1|0|
13|360|360|0|162|1|0|
13|312|330|0|146|1|0|
13|358|360|0|161|1|0|
13|354|360|0|160|1|0|
13|350|330|0|159|1|0|
13|356|360|0|161|1|0|
13|350|360|0|159|1|0|
13|356|330|0|161|1|0|
13|350|360|0|159|1|0|
13|356|360|0|161|1|0|
13|358|330|0|161|1|0|
13|356|330|0|161|1|0|
13|354|330|0|160|1|0|
13|355|360|0|160|1|0|
13|351|330|0|159|1|0|
13|350|360|0|159|1|0|
13|358|360|0|161|1|0|
13|351|330|0|159|1|0|
13|354|360|0|160|1|0|
13|350|360|0|159|1|0|
13|359|330|0|162|1|0|
13|356|360|0|161|1|0|
13|350|330|0|161|1|0|
13|355|330|0|163|1|0|
13|357|360|0|163|1|0|
13|1097|1050|0|190|1|0|
13|351|330|0|159|1|0|
13|351|360|0|161|1|0|
13|349|330|0|161|1|0|
13|350|360|0|161|1|0|
13|351|330|0|161|1|0|
13|355|360|0|163|1|0|
