INSTRUCTIONS_RETIRED|CYCLES|UNKNOWN|LD_BLOCKS.STORE_FORWARD|UOPS_EXECUTED.CORE|BR_MISP_RETIRED.ALL_BRANCHES|UOPS_ISSUED.SINGLE_MUL|
13|301|300|0|142|1|0|
13|445|480|0|190|1|0|
13|349|390|0|158|1|0|
13|352|330|0|159|1|0|
13|347|360|0|157|1|0|
13|345|360|0|157|1|0|
13|350|330|0|158|1|0|
13|343|330|0|156|1|0|
13|353|360|0|159|1|0|
13|317|360|0|147|1|0|
13|317|360|0|147|1|0|
13|352|330|0|159|1|0|
13|353|330|0|159|1|0|
13|349|360|0|158|1|0|
13|345|330|0|157|1|0|
13|299|270|0|141|1|0|
13|345|330|0|157|1|0|
13|323|360|0|149|1|0|
13|320|390|0|148|1|0|
13|306|300|0|143|1|0|
13|334|390|0|153|1|0|
13|349|330|0|158|1|0|
13|329|360|0|151|1|0|
13|351|330|0|159|1|0|
13|813|810|0|188|1|0|
13|378|390|0|168|1|0|
13|346|330|0|157|1|0|
13|348|360|0|158|1|0|
13|341|330|0|155|1|0|
13|305|330|0|143|1|0|
13|353|390|0|159|1|0|
13|344|360|0|156|1|0|
13|351|330|0|159|1|0|
13|341|330|0|155|1|0|
13|351|330|0|159|1|0|
13|346|330|0|157|1|0|
13|351|330|0|159|1|0|
13|353|330|0|159|1|0|
13|308|300|0|144|1|0|
13|356|360|0|160|1|0|
13|359|360|0|161|1|0|
13|345|390|0|157|1|0|
13|353|360|0|159|1|0|
13|348|360|0|157|1|0|
13|349|330|0|158|1|0|
13|343|360|0|156|1|0|
13|352|360|0|159|1|0|
13|349|360|0|158|1|0|
13|344|360|0|156|1|0|
13|349|330|0|158|1|0|
13|349|330|0|158|1|0|
13|345|360|0|157|1|0|
13|351|330|0|159|1|0|
13|353|330|0|159|1|0|
13|348|360|0|158|1|0|
13|351|330|0|159|1|0|
13|619|600|0|188|1|0|
13|344|360|0|156|1|0|
13|346|330|0|157|1|0|
13|352|330|0|159|1|0|
13|344|330|0|156|1|0|
13|349|330|0|158|1|0|
13|343|360|0|156|1|0|
13|311|330|0|145|1|0|
13|343|330|0|156|1|0|
13|347|360|0|157|1|0|
13|353|330|0|159|1|0|
13|342|330|0|155|1|0|
13|348|330|0|158|1|0|
13|351|360|0|159|1|0|
13|350|390|0|158|1|0|
13|351|330|0|159|1|0|
13|351|390|0|159|1|0|
13|315|390|0|147|1|0|
13|315|360|0|147|1|0|
13|317|360|0|147|1|0|
13|318|360|0|147|1|0|
13|309|360|0|145|1|0|
13|309|390|0|145|1|0|
13|317|390|0|147|1|0|
13|319|360|0|148|1|0|
13|316|390|0|147|1|0|
13|311|390|0|145|1|0|
13|319|390|0|148|1|0|
13|313|360|0|146|1|0|
13|317|390|0|147|1|0|
13|315|390|0|147|1|0|
13|320|390|0|148|1|0|
13|594|720|0|188|1|0|
13|309|360|0|145|1|0|
13|319|420|0|148|1|0|
13|311|390|0|145|1|0|
13|313|360|0|146|1|0|
13|313|390|0|146|1|0|
13|310|330|0|145|1|0|
13|641|780|0|192|1|0|
13|309|390|0|145|1|0|
13|315|360|0|147|1|0|
13|312|390|0|145|1|0|
13|316|390|0|147|1|0|
13|314|360|0|146|1|0|
13|311|390|0|145|1|0|
13|317|390|0|147|1|0|
13|317|390|0|147|1|0|
13|315|360|0|147|1|0|
13|317|390|0|147|1|0|
13|310|360|0|145|1|0|
13|316|360|0|147|1|0|
13|311|390|0|145|1|0|
13|313|360|0|146|1|0|
13|314|390|0|146|1|0|
13|311|360|0|145|1|0|
13|611|720|0|188|1|0|
13|312|360|0|146|1|0|
13|319|390|0|148|1|0|
13|419|510|0|181|1|0|
13|307|390|0|144|1|0|
13|303|390|0|143|1|0|
13|861|1080|0|188|1|0|
13|301|390|0|142|1|0|
13|309|390|0|145|1|0|
13|267|330|0|131|1|0|
13|310|390|0|145|1|0|
13|305|390|0|143|1|0|
13|311|420|0|145|1|0|
13|307|390|0|144|1|0|
13|313|390|0|146|1|0|
13|311|360|0|145|1|0|
13|307|390|0|144|1|0|
13|303|360|0|143|1|0|
13|317|390|0|147|1|0|
13|315|390|0|147|1|0|
13|579|690|0|188|1|0|
13|319|390|0|148|1|0|
13|309|360|0|145|1|0|
13|317|390|0|147|1|0|
13|309|330|0|145|1|0|
13|310|390|0|145|1|0|
13|313|390|0|146|1|0|
13|313|390|0|146|1|0|
13|317|390|0|147|1|0|
13|313|360|0|146|1|0|
13|315|390|0|147|1|0|
13|517|630|0|188|1|0|
13|281|330|0|135|1|0|
13|315|360|0|147|1|0|
13|319|390|0|148|1|0|
13|311|360|0|145|1|0|
13|317|390|0|147|1|0|
13|317|390|0|147|1|0|
13|309|390|0|145|1|0|
13|319|390|0|148|1|0|
13|319|390|0|148|1|0|
13|317|390|0|147|1|0|
13|275|330|0|133|1|0|
13|317|390|0|147|1|0|
13|309|360|0|145|1|0|
13|309|360|0|145|1|0|
13|309|330|0|145|1|0|
13|317|360|0|147|1|0|
13|308|360|0|144|1|0|
13|619|750|0|192|1|0|
13|309|360|0|145|1|0|
13|311|390|0|145|1|0|
13|317|390|0|147|1|0|
13|319|360|0|148|1|0|
13|621|720|0|188|1|0|
13|311|390|0|145|1|0|
13|315|390|0|147|1|0|
13|315|360|0|147|1|0|
13|311|390|0|145|1|0|
13|313|360|0|146|1|0|
13|315|360|0|147|1|0|
13|319|360|0|148|1|0|
13|312|360|0|146|1|0|
13|319|360|0|148|1|0|
13|299|360|0|141|1|0|
13|357|360|0|161|1|0|
13|350|330|0|158|1|0|
13|357|360|0|161|1|0|
13|349|360|0|158|1|0|
13|357|360|0|161|1|0|
13|349|300|0|158|1|0|
13|357|330|0|161|1|0|
13|359|330|0|161|1|0|
13|356|330|0|160|1|0|
13|351|360|0|159|1|0|
13|1040|1020|0|192|1|0|
13|355|330|0|160|1|0|
13|355|360|0|160|1|0|
13|353|330|0|159|1|0|
13|350|330|0|158|1|0|
13|361|330|0|162|1|0|
13|351|330|0|159|1|0|
13|358|360|0|161|1|0|
13|349|360|0|158|1|0|
13|355|330|0|160|1|0|
13|357|360|0|161|1|0|
13|351|330|0|159|1|0|
13|709|720|0|192|1|0|
13|353|330|0|159|1|0|
13|361|360|0|162|1|0|
13|349|330|0|158|1|0|
13|359|360|0|161|1|0|
13|353|360|0|159|1|0|
13|351|330|0|159|1|0|
13|359|330|0|161|1|0|
13|359|360|0|161|1|0|
13|361|330|0|162|1|0|
13|351|330|0|159|1|0|
13|360|360|0|162|1|0|
13|351|330|0|159|1|0|
13|349|360|0|158|1|0|
13|356|330|0|160|1|0|
13|350|330|0|158|1|0|
13|351|360|0|159|1|0|
13|349|330|0|158|1|0|
13|351|330|0|159|1|0|
13|355|360|0|160|1|0|
13|353|360|0|159|1|0|
13|352|330|0|159|1|0|
13|341|330|0|155|1|0|
13|345|360|0|157|1|0|
13|341|330|0|155|1|0|
13|351|330|0|159|1|0|
13|351|330|0|159|1|0|
13|349|330|0|158|1|0|
13|351|390|0|159|1|0|
13|349|360|0|158|1|0|
13|358|360|0|161|1|0|
13|829|840|0|188|1|0|
13|353|330|0|159|1|0|
13|355|360|0|160|1|0|
13|351|330|0|159|1|0|
13|360|360|0|162|1|0|
13|356|330|0|160|1|0|
13|360|330|0|162|1|0|
13|349|360|0|158|1|0|
13|361|360|0|162|1|0|
13|345|330|0|157|1|0|
13|353|390|0|159|1|0|
13|344|360|0|156|1|0|
13|351|360|0|159|1|0|
13|441|480|0|189|1|0|
13|593|720|0|188|1|0|
13|343|330|0|156|1|0|
13|349|360|0|158|1|0|
13|354|360|0|160|1|0|
13|344|360|0|156|1|0|
13|313|360|0|146|1|0|
13|317|390|0|147|1|0|
13|306|300|0|144|1|0|
13|355|360|0|160|1|0|
13|351|330|0|159|1|0|
13|349|390|0|158|1|0|
13|349|330|0|158|1|0|
13|389|420|0|171|1|0|
13|351|330|0|159|1|0|
13|309|360|0|145|1|0|
13|319|420|0|148|1|0|
13|423|480|0|183|1|0|
13|329|360|0|151|1|0|
13|285|300|0|137|1|0|
13|334|390|0|153|1|0|
13|288|300|0|137|1|0|
13|336|360|0|153|1|0|
13|328|390|0|151|1|0|
13|330|330|0|151|1|0|
13|290|300|0|138|1|0|
13|327|390|0|150|1|0|
13|332|390|0|152|1|0|
13|346|330|0|157|1|0|
13|354|390|0|159|1|0|
13|344|330|0|156|1|0|
13|334|390|0|153|1|0|
13|324|390|0|149|1|0|
13|344|360|0|156|1|0|
13|350|390|0|158|1|0|
13|348|360|0|157|1|0|
13|352|330|0|159|1|0|
13|330|330|0|151|1|0|
13|332|360|0|152|1|0|
13|339|360|0|155|1|0|
13|331|360|0|152|1|0|
13|330|330|0|152|1|0|
13|329|360|0|151|1|0|
13|293|300|0|139|1|0|
13|331|360|0|152|1|0|
13|326|360|0|150|1|0|
13|805|900|0|192|1|0|
13|291|330|0|139|1|0|
13|330|390|0|152|1|0|
13|331|360|0|152|1|0|
13|323|360|0|149|1|0|
13|331|330|0|152|1|0|
13|323|360|0|149|1|0|
13|324|360|0|150|1|0|
13|323|360|0|149|1|0|
13|323|330|0|149|1|0|
13|334|390|0|153|1|0|
13|331|360|0|152|1|0|
13|815|810|0|188|1|0|
13|354|330|0|159|1|0|
13|349|330|0|158|1|0|
13|358|330|0|161|1|0|
13|353|360|0|159|1|0|
13|358|330|0|161|1|0|
13|362|360|0|162|1|0|
13|308|300|0|144|1|0|
13|327|330|0|150|1|0|
13|352|330|0|159|1|0|
13|350|360|0|158|1|0|
13|350|330|0|158|1|0|
13|346|360|0|157|1|0|
13|345|360|0|156|1|0|
13|844|840|0|188|1|0|
13|350|330|0|158|1|0|
13|346|330|0|157|1|0|
13|350|360|0|158|1|0|
13|346|330|0|157|1|0|
13|349|330|0|158|1|0|
13|347|360|0|157|1|0|
13|345|360|0|156|1|0|
13|352|330|0|159|1|0|
13|347|330|0|157|1|0|
13|350|390|0|158|1|0|
13|350|330|0|158|1|0|
13|351|360|0|159|1|0|
13|631|660|0|188|1|0|
13|346|330|0|157|1|0|
13|519|510|0|192|1|0|
13|353|360|0|159|1|0|
13|349|390|0|158|1|0|
13|351|330|0|159|1|0|
13|351|360|0|159|1|0|
13|348|330|0|158|1|0|
13|353|330|0|159|1|0|
13|347|360|0|157|1|0|
13|733|750|0|192|1|0|
13|343|330|0|156|1|0|
13|354|390|0|159|1|0|
13|351|330|0|159|1|0|
13|353|360|0|159|1|0|
13|343|360|0|156|1|0|
13|347|390|0|157|1|0|
13|348|330|0|157|1|0|
13|467|510|0|192|1|0|
13|348|360|0|157|1|0|
13|344|360|0|156|1|0|
13|344|330|0|156|1|0|
13|349|390|0|158|1|0|
13|349|330|0|158|1|0|
13|346|390|0|157|1|0|
13|328|360|0|151|1|0|
13|334|390|0|153|1|0|
13|289|300|0|138|1|0|
13|335|390|0|153|1|0|
13|333|330|0|153|1|0|
13|336|360|0|153|1|0|
13|330|330|0|152|1|0|
13|334|390|0|153|1|0|
13|324|360|0|150|1|0|
13|329|360|0|151|1|0|
13|435|480|0|187|1|0|
13|327|360|0|151|1|0|
13|327|390|0|151|1|0|
13|329|390|0|151|1|0|
13|331|390|0|152|1|0|
13|315|420|0|147|1|0|
13|309|390|0|145|1|0|
13|311|360|0|145|1|0|
13|313|390|0|146|1|0|
13|311|420|0|145|1|0|
13|313|390|0|146|1|0|
13|313|390|0|146|1|0|
13|303|360|0|143|1|0|
13|309|360|0|145|1|0|
13|310|390|0|145|1|0|
13|307|360|0|144|1|0|
13|309|390|0|145|1|0|
13|307|390|0|144|1|0|
13|309|390|0|145|1|0|
13|315|360|0|147|1|0|
13|315|390|0|147|1|0|
13|315|390|0|147|1|0|
13|316|360|0|147|1|0|
13|322|390|0|149|1|0|
13|311|360|0|145|1|0|
13|316|360|0|147|1|0|
13|316|360|0|147|1|0|
13|320|360|0|148|1|0|
13|310|360|0|145|1|0|
13|313|360|0|146|1|0|
13|621|720|0|192|1|0|
13|310|390|0|145|1|0|
13|316|390|0|147|1|0|
13|311|360|0|145|1|0|
13|317|390|0|147|1|0|
13|319|390|0|148|1|0|
13|315|390|0|147|1|0|
13|319|390|0|148|1|0|
13|653|780|0|188|1|0|
13|311|390|0|145|1|0|
13|318|390|0|148|1|0|
13|317|390|0|147|1|0|
13|317|360|0|147|1|0|
13|316|360|0|147|1|0|
13|315|360|0|147|1|0|
13|311|390|0|145|1|0|
13|317|390|0|147|1|0|
13|315|360|0|147|1|0|
13|665|810|0|192|1|0|
13|646|780|0|188|1|0|
13|313|390|0|146|1|0|
13|316|390|0|147|1|0|
13|315|390|0|147|1|0|
13|323|360|0|149|1|0|
13|317|360|0|147|1|0|
13|315|360|0|147|1|0|
13|321|360|0|149|1|0|
13|312|390|0|145|1|0|
13|319|360|0|148|1|0|
13|318|360|0|147|1|0|
13|315|390|0|147|1|0|
13|317|390|0|147|1|0|
13|317|390|0|147|1|0|
13|311|360|0|145|1|0|
13|317|360|0|147|1|0|
13|640|780|0|188|1|0|
13|315|360|0|147|1|0|
13|317|390|0|147|1|0|
13|311|390|0|145|1|0|
13|317|360|0|147|1|0|
13|315|390|0|147|1|0|
13|317|390|0|147|1|0|
13|279|330|0|135|1|0|
13|319|390|0|148|1|0|
13|317|390|0|147|1|0|
13|318|360|0|148|1|0|
13|311|360|0|145|1|0|
13|319|390|0|148|1|0|
13|318|390|0|147|1|0|
13|279|330|0|134|1|0|
13|280|330|0|135|1|0|
13|319|390|0|148|1|0|
13|310|360|0|145|1|0|
13|317|360|0|147|1|0|
13|318|390|0|147|1|0|
13|314|390|0|146|1|0|
13|316|390|0|147|1|0|
13|310|360|0|145|1|0|
13|320|390|0|148|1|0|
13|321|390|0|148|1|0|
13|754|900|0|192|1|0|
13|317|390|0|147|1|0|
13|326|360|0|150|1|0|
13|326|390|0|150|1|0|
13|324|390|0|149|1|0|
13|330|390|0|151|1|0|
13|319|390|0|148|1|0|
13|324|360|0|149|1|0|
13|320|360|0|148|1|0|
13|322|390|0|149|1|0|
13|326|360|0|150|1|0|
13|324|360|0|149|1|0|
13|324|390|0|149|1|0|
13|324|390|0|149|1|0|
13|322|360|0|149|1|0|
13|316|330|0|147|1|0|
13|326|360|0|150|1|0|
13|325|390|0|150|1|0|
13|326|390|0|150|1|0|
13|326|390|0|150|1|0|
13|330|420|0|151|1|0|
13|324|360|0|149|1|0|
13|320|390|0|148|1|0|
13|320|390|0|148|1|0|
13|1020|1170|0|192|1|0|
13|321|390|0|148|1|0|
13|324|390|0|149|1|0|
13|318|360|0|147|1|0|
13|319|360|0|148|1|0|
13|324|360|0|149|1|0|
13|328|360|0|151|1|0|
13|326|390|0|150|1|0|
13|324|360|0|149|1|0|
13|316|360|0|147|1|0|
13|318|390|0|147|1|0|
13|392|450|0|172|1|0|
13|321|360|0|148|1|0|
13|286|360|0|137|1|0|
13|319|360|0|148|1|0|
13|321|360|0|148|1|0|
13|318|390|0|147|1|0|
13|324|390|0|149|1|0|
13|316|360|0|147|1|0|
13|326|360|0|150|1|0|
13|318|390|0|147|1|0|
13|325|390|0|150|1|0|
13|326|360|0|150|1|0|
13|322|360|0|149|1|0|
13|321|330|0|148|1|0|
13|322|390|0|149|1|0|
13|316|390|0|147|1|0|
13|318|360|0|147|1|0|
13|316|360|0|147|1|0|
13|324|390|0|149|1|0|
13|326|360|0|150|1|0|
13|326|390|0|150|1|0|
13|328|390|0|151|1|0|
13|325|390|0|149|1|0|
13|328|390|0|151|1|0|
13|316|360|0|147|1|0|
13|324|360|0|149|1|0|
13|324|360|0|149|1|0|
13|548|630|0|188|1|0|
13|324|360|0|149|1|0|
13|324|390|0|149|1|0|
13|1024|1200|0|188|1|0|
13|320|360|0|148|1|0|
13|317|360|0|147|1|0|
13|325|360|0|150|1|0|
13|318|360|0|147|1|0|
13|326|390|0|150|1|0|
13|328|360|0|151|1|0|
13|318|390|0|147|1|0|
13|330|390|0|151|1|0|
13|327|390|0|150|1|0|
13|324|360|0|149|1|0|
13|324|390|0|149|1|0|
13|318|390|0|147|1|0|
13|324|390|0|149|1|0|
13|317|360|0|147|1|0|
13|316|360|0|147|1|0|
13|324|390|0|149|1|0|
13|316|360|0|147|1|0|
13|322|360|0|149|1|0|
13|316|360|0|147|1|0|
13|326|360|0|150|1|0|
13|746|870|0|192|1|0|
13|318|360|0|147|1|0|
13|328|390|0|151|1|0|
13|913|1050|0|192|1|0|
13|322|390|0|149|1|0|
13|320|390|0|148|1|0|
13|316|360|0|147|1|0|
13|318|360|0|147|1|0|
13|319|390|0|148|1|0|
13|329|360|0|151|1|0|
13|328|360|0|151|1|0|
13|326|360|0|150|1|0|
13|321|360|0|149|1|0|
13|326|360|0|150|1|0|
13|320|360|0|148|1|0|
13|319|360|0|148|1|0|
13|319|360|0|148|1|0|
13|317|360|0|147|1|0|
13|322|360|0|149|1|0|
13|326|390|0|150|1|0|
13|318|360|0|147|1|0|
13|322|390|0|149|1|0|
13|326|390|0|150|1|0|
13|322|360|0|149|1|0|
13|328|360|0|151|1|0|
13|646|750|0|192|1|0|
13|321|390|0|148|1|0|
13|315|360|0|147|1|0|
13|317|360|0|147|1|0|
13|319|390|0|148|1|0|
13|315|390|0|147|1|0|
13|324|360|0|149|1|0|
13|323|390|0|149|1|0|
13|322|360|0|149|1|0|
13|328|390|0|151|1|0|
13|325|360|0|150|1|0|
13|331|390|0|152|1|0|
13|323|360|0|149|1|0|
13|331|390|0|152|1|0|
13|328|360|0|151|1|0|
13|329|360|0|151|1|0|
13|323|360|0|149|1|0|
13|332|390|0|152|1|0|
13|328|390|0|151|1|0|
13|326|390|0|150|1|0|
13|331|360|0|152|1|0|
13|329|360|0|151|1|0|
13|332|330|0|152|1|0|
13|717|810|0|188|1|0|
13|330|390|0|151|1|0|
13|334|360|0|153|1|0|
13|331|390|0|152|1|0|
13|334|330|0|153|1|0|
13|332|360|0|152|1|0|
13|337|330|0|154|1|0|
13|329|330|0|151|1|0|
13|332|390|0|152|1|0|
13|332|360|0|152|1|0|
13|342|390|0|155|1|0|
13|330|330|0|151|1|0|
13|337|360|0|154|1|0|
13|518|540|0|188|1|0|
13|337|330|0|154|1|0|
13|338|390|0|154|1|0|
13|336|390|0|153|1|0|
13|340|330|0|155|1|0|
13|334|360|0|153|1|0|
13|340|390|0|155|1|0|
13|337|390|0|154|1|0|
13|340|390|0|155|1|0|
13|339|330|0|155|1|0|
13|340|360|0|155|1|0|
13|330|330|0|151|1|0|
13|334|390|0|153|1|0|
13|329|390|0|151|1|0|
13|339|330|0|155|1|0|
13|337|390|0|154|1|0|
13|341|330|0|155|1|0|
13|336|360|0|154|1|0|
13|340|360|0|155|1|0|
13|337|330|0|154|1|0|
13|333|390|0|153|1|0|
13|338|360|0|154|1|0|
13|333|330|0|153|1|0|
13|336|330|0|153|1|0|
13|334|390|0|153|1|0|
13|339|330|0|154|1|0|
13|329|390|0|151|1|0|
13|336|390|0|153|1|0|
13|332|330|0|152|1|0|
13|335|360|0|153|1|0|
13|331|390|0|152|1|0|
13|333|330|0|153|1|0|
13|331|390|0|152|1|0|
13|331|360|0|152|1|0|
13|329|390|0|151|1|0|
13|331|390|0|152|1|0|
13|331|330|0|152|1|0|
13|329|360|0|151|1|0|
13|337|360|0|154|1|0|
13|323|360|0|149|1|0|
13|327|390|0|151|1|0|
13|321|390|0|149|1|0|
13|532|630|0|192|1|0|
13|325|390|0|150|1|0|
13|320|360|0|148|1|0|
13|323|360|0|149|1|0|
13|280|330|0|135|1|0|
13|317|390|0|147|1|0|
13|325|360|0|150|1|0|
13|319|360|0|148|1|0|
13|356|360|0|160|1|0|
13|359|330|0|161|1|0|
13|351|330|0|159|1|0|
13|353|360|0|159|1|0|
13|344|330|0|156|1|0|
13|354|330|0|160|1|0|
13|347|360|0|157|1|0|
13|349|360|0|158|1|0|
13|345|390|0|157|1|0|
13|351|330|0|159|1|0|
13|359|330|0|161|1|0|
13|357|360|0|161|1|0|
13|349|330|0|158|1|0|
13|357|360|0|161|1|0|
13|349|360|0|158|1|0|
13|351|330|0|159|1|0|
13|357|360|0|161|1|0|
13|349|300|0|158|1|0|
13|352|360|0|159|1|0|
13|349|330|0|158|1|0|
13|355|360|0|160|1|0|
13|352|330|0|159|1|0|
13|359|360|0|161|1|0|
13|352|330|0|159|1|0|
13|349|330|0|158|1|0|
13|353|360|0|159|1|0|
13|1101|1050|0|192|1|0|
13|355|330|0|160|1|0|
13|357|330|0|161|1|0|
13|349|330|0|158|1|0|
13|357|330|0|161|1|0|
13|356|360|0|160|1|0|
13|353|330|0|159|1|0|
13|359|330|0|161|1|0|
13|357|330|0|161|1|0|
13|361|330|0|162|1|0|
13|351|330|0|159|1|0|
13|351|360|0|159|1|0|
13|353|360|0|159|1|0|
13|359|330|0|161|1|0|
13|354|330|0|160|1|0|
13|352|330|0|159|1|0|
13|355|390|0|160|1|0|
13|345|330|0|157|1|0|
13|349|390|0|158|1|0|
13|353|390|0|159|1|0|
13|353|330|0|159|1|0|
13|771|780|0|188|1|0|
13|343|330|0|156|1|0|
13|345|330|0|157|1|0|
13|359|360|0|161|1|0|
13|349|360|0|158|1|0|
13|359|360|0|161|1|0|
13|349|360|0|158|1|0|
13|353|360|0|159|1|0|
13|355|330|0|160|1|0|
13|351|330|0|159|1|0|
13|356|330|0|160|1|0|
13|349|330|0|158|1|0|
13|359|330|0|161|1|0|
13|359|330|0|161|1|0|
13|355|330|0|160|1|0|
13|359|330|0|161|1|0|
13|350|360|0|158|1|0|
13|350|360|0|158|1|0|
13|357|360|0|161|1|0|
13|1219|1170|0|188|1|0|
13|353|360|0|159|1|0|
13|359|360|0|161|1|0|
13|353|330|0|159|1|0|
13|350|330|0|158|1|0|
13|353|360|0|159|1|0|
13|360|330|0|162|1|0|
13|353|330|0|159|1|0|
13|358|330|0|161|1|0|
13|358|360|0|161|1|0|
13|357|360|0|161|1|0|
13|359|360|0|161|1|0|
13|345|330|0|157|1|0|
13|345|330|0|157|1|0|
13|349|330|0|158|1|0|
13|349|330|0|158|1|0|
13|304|330|0|143|1|0|
13|889|900|0|188|1|0|
13|349|360|0|158|1|0|
13|345|360|0|157|1|0|
13|353|330|0|159|1|0|
13|351|330|0|159|1|0|
13|349|330|0|158|1|0|
13|351|330|0|159|1|0|
13|352|390|0|159|1|0|
13|351|330|0|159|1|0|
13|355|360|0|160|1|0|
13|318|390|0|148|1|0|
13|352|330|0|159|1|0|
13|311|270|0|145|1|0|
13|301|330|0|142|1|0|
13|279|330|0|135|1|0|
13|349|330|0|158|1|0|
13|345|360|0|157|1|0|
13|333|300|0|152|1|0|
13|345|330|0|156|1|0|
13|309|360|0|145|1|0|
13|345|330|0|157|1|0|
13|343|330|0|156|1|0|
13|310|360|0|145|1|0|
13|353|390|0|159|1|0|
13|312|390|0|145|1|0|
13|319|390|0|148|1|0|
13|349|330|0|158|1|0|
13|349|360|0|158|1|0|
13|349|360|0|158|1|0|
13|353|390|0|159|1|0|
13|325|360|0|150|1|0|
13|298|330|0|141|1|0|
13|320|360|0|148|1|0|
13|351|330|0|159|1|0|
13|313|360|0|146|1|0|
13|284|330|0|136|1|0|
13|323|360|0|149|1|0|
13|325|390|0|150|1|0|
13|323|360|0|149|1|0|
13|321|360|0|149|1|0|
13|327|390|0|151|1|0|
13|329|360|0|151|1|0|
13|335|330|0|153|1|0|
13|329|330|0|151|1|0|
13|341|330|0|155|1|0|
13|329|330|0|151|1|0|
13|339|330|0|155|1|0|
13|331|360|0|152|1|0|
13|339|360|0|155|1|0|
13|341|390|0|155|1|0|
13|333|360|0|153|1|0|
13|339|360|0|155|1|0|
13|330|330|0|152|1|0|
13|331|330|0|152|1|0|
13|331|330|0|152|1|0|
13|339|390|0|155|1|0|
13|329|330|0|151|1|0|
13|329|360|0|151|1|0|
13|359|360|0|161|1|0|
13|349|360|0|158|1|0|
13|353|330|0|159|1|0|
13|357|360|0|161|1|0|
13|438|450|0|188|1|0|
13|363|360|0|162|1|0|
13|341|360|0|155|1|0|
13|345|360|0|156|1|0|
13|345|360|0|157|1|0|
13|354|360|0|160|1|0|
13|345|330|0|157|1|0|
13|749|750|0|192|1|0|
13|349|330|0|158|1|0|
13|351|360|0|159|1|0|
13|349|330|0|158|1|0|
13|349|360|0|158|1|0|
13|353|360|0|159|1|0|
13|356|330|0|160|1|0|
13|353|360|0|159|1|0|
13|350|330|0|158|1|0|
13|353|330|0|159|1|0|
13|831|810|0|188|1|0|
13|829|840|0|188|1|0|
13|355|330|0|160|1|0|
13|351|330|0|159|1|0|
13|347|330|0|157|1|0|
13|353|390|0|159|1|0|
13|347|390|0|157|1|0|
13|343|360|0|156|1|0|
13|351|330|0|159|1|0|
13|347|360|0|157|1|0|
13|343|390|0|156|1|0|
13|345|330|0|157|1|0|
13|353|390|0|159|1|0|
13|344|360|0|156|1|0|
13|349|330|0|158|1|0|
13|343|390|0|156|1|0|
13|341|360|0|155|1|0|
13|343|330|0|156|1|0|
13|353|360|0|159|1|0|
13|351|330|0|159|1|0|
13|343|330|0|156|1|0|
13|304|300|0|143|1|0|
13|344|360|0|156|1|0|
13|345|330|0|157|1|0|
13|345|330|0|157|1|0|
13|347|360|0|157|1|0|
13|343|330|0|156|1|0|
13|352|330|0|159|1|0|
13|349|330|0|158|1|0|
13|341|330|0|155|1|0|
13|727|720|0|192|1|0|
13|349|330|0|158|1|0|
13|351|330|0|159|1|0|
13|353|330|0|159|1|0|
13|357|360|0|161|1|0|
13|355|330|0|160|1|0|
13|803|780|0|192|1|0|
13|337|300|0|154|1|0|
13|359|360|0|161|1|0|
13|351|360|0|159|1|0|
13|351|330|0|159|1|0|
13|350|330|0|158|1|0|
13|356|330|0|160|1|0|
13|350|330|0|158|1|0|
13|357|360|0|161|1|0|
13|1169|1140|0|188|1|0|
13|359|360|0|161|1|0|
13|351|330|0|159|1|0|
13|351|360|0|159|1|0|
13|351|330|0|159|1|0|
13|351|330|0|159|1|0|
13|349|360|0|158|1|0|
13|350|360|0|158|1|0|
13|353|360|0|159|1|0|
13|356|360|0|160|1|0|
13|351|330|0|158|1|0|
13|352|330|0|159|1|0|
13|360|360|0|161|1|0|
13|360|360|0|161|1|0|
13|358|360|0|161|1|0|
13|358|360|0|161|1|0|
13|362|360|0|162|1|0|
13|350|330|0|158|1|0|
13|354|330|0|159|1|0|
13|355|360|0|160|1|0|
13|343|330|0|156|1|0|
13|344|330|0|156|1|0|
13|342|330|0|155|1|0|
13|348|330|0|157|1|0|
13|354|330|0|159|1|0|
13|352|330|0|159|1|0|
13|354|330|0|159|1|0|
13|349|360|0|158|1|0|
13|354|360|0|159|1|0|
13|352|330|0|159|1|0|
13|355|390|0|160|1|0|
13|353|390|0|159|1|0|
13|351|360|0|159|1|0|
13|347|330|0|157|1|0|
13|353|330|0|159|1|0|
13|341|330|0|155|1|0|
13|345|360|0|157|1|0|
13|350|330|0|158|1|0|
13|345|360|0|157|1|0|
13|345|330|0|156|1|0|
13|344|330|0|156|1|0|
13|349|330|0|158|1|0|
13|316|330|0|147|1|0|
13|326|360|0|150|1|0|
13|324|390|0|149|1|0|
13|328|390|0|151|1|0|
13|322|390|0|149|1|0|
13|326|390|0|150|1|0|
13|322|360|0|149|1|0|
13|320|390|0|148|1|0|
13|326|360|0|150|1|0|
13|303|330|0|142|1|0|
13|324|360|0|149|1|0|
13|323|390|0|149|1|0|
13|326|360|0|150|1|0|
13|326|390|0|150|1|0|
13|324|390|0|149|1|0|
13|329|390|0|151|1|0|
13|318|390|0|147|1|0|
13|324|360|0|149|1|0|
13|319|390|0|148|1|0|
13|326|360|0|150|1|0|
13|368|420|0|164|1|0|
13|322|390|0|149|1|0|
13|326|390|0|150|1|0|
13|318|390|0|147|1|0|
13|322|390|0|149|1|0|
13|326|390|0|150|1|0|
13|318|330|0|147|1|0|
13|321|360|0|148|1|0|
13|406|480|0|177|1|0|
13|316|360|0|147|1|0|
13|322|360|0|149|1|0|
13|326|390|0|150|1|0|
13|326|390|0|150|1|0|
13|326|390|0|150|1|0|
13|326|390|0|150|1|0|
13|316|390|0|147|1|0|
13|324|390|0|149|1|0|
13|326|360|0|150|1|0|
13|320|360|0|148|1|0|
13|326|390|0|150|1|0|
13|327|360|0|150|1|0|
13|326|360|0|150|1|0|
13|324|390|0|149|1|0|
13|326|390|0|150|1|0|
13|304|360|0|143|1|0|
13|324|390|0|149|1|0|
13|318|360|0|147|1|0|
13|324|390|0|149|1|0|
13|318|390|0|147|1|0|
13|326|390|0|150|1|0|
13|326|360|0|150|1|0|
13|326|360|0|150|1|0|
13|322|360|0|149|1|0|
13|322|390|0|149|1|0|
13|322|390|0|148|1|0|
13|324|360|0|149|1|0|
13|314|360|0|146|1|0|
13|326|390|0|150|1|0|
13|318|360|0|147|1|0|
13|321|390|0|149|1|0|
13|327|390|0|150|1|0|
13|324|390|0|149|1|0|
13|324|390|0|149|1|0|
13|316|360|0|147|1|0|
13|322|390|0|149|1|0|
13|320|360|0|148|1|0|
13|326|360|0|150|1|0|
13|322|390|0|149|1|0|
13|324|360|0|149|1|0|
13|322|360|0|149|1|0|
13|324|390|0|149|1|0|
13|316|360|0|147|1|0|
13|319|390|0|148|1|0|
13|313|390|0|146|1|0|
13|830|990|0|192|1|0|
13|312|360|0|145|1|0|
13|316|390|0|147|1|0|
13|312|390|0|145|1|0|
13|318|360|0|147|1|0|
13|311|390|0|145|1|0|
13|313|390|0|146|1|0|
13|318|390|0|147|1|0|
13|318|360|0|147|1|0|
13|316|390|0|147|1|0|
13|308|390|0|144|1|0|
13|318|390|0|147|1|0|
13|314|360|0|146|1|0|
13|324|390|0|149|1|0|
13|325|360|0|150|1|0|
13|318|390|0|147|1|0|
13|320|390|0|148|1|0|
13|324|360|0|149|1|0|
13|316|360|0|147|1|0|
13|698|810|0|192|1|0|
13|321|390|0|148|1|0|
13|326|390|0|150|1|0|
13|316|330|0|147|1|0|
13|324|390|0|149|1|0|
13|326|360|0|150|1|0|
13|320|360|0|148|1|0|
13|326|390|0|150|1|0|
