INSTRUCTIONS_RETIRED|CYCLES|UNKNOWN|LD_BLOCKS.STORE_FORWARD|UOPS_EXECUTED.CORE|BR_MISP_RETIRED.ALL_BRANCHES|UOPS_ISSUED.SINGLE_MUL|
13|355|600|0|163|1|0|
13|255|420|0|129|1|0|
13|250|360|0|128|1|0|
13|281|390|0|138|1|0|
13|343|510|0|159|1|0|
13|341|330|0|158|1|0|
13|285|390|0|139|1|0|
13|699|690|0|165|1|0|
13|299|390|0|144|1|0|
13|323|390|0|152|1|0|
13|325|360|0|153|1|0|
13|331|390|0|155|1|0|
13|323|330|0|152|1|0|
13|329|330|0|154|1|0|
13|329|390|0|154|1|0|
13|327|360|0|153|1|0|
13|325|360|0|153|1|0|
13|325|330|0|153|1|0|
13|343|360|0|159|1|0|
13|349|330|0|161|1|0|
13|303|300|0|145|1|0|
13|344|360|0|159|1|0|
13|347|330|0|160|1|0|
13|352|330|0|162|1|0|
13|414|420|0|165|1|0|
13|353|360|0|162|1|0|
13|357|330|0|163|1|0|
13|353|330|0|162|1|0|
13|353|360|0|162|1|0|
13|347|330|0|160|1|0|
13|348|360|0|158|1|0|
13|343|360|0|159|1|0|
13|347|330|0|160|1|0|
13|349|360|0|161|1|0|
13|347|330|0|160|1|0|
13|351|360|0|161|1|0|
13|346|330|0|160|1|0|
13|351|360|0|161|1|0|
13|349|390|0|161|1|0|
13|351|330|0|161|1|0|
13|341|330|0|158|1|0|
13|349|330|0|161|1|0|
13|612|630|0|165|1|0|
13|342|330|0|158|1|0|
13|342|330|0|156|1|0|
13|352|330|0|162|1|0|
13|339|330|0|157|1|0|
13|342|330|0|158|1|0|
13|343|330|0|159|1|0|
13|347|330|0|160|1|0|
13|347|330|0|160|1|0|
13|339|330|0|157|1|0|
13|347|360|0|160|1|0|
13|341|330|0|158|1|0|
13|339|330|0|157|1|0|
13|342|330|0|158|1|0|
13|339|330|0|157|1|0|
13|342|360|0|158|1|0|
13|349|360|0|161|1|0|
13|500|480|0|163|1|0|
13|348|330|0|158|1|0|
13|347|360|0|160|1|0|
13|351|390|0|161|1|0|
13|349|330|0|161|1|0|
13|341|330|0|158|1|0|
13|350|330|0|161|1|0|
13|349|330|0|161|1|0|
13|347|330|0|160|1|0|
13|348|330|0|160|1|0|
13|351|390|0|161|1|0|
13|425|450|0|165|1|0|
13|350|330|0|161|1|0|
13|347|360|0|160|1|0|
13|351|330|0|161|1|0|
13|349|330|0|161|1|0|
13|352|330|0|162|1|0|
13|347|330|0|160|1|0|
13|341|360|0|158|1|0|
13|351|360|0|161|1|0|
13|341|360|0|158|1|0|
13|357|360|0|163|1|0|
13|352|330|0|162|1|0|
13|347|330|0|160|1|0|
13|347|360|0|160|1|0|
13|338|330|0|157|1|0|
13|313|390|0|149|1|0|
13|321|360|0|151|1|0|
13|320|360|0|151|1|0|
13|317|360|0|150|1|0|
13|317|360|0|150|1|0|
13|316|360|0|150|1|0|
13|326|390|0|153|1|0|
13|317|360|0|150|1|0|
13|318|360|0|150|1|0|
13|325|360|0|153|1|0|
13|315|360|0|149|1|0|
13|324|360|0|152|1|0|
13|348|360|0|160|1|0|
13|361|330|0|164|1|0|
13|349|330|0|161|1|0|
13|357|330|0|163|1|0|
13|348|330|0|158|1|0|
13|357|360|0|163|1|0|
13|351|330|0|161|1|0|
13|353|360|0|162|1|0|
13|357|330|0|163|1|0|
13|346|330|0|159|1|0|
13|343|330|0|159|1|0|
13|463|450|0|165|1|0|
13|346|330|0|160|1|0|
13|297|330|0|143|1|0|
13|277|300|0|137|1|0|
13|339|330|0|157|1|0|
13|771|780|0|165|1|0|
13|306|330|0|144|1|0|
13|326|300|0|153|1|0|
13|318|390|0|150|1|0|
13|311|390|0|148|1|0|
13|309|360|0|147|1|0|
13|959|1170|0|165|1|0|
13|317|390|0|150|1|0|
13|307|390|0|147|1|0|
13|995|1170|0|165|1|0|
13|317|390|0|150|1|0|
13|317|390|0|150|1|0|
13|315|390|0|149|1|0|
13|310|360|0|148|1|0|
13|349|360|0|161|1|0|
13|307|390|0|147|1|0|
13|305|390|0|146|1|0|
13|401|450|0|165|1|0|
13|307|390|0|147|1|0|
13|355|360|0|163|1|0|
13|957|930|0|165|1|0|
13|355|330|0|163|1|0|
13|296|270|0|143|1|0|
13|300|330|0|142|1|0|
13|300|270|0|142|1|0|
13|345|330|0|157|1|0|
13|352|390|0|159|1|0|
13|342|330|0|156|1|0|
13|340|330|0|155|1|0|
13|340|330|0|155|1|0|
13|344|330|0|157|1|0|
13|351|330|0|159|1|0|
13|344|330|0|157|1|0|
13|342|360|0|156|1|0|
13|327|360|0|153|1|0|
13|338|390|0|155|1|0|
13|336|330|0|154|1|0|
13|332|360|0|153|1|0|
13|335|390|0|154|1|0|
13|338|330|0|155|1|0|
13|328|330|0|151|1|0|
13|328|360|0|151|1|0|
13|331|330|0|152|1|0|
13|935|990|0|165|1|0|
13|332|390|0|153|1|0|
13|341|390|0|156|1|0|
13|712|750|0|163|1|0|
13|544|600|0|163|1|0|
13|339|360|0|155|1|0|
13|336|330|0|154|1|0|
13|330|330|0|154|1|0|
13|350|330|0|159|1|0|
13|349|360|0|158|1|0|
13|1098|1110|0|163|1|0|
13|348|390|0|158|1|0|
13|299|330|0|142|1|0|
13|350|360|0|159|1|0|
13|348|360|0|160|1|0|
13|344|330|0|157|1|0|
13|348|330|0|158|1|0|
13|350|390|0|159|1|0|
13|348|330|0|158|1|0|
13|348|330|0|160|1|0|
13|733|720|0|165|1|0|
13|344|390|0|159|1|0|
13|341|330|0|158|1|0|
13|349|360|0|161|1|0|
13|313|330|0|149|1|0|
13|323|360|0|152|1|0|
13|319|360|0|151|1|0|
13|334|390|0|156|1|0|
13|319|360|0|151|1|0|
13|324|360|0|152|1|0|
13|323|360|0|152|1|0|
13|315|360|0|149|1|0|
13|317|360|0|150|1|0|
13|313|360|0|149|1|0|
13|321|360|0|151|1|0|
13|316|390|0|150|1|0|
13|318|360|0|150|1|0|
13|319|390|0|151|1|0|
13|324|390|0|152|1|0|
13|684|810|0|165|1|0|
13|315|360|0|149|1|0|
13|315|390|0|149|1|0|
13|957|1110|0|165|1|0|
13|317|390|0|150|1|0|
13|307|360|0|147|1|0|
13|317|390|0|150|1|0|
13|309|360|0|147|1|0|
13|307|360|0|147|1|0|
13|317|390|0|150|1|0|
13|312|390|0|148|1|0|
13|968|1170|0|165|1|0|
13|315|390|0|149|1|0|
13|315|390|0|149|1|0|
13|310|360|0|148|1|0|
13|315|390|0|149|1|0|
13|697|810|0|165|1|0|
13|309|360|0|147|1|0|
13|305|360|0|146|1|0|
13|309|360|0|147|1|0|
13|313|390|0|149|1|0|
13|313|360|0|149|1|0|
13|313|360|0|149|1|0|
13|309|360|0|147|1|0|
13|313|360|0|149|1|0|
13|309|360|0|147|1|0|
13|318|390|0|150|1|0|
13|308|360|0|147|1|0|
13|317|390|0|150|1|0|
13|309|390|0|147|1|0|
13|315|360|0|149|1|0|
13|951|1110|0|165|1|0|
13|307|360|0|147|1|0|
13|305|390|0|146|1|0|
13|315|390|0|149|1|0|
13|309|390|0|147|1|0|
13|313|360|0|149|1|0|
13|299|360|0|144|1|0|
13|315|360|0|149|1|0|
13|314|390|0|149|1|0|
13|307|360|0|147|1|0|
13|309|360|0|147|1|0|
13|307|390|0|147|1|0|
13|309|390|0|147|1|0|
13|313|390|0|149|1|0|
13|317|360|0|150|1|0|
13|931|1080|0|165|1|0|
13|313|360|0|149|1|0|
13|915|1110|0|165|1|0|
13|315|360|0|149|1|0|
13|479|570|0|165|1|0|
13|309|390|0|147|1|0|
13|315|330|0|149|1|0|
13|813|990|0|165|1|0|
13|507|570|0|165|1|0|
13|307|390|0|147|1|0|
13|307|390|0|147|1|0|
13|315|360|0|149|1|0|
13|310|390|0|148|1|0|
13|309|360|0|147|1|0|
13|311|390|0|148|1|0|
13|547|660|0|165|1|0|
13|305|360|0|146|1|0|
13|307|330|0|147|1|0|
13|307|390|0|147|1|0|
13|309|390|0|147|1|0|
13|307|390|0|147|1|0|
13|317|390|0|150|1|0|
13|310|360|0|148|1|0|
13|309|390|0|147|1|0|
13|307|360|0|147|1|0|
13|315|390|0|149|1|0|
13|309|360|0|147|1|0|
13|313|360|0|149|1|0|
13|309|390|0|147|1|0|
13|308|360|0|147|1|0|
13|705|840|0|165|1|0|
13|897|1050|0|165|1|0|
13|309|390|0|147|1|0|
13|851|1020|0|165|1|0|
13|307|390|0|147|1|0|
13|311|360|0|148|1|0|
13|311|360|0|148|1|0|
13|963|1170|0|165|1|0|
13|313|390|0|149|1|0|
13|981|1170|0|165|1|0|
13|309|360|0|147|1|0|
13|310|360|0|148|1|0|
13|311|360|0|148|1|0|
13|316|390|0|150|1|0|
13|309|390|0|147|1|0|
13|311|390|0|148|1|0|
13|309|390|0|147|1|0|
13|317|390|0|150|1|0|
13|310|390|0|148|1|0|
13|313|390|0|149|1|0|
13|313|390|0|149|1|0|
13|310|390|0|148|1|0|
13|309|360|0|147|1|0|
13|943|1110|0|165|1|0|
13|311|360|0|148|1|0|
13|308|390|0|147|1|0|
13|315|390|0|149|1|0|
13|313|360|0|149|1|0|
13|317|390|0|150|1|0|
13|310|390|0|148|1|0|
13|316|360|0|150|1|0|
13|286|360|0|140|1|0|
13|307|390|0|147|1|0|
13|307|360|0|147|1|0|
13|310|360|0|148|1|0|
13|310|360|0|147|1|0|
13|311|390|0|148|1|0|
13|313|390|0|149|1|0|
13|313|390|0|149|1|0|
13|325|360|0|153|1|0|
13|319|330|0|151|1|0|
13|315|390|0|149|1|0|
13|315|360|0|149|1|0|
13|314|360|0|149|1|0|
13|317|390|0|150|1|0|
13|313|360|0|149|1|0|
13|321|360|0|151|1|0|
13|315|360|0|149|1|0|
13|323|360|0|152|1|0|
13|321|330|0|151|1|0|
13|909|1050|0|165|1|0|
13|315|360|0|149|1|0|
13|317|390|0|150|1|0|
13|313|360|0|149|1|0|
13|317|360|0|150|1|0|
13|330|390|0|154|1|0|
13|331|360|0|155|1|0|
13|329|330|0|154|1|0|
13|331|390|0|155|1|0|
13|328|330|0|154|1|0|
13|329|360|0|154|1|0|
13|327|330|0|153|1|0|
13|1005|1080|0|165|1|0|
13|327|390|0|153|1|0|
13|329|390|0|154|1|0|
13|329|330|0|154|1|0|
13|337|360|0|157|1|0|
13|955|1020|0|165|1|0|
13|333|390|0|155|1|0|
13|337|330|0|157|1|0|
13|332|330|0|155|1|0|
13|333|360|0|155|1|0|
13|333|330|0|155|1|0|
13|335|390|0|156|1|0|
13|329|360|0|154|1|0|
13|333|360|0|155|1|0|
13|335|390|0|156|1|0|
13|331|360|0|155|1|0|
13|335|330|0|156|1|0|
13|337|360|0|157|1|0|
13|340|330|0|158|1|0|
13|332|330|0|155|1|0|
13|331|360|0|155|1|0|
13|330|390|0|154|1|0|
13|329|330|0|154|1|0|
13|329|360|0|154|1|0|
13|328|390|0|154|1|0|
13|327|360|0|153|1|0|
13|329|330|0|154|1|0|
13|337|330|0|157|1|0|
13|327|360|0|153|1|0|
13|337|360|0|157|1|0|
13|329|360|0|154|1|0|
13|337|360|0|157|1|0|
13|329|360|0|154|1|0|
13|333|390|0|155|1|0|
13|327|330|0|153|1|0|
13|329|390|0|154|1|0|
13|340|330|0|158|1|0|
13|328|330|0|154|1|0|
13|336|360|0|156|1|0|
13|989|1080|0|165|1|0|
13|330|330|0|154|1|0|
13|329|330|0|154|1|0|
13|327|360|0|153|1|0|
13|314|360|0|149|1|0|
13|313|360|0|149|1|0|
13|315|360|0|149|1|0|
13|319|360|0|151|1|0|
13|315|360|0|149|1|0|
13|319|360|0|151|1|0|
13|315|330|0|149|1|0|
13|319|390|0|151|1|0|
13|314|360|0|149|1|0|
13|319|360|0|151|1|0|
13|315|360|0|149|1|0|
13|313|330|0|149|1|0|
13|321|360|0|151|1|0|
13|321|360|0|151|1|0|
13|307|360|0|147|1|0|
13|309|360|0|147|1|0|
13|311|390|0|148|1|0|
13|315|360|0|149|1|0|
13|311|390|0|148|1|0|
13|310|390|0|147|1|0|
13|943|1110|0|165|1|0|
13|315|360|0|149|1|0|
13|317|390|0|150|1|0|
13|313|360|0|149|1|0|
13|319|420|0|150|1|0|
13|313|360|0|149|1|0|
13|318|360|0|150|1|0|
13|311|390|0|148|1|0|
13|310|360|0|147|1|0|
13|313|360|0|149|1|0|
13|310|390|0|147|1|0|
13|485|600|0|165|1|0|
13|311|390|0|148|1|0|
13|314|360|0|149|1|0|
13|307|360|0|147|1|0|
13|311|390|0|148|1|0|
13|317|390|0|150|1|0|
13|317|390|0|150|1|0|
13|307|360|0|147|1|0|
13|320|360|0|151|1|0|
13|315|360|0|149|1|0|
13|315|390|0|149|1|0|
13|319|360|0|151|1|0|
13|318|360|0|150|1|0|
13|317|360|0|150|1|0|
13|318|390|0|150|1|0|
13|311|360|0|148|1|0|
13|307|360|0|147|1|0|
13|307|390|0|147|1|0|
13|313|390|0|149|1|0|
13|309|360|0|147|1|0|
13|313|360|0|149|1|0|
13|309|360|0|147|1|0|
13|980|1170|0|163|1|0|
13|315|390|0|149|1|0|
13|309|390|0|147|1|0|
13|313|360|0|149|1|0|
13|319|390|0|148|1|0|
13|336|390|0|156|1|0|
13|337|330|0|157|1|0|
13|335|330|0|156|1|0|
13|335|330|0|156|1|0|
13|335|390|0|156|1|0|
13|335|390|0|156|1|0|
13|336|390|0|154|1|0|
13|335|330|0|156|1|0|
13|334|360|0|156|1|0|
13|331|330|0|155|1|0|
13|333|330|0|155|1|0|
13|313|360|0|149|1|0|
13|335|360|0|156|1|0|
13|329|390|0|154|1|0|
13|337|330|0|157|1|0|
13|1065|1170|0|165|1|0|
13|337|330|0|157|1|0|
13|329|360|0|154|1|0|
13|348|360|0|160|1|0|
13|353|360|0|162|1|0|
13|349|360|0|161|1|0|
13|349|330|0|161|1|0|
13|783|750|0|165|1|0|
13|351|360|0|161|1|0|
13|349|330|0|161|1|0|
13|351|360|0|161|1|0|
13|355|360|0|163|1|0|
13|3004|2940|0|392|1|0|
13|361|330|0|165|1|0|
13|345|330|0|159|1|0|
13|349|330|0|161|1|0|
13|994|1020|0|163|1|0|
13|340|330|0|155|1|0|
13|344|330|0|157|1|0|
13|349|360|0|158|1|0|
13|344|330|0|157|1|0|
13|351|360|0|161|1|0|
13|341|330|0|158|1|0|
13|339|360|0|157|1|0|
13|352|330|0|159|1|0|
13|354|330|0|160|1|0|
13|350|360|0|159|1|0|
13|350|330|0|161|1|0|
13|350|330|0|159|1|0|
13|351|330|0|161|1|0|
13|357|360|0|163|1|0|
13|352|330|0|162|1|0|
13|357|360|0|163|1|0|
13|357|360|0|163|1|0|
13|355|360|0|163|1|0|
13|357|330|0|163|1|0|
13|351|360|0|159|1|0|
13|352|330|0|162|1|0|
13|350|330|0|159|1|0|
13|352|360|0|159|1|0|
13|352|330|0|162|1|0|
13|809|780|0|165|1|0|
13|360|360|0|162|1|0|
13|344|330|0|157|1|0|
13|342|360|0|156|1|0|
13|352|360|0|159|1|0|
13|348|360|0|158|1|0|
13|358|360|0|161|1|0|
13|358|330|0|161|1|0|
13|358|360|0|161|1|0|
13|347|360|0|160|1|0|
13|347|330|0|160|1|0|
13|351|330|0|161|1|0|
13|341|360|0|158|1|0|
13|345|390|0|159|1|0|
13|339|330|0|157|1|0|
13|301|270|0|145|1|0|
13|301|270|0|145|1|0|
13|349|330|0|161|1|0|
13|341|360|0|158|1|0|
13|333|360|0|155|1|0|
13|343|360|0|159|1|0|
13|907|930|0|165|1|0|
13|341|360|0|158|1|0|
13|337|330|0|157|1|0|
13|343|360|0|159|1|0|
13|337|330|0|157|1|0|
13|340|330|0|158|1|0|
13|336|330|0|156|1|0|
13|341|360|0|158|1|0|
13|335|360|0|156|1|0|
13|337|330|0|157|1|0|
13|337|360|0|157|1|0|
13|337|330|0|157|1|0|
13|337|330|0|157|1|0|
13|333|330|0|155|1|0|
13|941|1020|0|165|1|0|
13|330|330|0|154|1|0|
13|327|330|0|153|1|0|
13|333|330|0|155|1|0|
13|327|360|0|153|1|0|
13|331|330|0|155|1|0|
13|337|360|0|157|1|0|
13|335|390|0|156|1|0|
13|327|330|0|153|1|0|
13|327|390|0|153|1|0|
13|327|360|0|153|1|0|
13|329|360|0|154|1|0|
13|333|390|0|155|1|0|
13|327|330|0|153|1|0|
13|331|390|0|155|1|0|
13|332|330|0|155|1|0|
13|327|330|0|153|1|0|
13|331|330|0|155|1|0|
13|941|1020|0|165|1|0|
13|330|330|0|154|1|0|
13|340|330|0|158|1|0|
13|989|1050|0|165|1|0|
13|332|330|0|153|1|0|
13|333|330|0|155|1|0|
13|292|330|0|142|1|0|
13|333|330|0|155|1|0|
13|971|1020|0|165|1|0|
13|329|360|0|154|1|0|
13|331|390|0|155|1|0|
13|337|360|0|157|1|0|
13|337|360|0|157|1|0|
13|335|330|0|156|1|0|
13|329|360|0|154|1|0|
13|327|330|0|153|1|0|
13|330|330|0|154|1|0|
13|336|330|0|156|1|0|
13|338|330|0|157|1|0|
13|331|360|0|155|1|0|
13|333|390|0|155|1|0|
13|331|330|0|155|1|0|
13|515|570|0|165|1|0|
13|328|330|0|154|1|0|
13|335|330|0|156|1|0|
13|329|390|0|154|1|0|
13|333|330|0|155|1|0|
13|859|900|0|165|1|0|
13|337|330|0|157|1|0|
13|335|360|0|156|1|0|
13|305|390|0|146|1|0|
13|310|390|0|147|1|0|
13|309|390|0|147|1|0|
13|308|390|0|147|1|0|
13|306|360|0|146|1|0|
13|309|390|0|147|1|0|
13|309|390|0|147|1|0|
13|309|360|0|147|1|0|
13|307|390|0|147|1|0|
13|310|420|0|147|1|0|
13|307|360|0|147|1|0|
13|309|390|0|147|1|0|
13|309|390|0|147|1|0|
13|309|390|0|147|1|0|
13|301|390|0|145|1|0|
13|308|360|0|147|1|0|
13|307|360|0|147|1|0|
13|852|1020|0|165|1|0|
13|309|390|0|147|1|0|
13|307|360|0|147|1|0|
13|931|1080|0|165|1|0|
13|726|870|0|165|1|0|
13|319|390|0|151|1|0|
13|307|330|0|147|1|0|
13|318|390|0|150|1|0|
13|315|360|0|149|1|0|
13|309|390|0|147|1|0|
13|983|1170|0|165|1|0|
13|431|480|0|165|1|0|
13|316|390|0|150|1|0|
13|307|390|0|147|1|0|
13|315|360|0|149|1|0|
13|310|390|0|148|1|0|
13|313|390|0|149|1|0|
13|309|330|0|147|1|0|
13|314|360|0|149|1|0|
13|309|390|0|147|1|0|
13|307|390|0|147|1|0|
13|309|390|0|147|1|0|
13|315|390|0|149|1|0|
13|309|360|0|147|1|0|
13|314|360|0|149|1|0|
13|307|360|0|147|1|0|
13|317|390|0|150|1|0|
13|309|330|0|147|1|0|
13|729|840|0|165|1|0|
13|307|360|0|147|1|0|
13|313|360|0|149|1|0|
13|1003|1200|0|165|1|0|
13|309|360|0|147|1|0|
13|651|780|0|165|1|0|
13|317|360|0|150|1|0|
13|315|360|0|149|1|0|
13|991|1200|0|165|1|0|
13|315|360|0|149|1|0|
13|309|360|0|147|1|0|
13|315|390|0|149|1|0|
13|309|390|0|147|1|0|
13|309|390|0|147|1|0|
13|315|390|0|149|1|0|
13|309|390|0|147|1|0|
13|308|390|0|147|1|0|
13|309|390|0|147|1|0|
13|661|810|0|165|1|0|
13|309|360|0|147|1|0|
13|317|390|0|150|1|0|
13|315|390|0|149|1|0|
13|875|1050|0|165|1|0|
13|274|360|0|136|1|0|
13|310|390|0|148|1|0|
13|311|360|0|148|1|0|
13|314|360|0|149|1|0|
13|309|360|0|147|1|0|
13|309|390|0|147|1|0|
13|313|360|0|149|1|0|
13|307|360|0|147|1|0|
13|313|390|0|149|1|0|
13|307|390|0|147|1|0|
13|317|390|0|150|1|0|
13|307|360|0|147|1|0|
13|308|360|0|147|1|0|
13|307|390|0|147|1|0|
13|309|390|0|147|1|0|
13|313|390|0|149|1|0|
13|307|390|0|147|1|0|
13|314|330|0|149|1|0|
13|315|390|0|149|1|0|
13|313|360|0|149|1|0|
13|315|390|0|149|1|0|
13|317|390|0|150|1|0|
13|315|390|0|149|1|0|
13|965|1170|0|165|1|0|
13|313|390|0|149|1|0|
13|312|360|0|148|1|0|
13|313|360|0|149|1|0|
13|1001|1170|0|165|1|0|
13|317|390|0|150|1|0|
13|315|390|0|149|1|0|
13|313|360|0|149|1|0|
13|309|390|0|147|1|0|
13|313|390|0|149|1|0|
13|307|360|0|147|1|0|
13|313|390|0|149|1|0|
13|307|390|0|147|1|0|
13|309|390|0|147|1|0|
13|315|390|0|149|1|0|
13|309|360|0|147|1|0|
13|318|390|0|150|1|0|
13|310|360|0|148|1|0|
13|309|360|0|147|1|0|
13|308|390|0|147|1|0|
13|309|390|0|147|1|0|
13|313|360|0|149|1|0|
13|310|360|0|148|1|0|
13|309|330|0|147|1|0|
13|309|390|0|147|1|0|
13|314|390|0|149|1|0|
13|308|360|0|147|1|0|
13|315|390|0|149|1|0|
13|307|390|0|147|1|0|
13|311|390|0|148|1|0|
13|272|330|0|135|1|0|
13|271|330|0|135|1|0|
13|326|360|0|151|1|0|
13|272|300|0|135|1|0|
13|309|360|0|147|1|0|
13|309|390|0|147|1|0|
13|315|390|0|149|1|0|
13|315|360|0|149|1|0|
13|315|390|0|149|1|0|
13|312|390|0|148|1|0|
13|314|390|0|149|1|0|
13|323|360|0|152|1|0|
13|313|390|0|149|1|0|
13|315|360|0|147|1|0|
13|316|390|0|147|1|0|
13|318|360|0|148|1|0|
13|314|360|0|147|1|0|
13|316|360|0|147|1|0|
13|324|360|0|150|1|0|
13|318|390|0|148|1|0|
13|316|390|0|147|1|0|
13|317|390|0|148|1|0|
13|1004|1170|0|163|1|0|
13|320|390|0|149|1|0|
13|320|360|0|149|1|0|
13|318|360|0|148|1|0|
13|324|360|0|150|1|0|
13|322|360|0|149|1|0|
13|316|330|0|147|1|0|
13|320|390|0|149|1|0|
13|324|390|0|150|1|0|
13|318|360|0|148|1|0|
13|324|360|0|150|1|0|
13|321|360|0|151|1|0|
13|321|360|0|149|1|0|
13|324|360|0|150|1|0|
13|324|390|0|150|1|0|
13|316|360|0|147|1|0|
13|322|360|0|149|1|0|
13|322|390|0|149|1|0|
13|320|390|0|149|1|0|
13|324|360|0|150|1|0|
13|325|390|0|150|1|0|
13|320|360|0|149|1|0|
13|324|360|0|150|1|0|
13|318|360|0|148|1|0|
13|1048|1200|0|163|1|0|
13|327|360|0|151|1|0|
13|320|360|0|149|1|0|
13|320|390|0|149|1|0|
13|320|360|0|149|1|0|
13|314|390|0|147|1|0|
13|314|390|0|147|1|0|
13|325|360|0|150|1|0|
13|316|360|0|147|1|0|
13|314|360|0|147|1|0|
13|676|780|0|163|1|0|
13|314|360|0|147|1|0|
13|320|360|0|149|1|0|
13|326|360|0|151|1|0|
13|320|360|0|149|1|0|
13|320|360|0|149|1|0|
13|314|330|0|147|1|0|
13|318|360|0|148|1|0|
13|498|570|0|163|1|0|
13|319|330|0|148|1|0|
13|324|360|0|150|1|0|
13|446|510|0|163|1|0|
13|318|360|0|148|1|0|
13|314|330|0|147|1|0|
13|324|390|0|150|1|0|
13|344|360|0|157|1|0|
13|323|360|0|150|1|0|
13|315|360|0|147|1|0|
13|322|390|0|149|1|0|
13|320|390|0|149|1|0|
13|316|360|0|147|1|0|
13|322|360|0|149|1|0|
13|318|330|0|148|1|0|
13|322|390|0|149|1|0|
13|318|390|0|148|1|0|
13|319|360|0|148|1|0|
13|322|360|0|149|1|0|
13|317|390|0|148|1|0|
13|850|990|0|163|1|0|
13|321|360|0|151|1|0|
13|990|1140|0|163|1|0|
13|322|360|0|149|1|0|
13|326|390|0|151|1|0|
13|324|390|0|150|1|0|
13|322|330|0|149|1|0|
13|324|360|0|150|1|0|
13|316|390|0|147|1|0|
13|324|360|0|150|1|0|
13|321|390|0|151|1|0|
13|314|360|0|147|1|0|
13|322|390|0|149|1|0|
13|316|360|0|147|1|0|
13|284|330|0|137|1|0|
13|316|330|0|147|1|0|
13|309|360|0|145|1|0|
13|308|390|0|145|1|0|
13|314|390|0|147|1|0|
13|310|390|0|145|1|0|
13|316|360|0|147|1|0|
13|312|390|0|146|1|0|
13|318|390|0|148|1|0|
13|314|390|0|147|1|0|
13|314|390|0|147|1|0|
13|319|360|0|151|1|0|
13|310|390|0|145|1|0|
13|308|390|0|145|1|0|
13|316|360|0|147|1|0|
13|316|360|0|147|1|0|
13|314|390|0|147|1|0|
13|318|360|0|148|1|0|
13|324|360|0|150|1|0|
13|322|360|0|149|1|0|
13|904|1050|0|163|1|0|
13|316|360|0|147|1|0|
13|315|360|0|147|1|0|
13|318|360|0|148|1|0|
13|314|330|0|147|1|0|
13|319|360|0|148|1|0|
13|324|390|0|150|1|0|
13|326|360|0|151|1|0|
13|324|360|0|150|1|0|
13|325|390|0|150|1|0|
13|321|360|0|149|1|0|
13|324|390|0|150|1|0|
13|324|390|0|150|1|0|
13|319|360|0|148|1|0|
13|322|390|0|149|1|0|
13|322|390|0|149|1|0|
13|315|360|0|147|1|0|
13|322|360|0|149|1|0|
13|316|360|0|147|1|0|
13|653|750|0|163|1|0|
13|324|390|0|150|1|0|
13|316|390|0|147|1|0|
13|324|360|0|150|1|0|
13|316|390|0|147|1|0|
13|318|360|0|148|1|0|
13|279|330|0|135|1|0|
13|316|330|0|147|1|0|
13|318|390|0|148|1|0|
13|316|330|0|147|1|0|
13|317|360|0|148|1|0|
13|317|360|0|148|1|0|
13|318|360|0|148|1|0|
13|322|360|0|149|1|0|
13|326|390|0|151|1|0|
13|322|360|0|149|1|0|
13|324|390|0|150|1|0|
13|319|360|0|148|1|0|
13|326|390|0|151|1|0|
13|319|390|0|148|1|0|
13|277|300|0|134|1|0|
13|324|360|0|150|1|0|
13|322|390|0|149|1|0|
13|324|360|0|150|1|0|
13|322|360|0|149|1|0|
13|322|360|0|149|1|0|
13|324|360|0|150|1|0|
13|322|360|0|149|1|0|
13|318|330|0|148|1|0|
13|323|390|0|150|1|0|
13|320|360|0|149|1|0|
13|318|390|0|148|1|0|
13|324|360|0|150|1|0|
13|322|390|0|149|1|0|
13|314|360|0|147|1|0|
13|322|390|0|149|1|0|
13|315|390|0|147|1|0|
13|322|390|0|149|1|0|
13|320|360|0|149|1|0|
13|316|360|0|147|1|0|
13|315|390|0|147|1|0|
13|320|360|0|149|1|0|
13|320|360|0|149|1|0|
13|320|360|0|149|1|0|
13|320|360|0|149|1|0|
13|320|390|0|149|1|0|
13|318|360|0|148|1|0|
13|316|360|0|147|1|0|
13|320|360|0|149|1|0|
13|316|360|0|147|1|0|
13|317|360|0|148|1|0|
13|315|360|0|147|1|0|
13|318|360|0|148|1|0|
13|314|390|0|147|1|0|
13|320|360|0|149|1|0|
13|315|360|0|149|1|0|
13|318|360|0|148|1|0|
13|324|390|0|150|1|0|
13|315|330|0|147|1|0|
13|316|390|0|147|1|0|
13|317|360|0|148|1|0|
13|314|360|0|147|1|0|
13|730|840|0|163|1|0|
13|314|330|0|147|1|0|
13|322|390|0|149|1|0|
13|323|360|0|150|1|0|
13|322|360|0|149|1|0|
13|324|360|0|150|1|0|
13|315|360|0|149|1|0|
13|523|600|0|165|1|0|
13|324|390|0|150|1|0|
13|315|390|0|149|1|0|
13|322|360|0|152|1|0|
13|317|360|0|150|1|0|
13|307|360|0|147|1|0|
13|318|360|0|150|1|0|
13|323|390|0|152|1|0|
13|315|390|0|149|1|0|
13|319|390|0|151|1|0|
13|313|360|0|149|1|0|
13|317|360|0|150|1|0|
13|313|360|0|149|1|0|
13|318|360|0|150|1|0|
13|331|360|0|155|1|0|
13|337|360|0|157|1|0|
13|335|330|0|156|1|0|
13|333|330|0|155|1|0|
13|337|330|0|157|1|0|
13|933|990|0|165|1|0|
13|333|390|0|155|1|0|
13|873|960|0|165|1|0|
13|331|360|0|155|1|0|
13|337|330|0|157|1|0|
13|335|360|0|156|1|0|
13|335|360|0|156|1|0|
13|335|330|0|156|1|0|
13|335|390|0|156|1|0|
13|337|360|0|157|1|0|
13|337|390|0|157|1|0|
13|337|330|0|157|1|0|
13|335|360|0|156|1|0|
13|335|330|0|156|1|0|
13|333|330|0|155|1|0|
13|335|330|0|156|1|0|
13|338|360|0|157|1|0|
13|332|390|0|155|1|0|
13|335|330|0|156|1|0|
13|335|330|0|156|1|0|
13|339|390|0|157|1|0|
13|337|330|0|157|1|0|
13|1039|1110|0|165|1|0|
13|331|330|0|155|1|0|
13|338|330|0|157|1|0|
13|339|360|0|157|1|0|
13|335|390|0|156|1|0|
13|333|390|0|155|1|0|
13|497|510|0|165|1|0|
13|353|330|0|162|1|0|
13|347|330|0|160|1|0|
13|351|330|0|161|1|0|
13|349|330|0|161|1|0|
13|351|360|0|161|1|0|
13|347|360|0|160|1|0|
13|347|330|0|160|1|0|
13|341|330|0|158|1|0|
13|1009|960|0|165|1|0|
13|348|330|0|160|1|0|
13|339|330|0|157|1|0|
13|351|330|0|161|1|0|
13|349|330|0|161|1|0|
13|357|360|0|163|1|0|
13|343|330|0|159|1|0|
13|351|360|0|161|1|0|
13|344|330|0|159|1|0|
13|344|360|0|159|1|0|
13|347|330|0|160|1|0|
13|343|360|0|156|1|0|
13|345|330|0|159|1|0|
13|349|330|0|161|1|0|
13|350|390|0|161|1|0|
13|349|360|0|161|1|0|
13|349|360|0|161|1|0|
13|351|330|0|161|1|0|
13|339|330|0|157|1|0|
13|342|330|0|158|1|0|
13|342|360|0|158|1|0|
13|343|330|0|159|1|0|
13|341|330|0|158|1|0|
13|345|330|0|159|1|0|
13|343|360|0|159|1|0|
13|343|390|0|159|1|0|
13|349|390|0|161|1|0|
13|307|360|0|147|1|0|
13|307|390|0|147|1|0|
13|307|330|0|147|1|0|
13|319|390|0|151|1|0|
13|317|360|0|150|1|0|
13|307|360|0|147|1|0|
13|317|360|0|150|1|0|
13|309|360|0|147|1|0|
13|313|390|0|149|1|0|
13|311|360|0|148|1|0|
13|309|390|0|147|1|0|
13|307|360|0|147|1|0|
13|307|390|0|147|1|0|
13|305|360|0|146|1|0|
13|991|1200|0|165|1|0|
13|317|360|0|150|1|0|
13|307|390|0|147|1|0|
