INSTRUCTIONS_RETIRED|CYCLES|UNKNOWN|LD_BLOCKS.STORE_FORWARD|UOPS_EXECUTED.CORE|BR_MISP_RETIRED.ALL_BRANCHES|UOPS_ISSUED.SINGLE_MUL|
13|312|300|0|80|1|0|
13|354|360|0|80|1|0|
13|348|360|0|80|1|0|
13|347|360|0|80|1|0|
13|351|330|0|80|1|0|
13|340|360|0|80|1|0|
13|350|330|0|80|1|0|
13|343|360|0|80|1|0|
13|350|360|0|80|1|0|
13|344|330|0|80|1|0|
13|348|360|0|80|1|0|
13|310|300|0|80|1|0|
13|340|330|0|80|1|0|
13|354|360|0|80|1|0|
13|354|360|0|80|1|0|
13|308|390|0|80|1|0|
13|471|450|0|80|1|0|
13|347|330|0|80|1|0|
13|340|330|0|80|1|0|
13|331|390|0|80|1|0|
13|342|360|0|80|1|0|
13|324|330|0|80|1|0|
13|298|270|0|80|1|0|
13|353|330|0|80|1|0|
13|842|810|0|80|1|0|
13|348|360|0|80|1|0|
13|344|360|0|80|1|0|
13|348|360|0|80|1|0|
13|298|300|0|80|1|0|
13|341|300|0|80|1|0|
13|358|360|0|80|1|0|
13|348|330|0|80|1|0|
13|344|330|0|80|1|0|
13|349|330|0|80|1|0|
13|350|330|0|80|1|0|
13|350|330|0|80|1|0|
13|311|330|0|80|1|0|
13|344|360|0|80|1|0|
13|345|360|0|80|1|0|
13|350|330|0|80|1|0|
13|345|360|0|80|1|0|
13|348|360|0|80|1|0|
13|365|360|0|80|1|0|
13|344|330|0|80|1|0|
13|348|360|0|80|1|0|
13|350|360|0|80|1|0|
13|350|360|0|80|1|0|
13|344|360|0|80|1|0|
13|350|330|0|80|1|0|
13|342|330|0|80|1|0|
13|344|360|0|80|1|0|
13|346|360|0|80|1|0|
13|344|360|0|80|1|0|
13|296|300|0|80|1|0|
13|342|390|0|80|1|0|
13|344|360|0|80|1|0|
13|344|360|0|80|1|0|
13|342|360|0|80|1|0|
13|344|360|0|80|1|0|
13|334|330|0|80|1|0|
13|346|360|0|80|1|0|
13|342|360|0|80|1|0|
13|338|330|0|80|1|0|
13|346|360|0|80|1|0|
13|342|360|0|80|1|0|
13|346|360|0|80|1|0|
13|328|360|0|80|1|0|
13|332|330|0|80|1|0|
13|331|330|0|80|1|0|
13|332|330|0|80|1|0|
13|331|330|0|80|1|0|
13|333|360|0|80|1|0|
13|337|390|0|80|1|0|
13|333|390|0|80|1|0|
13|337|330|0|80|1|0|
13|329|330|0|80|1|0|
13|341|330|0|80|1|0|
13|329|390|0|80|1|0|
13|335|330|0|80|1|0|
13|333|330|0|80|1|0|
13|331|360|0|80|1|0|
13|329|330|0|80|1|0|
13|339|390|0|80|1|0|
13|338|390|0|80|1|0|
13|330|390|0|80|1|0|
13|337|330|0|80|1|0|
13|329|330|0|80|1|0|
13|339|330|0|80|1|0|
13|335|330|0|80|1|0|
13|333|330|0|80|1|0|
13|339|390|0|80|1|0|
13|332|330|0|80|1|0|
13|357|360|0|80|1|0|
13|359|360|0|80|1|0|
13|335|330|0|80|1|0|
13|358|330|0|80|1|0|
13|318|300|0|80|1|0|
13|350|330|0|80|1|0|
13|313|330|0|80|1|0|
13|305|270|0|80|1|0|
13|298|300|0|80|1|0|
13|316|360|0|80|1|0|
13|300|300|0|80|1|0|
13|326|390|0|80|1|0|
13|316|360|0|80|1|0|
13|314|360|0|80|1|0|
13|316|390|0|80|1|0|
13|324|360|0|80|1|0|
13|323|360|0|80|1|0|
13|321|360|0|80|1|0|
13|314|360|0|80|1|0|
13|318|390|0|80|1|0|
13|318|360|0|80|1|0|
13|324|360|0|80|1|0|
13|336|390|0|80|1|0|
13|339|390|0|80|1|0|
13|330|360|0|80|1|0|
13|340|390|0|80|1|0|
13|329|390|0|80|1|0|
13|332|390|0|80|1|0|
13|958|1020|0|80|1|0|
13|1064|1140|0|80|1|0|
13|290|300|0|80|1|0|
13|290|270|0|80|1|0|
13|334|330|0|80|1|0|
13|1046|1110|0|80|1|0|
13|341|360|0|80|1|0|
13|331|330|0|80|1|0|
13|332|330|0|80|1|0|
13|848|930|0|80|1|0|
13|333|330|0|80|1|0|
13|334|330|0|80|1|0|
13|331|360|0|80|1|0|
13|336|330|0|80|1|0|
13|337|360|0|80|1|0|
13|336|360|0|80|1|0|
13|532|600|0|80|1|0|
13|338|390|0|80|1|0|
13|294|300|0|80|1|0|
13|330|360|0|80|1|0|
13|334|390|0|80|1|0|
13|334|360|0|80|1|0|
13|334|360|0|80|1|0|
13|336|390|0|80|1|0|
13|329|360|0|80|1|0|
13|334|360|0|80|1|0|
13|336|360|0|80|1|0|
13|338|360|0|80|1|0|
13|352|330|0|80|1|0|
13|353|360|0|80|1|0|
13|346|330|0|80|1|0|
13|349|360|0|80|1|0|
13|353|330|0|80|1|0|
13|350|360|0|80|1|0|
13|990|1020|0|80|1|0|
13|377|360|0|80|1|0|
13|343|360|0|80|1|0|
13|350|330|0|80|1|0|
13|757|780|0|80|1|0|
13|344|360|0|80|1|0|
13|346|360|0|80|1|0|
13|350|360|0|80|1|0|
13|349|330|0|80|1|0|
13|360|360|0|80|1|0|
13|352|330|0|80|1|0|
13|954|1020|0|80|1|0|
13|338|390|0|80|1|0|
13|338|330|0|80|1|0|
13|328|360|0|80|1|0|
13|338|360|0|80|1|0|
13|329|390|0|80|1|0|
13|286|330|0|80|1|0|
13|339|330|0|80|1|0|
13|330|360|0|80|1|0|
13|338|360|0|80|1|0|
13|1026|1110|0|80|1|0|
13|334|330|0|80|1|0|
13|330|360|0|80|1|0|
13|337|330|0|80|1|0|
13|330|330|0|80|1|0|
13|336|360|0|80|1|0|
13|302|360|0|80|1|0|
13|312|360|0|80|1|0|
13|310|390|0|80|1|0|
13|302|360|0|80|1|0|
13|310|390|0|80|1|0|
13|312|390|0|80|1|0|
13|308|390|0|80|1|0|
13|300|390|0|80|1|0|
13|303|360|0|80|1|0|
13|301|330|0|80|1|0|
13|304|390|0|80|1|0|
13|300|390|0|80|1|0|
13|304|390|0|80|1|0|
13|307|390|0|80|1|0|
13|312|360|0|80|1|0|
13|312|360|0|80|1|0|
13|318|390|0|80|1|0|
13|314|390|0|80|1|0|
13|318|360|0|80|1|0|
13|309|360|0|80|1|0|
13|318|360|0|80|1|0|
13|316|360|0|80|1|0|
13|312|390|0|80|1|0|
13|316|390|0|80|1|0|
13|312|360|0|80|1|0|
13|314|330|0|80|1|0|
13|312|390|0|80|1|0|
13|316|390|0|80|1|0|
13|307|330|0|80|1|0|
13|308|360|0|80|1|0|
13|308|360|0|80|1|0|
13|318|390|0|80|1|0|
13|311|390|0|80|1|0|
13|319|390|0|80|1|0|
13|309|390|0|80|1|0|
13|313|360|0|80|1|0|
13|308|360|0|80|1|0|
13|316|360|0|80|1|0|
13|310|390|0|80|1|0|
13|982|1170|0|80|1|0|
13|312|390|0|80|1|0|
13|316|360|0|80|1|0|
13|308|390|0|80|1|0|
13|319|360|0|80|1|0|
13|312|360|0|80|1|0|
13|318|390|0|80|1|0|
13|309|360|0|80|1|0|
13|308|360|0|80|1|0|
13|316|390|0|80|1|0|
13|316|390|0|80|1|0|
13|314|390|0|80|1|0|
13|318|390|0|80|1|0|
13|316|360|0|80|1|0|
13|318|360|0|80|1|0|
13|320|390|0|80|1|0|
13|317|390|0|80|1|0|
13|308|390|0|80|1|0|
13|319|360|0|80|1|0|
13|308|360|0|80|1|0|
13|310|390|0|80|1|0|
13|308|360|0|80|1|0|
13|316|390|0|80|1|0|
13|318|360|0|80|1|0|
13|321|390|0|80|1|0|
13|312|360|0|80|1|0|
13|308|360|0|80|1|0|
13|310|390|0|80|1|0|
13|315|390|0|80|1|0|
13|318|360|0|80|1|0|
13|318|360|0|80|1|0|
13|318|390|0|80|1|0|
13|310|360|0|80|1|0|
13|318|390|0|80|1|0|
13|308|360|0|80|1|0|
13|309|360|0|80|1|0|
13|309|360|0|80|1|0|
13|305|360|0|80|1|0|
13|314|390|0|80|1|0|
13|312|360|0|80|1|0|
13|316|360|0|80|1|0|
13|916|1080|0|80|1|0|
13|314|390|0|80|1|0|
13|308|390|0|80|1|0|
13|308|360|0|80|1|0|
13|311|360|0|80|1|0|
13|316|360|0|80|1|0|
13|306|360|0|80|1|0|
13|311|390|0|80|1|0|
13|312|360|0|80|1|0|
13|310|390|0|80|1|0|
13|310|360|0|80|1|0|
13|305|360|0|80|1|0|
13|308|360|0|80|1|0|
13|310|420|0|80|1|0|
13|304|390|0|80|1|0|
13|302|390|0|80|1|0|
13|304|360|0|80|1|0|
13|308|360|0|80|1|0|
13|310|360|0|80|1|0|
13|310|390|0|80|1|0|
13|310|390|0|80|1|0|
13|312|390|0|80|1|0|
13|336|390|0|80|1|0|
13|338|390|0|80|1|0|
13|338|390|0|80|1|0|
13|338|330|0|80|1|0|
13|328|330|0|80|1|0|
13|336|330|0|80|1|0|
13|330|330|0|80|1|0|
13|330|390|0|80|1|0|
13|301|300|0|80|1|0|
13|328|360|0|80|1|0|
13|338|390|0|80|1|0|
13|330|330|0|80|1|0|
13|338|330|0|80|1|0|
13|338|330|0|80|1|0|
13|338|360|0|80|1|0|
13|334|390|0|80|1|0|
13|312|390|0|80|1|0|
13|318|390|0|80|1|0|
13|312|390|0|80|1|0|
13|320|390|0|80|1|0|
13|316|360|0|80|1|0|
13|350|330|0|80|1|0|
13|348|360|0|80|1|0|
13|344|330|0|80|1|0|
13|348|360|0|80|1|0|
13|352|330|0|80|1|0|
13|348|360|0|80|1|0|
13|1152|1140|0|80|1|0|
13|350|360|0|80|1|0|
13|342|360|0|80|1|0|
13|348|330|0|80|1|0|
13|358|330|0|80|1|0|
13|356|330|0|80|1|0|
13|350|330|0|80|1|0|
13|352|330|0|80|1|0|
13|353|330|0|80|1|0|
13|352|360|0|80|1|0|
13|358|360|0|80|1|0|
13|350|330|0|80|1|0|
13|352|330|0|80|1|0|
13|354|330|0|80|1|0|
13|350|360|0|80|1|0|
13|354|330|0|80|1|0|
13|356|360|0|80|1|0|
13|356|360|0|80|1|0|
13|358|360|0|80|1|0|
13|942|900|0|80|1|0|
13|359|360|0|80|1|0|
13|350|360|0|80|1|0|
13|348|330|0|80|1|0|
13|356|330|0|80|1|0|
13|354|330|0|80|1|0|
13|352|330|0|80|1|0|
13|788|780|0|80|1|0|
13|349|330|0|80|1|0|
13|356|360|0|80|1|0|
13|350|360|0|80|1|0|
13|354|330|0|80|1|0|
13|345|360|0|80|1|0|
13|354|330|0|80|1|0|
13|356|360|0|80|1|0|
13|354|360|0|80|1|0|
13|350|330|0|80|1|0|
13|349|360|0|80|1|0|
13|343|330|0|80|1|0|
13|344|360|0|80|1|0|
13|352|330|0|80|1|0|
13|350|360|0|80|1|0|
13|1072|1050|0|80|1|0|
13|350|330|0|80|1|0|
13|354|360|0|80|1|0|
13|342|330|0|80|1|0|
13|347|330|0|80|1|0|
13|340|360|0|80|1|0|
13|346|360|0|80|1|0|
13|344|330|0|80|1|0|
13|350|360|0|80|1|0|
13|344|360|0|80|1|0|
13|348|360|0|80|1|0|
13|358|330|0|80|1|0|
13|350|330|0|80|1|0|
13|352|330|0|80|1|0|
13|342|360|0|80|1|0|
13|348|360|0|80|1|0|
13|298|330|0|80|1|0|
13|352|330|0|80|1|0|
13|346|360|0|80|1|0|
13|348|330|0|80|1|0|
13|354|360|0|80|1|0|
13|348|330|0|80|1|0|
13|352|360|0|80|1|0|
13|348|360|0|80|1|0|
13|357|330|0|80|1|0|
13|350|360|0|80|1|0|
13|348|360|0|80|1|0|
13|360|330|0|80|1|0|
13|349|330|0|80|1|0|
13|976|960|0|80|1|0|
13|352|330|0|80|1|0|
13|352|330|0|80|1|0|
13|343|360|0|80|1|0|
13|998|1020|0|80|1|0|
13|345|360|0|80|1|0|
13|354|330|0|80|1|0|
13|346|330|0|80|1|0|
13|352|330|0|80|1|0|
13|352|330|0|80|1|0|
13|350|330|0|80|1|0|
13|346|390|0|80|1|0|
13|348|390|0|80|1|0|
13|348|330|0|80|1|0|
13|346|360|0|80|1|0|
13|345|360|0|80|1|0|
13|342|360|0|80|1|0|
13|343|330|0|80|1|0|
13|352|330|0|80|1|0|
13|350|330|0|80|1|0|
13|358|360|0|80|1|0|
13|352|330|0|80|1|0|
13|358|330|0|80|1|0|
13|353|360|0|80|1|0|
13|358|360|0|80|1|0|
13|986|960|0|80|1|0|
13|350|330|0|80|1|0|
13|348|300|0|80|1|0|
13|352|330|0|80|1|0|
13|323|330|0|80|1|0|
13|358|330|0|80|1|0|
13|306|300|0|80|1|0|
13|322|330|0|80|1|0|
13|353|330|0|80|1|0|
13|345|360|0|80|1|0|
13|304|330|0|80|1|0|
13|342|360|0|80|1|0|
13|454|450|0|80|1|0|
13|348|390|0|80|1|0|
13|348|330|0|80|1|0|
13|298|300|0|80|1|0|
13|350|330|0|80|1|0|
13|288|360|0|80|1|0|
13|323|300|0|80|1|0|
13|265|360|0|80|1|0|
13|286|390|0|80|1|0|
13|295|420|0|80|1|0|
13|342|330|0|80|1|0|
13|310|300|0|80|1|0|
13|352|390|0|80|1|0|
13|352|360|0|80|1|0|
13|364|360|0|80|1|0|
13|334|390|0|80|1|0|
13|328|360|0|80|1|0|
13|272|360|0|80|1|0|
13|286|420|0|80|1|0|
13|306|360|0|80|1|0|
13|306|390|0|80|1|0|
13|304|360|0|80|1|0|
13|312|390|0|80|1|0|
13|335|330|0|80|1|0|
13|330|330|0|80|1|0|
13|340|390|0|80|1|0|
13|334|360|0|80|1|0|
13|334|360|0|80|1|0|
13|344|360|0|80|1|0|
13|346|360|0|80|1|0|
13|346|330|0|80|1|0|
13|358|330|0|80|1|0|
13|296|330|0|80|1|0|
13|348|360|0|80|1|0|
13|344|330|0|80|1|0|
13|356|330|0|80|1|0|
13|360|360|0|80|1|0|
13|344|360|0|80|1|0|
13|351|360|0|80|1|0|
13|352|330|0|80|1|0|
13|348|330|0|80|1|0|
13|352|330|0|80|1|0|
13|348|390|0|80|1|0|
13|325|300|0|80|1|0|
13|344|360|0|80|1|0|
13|339|390|0|80|1|0|
13|333|390|0|80|1|0|
13|332|390|0|80|1|0|
13|329|330|0|80|1|0|
13|340|330|0|80|1|0|
13|329|360|0|80|1|0|
13|1081|1170|0|80|1|0|
13|334|360|0|80|1|0|
13|339|390|0|80|1|0|
13|331|360|0|80|1|0|
13|332|330|0|80|1|0|
13|339|390|0|80|1|0|
13|335|330|0|80|1|0|
13|334|360|0|80|1|0|
13|333|360|0|80|1|0|
13|333|360|0|80|1|0|
13|325|390|0|80|1|0|
13|323|360|0|80|1|0|
13|317|360|0|80|1|0|
13|323|390|0|80|1|0|
13|283|330|0|80|1|0|
13|321|390|0|80|1|0|
13|319|360|0|80|1|0|
13|325|390|0|80|1|0|
13|317|360|0|80|1|0|
13|325|390|0|80|1|0|
13|321|390|0|80|1|0|
13|327|390|0|80|1|0|
13|319|390|0|80|1|0|
13|324|330|0|80|1|0|
13|327|390|0|80|1|0|
13|314|390|0|80|1|0|
13|330|360|0|80|1|0|
13|332|390|0|80|1|0|
13|332|390|0|80|1|0|
13|330|360|0|80|1|0|
13|322|360|0|80|1|0|
13|1018|1140|0|80|1|0|
13|329|390|0|80|1|0|
13|331|390|0|80|1|0|
13|323|360|0|80|1|0|
13|330|360|0|80|1|0|
13|330|360|0|80|1|0|
13|326|360|0|80|1|0|
13|328|360|0|80|1|0|
13|325|360|0|80|1|0|
13|328|360|0|80|1|0|
13|310|360|0|80|1|0|
13|312|360|0|80|1|0|
13|308|360|0|80|1|0|
13|309|360|0|80|1|0|
13|876|1020|0|80|1|0|
13|312|360|0|80|1|0|
13|296|360|0|80|1|0|
13|274|300|0|80|1|0|
13|304|330|0|80|1|0|
13|376|420|0|80|1|0|
13|315|360|0|80|1|0|
13|284|360|0|80|1|0|
13|314|360|0|80|1|0|
13|312|390|0|80|1|0|
13|318|390|0|80|1|0|
13|311|390|0|80|1|0|
13|318|360|0|80|1|0|
13|310|360|0|80|1|0|
13|316|390|0|80|1|0|
13|311|360|0|80|1|0|
13|318|360|0|80|1|0|
13|318|360|0|80|1|0|
13|314|360|0|80|1|0|
13|316|390|0|80|1|0|
13|316|360|0|80|1|0|
13|316|360|0|80|1|0|
13|324|360|0|80|1|0|
13|323|360|0|80|1|0|
13|311|390|0|80|1|0|
13|315|360|0|80|1|0|
13|300|390|0|80|1|0|
13|306|390|0|80|1|0|
13|302|390|0|80|1|0|
13|304|390|0|80|1|0|
13|312|390|0|80|1|0|
13|306|390|0|80|1|0|
13|308|390|0|80|1|0|
13|308|360|0|80|1|0|
13|313|390|0|80|1|0|
13|304|390|0|80|1|0|
13|308|390|0|80|1|0|
13|303|360|0|80|1|0|
13|312|390|0|80|1|0|
13|312|360|0|80|1|0|
13|317|390|0|80|1|0|
13|319|390|0|80|1|0|
13|311|360|0|80|1|0|
13|306|360|0|80|1|0|
13|314|360|0|80|1|0|
13|311|390|0|80|1|0|
13|314|390|0|80|1|0|
13|316|360|0|80|1|0|
13|312|390|0|80|1|0|
13|316|390|0|80|1|0|
13|318|390|0|80|1|0|
13|316|360|0|80|1|0|
13|308|390|0|80|1|0|
13|316|360|0|80|1|0|
13|319|390|0|80|1|0|
13|308|360|0|80|1|0|
13|309|390|0|80|1|0|
13|316|360|0|80|1|0|
13|308|360|0|80|1|0|
13|308|390|0|80|1|0|
13|308|330|0|80|1|0|
13|316|360|0|80|1|0|
13|310|360|0|80|1|0|
13|988|1200|0|80|1|0|
13|284|330|0|80|1|0|
13|271|330|0|80|1|0|
13|272|300|0|80|1|0|
13|306|390|0|80|1|0|
13|300|360|0|80|1|0|
13|307|390|0|80|1|0|
13|308|360|0|80|1|0|
13|309|390|0|80|1|0|
13|312|390|0|80|1|0|
13|305|390|0|80|1|0|
13|307|390|0|80|1|0|
13|306|390|0|80|1|0|
13|304|390|0|80|1|0|
13|308|360|0|80|1|0|
13|306|390|0|80|1|0|
13|312|420|0|80|1|0|
13|306|390|0|80|1|0|
13|304|390|0|80|1|0|
13|332|390|0|80|1|0|
13|976|1050|0|80|1|0|
13|336|360|0|80|1|0|
13|332|360|0|80|1|0|
13|336|360|0|80|1|0|
13|339|360|0|80|1|0|
13|337|330|0|80|1|0|
13|339|390|0|80|1|0|
13|331|330|0|80|1|0|
13|339|330|0|80|1|0|
13|329|360|0|80|1|0|
13|329|330|0|80|1|0|
13|297|330|0|80|1|0|
13|335|330|0|80|1|0|
13|337|360|0|80|1|0|
13|331|330|0|80|1|0|
13|317|360|0|80|1|0|
13|323|390|0|80|1|0|
13|319|390|0|80|1|0|
13|323|390|0|80|1|0|
13|317|330|0|80|1|0|
13|321|360|0|80|1|0|
13|323|360|0|80|1|0|
13|328|390|0|80|1|0|
13|319|360|0|80|1|0|
13|319|360|0|80|1|0|
13|318|360|0|80|1|0|
13|325|360|0|80|1|0|
13|319|390|0|80|1|0|
13|321|360|0|80|1|0|
13|317|360|0|80|1|0|
13|317|360|0|80|1|0|
13|342|360|0|80|1|0|
13|337|360|0|80|1|0|
13|343|390|0|80|1|0|
13|338|360|0|80|1|0|
13|343|360|0|80|1|0|
13|341|330|0|80|1|0|
13|335|360|0|80|1|0|
13|341|360|0|80|1|0|
13|337|330|0|80|1|0|
13|339|330|0|80|1|0|
13|339|360|0|80|1|0|
13|341|360|0|80|1|0|
13|340|360|0|80|1|0|
13|341|360|0|80|1|0|
13|345|360|0|80|1|0|
13|339|330|0|80|1|0|
13|345|330|0|80|1|0|
13|348|360|0|80|1|0|
13|881|840|0|80|1|0|
13|362|330|0|80|1|0|
13|351|330|0|80|1|0|
13|362|330|0|80|1|0|
13|573|570|0|80|1|0|
13|361|360|0|80|1|0|
13|353|330|0|80|1|0|
13|360|330|0|80|1|0|
13|345|360|0|80|1|0|
13|345|360|0|80|1|0|
13|351|330|0|80|1|0|
13|971|930|0|80|1|0|
13|357|330|0|80|1|0|
13|351|360|0|80|1|0|
13|357|360|0|80|1|0|
13|355|360|0|80|1|0|
13|1111|1050|0|80|1|0|
13|359|360|0|80|1|0|
13|359|330|0|80|1|0|
13|351|330|0|80|1|0|
13|361|360|0|80|1|0|
13|354|360|0|80|1|0|
13|351|390|0|80|1|0|
13|359|360|0|80|1|0|
13|347|330|0|80|1|0|
13|350|330|0|80|1|0|
13|351|330|0|80|1|0|
13|353|330|0|80|1|0|
13|1016|1020|0|80|1|0|
13|343|360|0|80|1|0|
13|349|330|0|80|1|0|
13|342|360|0|80|1|0|
13|349|360|0|80|1|0|
13|359|330|0|80|1|0|
13|351|330|0|80|1|0|
13|356|330|0|80|1|0|
13|357|360|0|80|1|0|
13|358|360|0|80|1|0|
13|354|360|0|80|1|0|
13|347|330|0|80|1|0|
13|351|300|0|80|1|0|
13|351|390|0|80|1|0|
13|353|330|0|80|1|0|
13|349|360|0|80|1|0|
13|345|360|0|80|1|0|
13|601|630|0|80|1|0|
13|344|330|0|80|1|0|
13|351|330|0|80|1|0|
13|351|330|0|80|1|0|
13|349|330|0|80|1|0|
13|348|330|0|80|1|0|
13|357|360|0|80|1|0|
13|361|360|0|80|1|0|
13|357|330|0|80|1|0|
13|357|330|0|80|1|0|
13|358|360|0|80|1|0|
13|357|360|0|80|1|0|
13|355|330|0|80|1|0|
13|351|330|0|80|1|0|
13|359|360|0|80|1|0|
13|351|360|0|80|1|0|
13|353|330|0|80|1|0|
13|351|330|0|80|1|0|
13|353|330|0|80|1|0|
13|350|330|0|80|1|0|
13|354|330|0|80|1|0|
13|359|360|0|80|1|0|
13|347|330|0|80|1|0|
13|357|330|0|80|1|0|
13|361|360|0|80|1|0|
13|359|330|0|80|1|0|
13|353|330|0|80|1|0|
13|354|330|0|80|1|0|
13|354|360|0|80|1|0|
13|361|360|0|80|1|0|
13|349|330|0|80|1|0|
13|356|360|0|80|1|0|
13|352|360|0|80|1|0|
13|801|810|0|80|1|0|
13|357|360|0|80|1|0|
13|357|360|0|80|1|0|
13|359|360|0|80|1|0|
13|847|810|0|80|1|0|
13|359|360|0|80|1|0|
13|355|330|0|80|1|0|
13|349|390|0|80|1|0|
13|359|330|0|80|1|0|
13|353|360|0|80|1|0|
13|359|360|0|80|1|0|
13|351|360|0|80|1|0|
13|357|330|0|80|1|0|
13|355|390|0|80|1|0|
13|343|360|0|80|1|0|
13|350|330|0|80|1|0|
13|351|330|0|80|1|0|
13|352|360|0|80|1|0|
13|351|360|0|80|1|0|
13|348|330|0|80|1|0|
13|350|360|0|80|1|0|
13|352|330|0|80|1|0|
13|353|330|0|80|1|0|
13|355|330|0|80|1|0|
13|466|480|0|80|1|0|
13|350|360|0|80|1|0|
13|350|360|0|80|1|0|
13|352|330|0|80|1|0|
13|1066|1020|0|80|1|0|
13|350|300|0|80|1|0|
13|350|360|0|80|1|0|
13|342|330|0|80|1|0|
13|340|330|0|80|1|0|
13|343|330|0|80|1|0|
13|350|360|0|80|1|0|
13|1040|1020|0|80|1|0|
13|348|330|0|80|1|0|
13|330|330|0|80|1|0|
13|332|390|0|80|1|0|
13|332|390|0|80|1|0|
13|1020|1110|0|80|1|0|
13|330|360|0|80|1|0|
13|330|390|0|80|1|0|
13|340|360|0|80|1|0|
13|334|390|0|80|1|0|
13|341|390|0|80|1|0|
13|338|360|0|80|1|0|
13|338|330|0|80|1|0|
13|338|390|0|80|1|0|
13|332|390|0|80|1|0|
13|802|870|0|80|1|0|
13|336|390|0|80|1|0|
13|332|330|0|80|1|0|
13|336|360|0|80|1|0|
13|330|360|0|80|1|0|
13|330|390|0|80|1|0|
13|332|360|0|80|1|0|
13|331|360|0|80|1|0|
13|328|330|0|80|1|0|
13|961|1050|0|80|1|0|
13|668|690|0|80|1|0|
13|350|390|0|80|1|0|
13|338|360|0|80|1|0|
13|338|330|0|80|1|0|
13|1010|1080|0|80|1|0|
13|336|390|0|80|1|0|
13|338|360|0|80|1|0|
13|334|330|0|80|1|0|
13|338|390|0|80|1|0|
13|330|390|0|80|1|0|
13|326|360|0|80|1|0|
13|332|360|0|80|1|0|
13|332|390|0|80|1|0|
13|332|330|0|80|1|0|
13|323|360|0|80|1|0|
13|331|360|0|80|1|0|
13|324|360|0|80|1|0|
13|974|1080|0|80|1|0|
13|283|300|0|80|1|0|
13|332|390|0|80|1|0|
13|323|360|0|80|1|0|
13|330|360|0|80|1|0|
13|322|360|0|80|1|0|
13|328|360|0|80|1|0|
13|312|390|0|80|1|0|
13|314|360|0|80|1|0|
13|316|390|0|80|1|0|
13|312|360|0|80|1|0|
13|319|390|0|80|1|0|
13|310|360|0|80|1|0|
13|309|360|0|80|1|0|
13|311|390|0|80|1|0|
13|311|390|0|80|1|0|
13|311|390|0|80|1|0|
13|309|330|0|80|1|0|
13|319|360|0|80|1|0|
13|316|360|0|80|1|0|
13|317|390|0|80|1|0|
13|323|390|0|80|1|0|
13|319|390|0|80|1|0|
13|325|360|0|80|1|0|
13|317|360|0|80|1|0|
13|317|360|0|80|1|0|
13|317|360|0|80|1|0|
13|321|360|0|80|1|0|
13|323|390|0|80|1|0|
13|326|390|0|80|1|0|
13|328|390|0|80|1|0|
13|317|360|0|80|1|0|
13|573|660|0|80|1|0|
13|307|330|0|80|1|0|
13|325|390|0|80|1|0|
13|317|390|0|80|1|0|
13|318|360|0|80|1|0|
13|319|360|0|80|1|0|
13|321|390|0|80|1|0|
13|321|360|0|80|1|0|
13|319|360|0|80|1|0|
13|319|360|0|80|1|0|
13|292|330|0|80|1|0|
13|315|330|0|80|1|0|
13|317|360|0|80|1|0|
13|291|330|0|80|1|0|
13|327|390|0|80|1|0|
13|315|360|0|80|1|0|
13|327|360|0|80|1|0|
13|322|360|0|80|1|0|
13|324|360|0|80|1|0|
13|323|360|0|80|1|0|
13|323|360|0|80|1|0|
13|321|360|0|80|1|0|
13|325|390|0|80|1|0|
13|325|390|0|80|1|0|
13|315|330|0|80|1|0|
13|323|360|0|80|1|0|
13|321|360|0|80|1|0|
13|323|360|0|80|1|0|
13|657|750|0|80|1|0|
13|327|390|0|80|1|0|
13|323|360|0|80|1|0|
13|325|360|0|80|1|0|
13|317|390|0|80|1|0|
13|327|390|0|80|1|0|
13|319|360|0|80|1|0|
13|323|360|0|80|1|0|
13|322|390|0|80|1|0|
13|323|390|0|80|1|0|
13|326|360|0|80|1|0|
13|321|360|0|80|1|0|
13|322|360|0|80|1|0|
13|316|360|0|80|1|0|
13|323|390|0|80|1|0|
13|321|360|0|80|1|0|
13|316|330|0|80|1|0|
13|316|360|0|80|1|0|
13|321|360|0|80|1|0|
13|283|330|0|80|1|0|
13|351|390|0|80|1|0|
13|319|330|0|80|1|0|
13|325|390|0|80|1|0|
13|320|390|0|80|1|0|
13|325|390|0|80|1|0|
13|325|390|0|80|1|0|
13|321|390|0|80|1|0|
13|321|360|0|80|1|0|
13|323|360|0|80|1|0|
13|319|390|0|80|1|0|
13|319|390|0|80|1|0|
13|325|390|0|80|1|0|
13|318|360|0|80|1|0|
13|467|510|0|80|1|0|
13|325|360|0|80|1|0|
13|325|360|0|80|1|0|
13|323|360|0|80|1|0|
13|323|360|0|80|1|0|
13|325|390|0|80|1|0|
13|317|360|0|80|1|0|
13|666|780|0|80|1|0|
13|315|390|0|80|1|0|
13|321|360|0|80|1|0|
13|321|360|0|80|1|0|
13|321|390|0|80|1|0|
13|319|360|0|80|1|0|
13|328|390|0|80|1|0|
13|319|360|0|80|1|0|
13|325|390|0|80|1|0|
13|326|390|0|80|1|0|
13|325|360|0|80|1|0|
13|323|390|0|80|1|0|
13|315|330|0|80|1|0|
13|323|360|0|80|1|0|
13|323|360|0|80|1|0|
13|323|390|0|80|1|0|
13|327|390|0|80|1|0|
13|323|360|0|80|1|0|
13|317|360|0|80|1|0|
13|317|390|0|80|1|0|
13|315|360|0|80|1|0|
13|321|390|0|80|1|0|
13|317|360|0|80|1|0|
13|322|390|0|80|1|0|
13|323|360|0|80|1|0|
13|323|360|0|80|1|0|
13|325|360|0|80|1|0|
13|320|360|0|80|1|0|
13|325|390|0|80|1|0|
13|319|360|0|80|1|0|
13|319|360|0|80|1|0|
13|317|390|0|80|1|0|
13|319|330|0|80|1|0|
13|317|360|0|80|1|0|
13|323|390|0|80|1|0|
13|323|360|0|80|1|0|
13|317|360|0|80|1|0|
13|323|360|0|80|1|0|
13|318|390|0|80|1|0|
13|325|360|0|80|1|0|
13|321|360|0|80|1|0|
13|317|360|0|80|1|0|
13|317|360|0|80|1|0|
13|319|360|0|80|1|0|
13|317|360|0|80|1|0|
13|323|360|0|80|1|0|
13|317|390|0|80|1|0|
13|315|360|0|80|1|0|
13|323|360|0|80|1|0|
13|325|390|0|80|1|0|
13|320|360|0|80|1|0|
13|326|390|0|80|1|0|
13|325|360|0|80|1|0|
13|323|390|0|80|1|0|
13|317|390|0|80|1|0|
13|323|360|0|80|1|0|
13|317|360|0|80|1|0|
13|319|360|0|80|1|0|
13|323|390|0|80|1|0|
13|319|360|0|80|1|0|
13|323|390|0|80|1|0|
13|319|330|0|80|1|0|
13|323|390|0|80|1|0|
13|315|360|0|80|1|0|
13|322|360|0|80|1|0|
13|325|360|0|80|1|0|
13|325|360|0|80|1|0|
13|315|360|0|80|1|0|
13|323|360|0|80|1|0|
13|323|390|0|80|1|0|
13|323|390|0|80|1|0|
13|325|390|0|80|1|0|
13|325|390|0|80|1|0|
13|325|360|0|80|1|0|
13|327|360|0|80|1|0|
13|319|360|0|80|1|0|
13|325|390|0|80|1|0|
13|321|360|0|80|1|0|
13|327|360|0|80|1|0|
13|322|390|0|80|1|0|
13|325|390|0|80|1|0|
13|325|390|0|80|1|0|
13|323|360|0|80|1|0|
13|323|360|0|80|1|0|
13|319|360|0|80|1|0|
13|329|390|0|80|1|0|
13|317|390|0|80|1|0|
13|324|360|0|80|1|0|
13|323|360|0|80|1|0|
13|317|390|0|80|1|0|
13|325|360|0|80|1|0|
13|325|390|0|80|1|0|
13|317|390|0|80|1|0|
13|317|390|0|80|1|0|
13|277|330|0|80|1|0|
13|315|360|0|80|1|0|
13|691|810|0|80|1|0|
13|317|390|0|80|1|0|
13|321|360|0|80|1|0|
13|320|390|0|80|1|0|
