INSTRUCTIONS_RETIRED|CYCLES|UNKNOWN|LD_BLOCKS.STORE_FORWARD|UOPS_EXECUTED.CORE|BR_MISP_RETIRED.ALL_BRANCHES|UOPS_ISSUED.SINGLE_MUL|
13|348|330|0|76|1|0|
13|352|330|0|76|1|0|
13|706|1050|0|76|1|0|
13|346|330|0|76|1|0|
13|350|390|0|76|1|0|
13|361|330|0|76|1|0|
13|350|330|0|76|1|0|
13|352|330|0|76|1|0|
13|348|330|0|76|1|0|
13|344|330|0|76|1|0|
13|340|330|0|76|1|0|
13|344|330|0|76|1|0|
13|344|360|0|76|1|0|
13|346|330|0|76|1|0|
13|344|330|0|76|1|0|
13|356|360|0|76|1|0|
13|352|330|0|76|1|0|
13|348|360|0|76|1|0|
13|355|360|0|76|1|0|
13|354|330|0|76|1|0|
13|334|390|0|76|1|0|
13|332|390|0|76|1|0|
13|334|360|0|76|1|0|
13|338|360|0|76|1|0|
13|1074|1140|0|76|1|0|
13|336|360|0|76|1|0|
13|334|330|0|76|1|0|
13|818|900|0|76|1|0|
13|338|360|0|76|1|0|
13|339|360|0|76|1|0|
13|348|360|0|76|1|0|
13|308|330|0|76|1|0|
13|344|360|0|76|1|0|
13|353|330|0|76|1|0|
13|353|360|0|76|1|0|
13|342|360|0|76|1|0|
13|350|330|0|76|1|0|
13|341|330|0|76|1|0|
13|348|360|0|76|1|0|
13|298|330|0|76|1|0|
13|355|330|0|76|1|0|
13|347|330|0|76|1|0|
13|344|330|0|76|1|0|
13|358|360|0|76|1|0|
13|356|360|0|76|1|0|
13|350|330|0|76|1|0|
13|354|330|0|76|1|0|
13|346|330|0|76|1|0|
13|343|330|0|76|1|0|
13|344|330|0|76|1|0|
13|353|330|0|76|1|0|
13|344|330|0|76|1|0|
13|352|330|0|76|1|0|
13|346|360|0|76|1|0|
13|346|330|0|76|1|0|
13|349|330|0|76|1|0|
13|350|390|0|76|1|0|
13|348|330|0|76|1|0|
13|346|330|0|76|1|0|
13|350|390|0|76|1|0|
13|349|300|0|76|1|0|
13|348|330|0|76|1|0|
13|348|390|0|76|1|0|
13|346|330|0|76|1|0|
13|350|360|0|76|1|0|
13|351|330|0|76|1|0|
13|348|360|0|76|1|0|
13|349|360|0|76|1|0|
13|352|330|0|76|1|0|
13|356|360|0|76|1|0|
13|349|330|0|76|1|0|
13|1186|1170|0|76|1|0|
13|348|330|0|76|1|0|
13|350|390|0|76|1|0|
13|354|390|0|76|1|0|
13|344|360|0|76|1|0|
13|349|360|0|76|1|0|
13|348|330|0|76|1|0|
13|350|360|0|76|1|0|
13|350|330|0|76|1|0|
13|324|390|0|76|1|0|
13|322|360|0|76|1|0|
13|322|390|0|76|1|0|
13|316|360|0|76|1|0|
13|327|390|0|76|1|0|
13|322|360|0|76|1|0|
13|317|390|0|76|1|0|
13|311|360|0|76|1|0|
13|318|360|0|76|1|0|
13|324|360|0|76|1|0|
13|322|360|0|76|1|0|
13|319|360|0|76|1|0|
13|322|390|0|76|1|0|
13|326|360|0|76|1|0|
13|323|360|0|76|1|0|
13|319|390|0|76|1|0|
13|323|360|0|76|1|0|
13|840|810|0|76|1|0|
13|356|360|0|76|1|0|
13|355|330|0|76|1|0|
13|355|330|0|76|1|0|
13|349|330|0|76|1|0|
13|357|360|0|76|1|0|
13|351|330|0|76|1|0|
13|351|360|0|76|1|0|
13|359|330|0|76|1|0|
13|352|360|0|76|1|0|
13|367|330|0|76|1|0|
13|985|960|0|76|1|0|
13|355|330|0|76|1|0|
13|353|330|0|76|1|0|
13|355|330|0|76|1|0|
13|357|360|0|76|1|0|
13|1105|1080|0|76|1|0|
13|357|360|0|76|1|0|
13|351|330|0|76|1|0|
13|349|360|0|76|1|0|
13|362|360|0|76|1|0|
13|1145|1140|0|76|1|0|
13|355|330|0|76|1|0|
13|352|330|0|76|1|0|
13|353|330|0|76|1|0|
13|298|330|0|76|1|0|
13|351|360|0|76|1|0|
13|340|360|0|76|1|0|
13|345|360|0|76|1|0|
13|340|360|0|76|1|0|
13|346|330|0|76|1|0|
13|343|390|0|76|1|0|
13|350|330|0|76|1|0|
13|348|360|0|76|1|0|
13|350|360|0|76|1|0|
13|348|390|0|76|1|0|
13|344|330|0|76|1|0|
13|330|360|0|76|1|0|
13|318|360|0|76|1|0|
13|332|390|0|76|1|0|
13|333|360|0|76|1|0|
13|508|570|0|76|1|0|
13|321|360|0|76|1|0|
13|321|360|0|76|1|0|
13|324|360|0|76|1|0|
13|322|390|0|76|1|0|
13|320|360|0|76|1|0|
13|332|360|0|76|1|0|
13|322|390|0|76|1|0|
13|332|390|0|76|1|0|
13|330|360|0|76|1|0|
13|324|360|0|76|1|0|
13|324|390|0|76|1|0|
13|312|360|0|76|1|0|
13|316|360|0|76|1|0|
13|314|390|0|76|1|0|
13|320|360|0|76|1|0|
13|316|390|0|76|1|0|
13|314|360|0|76|1|0|
13|316|360|0|76|1|0|
13|314|360|0|76|1|0|
13|314|360|0|76|1|0|
13|324|390|0|76|1|0|
13|324|360|0|76|1|0|
13|279|360|0|76|1|0|
13|320|360|0|76|1|0|
13|322|360|0|76|1|0|
13|314|330|0|76|1|0|
13|322|360|0|76|1|0|
13|314|360|0|76|1|0|
13|323|390|0|76|1|0|
13|324|360|0|76|1|0|
13|322|360|0|76|1|0|
13|588|690|0|76|1|0|
13|352|330|0|76|1|0|
13|356|360|0|76|1|0|
13|348|330|0|76|1|0|
13|358|360|0|76|1|0|
13|359|360|0|76|1|0|
13|359|360|0|76|1|0|
13|359|360|0|76|1|0|
13|356|330|0|76|1|0|
13|354|360|0|76|1|0|
13|346|330|0|76|1|0|
13|352|360|0|76|1|0|
13|356|330|0|76|1|0|
13|350|360|0|76|1|0|
13|354|330|0|76|1|0|
13|356|330|0|76|1|0|
13|830|810|0|76|1|0|
13|356|360|0|76|1|0|
13|355|360|0|76|1|0|
13|358|330|0|76|1|0|
13|352|360|0|76|1|0|
13|862|840|0|76|1|0|
13|351|360|0|76|1|0|
13|760|750|0|76|1|0|
13|352|360|0|76|1|0|
13|351|360|0|76|1|0|
13|348|360|0|76|1|0|
13|348|330|0|76|1|0|
13|350|360|0|76|1|0|
13|351|360|0|76|1|0|
13|351|330|0|76|1|0|
13|356|330|0|76|1|0|
13|348|330|0|76|1|0|
13|358|330|0|76|1|0|
13|358|360|0|76|1|0|
13|348|330|0|76|1|0|
13|358|360|0|76|1|0|
13|346|330|0|76|1|0|
13|352|390|0|76|1|0|
13|356|330|0|76|1|0|
13|356|330|0|76|1|0|
13|350|330|0|76|1|0|
13|352|330|0|76|1|0|
13|356|360|0|76|1|0|
13|352|330|0|76|1|0|
13|352|330|0|76|1|0|
13|304|300|0|76|1|0|
13|351|330|0|76|1|0|
13|867|870|0|76|1|0|
13|349|360|0|76|1|0|
13|896|870|0|76|1|0|
13|350|330|0|76|1|0|
13|352|360|0|76|1|0|
13|361|360|0|76|1|0|
13|356|360|0|76|1|0|
13|358|330|0|76|1|0|
13|357|360|0|76|1|0|
13|354|330|0|76|1|0|
13|358|360|0|76|1|0|
13|352|330|0|76|1|0|
13|360|330|0|76|1|0|
13|350|360|0|76|1|0|
13|356|330|0|76|1|0|
13|346|360|0|76|1|0|
13|352|360|0|76|1|0|
13|356|330|0|76|1|0|
13|356|330|0|76|1|0|
13|358|330|0|76|1|0|
13|350|330|0|76|1|0|
13|358|330|0|76|1|0|
13|356|360|0|76|1|0|
13|1044|1050|0|76|1|0|
13|358|360|0|76|1|0|
13|312|330|0|76|1|0|
13|356|360|0|76|1|0|
13|274|300|0|76|1|0|
13|350|330|0|76|1|0|
13|310|330|0|76|1|0|
13|317|300|0|76|1|0|
13|357|360|0|76|1|0|
13|318|360|0|76|1|0|
13|320|390|0|76|1|0|
13|344|360|0|76|1|0|
13|550|540|0|76|1|0|
13|353|360|0|76|1|0|
13|343|330|0|76|1|0|
13|345|330|0|76|1|0|
13|348|390|0|76|1|0|
13|346|330|0|76|1|0|
13|386|360|0|76|1|0|
13|320|360|0|76|1|0|
13|304|270|0|76|1|0|
13|340|330|0|76|1|0|
13|305|330|0|76|1|0|
13|326|360|0|76|1|0|
13|323|390|0|76|1|0|
13|328|360|0|76|1|0|
13|328|390|0|76|1|0|
13|328|390|0|76|1|0|
13|322|330|0|76|1|0|
13|283|270|0|76|1|0|
13|320|360|0|76|1|0|
13|324|360|0|76|1|0|
13|326|330|0|76|1|0|
13|282|300|0|76|1|0|
13|301|300|0|76|1|0|
13|348|390|0|76|1|0|
13|322|360|0|76|1|0|
13|789|870|0|76|1|0|
13|334|330|0|76|1|0|
13|332|360|0|76|1|0|
13|332|330|0|76|1|0|
13|338|390|0|76|1|0|
13|334|330|0|76|1|0|
13|294|300|0|76|1|0|
13|331|330|0|76|1|0|
13|296|330|0|76|1|0|
13|314|300|0|76|1|0|
13|329|360|0|76|1|0|
13|334|360|0|76|1|0|
13|332|330|0|76|1|0|
13|347|330|0|76|1|0|
13|340|360|0|76|1|0|
13|350|390|0|76|1|0|
13|340|360|0|76|1|0|
13|348|390|0|76|1|0|
13|342|330|0|76|1|0|
13|353|330|0|76|1|0|
13|296|300|0|76|1|0|
13|352|360|0|76|1|0|
13|340|360|0|76|1|0|
13|346|330|0|76|1|0|
13|352|390|0|76|1|0|
13|314|330|0|76|1|0|
13|340|360|0|76|1|0|
13|347|360|0|76|1|0|
13|340|330|0|76|1|0|
13|303|270|0|76|1|0|
13|346|330|0|76|1|0|
13|350|330|0|76|1|0|
13|350|360|0|76|1|0|
13|348|330|0|76|1|0|
13|348|330|0|76|1|0|
13|341|330|0|76|1|0|
13|348|330|0|76|1|0|
13|350|360|0|76|1|0|
13|351|390|0|76|1|0|
13|348|330|0|76|1|0|
13|348|360|0|76|1|0|
13|352|360|0|76|1|0|
13|350|360|0|76|1|0|
13|351|330|0|76|1|0|
13|350|360|0|76|1|0|
13|348|330|0|76|1|0|
13|352|330|0|76|1|0|
13|345|330|0|76|1|0|
13|344|330|0|76|1|0|
13|350|390|0|76|1|0|
13|348|330|0|76|1|0|
13|360|330|0|76|1|0|
13|352|330|0|76|1|0|
13|344|360|0|76|1|0|
13|356|330|0|76|1|0|
13|350|330|0|76|1|0|
13|352|360|0|76|1|0|
13|352|330|0|76|1|0|
13|344|330|0|76|1|0|
13|345|330|0|76|1|0|
13|336|300|0|76|1|0|
13|346|360|0|76|1|0|
13|348|330|0|76|1|0|
13|344|330|0|76|1|0|
13|350|390|0|76|1|0|
13|350|360|0|76|1|0|
13|352|360|0|76|1|0|
13|348|330|0|76|1|0|
13|348|330|0|76|1|0|
13|352|390|0|76|1|0|
13|348|330|0|76|1|0|
13|350|390|0|76|1|0|
13|352|360|0|76|1|0|
13|344|330|0|76|1|0|
13|353|330|0|76|1|0|
13|310|390|0|76|1|0|
13|308|360|0|76|1|0|
13|306|390|0|76|1|0|
13|308|360|0|76|1|0|
13|673|810|0|76|1|0|
13|519|630|0|76|1|0|
13|310|390|0|76|1|0|
13|309|360|0|76|1|0|
13|310|360|0|76|1|0|
13|314|390|0|76|1|0|
13|311|360|0|76|1|0|
13|316|390|0|76|1|0|
13|316|390|0|76|1|0|
13|316|390|0|76|1|0|
13|316|390|0|76|1|0|
13|316|390|0|76|1|0|
13|314|360|0|76|1|0|
13|308|390|0|76|1|0|
13|312|360|0|76|1|0|
13|310|360|0|76|1|0|
13|316|390|0|76|1|0|
13|316|390|0|76|1|0|
13|319|390|0|76|1|0|
13|319|390|0|76|1|0|
13|316|390|0|76|1|0|
13|316|390|0|76|1|0|
13|310|360|0|76|1|0|
13|312|390|0|76|1|0|
13|310|390|0|76|1|0|
13|484|600|0|76|1|0|
13|314|360|0|76|1|0|
13|316|360|0|76|1|0|
13|316|360|0|76|1|0|
13|314|360|0|76|1|0|
13|316|360|0|76|1|0|
13|311|360|0|76|1|0|
13|314|360|0|76|1|0|
13|321|420|0|76|1|0|
13|316|390|0|76|1|0|
13|874|1050|0|76|1|0|
13|314|360|0|76|1|0|
13|314|390|0|76|1|0|
13|312|360|0|76|1|0|
13|320|420|0|76|1|0|
13|309|390|0|76|1|0|
13|312|360|0|76|1|0|
13|308|390|0|76|1|0|
13|313|390|0|76|1|0|
13|308|360|0|76|1|0|
13|308|360|0|76|1|0|
13|319|390|0|76|1|0|
13|310|390|0|76|1|0|
13|316|390|0|76|1|0|
13|311|360|0|76|1|0|
13|592|690|0|76|1|0|
13|311|390|0|76|1|0|
13|312|390|0|76|1|0|
13|904|1080|0|76|1|0|
13|301|390|0|76|1|0|
13|318|390|0|76|1|0|
13|312|390|0|76|1|0|
13|314|390|0|76|1|0|
13|310|360|0|76|1|0|
13|316|390|0|76|1|0|
13|316|390|0|76|1|0|
13|321|360|0|76|1|0|
13|321|360|0|76|1|0|
13|318|390|0|76|1|0|
13|310|390|0|76|1|0|
13|316|390|0|76|1|0|
13|319|390|0|76|1|0|
13|308|390|0|76|1|0|
13|312|390|0|76|1|0|
13|316|390|0|76|1|0|
13|308|390|0|76|1|0|
13|314|360|0|76|1|0|
13|308|360|0|76|1|0|
13|316|360|0|76|1|0|
13|310|390|0|76|1|0|
13|308|360|0|76|1|0|
13|310|360|0|76|1|0|
13|307|390|0|76|1|0|
13|312|360|0|76|1|0|
13|310|330|0|76|1|0|
13|311|390|0|76|1|0|
13|310|360|0|76|1|0|
13|318|390|0|76|1|0|
13|316|390|0|76|1|0|
13|280|330|0|76|1|0|
13|316|360|0|76|1|0|
13|312|390|0|76|1|0|
13|316|390|0|76|1|0|
13|308|360|0|76|1|0|
13|313|390|0|76|1|0|
13|311|390|0|76|1|0|
13|311|390|0|76|1|0|
13|310|360|0|76|1|0|
13|312|360|0|76|1|0|
13|316|360|0|76|1|0|
13|308|360|0|76|1|0|
13|423|510|0|76|1|0|
13|314|390|0|76|1|0|
13|318|390|0|76|1|0|
13|316|390|0|76|1|0|
13|306|360|0|76|1|0|
13|308|360|0|76|1|0|
13|306|360|0|76|1|0|
13|296|390|0|76|1|0|
13|674|810|0|76|1|0|
13|1012|1200|0|76|1|0|
13|310|360|0|76|1|0|
13|313|360|0|76|1|0|
13|318|390|0|76|1|0|
13|316|360|0|76|1|0|
13|316|390|0|76|1|0|
13|318|390|0|76|1|0|
13|308|390|0|76|1|0|
13|317|390|0|76|1|0|
13|310|390|0|76|1|0|
13|309|390|0|76|1|0|
13|318|390|0|76|1|0|
13|310|360|0|76|1|0|
13|311|360|0|76|1|0|
13|356|330|0|76|1|0|
13|351|330|0|76|1|0|
13|352|330|0|76|1|0|
13|344|330|0|76|1|0|
13|348|330|0|76|1|0|
13|352|330|0|76|1|0|
13|348|330|0|76|1|0|
13|344|330|0|76|1|0|
13|350|360|0|76|1|0|
13|348|330|0|76|1|0|
13|900|870|0|76|1|0|
13|357|360|0|76|1|0|
13|352|360|0|76|1|0|
13|810|810|0|76|1|0|
13|356|330|0|76|1|0|
13|360|330|0|76|1|0|
13|358|330|0|76|1|0|
13|350|330|0|76|1|0|
13|352|330|0|76|1|0|
13|354|360|0|76|1|0|
13|358|360|0|76|1|0|
13|356|330|0|76|1|0|
13|349|330|0|76|1|0|
13|351|360|0|76|1|0|
13|348|330|0|76|1|0|
13|352|360|0|76|1|0|
13|356|360|0|76|1|0|
13|357|360|0|76|1|0|
13|354|360|0|76|1|0|
13|347|360|0|76|1|0|
13|352|360|0|76|1|0|
13|350|330|0|76|1|0|
13|352|330|0|76|1|0|
13|356|360|0|76|1|0|
13|350|330|0|76|1|0|
13|349|330|0|76|1|0|
13|356|330|0|76|1|0|
13|855|810|0|76|1|0|
13|358|360|0|76|1|0|
13|358|360|0|76|1|0|
13|356|330|0|76|1|0|
13|900|900|0|76|1|0|
13|352|330|0|76|1|0|
13|354|360|0|76|1|0|
13|352|360|0|76|1|0|
13|354|360|0|76|1|0|
13|354|360|0|76|1|0|
13|357|360|0|76|1|0|
13|355|330|0|76|1|0|
13|360|360|0|76|1|0|
13|356|360|0|76|1|0|
13|358|330|0|76|1|0|
13|358|360|0|76|1|0|
13|356|330|0|76|1|0|
13|345|360|0|76|1|0|
13|354|330|0|76|1|0|
13|1045|1050|0|76|1|0|
13|356|360|0|76|1|0|
13|358|360|0|76|1|0|
13|348|360|0|76|1|0|
13|354|330|0|76|1|0|
13|353|360|0|76|1|0|
13|356|360|0|76|1|0|
13|354|360|0|76|1|0|
13|360|330|0|76|1|0|
13|354|360|0|76|1|0|
13|352|360|0|76|1|0|
13|354|330|0|76|1|0|
13|360|330|0|76|1|0|
13|359|330|0|76|1|0|
13|358|360|0|76|1|0|
13|358|330|0|76|1|0|
13|357|360|0|76|1|0|
13|352|330|0|76|1|0|
13|356|360|0|76|1|0|
13|786|780|0|76|1|0|
13|356|360|0|76|1|0|
13|352|330|0|76|1|0|
13|356|330|0|76|1|0|
13|618|600|0|76|1|0|
13|350|360|0|76|1|0|
13|354|360|0|76|1|0|
13|354|330|0|76|1|0|
13|354|330|0|76|1|0|
13|354|330|0|76|1|0|
13|354|360|0|76|1|0|
13|358|360|0|76|1|0|
13|354|390|0|76|1|0|
13|356|330|0|76|1|0|
13|358|330|0|76|1|0|
13|358|330|0|76|1|0|
13|438|450|0|76|1|0|
13|358|330|0|76|1|0|
13|346|300|0|76|1|0|
13|580|570|0|76|1|0|
13|348|360|0|76|1|0|
13|357|330|0|76|1|0|
13|352|360|0|76|1|0|
13|351|330|0|76|1|0|
13|348|300|0|76|1|0|
13|359|360|0|76|1|0|
13|328|330|0|76|1|0|
13|308|300|0|76|1|0|
13|307|270|0|76|1|0|
13|304|270|0|76|1|0|
13|308|270|0|76|1|0|
13|354|330|0|76|1|0|
13|297|270|0|76|1|0|
13|342|330|0|76|1|0|
13|338|330|0|76|1|0|
13|352|330|0|76|1|0|
13|348|390|0|76|1|0|
13|316|390|0|76|1|0|
13|316|360|0|76|1|0|
13|350|360|0|76|1|0|
13|313|390|0|76|1|0|
13|322|360|0|76|1|0|
13|330|360|0|76|1|0|
13|321|390|0|76|1|0|
13|322|390|0|76|1|0|
13|331|390|0|76|1|0|
13|328|390|0|76|1|0|
13|330|360|0|76|1|0|
13|323|330|0|76|1|0|
13|334|360|0|76|1|0|
13|326|360|0|76|1|0|
13|317|390|0|76|1|0|
13|323|390|0|76|1|0|
13|316|330|0|76|1|0|
13|322|390|0|76|1|0|
13|316|360|0|76|1|0|
13|318|390|0|76|1|0|
13|320|390|0|76|1|0|
13|321|360|0|76|1|0|
13|760|870|0|76|1|0|
13|322|390|0|76|1|0|
13|322|390|0|76|1|0|
13|315|390|0|76|1|0|
13|320|360|0|76|1|0|
13|350|360|0|76|1|0|
13|350|360|0|76|1|0|
13|354|360|0|76|1|0|
13|352|330|0|76|1|0|
13|342|360|0|76|1|0|
13|446|480|0|76|1|0|
13|350|330|0|76|1|0|
13|344|330|0|76|1|0|
13|342|330|0|76|1|0|
13|344|330|0|76|1|0|
13|353|330|0|76|1|0|
13|298|300|0|76|1|0|
13|346|360|0|76|1|0|
13|352|360|0|76|1|0|
13|349|330|0|76|1|0|
13|344|330|0|76|1|0|
13|340|360|0|76|1|0|
13|345|330|0|76|1|0|
13|344|360|0|76|1|0|
13|355|330|0|76|1|0|
13|359|330|0|76|1|0|
13|344|360|0|76|1|0|
13|345|360|0|76|1|0|
13|345|330|0|76|1|0|
13|909|870|0|76|1|0|
13|349|390|0|76|1|0|
13|348|330|0|76|1|0|
13|370|390|0|76|1|0|
13|344|360|0|76|1|0|
13|350|330|0|76|1|0|
13|344|360|0|76|1|0|
13|342|360|0|76|1|0|
13|343|360|0|76|1|0|
13|342|330|0|76|1|0|
13|350|360|0|76|1|0|
13|342|330|0|76|1|0|
13|350|360|0|76|1|0|
13|348|390|0|76|1|0|
13|352|330|0|76|1|0|
13|352|330|0|76|1|0|
13|348|330|0|76|1|0|
13|348|390|0|76|1|0|
13|1167|1200|0|76|1|0|
13|352|330|0|76|1|0|
13|353|390|0|76|1|0|
13|350|330|0|76|1|0|
13|342|330|0|76|1|0|
13|349|330|0|76|1|0|
13|345|330|0|76|1|0|
13|348|330|0|76|1|0|
13|348|360|0|76|1|0|
13|344|330|0|76|1|0|
13|347|330|0|76|1|0|
13|346|390|0|76|1|0|
13|348|330|0|76|1|0|
13|356|330|0|76|1|0|
13|343|360|0|76|1|0|
13|346|330|0|76|1|0|
13|346|330|0|76|1|0|
13|341|330|0|76|1|0|
13|348|330|0|76|1|0|
13|347|330|0|76|1|0|
13|352|330|0|76|1|0|
13|352|360|0|76|1|0|
13|350|390|0|76|1|0|
13|950|960|0|76|1|0|
13|348|330|0|76|1|0|
13|341|360|0|76|1|0|
13|347|360|0|76|1|0|
13|348|330|0|76|1|0|
13|344|330|0|76|1|0|
13|350|330|0|76|1|0|
13|346|330|0|76|1|0|
13|348|330|0|76|1|0|
13|330|390|0|76|1|0|
13|333|330|0|76|1|0|
13|330|390|0|76|1|0|
13|334|390|0|76|1|0|
13|332|390|0|76|1|0|
13|338|360|0|76|1|0|
13|331|330|0|76|1|0|
13|330|360|0|76|1|0|
13|338|330|0|76|1|0|
13|296|330|0|76|1|0|
13|338|330|0|76|1|0|
13|332|330|0|76|1|0|
13|1093|1170|0|76|1|0|
13|332|390|0|76|1|0|
13|329|330|0|76|1|0|
13|330|360|0|76|1|0|
13|333|360|0|76|1|0|
13|386|420|0|76|1|0|
13|328|360|0|76|1|0|
13|334|330|0|76|1|0|
13|338|330|0|76|1|0|
13|335|330|0|76|1|0|
13|341|330|0|76|1|0|
13|337|360|0|76|1|0|
13|337|390|0|76|1|0|
13|337|330|0|76|1|0|
13|509|570|0|76|1|0|
13|335|360|0|76|1|0|
13|339|330|0|76|1|0|
13|337|360|0|76|1|0|
13|328|330|0|76|1|0|
13|339|330|0|76|1|0|
13|339|330|0|76|1|0|
13|341|360|0|76|1|0|
13|334|330|0|76|1|0|
13|328|360|0|76|1|0|
13|338|360|0|76|1|0|
13|328|360|0|76|1|0|
13|337|360|0|76|1|0|
13|335|330|0|76|1|0|
13|341|330|0|76|1|0|
13|331|330|0|76|1|0|
13|333|390|0|76|1|0|
13|319|360|0|76|1|0|
13|337|390|0|76|1|0|
13|334|360|0|76|1|0|
13|337|330|0|76|1|0|
13|329|360|0|76|1|0|
13|337|390|0|76|1|0|
13|325|390|0|76|1|0|
13|317|360|0|76|1|0|
13|317|360|0|76|1|0|
13|319|360|0|76|1|0|
13|317|390|0|76|1|0|
13|323|390|0|76|1|0|
13|319|390|0|76|1|0|
13|323|390|0|76|1|0|
13|325|390|0|76|1|0|
13|323|390|0|76|1|0|
13|323|390|0|76|1|0|
13|323|360|0|76|1|0|
13|323|390|0|76|1|0|
13|325|360|0|76|1|0|
13|325|330|0|76|1|0|
13|311|390|0|76|1|0|
13|319|390|0|76|1|0|
13|315|390|0|76|1|0|
13|317|390|0|76|1|0|
13|317|360|0|76|1|0|
13|319|390|0|76|1|0|
13|315|360|0|76|1|0|
13|311|360|0|76|1|0|
13|317|360|0|76|1|0|
13|311|360|0|76|1|0|
13|322|360|0|76|1|0|
13|315|360|0|76|1|0|
13|310|360|0|76|1|0|
13|307|360|0|76|1|0|
13|311|390|0|76|1|0|
13|313|360|0|76|1|0|
13|317|360|0|76|1|0|
13|315|390|0|76|1|0|
13|311|390|0|76|1|0|
13|311|390|0|76|1|0|
13|312|390|0|76|1|0|
13|308|390|0|76|1|0|
13|310|360|0|76|1|0|
13|310|360|0|76|1|0|
13|308|390|0|76|1|0|
13|310|360|0|76|1|0|
13|310|360|0|76|1|0|
13|306|390|0|76|1|0|
13|308|330|0|76|1|0|
13|270|300|0|76|1|0|
13|310|360|0|76|1|0|
13|314|360|0|76|1|0|
13|308|390|0|76|1|0|
13|316|360|0|76|1|0|
13|314|390|0|76|1|0|
13|316|390|0|76|1|0|
13|314|360|0|76|1|0|
13|310|390|0|76|1|0|
13|321|360|0|76|1|0|
13|312|390|0|76|1|0|
13|313|390|0|76|1|0|
13|312|360|0|76|1|0|
13|314|360|0|76|1|0|
13|316|360|0|76|1|0|
13|324|390|0|76|1|0|
13|322|360|0|76|1|0|
13|321|360|0|76|1|0|
13|316|390|0|76|1|0|
13|324|360|0|76|1|0|
13|314|360|0|76|1|0|
13|325|360|0|76|1|0|
13|314|360|0|76|1|0|
13|320|390|0|76|1|0|
13|324|360|0|76|1|0|
13|496|570|0|76|1|0|
13|324|390|0|76|1|0|
13|324|390|0|76|1|0|
13|324|360|0|76|1|0|
13|324|390|0|76|1|0|
13|311|390|0|76|1|0|
13|308|390|0|76|1|0|
13|319|420|0|76|1|0|
13|318|390|0|76|1|0|
13|308|360|0|76|1|0|
13|314|360|0|76|1|0|
13|310|360|0|76|1|0|
13|315|360|0|76|1|0|
13|312|360|0|76|1|0|
13|316|390|0|76|1|0|
13|315|360|0|76|1|0|
13|309|390|0|76|1|0|
13|316|390|0|76|1|0|
13|308|360|0|76|1|0|
13|310|390|0|76|1|0|
13|309|390|0|76|1|0|
13|314|390|0|76|1|0|
13|314|360|0|76|1|0|
13|284|360|0|76|1|0|
13|314|390|0|76|1|0|
13|310|390|0|76|1|0|
13|310|360|0|76|1|0|
13|313|390|0|76|1|0|
13|321|390|0|76|1|0|
13|321|390|0|76|1|0|
13|318|360|0|76|1|0|
13|312|390|0|76|1|0|
13|310|390|0|76|1|0|
13|312|390|0|76|1|0|
13|322|390|0|76|1|0|
13|316|390|0|76|1|0|
13|314|390|0|76|1|0|
13|322|360|0|76|1|0|
13|322|360|0|76|1|0|
13|320|360|0|76|1|0|
13|324|390|0|76|1|0|
13|315|330|0|76|1|0|
13|320|330|0|76|1|0|
13|322|360|0|76|1|0|
13|320|360|0|76|1|0|
13|316|360|0|76|1|0|
13|322|390|0|76|1|0|
13|324|360|0|76|1|0|
13|322|360|0|76|1|0|
13|318|360|0|76|1|0|
13|1054|1140|0|76|1|0|
13|336|360|0|76|1|0|
13|338|390|0|76|1|0|
13|336|360|0|76|1|0|
13|336|360|0|76|1|0|
13|335|330|0|76|1|0|
13|336|330|0|76|1|0|
13|333|330|0|76|1|0|
13|1104|1170|0|76|1|0|
13|338|330|0|76|1|0|
13|1036|1110|0|76|1|0|
13|306|360|0|76|1|0|
13|364|390|0|76|1|0|
13|1018|1110|0|76|1|0|
13|330|330|0|76|1|0|
13|328|360|0|76|1|0|
13|328|360|0|76|1|0|
13|337|390|0|76|1|0|
13|330|330|0|76|1|0|
13|327|330|0|76|1|0|
13|964|1020|0|76|1|0|
13|336|330|0|76|1|0|
13|332|330|0|76|1|0|
13|332|330|0|76|1|0|
13|331|330|0|76|1|0|
13|334|390|0|76|1|0|
13|326|360|0|76|1|0|
13|338|360|0|76|1|0|
13|335|360|0|76|1|0|
13|332|360|0|76|1|0|
13|334|330|0|76|1|0|
13|331|330|0|76|1|0|
13|329|360|0|76|1|0|
13|1014|1110|0|76|1|0|
13|330|330|0|76|1|0|
13|331|330|0|76|1|0|
13|331|330|0|76|1|0|
13|334|390|0|76|1|0|
13|332|330|0|76|1|0|
13|334|360|0|76|1|0|
13|333|330|0|76|1|0|
13|333|360|0|76|1|0|
13|328|360|0|76|1|0|
13|341|330|0|76|1|0|
13|331|360|0|76|1|0|
13|829|870|0|76|1|0|
13|334|390|0|76|1|0|
13|330|330|0|76|1|0|
13|986|1080|0|76|1|0|
13|738|780|0|76|1|0|
13|326|330|0|76|1|0|
13|324|330|0|76|1|0|
13|333|390|0|76|1|0|
13|328|360|0|76|1|0|
13|321|360|0|76|1|0|
13|330|360|0|76|1|0|
13|326|390|0|76|1|0|
13|320|360|0|76|1|0|
13|326|330|0|76|1|0|
13|332|360|0|76|1|0|
13|326|360|0|76|1|0|
13|324|360|0|76|1|0|
13|328|360|0|76|1|0|
13|322|360|0|76|1|0|
13|332|390|0|76|1|0|
13|328|360|0|76|1|0|
13|332|390|0|76|1|0|
13|338|330|0|76|1|0|
13|336|330|0|76|1|0|
13|338|330|0|76|1|0|
13|336|360|0|76|1|0|
13|332|390|0|76|1|0|
13|946|990|0|76|1|0|
13|332|360|0|76|1|0|
13|336|330|0|76|1|0|
13|610|660|0|76|1|0|
13|332|330|0|76|1|0|
13|1085|1170|0|76|1|0|
13|990|1080|0|76|1|0|
13|328|330|0|76|1|0|
13|334|390|0|76|1|0|
13|330|360|0|76|1|0|
13|330|360|0|76|1|0|
13|323|360|0|76|1|0|
13|326|360|0|76|1|0|
13|320|360|0|76|1|0|
13|324|360|0|76|1|0|
13|327|360|0|76|1|0|
13|328|330|0|76|1|0|
13|330|360|0|76|1|0|
13|330|390|0|76|1|0|
13|330|360|0|76|1|0|
13|326|360|0|76|1|0|
13|330|390|0|76|1|0|
13|330|390|0|76|1|0|
13|323|360|0|76|1|0|
13|332|390|0|76|1|0|
13|705|780|0|76|1|0|
13|1008|1140|0|76|1|0|
13|982|1050|0|76|1|0|
13|328|330|0|76|1|0|
13|337|390|0|76|1|0|
13|336|330|0|76|1|0|
13|334|330|0|76|1|0|
13|334|330|0|76|1|0|
13|336|330|0|76|1|0|
13|334|390|0|76|1|0|
13|332|390|0|76|1|0|
13|338|390|0|76|1|0|
13|1066|1140|0|76|1|0|
13|332|330|0|76|1|0|
13|334|330|0|76|1|0|
13|964|1020|0|76|1|0|
13|336|360|0|76|1|0|
13|341|390|0|76|1|0|
13|338|360|0|76|1|0|
13|336|330|0|76|1|0|
13|336|390|0|76|1|0|
13|336|330|0|76|1|0|
13|332|360|0|76|1|0|
13|336|390|0|76|1|0|
13|334|330|0|76|1|0|
13|330|330|0|76|1|0|
13|330|330|0|76|1|0|
13|328|360|0|76|1|0|
13|332|360|0|76|1|0|
13|336|330|0|76|1|0|
13|332|330|0|76|1|0|
13|336|330|0|76|1|0|
13|338|330|0|76|1|0|
13|334|390|0|76|1|0|
13|334|390|0|76|1|0|
13|337|330|0|76|1|0|
13|330|390|0|76|1|0|
13|323|360|0|76|1|0|
13|320|360|0|76|1|0|
13|330|390|0|76|1|0|
13|308|330|0|76|1|0|
13|756|840|0|76|1|0|
13|330|360|0|76|1|0|
13|323|330|0|76|1|0|
13|326|390|0|76|1|0|
13|328|360|0|76|1|0|
