INSTRUCTIONS_RETIRED|CYCLES|UNKNOWN|LD_BLOCKS.STORE_FORWARD|UOPS_EXECUTED.CORE|BR_MISP_RETIRED.ALL_BRANCHES|UOPS_ISSUED.SINGLE_MUL|
14|263|480|0|73|1|0|
14|271|450|0|73|1|0|
14|263|450|0|73|1|0|
14|269|480|0|73|1|0|
14|260|480|0|73|1|0|
14|259|450|0|73|1|0|
14|260|480|0|73|1|0|
14|259|420|0|73|1|0|
14|270|450|0|73|1|0|
14|269|360|0|73|1|0|
14|327|360|0|73|1|0|
14|329|360|0|73|1|0|
14|327|360|0|73|1|0|
14|324|360|0|73|1|0|
14|330|360|0|73|1|0|
14|325|330|0|73|1|0|
14|315|390|0|73|1|0|
14|395|480|0|73|1|0|
14|279|330|0|73|1|0|
14|307|390|0|73|1|0|
14|308|390|0|73|1|0|
14|332|390|0|73|1|0|
14|313|330|0|73|1|0|
14|341|330|0|73|1|0|
14|342|360|0|73|1|0|
14|303|330|0|73|1|0|
14|335|330|0|73|1|0|
14|351|330|0|73|1|0|
14|342|330|0|73|1|0|
14|355|360|0|73|1|0|
14|351|330|0|73|1|0|
14|348|330|0|73|1|0|
14|350|360|0|73|1|0|
14|351|330|0|73|1|0|
14|349|360|0|73|1|0|
14|347|330|0|73|1|0|
14|335|390|0|73|1|0|
14|295|300|0|73|1|0|
14|337|360|0|73|1|0|
14|331|330|0|73|1|0|
14|347|330|0|73|1|0|
14|342|330|0|73|1|0|
14|349|330|0|73|1|0|
14|345|330|0|73|1|0|
14|347|360|0|73|1|0|
14|347|330|0|73|1|0|
14|341|330|0|73|1|0|
14|343|360|0|73|1|0|
14|716|750|0|73|1|0|
14|339|360|0|73|1|0|
14|348|330|0|73|1|0|
14|339|300|0|73|1|0|
14|347|330|0|73|1|0|
14|351|330|0|73|1|0|
14|343|330|0|73|1|0|
14|361|360|0|73|1|0|
14|347|330|0|73|1|0|
14|348|330|0|73|1|0|
14|350|330|0|73|1|0|
14|351|360|0|73|1|0|
14|351|300|0|73|1|0|
14|345|330|0|73|1|0|
14|342|330|0|73|1|0|
14|353|360|0|73|1|0|
14|342|360|0|73|1|0|
14|356|330|0|73|1|0|
14|348|360|0|73|1|0|
14|543|510|0|73|1|0|
14|362|360|0|73|1|0|
14|362|330|0|73|1|0|
14|359|360|0|73|1|0|
14|343|360|0|73|1|0|
14|357|360|0|73|1|0|
14|823|780|0|73|1|0|
14|359|360|0|73|1|0|
14|357|330|0|73|1|0|
14|308|300|0|73|1|0|
14|351|300|0|73|1|0|
14|355|330|0|73|1|0|
14|349|330|0|73|1|0|
14|297|300|0|73|1|0|
14|297|300|0|73|1|0|
14|353|360|0|73|1|0|
14|343|330|0|73|1|0|
14|351|390|0|73|1|0|
14|341|330|0|73|1|0|
14|347|330|0|73|1|0|
14|342|330|0|73|1|0|
14|343|330|0|73|1|0|
14|352|330|0|73|1|0|
14|323|360|0|73|1|0|
14|329|360|0|73|1|0|
14|325|360|0|73|1|0|
14|329|360|0|73|1|0|
14|330|360|0|73|1|0|
14|319|360|0|73|1|0|
14|329|360|0|73|1|0|
14|319|360|0|73|1|0|
14|323|360|0|73|1|0|
14|323|360|0|73|1|0|
14|331|360|0|73|1|0|
14|323|360|0|73|1|0|
14|320|360|0|73|1|0|
14|323|360|0|73|1|0|
14|341|390|0|73|1|0|
14|323|360|0|73|1|0|
14|333|330|0|73|1|0|
14|431|420|0|73|1|0|
14|310|300|0|73|1|0|
14|299|300|0|73|1|0|
14|349|360|0|73|1|0|
14|345|330|0|73|1|0|
14|349|330|0|73|1|0|
14|349|360|0|73|1|0|
14|295|270|0|73|1|0|
14|349|390|0|73|1|0|
14|343|360|0|73|1|0|
14|347|360|0|73|1|0|
14|351|360|0|73|1|0|
14|343|330|0|73|1|0|
14|343|330|0|73|1|0|
14|337|360|0|73|1|0|
14|342|330|0|73|1|0|
14|338|330|0|73|1|0|
14|345|360|0|73|1|0|
14|336|360|0|73|1|0|
14|340|330|0|73|1|0|
14|341|330|0|73|1|0|
14|343|360|0|73|1|0|
14|345|360|0|73|1|0|
14|343|360|0|73|1|0|
14|337|360|0|73|1|0|
14|335|360|0|73|1|0|
14|333|360|0|73|1|0|
14|343|330|0|73|1|0|
14|344|360|0|73|1|0|
14|295|270|0|73|1|0|
14|336|360|0|73|1|0|
14|351|390|0|73|1|0|
14|341|330|0|73|1|0|
14|343|330|0|73|1|0|
14|343|330|0|73|1|0|
14|349|330|0|73|1|0|
14|351|330|0|73|1|0|
14|349|360|0|73|1|0|
14|347|330|0|73|1|0|
14|343|360|0|73|1|0|
14|341|330|0|73|1|0|
14|342|330|0|73|1|0|
14|345|330|0|73|1|0|
14|339|330|0|73|1|0|
14|345|330|0|73|1|0|
14|347|330|0|73|1|0|
14|342|330|0|73|1|0|
14|343|360|0|73|1|0|
14|343|330|0|73|1|0|
14|343|360|0|73|1|0|
14|360|360|0|73|1|0|
14|342|360|0|73|1|0|
14|303|330|0|73|1|0|
14|351|330|0|73|1|0|
14|345|330|0|73|1|0|
14|350|390|0|73|1|0|
14|347|360|0|73|1|0|
14|343|330|0|73|1|0|
14|343|330|0|73|1|0|
14|355|360|0|73|1|0|
14|339|330|0|73|1|0|
14|353|330|0|73|1|0|
14|345|330|0|73|1|0|
14|352|330|0|73|1|0|
14|299|270|0|73|1|0|
14|343|360|0|73|1|0|
14|341|330|0|73|1|0|
14|349|360|0|73|1|0|
14|347|360|0|73|1|0|
14|351|360|0|73|1|0|
14|341|360|0|73|1|0|
14|354|360|0|73|1|0|
14|348|360|0|73|1|0|
14|351|330|0|73|1|0|
14|350|360|0|73|1|0|
14|347|330|0|73|1|0|
14|351|330|0|73|1|0|
14|349|330|0|73|1|0|
14|347|390|0|73|1|0|
14|691|720|0|73|1|0|
14|342|330|0|73|1|0|
14|341|330|0|73|1|0|
14|348|360|0|73|1|0|
14|344|330|0|73|1|0|
14|321|360|0|73|1|0|
14|317|360|0|73|1|0|
14|321|360|0|73|1|0|
14|321|360|0|73|1|0|
14|324|390|0|73|1|0|
14|315|390|0|73|1|0|
14|316|390|0|73|1|0|
14|284|330|0|73|1|0|
14|315|360|0|73|1|0|
14|321|360|0|73|1|0|
14|316|390|0|73|1|0|
14|321|360|0|73|1|0|
14|315|360|0|73|1|0|
14|323|360|0|73|1|0|
14|325|360|0|73|1|0|
14|313|390|0|73|1|0|
14|315|390|0|73|1|0|
14|317|390|0|73|1|0|
14|307|360|0|73|1|0|
14|945|1140|0|73|1|0|
14|311|360|0|73|1|0|
14|311|390|0|73|1|0|
14|308|330|0|73|1|0|
14|310|360|0|73|1|0|
14|309|390|0|73|1|0|
14|317|390|0|73|1|0|
14|307|390|0|73|1|0|
14|320|390|0|73|1|0|
14|309|360|0|73|1|0|
14|315|390|0|73|1|0|
14|315|390|0|73|1|0|
14|305|330|0|73|1|0|
14|315|360|0|73|1|0|
14|315|360|0|73|1|0|
14|472|570|0|73|1|0|
14|315|390|0|73|1|0|
14|308|360|0|73|1|0|
14|308|360|0|73|1|0|
14|313|360|0|73|1|0|
14|315|360|0|73|1|0|
14|308|390|0|73|1|0|
14|310|390|0|73|1|0|
14|314|360|0|73|1|0|
14|311|390|0|73|1|0|
14|310|390|0|73|1|0|
14|313|390|0|73|1|0|
14|317|390|0|73|1|0|
14|311|360|0|73|1|0|
14|311|390|0|73|1|0|
14|665|810|0|73|1|0|
14|314|390|0|73|1|0|
14|315|360|0|73|1|0|
14|309|390|0|73|1|0|
14|307|390|0|73|1|0|
14|317|390|0|73|1|0|
14|311|390|0|73|1|0|
14|316|390|0|73|1|0|
14|313|390|0|73|1|0|
14|317|390|0|73|1|0|
14|309|360|0|73|1|0|
14|311|390|0|73|1|0|
14|310|360|0|73|1|0|
14|879|1020|0|73|1|0|
14|311|360|0|73|1|0|
14|319|420|0|73|1|0|
14|309|360|0|73|1|0|
14|311|360|0|73|1|0|
14|315|360|0|73|1|0|
14|311|390|0|73|1|0|
14|312|390|0|73|1|0|
14|315|390|0|73|1|0|
14|311|390|0|73|1|0|
14|313|390|0|73|1|0|
14|315|390|0|73|1|0|
14|341|360|0|73|1|0|
14|338|390|0|73|1|0|
14|344|360|0|73|1|0|
14|338|360|0|73|1|0|
14|343|330|0|73|1|0|
14|340|360|0|73|1|0|
14|344|360|0|73|1|0|
14|338|330|0|73|1|0|
14|338|360|0|73|1|0|
14|338|330|0|73|1|0|
14|336|330|0|73|1|0|
14|334|360|0|73|1|0|
14|334|330|0|73|1|0|
14|334|330|0|73|1|0|
14|346|360|0|73|1|0|
14|343|360|0|73|1|0|
14|338|360|0|73|1|0|
14|336|330|0|73|1|0|
14|350|360|0|73|1|0|
14|348|360|0|73|1|0|
14|360|360|0|73|1|0|
14|349|300|0|73|1|0|
14|358|330|0|73|1|0|
14|643|660|0|73|1|0|
14|356|330|0|73|1|0|
14|357|360|0|73|1|0|
14|356|360|0|73|1|0|
14|376|390|0|73|1|0|
14|356|330|0|73|1|0|
14|350|360|0|73|1|0|
14|356|330|0|73|1|0|
14|348|360|0|73|1|0|
14|354|330|0|73|1|0|
14|354|360|0|73|1|0|
14|346|360|0|73|1|0|
14|358|330|0|73|1|0|
14|352|360|0|73|1|0|
14|348|360|0|73|1|0|
14|360|360|0|73|1|0|
14|352|360|0|73|1|0|
14|348|330|0|73|1|0|
14|358|330|0|73|1|0|
14|359|330|0|73|1|0|
14|356|360|0|73|1|0|
14|350|300|0|73|1|0|
14|348|330|0|73|1|0|
14|354|330|0|73|1|0|
14|886|870|0|73|1|0|
14|320|300|0|73|1|0|
14|354|360|0|73|1|0|
14|348|330|0|73|1|0|
14|350|360|0|73|1|0|
14|345|360|0|73|1|0|
14|346|330|0|73|1|0|
14|350|330|0|73|1|0|
14|352|300|0|73|1|0|
14|358|360|0|73|1|0|
14|352|360|0|73|1|0|
14|354|330|0|73|1|0|
14|354|330|0|73|1|0|
14|353|330|0|73|1|0|
14|348|330|0|73|1|0|
14|360|330|0|73|1|0|
14|348|360|0|73|1|0|
14|356|360|0|73|1|0|
14|350|330|0|73|1|0|
14|350|330|0|73|1|0|
14|358|330|0|73|1|0|
14|356|360|0|73|1|0|
14|352|360|0|73|1|0|
14|358|330|0|73|1|0|
14|358|330|0|73|1|0|
14|352|360|0|73|1|0|
14|350|360|0|73|1|0|
14|352|360|0|73|1|0|
14|302|300|0|73|1|0|
14|596|600|0|73|1|0|
14|348|330|0|73|1|0|
14|358|330|0|73|1|0|
14|350|330|0|73|1|0|
14|356|330|0|73|1|0|
14|351|360|0|73|1|0|
14|352|330|0|73|1|0|
14|554|570|0|73|1|0|
14|348|300|0|73|1|0|
14|361|330|0|73|1|0|
14|348|360|0|73|1|0|
14|358|360|0|73|1|0|
14|357|360|0|73|1|0|
14|840|840|0|73|1|0|
14|358|360|0|73|1|0|
14|358|330|0|73|1|0|
14|356|360|0|73|1|0|
14|356|360|0|73|1|0|
14|353|330|0|73|1|0|
14|360|330|0|73|1|0|
14|1080|1050|0|73|1|0|
14|354|360|0|73|1|0|
14|351|360|0|73|1|0|
14|351|330|0|73|1|0|
14|348|360|0|73|1|0|
14|349|330|0|73|1|0|
14|343|360|0|73|1|0|
14|349|330|0|73|1|0|
14|341|330|0|73|1|0|
14|349|330|0|73|1|0|
14|351|330|0|73|1|0|
14|344|360|0|73|1|0|
14|347|330|0|73|1|0|
14|351|330|0|73|1|0|
14|339|360|0|73|1|0|
14|325|360|0|73|1|0|
14|327|360|0|73|1|0|
14|331|390|0|73|1|0|
14|325|360|0|73|1|0|
14|325|360|0|73|1|0|
14|323|390|0|73|1|0|
14|324|360|0|73|1|0|
14|325|390|0|73|1|0|
14|321|360|0|73|1|0|
14|321|360|0|73|1|0|
14|323|360|0|73|1|0|
14|329|390|0|73|1|0|
14|325|390|0|73|1|0|
14|330|360|0|73|1|0|
14|331|330|0|73|1|0|
14|317|390|0|73|1|0|
14|375|450|0|73|1|0|
14|277|360|0|73|1|0|
14|315|360|0|73|1|0|
14|945|1110|0|73|1|0|
14|309|360|0|73|1|0|
14|313|360|0|73|1|0|
14|315|360|0|73|1|0|
14|313|390|0|73|1|0|
14|317|360|0|73|1|0|
14|309|390|0|73|1|0|
14|311|360|0|73|1|0|
14|308|390|0|73|1|0|
14|272|300|0|73|1|0|
14|309|390|0|73|1|0|
14|345|390|0|73|1|0|
14|350|330|0|73|1|0|
14|349|360|0|73|1|0|
14|343|360|0|73|1|0|
14|347|360|0|73|1|0|
14|339|360|0|73|1|0|
14|347|330|0|73|1|0|
14|346|360|0|73|1|0|
14|342|360|0|73|1|0|
14|351|330|0|73|1|0|
14|963|990|0|73|1|0|
14|349|330|0|73|1|0|
14|1135|1140|0|73|1|0|
14|349|330|0|73|1|0|
14|350|390|0|73|1|0|
14|351|360|0|73|1|0|
14|349|330|0|73|1|0|
14|331|360|0|73|1|0|
14|329|360|0|73|1|0|
14|340|330|0|73|1|0|
14|331|390|0|73|1|0|
14|874|960|0|73|1|0|
14|327|330|0|73|1|0|
14|337|330|0|73|1|0|
14|337|390|0|73|1|0|
14|335|360|0|73|1|0|
14|335|360|0|73|1|0|
14|329|330|0|73|1|0|
14|328|360|0|73|1|0|
14|329|360|0|73|1|0|
14|941|1020|0|73|1|0|
14|337|390|0|73|1|0|
14|333|360|0|73|1|0|
14|336|390|0|73|1|0|
14|343|330|0|73|1|0|
14|339|330|0|73|1|0|
14|349|330|0|73|1|0|
14|349|330|0|73|1|0|
14|349|330|0|73|1|0|
14|351|330|0|73|1|0|
14|347|390|0|73|1|0|
14|347|330|0|73|1|0|
14|347|360|0|73|1|0|
14|345|360|0|73|1|0|
14|349|330|0|73|1|0|
14|345|330|0|73|1|0|
14|347|330|0|73|1|0|
14|349|360|0|73|1|0|
14|349|360|0|73|1|0|
14|345|360|0|73|1|0|
14|347|330|0|73|1|0|
14|569|630|0|73|1|0|
14|325|360|0|73|1|0|
14|331|330|0|73|1|0|
14|327|360|0|73|1|0|
14|319|360|0|73|1|0|
14|330|330|0|73|1|0|
14|325|330|0|73|1|0|
14|324|360|0|73|1|0|
14|322|360|0|73|1|0|
14|327|330|0|73|1|0|
14|327|360|0|73|1|0|
14|326|390|0|73|1|0|
14|322|360|0|73|1|0|
14|325|360|0|73|1|0|
14|321|360|0|73|1|0|
14|943|1140|0|73|1|0|
14|320|390|0|73|1|0|
14|417|480|0|73|1|0|
14|319|390|0|73|1|0|
14|307|390|0|73|1|0|
14|307|360|0|73|1|0|
14|309|360|0|73|1|0|
14|313|390|0|73|1|0|
14|307|360|0|73|1|0|
14|1003|1170|0|73|1|0|
14|927|1110|0|73|1|0|
14|315|390|0|73|1|0|
14|309|360|0|73|1|0|
14|316|390|0|73|1|0|
14|311|360|0|73|1|0|
14|312|390|0|73|1|0|
14|313|360|0|73|1|0|
14|316|390|0|73|1|0|
14|313|390|0|73|1|0|
14|317|390|0|73|1|0|
14|317|390|0|73|1|0|
14|316|390|0|73|1|0|
14|317|390|0|73|1|0|
14|316|390|0|73|1|0|
14|453|540|0|73|1|0|
14|309|330|0|73|1|0|
14|309|390|0|73|1|0|
14|313|390|0|73|1|0|
14|315|360|0|73|1|0|
14|273|360|0|73|1|0|
14|317|360|0|73|1|0|
14|315|360|0|73|1|0|
14|309|360|0|73|1|0|
14|317|390|0|73|1|0|
14|327|330|0|73|1|0|
14|533|600|0|73|1|0|
14|327|360|0|73|1|0|
14|319|330|0|73|1|0|
14|329|330|0|73|1|0|
14|321|360|0|73|1|0|
14|331|390|0|73|1|0|
14|320|360|0|73|1|0|
14|329|390|0|73|1|0|
14|419|480|0|73|1|0|
14|327|360|0|73|1|0|
14|323|390|0|73|1|0|
14|713|810|0|73|1|0|
14|331|360|0|73|1|0|
14|329|360|0|73|1|0|
14|319|330|0|73|1|0|
14|329|360|0|73|1|0|
14|325|360|0|73|1|0|
14|323|330|0|73|1|0|
14|333|360|0|73|1|0|
14|321|360|0|73|1|0|
14|329|390|0|73|1|0|
14|325|360|0|73|1|0|
14|323|360|0|73|1|0|
14|321|360|0|73|1|0|
14|355|330|0|73|1|0|
14|349|330|0|73|1|0|
14|347|330|0|73|1|0|
14|350|330|0|73|1|0|
14|361|360|0|73|1|0|
14|356|330|0|73|1|0|
14|347|330|0|73|1|0|
14|355|330|0|73|1|0|
14|347|330|0|73|1|0|
14|355|330|0|73|1|0|
14|348|390|0|73|1|0|
14|345|360|0|73|1|0|
14|346|360|0|73|1|0|
14|345|360|0|73|1|0|
14|351|360|0|73|1|0|
14|343|330|0|73|1|0|
14|351|390|0|73|1|0|
14|349|330|0|73|1|0|
14|350|360|0|73|1|0|
14|358|360|0|73|1|0|
14|351|330|0|73|1|0|
14|355|360|0|73|1|0|
14|347|360|0|73|1|0|
14|348|300|0|73|1|0|
14|355|330|0|73|1|0|
14|357|360|0|73|1|0|
14|347|330|0|73|1|0|
14|361|360|0|73|1|0|
14|349|360|0|73|1|0|
14|354|330|0|73|1|0|
14|353|360|0|73|1|0|
14|349|330|0|73|1|0|
14|359|330|0|73|1|0|
14|357|360|0|73|1|0|
14|357|360|0|73|1|0|
14|352|360|0|73|1|0|
14|349|330|0|73|1|0|
14|355|360|0|73|1|0|
14|355|360|0|73|1|0|
14|734|750|0|73|1|0|
14|353|330|0|73|1|0|
14|349|330|0|73|1|0|
14|352|330|0|73|1|0|
14|354|330|0|73|1|0|
14|355|330|0|73|1|0|
14|353|360|0|73|1|0|
14|348|330|0|73|1|0|
14|343|390|0|73|1|0|
14|352|390|0|73|1|0|
14|346|330|0|73|1|0|
14|346|330|0|73|1|0|
14|343|360|0|73|1|0|
14|347|360|0|73|1|0|
14|349|330|0|73|1|0|
14|352|330|0|73|1|0|
14|347|330|0|73|1|0|
14|308|300|0|73|1|0|
14|346|360|0|73|1|0|
14|349|330|0|73|1|0|
14|343|330|0|73|1|0|
14|299|270|0|73|1|0|
14|351|330|0|73|1|0|
14|757|750|0|73|1|0|
14|357|330|0|73|1|0|
14|346|330|0|73|1|0|
14|339|330|0|73|1|0|
14|351|330|0|73|1|0|
14|342|330|0|73|1|0|
14|345|360|0|73|1|0|
14|341|360|0|73|1|0|
14|297|300|0|73|1|0|
14|353|330|0|73|1|0|
14|347|300|0|73|1|0|
14|357|330|0|73|1|0|
14|355|360|0|73|1|0|
14|347|330|0|73|1|0|
14|354|330|0|73|1|0|
14|358|330|0|73|1|0|
14|352|330|0|73|1|0|
14|358|330|0|73|1|0|
14|357|330|0|73|1|0|
14|357|360|0|73|1|0|
14|357|360|0|73|1|0|
14|355|360|0|73|1|0|
14|351|330|0|73|1|0|
14|355|360|0|73|1|0|
14|351|390|0|73|1|0|
14|346|330|0|73|1|0|
14|342|330|0|73|1|0|
14|341|360|0|73|1|0|
14|301|270|0|73|1|0|
14|343|330|0|73|1|0|
14|325|300|0|73|1|0|
14|309|330|0|73|1|0|
14|309|300|0|73|1|0|
14|344|330|0|73|1|0|
14|317|390|0|73|1|0|
14|341|330|0|73|1|0|
14|295|270|0|73|1|0|
14|347|330|0|73|1|0|
14|343|330|0|73|1|0|
14|300|330|0|73|1|0|
14|314|390|0|73|1|0|
14|357|330|0|73|1|0|
14|317|360|0|73|1|0|
14|343|330|0|73|1|0|
14|310|390|0|73|1|0|
14|939|1140|0|73|1|0|
14|321|390|0|73|1|0|
14|3097|3210|0|322|1|0|
14|319|360|0|73|1|0|
14|319|360|0|73|1|0|
14|315|390|0|73|1|0|
14|352|360|0|73|1|0|
14|317|360|0|73|1|0|
14|315|360|0|73|1|0|
14|321|360|0|73|1|0|
14|323|390|0|73|1|0|
14|320|390|0|73|1|0|
14|318|360|0|73|1|0|
14|314|390|0|73|1|0|
14|387|450|0|73|1|0|
14|273|330|0|73|1|0|
14|321|360|0|73|1|0|
14|277|330|0|73|1|0|
14|356|360|0|73|1|0|
14|349|390|0|73|1|0|
14|295|330|0|73|1|0|
14|343|330|0|73|1|0|
14|345|390|0|73|1|0|
14|347|390|0|73|1|0|
14|351|330|0|73|1|0|
14|341|330|0|73|1|0|
14|349|360|0|73|1|0|
14|321|330|0|73|1|0|
14|345|330|0|73|1|0|
14|333|330|0|73|1|0|
14|338|360|0|73|1|0|
14|348|330|0|73|1|0|
14|337|330|0|73|1|0|
14|339|360|0|73|1|0|
14|351|330|0|73|1|0|
14|341|360|0|73|1|0|
14|345|390|0|73|1|0|
14|357|360|0|73|1|0|
14|342|330|0|73|1|0|
14|349|360|0|73|1|0|
14|357|330|0|73|1|0|
14|346|330|0|73|1|0|
14|349|360|0|73|1|0|
14|349|330|0|73|1|0|
14|305|270|0|73|1|0|
14|357|360|0|73|1|0|
14|359|330|0|73|1|0|
14|354|330|0|73|1|0|
14|351|360|0|73|1|0|
14|337|330|0|73|1|0|
14|397|390|0|73|1|0|
14|349|390|0|73|1|0|
14|352|330|0|73|1|0|
14|347|360|0|73|1|0|
14|345|390|0|73|1|0|
14|349|330|0|73|1|0|
14|345|360|0|73|1|0|
14|347|360|0|73|1|0|
14|347|360|0|73|1|0|
14|353|390|0|73|1|0|
14|343|360|0|73|1|0|
14|341|360|0|73|1|0|
14|346|330|0|73|1|0|
14|343|330|0|73|1|0|
14|586|600|0|73|1|0|
14|347|360|0|73|1|0|
14|342|360|0|73|1|0|
14|345|330|0|73|1|0|
14|344|330|0|73|1|0|
14|339|330|0|73|1|0|
14|995|990|0|73|1|0|
14|343|330|0|73|1|0|
14|345|330|0|73|1|0|
14|306|300|0|73|1|0|
14|345|330|0|73|1|0|
14|351|330|0|73|1|0|
14|345|360|0|73|1|0|
14|349|390|0|73|1|0|
14|357|330|0|73|1|0|
14|357|330|0|73|1|0|
14|357|330|0|73|1|0|
14|347|300|0|73|1|0|
14|349|330|0|73|1|0|
14|883|900|0|73|1|0|
14|347|360|0|73|1|0|
14|436|480|0|73|1|0|
14|347|390|0|73|1|0|
14|342|330|0|73|1|0|
14|347|330|0|73|1|0|
14|344|360|0|73|1|0|
14|347|360|0|73|1|0|
14|342|360|0|73|1|0|
14|342|330|0|73|1|0|
14|1183|1170|0|73|1|0|
14|344|330|0|73|1|0|
14|347|390|0|73|1|0|
14|347|330|0|73|1|0|
14|349|330|0|73|1|0|
14|349|330|0|73|1|0|
14|341|360|0|73|1|0|
14|345|360|0|73|1|0|
14|349|360|0|73|1|0|
14|303|330|0|73|1|0|
14|343|360|0|73|1|0|
14|351|390|0|73|1|0|
14|339|360|0|73|1|0|
14|305|390|0|73|1|0|
14|301|390|0|73|1|0|
14|274|330|0|73|1|0|
14|301|360|0|73|1|0|
14|303|390|0|73|1|0|
14|309|390|0|73|1|0|
14|302|360|0|73|1|0|
14|309|360|0|73|1|0|
14|309|390|0|73|1|0|
14|301|360|0|73|1|0|
14|309|390|0|73|1|0|
14|309|390|0|73|1|0|
14|309|390|0|73|1|0|
14|303|390|0|73|1|0|
14|289|330|0|73|1|0|
14|323|360|0|73|1|0|
14|321|330|0|73|1|0|
14|331|360|0|73|1|0|
14|321|390|0|73|1|0|
14|329|390|0|73|1|0|
14|741|840|0|73|1|0|
14|330|360|0|73|1|0|
14|322|330|0|73|1|0|
14|321|360|0|73|1|0|
14|323|360|0|73|1|0|
14|321|330|0|73|1|0|
14|325|360|0|73|1|0|
14|320|360|0|73|1|0|
14|325|360|0|73|1|0|
14|323|360|0|73|1|0|
14|328|330|0|73|1|0|
14|739|780|0|73|1|0|
14|332|330|0|73|1|0|
14|333|390|0|73|1|0|
14|335|390|0|73|1|0|
14|327|360|0|73|1|0|
14|335|390|0|73|1|0|
14|327|330|0|73|1|0|
14|335|330|0|73|1|0|
14|328|330|0|73|1|0|
14|335|390|0|73|1|0|
14|328|360|0|73|1|0|
14|329|360|0|73|1|0|
14|330|360|0|73|1|0|
14|329|390|0|73|1|0|
14|329|360|0|73|1|0|
14|330|360|0|73|1|0|
14|939|990|0|73|1|0|
14|340|360|0|73|1|0|
14|339|390|0|73|1|0|
14|331|360|0|73|1|0|
14|335|390|0|73|1|0|
14|332|330|0|73|1|0|
14|337|330|0|73|1|0|
14|333|330|0|73|1|0|
14|335|330|0|73|1|0|
14|331|390|0|73|1|0|
14|286|300|0|73|1|0|
14|970|1050|0|73|1|0|
14|329|360|0|73|1|0|
14|335|330|0|73|1|0|
14|329|360|0|73|1|0|
14|335|330|0|73|1|0|
14|335|330|0|73|1|0|
14|340|390|0|73|1|0|
14|1015|1080|0|73|1|0|
14|332|330|0|73|1|0|
14|329|390|0|73|1|0|
14|335|330|0|73|1|0|
14|1008|1110|0|73|1|0|
14|331|390|0|73|1|0|
14|335|390|0|73|1|0|
14|337|330|0|73|1|0|
14|849|900|0|73|1|0|
14|335|360|0|73|1|0|
14|333|330|0|73|1|0|
14|331|390|0|73|1|0|
14|335|390|0|73|1|0|
14|515|540|0|73|1|0|
14|329|330|0|73|1|0|
14|331|330|0|73|1|0|
14|327|360|0|73|1|0|
14|333|330|0|73|1|0|
14|327|330|0|73|1|0|
14|337|360|0|73|1|0|
14|333|330|0|73|1|0|
14|331|390|0|73|1|0|
14|333|360|0|73|1|0|
14|338|390|0|73|1|0|
14|334|360|0|73|1|0|
14|335|360|0|73|1|0|
14|330|330|0|73|1|0|
14|335|330|0|73|1|0|
14|300|360|0|73|1|0|
14|324|330|0|73|1|0|
14|330|330|0|73|1|0|
14|286|300|0|73|1|0|
14|311|360|0|73|1|0|
14|314|360|0|73|1|0|
14|314|360|0|73|1|0|
14|317|360|0|73|1|0|
14|318|360|0|73|1|0|
14|317|390|0|73|1|0|
14|318|360|0|73|1|0|
14|318|330|0|73|1|0|
14|324|360|0|73|1|0|
14|320|390|0|73|1|0|
14|324|390|0|73|1|0|
14|322|360|0|73|1|0|
14|322|390|0|73|1|0|
14|319|360|0|73|1|0|
14|322|360|0|73|1|0|
14|321|360|0|73|1|0|
14|324|360|0|73|1|0|
14|314|360|0|73|1|0|
14|322|360|0|73|1|0|
14|972|1110|0|73|1|0|
14|324|360|0|73|1|0|
14|318|360|0|73|1|0|
14|324|360|0|73|1|0|
14|321|390|0|73|1|0|
14|326|360|0|73|1|0|
14|318|360|0|73|1|0|
14|317|360|0|73|1|0|
14|320|360|0|73|1|0|
14|322|390|0|73|1|0|
14|318|360|0|73|1|0|
14|320|360|0|73|1|0|
14|322|360|0|73|1|0|
14|308|360|0|73|1|0|
14|318|360|0|73|1|0|
14|325|360|0|73|1|0|
14|324|360|0|73|1|0|
14|326|390|0|73|1|0|
14|314|390|0|73|1|0|
14|324|390|0|73|1|0|
14|322|360|0|73|1|0|
14|324|360|0|73|1|0|
14|808|930|0|73|1|0|
14|322|360|0|73|1|0|
14|315|390|0|73|1|0|
14|316|390|0|73|1|0|
14|325|390|0|73|1|0|
14|324|360|0|73|1|0|
14|322|360|0|73|1|0|
14|324|360|0|73|1|0|
14|320|390|0|73|1|0|
14|322|390|0|73|1|0|
14|319|360|0|73|1|0|
14|316|330|0|73|1|0|
14|315|390|0|73|1|0|
14|323|390|0|73|1|0|
14|313|360|0|73|1|0|
14|317|360|0|73|1|0|
14|319|360|0|73|1|0|
14|318|360|0|73|1|0|
14|328|360|0|73|1|0|
14|325|360|0|73|1|0|
14|321|330|0|73|1|0|
14|321|360|0|73|1|0|
14|323|360|0|73|1|0|
14|323|360|0|73|1|0|
14|329|360|0|73|1|0|
14|321|360|0|73|1|0|
14|323|330|0|73|1|0|
14|320|360|0|73|1|0|
14|325|360|0|73|1|0|
14|324|390|0|73|1|0|
14|320|360|0|73|1|0|
14|321|360|0|73|1|0|
14|325|360|0|73|1|0|
14|319|360|0|73|1|0|
14|332|390|0|73|1|0|
14|321|360|0|73|1|0|
14|323|360|0|73|1|0|
14|613|690|0|73|1|0|
14|322|360|0|73|1|0|
14|365|420|0|73|1|0|
14|327|360|0|73|1|0|
14|321|360|0|73|1|0|
14|440|480|0|73|1|0|
14|323|390|0|73|1|0|
14|332|330|0|73|1|0|
14|324|390|0|73|1|0|
14|332|360|0|73|1|0|
14|287|300|0|73|1|0|
14|325|360|0|73|1|0|
14|332|390|0|73|1|0|
14|338|360|0|73|1|0|
14|338|330|0|73|1|0|
14|334|360|0|73|1|0|
14|335|330|0|73|1|0|
14|336|390|0|73|1|0|
14|336|390|0|73|1|0|
14|331|360|0|73|1|0|
14|304|360|0|73|1|0|
14|332|330|0|73|1|0|
14|341|360|0|73|1|0|
14|332|330|0|73|1|0|
14|964|1050|0|73|1|0|
14|330|330|0|73|1|0|
14|328|360|0|73|1|0|
14|330|360|0|73|1|0|
14|334|360|0|73|1|0|
14|334|360|0|73|1|0|
14|330|360|0|73|1|0|
14|322|390|0|73|1|0|
14|330|390|0|73|1|0|
14|328|360|0|73|1|0|
14|322|360|0|73|1|0|
14|328|390|0|73|1|0|
14|326|360|0|73|1|0|
14|328|390|0|73|1|0|
14|322|360|0|73|1|0|
14|330|390|0|73|1|0|
14|326|330|0|73|1|0|
14|330|390|0|73|1|0|
14|326|360|0|73|1|0|
14|330|360|0|73|1|0|
14|324|360|0|73|1|0|
14|310|390|0|73|1|0|
14|312|360|0|73|1|0|
14|442|540|0|73|1|0|
14|316|390|0|73|1|0|
14|309|390|0|73|1|0|
14|314|360|0|73|1|0|
14|318|390|0|73|1|0|
14|313|360|0|73|1|0|
14|678|810|0|73|1|0|
14|317|390|0|73|1|0|
14|316|390|0|73|1|0|
14|314|390|0|73|1|0|
14|319|390|0|73|1|0|
14|310|360|0|73|1|0|
14|318|360|0|73|1|0|
14|308|360|0|73|1|0|
14|308|360|0|73|1|0|
14|309|390|0|73|1|0|
14|310|360|0|73|1|0|
14|313|360|0|73|1|0|
14|311|360|0|73|1|0|
14|317|390|0|73|1|0|
14|987|1170|0|73|1|0|
14|316|390|0|73|1|0|
14|317|390|0|73|1|0|
14|309|390|0|73|1|0|
14|315|390|0|73|1|0|
14|307|390|0|73|1|0|
14|495|600|0|73|1|0|
14|309|390|0|73|1|0|
14|315|390|0|73|1|0|
14|309|360|0|73|1|0|
14|309|360|0|73|1|0|
14|591|720|0|73|1|0|
14|315|390|0|73|1|0|
14|317|360|0|73|1|0|
