INSTRUCTIONS_RETIRED|CYCLES|UNKNOWN|LD_BLOCKS.STORE_FORWARD|UOPS_EXECUTED.CORE|BR_MISP_RETIRED.ALL_BRANCHES|UOPS_ISSUED.SINGLE_MUL|
14|300|330|0|75|1|0|
14|343|330|0|75|1|0|
14|348|390|0|75|1|0|
14|338|360|0|75|1|0|
14|350|360|0|75|1|0|
14|341|330|0|75|1|0|
14|342|330|0|75|1|0|
14|348|360|0|75|1|0|
14|348|330|0|75|1|0|
14|342|330|0|75|1|0|
14|340|360|0|75|1|0|
14|346|330|0|75|1|0|
14|348|360|0|75|1|0|
14|344|330|0|75|1|0|
14|386|360|0|75|1|0|
14|780|750|0|75|1|0|
14|543|510|0|75|1|0|
14|304|330|0|75|1|0|
14|302|330|0|75|1|0|
14|312|300|0|75|1|0|
14|306|300|0|75|1|0|
14|303|330|0|75|1|0|
14|303|330|0|75|1|0|
14|344|330|0|75|1|0|
14|346|330|0|75|1|0|
14|304|300|0|75|1|0|
14|350|330|0|75|1|0|
14|348|330|0|75|1|0|
14|348|330|0|75|1|0|
14|347|330|0|73|1|0|
14|321|360|0|73|1|0|
14|340|330|0|75|1|0|
14|350|330|0|75|1|0|
14|297|270|0|75|1|0|
14|345|330|0|73|1|0|
14|344|330|0|75|1|0|
14|350|330|0|75|1|0|
14|346|330|0|75|1|0|
14|342|330|0|75|1|0|
14|343|360|0|75|1|0|
14|348|330|0|75|1|0|
14|326|300|0|75|1|0|
14|355|330|0|75|1|0|
14|351|330|0|73|1|0|
14|306|330|0|75|1|0|
14|348|330|0|75|1|0|
14|366|360|0|75|1|0|
14|346|360|0|75|1|0|
14|418|390|0|75|1|0|
14|306|330|0|75|1|0|
14|344|330|0|75|1|0|
14|352|390|0|75|1|0|
14|394|360|0|75|1|0|
14|346|330|0|75|1|0|
14|349|330|0|75|1|0|
14|344|330|0|73|1|0|
14|348|360|0|75|1|0|
14|348|360|0|75|1|0|
14|342|330|0|75|1|0|
14|350|330|0|75|1|0|
14|350|360|0|75|1|0|
14|342|330|0|75|1|0|
14|348|390|0|75|1|0|
14|348|390|0|75|1|0|
14|340|330|0|75|1|0|
14|295|330|0|75|1|0|
14|346|360|0|75|1|0|
14|350|360|0|75|1|0|
14|302|300|0|75|1|0|
14|342|360|0|75|1|0|
14|346|330|0|75|1|0|
14|347|360|0|73|1|0|
14|342|330|0|75|1|0|
14|774|780|0|75|1|0|
14|329|360|0|75|1|0|
14|346|360|0|75|1|0|
14|348|390|0|75|1|0|
14|352|360|0|75|1|0|
14|344|330|0|75|1|0|
14|305|300|0|75|1|0|
14|300|330|0|75|1|0|
14|352|330|0|75|1|0|
14|356|360|0|73|1|0|
14|448|450|0|75|1|0|
14|348|390|0|75|1|0|
14|340|330|0|75|1|0|
14|316|270|0|75|1|0|
14|350|330|0|75|1|0|
14|302|270|0|75|1|0|
14|348|330|0|75|1|0|
14|346|360|0|75|1|0|
14|342|360|0|75|1|0|
14|304|300|0|75|1|0|
14|436|420|0|75|1|0|
14|345|360|0|73|1|0|
14|349|330|0|75|1|0|
14|342|360|0|75|1|0|
14|348|330|0|75|1|0|
14|305|330|0|73|1|0|
14|350|330|0|75|1|0|
14|346|330|0|73|1|0|
14|350|390|0|75|1|0|
14|338|330|0|75|1|0|
14|298|330|0|75|1|0|
14|300|270|0|75|1|0|
14|344|360|0|75|1|0|
14|1372|1380|0|75|1|0|
14|346|360|0|75|1|0|
14|348|330|0|75|1|0|
14|296|300|0|75|1|0|
14|342|330|0|75|1|0|
14|340|360|0|75|1|0|
14|307|300|0|75|1|0|
14|478|480|0|75|1|0|
14|314|270|0|75|1|0|
14|342|360|0|75|1|0|
14|351|330|0|73|1|0|
14|355|360|0|73|1|0|
14|350|330|0|75|1|0|
14|296|300|0|75|1|0|
14|347|390|0|73|1|0|
14|350|330|0|75|1|0|
14|346|390|0|75|1|0|
14|302|330|0|75|1|0|
14|349|330|0|75|1|0|
14|304|300|0|75|1|0|
14|348|330|0|75|1|0|
14|304|300|0|75|1|0|
14|338|360|0|75|1|0|
14|344|360|0|75|1|0|
14|342|360|0|75|1|0|
14|348|330|0|75|1|0|
14|346|330|0|73|1|0|
14|346|390|0|75|1|0|
14|342|360|0|75|1|0|
14|340|330|0|75|1|0|
14|304|300|0|75|1|0|
14|342|360|0|75|1|0|
14|338|360|0|75|1|0|
14|351|330|0|73|1|0|
14|349|330|0|73|1|0|
14|329|330|0|75|1|0|
14|346|360|0|75|1|0|
14|948|930|0|75|1|0|
14|346|360|0|75|1|0|
14|350|330|0|75|1|0|
14|350|360|0|75|1|0|
14|994|990|0|75|1|0|
14|342|360|0|75|1|0|
14|348|360|0|75|1|0|
14|348|360|0|75|1|0|
14|348|330|0|75|1|0|
14|352|390|0|75|1|0|
14|350|330|0|75|1|0|
14|344|330|0|73|1|0|
14|1159|1170|0|73|1|0|
14|340|330|0|75|1|0|
14|344|360|0|73|1|0|
14|340|330|0|75|1|0|
14|349|330|0|75|1|0|
14|340|330|0|75|1|0|
14|348|330|0|75|1|0|
14|336|330|0|75|1|0|
14|504|480|0|75|1|0|
14|302|300|0|75|1|0|
14|299|270|0|73|1|0|
14|355|330|0|75|1|0|
14|425|420|0|75|1|0|
14|341|330|0|75|1|0|
14|350|360|0|75|1|0|
14|340|360|0|75|1|0|
14|338|300|0|75|1|0|
14|350|360|0|75|1|0|
14|382|390|0|75|1|0|
14|345|330|0|73|1|0|
14|345|330|0|73|1|0|
14|298|270|0|73|1|0|
14|307|330|0|73|1|0|
14|309|300|0|73|1|0|
14|357|330|0|73|1|0|
14|1070|1020|0|75|1|0|
14|346|330|0|75|1|0|
14|308|330|0|75|1|0|
14|356|330|0|75|1|0|
14|354|330|0|75|1|0|
14|468|420|0|75|1|0|
14|352|300|0|75|1|0|
14|352|360|0|75|1|0|
14|346|330|0|75|1|0|
14|311|270|0|75|1|0|
14|339|360|0|75|1|0|
14|352|360|0|75|1|0|
14|352|360|0|75|1|0|
14|348|330|0|75|1|0|
14|350|330|0|75|1|0|
14|352|330|0|75|1|0|
14|338|330|0|75|1|0|
14|423|420|0|75|1|0|
14|342|360|0|75|1|0|
14|346|330|0|75|1|0|
14|338|360|0|75|1|0|
14|344|330|0|75|1|0|
14|297|300|0|75|1|0|
14|341|330|0|75|1|0|
14|350|360|0|75|1|0|
14|297|270|0|75|1|0|
14|309|330|0|75|1|0|
14|1173|1170|0|73|1|0|
14|357|330|0|73|1|0|
14|359|360|0|73|1|0|
14|353|330|0|73|1|0|
14|309|330|0|73|1|0|
14|351|330|0|73|1|0|
14|359|360|0|73|1|0|
14|357|330|0|73|1|0|
14|355|330|0|73|1|0|
14|347|330|0|73|1|0|
14|343|360|0|73|1|0|
14|349|360|0|73|1|0|
14|341|360|0|73|1|0|
14|339|330|0|73|1|0|
14|341|330|0|73|1|0|
14|349|330|0|73|1|0|
14|302|330|0|75|1|0|
14|356|360|0|75|1|0|
14|311|330|0|73|1|0|
14|348|330|0|73|1|0|
14|349|360|0|73|1|0|
14|329|300|0|73|1|0|
14|342|330|0|73|1|0|
14|345|330|0|73|1|0|
14|353|330|0|73|1|0|
14|347|390|0|73|1|0|
14|347|360|0|73|1|0|
14|354|330|0|75|1|0|
14|351|360|0|73|1|0|
14|312|270|0|73|1|0|
14|359|360|0|73|1|0|
14|484|480|0|73|1|0|
14|305|300|0|73|1|0|
14|341|330|0|73|1|0|
14|341|330|0|73|1|0|
14|1099|1080|0|73|1|0|
14|295|330|0|73|1|0|
14|343|360|0|73|1|0|
14|342|360|0|73|1|0|
14|351|360|0|73|1|0|
14|356|360|0|73|1|0|
14|357|360|0|73|1|0|
14|303|300|0|73|1|0|
14|347|300|0|73|1|0|
14|355|360|0|73|1|0|
14|346|330|0|75|1|0|
14|305|300|0|73|1|0|
14|303|300|0|73|1|0|
14|347|360|0|73|1|0|
14|348|360|0|73|1|0|
14|349|330|0|73|1|0|
14|342|330|0|75|1|0|
14|346|390|0|75|1|0|
14|350|330|0|75|1|0|
14|354|330|0|75|1|0|
14|349|360|0|75|1|0|
14|348|330|0|75|1|0|
14|352|330|0|75|1|0|
14|459|420|0|75|1|0|
14|346|360|0|75|1|0|
14|366|360|0|75|1|0|
14|357|360|0|73|1|0|
14|349|360|0|73|1|0|
14|571|540|0|73|1|0|
14|332|330|0|73|1|0|
14|351|330|0|73|1|0|
14|348|330|0|73|1|0|
14|315|270|0|73|1|0|
14|352|330|0|73|1|0|
14|361|330|0|73|1|0|
14|351|330|0|73|1|0|
14|355|360|0|73|1|0|
14|346|360|0|75|1|0|
14|345|330|0|73|1|0|
14|349|330|0|73|1|0|
14|351|390|0|73|1|0|
14|302|330|0|73|1|0|
14|301|270|0|73|1|0|
14|347|390|0|73|1|0|
14|303|270|0|73|1|0|
14|346|330|0|73|1|0|
14|369|360|0|73|1|0|
14|342|330|0|75|1|0|
14|346|330|0|73|1|0|
14|297|330|0|73|1|0|
14|331|330|0|73|1|0|
14|343|360|0|73|1|0|
14|351|360|0|73|1|0|
14|354|330|0|73|1|0|
14|339|330|0|73|1|0|
14|348|360|0|73|1|0|
14|356|360|0|75|1|0|
14|324|300|0|75|1|0|
14|349|330|0|73|1|0|
14|349|360|0|73|1|0|
14|347|330|0|73|1|0|
14|355|360|0|73|1|0|
14|309|330|0|73|1|0|
14|357|360|0|73|1|0|
14|354|330|0|75|1|0|
14|259|240|0|73|1|0|
14|345|330|0|73|1|0|
14|301|300|0|73|1|0|
14|345|360|0|73|1|0|
14|343|330|0|73|1|0|
14|340|360|0|73|1|0|
14|345|330|0|73|1|0|
14|345|330|0|73|1|0|
14|338|330|0|73|1|0|
14|344|390|0|73|1|0|
14|349|330|0|73|1|0|
14|347|330|0|73|1|0|
14|349|330|0|73|1|0|
14|299|270|0|73|1|0|
14|342|330|0|73|1|0|
14|347|330|0|73|1|0|
14|341|360|0|75|1|0|
14|297|270|0|75|1|0|
14|342|330|0|75|1|0|
14|304|300|0|75|1|0|
14|307|270|0|75|1|0|
14|348|300|0|75|1|0|
14|352|330|0|75|1|0|
14|350|360|0|75|1|0|
14|398|390|0|75|1|0|
14|342|330|0|75|1|0|
14|349|360|0|75|1|0|
14|341|330|0|73|1|0|
14|306|300|0|75|1|0|
14|353|360|0|73|1|0|
14|355|330|0|73|1|0|
14|355|360|0|73|1|0|
14|352|330|0|73|1|0|
14|353|330|0|73|1|0|
14|353|330|0|73|1|0|
14|357|360|0|73|1|0|
14|393|360|0|73|1|0|
14|346|360|0|75|1|0|
14|351|360|0|73|1|0|
14|342|330|0|73|1|0|
14|339|330|0|73|1|0|
14|351|330|0|73|1|0|
14|341|330|0|73|1|0|
14|343|360|0|73|1|0|
14|336|330|0|73|1|0|
14|348|330|0|75|1|0|
14|296|330|0|75|1|0|
14|414|390|0|73|1|0|
14|299|300|0|73|1|0|
14|530|540|0|73|1|0|
14|295|270|0|73|1|0|
14|353|330|0|75|1|0|
14|306|270|0|75|1|0|
14|356|360|0|75|1|0|
14|300|300|0|75|1|0|
14|338|360|0|75|1|0|
14|340|330|0|75|1|0|
14|342|360|0|75|1|0|
14|348|360|0|75|1|0|
14|341|330|0|75|1|0|
14|298|270|0|75|1|0|
14|348|390|0|75|1|0|
14|340|330|0|75|1|0|
14|342|330|0|75|1|0|
14|346|330|0|75|1|0|
14|298|300|0|75|1|0|
14|332|330|0|73|1|0|
14|425|450|0|73|1|0|
14|299|300|0|73|1|0|
14|301|270|0|73|1|0|
14|301|270|0|73|1|0|
14|346|360|0|73|1|0|
14|344|390|0|73|1|0|
14|341|330|0|73|1|0|
14|295|330|0|73|1|0|
14|349|330|0|73|1|0|
14|343|330|0|73|1|0|
14|886|900|0|73|1|0|
14|432|450|0|73|1|0|
14|351|330|0|73|1|0|
14|307|300|0|73|1|0|
14|338|330|0|73|1|0|
14|361|330|0|73|1|0|
14|305|300|0|73|1|0|
14|304|300|0|73|1|0|
14|303|270|0|73|1|0|
14|303|300|0|73|1|0|
14|345|330|0|73|1|0|
14|359|330|0|73|1|0|
14|310|300|0|73|1|0|
14|303|330|0|73|1|0|
14|647|630|0|73|1|0|
14|340|330|0|73|1|0|
14|298|300|0|73|1|0|
14|302|330|0|73|1|0|
14|299|330|0|73|1|0|
14|337|360|0|73|1|0|
14|371|390|0|73|1|0|
14|347|360|0|73|1|0|
14|340|330|0|73|1|0|
14|332|300|0|73|1|0|
14|323|360|0|73|1|0|
14|352|330|0|73|1|0|
14|339|330|0|73|1|0|
14|345|360|0|73|1|0|
14|345|330|0|73|1|0|
14|343|330|0|73|1|0|
14|299|270|0|73|1|0|
14|344|390|0|73|1|0|
14|342|330|0|73|1|0|
14|337|360|0|73|1|0|
14|305|330|0|73|1|0|
14|311|300|0|73|1|0|
14|309|330|0|73|1|0|
14|309|330|0|75|1|0|
14|301|270|0|75|1|0|
14|327|360|0|75|1|0|
14|302|270|0|75|1|0|
14|308|300|0|75|1|0|
14|345|330|0|75|1|0|
14|781|750|0|75|1|0|
14|340|360|0|75|1|0|
14|348|330|0|75|1|0|
14|296|270|0|75|1|0|
14|302|300|0|75|1|0|
14|338|330|0|75|1|0|
14|348|330|0|75|1|0|
14|342|360|0|75|1|0|
14|344|330|0|75|1|0|
14|337|330|0|75|1|0|
14|346|360|0|75|1|0|
14|306|300|0|75|1|0|
14|342|330|0|75|1|0|
14|376|360|0|75|1|0|
14|307|330|0|75|1|0|
14|351|330|0|75|1|0|
14|346|330|0|75|1|0|
14|530|540|0|75|1|0|
14|346|360|0|75|1|0|
14|310|300|0|75|1|0|
14|300|300|0|75|1|0|
14|344|330|0|75|1|0|
14|351|390|0|75|1|0|
14|342|330|0|75|1|0|
14|322|330|0|75|1|0|
14|302|270|0|75|1|0|
14|354|360|0|75|1|0|
14|346|360|0|75|1|0|
14|350|330|0|75|1|0|
14|296|270|0|75|1|0|
14|308|300|0|75|1|0|
14|338|330|0|75|1|0|
14|348|330|0|75|1|0|
14|341|330|0|73|1|0|
14|347|360|0|73|1|0|
14|335|330|0|73|1|0|
14|340|330|0|75|1|0|
14|353|390|0|75|1|0|
14|355|390|0|75|1|0|
14|348|330|0|75|1|0|
14|396|390|0|75|1|0|
14|346|330|0|75|1|0|
14|338|330|0|75|1|0|
14|346|300|0|75|1|0|
14|305|270|0|73|1|0|
14|304|300|0|75|1|0|
14|296|330|0|75|1|0|
14|303|270|0|75|1|0|
14|344|360|0|75|1|0|
14|338|330|0|75|1|0|
14|324|300|0|75|1|0|
14|338|330|0|75|1|0|
14|1083|1050|0|75|1|0|
14|304|330|0|75|1|0|
14|428|450|0|75|1|0|
14|302|270|0|75|1|0|
14|294|300|0|75|1|0|
14|304|300|0|75|1|0|
14|348|390|0|75|1|0|
14|348|330|0|75|1|0|
14|298|270|0|75|1|0|
14|350|390|0|75|1|0|
14|304|300|0|75|1|0|
14|297|330|0|75|1|0|
14|340|330|0|75|1|0|
14|400|390|0|75|1|0|
14|294|270|0|75|1|0|
14|370|360|0|75|1|0|
14|306|300|0|75|1|0|
14|348|330|0|75|1|0|
14|712|690|0|75|1|0|
14|301|330|0|75|1|0|
14|342|360|0|75|1|0|
14|347|360|0|75|1|0|
14|347|330|0|75|1|0|
14|351|330|0|75|1|0|
14|302|300|0|75|1|0|
14|296|300|0|73|1|0|
14|305|330|0|73|1|0|
14|313|300|0|73|1|0|
14|349|360|0|73|1|0|
14|305|300|0|73|1|0|
14|347|330|0|73|1|0|
14|347|360|0|73|1|0|
14|339|360|0|73|1|0|
14|349|330|0|73|1|0|
14|349|390|0|73|1|0|
14|338|330|0|73|1|0|
14|345|360|0|75|1|0|
14|342|360|0|73|1|0|
14|304|300|0|75|1|0|
14|301|270|0|73|1|0|
14|300|270|0|75|1|0|
14|342|330|0|75|1|0|
14|306|330|0|75|1|0|
14|302|330|0|75|1|0|
14|306|300|0|75|1|0|
14|306|300|0|75|1|0|
14|306|270|0|75|1|0|
14|860|900|0|75|1|0|
14|336|360|0|75|1|0|
14|333|360|0|75|1|0|
14|303|330|0|75|1|0|
14|342|360|0|75|1|0|
14|344|360|0|75|1|0|
14|348|360|0|75|1|0|
14|347|330|0|75|1|0|
14|308|330|0|75|1|0|
14|350|330|0|75|1|0|
14|348|330|0|75|1|0|
14|344|360|0|75|1|0|
14|346|360|0|75|1|0|
14|347|330|0|75|1|0|
14|340|330|0|75|1|0|
14|349|330|0|75|1|0|
14|386|420|0|75|1|0|
14|308|300|0|75|1|0|
14|335|330|0|75|1|0|
14|346|330|0|75|1|0|
14|306|330|0|75|1|0|
14|339|330|0|75|1|0|
14|304|330|0|75|1|0|
14|344|360|0|75|1|0|
14|349|360|0|73|1|0|
14|350|330|0|75|1|0|
14|306|300|0|75|1|0|
14|350|330|0|75|1|0|
14|349|330|0|75|1|0|
14|348|330|0|75|1|0|
14|343|360|0|75|1|0|
14|298|270|0|75|1|0|
14|368|360|0|75|1|0|
14|348|390|0|75|1|0|
14|299|330|0|75|1|0|
14|262|270|0|75|1|0|
14|343|330|0|75|1|0|
14|338|360|0|75|1|0|
14|348|360|0|75|1|0|
14|302|300|0|75|1|0|
14|302|270|0|75|1|0|
14|342|330|0|75|1|0|
14|298|270|0|75|1|0|
14|354|360|0|75|1|0|
14|362|390|0|75|1|0|
14|326|360|0|75|1|0|
14|346|390|0|75|1|0|
14|300|300|0|75|1|0|
14|338|330|0|75|1|0|
14|350|360|0|75|1|0|
14|348|330|0|75|1|0|
14|294|270|0|75|1|0|
14|296|270|0|75|1|0|
14|350|330|0|75|1|0|
14|305|300|0|75|1|0|
14|348|390|0|75|1|0|
14|308|300|0|75|1|0|
14|307|270|0|75|1|0|
14|341|330|0|75|1|0|
14|348|330|0|75|1|0|
14|348|330|0|75|1|0|
14|350|330|0|75|1|0|
14|340|330|0|75|1|0|
14|346|330|0|75|1|0|
14|299|300|0|75|1|0|
14|348|360|0|75|1|0|
14|305|300|0|75|1|0|
14|348|360|0|75|1|0|
14|340|360|0|75|1|0|
14|342|330|0|75|1|0|
14|348|330|0|75|1|0|
14|342|330|0|75|1|0|
14|348|360|0|75|1|0|
14|336|330|0|75|1|0|
14|480|480|0|75|1|0|
14|296|330|0|75|1|0|
14|350|390|0|75|1|0|
14|340|360|0|75|1|0|
14|348|360|0|75|1|0|
14|349|330|0|75|1|0|
14|346|360|0|75|1|0|
14|350|330|0|75|1|0|
14|302|300|0|75|1|0|
14|350|390|0|75|1|0|
14|346|360|0|75|1|0|
14|296|270|0|75|1|0|
14|332|330|0|75|1|0|
14|348|330|0|75|1|0|
14|344|330|0|75|1|0|
14|340|360|0|75|1|0|
14|298|270|0|75|1|0|
14|340|330|0|75|1|0|
14|344|390|0|75|1|0|
14|312|300|0|75|1|0|
14|338|330|0|75|1|0|
14|305|270|0|75|1|0|
14|304|330|0|75|1|0|
14|348|330|0|75|1|0|
14|1108|1140|0|75|1|0|
14|344|330|0|75|1|0|
14|342|330|0|75|1|0|
14|348|330|0|75|1|0|
14|301|270|0|75|1|0|
14|297|300|0|75|1|0|
14|354|360|0|75|1|0|
14|332|360|0|75|1|0|
14|299|330|0|75|1|0|
14|338|330|0|75|1|0|
14|302|330|0|75|1|0|
14|341|360|0|75|1|0|
14|340|300|0|75|1|0|
14|302|300|0|75|1|0|
14|303|300|0|75|1|0|
14|336|330|0|75|1|0|
14|350|360|0|75|1|0|
14|307|300|0|75|1|0|
14|344|360|0|75|1|0|
14|341|360|0|75|1|0|
14|338|330|0|75|1|0|
14|344|360|0|75|1|0|
14|300|300|0|75|1|0|
14|450|450|0|75|1|0|
14|346|330|0|75|1|0|
14|343|330|0|75|1|0|
14|302|300|0|75|1|0|
14|296|330|0|75|1|0|
14|303|270|0|75|1|0|
14|298|270|0|75|1|0|
14|378|390|0|75|1|0|
14|304|330|0|75|1|0|
14|346|360|0|75|1|0|
14|360|390|0|75|1|0|
14|306|300|0|75|1|0|
14|302|300|0|75|1|0|
14|350|360|0|75|1|0|
14|344|330|0|75|1|0|
14|340|330|0|75|1|0|
14|326|360|0|75|1|0|
14|348|330|0|75|1|0|
14|308|300|0|75|1|0|
14|305|270|0|75|1|0|
14|300|330|0|75|1|0|
14|348|330|0|75|1|0|
14|348|330|0|75|1|0|
14|355|360|0|75|1|0|
14|305|270|0|75|1|0|
14|305|330|0|75|1|0|
14|344|330|0|75|1|0|
14|342|360|0|75|1|0|
14|342|330|0|75|1|0|
14|344|360|0|75|1|0|
14|344|330|0|75|1|0|
14|346|390|0|75|1|0|
14|304|330|0|75|1|0|
14|302|330|0|75|1|0|
14|349|330|0|75|1|0|
14|342|360|0|75|1|0|
14|340|360|0|75|1|0|
14|343|330|0|75|1|0|
14|351|330|0|73|1|0|
14|344|330|0|75|1|0|
14|296|270|0|75|1|0|
14|348|330|0|75|1|0|
14|346|390|0|75|1|0|
14|341|330|0|75|1|0|
14|344|330|0|75|1|0|
14|346|360|0|75|1|0|
14|310|300|0|75|1|0|
14|346|330|0|75|1|0|
14|348|360|0|75|1|0|
14|450|480|0|73|1|0|
14|353|330|0|75|1|0|
14|351|360|0|75|1|0|
14|304|300|0|75|1|0|
14|341|330|0|75|1|0|
14|356|360|0|75|1|0|
14|305|330|0|75|1|0|
14|304|270|0|75|1|0|
14|317|300|0|75|1|0|
14|330|300|0|75|1|0|
14|298|300|0|75|1|0|
14|302|300|0|75|1|0|
14|674|690|0|75|1|0|
14|350|330|0|75|1|0|
14|316|300|0|75|1|0|
14|302|270|0|75|1|0|
14|342|330|0|75|1|0|
14|296|300|0|75|1|0|
14|331|330|0|75|1|0|
14|342|330|0|75|1|0|
14|351|390|0|75|1|0|
14|304|270|0|75|1|0|
14|305|300|0|75|1|0|
14|300|330|0|75|1|0|
14|376|390|0|75|1|0|
14|342|360|0|75|1|0|
14|341|330|0|75|1|0|
14|306|270|0|75|1|0|
14|296|270|0|75|1|0|
14|351|390|0|75|1|0|
14|348|360|0|75|1|0|
14|301|300|0|75|1|0|
14|306|270|0|75|1|0|
14|1163|1140|0|75|1|0|
14|344|360|0|75|1|0|
14|461|450|0|75|1|0|
14|359|360|0|75|1|0|
14|312|330|0|75|1|0|
14|347|360|0|75|1|0|
14|340|330|0|75|1|0|
14|442|480|0|75|1|0|
14|334|330|0|75|1|0|
14|456|480|0|75|1|0|
14|304|300|0|75|1|0|
14|356|360|0|75|1|0|
14|346|360|0|75|1|0|
14|346|330|0|75|1|0|
14|304|330|0|75|1|0|
14|302|330|0|75|1|0|
14|339|360|0|75|1|0|
14|342|330|0|75|1|0|
14|330|300|0|75|1|0|
14|304|330|0|75|1|0|
14|300|300|0|75|1|0|
14|346|330|0|75|1|0|
14|348|330|0|75|1|0|
14|304|330|0|75|1|0|
14|334|360|0|75|1|0|
14|298|330|0|75|1|0|
14|350|330|0|75|1|0|
14|338|300|0|75|1|0|
14|346|330|0|75|1|0|
14|348|360|0|75|1|0|
14|357|330|0|75|1|0|
14|344|330|0|75|1|0|
14|304|330|0|75|1|0|
14|307|330|0|75|1|0|
14|693|690|0|75|1|0|
14|350|330|0|75|1|0|
14|294|300|0|75|1|0|
14|298|300|0|75|1|0|
14|304|270|0|75|1|0|
14|300|270|0|75|1|0|
14|894|930|0|75|1|0|
14|444|420|0|75|1|0|
14|348|330|0|75|1|0|
14|349|390|0|75|1|0|
14|341|330|0|75|1|0|
14|342|330|0|75|1|0|
14|879|840|0|75|1|0|
14|442|420|0|75|1|0|
14|354|330|0|75|1|0|
14|342|330|0|75|1|0|
14|425|390|0|73|1|0|
14|342|330|0|75|1|0|
14|340|330|0|75|1|0|
14|344|360|0|75|1|0|
14|310|300|0|75|1|0|
14|344|360|0|75|1|0|
14|374|360|0|75|1|0|
14|343|330|0|75|1|0|
14|304|330|0|75|1|0|
14|342|360|0|75|1|0|
14|348|330|0|75|1|0|
14|300|300|0|75|1|0|
14|305|300|0|75|1|0|
14|345|360|0|75|1|0|
14|306|270|0|75|1|0|
14|348|360|0|75|1|0|
14|348|360|0|75|1|0|
14|679|660|0|75|1|0|
14|304|270|0|75|1|0|
14|414|390|0|75|1|0|
14|348|330|0|75|1|0|
14|344|360|0|75|1|0|
14|305|300|0|75|1|0|
14|304|300|0|75|1|0|
14|448|450|0|75|1|0|
14|350|330|0|75|1|0|
14|300|270|0|75|1|0|
14|305|330|0|75|1|0|
14|346|360|0|75|1|0|
14|346|390|0|75|1|0|
14|302|300|0|75|1|0|
14|350|330|0|75|1|0|
14|348|330|0|75|1|0|
14|320|360|0|75|1|0|
14|302|300|0|75|1|0|
14|342|330|0|75|1|0|
14|312|330|0|75|1|0|
14|348|360|0|75|1|0|
14|301|300|0|75|1|0|
14|302|270|0|75|1|0|
14|330|330|0|73|1|0|
14|303|330|0|75|1|0|
14|428|420|0|75|1|0|
14|347|330|0|75|1|0|
14|342|360|0|75|1|0|
14|304|330|0|75|1|0|
14|310|300|0|75|1|0|
14|347|330|0|75|1|0|
14|347|330|0|75|1|0|
14|354|330|0|75|1|0|
14|344|330|0|75|1|0|
14|338|300|0|75|1|0|
14|329|330|0|75|1|0|
14|302|330|0|75|1|0|
14|350|360|0|75|1|0|
14|351|330|0|75|1|0|
14|328|300|0|75|1|0|
14|342|330|0|75|1|0|
14|307|330|0|75|1|0|
14|336|330|0|75|1|0|
14|296|330|0|75|1|0|
14|350|390|0|75|1|0|
14|316|300|0|75|1|0|
14|342|330|0|75|1|0|
14|304|270|0|75|1|0|
14|348|390|0|75|1|0|
14|348|330|0|75|1|0|
14|339|330|0|75|1|0|
14|344|360|0|75|1|0|
14|348|360|0|75|1|0|
14|346|360|0|75|1|0|
14|353|330|0|75|1|0|
14|350|330|0|75|1|0|
14|336|360|0|75|1|0|
14|343|330|0|75|1|0|
14|303|270|0|75|1|0|
14|302|300|0|75|1|0|
14|347|390|0|75|1|0|
14|343|330|0|75|1|0|
14|301|300|0|73|1|0|
14|446|450|0|75|1|0|
14|349|330|0|75|1|0|
14|342|330|0|75|1|0|
14|335|330|0|75|1|0|
14|350|330|0|75|1|0|
14|348|390|0|75|1|0|
14|302|270|0|75|1|0|
14|348|390|0|75|1|0|
14|357|390|0|75|1|0|
14|1180|1200|0|75|1|0|
14|345|330|0|75|1|0|
14|302|330|0|75|1|0|
14|350|330|0|75|1|0|
14|344|360|0|75|1|0|
14|348|330|0|75|1|0|
14|340|330|0|75|1|0|
14|338|330|0|75|1|0|
14|347|390|0|75|1|0|
14|350|360|0|75|1|0|
14|304|330|0|75|1|0|
14|346|330|0|75|1|0|
14|296|300|0|75|1|0|
14|296|300|0|75|1|0|
14|350|360|0|75|1|0|
14|343|360|0|75|1|0|
14|302|330|0|75|1|0|
14|302|300|0|75|1|0|
14|348|390|0|75|1|0|
14|344|360|0|75|1|0|
14|296|330|0|75|1|0|
14|341|330|0|75|1|0|
14|340|300|0|75|1|0|
14|294|270|0|75|1|0|
14|348|330|0|75|1|0|
14|344|360|0|75|1|0|
14|306|300|0|75|1|0|
14|302|270|0|75|1|0|
14|328|330|0|75|1|0|
14|297|270|0|75|1|0|
14|347|330|0|75|1|0|
14|306|300|0|75|1|0|
14|307|270|0|75|1|0|
14|299|330|0|75|1|0|
14|336|330|0|75|1|0|
14|348|330|0|75|1|0|
14|348|330|0|75|1|0|
14|342|360|0|75|1|0|
14|344|330|0|75|1|0|
14|343|360|0|75|1|0|
14|330|360|0|75|1|0|
14|342|330|0|75|1|0|
14|344|330|0|75|1|0|
14|304|300|0|75|1|0|
14|456|480|0|75|1|0|
14|342|330|0|75|1|0|
14|306|330|0|75|1|0|
14|335|330|0|75|1|0|
14|351|390|0|75|1|0|
14|1082|1050|0|75|1|0|
14|340|360|0|75|1|0|
14|348|330|0|75|1|0|
14|340|330|0|75|1|0|
14|432|420|0|75|1|0|
14|337|330|0|75|1|0|
14|310|300|0|75|1|0|
14|348|360|0|75|1|0|
14|334|300|0|75|1|0|
14|332|300|0|75|1|0|
14|301|300|0|75|1|0|
14|354|330|0|75|1|0|
14|297|330|0|75|1|0|
14|339|330|0|73|1|0|
14|352|330|0|75|1|0|
14|314|330|0|75|1|0|
14|343|330|0|75|1|0|
14|337|330|0|73|1|0|
14|438|420|0|75|1|0|
14|305|270|0|75|1|0|
14|338|360|0|75|1|0|
14|350|330|0|75|1|0|
14|308|300|0|75|1|0|
14|308|300|0|75|1|0|
14|302|330|0|75|1|0|
14|1010|990|0|75|1|0|
14|345|330|0|75|1|0|
14|340|330|0|75|1|0|
14|302|330|0|75|1|0|
14|304|300|0|75|1|0|
14|306|300|0|75|1|0|
14|342|330|0|75|1|0|
14|296|330|0|75|1|0|
14|325|300|0|75|1|0|
14|305|300|0|75|1|0|
14|339|300|0|75|1|0|
14|348|330|0|75|1|0|
14|304|330|0|75|1|0|
14|334|360|0|75|1|0|
14|346|330|0|75|1|0|
14|347|360|0|75|1|0|
14|347|360|0|75|1|0|
14|340|360|0|75|1|0|
14|348|360|0|75|1|0|
14|315|300|0|75|1|0|
14|368|360|0|75|1|0|
14|302|270|0|75|1|0|
14|374|360|0|75|1|0|
14|648|690|0|75|1|0|
14|336|330|0|75|1|0|
14|344|360|0|75|1|0|
14|340|330|0|75|1|0|
14|302|300|0|75|1|0|
14|304|300|0|75|1|0|
14|342|330|0|75|1|0|
14|347|330|0|75|1|0|
14|348|330|0|75|1|0|
14|296|270|0|75|1|0|
14|344|330|0|75|1|0|
14|345|360|0|75|1|0|
14|348|330|0|75|1|0|
14|341|330|0|75|1|0|
14|302|300|0|75|1|0|
14|306|330|0|75|1|0|
14|338|300|0|75|1|0|
14|341|330|0|75|1|0|
14|343|330|0|75|1|0|
14|321|300|0|75|1|0|
14|352|330|0|75|1|0|
14|344|330|0|75|1|0|
14|318|330|0|75|1|0|
14|296|270|0|75|1|0|
14|346|360|0|75|1|0|
14|294|270|0|75|1|0|
14|344|330|0|75|1|0|
14|306|300|0|75|1|0|
14|351|360|0|73|1|0|
14|303|300|0|75|1|0|
14|356|360|0|75|1|0|
14|308|300|0|75|1|0|
14|336|300|0|75|1|0|
14|416|390|0|75|1|0|
14|302|300|0|75|1|0|
