INSTRUCTIONS_RETIRED|CYCLES|UNKNOWN|LD_BLOCKS.STORE_FORWARD|UOPS_EXECUTED.CORE|BR_MISP_RETIRED.ALL_BRANCHES|UOPS_ISSUED.SLOW_LEA|
13|617|384|0|361|1|32|
13|615|384|0|363|1|32|
13|409|192|0|350|1|57|
13|391|192|0|113|1|31|
13|404|192|0|113|1|31|
13|414|192|0|113|1|31|
13|583|288|0|363|1|32|
13|1292|672|0|113|1|31|
13|606|288|0|361|1|32|
13|576|288|0|363|1|32|
13|388|192|0|113|1|31|
13|764|384|0|113|1|31|
13|391|192|0|113|1|31|
13|409|192|0|113|1|31|
13|398|192|0|113|1|31|
13|411|192|0|113|1|31|
13|395|192|0|113|1|31|
13|407|192|0|113|1|31|
13|407|192|0|113|1|31|
13|404|192|0|113|1|31|
13|606|288|0|362|1|32|
13|606|288|0|360|1|32|
13|607|288|0|363|1|32|
13|394|192|0|113|1|31|
13|391|192|0|113|1|31|
13|386|192|0|113|1|31|
13|411|192|0|113|1|31|
13|398|288|0|113|1|31|
13|410|192|0|113|1|31|
13|390|192|0|344|1|57|
13|393|192|0|113|1|31|
13|388|192|0|113|1|31|
13|401|192|0|113|1|31|
13|395|192|0|346|1|57|
13|618|288|0|363|1|32|
13|411|192|0|113|1|31|
13|391|192|0|113|1|31|
13|404|192|0|113|1|31|
13|387|192|0|113|1|31|
13|405|192|0|113|1|31|
13|385|192|0|111|1|31|
13|398|288|0|113|1|31|
13|603|384|0|361|1|32|
13|615|288|0|359|1|32|
13|403|192|0|113|1|31|
13|394|192|0|113|1|31|
13|594|288|0|361|1|32|
13|393|192|0|113|1|31|
13|394|192|0|113|1|31|
13|394|192|0|113|1|31|
13|402|192|0|113|1|31|
13|385|192|0|113|1|31|
13|611|288|0|363|1|32|
13|390|192|0|113|1|31|
13|393|192|0|113|1|31|
13|398|192|0|113|1|31|
13|397|192|0|112|1|31|
13|390|192|0|113|1|31|
13|617|384|0|365|1|32|
13|400|192|0|347|1|57|
13|410|192|0|113|1|31|
13|388|192|0|113|1|31|
13|409|192|0|350|1|57|
13|413|288|0|113|1|31|
13|406|192|0|113|1|31|
13|387|192|0|113|1|31|
13|389|288|0|113|1|31|
13|398|288|0|109|1|31|
13|611|288|0|362|1|32|
13|616|384|0|362|1|32|
13|405|192|0|113|1|31|
13|401|192|0|113|1|31|
13|619|288|0|361|1|32|
13|403|192|0|349|1|57|
13|394|192|0|113|1|31|
13|415|192|0|113|1|31|
13|367|192|0|113|1|31|
13|400|192|0|113|1|31|
13|388|192|0|113|1|31|
13|379|96|0|113|1|31|
13|411|192|0|113|1|31|
13|393|192|0|113|1|31|
13|408|192|0|113|1|31|
13|394|288|0|113|1|31|
13|395|192|0|113|1|31|
13|406|192|0|113|1|31|
13|408|192|0|113|1|31|
13|398|192|0|113|1|31|
13|389|192|0|113|1|31|
13|404|288|0|113|1|31|
13|395|192|0|113|1|31|
13|390|288|0|113|1|31|
13|399|192|0|113|1|31|
13|394|192|0|113|1|31|
13|403|192|0|113|1|31|
13|404|192|0|113|1|31|
13|398|192|0|113|1|31|
13|405|288|0|113|1|31|
13|407|192|0|113|1|31|
13|390|192|0|113|1|31|
13|399|288|0|113|1|31|
13|392|192|0|111|1|31|
13|385|192|0|113|1|31|
13|387|192|0|113|1|31|
13|391|192|0|113|1|31|
13|387|192|0|113|1|31|
13|406|192|0|113|1|31|
13|389|192|0|113|1|31|
13|390|192|0|113|1|31|
13|389|192|0|109|1|31|
13|386|192|0|113|1|31|
13|384|192|0|113|1|31|
13|387|192|0|113|1|31|
13|412|192|0|113|1|31|
13|401|192|0|113|1|31|
13|412|192|0|113|1|31|
13|390|192|0|113|1|31|
13|384|192|0|111|1|31|
13|410|192|0|113|1|31|
13|395|192|0|111|1|31|
13|397|288|0|113|1|31|
13|398|192|0|113|1|31|
13|389|192|0|113|1|31|
13|411|192|0|113|1|31|
13|392|192|0|113|1|31|
13|406|288|0|113|1|31|
13|394|192|0|113|1|31|
13|405|192|0|113|1|31|
13|388|192|0|113|1|31|
13|400|192|0|113|1|31|
13|404|192|0|113|1|31|
13|401|192|0|113|1|31|
13|395|288|0|113|1|31|
13|405|192|0|113|1|31|
13|989|480|0|113|1|31|
13|390|192|0|111|1|31|
13|406|192|0|113|1|31|
13|405|192|0|113|1|31|
13|402|288|0|113|1|31|
13|394|192|0|111|1|31|
13|406|192|0|113|1|31|
13|408|192|0|113|1|31|
13|390|192|0|113|1|31|
13|393|192|0|113|1|31|
13|392|192|0|113|1|31|
13|398|192|0|111|1|31|
13|410|192|0|113|1|31|
13|402|192|0|113|1|31|
13|360|96|0|113|1|31|
13|404|192|0|113|1|31|
13|352|192|0|331|1|57|
13|380|192|0|113|1|31|
13|395|192|0|113|1|31|
13|619|288|0|362|1|32|
13|402|192|0|113|1|31|
13|393|192|0|113|1|31|
13|619|384|0|366|1|32|
13|392|192|0|113|1|31|
13|391|192|0|113|1|31|
13|405|192|0|113|1|31|
13|391|192|0|113|1|31|
13|396|192|0|113|1|31|
13|406|192|0|113|1|31|
13|396|288|0|113|1|31|
13|396|192|0|113|1|31|
13|406|192|0|113|1|31|
13|400|192|0|113|1|31|
13|399|192|0|113|1|31|
13|395|192|0|113|1|31|
13|393|192|0|113|1|31|
13|679|480|0|113|1|31|
13|408|288|0|113|1|31|
13|404|192|0|113|1|31|
13|415|192|0|113|1|31|
13|391|192|0|113|1|31|
13|600|288|0|361|1|32|
13|399|192|0|346|1|57|
13|399|192|0|113|1|31|
13|395|192|0|113|1|31|
13|391|192|0|113|1|31|
13|393|192|0|113|1|31|
13|402|192|0|113|1|31|
13|397|288|0|113|1|31|
13|410|192|0|113|1|31|
13|401|192|0|113|1|31|
13|659|384|0|113|1|31|
13|410|192|0|113|1|31|
13|609|288|0|362|1|32|
13|409|192|0|113|1|31|
13|396|192|0|113|1|31|
13|611|288|0|363|1|32|
13|624|384|0|363|1|32|
13|396|192|0|113|1|31|
13|412|288|0|113|1|31|
13|391|288|0|113|1|31|
13|386|192|0|113|1|31|
13|397|192|0|348|1|57|
13|391|192|0|113|1|31|
13|393|192|0|113|1|31|
13|551|288|0|113|1|31|
13|1581|768|0|113|1|31|
13|400|192|0|348|1|57|
13|392|288|0|113|1|31|
13|390|192|0|113|1|31|
13|383|192|0|113|1|31|
13|391|192|0|113|1|31|
13|390|192|0|113|1|31|
13|612|288|0|361|1|32|
13|414|288|0|350|1|57|
13|385|192|0|113|1|31|
13|392|192|0|113|1|31|
13|369|192|0|113|1|31|
13|616|288|0|363|1|32|
13|415|192|0|348|1|55|
13|404|192|0|113|1|31|
13|406|192|0|113|1|31|
13|394|192|0|111|1|31|
13|406|192|0|113|1|31|
13|626|384|0|364|1|32|
13|613|288|0|361|1|32|
13|412|192|0|347|1|57|
13|400|192|0|113|1|31|
13|394|192|0|113|1|31|
13|411|192|0|113|1|31|
13|395|192|0|113|1|31|
13|394|192|0|113|1|31|
13|1713|960|0|113|1|31|
13|746|384|0|442|1|72|
13|355|192|0|113|1|31|
13|391|192|0|346|1|53|
13|386|192|0|113|1|31|
13|1577|864|0|113|1|31|
13|1426|768|0|113|1|31|
13|405|192|0|348|1|53|
13|389|192|0|343|1|57|
13|394|192|0|113|1|31|
13|408|288|0|113|1|31|
13|393|192|0|113|1|31|
13|415|192|0|350|1|57|
13|392|192|0|113|1|31|
13|410|192|0|113|1|31|
13|603|288|0|363|1|32|
13|408|192|0|113|1|31|
13|393|192|0|113|1|31|
13|396|192|0|113|1|31|
13|394|192|0|113|1|31|
13|396|288|0|113|1|31|
13|620|384|0|361|1|32|
13|394|192|0|113|1|31|
13|407|192|0|113|1|31|
13|394|288|0|113|1|31|
13|393|192|0|113|1|31|
13|406|192|0|111|1|31|
13|393|192|0|113|1|31|
13|396|192|0|113|1|31|
13|413|288|0|349|1|57|
13|395|192|0|113|1|31|
13|415|192|0|113|1|31|
13|392|192|0|113|1|31|
13|397|192|0|113|1|31|
13|612|288|0|364|1|32|
13|1412|672|0|113|1|31|
13|393|192|0|113|1|31|
13|410|192|0|113|1|31|
13|395|192|0|113|1|31|
13|1249|672|0|113|1|31|
13|395|192|0|113|1|31|
13|407|192|0|113|1|31|
13|391|192|0|113|1|31|
13|393|192|0|113|1|31|
13|621|384|0|362|1|32|
13|404|192|0|113|1|31|
13|398|192|0|113|1|31|
13|625|384|0|362|1|32|
13|396|192|0|113|1|31|
13|400|288|0|349|1|57|
13|391|192|0|113|1|31|
13|392|192|0|113|1|31|
13|399|192|0|113|1|31|
13|390|288|0|113|1|31|
13|400|192|0|348|1|55|
13|412|288|0|113|1|31|
13|397|192|0|113|1|31|
13|406|192|0|113|1|31|
13|609|384|0|361|1|32|
13|405|192|0|349|1|57|
13|394|192|0|113|1|31|
13|410|288|0|113|1|31|
13|405|192|0|113|1|31|
13|396|192|0|347|1|55|
13|402|192|0|113|1|31|
13|412|288|0|113|1|31|
13|615|384|0|360|1|32|
13|402|192|0|113|1|31|
13|395|192|0|113|1|31|
13|395|192|0|346|1|57|
13|411|192|0|113|1|31|
13|394|192|0|113|1|31|
13|402|192|0|113|1|31|
13|603|288|0|362|1|32|
13|409|288|0|113|1|31|
13|390|192|0|113|1|31|
13|715|384|0|113|1|31|
13|1617|864|0|113|1|31|
13|383|192|0|113|1|31|
13|413|192|0|239|1|30|
13|384|192|0|113|1|31|
13|611|288|0|363|1|32|
13|602|384|0|364|1|32|
13|608|288|0|362|1|32|
13|395|288|0|111|1|31|
13|409|192|0|113|1|31|
13|408|192|0|113|1|31|
13|396|192|0|113|1|31|
13|410|192|0|349|1|57|
13|402|192|0|348|1|57|
13|407|192|0|113|1|31|
13|389|192|0|113|1|31|
13|393|192|0|113|1|31|
13|405|192|0|113|1|31|
13|404|192|0|346|1|53|
13|395|192|0|113|1|31|
13|370|192|0|113|1|31|
13|388|192|0|113|1|31|
13|402|192|0|349|1|57|
13|1051|576|0|363|1|32|
13|410|192|0|113|1|31|
13|1852|960|0|113|1|31|
13|386|192|0|111|1|31|
13|398|192|0|113|1|31|
13|397|192|0|113|1|31|
13|597|288|0|362|1|32|
13|417|192|0|348|1|55|
13|392|192|0|113|1|31|
13|396|192|0|113|1|31|
13|393|192|0|113|1|31|
13|391|192|0|113|1|31|
13|393|192|0|113|1|31|
13|407|192|0|113|1|31|
13|391|192|0|113|1|31|
13|393|192|0|113|1|31|
13|403|192|0|113|1|31|
13|1342|672|0|113|1|31|
13|392|192|0|113|1|31|
13|403|192|0|113|1|31|
13|412|192|0|111|1|31|
13|406|288|0|350|1|53|
13|410|192|0|113|1|31|
13|400|192|0|113|1|31|
13|408|288|0|113|1|31|
13|411|192|0|113|1|31|
13|397|192|0|113|1|31|
13|415|192|0|350|1|55|
13|406|192|0|113|1|31|
13|396|288|0|113|1|31|
13|407|192|0|113|1|31|
13|409|192|0|113|1|31|
13|615|288|0|362|1|32|
13|397|192|0|113|1|31|
13|398|192|0|113|1|31|
13|390|192|0|113|1|31|
13|403|192|0|113|1|31|
13|410|192|0|111|1|31|
13|399|192|0|113|1|31|
13|413|192|0|113|1|31|
13|620|288|0|364|1|32|
13|412|192|0|113|1|31|
13|407|192|0|113|1|31|
13|388|192|0|111|1|31|
13|407|192|0|113|1|31|
13|389|192|0|113|1|31|
13|603|288|0|361|1|32|
13|410|192|0|113|1|31|
13|393|192|0|113|1|31|
13|384|192|0|113|1|31|
13|409|192|0|113|1|31|
13|412|288|0|113|1|31|
13|375|192|0|113|1|31|
13|401|288|0|113|1|31|
13|1956|1056|0|113|1|31|
13|403|288|0|113|1|31|
13|393|192|0|113|1|31|
13|390|192|0|113|1|31|
13|392|192|0|113|1|31|
13|408|192|0|113|1|31|
13|387|192|0|113|1|31|
13|410|192|0|113|1|31|
13|391|192|0|113|1|31|
13|411|192|0|113|1|31|
13|400|192|0|113|1|31|
13|402|192|0|113|1|31|
13|615|288|0|362|1|32|
13|408|192|0|113|1|31|
13|596|288|0|361|1|32|
13|623|288|0|361|1|32|
13|612|384|0|365|1|32|
13|387|192|0|113|1|31|
13|397|192|0|113|1|31|
13|385|192|0|113|1|31|
13|624|384|0|362|1|32|
13|597|288|0|361|1|32|
13|398|192|0|113|1|31|
13|407|288|0|113|1|31|
13|383|192|0|111|1|31|
13|401|192|0|113|1|31|
13|630|384|0|113|1|31|
13|400|288|0|113|1|31|
13|395|192|0|111|1|31|
13|601|288|0|360|1|32|
13|402|192|0|348|1|57|
13|404|192|0|349|1|57|
13|600|288|0|363|1|32|
13|608|288|0|361|1|32|
13|402|192|0|113|1|31|
13|392|192|0|113|1|31|
13|400|192|0|113|1|31|
13|414|192|0|113|1|31|
13|396|192|0|113|1|31|
13|416|192|0|113|1|31|
13|389|192|0|113|1|31|
13|397|192|0|113|1|31|
13|393|192|0|113|1|31|
13|626|288|0|364|1|32|
13|606|288|0|360|1|32|
13|423|192|0|277|1|31|
13|387|192|0|113|1|31|
13|588|384|0|113|1|31|
13|388|192|0|113|1|31|
13|410|192|0|113|1|31|
13|385|192|0|113|1|31|
13|384|192|0|113|1|31|
13|404|192|0|113|1|31|
13|389|192|0|113|1|31|
13|407|288|0|113|1|31|
13|405|192|0|113|1|31|
13|598|288|0|361|1|32|
13|392|288|0|113|1|31|
13|412|192|0|113|1|31|
13|849|384|0|113|1|31|
13|411|288|0|113|1|31|
13|391|192|0|113|1|31|
13|377|192|0|112|1|31|
13|391|192|0|113|1|31|
13|390|192|0|113|1|31|
13|402|192|0|113|1|31|
13|406|192|0|113|1|31|
13|395|288|0|113|1|31|
13|399|192|0|113|1|31|
13|393|192|0|113|1|31|
13|407|192|0|113|1|31|
13|390|192|0|111|1|31|
13|401|192|0|113|1|31|
13|394|192|0|113|1|31|
13|398|192|0|113|1|31|
13|394|192|0|113|1|31|
13|398|192|0|113|1|31|
13|393|192|0|113|1|31|
13|388|192|0|113|1|31|
13|1036|576|0|113|1|31|
13|387|192|0|113|1|31|
13|391|192|0|113|1|31|
13|407|192|0|113|1|31|
13|386|192|0|113|1|31|
13|410|192|0|113|1|31|
13|402|192|0|113|1|31|
13|388|192|0|113|1|31|
13|407|288|0|113|1|31|
13|414|192|0|113|1|31|
13|408|192|0|113|1|31|
13|413|192|0|113|1|31|
13|390|192|0|113|1|31|
13|398|192|0|113|1|31|
13|390|192|0|113|1|31|
13|404|192|0|113|1|31|
13|394|288|0|113|1|31|
13|408|192|0|113|1|31|
13|392|192|0|111|1|31|
13|406|192|0|113|1|31|
13|412|192|0|113|1|31|
13|396|192|0|113|1|31|
13|390|192|0|113|1|31|
13|413|192|0|113|1|31|
13|392|192|0|113|1|31|
13|1296|672|0|113|1|31|
13|397|288|0|113|1|31|
13|389|288|0|113|1|31|
13|389|288|0|113|1|31|
13|385|192|0|113|1|31|
13|395|192|0|113|1|31|
13|405|192|0|113|1|31|
13|391|192|0|113|1|31|
13|400|192|0|113|1|31|
13|386|192|0|113|1|31|
13|407|192|0|113|1|31|
13|391|192|0|113|1|31|
13|391|192|0|113|1|31|
13|395|192|0|113|1|31|
13|396|192|0|113|1|31|
13|397|288|0|113|1|31|
13|397|192|0|113|1|31|
13|399|288|0|113|1|31|
13|393|192|0|113|1|31|
13|392|192|0|346|1|57|
13|404|192|0|349|1|53|
13|390|192|0|113|1|31|
13|415|192|0|113|1|31|
13|395|192|0|113|1|31|
13|394|192|0|113|1|31|
13|396|192|0|113|1|31|
13|599|288|0|363|1|32|
13|394|192|0|345|1|55|
13|391|192|0|113|1|31|
13|399|192|0|113|1|31|
13|396|288|0|113|1|31|
13|395|192|0|113|1|31|
13|382|192|0|113|1|31|
13|408|192|0|113|1|31|
13|392|192|0|113|1|31|
13|409|192|0|113|1|31|
13|405|192|0|111|1|31|
13|1614|864|0|113|1|31|
13|401|192|0|113|1|31|
13|410|288|0|113|1|31|
13|390|192|0|113|1|31|
13|404|192|0|113|1|31|
13|388|192|0|113|1|31|
13|404|192|0|111|1|31|
13|395|192|0|113|1|31|
13|406|192|0|113|1|31|
13|394|192|0|113|1|31|
13|410|192|0|113|1|31|
13|404|192|0|113|1|31|
13|390|192|0|113|1|31|
13|401|288|0|113|1|31|
13|396|192|0|113|1|31|
13|397|192|0|113|1|31|
13|400|288|0|346|1|57|
13|397|192|0|113|1|31|
13|395|192|0|113|1|31|
13|405|192|0|113|1|31|
13|414|192|0|351|1|57|
13|412|192|0|349|1|57|
13|391|192|0|113|1|31|
13|396|192|0|113|1|31|
13|395|192|0|113|1|31|
13|722|384|0|363|1|32|
13|396|192|0|113|1|31|
13|397|192|0|350|1|57|
13|395|192|0|113|1|31|
13|390|192|0|111|1|31|
13|395|192|0|113|1|31|
13|401|192|0|113|1|31|
13|399|192|0|347|1|57|
13|399|288|0|113|1|31|
13|392|192|0|113|1|31|
13|411|288|0|113|1|31|
13|462|288|0|111|1|31|
13|399|192|0|113|1|31|
13|612|288|0|360|1|32|
13|402|192|0|113|1|31|
13|412|192|0|113|1|31|
13|406|192|0|113|1|31|
13|391|192|0|113|1|31|
13|412|288|0|113|1|31|
13|409|192|0|350|1|57|
13|414|192|0|349|1|57|
13|413|288|0|113|1|31|
13|404|192|0|111|1|31|
13|395|192|0|113|1|31|
13|378|288|0|113|1|31|
13|394|192|0|113|1|31|
13|379|192|0|111|1|31|
13|1193|576|0|113|1|31|
13|396|192|0|113|1|31|
13|399|192|0|351|1|57|
13|411|192|0|113|1|31|
13|395|192|0|113|1|31|
13|395|288|0|113|1|31|
13|395|192|0|113|1|31|
13|412|192|0|113|1|31|
13|393|192|0|111|1|31|
13|392|192|0|113|1|31|
13|395|192|0|113|1|31|
13|392|192|0|113|1|31|
13|604|288|0|363|1|32|
13|394|192|0|113|1|31|
13|392|288|0|113|1|31|
13|400|192|0|348|1|57|
13|411|192|0|113|1|31|
13|608|288|0|361|1|32|
13|1069|576|0|113|1|31|
13|385|192|0|111|1|31|
13|396|192|0|113|1|31|
13|387|192|0|113|1|31|
13|608|384|0|363|1|32|
13|602|288|0|363|1|32|
13|607|384|0|363|1|32|
13|394|288|0|113|1|31|
13|398|192|0|113|1|31|
13|395|192|0|113|1|31|
13|606|288|0|363|1|32|
13|386|192|0|113|1|31|
13|390|192|0|113|1|31|
13|387|192|0|113|1|31|
13|392|192|0|113|1|31|
13|408|192|0|113|1|31|
13|627|288|0|363|1|32|
13|408|192|0|113|1|31|
13|414|288|0|113|1|31|
13|409|288|0|113|1|31|
13|403|192|0|113|1|31|
13|397|192|0|113|1|31|
13|402|192|0|113|1|31|
13|410|192|0|113|1|31|
13|407|192|0|113|1|31|
13|616|288|0|363|1|32|
13|412|288|0|349|1|57|
13|629|288|0|363|1|32|
13|410|192|0|350|1|57|
13|397|192|0|113|1|31|
13|408|192|0|113|1|31|
13|392|192|0|113|1|31|
13|390|192|0|113|1|31|
13|1002|480|0|113|1|31|
13|392|192|0|113|1|31|
13|391|192|0|113|1|31|
13|391|192|0|113|1|31|
13|1356|672|0|113|1|31|
13|391|192|0|113|1|31|
13|407|192|0|113|1|31|
13|405|288|0|113|1|31|
13|408|192|0|113|1|31|
13|406|192|0|113|1|31|
13|397|192|0|111|1|31|
13|405|192|0|113|1|31|
13|397|192|0|113|1|31|
13|396|192|0|113|1|31|
13|397|192|0|113|1|31|
13|398|192|0|113|1|31|
13|394|192|0|113|1|31|
13|394|288|0|113|1|31|
13|394|192|0|113|1|31|
13|372|192|0|113|1|31|
13|395|192|0|113|1|31|
13|394|192|0|113|1|31|
13|410|288|0|113|1|31|
13|395|192|0|113|1|31|
13|386|192|0|113|1|31|
13|406|192|0|113|1|31|
13|402|192|0|113|1|31|
13|405|192|0|113|1|31|
13|402|288|0|113|1|31|
13|410|192|0|113|1|31|
13|402|192|0|113|1|31|
13|391|288|0|113|1|31|
13|399|192|0|111|1|31|
13|381|192|0|113|1|31|
13|391|192|0|113|1|31|
13|397|288|0|113|1|31|
13|387|192|0|113|1|31|
13|391|192|0|113|1|31|
13|406|288|0|113|1|31|
13|401|192|0|113|1|31|
13|403|288|0|113|1|31|
13|389|192|0|113|1|31|
13|408|192|0|113|1|31|
13|399|192|0|113|1|31|
13|405|192|0|113|1|31|
13|400|192|0|113|1|31|
13|394|192|0|113|1|31|
13|401|288|0|113|1|31|
13|379|192|0|113|1|31|
13|390|192|0|113|1|31|
13|387|192|0|113|1|31|
13|1872|864|0|113|1|31|
13|391|192|0|113|1|31|
13|401|192|0|113|1|31|
13|389|192|0|113|1|31|
13|398|288|0|113|1|31|
13|388|192|0|113|1|31|
13|409|192|0|113|1|31|
13|398|192|0|113|1|31|
13|410|288|0|113|1|31|
13|409|288|0|113|1|31|
13|403|192|0|113|1|31|
13|389|192|0|113|1|31|
13|402|192|0|113|1|31|
13|395|288|0|113|1|31|
13|395|192|0|113|1|31|
13|410|288|0|113|1|31|
13|369|288|0|113|1|31|
13|409|192|0|113|1|31|
13|440|192|0|113|1|31|
13|411|288|0|113|1|31|
13|394|192|0|113|1|31|
13|386|288|0|113|1|31|
13|398|288|0|113|1|31|
13|401|288|0|113|1|31|
13|411|192|0|113|1|31|
13|398|192|0|113|1|31|
13|410|192|0|113|1|31|
13|412|192|0|113|1|31|
13|384|192|0|111|1|31|
13|414|192|0|113|1|31|
13|389|288|0|113|1|31|
13|410|192|0|113|1|31|
13|387|192|0|113|1|31|
13|406|192|0|113|1|31|
13|388|192|0|113|1|31|
13|408|288|0|113|1|31|
13|394|192|0|113|1|31|
13|403|192|0|113|1|31|
13|392|192|0|113|1|31|
13|391|192|0|113|1|31|
13|390|192|0|109|1|31|
13|386|192|0|113|1|31|
13|391|192|0|113|1|31|
13|384|288|0|113|1|31|
13|640|384|0|113|1|31|
13|389|192|0|123|1|31|
13|410|192|0|113|1|31|
13|401|192|0|113|1|31|
13|403|192|0|113|1|31|
13|385|288|0|113|1|31|
13|375|192|0|109|1|31|
13|400|288|0|111|1|31|
13|382|192|0|113|1|31|
13|396|192|0|113|1|31|
13|404|288|0|113|1|31|
13|398|288|0|113|1|31|
13|401|192|0|113|1|31|
13|401|192|0|113|1|31|
13|393|192|0|113|1|31|
13|402|288|0|113|1|31|
13|393|192|0|113|1|31|
13|404|192|0|113|1|31|
13|404|192|0|113|1|31|
13|401|288|0|113|1|31|
13|401|192|0|113|1|31|
13|388|192|0|113|1|31|
13|395|192|0|113|1|31|
13|389|192|0|113|1|31|
13|397|192|0|113|1|31|
13|395|192|0|113|1|31|
13|397|192|0|113|1|31|
13|403|192|0|113|1|31|
13|390|192|0|113|1|31|
13|394|288|0|113|1|31|
13|394|192|0|111|1|31|
13|397|192|0|113|1|31|
13|398|192|0|113|1|31|
13|406|192|0|113|1|31|
13|411|192|0|113|1|31|
13|400|192|0|113|1|31|
13|396|288|0|113|1|31|
13|406|192|0|113|1|31|
13|396|192|0|113|1|31|
13|397|192|0|113|1|31|
13|411|192|0|113|1|31|
13|394|192|0|113|1|31|
13|393|192|0|113|1|31|
13|396|192|0|113|1|31|
13|390|192|0|113|1|31|
13|393|192|0|113|1|31|
13|398|192|0|113|1|31|
13|785|384|0|113|1|31|
13|415|192|0|113|1|31|
13|409|192|0|113|1|31|
13|407|288|0|113|1|31|
13|406|192|0|113|1|31|
13|397|192|0|113|1|31|
13|388|192|0|113|1|31|
13|409|192|0|113|1|31|
13|402|288|0|113|1|31|
13|411|192|0|113|1|31|
13|393|288|0|113|1|31|
13|393|192|0|113|1|31|
13|391|192|0|113|1|31|
13|401|192|0|113|1|31|
13|394|192|0|113|1|31|
13|402|192|0|113|1|31|
13|395|192|0|113|1|31|
13|395|192|0|113|1|31|
13|785|384|0|113|1|31|
13|413|192|0|113|1|31|
13|411|192|0|113|1|31|
13|395|192|0|113|1|31|
13|394|288|0|113|1|31|
13|794|384|0|113|1|31|
13|505|192|0|113|1|31|
13|410|192|0|113|1|31|
13|388|192|0|113|1|31|
13|409|192|0|113|1|31|
13|385|192|0|113|1|31|
13|430|192|0|111|1|31|
13|386|192|0|113|1|31|
13|391|192|0|113|1|31|
13|389|192|0|113|1|31|
13|406|192|0|113|1|31|
13|385|192|0|113|1|31|
13|386|192|0|129|1|31|
13|387|192|0|113|1|31|
13|389|192|0|113|1|31|
13|390|192|0|113|1|31|
13|410|192|0|113|1|31|
13|393|192|0|113|1|31|
13|400|192|0|113|1|31|
13|397|288|0|113|1|31|
13|382|192|0|113|1|31|
13|399|192|0|113|1|31|
13|389|192|0|113|1|31|
13|394|192|0|113|1|31|
13|406|192|0|113|1|31|
13|390|192|0|113|1|31|
13|382|192|0|111|1|31|
13|389|192|0|113|1|31|
13|399|288|0|113|1|31|
13|395|192|0|113|1|31|
13|395|288|0|113|1|31|
13|395|192|0|113|1|31|
13|394|192|0|113|1|31|
13|396|192|0|113|1|31|
13|402|192|0|113|1|31|
13|383|192|0|111|1|31|
13|400|192|0|113|1|31|
13|403|192|0|113|1|31|
13|394|192|0|113|1|31|
13|400|192|0|113|1|31|
13|406|192|0|113|1|31|
13|385|192|0|113|1|31|
13|388|192|0|113|1|31|
13|384|192|0|113|1|31|
13|407|192|0|113|1|31|
13|407|288|0|113|1|31|
13|403|192|0|113|1|31|
13|410|288|0|113|1|31|
13|770|384|0|113|1|31|
13|407|192|0|113|1|31|
13|398|192|0|113|1|31|
13|412|192|0|113|1|31|
13|402|192|0|113|1|31|
13|410|192|0|113|1|31|
13|404|192|0|113|1|31|
13|1339|672|0|113|1|31|
13|399|192|0|113|1|31|
13|386|192|0|113|1|31|
13|393|192|0|113|1|31|
13|394|192|0|113|1|31|
13|392|192|0|113|1|31|
13|388|192|0|111|1|31|
13|389|192|0|113|1|31|
13|395|192|0|113|1|31|
13|1232|672|0|113|1|31|
13|391|192|0|113|1|31|
13|388|192|0|113|1|31|
13|390|192|0|113|1|31|
13|389|192|0|113|1|31|
13|1286|672|0|113|1|31|
13|391|192|0|113|1|31|
13|395|192|0|113|1|31|
13|387|192|0|111|1|31|
13|398|192|0|113|1|31|
13|409|192|0|113|1|31|
13|393|192|0|113|1|31|
13|1111|672|0|113|1|31|
13|390|192|0|113|1|31|
13|405|288|0|113|1|31|
13|394|288|0|113|1|31|
13|388|192|0|113|1|31|
13|414|288|0|113|1|31|
13|409|192|0|113|1|31|
13|399|192|0|113|1|31|
13|396|192|0|113|1|31|
13|387|192|0|113|1|31|
13|388|192|0|113|1|31|
13|385|192|0|113|1|31|
13|390|192|0|113|1|31|
13|404|192|0|113|1|31|
13|398|192|0|113|1|31|
13|393|288|0|113|1|31|
13|393|192|0|113|1|31|
13|400|192|0|113|1|31|
13|1001|576|0|113|1|31|
13|393|192|0|113|1|31|
13|388|192|0|113|1|31|
13|395|192|0|113|1|31|
13|386|192|0|113|1|31|
13|395|192|0|113|1|31|
13|409|192|0|113|1|31|
13|392|192|0|113|1|31|
13|391|192|0|113|1|31|
13|617|384|0|363|1|32|
13|957|480|0|366|1|32|
13|398|192|0|113|1|31|
13|410|192|0|113|1|31|
13|400|192|0|113|1|31|
13|413|192|0|113|1|31|
13|395|288|0|113|1|31|
13|396|288|0|347|1|57|
13|394|192|0|113|1|31|
13|1484|768|0|113|1|31|
13|392|192|0|113|1|31|
13|563|288|0|113|1|31|
13|407|192|0|113|1|31|
13|395|288|0|113|1|31|
13|407|192|0|113|1|31|
13|401|192|0|349|1|57|
13|398|192|0|113|1|31|
13|399|192|0|113|1|31|
13|397|192|0|113|1|31|
13|394|192|0|113|1|31|
13|1019|480|0|113|1|31|
13|394|192|0|113|1|31|
13|388|192|0|113|1|31|
13|391|192|0|113|1|31|
13|400|192|0|113|1|31|
13|386|192|0|113|1|31|
13|398|192|0|113|1|31|
13|392|288|0|113|1|31|
13|409|192|0|113|1|31|
13|394|192|0|113|1|31|
13|616|288|0|359|1|32|
13|389|192|0|113|1|31|
13|393|288|0|113|1|31|
13|390|192|0|343|1|57|
13|405|192|0|113|1|31|
13|406|192|0|113|1|31|
13|623|288|0|360|1|32|
13|400|192|0|113|1|31|
13|393|288|0|113|1|31|
13|627|288|0|360|1|32|
13|400|288|0|347|1|57|
13|392|192|0|113|1|31|
13|399|192|0|113|1|31|
13|1179|672|0|113|1|31|
13|623|288|0|363|1|32|
13|391|192|0|347|1|53|
13|397|192|0|113|1|31|
13|396|192|0|347|1|55|
13|987|480|0|113|1|31|
13|392|192|0|113|1|31|
13|396|192|0|113|1|31|
13|410|288|0|113|1|31|
13|392|192|0|113|1|31|
13|410|288|0|113|1|31|
13|390|192|0|113|1|31|
13|392|192|0|113|1|31|
13|393|192|0|345|1|57|
13|613|384|0|366|1|32|
13|407|288|0|113|1|31|
13|616|384|0|360|1|32|
13|1822|960|0|352|1|57|
13|405|192|0|111|1|31|
13|395|192|0|113|1|31|
13|397|192|0|113|1|31|
13|398|192|0|113|1|31|
13|610|288|0|361|1|32|
13|714|288|0|363|1|32|
13|395|192|0|113|1|31|
13|407|192|0|113|1|31|
13|398|192|0|113|1|31|
13|400|192|0|113|1|31|
13|413|288|0|113|1|31|
13|370|288|0|113|1|31|
13|405|288|0|113|1|31|
13|391|192|0|113|1|31|
13|405|192|0|112|1|31|
13|410|192|0|113|1|31|
13|386|192|0|113|1|31|
13|411|192|0|113|1|31|
13|389|192|0|113|1|31|
13|394|192|0|113|1|31|
13|386|192|0|113|1|31|
13|395|192|0|113|1|31|
13|389|192|0|113|1|31|
13|398|192|0|113|1|31|
13|403|192|0|113|1|31|
13|395|192|0|113|1|31|
13|394|288|0|113|1|31|
13|386|192|0|113|1|31|
13|392|192|0|113|1|31|
13|392|192|0|113|1|31|
13|404|192|0|113|1|31|
13|387|192|0|113|1|31|
13|397|192|0|113|1|31|
13|401|192|0|113|1|31|
13|406|192|0|113|1|31|
13|401|192|0|113|1|31|
13|406|288|0|111|1|31|
13|399|192|0|113|1|31|
13|401|288|0|113|1|31|
13|411|192|0|113|1|31|
13|400|192|0|113|1|31|
13|412|192|0|113|1|31|
13|390|288|0|113|1|31|
13|412|288|0|113|1|31|
13|389|192|0|113|1|31|
13|408|192|0|113|1|31|
13|391|192|0|113|1|31|
13|396|288|0|113|1|31|
