INSTRUCTIONS_RETIRED|CYCLES|UNKNOWN|LD_BLOCKS.STORE_FORWARD|UOPS_EXECUTED.CORE|BR_MISP_RETIRED.ALL_BRANCHES|UOPS_ISSUED.SLOW_LEA|
13|405|192|0|183|1|141|
13|399|192|0|180|1|137|
13|415|192|0|353|1|115|
13|598|288|0|427|1|138|
13|386|192|0|345|1|109|
13|404|192|0|182|1|141|
13|409|192|0|185|1|141|
13|395|192|0|180|1|141|
13|404|192|0|183|1|141|
13|395|192|0|180|1|141|
13|914|480|0|217|1|137|
13|393|192|0|179|1|137|
13|416|288|0|187|1|137|
13|399|288|0|181|1|137|
13|400|288|0|182|1|137|
13|396|192|0|346|1|109|
13|393|192|0|179|1|141|
13|396|192|0|180|1|141|
13|401|192|0|182|1|137|
13|398|192|0|180|1|137|
13|369|192|0|171|1|137|
13|393|192|0|179|1|141|
13|403|192|0|183|1|141|
13|389|192|0|177|1|141|
13|392|192|0|178|1|141|
13|400|192|0|181|1|141|
13|616|384|0|433|1|138|
13|398|192|0|180|1|141|
13|623|288|0|434|1|140|
13|627|288|0|437|1|140|
13|398|192|0|347|1|111|
13|414|192|0|355|1|115|
13|410|288|0|184|1|139|
13|397|192|0|181|1|137|
13|409|192|0|184|1|139|
13|388|192|0|177|1|141|
13|412|192|0|185|1|139|
13|417|192|0|354|1|121|
13|403|192|0|348|1|115|
13|416|288|0|354|1|111|
13|404|192|0|183|1|137|
13|1026|576|0|217|1|137|
13|399|192|0|181|1|137|
13|409|192|0|184|1|137|
13|627|288|0|433|1|142|
13|390|192|0|346|1|109|
13|394|192|0|179|1|139|
13|410|192|0|184|1|141|
13|395|192|0|180|1|141|
13|409|192|0|184|1|137|
13|392|192|0|179|1|141|
13|399|192|0|182|1|137|
13|397|192|0|180|1|141|
13|610|288|0|431|1|142|
13|389|192|0|178|1|141|
13|408|192|0|184|1|137|
13|624|384|0|435|1|142|
13|400|192|0|182|1|137|
13|409|288|0|185|1|141|
13|397|192|0|181|1|137|
13|402|192|0|182|1|137|
13|413|288|0|185|1|141|
13|741|384|0|217|1|137|
13|621|288|0|433|1|142|
13|397|192|0|347|1|113|
13|392|192|0|179|1|137|
13|376|192|0|174|1|137|
13|395|192|0|180|1|141|
13|397|192|0|181|1|137|
13|615|384|0|432|1|138|
13|368|192|0|170|1|137|
13|417|192|0|187|1|141|
13|375|192|0|173|1|141|
13|370|192|0|171|1|137|
13|415|192|0|186|1|141|
13|391|192|0|179|1|139|
13|390|192|0|177|1|141|
13|405|192|0|351|1|117|
13|372|288|0|172|1|137|
13|405|288|0|183|1|137|
13|408|192|0|184|1|141|
13|409|192|0|185|1|137|
13|398|192|0|181|1|141|
13|396|192|0|180|1|137|
13|1642|864|0|217|1|137|
13|390|192|0|344|1|111|
13|417|192|0|187|1|141|
13|398|192|0|181|1|141|
13|401|192|0|182|1|141|
13|388|192|0|175|1|137|
13|401|192|0|182|1|137|
13|393|192|0|178|1|137|
13|607|288|0|429|1|142|
13|1169|576|0|217|1|137|
13|410|192|0|185|1|141|
13|402|192|0|182|1|137|
13|408|192|0|185|1|141|
13|615|288|0|432|1|138|
13|396|288|0|180|1|141|
13|1065|480|0|221|1|141|
13|610|384|0|430|1|142|
13|390|192|0|178|1|137|
13|405|192|0|183|1|137|
13|399|192|0|182|1|137|
13|391|288|0|179|1|137|
13|413|192|0|186|1|139|
13|392|192|0|179|1|137|
13|400|192|0|181|1|137|
13|409|192|0|185|1|137|
13|399|192|0|180|1|139|
13|397|192|0|181|1|139|
13|396|192|0|181|1|137|
13|396|192|0|181|1|137|
13|599|384|0|428|1|142|
13|398|192|0|347|1|111|
13|405|192|0|183|1|141|
13|398|192|0|180|1|137|
13|411|192|0|184|1|137|
13|394|192|0|180|1|141|
13|1274|768|0|221|1|141|
13|394|192|0|180|1|137|
13|601|288|0|426|1|142|
13|402|192|0|182|1|141|
13|1852|864|0|217|1|137|
13|394|192|0|180|1|141|
13|413|192|0|186|1|141|
13|397|192|0|181|1|141|
13|398|192|0|181|1|141|
13|399|192|0|181|1|141|
13|402|192|0|182|1|141|
13|413|192|0|352|1|115|
13|405|288|0|183|1|137|
13|396|192|0|179|1|137|
13|408|192|0|184|1|141|
13|409|192|0|184|1|141|
13|405|192|0|184|1|137|
13|402|192|0|183|1|141|
13|401|192|0|182|1|137|
13|408|192|0|184|1|141|
13|396|192|0|180|1|137|
13|384|192|0|176|1|141|
13|363|192|0|170|1|137|
13|571|384|0|418|1|138|
13|586|288|0|421|1|140|
13|405|192|0|183|1|141|
13|403|192|0|349|1|113|
13|414|192|0|186|1|141|
13|400|192|0|182|1|141|
13|405|192|0|184|1|141|
13|394|192|0|345|1|117|
13|403|192|0|183|1|137|
13|388|192|0|178|1|137|
13|410|192|0|185|1|137|
13|400|192|0|182|1|141|
13|411|192|0|352|1|121|
13|389|192|0|345|1|113|
13|406|288|0|184|1|137|
13|405|192|0|184|1|137|
13|396|192|0|180|1|137|
13|396|192|0|180|1|137|
13|605|288|0|429|1|138|
13|391|192|0|179|1|137|
13|402|192|0|181|1|137|
13|390|192|0|178|1|137|
13|406|192|0|184|1|141|
13|600|288|0|426|1|142|
13|411|192|0|354|1|113|
13|404|192|0|183|1|137|
13|408|192|0|184|1|137|
13|402|192|0|182|1|137|
13|414|192|0|186|1|141|
13|413|192|0|353|1|119|
13|617|288|0|433|1|142|
13|413|192|0|186|1|137|
13|412|192|0|185|1|137|
13|414|288|0|186|1|141|
13|405|288|0|183|1|137|
13|412|192|0|353|1|111|
13|392|192|0|345|1|111|
13|406|192|0|183|1|141|
13|397|192|0|181|1|137|
13|404|192|0|183|1|137|
13|417|192|0|186|1|137|
13|622|384|0|433|1|138|
13|407|192|0|183|1|137|
13|401|192|0|181|1|137|
13|407|192|0|184|1|141|
13|602|288|0|431|1|138|
13|414|192|0|352|1|121|
13|404|192|0|183|1|137|
13|411|192|0|186|1|137|
13|395|192|0|180|1|137|
13|397|192|0|181|1|137|
13|413|192|0|352|1|117|
13|402|192|0|182|1|141|
13|409|192|0|185|1|137|
13|398|192|0|181|1|141|
13|396|192|0|180|1|137|
13|611|288|0|429|1|142|
13|622|288|0|434|1|138|
13|411|288|0|185|1|137|
13|404|192|0|183|1|141|
13|401|192|0|182|1|141|
13|390|192|0|179|1|141|
13|392|192|0|179|1|141|
13|390|192|0|178|1|137|
13|408|192|0|184|1|141|
13|608|288|0|429|1|142|
13|610|288|0|431|1|142|
13|395|192|0|180|1|137|
13|609|288|0|429|1|138|
13|619|288|0|435|1|138|
13|413|192|0|185|1|141|
13|1389|672|0|217|1|137|
13|410|288|0|352|1|111|
13|360|192|0|168|1|137|
13|381|192|0|175|1|141|
13|370|192|0|172|1|137|
13|407|288|0|184|1|141|
13|392|192|0|179|1|137|
13|412|192|0|186|1|137|
13|403|192|0|182|1|141|
13|405|192|0|183|1|137|
13|401|192|0|182|1|141|
13|401|192|0|182|1|137|
13|1416|768|0|221|1|141|
13|401|192|0|182|1|141|
13|395|192|0|180|1|141|
13|614|288|0|433|1|138|
13|410|192|0|185|1|141|
13|408|192|0|185|1|137|
13|610|384|0|430|1|138|
13|408|288|0|351|1|117|
13|411|192|0|185|1|141|
13|405|192|0|184|1|141|
13|414|192|0|186|1|137|
13|400|192|0|181|1|141|
13|412|192|0|186|1|137|
13|399|192|0|180|1|139|
13|397|192|0|180|1|141|
13|396|192|0|181|1|137|
13|406|192|0|183|1|139|
13|406|192|0|350|1|113|
13|611|288|0|432|1|138|
13|404|192|0|349|1|111|
13|411|192|0|185|1|137|
13|405|192|0|183|1|141|
13|414|288|0|186|1|139|
13|1633|864|0|217|1|137|
13|632|288|0|439|1|140|
13|408|192|0|183|1|141|
13|409|192|0|185|1|137|
13|396|192|0|180|1|137|
13|410|192|0|185|1|141|
13|399|192|0|181|1|137|
13|399|192|0|181|1|137|
13|409|192|0|185|1|137|
13|409|192|0|185|1|137|
13|392|192|0|179|1|141|
13|411|192|0|186|1|137|
13|414|288|0|187|1|141|
13|417|192|0|188|1|141|
13|412|192|0|186|1|141|
13|407|192|0|184|1|141|
13|403|192|0|183|1|137|
13|407|192|0|184|1|137|
13|412|192|0|186|1|141|
13|394|192|0|180|1|141|
13|403|288|0|183|1|141|
13|402|288|0|183|1|141|
13|614|288|0|431|1|142|
13|402|192|0|183|1|137|
13|408|192|0|185|1|137|
13|407|288|0|183|1|137|
13|391|192|0|179|1|141|
13|403|192|0|182|1|141|
13|612|288|0|431|1|138|
13|391|192|0|178|1|141|
13|414|192|0|186|1|137|
13|399|192|0|181|1|141|
13|418|192|0|187|1|137|
13|402|288|0|182|1|141|
13|414|192|0|186|1|141|
13|608|288|0|428|1|142|
13|1056|480|0|221|1|141|
13|414|192|0|186|1|137|
13|403|192|0|183|1|137|
13|405|192|0|183|1|141|
13|406|192|0|183|1|141|
13|393|192|0|179|1|141|
13|403|192|0|183|1|137|
13|401|192|0|182|1|141|
13|407|192|0|184|1|137|
13|411|192|0|185|1|137|
13|391|192|0|179|1|137|
13|402|192|0|183|1|141|
13|396|192|0|181|1|137|
13|396|192|0|181|1|137|
13|392|192|0|179|1|137|
13|405|288|0|184|1|141|
13|396|192|0|180|1|137|
13|395|192|0|180|1|141|
13|393|192|0|179|1|141|
13|395|192|0|180|1|141|
13|394|192|0|180|1|137|
13|411|192|0|186|1|137|
13|406|192|0|184|1|141|
13|398|192|0|181|1|137|
13|386|192|0|177|1|141|
13|407|192|0|184|1|141|
13|405|192|0|183|1|141|
13|401|192|0|182|1|137|
13|406|288|0|184|1|141|
13|402|192|0|182|1|137|
13|387|192|0|177|1|141|
13|388|192|0|178|1|141|
13|388|192|0|178|1|141|
13|406|192|0|184|1|141|
13|400|192|0|182|1|137|
13|389|192|0|178|1|137|
13|398|192|0|181|1|141|
13|404|288|0|183|1|137|
13|384|288|0|176|1|137|
13|393|192|0|179|1|141|
13|413|192|0|186|1|141|
13|392|192|0|179|1|141|
13|404|192|0|183|1|141|
13|395|192|0|180|1|137|
13|399|192|0|181|1|141|
13|406|192|0|183|1|137|
13|413|288|0|186|1|141|
13|402|288|0|182|1|141|
13|396|192|0|180|1|141|
13|394|192|0|180|1|137|
13|409|288|0|185|1|137|
13|389|192|0|178|1|141|
13|409|192|0|185|1|137|
13|388|192|0|178|1|137|
13|400|192|0|182|1|141|
13|391|192|0|179|1|141|
13|391|192|0|179|1|137|
13|409|192|0|185|1|137|
13|411|192|0|185|1|137|
13|410|192|0|185|1|141|
13|410|192|0|185|1|137|
13|412|192|0|186|1|137|
13|408|192|0|184|1|141|
13|394|192|0|180|1|137|
13|402|192|0|182|1|137|
13|392|192|0|179|1|139|
13|414|288|0|186|1|139|
13|395|192|0|180|1|139|
13|410|192|0|185|1|141|
13|405|288|0|183|1|141|
13|403|192|0|183|1|137|
13|416|192|0|187|1|137|
13|414|192|0|186|1|141|
13|412|192|0|186|1|141|
13|409|192|0|185|1|139|
13|400|192|0|182|1|139|
13|403|192|0|183|1|141|
13|404|192|0|183|1|137|
13|397|192|0|181|1|137|
13|403|192|0|183|1|141|
13|395|192|0|180|1|139|
13|394|192|0|180|1|141|
13|1736|864|0|221|1|141|
13|361|192|0|169|1|137|
13|407|192|0|183|1|141|
13|610|288|0|430|1|138|
13|396|192|0|348|1|117|
13|394|192|0|178|1|137|
13|402|192|0|182|1|137|
13|392|192|0|178|1|137|
13|427|192|0|191|1|137|
13|400|192|0|182|1|141|
13|409|192|0|185|1|141|
13|401|288|0|182|1|137|
13|398|192|0|181|1|137|
13|397|192|0|181|1|137|
13|416|192|0|187|1|137|
13|403|192|0|183|1|137|
13|406|192|0|182|1|141|
13|414|192|0|186|1|141|
13|398|192|0|181|1|141|
13|393|192|0|179|1|141|
13|407|192|0|184|1|137|
13|390|192|0|179|1|141|
13|411|192|0|186|1|141|
13|398|192|0|181|1|141|
13|392|192|0|179|1|137|
13|401|288|0|182|1|141|
13|400|192|0|182|1|137|
13|399|192|0|182|1|141|
13|402|192|0|182|1|137|
13|393|192|0|180|1|137|
13|398|288|0|181|1|141|
13|394|192|0|180|1|137|
13|406|192|0|184|1|137|
13|411|192|0|185|1|141|
13|414|192|0|187|1|137|
13|410|192|0|185|1|141|
13|416|192|0|187|1|141|
13|396|192|0|180|1|137|
13|411|192|0|185|1|137|
13|395|192|0|180|1|141|
13|411|192|0|185|1|137|
13|413|288|0|186|1|141|
13|409|192|0|185|1|137|
13|399|288|0|181|1|137|
13|396|192|0|180|1|137|
13|410|192|0|185|1|137|
13|398|192|0|181|1|141|
13|397|192|0|181|1|141|
13|397|192|0|181|1|137|
13|411|192|0|185|1|137|
13|417|192|0|187|1|141|
13|397|288|0|181|1|141|
13|398|192|0|181|1|141|
13|410|96|0|185|1|141|
13|400|288|0|182|1|137|
13|402|288|0|183|1|141|
13|392|192|0|179|1|141|
13|408|192|0|185|1|141|
13|396|192|0|180|1|137|
13|408|192|0|185|1|141|
13|396|192|0|181|1|137|
13|408|192|0|185|1|137|
13|398|192|0|181|1|137|
13|409|192|0|185|1|141|
13|397|192|0|181|1|141|
13|413|192|0|186|1|137|
13|408|192|0|184|1|137|
13|412|192|0|186|1|137|
13|393|192|0|178|1|137|
13|412|192|0|186|1|141|
13|401|192|0|182|1|141|
13|400|192|0|182|1|141|
13|403|192|0|183|1|137|
13|404|192|0|183|1|141|
13|395|192|0|180|1|137|
13|404|192|0|183|1|141|
13|388|192|0|178|1|137|
13|398|192|0|181|1|137|
13|397|192|0|181|1|137|
13|397|96|0|181|1|137|
13|406|192|0|184|1|137|
13|400|192|0|182|1|141|
13|406|192|0|184|1|137|
13|410|192|0|185|1|141|
13|384|192|0|177|1|141|
13|390|288|0|178|1|137|
13|386|192|0|177|1|141|
13|388|192|0|178|1|137|
13|386|192|0|177|1|137|
13|399|192|0|182|1|141|
13|414|288|0|186|1|141|
13|407|192|0|184|1|137|
13|397|192|0|180|1|141|
13|412|192|0|186|1|141|
13|410|192|0|185|1|137|
13|394|192|0|180|1|141|
13|405|192|0|182|1|137|
13|392|288|0|179|1|141|
13|389|192|0|178|1|137|
13|391|192|0|179|1|137|
13|389|192|0|178|1|137|
13|417|192|0|186|1|137|
13|414|192|0|186|1|137|
13|417|192|0|187|1|141|
13|404|192|0|183|1|141|
13|417|192|0|188|1|137|
13|405|192|0|183|1|141|
13|411|192|0|185|1|137|
13|404|192|0|183|1|137|
13|395|192|0|180|1|137|
13|395|192|0|180|1|137|
13|411|192|0|185|1|137|
13|394|192|0|180|1|137|
13|1321|672|0|215|1|137|
13|395|288|0|180|1|141|
13|396|192|0|179|1|141|
13|416|192|0|187|1|137|
13|410|192|0|185|1|137|
13|412|192|0|185|1|137|
13|406|192|0|184|1|141|
13|1632|864|0|221|1|141|
13|408|288|0|185|1|141|
13|413|288|0|186|1|141|
13|396|192|0|179|1|141|
13|414|192|0|186|1|137|
13|398|192|0|181|1|141|
13|416|192|0|187|1|141|
13|400|192|0|182|1|137|
13|396|192|0|181|1|137|
13|409|192|0|185|1|141|
13|400|192|0|182|1|137|
13|410|288|0|185|1|137|
13|412|288|0|186|1|137|
13|411|192|0|186|1|137|
13|388|192|0|178|1|137|
13|409|192|0|185|1|141|
13|393|192|0|179|1|141|
13|400|192|0|182|1|141|
13|412|192|0|186|1|137|
13|403|288|0|183|1|141|
13|396|192|0|180|1|141|
13|410|192|0|185|1|141|
13|398|192|0|181|1|137|
13|399|288|0|181|1|141|
13|354|192|0|167|1|141|
13|386|288|0|177|1|141|
13|372|192|0|172|1|137|
13|401|192|0|182|1|137|
13|396|192|0|180|1|137|
13|393|192|0|179|1|141|
13|402|192|0|182|1|141|
13|389|192|0|178|1|141|
13|413|192|0|186|1|137|
13|399|288|0|181|1|141|
13|409|192|0|185|1|137|
13|412|192|0|186|1|141|
13|402|192|0|182|1|141|
13|411|192|0|185|1|137|
13|396|192|0|180|1|137|
13|399|192|0|181|1|141|
13|392|192|0|178|1|137|
13|399|192|0|181|1|141|
13|1683|864|0|217|1|137|
13|1061|480|0|217|1|137|
13|396|192|0|180|1|137|
13|395|192|0|180|1|141|
13|400|192|0|182|1|141|
13|412|192|0|186|1|141|
13|400|192|0|182|1|137|
13|416|192|0|187|1|141|
13|390|192|0|178|1|141|
13|412|192|0|184|1|141|
13|413|192|0|186|1|137|
13|395|192|0|180|1|141|
13|416|192|0|187|1|137|
13|404|192|0|183|1|137|
13|403|192|0|183|1|141|
13|404|192|0|183|1|141|
13|410|192|0|185|1|137|
13|408|192|0|185|1|137|
13|404|192|0|183|1|141|
13|409|192|0|185|1|137|
13|405|192|0|183|1|137|
13|412|192|0|186|1|137|
13|401|192|0|182|1|137|
13|407|192|0|184|1|137|
13|417|288|0|187|1|137|
13|400|192|0|184|1|137|
13|414|192|0|189|1|141|
13|404|192|0|183|1|141|
13|403|192|0|183|1|137|
13|403|192|0|183|1|137|
13|397|192|0|181|1|141|
13|402|192|0|182|1|137|
13|980|480|0|217|1|137|
13|402|192|0|183|1|137|
13|404|192|0|183|1|137|
13|405|192|0|183|1|137|
13|396|192|0|180|1|141|
13|413|192|0|186|1|137|
13|410|192|0|185|1|137|
13|399|192|0|181|1|141|
13|413|192|0|186|1|141|
13|407|288|0|184|1|141|
13|396|192|0|180|1|141|
13|414|192|0|186|1|137|
13|410|288|0|185|1|141|
13|414|192|0|186|1|141|
13|405|192|0|183|1|137|
13|401|192|0|182|1|137|
13|404|192|0|183|1|141|
13|404|192|0|183|1|137|
13|393|192|0|179|1|141|
13|390|192|0|178|1|141|
13|401|192|0|182|1|137|
13|386|192|0|174|1|141|
13|368|192|0|171|1|137|
13|392|192|0|179|1|137|
13|406|192|0|184|1|137|
13|385|192|0|175|1|141|
13|396|192|0|180|1|137|
13|412|192|0|186|1|141|
13|407|192|0|183|1|137|
13|404|192|0|183|1|141|
13|394|192|0|180|1|137|
13|398|192|0|180|1|141|
13|389|192|0|177|1|141|
13|407|192|0|184|1|141|
13|390|192|0|179|1|137|
13|406|192|0|184|1|137|
13|390|288|0|179|1|137|
13|400|192|0|182|1|137|
13|490|192|0|212|1|137|
13|396|192|0|179|1|137|
13|397|192|0|181|1|141|
13|399|192|0|182|1|141|
13|397|192|0|181|1|141|
13|401|192|0|182|1|137|
13|399|192|0|181|1|137|
13|399|192|0|180|1|137|
13|415|192|0|187|1|141|
13|398|192|0|181|1|141|
13|411|288|0|185|1|137|
13|400|192|0|182|1|137|
13|408|192|0|185|1|141|
13|409|192|0|183|1|137|
13|410|192|0|185|1|141|
13|408|192|0|185|1|141|
13|409|192|0|185|1|137|
13|397|192|0|181|1|137|
13|410|192|0|185|1|137|
13|405|192|0|183|1|137|
13|400|192|0|182|1|137|
13|409|192|0|185|1|141|
13|393|192|0|179|1|141|
13|409|96|0|185|1|137|
13|393|192|0|179|1|141|
13|399|288|0|181|1|137|
13|391|96|0|179|1|137|
13|416|192|0|187|1|141|
13|390|288|0|178|1|141|
13|404|192|0|183|1|137|
13|389|192|0|178|1|137|
13|411|288|0|185|1|137|
13|391|192|0|179|1|141|
13|409|192|0|185|1|141|
13|399|192|0|181|1|141|
13|406|288|0|184|1|137|
13|409|192|0|185|1|137|
13|404|192|0|183|1|137|
13|410|192|0|185|1|137|
13|403|288|0|183|1|141|
13|406|192|0|184|1|137|
13|401|192|0|182|1|141|
13|415|192|0|187|1|137|
13|391|192|0|179|1|137|
13|724|288|0|217|1|137|
13|391|192|0|179|1|137|
13|398|192|0|181|1|141|
13|391|192|0|179|1|141|
13|401|288|0|182|1|141|
13|396|192|0|180|1|137|
13|402|192|0|182|1|137|
13|391|192|0|179|1|137|
13|399|192|0|181|1|141|
13|400|192|0|182|1|141|
13|391|192|0|179|1|141|
13|393|192|0|179|1|141|
13|396|192|0|180|1|137|
13|393|192|0|179|1|137|
13|394|192|0|180|1|141|
13|379|192|0|175|1|141|
13|407|192|0|184|1|137|
13|389|192|0|178|1|141|
13|364|192|0|170|1|137|
13|396|192|0|181|1|137|
13|395|288|0|347|1|111|
13|1166|576|0|461|1|167|
13|411|192|0|352|1|111|
13|409|192|0|185|1|141|
13|410|192|0|185|1|137|
13|391|192|0|179|1|141|
13|406|192|0|184|1|137|
13|604|288|0|432|1|142|
13|405|192|0|185|1|137|
13|390|192|0|179|1|141|
13|395|192|0|180|1|137|
13|394|192|0|347|1|113|
13|404|288|0|183|1|137|
13|409|192|0|185|1|141|
13|400|192|0|182|1|141|
13|606|288|0|430|1|138|
13|397|288|0|348|1|117|
13|396|192|0|180|1|137|
13|396|192|0|180|1|137|
13|398|288|0|181|1|139|
13|391|192|0|179|1|139|
13|396|192|0|179|1|139|
13|399|192|0|181|1|137|
13|399|288|0|348|1|111|
13|400|192|0|181|1|139|
13|403|192|0|351|1|113|
13|414|192|0|186|1|137|
13|401|192|0|182|1|139|
13|413|192|0|186|1|141|
13|399|192|0|180|1|137|
13|398|192|0|181|1|141|
13|408|192|0|186|1|137|
13|608|288|0|430|1|142|
13|403|192|0|183|1|141|
13|412|192|0|186|1|141|
13|404|192|0|183|1|137|
13|406|288|0|184|1|137|
13|623|288|0|436|1|142|
13|403|192|0|183|1|137|
13|410|192|0|185|1|137|
13|401|192|0|182|1|137|
13|412|192|0|186|1|137|
13|408|192|0|183|1|141|
13|400|192|0|182|1|141|
13|399|192|0|181|1|137|
13|403|192|0|183|1|137|
13|401|192|0|182|1|141|
13|407|192|0|351|1|117|
13|401|192|0|182|1|137|
13|400|192|0|182|1|141|
13|403|192|0|183|1|141|
13|401|192|0|182|1|137|
13|605|288|0|430|1|138|
13|400|288|0|182|1|137|
13|397|192|0|347|1|111|
13|395|192|0|180|1|141|
13|987|576|0|221|1|141|
13|397|192|0|181|1|137|
13|395|192|0|180|1|141|
13|399|192|0|180|1|137|
13|402|192|0|348|1|109|
13|1455|768|0|461|1|165|
13|398|192|0|347|1|113|
13|391|192|0|179|1|137|
13|397|192|0|181|1|141|
13|474|288|0|207|1|137|
13|405|192|0|183|1|137|
13|379|192|0|175|1|141|
13|391|192|0|179|1|139|
13|386|192|0|177|1|141|
13|403|192|0|183|1|137|
13|387|192|0|178|1|137|
13|406|288|0|184|1|141|
13|386|192|0|177|1|141|
13|388|192|0|178|1|141|
13|391|96|0|179|1|137|
13|391|192|0|179|1|141|
13|390|192|0|178|1|137|
13|395|192|0|180|1|137|
13|402|288|0|183|1|141|
13|388|288|0|178|1|141|
13|396|192|0|181|1|137|
13|406|192|0|184|1|141|
13|395|192|0|180|1|141|
13|404|192|0|183|1|141|
13|398|192|0|181|1|137|
13|388|192|0|178|1|141|
13|397|192|0|181|1|137|
13|406|192|0|184|1|141|
13|1654|768|0|217|1|137|
13|406|192|0|184|1|137|
13|411|192|0|184|1|137|
13|400|192|0|182|1|137|
13|402|192|0|182|1|141|
13|393|192|0|179|1|141|
13|403|192|0|183|1|137|
13|393|192|0|179|1|137|
13|410|192|0|185|1|141|
13|393|192|0|179|1|141|
13|399|192|0|181|1|137|
13|396|192|0|180|1|141|
13|393|192|0|179|1|141|
13|707|384|0|221|1|141|
13|409|192|0|185|1|141|
13|400|288|0|182|1|141|
13|401|192|0|182|1|137|
13|411|192|0|185|1|137|
13|402|288|0|183|1|141|
13|402|192|0|183|1|137|
13|404|192|0|183|1|141|
13|400|192|0|182|1|137|
13|413|288|0|186|1|137|
13|400|192|0|182|1|141|
13|412|288|0|186|1|137|
13|401|192|0|182|1|137|
13|398|192|0|181|1|137|
13|402|192|0|183|1|141|
13|404|192|0|183|1|141|
13|400|288|0|182|1|137|
13|398|192|0|180|1|137|
13|406|192|0|184|1|141|
13|406|192|0|184|1|141|
13|403|192|0|183|1|137|
13|412|288|0|186|1|137|
13|403|192|0|183|1|137|
13|406|192|0|184|1|141|
13|401|288|0|182|1|137|
13|393|192|0|179|1|141|
13|404|288|0|183|1|137|
13|411|192|0|185|1|141|
13|402|192|0|183|1|137|
13|409|192|0|185|1|141|
13|405|192|0|184|1|137|
13|408|288|0|184|1|141|
13|406|192|0|184|1|137|
13|406|192|0|184|1|137|
13|406|192|0|183|1|137|
13|406|192|0|184|1|141|
13|393|192|0|179|1|141|
13|400|192|0|182|1|137|
13|397|192|0|181|1|141|
13|395|192|0|177|1|141|
13|386|192|0|177|1|137|
13|405|288|0|184|1|137|
13|414|192|0|186|1|137|
13|407|192|0|184|1|137|
13|406|192|0|349|1|117|
13|406|192|0|184|1|137|
13|407|192|0|184|1|137|
13|411|192|0|186|1|141|
13|410|288|0|185|1|141|
13|619|288|0|438|1|138|
13|412|288|0|353|1|121|
13|403|192|0|183|1|137|
13|398|192|0|181|1|141|
13|614|384|0|433|1|138|
13|385|192|0|177|1|141|
13|404|192|0|183|1|141|
13|413|288|0|185|1|137|
13|391|192|0|179|1|137|
13|608|288|0|431|1|142|
13|395|192|0|179|1|141|
13|410|192|0|185|1|137|
13|389|192|0|178|1|137|
13|397|192|0|181|1|137|
13|397|192|0|180|1|141|
13|609|384|0|431|1|138|
13|398|192|0|180|1|137|
13|411|192|0|186|1|137|
13|397|288|0|181|1|137|
13|414|192|0|186|1|141|
13|598|384|0|427|1|142|
13|417|192|0|354|1|125|
13|402|192|0|182|1|137|
13|388|192|0|178|1|141|
13|401|192|0|182|1|141|
13|1923|960|0|217|1|137|
13|395|192|0|180|1|141|
13|391|192|0|179|1|137|
13|610|288|0|434|1|138|
13|395|192|0|180|1|141|
13|396|192|0|181|1|141|
13|399|192|0|181|1|141|
13|397|192|0|181|1|141|
13|395|192|0|180|1|137|
13|629|288|0|439|1|142|
13|986|480|0|221|1|141|
13|398|192|0|181|1|137|
13|410|192|0|183|1|137|
13|400|192|0|182|1|137|
13|398|192|0|181|1|137|
13|397|192|0|181|1|141|
13|416|192|0|187|1|141|
13|399|192|0|181|1|137|
13|405|192|0|184|1|141|
13|397|192|0|180|1|141|
13|408|192|0|184|1|137|
13|393|192|0|179|1|137|
13|396|192|0|181|1|141|
13|389|192|0|178|1|137|
13|403|192|0|183|1|137|
13|408|192|0|185|1|137|
13|404|192|0|183|1|141|
13|399|192|0|182|1|137|
13|411|192|0|185|1|141|
13|401|192|0|182|1|137|
13|402|192|0|182|1|137|
13|397|192|0|180|1|139|
13|399|192|0|181|1|141|
13|408|192|0|185|1|141|
13|398|192|0|181|1|141|
13|406|192|0|182|1|141|
13|393|192|0|180|1|141|
13|399|192|0|181|1|137|
13|361|192|0|169|1|137|
13|399|192|0|180|1|137|
13|396|288|0|180|1|141|
13|390|96|0|178|1|137|
13|390|192|0|178|1|141|
13|392|192|0|179|1|137|
13|393|192|0|179|1|137|
13|393|192|0|179|1|137|
13|395|192|0|179|1|141|
13|387|192|0|177|1|141|
13|397|192|0|181|1|141|
13|380|192|0|175|1|137|
13|409|192|0|185|1|141|
13|399|192|0|181|1|141|
13|405|192|0|183|1|137|
13|412|192|0|186|1|137|
13|403|192|0|183|1|141|
13|410|288|0|185|1|137|
13|403|192|0|183|1|137|
13|410|192|0|185|1|141|
13|399|192|0|180|1|137|
13|412|192|0|186|1|137|
13|398|192|0|181|1|137|
13|398|192|0|181|1|137|
13|415|288|0|187|1|137|
13|409|288|0|185|1|137|
13|415|192|0|187|1|137|
13|402|192|0|182|1|137|
13|406|192|0|184|1|141|
13|396|192|0|180|1|141|
13|603|384|0|221|1|141|
13|394|192|0|180|1|141|
13|381|288|0|175|1|137|
13|395|192|0|180|1|141|
13|403|192|0|183|1|137|
13|400|192|0|180|1|141|
13|408|192|0|185|1|141|
13|388|192|0|178|1|137|
13|751|288|0|219|1|141|
13|391|192|0|179|1|141|
13|398|192|0|181|1|141|
13|413|192|0|185|1|141|
13|391|192|0|179|1|137|
13|592|288|0|217|1|137|
13|406|192|0|184|1|137|
13|410|192|0|185|1|137|
13|394|192|0|180|1|141|
13|403|192|0|183|1|141|
13|398|192|0|181|1|137|
13|405|288|0|183|1|139|
13|397|192|0|181|1|139|
13|402|192|0|182|1|139|
13|406|192|0|184|1|137|
13|396|192|0|180|1|139|
13|407|192|0|184|1|137|
13|408|192|0|184|1|141|
13|409|192|0|185|1|137|
13|412|192|0|186|1|137|
13|396|192|0|180|1|141|
13|412|192|0|186|1|141|
13|408|96|0|184|1|139|
13|402|192|0|182|1|141|
13|1050|576|0|217|1|137|
13|408|192|0|184|1|137|
13|404|192|0|183|1|141|
13|398|192|0|181|1|139|
13|406|192|0|184|1|137|
13|406|192|0|184|1|139|
13|409|192|0|185|1|141|
13|407|192|0|184|1|141|
13|402|192|0|182|1|141|
13|406|192|0|184|1|141|
13|402|192|0|182|1|139|
13|380|192|0|175|1|137|
13|1793|864|0|217|1|137|
13|402|192|0|182|1|141|
13|397|192|0|181|1|141|
13|393|192|0|181|1|141|
13|369|192|0|173|1|141|
13|1396|672|0|221|1|141|
13|399|192|0|181|1|141|
13|410|192|0|185|1|141|
13|395|192|0|180|1|137|
13|402|192|0|183|1|137|
13|399|192|0|182|1|141|
13|403|192|0|183|1|141|
13|1715|864|0|217|1|137|
13|405|192|0|184|1|137|
13|400|192|0|182|1|137|
13|402|192|0|182|1|137|
13|409|288|0|185|1|141|
13|413|288|0|185|1|141|
13|389|192|0|178|1|141|
13|412|192|0|186|1|139|
13|399|192|0|181|1|141|
13|412|192|0|186|1|139|
13|397|192|0|179|1|139|
13|411|192|0|185|1|137|
13|409|192|0|185|1|137|
13|402|192|0|182|1|137|
13|444|192|0|196|1|139|
13|399|192|0|181|1|139|
13|393|192|0|179|1|137|
13|409|192|0|185|1|141|
13|395|192|0|180|1|137|
13|407|192|0|184|1|141|
13|405|192|0|183|1|141|
13|414|192|0|186|1|141|
13|416|192|0|187|1|141|
13|402|192|0|182|1|141|
13|410|192|0|185|1|141|
13|417|288|0|187|1|141|
13|412|192|0|186|1|141|
13|415|192|0|187|1|141|
13|405|192|0|183|1|141|
13|405|288|0|183|1|137|
13|727|384|0|221|1|141|
13|411|192|0|186|1|137|
13|405|192|0|183|1|137|
13|408|288|0|184|1|141|
13|404|192|0|183|1|137|
13|395|192|0|180|1|137|
13|405|192|0|183|1|141|
13|394|192|0|180|1|141|
