INSTRUCTIONS_RETIRED|CYCLES|UNKNOWN|LD_BLOCKS.STORE_FORWARD|UOPS_EXECUTED.CORE|BR_MISP_RETIRED.ALL_BRANCHES|UOPS_ISSUED.SLOW_LEA|
13|398|192|0|176|1|92|
13|365|192|0|170|1|92|
13|380|192|0|175|1|92|
13|371|192|0|171|1|92|
13|403|192|0|259|1|49|
13|397|192|0|176|1|92|
13|394|192|0|176|1|92|
13|382|192|0|176|1|92|
13|387|192|0|176|1|92|
13|389|192|0|176|1|92|
13|391|192|0|176|1|92|
13|403|192|0|176|1|92|
13|391|192|0|176|1|92|
13|389|192|0|174|1|92|
13|394|192|0|176|1|92|
13|386|192|0|176|1|92|
13|391|192|0|176|1|92|
13|413|192|0|176|1|92|
13|387|192|0|176|1|92|
13|1447|768|0|176|1|92|
13|407|192|0|176|1|92|
13|409|192|0|176|1|92|
13|409|192|0|176|1|92|
13|397|192|0|176|1|92|
13|385|192|0|176|1|92|
13|395|192|0|176|1|92|
13|403|192|0|176|1|92|
13|397|288|0|176|1|92|
13|391|288|0|176|1|92|
13|394|192|0|176|1|92|
13|405|192|0|176|1|92|
13|384|192|0|176|1|92|
13|1417|672|0|176|1|92|
13|398|192|0|176|1|92|
13|398|192|0|176|1|92|
13|386|192|0|176|1|92|
13|394|192|0|176|1|92|
13|402|192|0|176|1|92|
13|752|384|0|176|1|92|
13|401|192|0|176|1|92|
13|398|288|0|176|1|92|
13|415|192|0|176|1|92|
13|397|192|0|176|1|92|
13|404|192|0|176|1|92|
13|398|192|0|176|1|92|
13|372|96|0|172|1|92|
13|405|192|0|176|1|92|
13|390|192|0|176|1|92|
13|391|192|0|176|1|92|
13|1136|576|0|176|1|92|
13|1174|576|0|176|1|92|
13|405|192|0|174|1|92|
13|393|192|0|176|1|92|
13|405|192|0|176|1|92|
13|385|288|0|176|1|92|
13|390|192|0|176|1|92|
13|403|192|0|176|1|92|
13|393|192|0|176|1|92|
13|405|288|0|176|1|92|
13|383|192|0|176|1|92|
13|395|192|0|176|1|92|
13|385|192|0|176|1|92|
13|403|192|0|176|1|92|
13|398|192|0|176|1|92|
13|384|192|0|176|1|92|
13|398|192|0|176|1|92|
13|387|192|0|176|1|92|
13|397|192|0|176|1|92|
13|403|192|0|176|1|92|
13|405|192|0|176|1|92|
13|382|192|0|176|1|92|
13|393|288|0|176|1|92|
13|358|192|0|168|1|92|
13|642|288|0|176|1|92|
13|403|192|0|176|1|92|
13|391|192|0|176|1|92|
13|383|192|0|176|1|92|
13|398|192|0|176|1|92|
13|399|192|0|176|1|92|
13|400|192|0|176|1|92|
13|391|192|0|176|1|92|
13|397|192|0|176|1|92|
13|399|192|0|176|1|92|
13|399|288|0|176|1|92|
13|1066|576|0|176|1|92|
13|397|192|0|176|1|92|
13|394|288|0|174|1|92|
13|405|192|0|176|1|92|
13|399|192|0|176|1|92|
13|410|288|0|176|1|92|
13|385|192|0|176|1|92|
13|406|192|0|176|1|92|
13|392|192|0|176|1|92|
13|396|192|0|176|1|92|
13|388|192|0|176|1|92|
13|397|192|0|176|1|92|
13|391|192|0|176|1|92|
13|397|192|0|176|1|92|
13|390|192|0|176|1|92|
13|389|192|0|176|1|92|
13|393|192|0|176|1|92|
13|386|192|0|176|1|92|
13|409|192|0|176|1|92|
13|382|192|0|176|1|92|
13|389|192|0|176|1|92|
13|386|192|0|176|1|92|
13|389|192|0|176|1|92|
13|382|288|0|176|1|92|
13|396|192|0|176|1|92|
13|385|192|0|176|1|92|
13|401|192|0|176|1|92|
13|410|192|0|176|1|92|
13|401|192|0|176|1|92|
13|395|192|0|176|1|92|
13|407|192|0|176|1|92|
13|400|192|0|176|1|92|
13|407|192|0|176|1|92|
13|409|192|0|176|1|92|
13|401|96|0|176|1|92|
13|389|288|0|176|1|92|
13|398|192|0|176|1|92|
13|388|288|0|176|1|92|
13|397|192|0|176|1|92|
13|389|192|0|176|1|92|
13|394|192|0|176|1|92|
13|396|192|0|176|1|92|
13|392|288|0|176|1|92|
13|399|192|0|176|1|92|
13|404|192|0|176|1|92|
13|391|192|0|176|1|92|
13|391|192|0|176|1|92|
13|409|288|0|176|1|92|
13|404|192|0|176|1|92|
13|404|288|0|176|1|92|
13|402|192|0|176|1|92|
13|391|192|0|176|1|92|
13|587|288|0|422|1|93|
13|362|192|0|334|1|97|
13|404|192|0|176|1|92|
13|373|192|0|173|1|92|
13|403|192|0|176|1|92|
13|395|192|0|176|1|92|
13|387|192|0|176|1|92|
13|408|192|0|176|1|92|
13|411|192|0|176|1|92|
13|410|192|0|176|1|92|
13|403|192|0|176|1|92|
13|412|192|0|176|1|92|
13|613|288|0|425|1|93|
13|610|384|0|424|1|93|
13|612|384|0|429|1|93|
13|598|288|0|424|1|93|
13|390|192|0|344|1|111|
13|399|192|0|350|1|109|
13|897|480|0|411|1|118|
13|603|288|0|424|1|93|
13|406|192|0|176|1|92|
13|604|288|0|427|1|93|
13|378|288|0|175|1|92|
13|399|192|0|176|1|92|
13|384|192|0|176|1|92|
13|609|384|0|425|1|93|
13|391|192|0|344|1|109|
13|598|384|0|424|1|93|
13|388|192|0|343|1|107|
13|397|192|0|176|1|92|
13|383|192|0|174|1|92|
13|390|192|0|176|1|92|
13|384|192|0|176|1|92|
13|620|288|0|427|1|93|
13|405|192|0|176|1|92|
13|408|192|0|351|1|113|
13|404|192|0|351|1|111|
13|413|288|0|176|1|92|
13|403|288|0|176|1|92|
13|425|192|0|176|1|92|
13|619|288|0|427|1|93|
13|403|192|0|348|1|113|
13|398|192|0|347|1|111|
13|406|192|0|176|1|92|
13|397|192|0|349|1|109|
13|395|192|0|176|1|92|
13|392|192|0|176|1|92|
13|411|192|0|176|1|92|
13|392|192|0|176|1|92|
13|399|192|0|348|1|117|
13|394|192|0|348|1|113|
13|396|192|0|174|1|92|
13|387|192|0|176|1|92|
13|1164|576|0|176|1|92|
13|1850|960|0|176|1|92|
13|407|192|0|176|1|92|
13|401|192|0|176|1|92|
13|395|192|0|176|1|92|
13|390|192|0|176|1|92|
13|399|192|0|176|1|92|
13|408|192|0|176|1|92|
13|392|192|0|176|1|92|
13|413|192|0|176|1|92|
13|405|192|0|172|1|92|
13|1106|576|0|176|1|92|
13|623|288|0|429|1|93|
13|401|192|0|176|1|92|
13|389|192|0|176|1|92|
13|398|288|0|176|1|92|
13|400|192|0|176|1|92|
13|403|192|0|176|1|92|
13|407|192|0|176|1|92|
13|396|192|0|176|1|92|
13|613|288|0|424|1|93|
13|407|192|0|176|1|92|
13|397|192|0|176|1|92|
13|408|192|0|176|1|92|
13|397|192|0|176|1|92|
13|398|192|0|176|1|92|
13|390|288|0|176|1|92|
13|391|192|0|175|1|92|
13|404|192|0|176|1|92|
13|396|192|0|176|1|92|
13|400|192|0|176|1|92|
13|398|192|0|176|1|92|
13|409|288|0|176|1|92|
13|391|192|0|176|1|92|
13|408|192|0|176|1|92|
13|391|192|0|176|1|92|
13|395|192|0|176|1|92|
13|409|192|0|176|1|92|
13|402|192|0|176|1|92|
13|413|192|0|176|1|92|
13|413|192|0|176|1|92|
13|403|192|0|176|1|92|
13|409|192|0|176|1|92|
13|412|192|0|174|1|92|
13|410|192|0|176|1|92|
13|390|192|0|176|1|92|
13|411|192|0|176|1|92|
13|411|192|0|176|1|92|
13|404|192|0|176|1|92|
13|393|192|0|176|1|92|
13|409|288|0|176|1|92|
13|405|192|0|176|1|92|
13|411|192|0|176|1|92|
13|395|192|0|176|1|92|
13|407|192|0|176|1|92|
13|395|192|0|176|1|92|
13|408|192|0|176|1|92|
13|397|192|0|176|1|92|
13|410|288|0|176|1|92|
13|416|192|0|176|1|92|
13|407|192|0|176|1|92|
13|412|192|0|176|1|92|
13|389|192|0|176|1|92|
13|416|192|0|176|1|92|
13|392|192|0|176|1|92|
13|407|192|0|176|1|92|
13|389|192|0|176|1|92|
13|410|192|0|176|1|92|
13|392|192|0|176|1|92|
13|390|192|0|176|1|92|
13|907|480|0|176|1|92|
13|416|192|0|176|1|92|
13|393|192|0|346|1|111|
13|418|192|0|176|1|92|
13|410|192|0|176|1|92|
13|414|192|0|176|1|92|
13|398|192|0|176|1|92|
13|612|288|0|426|1|93|
13|390|192|0|176|1|92|
13|413|192|0|176|1|92|
13|415|192|0|176|1|92|
13|409|192|0|176|1|92|
13|413|192|0|176|1|92|
13|412|192|0|176|1|92|
13|392|192|0|176|1|92|
13|407|192|0|176|1|92|
13|403|288|0|176|1|92|
13|401|192|0|176|1|92|
13|409|192|0|176|1|92|
13|393|192|0|176|1|92|
13|395|192|0|176|1|92|
13|397|192|0|176|1|92|
13|415|192|0|176|1|92|
13|392|192|0|176|1|92|
13|393|192|0|176|1|92|
13|417|192|0|176|1|92|
13|392|192|0|176|1|92|
13|394|192|0|176|1|92|
13|401|192|0|176|1|92|
13|1779|960|0|176|1|92|
13|381|288|0|175|1|92|
13|406|288|0|176|1|92|
13|375|192|0|174|1|92|
13|409|192|0|176|1|92|
13|416|192|0|176|1|92|
13|400|192|0|176|1|92|
13|399|192|0|174|1|92|
13|395|192|0|175|1|92|
13|410|192|0|176|1|92|
13|397|192|0|176|1|92|
13|409|192|0|176|1|92|
13|409|192|0|176|1|92|
13|410|288|0|176|1|92|
13|415|288|0|176|1|92|
13|394|192|0|176|1|92|
13|418|192|0|176|1|92|
13|393|192|0|176|1|92|
13|417|192|0|176|1|92|
13|392|192|0|176|1|92|
13|393|192|0|176|1|92|
13|392|192|0|176|1|92|
13|396|192|0|176|1|92|
13|410|192|0|176|1|92|
13|394|192|0|176|1|92|
13|410|192|0|176|1|92|
13|417|192|0|176|1|92|
13|411|192|0|176|1|92|
13|399|192|0|174|1|92|
13|409|288|0|176|1|92|
13|400|288|0|176|1|92|
13|409|192|0|176|1|92|
13|404|192|0|176|1|92|
13|398|192|0|176|1|92|
13|403|288|0|176|1|92|
13|393|192|0|176|1|92|
13|401|192|0|176|1|92|
13|403|192|0|176|1|92|
13|412|192|0|176|1|92|
13|410|192|0|176|1|92|
13|414|288|0|176|1|92|
13|409|192|0|176|1|92|
13|405|192|0|176|1|92|
13|410|192|0|176|1|92|
13|409|192|0|176|1|92|
13|403|288|0|176|1|92|
13|399|192|0|176|1|92|
13|391|192|0|176|1|92|
13|400|192|0|176|1|92|
13|391|192|0|176|1|92|
13|401|288|0|176|1|92|
13|389|192|0|176|1|92|
13|407|288|0|174|1|92|
13|391|192|0|176|1|92|
13|405|192|0|176|1|92|
13|412|192|0|176|1|92|
13|406|192|0|176|1|92|
13|412|192|0|176|1|92|
13|409|192|0|176|1|92|
13|393|192|0|176|1|92|
13|390|192|0|176|1|92|
13|391|192|0|176|1|92|
13|391|192|0|176|1|92|
13|390|192|0|176|1|92|
13|389|192|0|176|1|92|
13|401|192|0|176|1|92|
13|415|192|0|176|1|92|
13|380|192|0|175|1|92|
13|407|192|0|176|1|92|
13|411|192|0|176|1|92|
13|409|96|0|176|1|92|
13|394|192|0|176|1|92|
13|1486|768|0|176|1|92|
13|412|288|0|176|1|92|
13|402|192|0|176|1|92|
13|391|192|0|176|1|92|
13|394|192|0|176|1|92|
13|403|192|0|176|1|92|
13|405|192|0|176|1|92|
13|406|192|0|176|1|92|
13|395|192|0|176|1|92|
13|409|192|0|176|1|92|
13|397|192|0|176|1|92|
13|411|192|0|176|1|92|
13|395|192|0|176|1|92|
13|414|192|0|176|1|92|
13|393|192|0|174|1|92|
13|418|192|0|176|1|92|
13|390|192|0|176|1|92|
13|1008|480|0|174|1|92|
13|775|384|0|174|1|92|
13|398|192|0|176|1|92|
13|412|192|0|176|1|92|
13|1060|576|0|176|1|92|
13|410|192|0|176|1|92|
13|398|192|0|176|1|92|
13|404|192|0|176|1|92|
13|409|192|0|176|1|92|
13|408|192|0|176|1|92|
13|401|192|0|176|1|92|
13|399|192|0|176|1|92|
13|402|192|0|176|1|92|
13|414|192|0|176|1|92|
13|1441|768|0|176|1|92|
13|1497|768|0|176|1|92|
13|401|192|0|176|1|92|
13|409|192|0|176|1|92|
13|407|192|0|176|1|92|
13|392|192|0|176|1|92|
13|404|192|0|176|1|92|
13|412|192|0|176|1|92|
13|405|288|0|176|1|92|
13|412|192|0|176|1|92|
13|409|192|0|176|1|92|
13|406|192|0|176|1|92|
13|409|192|0|176|1|92|
13|399|192|0|176|1|92|
13|384|192|0|176|1|92|
13|402|192|0|176|1|92|
13|401|192|0|176|1|92|
13|388|192|0|176|1|92|
13|395|192|0|174|1|92|
13|394|192|0|176|1|92|
13|415|192|0|176|1|92|
13|392|192|0|176|1|92|
13|390|192|0|176|1|92|
13|393|192|0|176|1|92|
13|1269|576|0|176|1|92|
13|403|192|0|176|1|92|
13|390|192|0|174|1|92|
13|749|384|0|176|1|92|
13|395|192|0|176|1|92|
13|399|192|0|176|1|92|
13|415|192|0|176|1|92|
13|411|192|0|176|1|92|
13|408|192|0|176|1|92|
13|398|192|0|176|1|92|
13|404|192|0|176|1|92|
13|397|192|0|176|1|92|
13|394|192|0|176|1|92|
13|404|192|0|176|1|92|
13|393|288|0|176|1|92|
13|409|192|0|176|1|92|
13|1825|960|0|176|1|92|
13|412|192|0|176|1|92|
13|407|192|0|176|1|92|
13|378|288|0|336|1|75|
13|403|192|0|176|1|92|
13|413|192|0|176|1|92|
13|396|192|0|176|1|92|
13|407|192|0|176|1|92|
13|411|192|0|176|1|92|
13|401|288|0|176|1|92|
13|408|192|0|176|1|92|
13|398|192|0|174|1|92|
13|397|192|0|176|1|92|
13|403|192|0|176|1|92|
13|396|192|0|176|1|92|
13|396|192|0|172|1|92|
13|405|288|0|176|1|92|
13|393|288|0|176|1|92|
13|396|192|0|176|1|92|
13|396|288|0|176|1|92|
13|406|192|0|176|1|92|
13|410|192|0|176|1|92|
13|405|192|0|176|1|92|
13|413|192|0|176|1|92|
13|392|192|0|176|1|92|
13|404|192|0|176|1|92|
13|409|192|0|176|1|92|
13|404|192|0|176|1|92|
13|389|192|0|176|1|92|
13|406|192|0|176|1|92|
13|394|288|0|176|1|92|
13|402|192|0|176|1|92|
13|392|192|0|176|1|92|
13|399|192|0|176|1|92|
13|399|192|0|176|1|92|
13|401|192|0|176|1|92|
13|1360|672|0|176|1|92|
13|400|192|0|176|1|92|
13|410|192|0|176|1|92|
13|411|192|0|176|1|92|
13|412|192|0|176|1|92|
13|389|192|0|176|1|92|
13|409|192|0|176|1|92|
13|412|192|0|176|1|92|
13|392|192|0|176|1|92|
13|398|192|0|176|1|92|
13|407|192|0|176|1|92|
13|397|192|0|176|1|92|
13|408|192|0|176|1|92|
13|406|192|0|176|1|92|
13|409|192|0|176|1|92|
13|410|192|0|176|1|92|
13|410|192|0|176|1|92|
13|415|192|0|176|1|92|
13|389|192|0|174|1|92|
13|409|192|0|176|1|92|
13|408|192|0|176|1|92|
13|394|192|0|176|1|92|
13|408|288|0|176|1|92|
13|395|192|0|176|1|92|
13|400|192|0|176|1|92|
13|405|96|0|176|1|92|
13|401|192|0|176|1|92|
13|409|192|0|176|1|92|
13|404|192|0|176|1|92|
13|406|192|0|174|1|92|
13|399|192|0|176|1|92|
13|417|288|0|176|1|92|
13|407|192|0|176|1|92|
13|403|192|0|176|1|92|
13|409|192|0|176|1|92|
13|401|192|0|176|1|92|
13|380|192|0|174|1|92|
13|411|192|0|176|1|92|
13|386|288|0|176|1|92|
13|400|192|0|176|1|92|
13|375|192|0|173|1|92|
13|409|192|0|176|1|92|
13|399|192|0|176|1|92|
13|409|192|0|176|1|92|
13|392|192|0|176|1|92|
13|394|192|0|176|1|92|
13|394|192|0|176|1|92|
13|396|192|0|174|1|92|
13|410|192|0|176|1|92|
13|401|192|0|176|1|92|
13|391|192|0|176|1|92|
13|406|288|0|176|1|92|
13|399|192|0|176|1|92|
13|392|192|0|176|1|92|
13|405|192|0|176|1|92|
13|392|192|0|176|1|92|
13|407|192|0|176|1|92|
13|416|288|0|176|1|92|
13|396|192|0|176|1|92|
13|415|288|0|176|1|92|
13|404|192|0|176|1|92|
13|392|192|0|176|1|92|
13|411|192|0|176|1|92|
13|411|192|0|176|1|92|
13|409|192|0|174|1|92|
13|405|192|0|176|1|92|
13|407|192|0|176|1|92|
13|406|288|0|176|1|92|
13|402|192|0|176|1|92|
13|387|192|0|172|1|92|
13|402|192|0|176|1|92|
13|398|192|0|176|1|92|
13|408|288|0|176|1|92|
13|395|192|0|174|1|92|
13|409|192|0|176|1|92|
13|418|192|0|176|1|92|
13|399|192|0|176|1|92|
13|413|192|0|176|1|92|
13|412|192|0|176|1|92|
13|412|192|0|176|1|92|
13|413|192|0|176|1|92|
13|385|192|0|176|1|92|
13|414|192|0|176|1|92|
13|396|192|0|176|1|92|
13|392|288|0|176|1|92|
13|409|288|0|176|1|92|
13|392|192|0|176|1|92|
13|402|192|0|176|1|92|
13|395|192|0|176|1|92|
13|397|192|0|176|1|92|
13|404|192|0|176|1|92|
13|407|192|0|176|1|92|
13|402|192|0|176|1|92|
13|402|288|0|176|1|92|
13|410|192|0|176|1|92|
13|396|192|0|176|1|92|
13|396|192|0|176|1|92|
13|398|192|0|176|1|92|
13|404|192|0|176|1|92|
13|394|192|0|176|1|92|
13|403|192|0|176|1|92|
13|395|192|0|176|1|92|
13|394|192|0|174|1|92|
13|398|192|0|176|1|92|
13|390|192|0|176|1|92|
13|417|288|0|176|1|92|
13|394|192|0|176|1|92|
13|393|192|0|176|1|92|
13|415|192|0|176|1|92|
13|355|192|0|167|1|92|
13|397|192|0|176|1|92|
13|400|192|0|176|1|92|
13|398|192|0|176|1|92|
13|406|192|0|176|1|92|
13|405|288|0|176|1|92|
13|399|192|0|176|1|92|
13|404|192|0|176|1|92|
13|396|192|0|176|1|92|
13|373|192|0|173|1|92|
13|402|192|0|176|1|92|
13|378|192|0|174|1|92|
13|612|288|0|426|1|93|
13|384|192|0|176|1|92|
13|404|288|0|176|1|92|
13|404|288|0|176|1|92|
13|389|192|0|344|1|111|
13|1288|672|0|176|1|92|
13|388|192|0|176|1|92|
13|396|192|0|176|1|92|
13|408|192|0|176|1|92|
13|396|192|0|176|1|92|
13|684|288|0|176|1|92|
13|409|192|0|176|1|92|
13|392|192|0|176|1|92|
13|386|192|0|176|1|92|
13|393|192|0|176|1|92|
13|403|192|0|176|1|92|
13|395|192|0|176|1|92|
13|397|192|0|176|1|92|
13|396|192|0|176|1|92|
13|411|288|0|176|1|92|
13|393|192|0|176|1|92|
13|393|192|0|176|1|92|
13|388|192|0|176|1|92|
13|823|480|0|414|1|116|
13|394|192|0|176|1|92|
13|389|192|0|344|1|111|
13|396|192|0|176|1|92|
13|388|192|0|176|1|92|
13|399|288|0|349|1|117|
13|391|192|0|176|1|92|
13|389|192|0|176|1|92|
13|399|192|0|176|1|92|
13|393|192|0|176|1|92|
13|392|192|0|176|1|92|
13|408|192|0|176|1|92|
13|380|288|0|175|1|92|
13|413|192|0|176|1|92|
13|400|192|0|176|1|92|
13|411|192|0|176|1|92|
13|394|192|0|176|1|92|
13|400|192|0|176|1|92|
13|411|192|0|176|1|92|
13|602|384|0|426|1|93|
13|416|192|0|352|1|115|
13|394|192|0|176|1|92|
13|380|192|0|175|1|92|
13|406|192|0|176|1|92|
13|411|192|0|176|1|92|
13|410|192|0|176|1|92|
13|409|192|0|176|1|92|
13|401|288|0|176|1|92|
13|406|192|0|176|1|92|
13|408|192|0|176|1|92|
13|402|192|0|176|1|92|
13|413|192|0|176|1|92|
13|400|192|0|176|1|92|
13|389|192|0|176|1|92|
13|603|288|0|176|1|92|
13|399|192|0|176|1|92|
13|1839|960|0|176|1|92|
13|394|192|0|176|1|92|
13|410|192|0|176|1|92|
13|411|192|0|176|1|92|
13|413|192|0|176|1|92|
13|412|288|0|176|1|92|
13|410|192|0|176|1|92|
13|404|192|0|176|1|92|
13|412|192|0|176|1|92|
13|396|192|0|176|1|92|
13|1091|480|0|176|1|92|
13|407|192|0|176|1|92|
13|397|192|0|176|1|92|
13|522|288|0|176|1|92|
13|369|288|0|172|1|92|
13|405|192|0|176|1|92|
13|400|192|0|176|1|92|
13|399|192|0|176|1|92|
13|394|192|0|176|1|92|
13|406|288|0|176|1|92|
13|395|192|0|176|1|92|
13|402|192|0|176|1|92|
13|393|192|0|174|1|92|
13|398|192|0|176|1|92|
13|1255|576|0|176|1|92|
13|403|192|0|176|1|92|
13|393|192|0|176|1|92|
13|390|288|0|176|1|92|
13|404|192|0|176|1|92|
13|392|192|0|176|1|92|
13|398|192|0|174|1|92|
13|395|192|0|176|1|92|
13|405|192|0|176|1|92|
13|387|192|0|176|1|92|
13|388|192|0|176|1|92|
13|388|192|0|176|1|92|
13|392|192|0|176|1|92|
13|389|192|0|176|1|92|
13|396|288|0|176|1|92|
13|393|192|0|176|1|92|
13|402|192|0|176|1|92|
13|393|192|0|176|1|92|
13|411|192|0|176|1|92|
13|390|192|0|176|1|92|
13|400|192|0|176|1|92|
13|411|192|0|176|1|92|
13|397|192|0|176|1|92|
13|408|192|0|176|1|92|
13|401|192|0|176|1|92|
13|1632|864|0|176|1|92|
13|397|192|0|176|1|92|
13|405|192|0|176|1|92|
13|400|192|0|176|1|92|
13|393|192|0|176|1|92|
13|396|288|0|176|1|92|
13|390|288|0|176|1|92|
13|410|192|0|176|1|92|
13|400|192|0|176|1|92|
13|1516|768|0|176|1|92|
13|398|192|0|176|1|92|
13|389|192|0|176|1|92|
13|398|192|0|176|1|92|
13|392|192|0|176|1|92|
13|390|192|0|176|1|92|
13|391|192|0|176|1|92|
13|393|192|0|176|1|92|
13|404|192|0|176|1|92|
13|402|192|0|176|1|92|
13|396|192|0|176|1|92|
13|409|192|0|176|1|92|
13|394|288|0|176|1|92|
13|410|192|0|176|1|92|
13|405|192|0|176|1|92|
13|393|192|0|176|1|92|
13|411|192|0|176|1|92|
13|403|192|0|176|1|92|
13|411|192|0|176|1|92|
13|388|192|0|176|1|92|
13|391|288|0|176|1|92|
13|384|192|0|176|1|92|
13|362|192|0|169|1|92|
13|379|192|0|174|1|92|
13|423|192|0|176|1|92|
13|388|192|0|176|1|92|
13|406|192|0|176|1|92|
13|390|192|0|176|1|92|
13|405|192|0|176|1|92|
13|402|192|0|176|1|92|
13|404|288|0|176|1|92|
13|398|192|0|176|1|92|
13|399|192|0|176|1|92|
13|388|288|0|176|1|92|
13|400|192|0|176|1|92|
13|400|192|0|176|1|92|
13|390|192|0|176|1|92|
13|399|192|0|176|1|92|
13|399|192|0|176|1|92|
13|387|192|0|176|1|92|
13|395|192|0|176|1|92|
13|386|192|0|176|1|92|
13|398|192|0|176|1|92|
13|394|192|0|176|1|92|
13|388|192|0|176|1|92|
13|405|192|0|176|1|92|
13|384|192|0|176|1|92|
13|396|288|0|176|1|92|
13|388|192|0|176|1|92|
13|395|288|0|176|1|92|
13|386|192|0|176|1|92|
13|1198|576|0|176|1|92|
13|388|192|0|176|1|92|
13|392|192|0|176|1|92|
13|395|192|0|176|1|92|
13|394|192|0|176|1|92|
13|391|288|0|176|1|92|
13|390|192|0|174|1|92|
13|401|192|0|174|1|92|
13|392|288|0|176|1|92|
13|402|192|0|176|1|92|
13|391|192|0|176|1|92|
13|397|288|0|176|1|92|
13|390|192|0|176|1|92|
13|393|192|0|176|1|92|
13|401|192|0|176|1|92|
13|394|192|0|176|1|92|
13|398|288|0|174|1|92|
13|395|192|0|176|1|92|
13|388|192|0|176|1|92|
13|400|192|0|176|1|92|
13|397|192|0|176|1|92|
13|391|192|0|176|1|92|
13|398|192|0|176|1|92|
13|388|192|0|176|1|92|
13|404|192|0|176|1|92|
13|395|192|0|176|1|92|
13|386|192|0|176|1|92|
13|402|192|0|176|1|92|
13|397|192|0|176|1|92|
13|408|192|0|176|1|92|
13|603|384|0|176|1|92|
13|409|288|0|176|1|92|
13|411|192|0|176|1|92|
13|405|192|0|176|1|92|
13|408|192|0|176|1|92|
13|473|192|0|176|1|92|
13|406|192|0|174|1|92|
13|401|192|0|176|1|92|
13|409|192|0|176|1|92|
13|407|288|0|176|1|92|
13|406|288|0|176|1|92|
13|405|192|0|176|1|92|
13|385|192|0|176|1|92|
13|407|192|0|176|1|92|
13|388|192|0|176|1|92|
13|366|192|0|171|1|92|
13|397|192|0|176|1|92|
13|356|192|0|167|1|92|
13|386|192|0|176|1|92|
13|387|192|0|176|1|92|
13|384|192|0|176|1|92|
13|403|192|0|176|1|92|
13|386|192|0|176|1|92|
13|598|288|0|423|1|93|
13|406|288|0|176|1|92|
13|388|192|0|176|1|92|
13|396|192|0|176|1|92|
13|402|192|0|176|1|92|
13|392|192|0|176|1|92|
13|396|192|0|176|1|92|
13|390|192|0|176|1|92|
13|393|192|0|176|1|92|
13|399|192|0|176|1|92|
13|407|192|0|176|1|92|
13|617|288|0|426|1|93|
13|410|192|0|176|1|92|
13|1260|672|0|413|1|118|
13|386|192|0|176|1|92|
13|405|288|0|176|1|92|
13|600|288|0|428|1|93|
13|389|192|0|176|1|92|
13|400|192|0|176|1|92|
13|619|384|0|426|1|93|
13|389|192|0|344|1|113|
13|399|192|0|347|1|115|
13|400|192|0|349|1|115|
13|399|192|0|176|1|92|
13|410|192|0|176|1|92|
13|398|192|0|176|1|92|
13|413|192|0|176|1|92|
13|601|288|0|426|1|93|
13|616|384|0|426|1|93|
13|1236|672|0|424|1|93|
13|387|192|0|347|1|109|
13|382|192|0|176|1|92|
13|388|192|0|176|1|92|
13|405|192|0|176|1|92|
13|387|192|0|176|1|92|
13|405|288|0|176|1|92|
13|401|288|0|176|1|92|
13|400|192|0|176|1|92|
13|404|192|0|176|1|92|
13|387|192|0|176|1|92|
13|396|192|0|176|1|92|
13|409|192|0|176|1|92|
13|1522|768|0|176|1|92|
13|411|192|0|176|1|92|
13|386|192|0|176|1|92|
13|389|192|0|176|1|92|
13|401|192|0|176|1|92|
13|386|192|0|176|1|92|
13|389|192|0|176|1|92|
13|393|192|0|176|1|92|
13|385|192|0|176|1|92|
13|403|192|0|176|1|92|
13|383|192|0|176|1|92|
13|402|192|0|176|1|92|
13|410|192|0|176|1|92|
13|401|192|0|176|1|92|
13|409|192|0|176|1|92|
13|397|192|0|176|1|92|
13|387|288|0|176|1|92|
13|405|192|0|176|1|92|
13|399|288|0|176|1|92|
13|390|192|0|176|1|92|
13|400|192|0|176|1|92|
13|391|192|0|176|1|92|
13|381|192|0|175|1|92|
13|391|288|0|176|1|92|
13|384|192|0|176|1|92|
13|412|192|0|176|1|92|
13|384|192|0|176|1|92|
13|394|192|0|176|1|92|
13|410|192|0|176|1|92|
13|604|288|0|428|1|93|
13|398|192|0|347|1|111|
13|400|192|0|176|1|92|
13|405|192|0|351|1|111|
13|402|192|0|351|1|109|
13|407|192|0|350|1|115|
13|407|192|0|350|1|115|
13|403|192|0|176|1|92|
13|403|192|0|174|1|92|
13|398|192|0|176|1|92|
13|406|192|0|176|1|92|
13|608|288|0|426|1|93|
13|409|192|0|176|1|92|
13|396|192|0|176|1|92|
13|410|192|0|176|1|92|
13|392|288|0|176|1|92|
13|623|288|0|425|1|93|
13|399|192|0|347|1|109|
13|398|192|0|348|1|107|
13|406|288|0|350|1|115|
13|392|192|0|176|1|92|
13|405|192|0|176|1|92|
13|397|192|0|176|1|92|
13|408|192|0|176|1|92|
13|405|192|0|353|1|117|
13|404|192|0|176|1|92|
13|402|192|0|176|1|92|
13|410|192|0|176|1|92|
13|392|192|0|176|1|92|
13|408|192|0|176|1|92|
13|400|192|0|176|1|92|
13|403|192|0|176|1|92|
13|608|384|0|424|1|93|
13|387|192|0|344|1|109|
13|406|192|0|176|1|92|
13|386|192|0|176|1|92|
13|385|192|0|176|1|92|
13|388|192|0|176|1|92|
13|382|192|0|176|1|92|
13|402|192|0|352|1|117|
13|414|192|0|354|1|114|
13|399|192|0|176|1|92|
13|389|192|0|176|1|92|
13|396|192|0|176|1|92|
13|402|192|0|176|1|92|
13|406|192|0|176|1|92|
13|393|192|0|176|1|92|
13|408|192|0|176|1|92|
13|387|192|0|176|1|92|
13|411|288|0|176|1|92|
13|388|192|0|176|1|92|
13|390|192|0|176|1|92|
13|385|192|0|176|1|92|
13|407|192|0|176|1|92|
13|408|192|0|176|1|92|
13|402|192|0|176|1|92|
13|406|192|0|176|1|92|
13|404|192|0|176|1|92|
13|392|288|0|176|1|92|
13|403|192|0|176|1|92|
13|396|192|0|176|1|92|
13|411|192|0|176|1|92|
13|395|192|0|176|1|92|
13|407|192|0|176|1|92|
13|402|192|0|176|1|92|
13|394|192|0|176|1|92|
13|389|192|0|176|1|92|
13|393|192|0|176|1|92|
13|390|192|0|176|1|92|
13|398|192|0|176|1|92|
13|401|192|0|176|1|92|
13|390|192|0|174|1|92|
13|408|192|0|176|1|92|
13|413|192|0|176|1|92|
13|403|192|0|176|1|92|
13|405|192|0|176|1|92|
13|396|288|0|176|1|92|
13|404|192|0|176|1|92|
13|404|192|0|176|1|92|
13|1063|576|0|176|1|92|
13|397|192|0|176|1|92|
13|408|192|0|176|1|92|
13|389|192|0|176|1|92|
13|410|192|0|176|1|92|
13|413|192|0|176|1|92|
13|386|192|0|176|1|92|
13|402|192|0|176|1|92|
13|398|192|0|176|1|92|
13|406|192|0|176|1|92|
13|405|192|0|176|1|92|
13|384|192|0|176|1|92|
13|464|288|0|176|1|92|
13|385|192|0|176|1|92|
13|408|288|0|176|1|92|
13|400|192|0|176|1|92|
13|384|288|0|176|1|92|
13|396|288|0|176|1|92|
13|385|288|0|176|1|92|
13|399|192|0|176|1|92|
13|390|192|0|176|1|92|
13|389|192|0|176|1|92|
13|404|192|0|176|1|92|
13|732|384|0|176|1|92|
13|385|192|0|176|1|92|
13|394|192|0|176|1|92|
13|402|288|0|176|1|92|
13|397|192|0|176|1|92|
13|385|192|0|176|1|92|
13|397|192|0|176|1|92|
13|399|192|0|176|1|92|
13|400|192|0|176|1|92|
13|408|288|0|176|1|92|
13|1092|576|0|176|1|92|
13|402|192|0|176|1|92|
13|395|192|0|176|1|92|
13|400|192|0|176|1|92|
13|391|192|0|176|1|92|
13|394|192|0|176|1|92|
13|393|192|0|176|1|92|
13|397|288|0|176|1|92|
