INSTRUCTIONS_RETIRED|CYCLES|UNKNOWN|LD_BLOCKS.STORE_FORWARD|UOPS_EXECUTED.CORE|BR_MISP_RETIRED.ALL_BRANCHES|UOPS_ISSUED.SLOW_LEA|
13|406|192|0|353|1|113|
13|404|192|0|183|1|141|
13|416|288|0|186|1|141|
13|403|192|0|181|1|137|
13|411|192|0|185|1|141|
13|399|192|0|181|1|137|
13|412|192|0|185|1|137|
13|609|384|0|429|1|138|
13|406|192|0|350|1|117|
13|416|192|0|187|1|141|
13|411|192|0|185|1|137|
13|418|192|0|187|1|137|
13|405|192|0|183|1|141|
13|420|192|0|187|1|137|
13|419|192|0|188|1|137|
13|419|288|0|187|1|141|
13|415|192|0|186|1|137|
13|628|288|0|435|1|142|
13|406|288|0|349|1|111|
13|1033|480|0|217|1|137|
13|388|192|0|177|1|141|
13|405|192|0|183|1|141|
13|402|288|0|182|1|137|
13|1438|768|0|217|1|137|
13|401|192|0|181|1|137|
13|411|192|0|352|1|121|
13|393|288|0|177|1|137|
13|414|192|0|186|1|137|
13|392|192|0|179|1|137|
13|360|192|0|167|1|137|
13|594|288|0|422|1|138|
13|612|288|0|430|1|138|
13|411|288|0|185|1|137|
13|412|192|0|185|1|141|
13|410|192|0|184|1|141|
13|413|192|0|185|1|137|
13|402|192|0|182|1|141|
13|416|192|0|186|1|141|
13|409|192|0|184|1|141|
13|408|192|0|184|1|137|
13|410|192|0|184|1|137|
13|632|288|0|437|1|138|
13|614|384|0|430|1|138|
13|420|192|0|354|1|125|
13|399|192|0|180|1|141|
13|413|192|0|185|1|137|
13|420|288|0|188|1|137|
13|403|192|0|182|1|137|
13|361|192|0|335|1|95|
13|410|192|0|185|1|141|
13|420|192|0|187|1|141|
13|414|192|0|185|1|137|
13|391|192|0|178|1|137|
13|405|192|0|183|1|137|
13|394|192|0|178|1|137|
13|423|192|0|355|1|119|
13|406|192|0|183|1|137|
13|419|192|0|187|1|137|
13|413|192|0|185|1|137|
13|403|192|0|182|1|137|
13|409|192|0|184|1|141|
13|628|384|0|434|1|138|
13|405|192|0|183|1|137|
13|392|192|0|178|1|137|
13|407|192|0|183|1|137|
13|398|192|0|180|1|137|
13|404|192|0|182|1|141|
13|405|192|0|183|1|137|
13|404|192|0|182|1|137|
13|405|192|0|183|1|139|
13|400|192|0|180|1|139|
13|405|288|0|180|1|139|
13|406|192|0|183|1|141|
13|627|288|0|438|1|138|
13|622|384|0|435|1|142|
13|417|192|0|187|1|141|
13|410|288|0|184|1|137|
13|607|288|0|430|1|142|
13|413|192|0|185|1|141|
13|397|288|0|180|1|137|
13|413|192|0|185|1|141|
13|420|192|0|358|1|113|
13|419|192|0|188|1|137|
13|400|192|0|180|1|141|
13|409|192|0|184|1|137|
13|413|192|0|185|1|137|
13|404|192|0|182|1|141|
13|418|192|0|186|1|141|
13|400|192|0|181|1|141|
13|899|480|0|466|1|138|
13|408|288|0|184|1|137|
13|407|192|0|183|1|141|
13|404|192|0|349|1|113|
13|416|192|0|186|1|139|
13|407|192|0|352|1|113|
13|370|192|0|171|1|137|
13|1439|768|0|217|1|137|
13|1317|672|0|471|1|142|
13|409|288|0|183|1|137|
13|612|288|0|428|1|138|
13|1533|864|0|457|1|167|
13|614|288|0|431|1|138|
13|400|192|0|182|1|137|
13|416|192|0|353|1|115|
13|403|192|0|349|1|115|
13|411|192|0|185|1|137|
13|402|192|0|182|1|137|
13|406|192|0|182|1|137|
13|376|192|0|173|1|139|
13|401|288|0|181|1|141|
13|380|192|0|175|1|137|
13|409|192|0|185|1|137|
13|414|192|0|186|1|137|
13|395|192|0|179|1|141|
13|417|288|0|187|1|137|
13|394|192|0|179|1|137|
13|1486|768|0|221|1|141|
13|393|192|0|179|1|137|
13|613|288|0|432|1|138|
13|605|288|0|428|1|142|
13|621|384|0|435|1|142|
13|398|192|0|181|1|137|
13|382|192|0|343|1|105|
13|418|192|0|187|1|137|
13|404|192|0|182|1|141|
13|400|192|0|180|1|137|
13|415|192|0|186|1|139|
13|401|192|0|181|1|137|
13|634|384|0|435|1|140|
13|395|192|0|179|1|141|
13|402|192|0|182|1|137|
13|404|192|0|183|1|141|
13|401|192|0|182|1|141|
13|400|192|0|181|1|141|
13|421|288|0|188|1|141|
13|401|192|0|348|1|115|
13|419|192|0|188|1|137|
13|402|192|0|182|1|141|
13|413|192|0|186|1|137|
13|406|288|0|182|1|141|
13|413|192|0|185|1|137|
13|399|192|0|181|1|139|
13|414|192|0|351|1|111|
13|402|192|0|347|1|115|
13|414|288|0|185|1|141|
13|398|192|0|181|1|141|
13|405|192|0|182|1|137|
13|404|192|0|182|1|137|
13|398|192|0|179|1|141|
13|397|192|0|180|1|137|
13|403|192|0|352|1|117|
13|396|192|0|179|1|137|
13|415|192|0|353|1|121|
13|404|192|0|350|1|117|
13|393|192|0|178|1|137|
13|632|288|0|437|1|142|
13|406|288|0|183|1|141|
13|395|192|0|179|1|137|
13|616|288|0|432|1|142|
13|606|384|0|430|1|138|
13|404|192|0|348|1|115|
13|396|192|0|180|1|139|
13|417|192|0|187|1|137|
13|605|288|0|430|1|142|
13|405|288|0|182|1|137|
13|394|192|0|180|1|141|
13|402|192|0|182|1|141|
13|410|192|0|184|1|137|
13|610|288|0|431|1|138|
13|413|192|0|185|1|137|
13|1459|672|0|469|1|142|
13|397|192|0|179|1|137|
13|406|288|0|184|1|137|
13|396|288|0|180|1|141|
13|404|192|0|183|1|137|
13|396|192|0|180|1|137|
13|402|288|0|350|1|117|
13|391|288|0|179|1|141|
13|401|192|0|182|1|137|
13|406|288|0|349|1|117|
13|438|192|0|194|1|137|
13|1516|768|0|465|1|138|
13|405|288|0|350|1|115|
13|407|288|0|184|1|137|
13|497|192|0|214|1|141|
13|392|192|0|179|1|137|
13|406|192|0|183|1|137|
13|392|192|0|177|1|137|
13|392|192|0|178|1|141|
13|615|288|0|432|1|138|
13|393|192|0|344|1|111|
13|410|288|0|185|1|141|
13|396|192|0|179|1|137|
13|1940|1056|0|221|1|141|
13|399|192|0|180|1|137|
13|412|192|0|352|1|113|
13|416|192|0|186|1|141|
13|399|192|0|180|1|137|
13|406|192|0|183|1|137|
13|1169|576|0|217|1|137|
13|416|288|0|186|1|141|
13|417|192|0|187|1|141|
13|397|192|0|178|1|137|
13|418|192|0|187|1|141|
13|616|384|0|434|1|142|
13|621|384|0|432|1|138|
13|417|192|0|354|1|121|
13|626|288|0|437|1|138|
13|622|384|0|435|1|138|
13|408|192|0|184|1|141|
13|624|288|0|435|1|138|
13|410|192|0|184|1|141|
13|421|192|0|187|1|137|
13|415|192|0|353|1|117|
13|410|192|0|185|1|141|
13|418|192|0|187|1|141|
13|398|192|0|180|1|141|
13|420|288|0|187|1|137|
13|402|192|0|181|1|137|
13|417|192|0|187|1|141|
13|395|192|0|179|1|141|
13|405|192|0|182|1|137|
13|405|192|0|183|1|141|
13|410|192|0|184|1|141|
13|622|288|0|434|1|142|
13|408|192|0|183|1|137|
13|397|192|0|180|1|141|
13|399|192|0|180|1|141|
13|616|288|0|431|1|142|
13|397|192|0|346|1|111|
13|411|288|0|184|1|137|
13|399|192|0|180|1|141|
13|411|288|0|185|1|139|
13|1885|960|0|221|1|141|
13|410|288|0|184|1|141|
13|909|384|0|219|1|139|
13|1060|576|0|221|1|141|
13|393|192|0|345|1|111|
13|420|192|0|187|1|137|
13|391|192|0|177|1|137|
13|417|192|0|186|1|141|
13|395|192|0|179|1|141|
13|622|288|0|435|1|140|
13|416|192|0|186|1|139|
13|405|192|0|181|1|137|
13|410|192|0|184|1|141|
13|399|288|0|181|1|137|
13|412|192|0|185|1|137|
13|401|192|0|181|1|141|
13|631|288|0|436|1|142|
13|397|192|0|180|1|137|
13|618|288|0|431|1|142|
13|403|192|0|348|1|117|
13|401|192|0|181|1|137|
13|395|192|0|180|1|137|
13|393|192|0|179|1|137|
13|392|192|0|179|1|137|
13|582|288|0|420|1|142|
13|396|192|0|347|1|109|
13|392|192|0|345|1|111|
13|1327|672|0|466|1|138|
13|398|192|0|179|1|139|
13|399|192|0|181|1|141|
13|403|192|0|182|1|141|
13|404|192|0|183|1|137|
13|403|192|0|349|1|117|
13|385|288|0|175|1|137|
13|404|192|0|183|1|141|
13|406|288|0|182|1|137|
13|416|288|0|187|1|137|
13|399|192|0|181|1|137|
13|414|192|0|186|1|141|
13|606|288|0|429|1|142|
13|414|288|0|186|1|137|
13|397|192|0|348|1|117|
13|407|192|0|183|1|137|
13|541|192|0|217|1|137|
13|409|192|0|184|1|141|
13|1040|480|0|221|1|141|
13|618|288|0|433|1|138|
13|401|192|0|182|1|137|
13|415|192|0|186|1|141|
13|415|192|0|185|1|141|
13|413|192|0|186|1|137|
13|411|192|0|184|1|137|
13|413|192|0|185|1|137|
13|405|192|0|183|1|141|
13|410|192|0|185|1|137|
13|416|192|0|187|1|141|
13|409|192|0|184|1|141|
13|406|192|0|183|1|141|
13|410|192|0|184|1|141|
13|622|384|0|432|1|138|
13|417|192|0|353|1|121|
13|411|192|0|350|1|117|
13|1395|672|0|217|1|137|
13|406|192|0|183|1|137|
13|624|384|0|434|1|142|
13|1532|864|0|467|1|138|
13|409|192|0|183|1|141|
13|422|192|0|188|1|137|
13|411|192|0|185|1|137|
13|402|192|0|349|1|111|
13|419|192|0|355|1|113|
13|398|192|0|181|1|141|
13|394|192|0|178|1|141|
13|612|288|0|428|1|142|
13|632|384|0|437|1|138|
13|408|192|0|350|1|113|
13|423|192|0|354|1|119|
13|409|192|0|184|1|141|
13|406|192|0|182|1|141|
13|410|192|0|184|1|137|
13|409|192|0|184|1|141|
13|400|192|0|349|1|111|
13|398|192|0|180|1|141|
13|397|192|0|180|1|141|
13|410|192|0|184|1|137|
13|422|192|0|353|1|119|
13|400|192|0|348|1|111|
13|411|192|0|185|1|137|
13|405|192|0|183|1|137|
13|414|192|0|186|1|137|
13|413|192|0|355|1|111|
13|402|192|0|182|1|141|
13|416|288|0|186|1|141|
13|683|288|0|456|1|138|
13|405|192|0|182|1|141|
13|416|192|0|187|1|137|
13|416|192|0|187|1|137|
13|410|192|0|185|1|141|
13|419|288|0|187|1|137|
13|403|192|0|350|1|117|
13|611|288|0|429|1|138|
13|401|192|0|182|1|137|
13|391|192|0|179|1|137|
13|370|192|0|337|1|103|
13|395|192|0|180|1|141|
13|408|192|0|184|1|141|
13|406|192|0|184|1|137|
13|409|192|0|184|1|137|
13|397|192|0|180|1|139|
13|409|288|0|184|1|137|
13|396|192|0|179|1|137|
13|415|192|0|355|1|113|
13|414|288|0|186|1|141|
13|412|192|0|352|1|111|
13|404|192|0|182|1|137|
13|397|192|0|347|1|107|
13|406|192|0|183|1|141|
13|406|192|0|182|1|141|
13|415|192|0|185|1|141|
13|403|192|0|182|1|137|
13|402|288|0|182|1|141|
13|412|192|0|352|1|115|
13|405|192|0|183|1|141|
13|398|192|0|180|1|137|
13|402|192|0|182|1|141|
13|620|288|0|430|1|142|
13|397|192|0|349|1|111|
13|400|192|0|348|1|115|
13|405|192|0|183|1|137|
13|414|192|0|352|1|115|
13|416|192|0|186|1|141|
13|413|192|0|353|1|111|
13|400|192|0|180|1|141|
13|394|192|0|178|1|137|
13|409|288|0|185|1|137|
13|402|192|0|182|1|137|
13|412|192|0|185|1|137|
13|617|288|0|431|1|142|
13|396|192|0|180|1|137|
13|403|192|0|182|1|137|
13|398|192|0|181|1|141|
13|417|288|0|354|1|113|
13|414|192|0|352|1|113|
13|417|192|0|186|1|137|
13|394|288|0|179|1|141|
13|413|192|0|186|1|141|
13|396|192|0|180|1|141|
13|400|192|0|182|1|137|
13|399|288|0|180|1|137|
13|1367|768|0|221|1|141|
13|401|192|0|181|1|141|
13|622|288|0|432|1|142|
13|408|192|0|184|1|137|
13|421|192|0|354|1|119|
13|422|192|0|188|1|137|
13|419|192|0|354|1|115|
13|424|192|0|354|1|119|
13|400|192|0|181|1|137|
13|412|192|0|184|1|137|
13|399|192|0|179|1|137|
13|407|192|0|183|1|141|
13|421|192|0|354|1|119|
13|406|288|0|183|1|141|
13|418|192|0|186|1|141|
13|413|192|0|186|1|137|
13|1447|768|0|217|1|137|
13|411|288|0|185|1|137|
13|621|288|0|432|1|138|
13|402|192|0|182|1|137|
13|408|192|0|183|1|141|
13|624|384|0|433|1|138|
13|417|192|0|186|1|137|
13|863|384|0|217|1|137|
13|410|192|0|184|1|137|
13|413|192|0|185|1|137|
13|940|384|0|221|1|141|
13|408|192|0|184|1|141|
13|405|192|0|182|1|137|
13|401|192|0|182|1|141|
13|392|192|0|179|1|137|
13|413|192|0|185|1|137|
13|1885|960|0|458|1|165|
13|383|288|0|175|1|137|
13|606|288|0|427|1|142|
13|617|288|0|431|1|142|
13|391|192|0|178|1|141|
13|404|192|0|183|1|137|
13|404|192|0|183|1|141|
13|416|192|0|187|1|141|
13|405|288|0|183|1|141|
13|430|384|0|191|1|141|
13|419|192|0|188|1|141|
13|409|192|0|184|1|141|
13|401|192|0|182|1|141|
13|413|192|0|186|1|137|
13|409|192|0|184|1|141|
13|413|192|0|186|1|137|
13|397|192|0|180|1|137|
13|413|192|0|186|1|141|
13|406|192|0|183|1|141|
13|399|192|0|181|1|137|
13|396|192|0|180|1|141|
13|413|192|0|186|1|141|
13|399|192|0|181|1|137|
13|409|192|0|184|1|137|
13|413|288|0|186|1|141|
13|410|288|0|185|1|137|
13|405|192|0|183|1|141|
13|399|192|0|181|1|137|
13|415|192|0|186|1|141|
13|414|192|0|186|1|141|
13|402|192|0|182|1|137|
13|408|192|0|184|1|141|
13|418|288|0|187|1|141|
13|416|192|0|187|1|141|
13|415|192|0|186|1|137|
13|405|192|0|182|1|141|
13|397|192|0|180|1|137|
13|404|192|0|182|1|141|
13|418|192|0|187|1|141|
13|395|192|0|180|1|137|
13|405|192|0|183|1|137|
13|415|192|0|187|1|141|
13|392|192|0|179|1|137|
13|415|288|0|187|1|137|
13|413|192|0|186|1|141|
13|404|192|0|182|1|137|
13|414|192|0|186|1|137|
13|395|192|0|178|1|137|
13|407|192|0|184|1|141|
13|395|192|0|178|1|141|
13|409|192|0|184|1|137|
13|404|192|0|183|1|141|
13|404|192|0|183|1|137|
13|394|192|0|180|1|141|
13|403|192|0|182|1|137|
13|392|192|0|179|1|141|
13|1121|576|0|221|1|141|
13|389|192|0|178|1|137|
13|414|192|0|186|1|141|
13|403|192|0|183|1|141|
13|394|192|0|180|1|141|
13|400|192|0|182|1|141|
13|401|192|0|182|1|137|
13|398|192|0|180|1|141|
13|401|192|0|182|1|141|
13|411|192|0|185|1|141|
13|402|192|0|182|1|141|
13|397|192|0|181|1|137|
13|402|192|0|182|1|137|
13|407|192|0|184|1|141|
13|412|192|0|185|1|137|
13|396|192|0|180|1|137|
13|400|192|0|181|1|137|
13|393|192|0|179|1|137|
13|395|192|0|180|1|137|
13|412|192|0|185|1|137|
13|389|192|0|178|1|141|
13|388|192|0|177|1|137|
13|392|192|0|178|1|141|
13|397|192|0|180|1|141|
13|403|192|0|182|1|137|
13|414|192|0|186|1|137|
13|398|192|0|181|1|141|
13|402|288|0|182|1|137|
13|411|192|0|185|1|141|
13|395|192|0|180|1|141|
13|414|192|0|186|1|137|
13|407|192|0|184|1|137|
13|402|192|0|181|1|141|
13|393|192|0|179|1|137|
13|395|192|0|180|1|141|
13|395|192|0|180|1|141|
13|402|192|0|182|1|137|
13|394|192|0|179|1|141|
13|403|192|0|182|1|141|
13|415|192|0|186|1|137|
13|394|192|0|179|1|141|
13|414|192|0|186|1|137|
13|399|192|0|181|1|141|
13|413|288|0|185|1|137|
13|1005|480|0|217|1|137|
13|417|288|0|187|1|137|
13|410|192|0|184|1|141|
13|420|192|0|188|1|137|
13|403|192|0|182|1|137|
13|400|192|0|181|1|137|
13|416|192|0|186|1|137|
13|421|192|0|188|1|141|
13|420|192|0|188|1|137|
13|405|192|0|183|1|137|
13|419|192|0|187|1|141|
13|403|192|0|182|1|141|
13|417|192|0|187|1|141|
13|411|192|0|185|1|137|
13|417|192|0|187|1|137|
13|397|192|0|180|1|141|
13|405|192|0|183|1|141|
13|417|192|0|187|1|141|
13|395|288|0|178|1|137|
13|396|192|0|179|1|141|
13|1470|768|0|221|1|141|
13|415|192|0|186|1|141|
13|399|192|0|181|1|137|
13|402|192|0|182|1|137|
13|399|192|0|181|1|141|
13|414|192|0|186|1|137|
13|1972|960|0|217|1|137|
13|406|192|0|184|1|141|
13|399|192|0|181|1|141|
13|405|192|0|183|1|141|
13|399|192|0|181|1|137|
13|408|192|0|184|1|137|
13|415|192|0|187|1|141|
13|406|192|0|184|1|141|
13|402|288|0|182|1|137|
13|401|192|0|180|1|141|
13|402|192|0|182|1|137|
13|404|192|0|183|1|141|
13|404|192|0|183|1|137|
13|401|192|0|182|1|137|
13|401|192|0|182|1|137|
13|399|192|0|181|1|141|
13|405|192|0|182|1|141|
13|413|288|0|186|1|141|
13|1681|864|0|217|1|137|
13|409|192|0|184|1|137|
13|413|192|0|186|1|141|
13|377|192|0|174|1|141|
13|412|192|0|185|1|137|
13|367|288|0|170|1|141|
13|410|288|0|184|1|137|
13|412|192|0|185|1|141|
13|407|192|0|183|1|137|
13|409|192|0|184|1|137|
13|404|288|0|183|1|141|
13|411|192|0|185|1|137|
13|407|288|0|183|1|137|
13|408|192|0|184|1|141|
13|630|288|0|221|1|141|
13|408|192|0|184|1|141|
13|416|192|0|187|1|137|
13|409|192|0|184|1|137|
13|411|192|0|185|1|141|
13|951|480|0|221|1|141|
13|1400|768|0|221|1|141|
13|404|192|0|182|1|141|
13|407|288|0|183|1|137|
13|406|192|0|184|1|141|
13|398|192|0|181|1|141|
13|404|192|0|183|1|141|
13|400|192|0|181|1|137|
13|415|288|0|185|1|141|
13|397|192|0|181|1|137|
13|1703|768|0|221|1|141|
13|400|192|0|181|1|137|
13|407|192|0|184|1|141|
13|412|192|0|185|1|141|
13|402|192|0|182|1|141|
13|412|192|0|186|1|141|
13|401|288|0|182|1|137|
13|409|288|0|185|1|137|
13|418|192|0|187|1|141|
13|403|192|0|181|1|137|
13|413|288|0|186|1|141|
13|421|192|0|188|1|141|
13|397|192|0|180|1|141|
13|1715|864|0|221|1|141|
13|393|192|0|179|1|141|
13|394|192|0|179|1|141|
13|414|192|0|186|1|141|
13|397|192|0|180|1|137|
13|406|192|0|183|1|141|
13|394|192|0|179|1|141|
13|404|192|0|183|1|141|
13|392|192|0|179|1|137|
13|411|192|0|183|1|141|
13|402|192|0|182|1|141|
13|411|192|0|185|1|137|
13|404|192|0|182|1|137|
13|412|192|0|185|1|137|
13|401|192|0|181|1|137|
13|414|192|0|185|1|137|
13|404|192|0|182|1|141|
13|391|192|0|179|1|141|
13|406|192|0|182|1|141|
13|396|192|0|180|1|141|
13|405|192|0|183|1|137|
13|401|192|0|182|1|141|
13|405|192|0|183|1|137|
13|412|192|0|186|1|137|
13|391|192|0|178|1|141|
13|408|192|0|184|1|141|
13|398|288|0|181|1|141|
13|401|192|0|182|1|141|
13|411|288|0|185|1|141|
13|399|192|0|181|1|141|
13|409|192|0|185|1|137|
13|401|192|0|182|1|137|
13|412|192|0|186|1|137|
13|766|384|0|217|1|137|
13|409|192|0|185|1|141|
13|401|192|0|182|1|141|
13|383|192|0|175|1|139|
13|402|192|0|182|1|141|
13|395|192|0|180|1|137|
13|827|480|0|217|1|137|
13|396|192|0|180|1|137|
13|397|288|0|180|1|141|
13|388|288|0|177|1|141|
13|400|192|0|181|1|141|
13|402|192|0|182|1|137|
13|398|288|0|181|1|137|
13|401|192|0|182|1|141|
13|415|288|0|186|1|141|
13|405|192|0|181|1|137|
13|402|192|0|182|1|137|
13|398|192|0|181|1|141|
13|407|192|0|183|1|137|
13|402|192|0|181|1|137|
13|1450|672|0|221|1|141|
13|397|192|0|180|1|137|
13|407|192|0|183|1|141|
13|395|192|0|179|1|137|
13|402|192|0|182|1|141|
13|412|192|0|185|1|137|
13|403|192|0|182|1|137|
13|403|192|0|182|1|141|
13|593|288|0|217|1|137|
13|1354|672|0|217|1|137|
13|447|192|0|373|1|80|
13|404|192|0|181|1|141|
13|410|192|0|184|1|137|
13|402|192|0|182|1|137|
13|397|192|0|180|1|141|
13|402|192|0|182|1|137|
13|419|192|0|187|1|137|
13|408|192|0|184|1|141|
13|400|192|0|181|1|137|
13|400|192|0|181|1|137|
13|407|288|0|183|1|141|
13|415|192|0|186|1|137|
13|407|192|0|184|1|137|
13|414|288|0|186|1|141|
13|408|192|0|183|1|137|
13|404|192|0|182|1|137|
13|1970|960|0|217|1|137|
13|420|192|0|187|1|141|
13|409|192|0|184|1|141|
13|398|192|0|181|1|137|
13|413|192|0|186|1|137|
13|401|288|0|181|1|141|
13|397|192|0|180|1|137|
13|396|192|0|180|1|137|
13|395|192|0|179|1|141|
13|397|192|0|180|1|141|
13|395|192|0|180|1|137|
13|403|192|0|181|1|141|
13|399|96|0|181|1|137|
13|405|288|0|183|1|137|
13|399|288|0|181|1|141|
13|394|192|0|180|1|137|
13|398|192|0|179|1|137|
13|402|192|0|182|1|141|
13|410|192|0|185|1|141|
13|402|192|0|182|1|137|
13|563|192|0|221|1|141|
13|402|192|0|181|1|141|
13|1792|1056|0|221|1|141|
13|401|192|0|182|1|141|
13|401|192|0|181|1|141|
13|398|192|0|181|1|137|
13|400|192|0|181|1|141|
13|399|192|0|181|1|137|
13|398|192|0|181|1|141|
13|416|192|0|186|1|141|
13|399|288|0|181|1|141|
13|414|192|0|186|1|137|
13|404|192|0|183|1|137|
13|409|192|0|184|1|141|
13|408|192|0|183|1|141|
13|403|288|0|182|1|141|
13|419|192|0|188|1|141|
13|405|288|0|183|1|137|
13|405|192|0|183|1|141|
13|415|192|0|186|1|141|
13|404|192|0|182|1|141|
13|407|288|0|183|1|137|
13|358|192|0|167|1|139|
13|436|192|0|193|1|141|
13|388|192|0|177|1|137|
13|414|192|0|186|1|141|
13|398|192|0|181|1|141|
13|415|192|0|186|1|141|
13|403|192|0|182|1|141|
13|395|192|0|179|1|137|
13|404|192|0|183|1|137|
13|418|192|0|187|1|137|
13|384|192|0|176|1|137|
13|394|192|0|179|1|141|
13|399|192|0|181|1|141|
13|399|192|0|181|1|141|
13|397|192|0|180|1|141|
13|408|288|0|183|1|137|
13|398|192|0|181|1|137|
13|399|192|0|181|1|141|
13|408|192|0|184|1|141|
13|412|192|0|186|1|141|
13|410|192|0|185|1|141|
13|404|192|0|183|1|141|
13|395|192|0|180|1|141|
13|404|192|0|183|1|141|
13|399|192|0|181|1|137|
13|405|192|0|183|1|141|
13|400|192|0|181|1|137|
13|407|288|0|184|1|137|
13|805|384|0|219|1|139|
13|408|192|0|183|1|139|
13|405|192|0|183|1|141|
13|399|192|0|181|1|137|
13|405|288|0|183|1|137|
13|401|192|0|182|1|137|
13|409|192|0|183|1|137|
13|404|192|0|182|1|141|
13|415|192|0|186|1|137|
13|410|192|0|184|1|141|
13|404|192|0|182|1|137|
13|404|192|0|182|1|141|
13|414|192|0|186|1|139|
13|403|192|0|182|1|139|
13|414|192|0|186|1|141|
13|835|384|0|217|1|137|
13|412|192|0|185|1|137|
13|414|192|0|186|1|141|
13|418|288|0|187|1|137|
13|413|288|0|185|1|137|
13|401|192|0|181|1|137|
13|402|192|0|182|1|141|
13|408|192|0|184|1|141|
13|410|288|0|185|1|137|
13|390|192|0|177|1|137|
13|411|192|0|185|1|137|
13|417|192|0|187|1|137|
13|415|192|0|185|1|137|
13|410|192|0|182|1|137|
13|395|192|0|179|1|137|
13|410|192|0|185|1|137|
13|393|192|0|179|1|141|
13|410|192|0|185|1|137|
13|404|288|0|183|1|141|
13|394|192|0|179|1|141|
13|420|192|0|187|1|141|
13|398|192|0|181|1|137|
13|394|192|0|180|1|141|
13|411|288|0|184|1|141|
13|413|192|0|185|1|137|
13|413|192|0|185|1|141|
13|395|192|0|179|1|137|
13|415|192|0|186|1|141|
13|1610|864|0|221|1|141|
13|402|192|0|182|1|137|
13|406|192|0|183|1|137|
13|399|192|0|181|1|141|
13|381|192|0|175|1|137|
13|409|192|0|184|1|139|
13|407|192|0|184|1|137|
13|398|192|0|181|1|137|
13|417|192|0|187|1|137|
13|400|192|0|181|1|141|
13|417|288|0|187|1|141|
13|397|192|0|181|1|137|
13|415|288|0|187|1|137|
13|401|192|0|181|1|141|
13|417|192|0|187|1|141|
13|402|192|0|182|1|137|
13|401|192|0|180|1|137|
13|395|192|0|180|1|141|
13|402|192|0|182|1|137|
13|396|192|0|180|1|137|
13|415|192|0|187|1|137|
13|1531|768|0|221|1|141|
13|407|192|0|184|1|141|
13|403|192|0|182|1|141|
13|395|192|0|180|1|141|
13|406|192|0|183|1|141|
13|397|192|0|180|1|141|
13|406|192|0|183|1|141|
13|410|192|0|185|1|137|
13|392|192|0|179|1|137|
13|415|192|0|186|1|141|
13|413|192|0|186|1|141|
13|409|192|0|184|1|141|
13|1563|768|0|219|1|141|
13|405|192|0|183|1|137|
13|402|192|0|182|1|137|
13|409|192|0|184|1|137|
13|404|192|0|183|1|137|
13|412|192|0|185|1|141|
13|404|192|0|183|1|141|
13|416|192|0|186|1|137|
13|404|192|0|182|1|141|
13|406|192|0|183|1|137|
13|402|192|0|182|1|141|
13|406|192|0|181|1|141|
13|399|192|0|181|1|141|
13|396|288|0|179|1|141|
13|400|192|0|180|1|141|
13|393|192|0|178|1|141|
13|409|192|0|184|1|141|
13|411|288|0|185|1|137|
13|411|288|0|185|1|141|
13|408|192|0|184|1|141|
13|398|192|0|181|1|137|
13|406|192|0|183|1|137|
13|409|192|0|184|1|141|
13|398|192|0|180|1|141|
13|407|192|0|182|1|141|
13|400|288|0|181|1|137|
13|959|480|0|217|1|137|
13|415|192|0|185|1|137|
13|413|192|0|186|1|137|
13|412|192|0|185|1|141|
13|395|192|0|180|1|141|
13|404|192|0|182|1|137|
13|414|192|0|186|1|141|
13|418|192|0|187|1|141|
13|402|192|0|182|1|141|
13|416|192|0|187|1|137|
13|405|192|0|183|1|137|
13|402|192|0|182|1|141|
13|391|192|0|178|1|137|
13|404|288|0|183|1|137|
13|393|192|0|179|1|137|
13|413|192|0|186|1|137|
13|399|288|0|181|1|141|
13|416|192|0|187|1|137|
13|773|384|0|217|1|137|
13|416|192|0|187|1|137|
13|414|192|0|185|1|137|
13|412|192|0|186|1|137|
13|367|192|0|170|1|141|
13|391|192|0|178|1|137|
13|402|192|0|182|1|141|
13|385|192|0|176|1|141|
13|410|192|0|184|1|141|
13|404|192|0|183|1|141|
13|392|192|0|179|1|141|
13|430|288|0|190|1|137|
13|394|192|0|179|1|137|
13|411|192|0|185|1|141|
13|398|192|0|181|1|137|
13|407|192|0|184|1|137|
13|401|192|0|181|1|141|
13|406|192|0|183|1|137|
13|1553|768|0|221|1|141|
13|409|192|0|184|1|141|
13|407|192|0|183|1|141|
13|415|192|0|186|1|141|
13|407|192|0|184|1|137|
13|406|192|0|183|1|137|
13|407|192|0|184|1|141|
13|405|192|0|182|1|137|
13|1205|672|0|221|1|141|
13|398|288|0|180|1|137|
13|419|192|0|187|1|137|
13|414|192|0|186|1|137|
13|398|96|0|180|1|137|
13|418|192|0|186|1|141|
13|409|192|0|183|1|137|
13|398|192|0|180|1|137|
13|411|192|0|185|1|137|
13|402|288|0|182|1|141|
13|413|192|0|186|1|137|
13|400|288|0|181|1|137|
13|407|192|0|184|1|137|
13|655|384|0|217|1|137|
13|402|192|0|182|1|137|
13|401|192|0|182|1|137|
13|400|192|0|182|1|137|
13|403|288|0|183|1|137|
13|416|192|0|187|1|137|
13|905|480|0|221|1|141|
13|414|192|0|186|1|137|
13|398|192|0|179|1|137|
13|411|192|0|184|1|141|
13|402|192|0|182|1|141|
13|401|288|0|182|1|137|
13|769|384|0|221|1|141|
13|418|192|0|187|1|137|
13|389|192|0|178|1|137|
13|412|192|0|183|1|141|
13|394|192|0|180|1|137|
13|390|192|0|178|1|137|
13|409|192|0|184|1|137|
13|394|192|0|179|1|141|
13|404|192|0|183|1|137|
13|402|192|0|182|1|141|
13|1774|864|0|221|1|141|
13|396|192|0|180|1|137|
13|394|192|0|179|1|137|
13|413|192|0|185|1|141|
13|397|192|0|179|1|137|
13|1729|864|0|221|1|141|
13|404|192|0|183|1|137|
13|416|192|0|187|1|141|
13|402|192|0|182|1|141|
13|418|192|0|187|1|137|
13|412|192|0|186|1|137|
13|413|192|0|186|1|137|
13|404|192|0|183|1|141|
13|401|288|0|182|1|141|
13|405|192|0|183|1|141|
13|405|192|0|183|1|137|
13|407|192|0|183|1|141|
13|406|288|0|183|1|137|
13|401|192|0|182|1|141|
13|408|192|0|184|1|141|
13|398|192|0|181|1|141|
13|403|288|0|182|1|137|
13|407|192|0|183|1|137|
13|396|192|0|180|1|137|
13|822|384|0|221|1|141|
13|391|192|0|178|1|137|
13|399|192|0|181|1|141|
13|401|192|0|182|1|137|
13|408|192|0|184|1|137|
13|404|288|0|183|1|141|
13|405|288|0|183|1|141|
13|399|192|0|181|1|137|
13|750|384|0|221|1|141|
13|403|192|0|182|1|141|
13|401|192|0|182|1|137|
13|392|192|0|179|1|137|
13|403|288|0|182|1|141|
13|410|192|0|184|1|141|
13|406|192|0|182|1|141|
13|392|192|0|179|1|137|
13|404|192|0|183|1|137|
13|411|192|0|185|1|137|
13|390|288|0|178|1|141|
13|1498|768|0|217|1|137|
13|397|192|0|180|1|137|
13|398|192|0|180|1|141|
13|394|192|0|179|1|141|
13|402|192|0|181|1|141|
13|396|192|0|179|1|137|
13|398|192|0|180|1|137|
13|390|192|0|178|1|137|
13|403|288|0|181|1|137|
13|391|192|0|178|1|141|
13|394|192|0|178|1|141|
13|408|192|0|183|1|137|
13|410|192|0|184|1|141|
13|411|192|0|184|1|141|
13|411|288|0|184|1|137|
13|403|192|0|181|1|139|
13|857|384|0|221|1|141|
13|407|192|0|183|1|137|
13|936|384|0|221|1|141|
13|410|192|0|184|1|137|
13|406|192|0|182|1|137|
13|394|192|0|178|1|141|
13|402|192|0|181|1|141|
13|393|192|0|178|1|141|
13|408|192|0|183|1|141|
13|413|192|0|185|1|137|
13|407|96|0|183|1|141|
