INSTRUCTIONS_RETIRED|CYCLES|UNKNOWN|LD_BLOCKS.STORE_FORWARD|UOPS_EXECUTED.CORE|BR_MISP_RETIRED.ALL_BRANCHES|UOPS_ISSUED.SLOW_LEA|
13|396|192|0|181|1|141|
13|379|192|0|175|1|141|
13|402|288|0|182|1|141|
13|402|192|0|182|1|137|
13|405|192|0|183|1|137|
13|393|192|0|180|1|137|
13|384|192|0|176|1|141|
13|1441|768|0|217|1|137|
13|392|192|0|179|1|137|
13|399|192|0|181|1|137|
13|395|192|0|180|1|137|
13|382|192|0|176|1|139|
13|1884|1056|0|221|1|141|
13|1649|864|0|221|1|141|
13|379|192|0|175|1|137|
13|359|192|0|168|1|141|
13|393|288|0|179|1|141|
13|381|192|0|175|1|141|
13|361|192|0|169|1|139|
13|385|192|0|177|1|137|
13|400|288|0|182|1|141|
13|386|192|0|177|1|139|
13|379|288|0|175|1|141|
13|382|288|0|176|1|137|
13|389|192|0|175|1|139|
13|404|96|0|183|1|141|
13|384|192|0|176|1|141|
13|404|192|0|183|1|141|
13|398|192|0|180|1|139|
13|400|192|0|182|1|141|
13|394|192|0|178|1|137|
13|402|288|0|182|1|141|
13|394|288|0|180|1|139|
13|397|192|0|181|1|141|
13|396|192|0|180|1|137|
13|403|192|0|183|1|137|
13|398|288|0|181|1|137|
13|392|192|0|179|1|137|
13|401|192|0|182|1|141|
13|383|288|0|176|1|141|
13|404|192|0|183|1|141|
13|385|192|0|177|1|137|
13|386|192|0|177|1|137|
13|385|192|0|177|1|137|
13|399|288|0|181|1|141|
13|399|288|0|181|1|137|
13|400|288|0|182|1|137|
13|400|192|0|182|1|141|
13|385|192|0|175|1|137|
13|405|192|0|183|1|141|
13|387|192|0|177|1|137|
13|405|192|0|183|1|137|
13|386|192|0|177|1|137|
13|384|288|0|176|1|141|
13|400|288|0|182|1|137|
13|384|192|0|176|1|137|
13|398|192|0|181|1|137|
13|383|192|0|176|1|137|
13|400|192|0|182|1|137|
13|395|192|0|180|1|137|
13|403|192|0|183|1|141|
13|393|192|0|179|1|141|
13|390|192|0|178|1|141|
13|381|192|0|175|1|137|
13|383|192|0|176|1|141|
13|401|192|0|182|1|141|
13|381|192|0|175|1|137|
13|399|192|0|181|1|137|
13|805|480|0|221|1|141|
13|388|288|0|178|1|137|
13|387|192|0|177|1|137|
13|393|192|0|179|1|137|
13|386|96|0|177|1|141|
13|385|288|0|177|1|141|
13|401|192|0|182|1|141|
13|397|288|0|181|1|137|
13|396|192|0|180|1|137|
13|390|192|0|178|1|137|
13|398|192|0|181|1|137|
13|383|192|0|176|1|141|
13|379|288|0|175|1|137|
13|391|192|0|179|1|137|
13|386|192|0|177|1|137|
13|385|192|0|177|1|141|
13|401|192|0|182|1|137|
13|396|192|0|180|1|141|
13|403|288|0|183|1|141|
13|399|192|0|181|1|137|
13|399|192|0|181|1|137|
13|382|192|0|176|1|137|
13|1770|960|0|221|1|141|
13|1871|960|0|217|1|137|
13|391|192|0|179|1|137|
13|385|192|0|177|1|137|
13|391|192|0|179|1|137|
13|395|192|0|180|1|141|
13|410|192|0|185|1|137|
13|385|288|0|177|1|137|
13|376|192|0|174|1|141|
13|398|192|0|181|1|141|
13|380|192|0|175|1|141|
13|385|192|0|177|1|137|
13|378|192|0|175|1|137|
13|387|192|0|178|1|141|
13|407|192|0|184|1|137|
13|1718|864|0|217|1|137|
13|387|192|0|177|1|137|
13|402|192|0|183|1|137|
13|390|96|0|179|1|137|
13|403|192|0|183|1|141|
13|1533|864|0|221|1|141|
13|384|192|0|176|1|141|
13|383|288|0|176|1|137|
13|407|192|0|184|1|137|
13|391|192|0|179|1|137|
13|407|192|0|184|1|137|
13|404|192|0|183|1|137|
13|396|192|0|180|1|137|
13|385|192|0|177|1|137|
13|386|288|0|177|1|141|
13|389|192|0|178|1|141|
13|397|192|0|181|1|141|
13|403|192|0|183|1|137|
13|396|192|0|180|1|137|
13|406|288|0|184|1|137|
13|386|288|0|177|1|141|
13|390|192|0|178|1|141|
13|384|192|0|176|1|137|
13|381|192|0|176|1|141|
13|392|288|0|179|1|137|
13|388|192|0|178|1|137|
13|387|192|0|177|1|141|
13|390|192|0|178|1|137|
13|391|192|0|179|1|137|
13|385|288|0|177|1|141|
13|388|192|0|178|1|141|
13|386|192|0|177|1|141|
13|393|192|0|180|1|137|
13|385|192|0|177|1|141|
13|377|192|0|174|1|137|
13|403|192|0|183|1|141|
13|1598|864|0|217|1|137|
13|400|288|0|181|1|137|
13|401|192|0|182|1|141|
13|378|192|0|175|1|137|
13|399|192|0|181|1|137|
13|377|192|0|174|1|137|
13|396|192|0|181|1|137|
13|380|192|0|175|1|137|
13|390|192|0|179|1|137|
13|378|192|0|175|1|141|
13|396|192|0|181|1|137|
13|397|288|0|181|1|141|
13|379|192|0|172|1|137|
13|782|384|0|221|1|141|
13|407|192|0|184|1|141|
13|377|192|0|174|1|141|
13|403|192|0|183|1|141|
13|379|192|0|175|1|141|
13|404|192|0|183|1|137|
13|385|192|0|177|1|137|
13|390|192|0|178|1|137|
13|356|96|0|167|1|137|
13|407|192|0|184|1|141|
13|399|192|0|181|1|137|
13|394|192|0|180|1|137|
13|586|288|0|221|1|141|
13|386|192|0|177|1|137|
13|401|192|0|182|1|137|
13|393|192|0|180|1|137|
13|410|192|0|185|1|137|
13|399|192|0|350|1|113|
13|409|192|0|185|1|141|
13|389|192|0|178|1|141|
13|406|288|0|184|1|141|
13|392|288|0|179|1|137|
13|411|192|0|186|1|137|
13|390|192|0|178|1|137|
13|404|192|0|183|1|141|
13|393|192|0|180|1|137|
13|403|192|0|183|1|141|
13|402|192|0|183|1|141|
13|407|192|0|184|1|141|
13|404|192|0|183|1|137|
13|1161|576|0|217|1|137|
13|407|288|0|184|1|137|
13|393|192|0|179|1|141|
13|615|288|0|435|1|138|
13|513|288|0|384|1|147|
13|407|288|0|184|1|141|
13|387|192|0|177|1|137|
13|388|192|0|178|1|141|
13|603|288|0|427|1|138|
13|385|192|0|344|1|109|
13|618|288|0|431|1|138|
13|397|192|0|350|1|109|
13|388|192|0|347|1|105|
13|418|192|0|184|1|139|
13|394|288|0|180|1|141|
13|394|192|0|180|1|141|
13|612|384|0|429|1|142|
13|402|192|0|182|1|137|
13|399|192|0|181|1|141|
13|400|192|0|182|1|137|
13|398|192|0|181|1|141|
13|402|288|0|182|1|141|
13|399|192|0|181|1|137|
13|388|192|0|178|1|141|
13|602|288|0|428|1|142|
13|403|192|0|183|1|137|
13|388|192|0|178|1|137|
13|408|192|0|184|1|141|
13|403|192|0|183|1|137|
13|610|288|0|429|1|138|
13|404|192|0|183|1|141|
13|402|192|0|182|1|137|
13|613|288|0|217|1|137|
13|403|192|0|183|1|137|
13|394|192|0|180|1|141|
13|404|192|0|183|1|141|
13|406|192|0|184|1|137|
13|387|192|0|344|1|109|
13|470|192|0|205|1|141|
13|388|192|0|178|1|141|
13|605|288|0|428|1|138|
13|396|192|0|348|1|109|
13|393|192|0|179|1|141|
13|721|384|0|269|1|86|
13|615|288|0|431|1|138|
13|389|192|0|343|1|109|
13|387|192|0|177|1|137|
13|394|192|0|180|1|137|
13|355|96|0|167|1|137|
13|388|192|0|178|1|137|
13|406|192|0|351|1|111|
13|397|288|0|181|1|141|
13|371|192|0|172|1|141|
13|401|192|0|348|1|115|
13|402|192|0|348|1|115|
13|392|192|0|347|1|113|
13|409|192|0|185|1|137|
13|395|192|0|347|1|117|
13|391|192|0|346|1|109|
13|391|192|0|179|1|141|
13|406|192|0|184|1|141|
13|394|192|0|180|1|141|
13|404|192|0|183|1|137|
13|407|288|0|184|1|141|
13|604|288|0|429|1|138|
13|391|192|0|344|1|113|
13|573|288|0|217|1|137|
13|395|192|0|180|1|137|
13|402|192|0|183|1|137|
13|391|288|0|176|1|141|
13|624|288|0|435|1|142|
13|393|288|0|180|1|137|
13|403|192|0|183|1|137|
13|409|192|0|185|1|141|
13|615|288|0|436|1|138|
13|607|288|0|430|1|138|
13|958|480|0|221|1|141|
13|386|192|0|177|1|137|
13|403|192|0|181|1|137|
13|394|192|0|350|1|117|
13|407|192|0|351|1|113|
13|391|192|0|179|1|137|
13|386|192|0|177|1|141|
13|409|192|0|185|1|137|
13|602|288|0|428|1|138|
13|394|192|0|347|1|117|
13|386|192|0|177|1|141|
13|388|192|0|178|1|137|
13|487|192|0|211|1|137|
13|390|288|0|178|1|141|
13|405|192|0|183|1|137|
13|608|384|0|430|1|142|
13|413|192|0|352|1|115|
13|403|192|0|183|1|137|
13|410|192|0|185|1|137|
13|393|192|0|179|1|137|
13|410|192|0|185|1|137|
13|387|192|0|343|1|103|
13|615|384|0|433|1|142|
13|608|288|0|433|1|142|
13|622|384|0|435|1|142|
13|609|288|0|429|1|142|
13|403|192|0|183|1|141|
13|392|192|0|179|1|141|
13|401|192|0|182|1|137|
13|415|192|0|298|1|48|
13|616|288|0|432|1|138|
13|389|192|0|178|1|141|
13|390|192|0|178|1|137|
13|407|192|0|184|1|141|
13|392|192|0|179|1|141|
13|623|288|0|437|1|142|
13|392|192|0|347|1|107|
13|1441|768|0|458|1|169|
13|393|192|0|179|1|141|
13|406|192|0|184|1|141|
13|390|192|0|178|1|141|
13|388|192|0|178|1|137|
13|603|288|0|428|1|138|
13|405|192|0|184|1|137|
13|396|192|0|180|1|141|
13|394|192|0|180|1|137|
13|395|192|0|180|1|141|
13|398|192|0|181|1|141|
13|617|384|0|432|1|140|
13|575|288|0|418|1|138|
13|407|192|0|351|1|111|
13|1515|768|0|221|1|141|
13|499|192|0|215|1|137|
13|390|192|0|178|1|137|
13|385|192|0|177|1|141|
13|386|192|0|177|1|137|
13|601|384|0|428|1|138|
13|410|192|0|185|1|137|
13|404|288|0|183|1|141|
13|401|192|0|182|1|141|
13|408|192|0|184|1|137|
13|388|288|0|178|1|141|
13|410|192|0|185|1|141|
13|387|192|0|177|1|137|
13|409|192|0|185|1|137|
13|387|192|0|177|1|137|
13|398|288|0|348|1|111|
13|386|192|0|177|1|141|
13|391|192|0|179|1|141|
13|392|192|0|179|1|137|
13|408|192|0|184|1|141|
13|606|288|0|428|1|142|
13|411|192|0|185|1|137|
13|394|192|0|347|1|109|
13|392|192|0|179|1|137|
13|393|288|0|179|1|141|
13|392|192|0|179|1|137|
13|400|192|0|182|1|137|
13|607|288|0|431|1|138|
13|404|192|0|183|1|141|
13|606|288|0|429|1|142|
13|407|192|0|353|1|113|
13|389|288|0|178|1|141|
13|388|192|0|177|1|137|
13|395|192|0|180|1|141|
13|391|192|0|345|1|111|
13|394|192|0|180|1|137|
13|390|192|0|178|1|141|
13|405|192|0|183|1|137|
13|404|192|0|182|1|137|
13|402|192|0|351|1|113|
13|1100|576|0|217|1|137|
13|394|192|0|180|1|137|
13|408|192|0|184|1|141|
13|405|192|0|183|1|141|
13|396|192|0|180|1|139|
13|1356|672|0|460|1|165|
13|395|192|0|180|1|141|
13|384|192|0|176|1|137|
13|407|192|0|184|1|141|
13|401|192|0|182|1|141|
13|383|192|0|176|1|141|
13|402|192|0|182|1|141|
13|408|192|0|184|1|137|
13|401|192|0|181|1|141|
13|406|192|0|184|1|141|
13|387|192|0|177|1|137|
13|390|192|0|178|1|141|
13|412|288|0|186|1|137|
13|393|192|0|179|1|141|
13|412|192|0|186|1|137|
13|389|192|0|178|1|137|
13|408|192|0|185|1|137|
13|391|192|0|179|1|137|
13|389|192|0|178|1|137|
13|618|288|0|437|1|138|
13|391|192|0|344|1|111|
13|394|192|0|180|1|141|
13|1473|768|0|221|1|141|
13|392|192|0|179|1|137|
13|393|192|0|180|1|137|
13|395|288|0|180|1|137|
13|392|192|0|346|1|111|
13|401|192|0|182|1|137|
13|393|192|0|179|1|141|
13|384|192|0|176|1|137|
13|409|192|0|185|1|141|
13|407|192|0|184|1|141|
13|615|288|0|431|1|142|
13|393|192|0|347|1|113|
13|406|288|0|184|1|141|
13|387|192|0|177|1|137|
13|410|192|0|185|1|141|
13|386|192|0|177|1|137|
13|411|192|0|185|1|141|
13|393|192|0|180|1|141|
13|411|192|0|185|1|137|
13|610|288|0|434|1|142|
13|601|288|0|428|1|138|
13|408|288|0|185|1|141|
13|403|192|0|183|1|141|
13|387|192|0|178|1|141|
13|616|288|0|433|1|138|
13|398|192|0|181|1|141|
13|393|192|0|179|1|139|
13|405|192|0|183|1|141|
13|391|192|0|179|1|139|
13|403|192|0|183|1|137|
13|612|288|0|430|1|138|
13|1811|960|0|459|1|169|
13|606|384|0|430|1|138|
13|391|192|0|346|1|113|
13|396|192|0|181|1|141|
13|389|192|0|178|1|137|
13|414|192|0|186|1|137|
13|391|192|0|179|1|137|
13|386|192|0|177|1|137|
13|391|288|0|179|1|141|
13|408|192|0|351|1|113|
13|409|192|0|185|1|137|
13|404|192|0|183|1|141|
13|409|192|0|352|1|117|
13|392|192|0|345|1|113|
13|409|192|0|185|1|141|
13|385|192|0|177|1|137|
13|410|192|0|185|1|141|
13|385|192|0|177|1|137|
13|398|192|0|181|1|141|
13|385|192|0|177|1|139|
13|404|288|0|349|1|113|
13|386|192|0|177|1|141|
13|395|192|0|180|1|137|
13|391|192|0|179|1|137|
13|392|192|0|179|1|137|
13|394|288|0|180|1|137|
13|1098|576|0|217|1|137|
13|410|192|0|185|1|141|
13|392|288|0|179|1|137|
13|404|192|0|183|1|141|
13|396|192|0|346|1|111|
13|390|192|0|178|1|141|
13|393|192|0|346|1|111|
13|386|192|0|176|1|141|
13|391|192|0|179|1|141|
13|402|192|0|182|1|137|
13|607|288|0|429|1|140|
13|602|288|0|428|1|142|
13|390|192|0|179|1|141|
13|604|384|0|428|1|138|
13|411|192|0|185|1|141|
13|390|192|0|178|1|137|
13|412|192|0|186|1|137|
13|387|192|0|177|1|137|
13|410|288|0|185|1|141|
13|409|288|0|185|1|137|
13|850|384|0|221|1|141|
13|1719|864|0|217|1|137|
13|408|288|0|185|1|137|
13|409|288|0|185|1|137|
13|410|288|0|185|1|137|
13|407|192|0|184|1|141|
13|384|192|0|177|1|141|
13|387|288|0|177|1|141|
13|401|192|0|182|1|137|
13|410|192|0|185|1|137|
13|401|192|0|182|1|141|
13|386|192|0|177|1|137|
13|389|192|0|178|1|137|
13|400|192|0|181|1|137|
13|390|192|0|178|1|141|
13|396|192|0|180|1|137|
13|402|192|0|182|1|141|
13|399|192|0|181|1|141|
13|405|192|0|183|1|137|
13|406|192|0|184|1|137|
13|403|192|0|183|1|141|
13|405|192|0|183|1|141|
13|405|288|0|183|1|141|
13|406|192|0|184|1|137|
13|393|192|0|179|1|141|
13|388|192|0|178|1|137|
13|391|192|0|179|1|137|
13|392|192|0|179|1|141|
13|393|192|0|179|1|141|
13|398|192|0|181|1|137|
13|410|288|0|185|1|141|
13|410|192|0|185|1|137|
13|398|192|0|181|1|137|
13|390|192|0|178|1|141|
13|390|192|0|178|1|137|
13|393|288|0|179|1|141|
13|400|192|0|182|1|141|
13|383|192|0|176|1|137|
13|411|288|0|186|1|137|
13|408|192|0|185|1|137|
13|406|192|0|184|1|141|
13|410|192|0|185|1|137|
13|388|192|0|178|1|137|
13|404|192|0|183|1|137|
13|413|192|0|186|1|137|
13|1938|960|0|221|1|141|
13|392|192|0|178|1|141|
13|409|192|0|185|1|137|
13|401|192|0|182|1|137|
13|390|192|0|178|1|137|
13|402|192|0|183|1|137|
13|404|192|0|183|1|141|
13|407|192|0|184|1|141|
13|392|192|0|179|1|137|
13|390|192|0|179|1|137|
13|369|192|0|171|1|141|
13|398|192|0|181|1|137|
13|392|192|0|179|1|141|
13|398|288|0|181|1|141|
13|395|192|0|180|1|137|
13|403|192|0|183|1|137|
13|389|192|0|178|1|141|
13|397|192|0|181|1|141|
13|385|192|0|177|1|141|
13|403|192|0|183|1|141|
13|384|192|0|177|1|137|
13|404|192|0|183|1|141|
13|385|192|0|177|1|141|
13|403|192|0|183|1|137|
13|400|192|0|182|1|137|
13|385|192|0|177|1|137|
13|402|192|0|183|1|141|
13|394|192|0|180|1|137|
13|406|288|0|184|1|137|
13|387|192|0|177|1|141|
13|386|192|0|177|1|141|
13|405|192|0|183|1|137|
13|389|192|0|178|1|141|
13|410|192|0|185|1|141|
13|410|192|0|185|1|141|
13|390|192|0|179|1|141|
13|406|288|0|182|1|137|
13|400|192|0|181|1|141|
13|409|192|0|185|1|137|
13|409|288|0|185|1|141|
13|408|192|0|185|1|137|
13|409|192|0|185|1|141|
13|397|288|0|181|1|141|
13|390|192|0|179|1|141|
13|396|192|0|181|1|141|
13|391|192|0|179|1|141|
13|398|192|0|181|1|137|
13|393|192|0|179|1|141|
13|390|192|0|178|1|141|
13|410|96|0|185|1|137|
13|392|192|0|179|1|137|
13|407|192|0|184|1|141|
13|408|192|0|184|1|141|
13|409|192|0|185|1|141|
13|390|192|0|178|1|137|
13|394|192|0|180|1|137|
13|411|288|0|185|1|137|
13|394|192|0|180|1|141|
13|410|192|0|185|1|141|
13|391|192|0|179|1|141|
13|395|192|0|180|1|137|
13|391|192|0|179|1|141|
13|393|192|0|179|1|137|
13|399|192|0|180|1|141|
13|405|192|0|183|1|141|
13|402|192|0|182|1|141|
13|404|192|0|183|1|141|
13|403|192|0|183|1|137|
13|391|192|0|179|1|141|
13|387|288|0|177|1|141|
13|389|192|0|178|1|141|
13|394|192|0|180|1|141|
13|405|192|0|183|1|141|
13|411|192|0|185|1|137|
13|394|192|0|180|1|137|
13|391|192|0|179|1|137|
13|408|192|0|184|1|141|
13|390|192|0|178|1|141|
13|411|192|0|185|1|137|
13|393|192|0|179|1|137|
13|406|192|0|184|1|141|
13|410|192|0|185|1|137|
13|393|192|0|179|1|139|
13|413|192|0|186|1|141|
13|403|192|0|183|1|139|
13|388|192|0|178|1|141|
13|553|288|0|219|1|139|
13|408|192|0|184|1|141|
13|409|192|0|185|1|137|
13|401|192|0|181|1|137|
13|410|192|0|185|1|137|
13|386|192|0|177|1|139|
13|406|192|0|182|1|137|
13|384|192|0|177|1|137|
13|406|192|0|184|1|137|
13|386|192|0|177|1|137|
13|406|192|0|184|1|137|
13|383|192|0|176|1|137|
13|403|192|0|183|1|139|
13|403|192|0|183|1|141|
13|403|192|0|183|1|141|
13|404|192|0|183|1|139|
13|391|192|0|179|1|141|
13|405|192|0|183|1|137|
13|390|192|0|179|1|137|
13|387|192|0|177|1|137|
13|388|192|0|178|1|137|
13|3115|1632|0|686|1|142|
13|1674|864|0|221|1|141|
13|351|192|0|164|1|137|
13|401|288|0|182|1|141|
13|392|192|0|179|1|137|
13|405|192|0|184|1|137|
13|387|192|0|178|1|137|
13|388|192|0|178|1|137|
13|390|192|0|179|1|137|
13|408|96|0|185|1|141|
13|391|192|0|179|1|137|
13|397|288|0|181|1|137|
13|392|192|0|179|1|137|
13|380|288|0|175|1|137|
13|390|192|0|178|1|141|
13|394|192|0|180|1|137|
13|410|288|0|185|1|141|
13|404|192|0|183|1|137|
13|407|192|0|184|1|137|
13|391|192|0|179|1|137|
13|407|288|0|184|1|141|
13|386|192|0|177|1|141|
13|402|192|0|182|1|141|
13|405|192|0|183|1|141|
13|384|192|0|176|1|137|
13|408|288|0|184|1|137|
13|399|192|0|181|1|141|
13|408|192|0|184|1|141|
13|413|192|0|186|1|141|
13|398|192|0|181|1|137|
13|1859|960|0|221|1|141|
13|403|192|0|183|1|137|
13|387|192|0|177|1|137|
13|405|192|0|184|1|141|
13|392|192|0|179|1|141|
13|398|192|0|181|1|137|
13|413|288|0|186|1|137|
13|410|288|0|185|1|141|
13|392|192|0|179|1|141|
13|407|192|0|184|1|141|
13|386|192|0|177|1|137|
13|408|288|0|184|1|137|
13|409|288|0|185|1|141|
13|407|192|0|184|1|137|
13|407|192|0|184|1|141|
13|402|192|0|181|1|141|
13|391|96|0|179|1|141|
13|382|96|0|176|1|141|
13|383|192|0|176|1|137|
13|406|192|0|184|1|137|
13|403|288|0|183|1|137|
13|402|192|0|182|1|137|
13|394|192|0|180|1|137|
13|400|192|0|182|1|137|
13|391|192|0|179|1|141|
13|395|192|0|180|1|137|
13|394|192|0|180|1|137|
13|393|192|0|179|1|137|
13|411|192|0|185|1|141|
13|391|192|0|179|1|137|
13|396|192|0|180|1|137|
13|401|288|0|182|1|141|
13|391|192|0|179|1|141|
13|391|192|0|179|1|141|
13|391|192|0|179|1|141|
13|405|192|0|183|1|141|
13|391|192|0|179|1|137|
13|405|192|0|183|1|137|
13|404|192|0|183|1|137|
13|406|192|0|184|1|141|
13|395|192|0|180|1|137|
13|404|192|0|183|1|137|
13|387|192|0|177|1|141|
13|393|192|0|179|1|141|
13|353|192|0|166|1|141|
13|409|192|0|185|1|137|
13|408|192|0|184|1|137|
13|409|192|0|185|1|137|
13|875|480|0|217|1|137|
13|392|288|0|179|1|141|
13|396|192|0|179|1|141|
13|402|192|0|182|1|141|
13|393|192|0|179|1|139|
13|393|192|0|179|1|139|
13|398|192|0|181|1|139|
13|392|192|0|179|1|141|
13|404|192|0|183|1|141|
13|395|192|0|180|1|137|
13|405|192|0|184|1|137|
13|403|192|0|183|1|141|
13|389|192|0|178|1|137|
13|386|192|0|177|1|137|
13|391|192|0|179|1|137|
13|388|192|0|178|1|137|
13|407|192|0|184|1|141|
13|384|192|0|177|1|137|
13|396|192|0|180|1|141|
13|411|192|0|185|1|137|
13|410|192|0|185|1|141|
13|391|192|0|179|1|137|
13|393|192|0|179|1|141|
13|410|288|0|185|1|141|
13|405|192|0|183|1|137|
13|390|192|0|178|1|137|
13|411|192|0|185|1|137|
13|405|288|0|183|1|137|
13|394|192|0|180|1|137|
13|407|192|0|184|1|137|
13|410|192|0|185|1|137|
13|402|288|0|182|1|137|
13|389|288|0|178|1|137|
13|410|288|0|185|1|137|
13|402|288|0|182|1|141|
13|414|288|0|186|1|137|
13|404|192|0|183|1|141|
13|395|192|0|180|1|137|
13|392|192|0|179|1|141|
13|405|192|0|183|1|137|
13|389|192|0|178|1|141|
13|383|192|0|176|1|141|
13|393|96|0|180|1|137|
13|408|192|0|185|1|141|
13|390|192|0|178|1|137|
13|407|192|0|184|1|141|
13|389|288|0|178|1|141|
13|391|192|0|179|1|141|
13|390|192|0|179|1|137|
13|397|192|0|181|1|137|
13|1588|768|0|221|1|141|
13|394|192|0|180|1|137|
13|405|192|0|183|1|137|
13|398|192|0|181|1|137|
13|402|96|0|183|1|137|
13|1113|576|0|221|1|141|
13|406|192|0|184|1|137|
13|385|192|0|177|1|137|
13|414|192|0|187|1|141|
13|386|192|0|177|1|137|
13|406|192|0|184|1|137|
13|408|192|0|184|1|141|
13|407|192|0|184|1|137|
13|410|192|0|185|1|137|
13|398|192|0|181|1|141|
13|1297|576|0|217|1|137|
13|395|192|0|180|1|137|
13|400|192|0|182|1|137|
13|380|192|0|175|1|137|
13|402|192|0|182|1|137|
13|390|192|0|178|1|137|
13|402|192|0|182|1|141|
13|374|192|0|173|1|137|
13|388|192|0|178|1|141|
13|391|288|0|179|1|137|
13|392|192|0|179|1|141|
13|408|192|0|185|1|137|
13|389|192|0|178|1|141|
13|406|192|0|184|1|137|
13|391|192|0|179|1|137|
13|406|288|0|184|1|137|
13|389|192|0|178|1|141|
13|389|192|0|178|1|141|
13|390|192|0|178|1|141|
13|405|192|0|183|1|141|
13|392|192|0|179|1|137|
13|389|192|0|178|1|141|
13|390|192|0|179|1|141|
13|403|192|0|183|1|137|
13|392|192|0|179|1|137|
13|405|192|0|351|1|117|
13|386|192|0|177|1|141|
13|399|192|0|348|1|117|
13|404|192|0|183|1|141|
13|390|192|0|178|1|141|
13|390|192|0|177|1|137|
13|392|192|0|179|1|141|
13|389|192|0|178|1|137|
13|609|288|0|430|1|138|
13|407|192|0|184|1|137|
13|390|192|0|178|1|141|
13|403|192|0|183|1|137|
13|387|192|0|178|1|137|
13|598|384|0|427|1|138|
13|383|192|0|344|1|103|
13|390|192|0|344|1|109|
13|393|192|0|179|1|141|
13|390|192|0|178|1|137|
13|392|192|0|179|1|141|
13|404|192|0|183|1|141|
13|408|192|0|351|1|117|
13|402|192|0|183|1|141|
13|401|192|0|182|1|137|
13|387|192|0|178|1|137|
13|402|192|0|183|1|137|
13|399|192|0|181|1|141|
13|402|192|0|183|1|137|
13|398|192|0|181|1|141|
13|402|192|0|183|1|141|
13|610|288|0|434|1|142|
13|615|288|0|433|1|138|
13|603|288|0|428|1|142|
13|613|288|0|432|1|142|
13|404|192|0|183|1|137|
13|391|192|0|179|1|141|
13|404|192|0|183|1|141|
13|390|192|0|178|1|137|
13|408|192|0|184|1|141|
13|405|192|0|183|1|141|
13|390|192|0|178|1|137|
13|411|192|0|352|1|115|
13|408|192|0|184|1|137|
13|394|192|0|180|1|141|
13|407|192|0|184|1|137|
13|389|192|0|178|1|137|
13|386|192|0|177|1|137|
13|598|288|0|427|1|142|
13|386|192|0|177|1|137|
13|384|288|0|177|1|141|
13|387|288|0|177|1|137|
13|392|192|0|179|1|141|
13|387|192|0|177|1|141|
13|403|192|0|183|1|137|
13|403|192|0|183|1|139|
13|402|192|0|183|1|137|
13|397|192|0|181|1|141|
13|406|192|0|184|1|141|
13|391|192|0|179|1|141|
13|406|288|0|184|1|137|
13|388|192|0|178|1|137|
13|404|192|0|183|1|141|
13|406|192|0|184|1|141|
13|391|192|0|179|1|137|
13|403|192|0|183|1|137|
13|391|288|0|179|1|137|
13|402|192|0|183|1|137|
13|392|192|0|179|1|141|
13|402|192|0|182|1|137|
13|387|192|0|176|1|137|
13|408|288|0|184|1|141|
13|407|192|0|184|1|141|
13|387|192|0|177|1|141|
13|410|192|0|185|1|137|
13|410|192|0|185|1|141|
13|408|192|0|184|1|137|
13|400|288|0|182|1|141|
13|406|192|0|184|1|137|
13|406|192|0|184|1|141|
13|408|192|0|184|1|137|
13|409|192|0|185|1|137|
13|399|192|0|181|1|137|
13|392|192|0|179|1|141|
13|388|192|0|178|1|141|
13|392|192|0|179|1|141|
13|405|192|0|183|1|137|
13|399|192|0|181|1|141|
13|398|192|0|181|1|137|
13|386|192|0|177|1|137|
13|403|192|0|183|1|141|
13|383|192|0|176|1|137|
13|407|288|0|184|1|139|
13|391|96|0|177|1|139|
13|385|192|0|177|1|139|
13|383|192|0|176|1|139|
13|407|192|0|184|1|139|
13|387|288|0|177|1|139|
13|395|192|0|180|1|137|
13|384|288|0|176|1|141|
13|402|288|0|182|1|139|
13|402|192|0|182|1|139|
13|404|192|0|183|1|137|
13|399|192|0|181|1|137|
13|409|288|0|185|1|137|
13|404|192|0|183|1|141|
13|406|192|0|182|1|137|
13|397|192|0|181|1|137|
13|408|192|0|184|1|141|
13|383|192|0|176|1|137|
13|408|192|0|184|1|137|
13|407|192|0|184|1|141|
13|407|192|0|184|1|137|
13|404|192|0|183|1|141|
13|403|192|0|183|1|141|
13|404|192|0|183|1|137|
13|392|288|0|179|1|141|
13|404|96|0|183|1|141|
13|395|192|0|180|1|137|
13|390|192|0|178|1|137|
13|400|288|0|182|1|137|
13|391|288|0|179|1|137|
13|397|192|0|181|1|137|
13|383|288|0|176|1|141|
13|394|192|0|180|1|141|
13|404|192|0|183|1|137|
13|384|192|0|177|1|137|
13|395|192|0|180|1|137|
13|390|192|0|179|1|137|
13|395|192|0|180|1|137|
13|393|192|0|180|1|141|
13|395|288|0|180|1|137|
13|387|96|0|178|1|137|
13|402|192|0|182|1|141|
13|390|192|0|179|1|137|
13|399|192|0|181|1|141|
13|392|192|0|179|1|141|
13|407|192|0|183|1|137|
13|390|192|0|178|1|137|
13|401|192|0|182|1|137|
13|391|192|0|179|1|137|
13|398|192|0|181|1|141|
13|389|192|0|177|1|137|
13|407|192|0|183|1|141|
13|406|192|0|184|1|137|
13|391|192|0|179|1|141|
13|406|192|0|184|1|137|
13|410|192|0|185|1|137|
13|403|96|0|183|1|137|
13|1424|672|0|221|1|141|
13|407|192|0|184|1|137|
13|406|288|0|184|1|137|
13|402|192|0|182|1|137|
13|984|480|0|221|1|141|
13|402|288|0|182|1|141|
13|395|192|0|180|1|137|
13|393|288|0|180|1|141|
13|395|192|0|180|1|141|
13|394|192|0|180|1|141|
13|387|192|0|178|1|137|
13|390|192|0|178|1|137|
13|407|192|0|184|1|137|
13|408|192|0|184|1|141|
13|410|192|0|185|1|137|
13|395|192|0|180|1|141|
13|412|192|0|186|1|141|
13|401|192|0|181|1|137|
13|405|192|0|183|1|137|
13|397|192|0|181|1|137|
13|405|192|0|184|1|141|
13|407|192|0|184|1|141|
13|385|192|0|177|1|137|
13|389|192|0|178|1|137|
13|383|192|0|175|1|141|
13|391|192|0|179|1|141|
13|390|192|0|178|1|141|
13|395|192|0|180|1|137|
13|387|192|0|177|1|141|
13|392|192|0|179|1|137|
13|403|192|0|183|1|141|
13|403|192|0|183|1|141|
13|402|192|0|183|1|141|
13|398|288|0|181|1|141|
13|388|192|0|178|1|137|
13|398|192|0|181|1|137|
13|407|192|0|184|1|137|
13|399|192|0|182|1|137|
13|406|192|0|184|1|141|
13|402|192|0|182|1|137|
13|407|192|0|184|1|141|
13|397|288|0|181|1|137|
13|386|192|0|177|1|141|
13|3266|1728|0|659|1|155|
13|385|192|0|177|1|141|
13|1338|672|0|221|1|141|
13|390|192|0|178|1|141|
13|392|192|0|179|1|137|
13|389|192|0|178|1|137|
13|406|192|0|184|1|137|
13|388|192|0|178|1|137|
13|1806|960|0|221|1|141|
13|386|192|0|177|1|137|
13|404|192|0|183|1|141|
13|405|192|0|183|1|141|
13|394|192|0|180|1|137|
13|404|192|0|183|1|137|
13|400|192|0|182|1|137|
13|401|192|0|182|1|137|
13|409|192|0|185|1|137|
13|406|192|0|184|1|137|
13|411|192|0|186|1|141|
13|409|192|0|185|1|141|
13|401|288|0|182|1|137|
13|403|192|0|183|1|141|
13|405|192|0|183|1|137|
13|391|192|0|179|1|141|
13|405|192|0|184|1|137|
13|391|192|0|179|1|141|
13|400|192|0|182|1|141|
13|386|192|0|177|1|137|
13|405|192|0|184|1|137|
13|411|192|0|186|1|141|
13|390|288|0|179|1|137|
13|411|192|0|185|1|141|
13|384|192|0|175|1|141|
13|406|192|0|184|1|141|
13|407|192|0|184|1|137|
