INSTRUCTIONS_RETIRED|CYCLES|UNKNOWN|LD_BLOCKS.STORE_FORWARD|UOPS_EXECUTED.CORE|BR_MISP_RETIRED.ALL_BRANCHES|UOPS_ISSUED.SLOW_LEA|
13|388|192|0|176|1|141|
13|398|288|0|181|1|141|
13|395|192|0|180|1|141|
13|409|192|0|184|1|141|
13|395|192|0|180|1|137|
13|403|288|0|182|1|141|
13|404|288|0|183|1|137|
13|404|192|0|183|1|141|
13|398|288|0|181|1|141|
13|403|192|0|182|1|137|
13|406|288|0|183|1|141|
13|402|192|0|350|1|113|
13|1669|864|0|221|1|141|
13|401|192|0|182|1|141|
13|392|288|0|178|1|137|
13|400|192|0|182|1|137|
13|403|288|0|182|1|141|
13|358|192|0|167|1|141|
13|391|192|0|179|1|139|
13|399|192|0|181|1|137|
13|595|288|0|427|1|142|
13|612|288|0|433|1|142|
13|596|288|0|426|1|138|
13|396|192|0|348|1|117|
13|394|192|0|349|1|105|
13|407|288|0|184|1|141|
13|406|192|0|349|1|117|
13|398|192|0|181|1|141|
13|407|192|0|184|1|141|
13|388|192|0|178|1|137|
13|394|192|0|179|1|137|
13|385|192|0|177|1|137|
13|405|192|0|183|1|141|
13|402|192|0|182|1|141|
13|600|288|0|427|1|142|
13|606|288|0|430|1|142|
13|404|192|0|183|1|137|
13|388|192|0|177|1|137|
13|392|192|0|179|1|141|
13|636|384|0|221|1|141|
13|615|288|0|431|1|142|
13|390|192|0|344|1|107|
13|395|288|0|180|1|141|
13|389|192|0|178|1|141|
13|404|192|0|183|1|141|
13|400|288|0|182|1|137|
13|402|192|0|183|1|137|
13|616|288|0|433|1|142|
13|392|192|0|346|1|113|
13|400|288|0|182|1|141|
13|398|192|0|181|1|141|
13|1301|672|0|217|1|137|
13|401|288|0|182|1|141|
13|620|288|0|435|1|142|
13|398|192|0|180|1|137|
13|412|192|0|185|1|141|
13|394|192|0|180|1|141|
13|404|192|0|183|1|137|
13|396|192|0|180|1|137|
13|616|288|0|430|1|138|
13|398|192|0|347|1|111|
13|621|288|0|433|1|138|
13|391|288|0|178|1|141|
13|392|192|0|179|1|139|
13|392|192|0|179|1|137|
13|387|192|0|177|1|139|
13|609|288|0|217|1|137|
13|608|288|0|427|1|138|
13|615|288|0|433|1|142|
13|396|192|0|180|1|137|
13|400|192|0|181|1|141|
13|409|192|0|184|1|137|
13|1302|672|0|217|1|137|
13|410|192|0|185|1|137|
13|399|192|0|181|1|141|
13|781|384|0|217|1|137|
13|399|192|0|181|1|137|
13|605|384|0|430|1|138|
13|389|192|0|178|1|137|
13|409|288|0|184|1|137|
13|394|192|0|180|1|141|
13|406|192|0|184|1|137|
13|390|192|0|179|1|137|
13|404|192|0|353|1|117|
13|412|192|0|186|1|137|
13|399|288|0|181|1|137|
13|399|288|0|182|1|137|
13|399|192|0|182|1|141|
13|400|192|0|182|1|141|
13|396|192|0|181|1|141|
13|613|288|0|431|1|138|
13|610|384|0|430|1|138|
13|402|192|0|182|1|137|
13|364|192|0|169|1|139|
13|406|192|0|351|1|117|
13|402|192|0|351|1|113|
13|404|192|0|183|1|141|
13|397|192|0|181|1|137|
13|382|192|0|175|1|141|
13|398|192|0|181|1|137|
13|388|192|0|177|1|141|
13|405|192|0|183|1|141|
13|611|384|0|428|1|142|
13|408|192|0|350|1|115|
13|389|192|0|178|1|141|
13|405|288|0|183|1|141|
13|389|192|0|344|1|105|
13|410|192|0|352|1|115|
13|597|288|0|426|1|138|
13|403|192|0|183|1|137|
13|404|192|0|183|1|137|
13|407|192|0|184|1|141|
13|401|288|0|182|1|141|
13|397|192|0|181|1|137|
13|394|192|0|180|1|137|
13|610|384|0|431|1|138|
13|610|288|0|434|1|142|
13|397|192|0|346|1|117|
13|399|192|0|181|1|137|
13|404|192|0|183|1|137|
13|400|192|0|181|1|137|
13|404|192|0|183|1|137|
13|611|288|0|432|1|138|
13|411|288|0|353|1|117|
13|403|192|0|350|1|117|
13|411|192|0|185|1|141|
13|389|192|0|178|1|141|
13|409|192|0|184|1|137|
13|387|192|0|347|1|103|
13|1567|864|0|217|1|137|
13|410|192|0|185|1|141|
13|394|192|0|180|1|137|
13|1973|1056|0|470|1|142|
13|404|192|0|183|1|141|
13|398|192|0|181|1|141|
13|597|288|0|427|1|138|
13|387|192|0|177|1|137|
13|411|192|0|185|1|141|
13|394|192|0|180|1|141|
13|409|288|0|185|1|137|
13|404|192|0|183|1|137|
13|398|192|0|181|1|137|
13|402|192|0|182|1|141|
13|410|192|0|185|1|141|
13|608|288|0|428|1|142|
13|410|192|0|351|1|115|
13|391|192|0|178|1|141|
13|408|192|0|184|1|141|
13|386|192|0|177|1|141|
13|393|192|0|345|1|111|
13|391|192|0|179|1|141|
13|394|192|0|179|1|137|
13|395|288|0|180|1|141|
13|389|192|0|178|1|137|
13|403|192|0|352|1|111|
13|405|192|0|183|1|137|
13|393|192|0|179|1|137|
13|406|192|0|184|1|137|
13|619|288|0|432|1|138|
13|386|192|0|343|1|107|
13|378|192|0|174|1|137|
13|396|192|0|180|1|141|
13|391|192|0|345|1|111|
13|398|192|0|181|1|137|
13|410|192|0|185|1|137|
13|388|192|0|177|1|141|
13|966|480|0|460|1|169|
13|398|192|0|181|1|141|
13|409|192|0|185|1|137|
13|388|192|0|177|1|141|
13|398|192|0|181|1|141|
13|403|288|0|183|1|141|
13|383|192|0|176|1|141|
13|402|192|0|182|1|137|
13|386|192|0|177|1|141|
13|395|192|0|180|1|141|
13|398|192|0|181|1|141|
13|397|192|0|180|1|141|
13|397|192|0|179|1|141|
13|411|192|0|185|1|141|
13|385|192|0|177|1|137|
13|402|192|0|181|1|141|
13|407|192|0|184|1|137|
13|406|288|0|349|1|117|
13|399|192|0|182|1|137|
13|404|192|0|183|1|141|
13|388|192|0|344|1|109|
13|386|288|0|177|1|141|
13|406|192|0|184|1|137|
13|393|288|0|345|1|111|
13|399|192|0|181|1|137|
13|398|192|0|181|1|141|
13|387|192|0|178|1|141|
13|401|192|0|182|1|137|
13|394|192|0|180|1|137|
13|367|192|0|170|1|137|
13|397|192|0|180|1|137|
13|407|192|0|184|1|137|
13|619|288|0|433|1|138|
13|409|192|0|351|1|113|
13|414|192|0|186|1|137|
13|413|192|0|186|1|137|
13|411|192|0|185|1|137|
13|411|192|0|352|1|115|
13|399|192|0|181|1|137|
13|409|192|0|185|1|137|
13|409|192|0|184|1|141|
13|387|288|0|177|1|141|
13|413|192|0|186|1|141|
13|401|192|0|182|1|137|
13|411|192|0|185|1|141|
13|406|192|0|183|1|137|
13|386|192|0|177|1|137|
13|412|192|0|185|1|137|
13|399|192|0|181|1|137|
13|399|288|0|181|1|141|
13|401|288|0|182|1|141|
13|399|192|0|181|1|141|
13|401|192|0|182|1|141|
13|396|288|0|180|1|137|
13|405|288|0|183|1|137|
13|391|192|0|178|1|141|
13|389|192|0|178|1|137|
13|393|192|0|179|1|141|
13|397|192|0|180|1|137|
13|391|192|0|178|1|139|
13|389|192|0|178|1|139|
13|395|192|0|178|1|141|
13|399|192|0|181|1|141|
13|400|192|0|181|1|137|
13|1050|576|0|219|1|139|
13|399|192|0|181|1|137|
13|361|192|0|168|1|141|
13|400|192|0|182|1|137|
13|383|192|0|176|1|141|
13|406|192|0|184|1|141|
13|407|288|0|184|1|141|
13|398|192|0|181|1|137|
13|625|288|0|435|1|142|
13|411|192|0|185|1|137|
13|1675|864|0|469|1|142|
13|1680|864|0|217|1|137|
13|390|192|0|178|1|137|
13|616|384|0|432|1|138|
13|393|192|0|180|1|137|
13|412|288|0|353|1|121|
13|403|192|0|350|1|117|
13|603|288|0|428|1|138|
13|406|192|0|184|1|137|
13|408|192|0|184|1|141|
13|383|192|0|176|1|141|
13|411|192|0|185|1|137|
13|384|192|0|176|1|137|
13|411|288|0|185|1|141|
13|342|192|0|83|0|1|
13|414|192|0|353|1|111|
13|409|192|0|350|1|113|
13|400|192|0|181|1|137|
13|387|192|0|177|1|141|
13|392|192|0|179|1|137|
13|395|192|0|180|1|141|
13|392|192|0|179|1|137|
13|397|192|0|181|1|141|
13|412|192|0|186|1|137|
13|605|288|0|425|1|138|
13|400|192|0|349|1|113|
13|403|192|0|183|1|141|
13|398|192|0|181|1|137|
13|401|192|0|182|1|141|
13|398|192|0|181|1|141|
13|387|192|0|177|1|139|
13|394|192|0|180|1|137|
13|390|288|0|178|1|141|
13|396|192|0|180|1|141|
13|1927|960|0|219|1|139|
13|389|192|0|347|1|109|
13|406|288|0|350|1|115|
13|395|192|0|180|1|141|
13|396|192|0|180|1|141|
13|622|288|0|434|1|142|
13|399|192|0|181|1|139|
13|388|192|0|177|1|137|
13|397|192|0|180|1|141|
13|386|192|0|175|1|137|
13|405|192|0|183|1|141|
13|598|288|0|425|1|138|
13|409|288|0|352|1|117|
13|401|192|0|179|1|139|
13|389|192|0|178|1|137|
13|396|192|0|180|1|141|
13|396|288|0|180|1|141|
13|390|192|0|178|1|137|
13|405|192|0|183|1|141|
13|400|192|0|182|1|141|
13|411|192|0|354|1|115|
13|400|192|0|348|1|111|
13|405|288|0|183|1|137|
13|408|192|0|184|1|137|
13|385|192|0|176|1|141|
13|399|192|0|181|1|141|
13|601|288|0|427|1|138|
13|400|192|0|347|1|111|
13|608|288|0|429|1|138|
13|404|288|0|183|1|137|
13|401|192|0|348|1|111|
13|386|192|0|177|1|137|
13|393|192|0|179|1|141|
13|403|192|0|183|1|141|
13|390|192|0|178|1|137|
13|617|288|0|431|1|138|
13|395|192|0|346|1|109|
13|397|192|0|180|1|141|
13|393|192|0|179|1|141|
13|388|192|0|177|1|141|
13|401|192|0|181|1|141|
13|613|288|0|432|1|138|
13|408|192|0|351|1|117|
13|411|288|0|353|1|121|
13|385|192|0|177|1|137|
13|407|288|0|184|1|137|
13|399|192|0|181|1|137|
13|404|288|0|183|1|141|
13|405|192|0|183|1|137|
13|392|192|0|179|1|137|
13|612|288|0|430|1|138|
13|388|192|0|178|1|141|
13|387|192|0|177|1|137|
13|390|192|0|178|1|141|
13|389|192|0|178|1|141|
13|622|288|0|434|1|142|
13|396|288|0|348|1|113|
13|411|288|0|185|1|137|
13|409|192|0|185|1|137|
13|407|192|0|184|1|141|
13|406|192|0|184|1|141|
13|408|288|0|351|1|117|
13|403|192|0|349|1|117|
13|407|192|0|184|1|141|
13|410|192|0|185|1|141|
13|403|192|0|183|1|137|
13|402|192|0|183|1|141|
13|398|192|0|181|1|141|
13|396|192|0|180|1|137|
13|399|192|0|182|1|141|
13|399|192|0|182|1|141|
13|395|192|0|180|1|137|
13|402|192|0|182|1|137|
13|406|192|0|184|1|137|
13|400|192|0|182|1|137|
13|404|192|0|183|1|141|
13|396|192|0|180|1|137|
13|396|192|0|181|1|137|
13|390|192|0|178|1|137|
13|391|192|0|179|1|137|
13|406|192|0|184|1|137|
13|393|192|0|179|1|137|
13|390|288|0|178|1|137|
13|405|192|0|183|1|137|
13|387|192|0|177|1|141|
13|394|192|0|180|1|141|
13|412|192|0|186|1|141|
13|395|192|0|180|1|141|
13|388|192|0|178|1|137|
13|859|480|0|217|1|137|
13|389|192|0|178|1|137|
13|392|192|0|179|1|137|
13|398|192|0|181|1|137|
13|389|192|0|178|1|141|
13|393|192|0|179|1|137|
13|406|192|0|184|1|137|
13|389|192|0|178|1|137|
13|391|192|0|179|1|137|
13|393|192|0|179|1|137|
13|392|288|0|179|1|137|
13|390|192|0|178|1|137|
13|394|192|0|180|1|137|
13|354|192|0|166|1|137|
13|382|192|0|176|1|141|
13|406|192|0|184|1|139|
13|385|192|0|177|1|141|
13|389|192|0|178|1|137|
13|386|192|0|177|1|141|
13|386|192|0|177|1|137|
13|406|288|0|183|1|141|
13|389|192|0|178|1|137|
13|387|192|0|177|1|137|
13|396|192|0|180|1|137|
13|395|192|0|180|1|141|
13|390|192|0|179|1|137|
13|390|192|0|178|1|137|
13|393|192|0|179|1|141|
13|389|192|0|178|1|141|
13|395|192|0|180|1|141|
13|405|192|0|183|1|141|
13|386|192|0|177|1|141|
13|392|192|0|179|1|137|
13|388|192|0|178|1|137|
13|406|192|0|183|1|141|
13|388|192|0|177|1|141|
13|404|192|0|183|1|141|
13|392|192|0|179|1|137|
13|397|288|0|180|1|137|
13|390|192|0|177|1|139|
13|398|192|0|181|1|137|
13|389|192|0|178|1|137|
13|394|192|0|180|1|141|
13|390|192|0|178|1|141|
13|386|192|0|177|1|137|
13|392|192|0|179|1|137|
13|388|192|0|178|1|137|
13|391|192|0|179|1|141|
13|404|192|0|183|1|137|
13|390|192|0|178|1|141|
13|409|192|0|185|1|137|
13|410|192|0|185|1|137|
13|401|192|0|182|1|141|
13|407|192|0|184|1|139|
13|392|192|0|179|1|137|
13|408|96|0|184|1|137|
13|398|288|0|181|1|141|
13|408|192|0|184|1|141|
13|398|192|0|181|1|141|
13|403|192|0|183|1|141|
13|391|96|0|179|1|139|
13|406|288|0|184|1|139|
13|408|288|0|184|1|139|
13|406|192|0|184|1|141|
13|409|192|0|184|1|137|
13|402|192|0|182|1|141|
13|402|192|0|182|1|141|
13|392|192|0|179|1|139|
13|408|288|0|184|1|137|
13|387|192|0|178|1|137|
13|391|192|0|179|1|141|
13|393|192|0|179|1|137|
13|391|192|0|178|1|137|
13|401|192|0|182|1|141|
13|409|288|0|185|1|137|
13|406|192|0|184|1|141|
13|407|192|0|183|1|137|
13|392|192|0|179|1|137|
13|405|192|0|184|1|137|
13|400|192|0|182|1|137|
13|595|288|0|217|1|137|
13|387|192|0|176|1|137|
13|395|192|0|180|1|137|
13|384|192|0|176|1|137|
13|389|192|0|178|1|137|
13|387|192|0|177|1|141|
13|358|96|0|167|1|141|
13|392|192|0|179|1|137|
13|404|192|0|183|1|141|
13|404|192|0|183|1|141|
13|404|192|0|183|1|137|
13|412|192|0|185|1|141|
13|387|192|0|177|1|137|
13|391|192|0|179|1|137|
13|384|192|0|177|1|137|
13|388|192|0|178|1|141|
13|398|192|0|181|1|141|
13|384|192|0|176|1|141|
13|392|192|0|179|1|141|
13|391|288|0|179|1|141|
13|406|288|0|184|1|137|
13|385|192|0|177|1|141|
13|388|192|0|178|1|141|
13|397|288|0|181|1|141|
13|404|192|0|183|1|137|
13|397|192|0|181|1|137|
13|404|288|0|183|1|141|
13|406|192|0|184|1|137|
13|402|288|0|183|1|137|
13|404|192|0|183|1|137|
13|385|192|0|177|1|137|
13|401|192|0|182|1|137|
13|387|192|0|178|1|141|
13|391|192|0|179|1|141|
13|406|192|0|184|1|141|
13|385|192|0|177|1|141|
13|384|192|0|176|1|137|
13|388|192|0|178|1|137|
13|406|192|0|182|1|141|
13|399|192|0|182|1|137|
13|383|288|0|176|1|137|
13|403|288|0|183|1|137|
13|400|192|0|182|1|137|
13|387|192|0|177|1|139|
13|398|192|0|181|1|137|
13|398|192|0|181|1|139|
13|391|192|0|176|1|139|
13|397|288|0|181|1|137|
13|396|192|0|180|1|141|
13|397|192|0|181|1|139|
13|390|192|0|178|1|141|
13|405|192|0|183|1|141|
13|399|192|0|181|1|141|
13|406|192|0|184|1|137|
13|384|192|0|176|1|139|
13|385|192|0|177|1|141|
13|406|192|0|184|1|141|
13|399|192|0|181|1|137|
13|389|192|0|178|1|137|
13|391|192|0|179|1|137|
13|398|192|0|181|1|141|
13|414|192|0|186|1|141|
13|397|192|0|181|1|141|
13|404|192|0|183|1|137|
13|398|192|0|181|1|141|
13|403|192|0|183|1|141|
13|401|192|0|182|1|137|
13|394|192|0|180|1|137|
13|405|192|0|183|1|137|
13|394|192|0|180|1|141|
13|1735|864|0|221|1|141|
13|396|288|0|180|1|141|
13|396|192|0|180|1|141|
13|404|192|0|183|1|141|
13|1813|960|0|221|1|141|
13|391|192|0|179|1|141|
13|407|192|0|184|1|137|
13|401|288|0|182|1|137|
13|407|192|0|184|1|141|
13|404|192|0|183|1|141|
13|403|192|0|183|1|141|
13|389|192|0|178|1|141|
13|364|192|0|169|1|137|
13|387|192|0|177|1|139|
13|408|192|0|184|1|137|
13|385|192|0|177|1|141|
13|404|192|0|183|1|141|
13|388|192|0|178|1|137|
13|389|192|0|178|1|137|
13|385|288|0|177|1|137|
13|396|192|0|180|1|137|
13|387|192|0|178|1|141|
13|394|192|0|180|1|141|
13|391|192|0|179|1|141|
13|404|288|0|183|1|141|
13|389|192|0|178|1|137|
13|406|192|0|184|1|141|
13|387|192|0|177|1|137|
13|414|192|0|186|1|137|
13|405|288|0|183|1|141|
13|409|192|0|184|1|141|
13|397|192|0|181|1|141|
13|403|288|0|183|1|141|
13|397|192|0|181|1|137|
13|391|192|0|178|1|137|
13|412|192|0|185|1|137|
13|390|192|0|178|1|141|
13|399|192|0|181|1|141|
13|388|192|0|178|1|141|
13|407|288|0|184|1|137|
13|395|192|0|180|1|141|
13|406|288|0|184|1|141|
13|388|192|0|178|1|137|
13|388|288|0|178|1|137|
13|402|192|0|180|1|137|
13|389|192|0|178|1|137|
13|387|192|0|178|1|137|
13|387|192|0|177|1|141|
13|385|192|0|176|1|137|
13|387|192|0|177|1|141|
13|395|192|0|180|1|141|
13|388|192|0|177|1|137|
13|407|192|0|184|1|137|
13|389|192|0|178|1|141|
13|406|192|0|184|1|141|
13|396|192|0|180|1|137|
13|404|192|0|183|1|141|
13|398|192|0|181|1|141|
13|401|192|0|182|1|137|
13|375|192|0|173|1|137|
13|405|288|0|183|1|137|
13|385|192|0|176|1|137|
13|400|192|0|181|1|137|
13|411|192|0|185|1|141|
13|403|192|0|182|1|141|
13|390|192|0|178|1|141|
13|401|96|0|182|1|137|
13|401|288|0|182|1|137|
13|392|192|0|179|1|137|
13|409|192|0|184|1|137|
13|1395|768|0|217|1|137|
13|384|192|0|176|1|137|
13|391|192|0|178|1|141|
13|412|192|0|185|1|141|
13|391|192|0|178|1|137|
13|392|288|0|179|1|137|
13|392|192|0|179|1|137|
13|383|192|0|176|1|141|
13|393|192|0|180|1|141|
13|386|192|0|177|1|141|
13|384|192|0|176|1|137|
13|380|288|0|175|1|137|
13|395|192|0|186|1|83|
13|383|192|0|176|1|141|
13|387|192|0|177|1|141|
13|394|192|0|180|1|141|
13|388|288|0|178|1|137|
13|395|192|0|179|1|141|
13|395|192|0|180|1|137|
13|389|192|0|178|1|141|
13|401|288|0|182|1|141|
13|391|192|0|178|1|137|
13|394|192|0|180|1|141|
13|403|192|0|183|1|137|
13|388|192|0|178|1|137|
13|407|192|0|184|1|141|
13|391|192|0|179|1|137|
13|389|288|0|178|1|137|
13|404|192|0|183|1|137|
13|389|192|0|178|1|141|
13|393|192|0|179|1|137|
13|403|192|0|183|1|141|
13|1076|480|0|221|1|141|
13|401|192|0|182|1|137|
13|408|192|0|184|1|137|
13|393|288|0|179|1|137|
13|407|192|0|184|1|141|
13|393|192|0|179|1|137|
13|385|192|0|177|1|137|
13|389|192|0|178|1|137|
13|407|192|0|184|1|137|
13|392|192|0|179|1|141|
13|405|192|0|183|1|141|
13|403|192|0|183|1|141|
13|404|192|0|183|1|141|
13|404|192|0|183|1|137|
13|397|192|0|181|1|137|
13|392|192|0|179|1|141|
13|395|192|0|180|1|141|
13|404|192|0|183|1|141|
13|398|288|0|181|1|137|
13|385|96|0|175|1|141|
13|420|192|0|188|1|141|
13|390|192|0|178|1|137|
13|393|192|0|179|1|137|
13|387|192|0|178|1|141|
13|407|288|0|182|1|141|
13|389|192|0|178|1|141|
13|409|192|0|185|1|141|
13|399|192|0|181|1|141|
13|407|192|0|183|1|141|
13|398|288|0|181|1|141|
13|389|192|0|178|1|137|
13|401|288|0|182|1|141|
13|388|192|0|178|1|137|
13|395|192|0|180|1|137|
13|402|192|0|182|1|137|
13|409|192|0|185|1|137|
13|398|192|0|181|1|137|
13|407|192|0|184|1|141|
13|399|192|0|181|1|137|
13|411|192|0|185|1|137|
13|401|192|0|182|1|137|
13|407|192|0|184|1|141|
13|400|192|0|182|1|141|
13|410|288|0|185|1|137|
13|399|192|0|181|1|137|
13|407|288|0|183|1|137|
13|400|192|0|182|1|137|
13|408|288|0|184|1|141|
13|411|192|0|185|1|137|
13|400|288|0|181|1|137|
13|405|192|0|183|1|137|
13|400|192|0|181|1|141|
13|407|192|0|184|1|137|
13|401|288|0|182|1|137|
13|402|192|0|182|1|141|
13|399|192|0|182|1|137|
13|412|192|0|186|1|137|
13|406|288|0|184|1|137|
13|409|192|0|185|1|137|
13|391|192|0|179|1|141|
13|409|288|0|184|1|141|
13|391|192|0|178|1|137|
13|403|288|0|183|1|137|
13|1962|960|0|217|1|137|
13|395|192|0|180|1|141|
13|394|192|0|180|1|137|
13|401|288|0|182|1|141|
13|405|192|0|183|1|141|
13|388|192|0|178|1|141|
13|394|192|0|180|1|141|
13|398|192|0|181|1|137|
13|394|192|0|180|1|141|
13|387|192|0|177|1|137|
13|405|192|0|183|1|137|
13|411|192|0|185|1|137|
13|408|288|0|184|1|141|
13|399|192|0|181|1|141|
13|406|192|0|184|1|137|
13|405|192|0|183|1|141|
13|1391|672|0|217|1|137|
13|385|192|0|177|1|137|
13|401|192|0|182|1|141|
13|408|192|0|184|1|141|
13|388|192|0|178|1|137|
13|405|192|0|183|1|141|
13|403|288|0|182|1|141|
13|408|192|0|184|1|137|
13|404|192|0|183|1|137|
13|412|192|0|185|1|137|
13|385|192|0|177|1|137|
13|410|288|0|185|1|137|
13|405|192|0|183|1|137|
13|406|192|0|184|1|141|
13|405|192|0|183|1|141|
13|404|192|0|183|1|137|
13|1311|672|0|221|1|141|
13|385|192|0|176|1|141|
13|391|192|0|178|1|137|
13|394|192|0|179|1|141|
13|386|192|0|177|1|137|
13|387|192|0|177|1|137|
13|389|192|0|178|1|137|
13|387|192|0|177|1|141|
13|394|192|0|179|1|137|
13|406|192|0|183|1|137|
13|392|192|0|179|1|141|
13|400|192|0|181|1|141|
13|392|192|0|179|1|141|
13|400|192|0|181|1|137|
13|405|192|0|183|1|137|
13|403|192|0|183|1|137|
13|403|192|0|183|1|141|
13|404|288|0|183|1|137|
13|405|192|0|183|1|141|
13|400|192|0|182|1|137|
13|408|192|0|184|1|137|
13|408|192|0|184|1|141|
13|1557|768|0|217|1|137|
13|404|192|0|183|1|137|
13|384|192|0|176|1|137|
13|411|192|0|185|1|137|
13|381|288|0|175|1|137|
13|396|96|0|180|1|137|
13|409|192|0|185|1|137|
13|390|192|0|178|1|141|
13|395|192|0|180|1|141|
13|384|192|0|175|1|137|
13|384|192|0|177|1|141|
13|396|192|0|180|1|137|
13|384|192|0|176|1|137|
13|409|192|0|185|1|141|
13|410|192|0|185|1|141|
13|407|192|0|184|1|141|
13|400|192|0|182|1|141|
13|405|192|0|183|1|141|
13|398|192|0|181|1|137|
13|387|192|0|177|1|137|
13|395|192|0|180|1|141|
13|385|192|0|177|1|141|
13|405|192|0|183|1|137|
13|385|192|0|177|1|137|
13|403|192|0|182|1|137|
13|386|192|0|177|1|141|
13|405|192|0|183|1|137|
13|391|288|0|178|1|141|
13|403|288|0|182|1|141|
13|387|192|0|177|1|137|
13|388|192|0|177|1|141|
13|388|192|0|177|1|141|
13|408|192|0|184|1|141|
13|400|192|0|182|1|137|
13|391|192|0|178|1|141|
13|407|192|0|184|1|141|
13|393|192|0|179|1|141|
13|388|192|0|178|1|141|
13|389|192|0|178|1|141|
13|387|192|0|178|1|137|
13|385|96|0|177|1|141|
13|397|192|0|181|1|141|
13|390|192|0|179|1|141|
13|389|192|0|178|1|137|
13|393|192|0|179|1|137|
13|603|384|0|427|1|142|
13|412|192|0|352|1|121|
13|393|192|0|178|1|137|
13|411|192|0|185|1|141|
13|400|192|0|182|1|141|
13|407|192|0|184|1|141|
13|409|192|0|185|1|141|
13|614|288|0|432|1|142|
13|404|192|0|183|1|137|
13|391|192|0|179|1|141|
13|404|192|0|183|1|141|
13|391|192|0|179|1|141|
13|390|192|0|178|1|137|
13|617|384|0|433|1|138|
13|397|288|0|347|1|113|
13|408|192|0|184|1|141|
13|405|288|0|183|1|137|
13|392|192|0|179|1|141|
13|611|288|0|430|1|138|
13|600|288|0|427|1|142|
13|385|192|0|177|1|141|
13|396|192|0|180|1|141|
13|393|192|0|179|1|137|
13|398|192|0|181|1|141|
13|394|288|0|180|1|141|
13|1027|576|0|221|1|141|
13|392|192|0|179|1|137|
13|406|288|0|184|1|141|
13|386|192|0|177|1|137|
13|614|288|0|432|1|142|
13|571|288|0|417|1|142|
13|381|192|0|340|1|107|
13|388|192|0|345|1|109|
13|386|192|0|177|1|141|
13|375|192|0|172|1|141|
13|404|192|0|350|1|111|
13|389|192|0|344|1|107|
13|395|192|0|345|1|111|
13|389|192|0|178|1|137|
13|404|288|0|183|1|141|
13|407|288|0|184|1|137|
13|405|288|0|183|1|137|
13|405|192|0|183|1|137|
13|403|192|0|182|1|141|
13|393|192|0|179|1|137|
13|400|192|0|181|1|141|
13|602|384|0|427|1|142|
13|406|192|0|183|1|141|
13|401|192|0|182|1|137|
13|401|192|0|182|1|141|
13|399|192|0|181|1|137|
13|411|192|0|185|1|141|
13|618|384|0|431|1|142|
13|410|288|0|350|1|115|
13|394|192|0|345|1|111|
13|395|192|0|180|1|141|
13|406|192|0|183|1|137|
13|394|192|0|179|1|141|
13|612|288|0|430|1|138|
13|614|288|0|430|1|142|
13|616|288|0|434|1|138|
13|395|192|0|180|1|137|
13|393|192|0|179|1|137|
13|397|192|0|180|1|141|
13|393|192|0|179|1|141|
13|394|192|0|180|1|137|
13|397|192|0|181|1|137|
13|411|192|0|186|1|141|
13|391|192|0|179|1|137|
13|408|288|0|184|1|141|
13|407|192|0|184|1|141|
13|405|192|0|183|1|137|
13|621|384|0|436|1|142|
13|411|192|0|351|1|115|
13|405|192|0|348|1|117|
13|386|192|0|177|1|137|
13|395|192|0|180|1|137|
13|385|192|0|177|1|141|
13|405|192|0|183|1|141|
13|396|192|0|180|1|137|
13|386|192|0|177|1|137|
13|607|288|0|431|1|138|
13|386|192|0|344|1|109|
13|403|192|0|183|1|137|
13|387|192|0|177|1|141|
13|582|384|0|219|1|139|
13|392|192|0|179|1|137|
13|403|192|0|182|1|139|
13|403|192|0|183|1|137|
13|384|192|0|177|1|137|
13|626|384|0|436|1|142|
13|389|288|0|178|1|141|
13|391|192|0|178|1|141|
13|382|192|0|176|1|137|
13|399|192|0|181|1|137|
13|403|288|0|183|1|141|
13|622|384|0|433|1|142|
13|401|192|0|352|1|117|
13|385|192|0|177|1|141|
13|399|192|0|181|1|137|
13|400|192|0|182|1|141|
13|388|192|0|178|1|137|
13|382|192|0|345|1|109|
13|400|192|0|348|1|111|
13|391|192|0|347|1|105|
13|395|192|0|180|1|137|
13|395|192|0|180|1|141|
13|614|288|0|432|1|142|
13|395|192|0|180|1|141|
13|408|192|0|184|1|137|
13|396|288|0|180|1|141|
13|406|192|0|183|1|139|
13|402|192|0|182|1|137|
13|392|192|0|179|1|141|
13|403|192|0|349|1|111|
13|623|288|0|435|1|142|
13|399|288|0|181|1|141|
13|388|192|0|177|1|139|
13|409|192|0|184|1|137|
13|387|192|0|177|1|141|
13|606|288|0|429|1|142|
13|392|192|0|178|1|137|
13|409|192|0|185|1|141|
13|393|192|0|180|1|137|
13|598|288|0|427|1|138|
13|400|192|0|182|1|137|
13|394|192|0|180|1|137|
13|399|192|0|181|1|141|
13|622|384|0|435|1|142|
13|395|192|0|180|1|141|
13|395|288|0|180|1|141|
13|397|288|0|180|1|141|
13|1835|960|0|219|1|139|
13|408|192|0|184|1|137|
13|389|192|0|178|1|137|
13|390|192|0|178|1|141|
13|388|192|0|178|1|137|
13|402|192|0|183|1|141|
13|409|192|0|185|1|137|
13|400|192|0|182|1|137|
13|410|192|0|185|1|141|
13|394|192|0|179|1|141|
13|397|192|0|181|1|137|
13|390|192|0|179|1|137|
13|400|288|0|182|1|137|
13|384|192|0|177|1|141|
13|395|192|0|180|1|141|
13|598|384|0|427|1|142|
13|387|192|0|178|1|141|
13|384|192|0|177|1|137|
13|391|192|0|179|1|137|
13|400|192|0|182|1|141|
13|408|192|0|184|1|141|
13|399|192|0|182|1|137|
13|393|192|0|179|1|141|
13|402|288|0|183|1|137|
13|401|192|0|182|1|141|
13|602|288|0|428|1|142|
13|408|192|0|184|1|141|
13|404|192|0|183|1|137|
13|406|288|0|183|1|137|
13|398|192|0|348|1|117|
13|404|192|0|182|1|141|
13|396|192|0|180|1|137|
13|406|192|0|183|1|137|
13|607|384|0|429|1|138|
13|394|192|0|347|1|117|
13|407|192|0|184|1|137|
13|408|192|0|185|1|137|
13|399|192|0|181|1|141|
13|410|192|0|185|1|141|
13|408|288|0|185|1|141|
13|385|192|0|177|1|141|
13|405|192|0|183|1|137|
13|410|192|0|185|1|141|
13|398|192|0|181|1|137|
13|407|96|0|184|1|137|
13|1592|768|0|221|1|141|
13|408|192|0|185|1|141|
13|399|288|0|181|1|137|
13|413|288|0|186|1|137|
13|400|192|0|182|1|141|
13|394|192|0|180|1|137|
13|399|192|0|181|1|137|
13|415|288|0|187|1|141|
13|400|192|0|181|1|141|
13|409|192|0|184|1|141|
13|394|192|0|179|1|141|
13|402|192|0|182|1|141|
13|409|192|0|184|1|137|
13|387|192|0|177|1|141|
13|401|192|0|182|1|137|
13|387|192|0|177|1|141|
13|394|192|0|179|1|139|
13|390|192|0|178|1|141|
13|392|192|0|179|1|137|
13|400|192|0|181|1|141|
13|394|192|0|180|1|141|
13|409|288|0|184|1|141|
13|400|192|0|182|1|137|
13|408|288|0|184|1|139|
13|1595|768|0|217|1|137|
13|390|192|0|178|1|141|
13|389|192|0|178|1|137|
13|392|192|0|179|1|141|
13|405|192|0|183|1|141|
13|387|288|0|177|1|137|
13|1113|576|0|217|1|137|
13|405|192|0|183|1|137|
13|387|192|0|178|1|141|
13|404|192|0|183|1|137|
13|393|192|0|180|1|141|
13|390|288|0|178|1|141|
13|405|192|0|184|1|141|
13|403|288|0|183|1|137|
13|394|192|0|180|1|141|
13|403|192|0|183|1|137|
13|404|192|0|183|1|137|
13|408|192|0|184|1|137|
13|409|288|0|185|1|137|
13|391|288|0|179|1|141|
13|391|288|0|179|1|137|
13|389|192|0|178|1|141|
