INSTRUCTIONS_RETIRED|CYCLES|UNKNOWN|LD_BLOCKS.STORE_FORWARD|UOPS_EXECUTED.CORE|BR_MISP_RETIRED.ALL_BRANCHES|UOPS_ISSUED.SLOW_LEA|
13|411|288|0|156|1|73|
13|400|192|0|154|1|73|
13|402|192|0|156|1|73|
13|408|192|0|156|1|73|
13|404|192|0|156|1|73|
13|596|384|0|404|1|74|
13|409|192|0|354|1|96|
13|1464|672|0|156|1|73|
13|398|192|0|156|1|73|
13|407|192|0|351|1|95|
13|386|192|0|156|1|73|
13|368|192|0|156|1|72|
13|385|192|0|158|1|73|
13|370|192|0|156|1|73|
13|396|192|0|156|1|73|
13|405|288|0|350|1|99|
13|620|288|0|404|1|73|
13|390|192|0|345|1|100|
13|376|192|0|340|1|98|
13|385|192|0|156|1|72|
13|393|192|0|156|1|73|
13|398|192|0|156|1|73|
13|389|192|0|156|1|73|
13|388|192|0|156|1|73|
13|393|192|0|156|1|73|
13|388|192|0|158|1|73|
13|397|192|0|350|1|96|
13|383|192|0|156|1|73|
13|612|384|0|406|1|74|
13|381|192|0|156|1|73|
13|400|192|0|156|1|73|
13|401|192|0|156|1|73|
13|387|192|0|156|1|73|
13|390|192|0|156|1|73|
13|396|288|0|156|1|73|
13|407|192|0|156|1|73|
13|387|192|0|156|1|73|
13|411|192|0|156|1|73|
13|388|192|0|156|1|73|
13|396|192|0|156|1|73|
13|397|192|0|156|1|73|
13|406|192|0|156|1|73|
13|405|192|0|156|1|73|
13|407|192|0|156|1|73|
13|397|192|0|156|1|73|
13|623|288|0|409|1|74|
13|407|192|0|353|1|98|
13|398|192|0|347|1|98|
13|404|192|0|156|1|73|
13|392|192|0|346|1|98|
13|408|288|0|156|1|73|
13|387|192|0|156|1|73|
13|397|192|0|156|1|73|
13|390|192|0|156|1|73|
13|406|192|0|156|1|73|
13|390|288|0|156|1|73|
13|382|192|0|156|1|73|
13|404|192|0|350|1|100|
13|395|192|0|347|1|100|
13|403|192|0|156|1|73|
13|404|288|0|154|1|73|
13|407|192|0|156|1|73|
13|405|288|0|156|1|73|
13|405|192|0|156|1|73|
13|405|288|0|156|1|73|
13|389|192|0|156|1|73|
13|403|288|0|156|1|73|
13|392|192|0|156|1|73|
13|402|192|0|156|1|72|
13|389|192|0|156|1|73|
13|406|192|0|156|1|73|
13|404|192|0|352|1|94|
13|400|192|0|156|1|72|
13|393|288|0|156|1|73|
13|403|288|0|156|1|72|
13|1751|960|0|156|1|73|
13|402|192|0|156|1|73|
13|407|192|0|351|1|100|
13|1781|960|0|393|1|98|
13|392|192|0|156|1|73|
13|394|192|0|156|1|73|
13|942|576|0|435|1|14|
13|608|288|0|406|1|74|
13|396|192|0|156|1|73|
13|405|192|0|156|1|73|
13|394|192|0|156|1|73|
13|399|192|0|156|1|73|
13|399|192|0|156|1|73|
13|613|288|0|407|1|73|
13|404|192|0|156|1|73|
13|609|384|0|402|1|73|
13|385|192|0|156|1|73|
13|387|192|0|156|1|73|
13|405|192|0|156|1|73|
13|398|192|0|346|1|98|
13|404|192|0|156|1|72|
13|608|288|0|404|1|74|
13|402|192|0|350|1|100|
13|598|288|0|405|1|74|
13|393|192|0|350|1|100|
13|385|192|0|156|1|73|
13|389|192|0|156|1|73|
13|411|192|0|156|1|73|
13|611|288|0|404|1|74|
13|617|288|0|406|1|74|
13|407|288|0|156|1|73|
13|618|288|0|404|1|74|
13|625|288|0|405|1|74|
13|409|192|0|351|1|98|
13|409|192|0|156|1|72|
13|391|192|0|156|1|72|
13|617|288|0|404|1|74|
13|391|192|0|156|1|73|
13|1561|768|0|154|1|73|
13|391|192|0|156|1|73|
13|386|288|0|343|1|94|
13|399|192|0|156|1|73|
13|404|192|0|156|1|73|
13|399|192|0|156|1|73|
13|394|192|0|156|1|73|
13|398|192|0|156|1|72|
13|389|192|0|156|1|73|
13|410|192|0|156|1|73|
13|402|192|0|156|1|73|
13|395|192|0|156|1|72|
13|392|192|0|156|1|73|
13|394|192|0|156|1|73|
13|410|192|0|156|1|73|
13|407|288|0|156|1|73|
13|389|192|0|156|1|73|
13|389|192|0|156|1|73|
13|393|192|0|156|1|73|
13|398|192|0|156|1|73|
13|395|192|0|156|1|73|
13|401|192|0|156|1|73|
13|403|192|0|156|1|73|
13|396|192|0|156|1|72|
13|615|288|0|404|1|74|
13|389|192|0|156|1|73|
13|405|192|0|156|1|73|
13|401|192|0|348|1|98|
13|387|192|0|156|1|73|
13|389|192|0|346|1|95|
13|404|192|0|156|1|73|
13|390|288|0|156|1|72|
13|398|192|0|156|1|73|
13|408|192|0|156|1|73|
13|408|192|0|156|1|72|
13|622|384|0|405|1|74|
13|400|192|0|349|1|95|
13|407|192|0|156|1|73|
13|398|192|0|156|1|73|
13|402|192|0|156|1|73|
13|402|288|0|156|1|73|
13|399|192|0|156|1|72|
13|370|192|0|156|1|72|
13|389|192|0|156|1|72|
13|410|192|0|156|1|73|
13|395|192|0|156|1|73|
13|386|192|0|156|1|73|
13|408|288|0|156|1|73|
13|406|192|0|156|1|73|
13|402|192|0|156|1|73|
13|617|288|0|406|1|74|
13|402|192|0|156|1|73|
13|383|192|0|154|1|73|
13|407|288|0|156|1|73|
13|391|192|0|156|1|73|
13|408|192|0|156|1|73|
13|387|192|0|156|1|73|
13|400|192|0|156|1|73|
13|388|288|0|156|1|73|
13|398|192|0|156|1|73|
13|616|288|0|406|1|73|
13|410|192|0|352|1|94|
13|402|192|0|348|1|96|
13|396|192|0|156|1|73|
13|395|192|0|156|1|73|
13|398|192|0|156|1|73|
13|394|192|0|346|1|98|
13|388|192|0|156|1|72|
13|391|192|0|156|1|73|
13|398|192|0|156|1|72|
13|410|192|0|156|1|73|
13|398|288|0|156|1|73|
13|400|192|0|156|1|73|
13|416|288|0|353|1|96|
13|400|192|0|156|1|73|
13|623|288|0|409|1|74|
13|385|192|0|154|1|73|
13|390|192|0|156|1|73|
13|390|288|0|156|1|73|
13|383|288|0|154|1|73|
13|395|192|0|156|1|72|
13|394|192|0|156|1|73|
13|397|288|0|156|1|73|
13|397|192|0|346|1|98|
13|393|192|0|156|1|73|
13|394|192|0|156|1|73|
13|387|192|0|156|1|72|
13|391|192|0|156|1|73|
13|603|288|0|404|1|74|
13|389|192|0|156|1|73|
13|401|192|0|156|1|73|
13|405|192|0|156|1|73|
13|408|192|0|158|1|73|
13|403|192|0|156|1|73|
13|401|192|0|156|1|73|
13|408|192|0|156|1|73|
13|406|192|0|156|1|73|
13|604|288|0|406|1|74|
13|617|288|0|405|1|74|
13|394|192|0|346|1|100|
13|404|192|0|156|1|73|
13|395|192|0|156|1|73|
13|614|384|0|409|1|74|
13|398|192|0|156|1|73|
13|399|192|0|156|1|73|
13|396|192|0|156|1|73|
13|384|192|0|154|1|73|
13|405|192|0|156|1|73|
13|613|384|0|402|1|74|
13|404|192|0|156|1|73|
13|408|192|0|156|1|73|
13|1181|576|0|406|1|74|
13|407|192|0|156|1|73|
13|396|192|0|156|1|73|
13|412|192|0|156|1|73|
13|397|192|0|156|1|72|
13|396|192|0|156|1|73|
13|609|288|0|406|1|74|
13|399|288|0|156|1|73|
13|604|288|0|156|1|73|
13|615|384|0|404|1|74|
13|596|384|0|404|1|74|
13|402|192|0|350|1|100|
13|1260|672|0|156|1|73|
13|405|288|0|156|1|73|
13|402|192|0|156|1|73|
13|402|192|0|156|1|73|
13|392|192|0|156|1|73|
13|618|288|0|405|1|74|
13|402|192|0|156|1|72|
13|396|192|0|347|1|98|
13|387|192|0|156|1|73|
13|389|192|0|156|1|73|
13|381|192|0|156|1|73|
13|387|192|0|156|1|73|
13|408|288|0|156|1|73|
13|397|192|0|156|1|73|
13|624|384|0|406|1|74|
13|400|192|0|349|1|100|
13|411|192|0|156|1|73|
13|392|192|0|156|1|73|
13|596|288|0|404|1|74|
13|395|192|0|156|1|73|
13|602|288|0|406|1|74|
13|619|384|0|408|1|74|
13|400|192|0|156|1|73|
13|620|288|0|407|1|74|
13|616|288|0|408|1|74|
13|414|192|0|353|1|100|
13|400|192|0|156|1|73|
13|404|192|0|351|1|100|
13|401|192|0|156|1|73|
13|404|192|0|154|1|73|
13|392|192|0|156|1|73|
13|409|192|0|351|1|100|
13|411|288|0|156|1|73|
13|397|192|0|156|1|73|
13|410|192|0|156|1|73|
13|395|192|0|156|1|73|
13|398|192|0|156|1|73|
13|396|192|0|156|1|73|
13|393|288|0|156|1|73|
13|398|288|0|156|1|73|
13|402|192|0|156|1|73|
13|406|192|0|156|1|73|
13|447|192|0|156|1|73|
13|409|192|0|352|1|100|
13|409|192|0|158|1|73|
13|415|192|0|355|1|98|
13|402|288|0|158|1|73|
13|410|288|0|156|1|73|
13|391|192|0|156|1|73|
13|687|288|0|156|1|73|
13|410|192|0|156|1|73|
13|400|192|0|156|1|73|
13|406|192|0|156|1|73|
13|414|192|0|356|1|100|
13|397|192|0|156|1|73|
13|409|288|0|156|1|73|
13|619|288|0|405|1|74|
13|395|192|0|345|1|99|
13|408|192|0|156|1|73|
13|403|192|0|156|1|73|
13|391|192|0|156|1|73|
13|391|192|0|156|1|73|
13|404|192|0|156|1|73|
13|392|288|0|156|1|73|
13|398|192|0|156|1|73|
13|403|192|0|156|1|73|
13|398|192|0|156|1|73|
13|413|192|0|156|1|73|
13|400|192|0|156|1|73|
13|409|192|0|156|1|73|
13|737|384|0|156|1|73|
13|387|288|0|158|1|73|
13|391|192|0|156|1|73|
13|387|192|0|156|1|73|
13|394|192|0|156|1|73|
13|706|288|0|156|1|73|
13|407|192|0|156|1|73|
13|388|192|0|156|1|73|
13|387|192|0|156|1|73|
13|400|192|0|154|1|73|
13|389|192|0|156|1|73|
13|394|192|0|156|1|73|
13|404|192|0|156|1|73|
13|389|192|0|156|1|73|
13|394|192|0|156|1|73|
13|1705|864|0|156|1|73|
13|398|192|0|156|1|73|
13|404|192|0|156|1|73|
13|404|192|0|156|1|73|
13|406|192|0|156|1|73|
13|409|192|0|156|1|73|
13|400|192|0|156|1|73|
13|408|192|0|156|1|73|
13|400|192|0|156|1|73|
13|412|192|0|156|1|73|
13|402|192|0|156|1|73|
13|383|192|0|158|1|73|
13|1455|768|0|156|1|73|
13|384|192|0|156|1|72|
13|405|288|0|156|1|73|
13|389|288|0|156|1|73|
13|408|192|0|156|1|73|
13|406|192|0|156|1|73|
13|402|192|0|156|1|73|
13|410|192|0|156|1|73|
13|390|192|0|156|1|73|
13|392|192|0|156|1|73|
13|399|192|0|156|1|73|
13|397|192|0|156|1|73|
13|400|192|0|156|1|73|
13|399|192|0|156|1|73|
13|388|192|0|156|1|73|
13|397|192|0|156|1|73|
13|394|192|0|156|1|73|
13|405|192|0|156|1|73|
13|391|192|0|156|1|73|
13|403|192|0|156|1|73|
13|405|192|0|156|1|73|
13|387|288|0|156|1|73|
13|402|192|0|156|1|73|
13|403|192|0|156|1|73|
13|404|192|0|156|1|73|
13|414|192|0|156|1|73|
13|403|192|0|156|1|73|
13|403|192|0|156|1|73|
13|402|288|0|156|1|73|
13|401|192|0|156|1|73|
13|408|192|0|156|1|73|
13|380|192|0|156|1|73|
13|735|288|0|156|1|73|
13|400|192|0|156|1|73|
13|396|192|0|156|1|73|
13|389|192|0|156|1|73|
13|397|288|0|156|1|73|
13|390|192|0|156|1|73|
13|407|288|0|156|1|73|
13|400|192|0|156|1|73|
13|621|288|0|407|1|74|
13|597|288|0|405|1|74|
13|406|192|0|156|1|73|
13|1838|960|0|393|1|100|
13|398|192|0|156|1|73|
13|393|192|0|156|1|73|
13|398|192|0|156|1|73|
13|392|192|0|156|1|73|
13|399|192|0|156|1|73|
13|412|192|0|156|1|73|
13|765|384|0|156|1|73|
13|406|192|0|351|1|96|
13|391|192|0|156|1|73|
13|406|192|0|156|1|73|
13|601|288|0|409|1|74|
13|407|192|0|156|1|73|
13|393|192|0|156|1|73|
13|597|288|0|404|1|74|
13|392|192|0|344|1|100|
13|404|192|0|156|1|73|
13|388|192|0|156|1|73|
13|401|192|0|156|1|73|
13|389|288|0|156|1|73|
13|614|288|0|409|1|74|
13|604|384|0|406|1|74|
13|392|192|0|349|1|100|
13|1201|672|0|156|1|73|
13|384|192|0|156|1|73|
13|383|192|0|158|1|73|
13|398|192|0|156|1|73|
13|388|192|0|156|1|73|
13|391|288|0|156|1|73|
13|387|192|0|156|1|73|
13|606|288|0|404|1|74|
13|396|192|0|154|1|73|
13|396|192|0|348|1|100|
13|399|192|0|156|1|73|
13|394|192|0|156|1|73|
13|403|192|0|156|1|73|
13|394|192|0|156|1|73|
13|403|192|0|156|1|73|
13|412|288|0|156|1|73|
13|402|192|0|156|1|73|
13|612|384|0|406|1|74|
13|397|192|0|347|1|98|
13|400|192|0|156|1|73|
13|391|192|0|156|1|73|
13|409|192|0|156|1|73|
13|401|192|0|156|1|73|
13|411|192|0|156|1|73|
13|383|192|0|156|1|73|
13|398|192|0|349|1|100|
13|404|288|0|156|1|73|
13|399|288|0|156|1|73|
13|405|192|0|156|1|73|
13|1639|864|0|156|1|73|
13|386|192|0|156|1|73|
13|616|288|0|405|1|74|
13|408|192|0|355|1|96|
13|401|192|0|156|1|73|
13|1312|672|0|156|1|73|
13|387|192|0|156|1|73|
13|411|192|0|156|1|73|
13|398|192|0|156|1|73|
13|400|192|0|156|1|73|
13|402|192|0|156|1|73|
13|400|192|0|158|1|73|
13|406|192|0|156|1|73|
13|406|192|0|156|1|73|
13|402|192|0|156|1|72|
13|403|192|0|156|1|73|
13|1762|864|0|156|1|73|
13|406|192|0|156|1|73|
13|386|192|0|154|1|73|
13|401|192|0|156|1|73|
13|408|192|0|156|1|73|
13|386|192|0|156|1|73|
13|405|192|0|156|1|73|
13|398|192|0|156|1|73|
13|410|192|0|156|1|73|
13|397|192|0|156|1|73|
13|407|192|0|156|1|73|
13|386|192|0|156|1|73|
13|397|192|0|156|1|73|
13|407|192|0|156|1|73|
13|413|192|0|156|1|73|
13|623|288|0|406|1|74|
13|411|192|0|156|1|73|
13|390|192|0|156|1|72|
13|1345|672|0|156|1|73|
13|393|192|0|156|1|73|
13|399|192|0|156|1|73|
13|392|192|0|156|1|73|
13|620|288|0|406|1|74|
13|390|192|0|156|1|73|
13|412|192|0|156|1|73|
13|402|192|0|156|1|73|
13|404|192|0|156|1|73|
13|399|192|0|156|1|73|
13|397|192|0|156|1|73|
13|390|192|0|156|1|73|
13|394|192|0|156|1|73|
13|607|384|0|407|1|74|
13|410|192|0|351|1|98|
13|395|288|0|156|1|73|
13|399|192|0|156|1|73|
13|401|192|0|156|1|73|
13|385|192|0|156|1|73|
13|391|192|0|154|1|73|
13|608|288|0|406|1|74|
13|397|192|0|156|1|73|
13|394|192|0|156|1|73|
13|406|192|0|156|1|73|
13|396|192|0|156|1|73|
13|404|192|0|156|1|73|
13|391|192|0|156|1|73|
13|392|192|0|156|1|73|
13|357|192|0|156|1|73|
13|396|192|0|156|1|73|
13|389|192|0|156|1|73|
13|397|192|0|156|1|73|
13|1495|768|0|156|1|73|
13|403|192|0|156|1|73|
13|392|192|0|156|1|73|
13|406|192|0|156|1|73|
13|392|192|0|156|1|73|
13|407|192|0|156|1|73|
13|401|288|0|156|1|73|
13|390|192|0|156|1|73|
13|401|192|0|156|1|73|
13|392|192|0|156|1|73|
13|393|192|0|156|1|73|
13|392|192|0|156|1|73|
13|395|192|0|156|1|73|
13|411|288|0|156|1|73|
13|399|192|0|156|1|73|
13|409|192|0|156|1|73|
13|400|192|0|156|1|73|
13|362|192|0|156|1|73|
13|399|192|0|156|1|73|
13|392|192|0|156|1|73|
13|391|288|0|156|1|73|
13|410|288|0|156|1|73|
13|411|192|0|156|1|73|
13|409|192|0|156|1|73|
13|401|192|0|156|1|73|
13|389|192|0|156|1|73|
13|818|384|0|156|1|73|
13|392|192|0|156|1|73|
13|407|288|0|156|1|73|
13|391|192|0|156|1|72|
13|389|192|0|156|1|73|
13|391|192|0|156|1|73|
13|398|192|0|156|1|73|
13|395|96|0|156|1|73|
13|393|192|0|156|1|73|
13|1556|768|0|156|1|73|
13|378|192|0|156|1|72|
13|398|192|0|156|1|73|
13|393|192|0|158|1|73|
13|383|192|0|156|1|73|
13|395|192|0|156|1|73|
13|384|192|0|156|1|73|
13|403|192|0|156|1|73|
13|391|192|0|156|1|73|
13|385|192|0|156|1|73|
13|405|192|0|156|1|73|
13|393|192|0|156|1|73|
13|401|192|0|156|1|73|
13|404|192|0|156|1|73|
13|410|192|0|156|1|73|
13|390|192|0|156|1|73|
13|389|192|0|156|1|73|
13|409|288|0|156|1|73|
13|392|288|0|156|1|73|
13|389|288|0|156|1|73|
13|388|192|0|156|1|73|
13|391|288|0|156|1|73|
13|390|192|0|156|1|73|
13|398|192|0|156|1|73|
13|390|192|0|156|1|73|
13|395|192|0|156|1|73|
13|399|288|0|154|1|73|
13|1692|864|0|156|1|73|
13|401|192|0|156|1|73|
13|1181|768|0|156|1|73|
13|398|192|0|156|1|73|
13|400|192|0|156|1|73|
13|398|288|0|156|1|72|
13|409|192|0|156|1|73|
13|396|192|0|156|1|73|
13|385|192|0|156|1|73|
13|401|192|0|156|1|73|
13|397|192|0|156|1|73|
13|397|192|0|156|1|73|
13|398|192|0|156|1|73|
13|399|192|0|156|1|73|
13|385|192|0|156|1|73|
13|399|192|0|156|1|73|
13|395|192|0|156|1|73|
13|407|192|0|156|1|73|
13|401|192|0|156|1|73|
13|407|192|0|156|1|73|
13|397|192|0|156|1|73|
13|400|192|0|156|1|73|
13|383|288|0|156|1|73|
13|408|192|0|156|1|73|
13|409|192|0|156|1|73|
13|408|192|0|156|1|73|
13|410|192|0|156|1|73|
13|400|192|0|156|1|73|
13|401|192|0|158|1|73|
13|407|192|0|156|1|73|
13|400|288|0|156|1|73|
13|405|192|0|156|1|73|
13|401|192|0|156|1|73|
13|407|192|0|156|1|73|
13|408|288|0|156|1|73|
13|396|192|0|156|1|73|
13|401|192|0|156|1|73|
13|407|288|0|156|1|73|
13|408|288|0|156|1|73|
13|394|192|0|156|1|73|
13|403|288|0|156|1|73|
13|394|288|0|156|1|73|
13|402|192|0|156|1|73|
13|406|192|0|156|1|73|
13|388|192|0|156|1|73|
13|405|192|0|156|1|73|
13|387|288|0|156|1|73|
13|399|192|0|156|1|73|
13|392|192|0|156|1|73|
13|386|192|0|156|1|73|
13|387|192|0|156|1|73|
13|520|192|0|156|1|73|
13|389|192|0|156|1|73|
13|386|192|0|156|1|73|
13|387|192|0|156|1|73|
13|404|288|0|156|1|73|
13|402|192|0|156|1|73|
13|410|192|0|156|1|73|
13|398|192|0|156|1|73|
13|408|192|0|156|1|73|
13|395|192|0|156|1|73|
13|412|192|0|156|1|73|
13|1371|672|0|156|1|73|
13|411|288|0|156|1|73|
13|394|192|0|154|1|73|
13|403|192|0|156|1|73|
13|411|192|0|156|1|73|
13|397|192|0|156|1|73|
13|409|192|0|154|1|73|
13|405|192|0|156|1|73|
13|405|192|0|156|1|73|
13|406|192|0|156|1|73|
13|391|192|0|156|1|73|
13|374|192|0|156|1|73|
13|364|192|0|156|1|73|
13|406|192|0|156|1|73|
13|1346|672|0|156|1|73|
13|392|192|0|156|1|73|
13|374|192|0|156|1|73|
13|405|192|0|156|1|73|
13|382|192|0|156|1|73|
13|404|192|0|156|1|73|
13|435|192|0|156|1|73|
13|402|192|0|156|1|73|
13|379|192|0|156|1|73|
13|407|192|0|156|1|73|
13|391|192|0|156|1|73|
13|351|192|0|156|1|73|
13|392|192|0|154|1|73|
13|365|192|0|156|1|73|
13|387|288|0|156|1|73|
13|370|192|0|156|1|73|
13|381|192|0|156|1|73|
13|407|192|0|156|1|73|
13|387|192|0|156|1|73|
13|399|192|0|154|1|72|
13|388|192|0|344|1|94|
13|415|192|0|353|1|98|
13|601|288|0|405|1|74|
13|407|288|0|156|1|73|
13|391|192|0|156|1|73|
13|413|192|0|353|1|100|
13|410|288|0|156|1|73|
13|1667|768|0|391|1|100|
13|407|192|0|156|1|73|
13|405|192|0|156|1|73|
13|393|192|0|156|1|73|
13|1929|960|0|156|1|73|
13|392|192|0|156|1|73|
13|412|192|0|156|1|73|
13|605|288|0|406|1|74|
13|412|288|0|156|1|73|
13|595|288|0|406|1|74|
13|408|192|0|351|1|94|
13|397|192|0|346|1|94|
13|389|192|0|156|1|73|
13|397|192|0|152|1|73|
13|605|384|0|405|1|74|
13|384|192|0|156|1|73|
13|395|192|0|156|1|73|
13|401|192|0|156|1|73|
13|405|192|0|348|1|100|
13|411|288|0|156|1|73|
13|400|288|0|156|1|73|
13|399|192|0|156|1|73|
13|411|288|0|156|1|73|
13|405|192|0|349|1|98|
13|403|192|0|156|1|73|
13|397|192|0|156|1|73|
13|397|192|0|156|1|73|
13|395|288|0|156|1|73|
13|1287|672|0|156|1|73|
13|396|192|0|156|1|72|
13|387|192|0|156|1|73|
13|612|384|0|409|1|74|
13|602|288|0|406|1|74|
13|398|288|0|156|1|73|
13|394|192|0|156|1|73|
13|604|288|0|407|1|74|
13|405|192|0|156|1|73|
13|394|192|0|156|1|73|
13|404|192|0|156|1|73|
13|387|192|0|156|1|73|
13|618|288|0|408|1|74|
13|596|288|0|407|1|74|
13|394|192|0|347|1|100|
13|389|192|0|156|1|73|
13|389|192|0|156|1|73|
13|621|288|0|406|1|74|
13|413|192|0|156|1|73|
13|406|288|0|156|1|73|
13|405|192|0|156|1|73|
13|406|192|0|156|1|73|
13|406|192|0|156|1|73|
13|388|192|0|156|1|73|
13|404|192|0|156|1|73|
13|393|192|0|156|1|73|
13|404|192|0|154|1|73|
13|404|192|0|156|1|73|
13|378|192|0|156|1|73|
13|406|192|0|156|1|73|
13|404|192|0|156|1|72|
13|355|192|0|156|1|73|
13|382|192|0|156|1|73|
13|360|192|0|156|1|73|
13|392|288|0|156|1|73|
13|399|192|0|156|1|73|
13|399|192|0|156|1|73|
13|410|192|0|156|1|73|
13|391|192|0|156|1|73|
13|410|192|0|156|1|73|
13|407|192|0|156|1|73|
13|390|192|0|156|1|73|
13|411|192|0|156|1|73|
13|856|480|0|154|1|73|
13|406|192|0|156|1|73|
13|403|192|0|156|1|73|
13|390|192|0|154|1|73|
13|402|192|0|156|1|73|
13|407|192|0|156|1|73|
13|397|96|0|156|1|73|
13|396|192|0|156|1|73|
13|1304|672|0|156|1|73|
13|409|192|0|156|1|73|
13|387|192|0|156|1|73|
13|384|192|0|156|1|73|
13|399|192|0|156|1|73|
13|396|192|0|156|1|73|
13|385|192|0|156|1|73|
13|396|192|0|156|1|73|
13|404|192|0|156|1|73|
13|395|192|0|156|1|73|
13|388|192|0|156|1|73|
13|398|288|0|156|1|73|
13|402|192|0|156|1|73|
13|392|192|0|156|1|73|
13|401|192|0|156|1|73|
13|393|192|0|156|1|73|
13|402|96|0|156|1|73|
13|391|192|0|156|1|73|
13|406|192|0|156|1|73|
13|408|192|0|156|1|73|
13|389|288|0|156|1|73|
13|407|288|0|156|1|73|
13|414|192|0|156|1|73|
13|405|192|0|156|1|73|
13|387|192|0|156|1|73|
13|407|192|0|156|1|73|
13|388|192|0|156|1|73|
13|397|192|0|156|1|73|
13|392|192|0|156|1|72|
13|394|192|0|156|1|73|
13|399|192|0|156|1|72|
13|393|192|0|156|1|73|
13|405|288|0|156|1|73|
13|394|288|0|156|1|73|
13|411|192|0|156|1|73|
13|413|288|0|156|1|73|
13|395|192|0|156|1|73|
13|403|192|0|156|1|73|
13|397|288|0|156|1|73|
13|407|192|0|156|1|73|
13|391|288|0|156|1|73|
13|396|192|0|156|1|73|
13|1878|960|0|1326|1|49|
13|403|192|0|156|1|73|
13|408|192|0|156|1|73|
13|406|192|0|156|1|73|
13|391|192|0|156|1|73|
13|407|192|0|156|1|73|
13|389|192|0|156|1|73|
13|540|288|0|156|1|73|
13|392|288|0|156|1|73|
13|389|192|0|156|1|73|
13|410|192|0|156|1|73|
13|411|192|0|156|1|73|
13|397|192|0|156|1|73|
13|408|192|0|156|1|73|
13|397|192|0|154|1|73|
13|398|288|0|156|1|73|
13|408|192|0|156|1|73|
13|409|192|0|156|1|73|
13|413|192|0|156|1|73|
13|398|192|0|156|1|73|
13|410|192|0|156|1|73|
13|400|192|0|156|1|73|
13|403|192|0|156|1|73|
13|391|288|0|156|1|73|
13|409|192|0|156|1|73|
13|393|192|0|156|1|73|
13|392|192|0|156|1|73|
13|405|192|0|156|1|73|
13|412|192|0|156|1|73|
13|408|192|0|156|1|73|
13|393|192|0|156|1|73|
13|384|192|0|156|1|73|
13|388|192|0|154|1|73|
13|393|192|0|154|1|73|
13|412|192|0|156|1|73|
13|403|192|0|156|1|73|
13|402|192|0|156|1|73|
13|728|384|0|156|1|73|
13|405|192|0|156|1|73|
13|391|192|0|156|1|73|
13|388|192|0|156|1|73|
13|406|192|0|156|1|73|
13|1942|960|0|156|1|73|
13|406|192|0|156|1|73|
13|391|192|0|156|1|73|
13|403|192|0|156|1|73|
13|404|288|0|156|1|73|
13|389|288|0|156|1|73|
13|404|192|0|156|1|73|
13|389|192|0|156|1|73|
13|404|192|0|156|1|73|
13|399|192|0|156|1|73|
13|390|192|0|156|1|73|
13|400|192|0|156|1|73|
13|391|192|0|156|1|73|
13|407|288|0|156|1|73|
13|394|192|0|156|1|73|
13|407|192|0|156|1|73|
13|404|288|0|156|1|73|
13|390|192|0|154|1|73|
13|403|192|0|156|1|73|
13|409|192|0|156|1|73|
13|397|192|0|156|1|73|
13|408|192|0|156|1|72|
13|393|192|0|156|1|73|
13|394|288|0|156|1|73|
13|389|192|0|156|1|73|
13|1960|960|0|156|1|73|
13|407|192|0|156|1|73|
13|398|192|0|156|1|73|
13|414|192|0|156|1|73|
13|411|192|0|156|1|73|
13|1008|480|0|156|1|73|
13|407|192|0|156|1|73|
13|794|384|0|185|1|97|
13|393|192|0|156|1|73|
13|381|192|0|156|1|73|
13|395|192|0|156|1|73|
13|401|192|0|156|1|73|
13|397|192|0|156|1|73|
13|395|192|0|156|1|73|
13|393|192|0|156|1|73|
13|406|288|0|156|1|73|
13|410|288|0|156|1|73|
13|392|192|0|156|1|73|
13|402|192|0|156|1|73|
13|390|192|0|156|1|73|
13|404|192|0|156|1|73|
13|392|192|0|156|1|73|
13|403|192|0|156|1|73|
13|402|192|0|156|1|73|
13|400|192|0|156|1|73|
13|400|192|0|156|1|73|
13|388|192|0|156|1|73|
13|399|192|0|156|1|73|
13|400|192|0|156|1|73|
13|395|192|0|156|1|73|
13|397|192|0|156|1|73|
13|397|288|0|156|1|73|
13|401|192|0|156|1|72|
13|390|192|0|156|1|73|
13|403|192|0|156|1|73|
13|392|192|0|156|1|73|
13|383|192|0|156|1|73|
13|409|192|0|156|1|73|
13|385|192|0|156|1|73|
13|390|192|0|156|1|73|
13|389|192|0|156|1|73|
13|1581|768|0|156|1|73|
13|394|192|0|156|1|73|
13|390|192|0|156|1|73|
13|396|192|0|156|1|73|
13|400|192|0|156|1|73|
13|408|288|0|156|1|73|
13|392|192|0|156|1|73|
13|396|192|0|156|1|73|
13|391|192|0|156|1|73|
13|396|288|0|156|1|73|
13|389|192|0|156|1|73|
13|394|192|0|156|1|73|
13|386|192|0|156|1|73|
13|403|192|0|154|1|73|
13|395|288|0|156|1|73|
13|403|288|0|156|1|73|
13|401|192|0|156|1|73|
13|404|192|0|156|1|73|
13|410|288|0|156|1|73|
13|399|288|0|156|1|73|
13|406|288|0|156|1|73|
13|403|192|0|156|1|73|
13|392|192|0|156|1|73|
13|387|192|0|156|1|73|
13|408|192|0|156|1|73|
13|404|288|0|156|1|73|
13|407|192|0|156|1|73|
13|406|192|0|156|1|72|
13|406|192|0|156|1|72|
13|399|192|0|156|1|72|
13|405|192|0|156|1|73|
13|993|480|0|156|1|73|
13|413|192|0|156|1|73|
13|1769|864|0|156|1|73|
13|399|192|0|156|1|73|
13|399|288|0|156|1|73|
13|403|192|0|156|1|73|
13|394|192|0|156|1|73|
13|402|96|0|156|1|73|
13|389|192|0|156|1|73|
13|357|192|0|156|1|73|
13|397|288|0|156|1|73|
13|388|192|0|156|1|73|
13|410|288|0|156|1|73|
13|455|192|0|156|1|73|
13|410|192|0|156|1|73|
13|394|192|0|156|1|73|
13|410|192|0|156|1|73|
13|397|192|0|154|1|73|
13|404|192|0|156|1|73|
13|400|192|0|156|1|73|
13|404|192|0|156|1|73|
13|408|192|0|156|1|73|
13|411|192|0|156|1|73|
13|401|288|0|156|1|73|
13|1303|672|0|156|1|73|
13|385|192|0|158|1|73|
13|393|192|0|156|1|73|
13|385|192|0|156|1|73|
13|407|192|0|156|1|73|
13|1485|768|0|156|1|73|
13|382|192|0|156|1|73|
13|401|192|0|156|1|73|
13|383|192|0|156|1|73|
13|403|288|0|156|1|73|
13|398|192|0|156|1|73|
13|386|192|0|156|1|73|
13|403|192|0|156|1|73|
13|387|192|0|156|1|73|
13|404|192|0|156|1|73|
13|390|192|0|154|1|73|
13|407|192|0|156|1|73|
13|391|192|0|156|1|73|
13|406|192|0|156|1|73|
13|396|192|0|156|1|73|
13|406|192|0|156|1|73|
13|402|192|0|156|1|73|
13|385|192|0|154|1|73|
13|397|288|0|156|1|73|
13|395|192|0|156|1|72|
13|403|192|0|156|1|73|
13|396|192|0|156|1|73|
13|389|192|0|156|1|73|
13|396|192|0|156|1|73|
13|1473|768|0|156|1|73|
13|383|192|0|156|1|73|
13|407|192|0|156|1|73|
13|380|192|0|154|1|73|
13|390|192|0|156|1|73|
13|386|192|0|156|1|73|
13|389|192|0|156|1|73|
13|406|192|0|156|1|73|
13|391|192|0|156|1|73|
13|405|288|0|156|1|73|
13|395|288|0|156|1|73|
13|405|192|0|156|1|73|
13|414|288|0|156|1|73|
13|384|192|0|156|1|73|
13|399|192|0|156|1|73|
13|384|192|0|156|1|73|
13|400|288|0|156|1|73|
13|410|192|0|156|1|73|
13|411|288|0|156|1|73|
13|400|192|0|156|1|73|
13|411|288|0|156|1|73|
13|1968|1056|0|156|1|73|
13|400|192|0|156|1|72|
13|407|192|0|158|1|73|
13|402|288|0|156|1|73|
13|374|192|0|154|1|73|
13|408|192|0|158|1|73|
13|391|192|0|156|1|73|
