INSTRUCTIONS_RETIRED|CYCLES|UNKNOWN|LD_BLOCKS.STORE_FORWARD|UOPS_EXECUTED.CORE|BR_MISP_RETIRED.ALL_BRANCHES|UOPS_ISSUED.SLOW_LEA|
13|403|192|0|183|1|137|
13|412|288|0|185|1|141|
13|396|192|0|180|1|141|
13|409|288|0|184|1|137|
13|385|192|0|176|1|137|
13|607|384|0|428|1|142|
13|412|192|0|352|1|119|
13|620|288|0|433|1|142|
13|387|192|0|177|1|137|
13|403|192|0|183|1|141|
13|407|192|0|183|1|141|
13|394|192|0|179|1|137|
13|391|192|0|179|1|137|
13|416|288|0|186|1|141|
13|582|384|0|217|1|137|
13|616|288|0|433|1|142|
13|402|192|0|182|1|137|
13|358|96|0|167|1|137|
13|403|288|0|350|1|117|
13|408|192|0|184|1|141|
13|410|192|0|185|1|137|
13|391|192|0|179|1|141|
13|409|192|0|184|1|137|
13|385|192|0|177|1|137|
13|389|192|0|178|1|137|
13|386|192|0|177|1|141|
13|607|384|0|428|1|142|
13|624|288|0|433|1|138|
13|610|288|0|429|1|138|
13|405|192|0|350|1|117|
13|387|192|0|177|1|141|
13|411|288|0|353|1|117|
13|1444|768|0|460|1|169|
13|390|192|0|178|1|137|
13|405|288|0|183|1|137|
13|390|288|0|178|1|137|
13|408|192|0|184|1|141|
13|378|192|0|174|1|137|
13|383|192|0|173|1|137|
13|403|192|0|182|1|137|
13|401|192|0|182|1|141|
13|394|192|0|179|1|137|
13|403|192|0|348|1|115|
13|392|192|0|179|1|141|
13|397|192|0|180|1|141|
13|399|192|0|181|1|141|
13|613|288|0|431|1|142|
13|398|192|0|347|1|111|
13|397|192|0|347|1|109|
13|1504|864|0|221|1|141|
13|391|192|0|178|1|141|
13|410|192|0|184|1|137|
13|411|192|0|185|1|137|
13|411|192|0|185|1|137|
13|407|192|0|183|1|141|
13|614|288|0|432|1|138|
13|394|288|0|179|1|137|
13|1226|576|0|216|1|137|
13|392|288|0|178|1|139|
13|387|192|0|177|1|141|
13|394|192|0|180|1|137|
13|406|192|0|184|1|137|
13|385|192|0|175|1|141|
13|406|192|0|183|1|141|
13|389|192|0|178|1|141|
13|392|192|0|179|1|141|
13|611|288|0|430|1|138|
13|391|192|0|178|1|141|
13|402|288|0|182|1|141|
13|411|192|0|185|1|137|
13|460|192|0|201|1|137|
13|352|192|0|331|1|95|
13|390|192|0|178|1|137|
13|1269|672|0|460|1|169|
13|391|192|0|348|1|111|
13|390|192|0|178|1|141|
13|410|192|0|185|1|141|
13|390|192|0|178|1|141|
13|388|192|0|175|1|141|
13|388|192|0|175|1|141|
13|409|192|0|183|1|137|
13|392|192|0|178|1|137|
13|393|192|0|179|1|137|
13|406|192|0|183|1|139|
13|372|192|0|172|1|141|
13|404|288|0|183|1|141|
13|615|384|0|434|1|138|
13|401|192|0|181|1|141|
13|613|384|0|431|1|142|
13|406|192|0|350|1|111|
13|402|192|0|182|1|141|
13|403|192|0|182|1|141|
13|409|288|0|184|1|141|
13|395|192|0|179|1|137|
13|399|192|0|180|1|137|
13|399|192|0|181|1|141|
13|395|192|0|180|1|141|
13|402|192|0|181|1|137|
13|404|192|0|350|1|117|
13|398|192|0|346|1|117|
13|405|192|0|182|1|141|
13|394|192|0|179|1|141|
13|404|288|0|182|1|137|
13|412|288|0|184|1|137|
13|615|288|0|434|1|140|
13|414|192|0|355|1|113|
13|398|192|0|181|1|141|
13|412|288|0|184|1|137|
13|399|192|0|179|1|137|
13|398|192|0|180|1|137|
13|392|192|0|179|1|141|
13|407|192|0|183|1|141|
13|394|192|0|179|1|141|
13|613|288|0|430|1|138|
13|389|192|0|176|1|141|
13|394|192|0|180|1|137|
13|406|192|0|350|1|113|
13|389|192|0|178|1|137|
13|407|288|0|184|1|137|
13|407|192|0|184|1|137|
13|406|192|0|183|1|137|
13|396|192|0|348|1|117|
13|384|192|0|176|1|137|
13|391|192|0|178|1|137|
13|405|192|0|183|1|137|
13|406|192|0|183|1|137|
13|390|192|0|178|1|137|
13|622|384|0|437|1|142|
13|412|288|0|185|1|141|
13|403|192|0|183|1|137|
13|388|192|0|178|1|137|
13|409|192|0|355|1|115|
13|406|192|0|349|1|117|
13|407|192|0|351|1|117|
13|406|288|0|183|1|137|
13|401|192|0|181|1|137|
13|393|288|0|178|1|137|
13|396|288|0|346|1|111|
13|385|192|0|342|1|105|
13|391|192|0|345|1|107|
13|400|192|0|181|1|141|
13|606|288|0|429|1|142|
13|396|192|0|180|1|141|
13|402|192|0|182|1|141|
13|856|384|0|217|1|137|
13|614|288|0|431|1|142|
13|392|192|0|179|1|141|
13|919|480|0|468|1|138|
13|393|192|0|179|1|141|
13|409|192|0|183|1|141|
13|402|192|0|349|1|113|
13|408|192|0|184|1|141|
13|398|192|0|180|1|141|
13|413|192|0|185|1|137|
13|398|192|0|181|1|137|
13|390|192|0|178|1|137|
13|404|192|0|183|1|141|
13|389|192|0|178|1|141|
13|614|288|0|431|1|142|
13|625|288|0|435|1|138|
13|387|192|0|177|1|141|
13|399|192|0|181|1|141|
13|414|192|0|185|1|137|
13|601|288|0|428|1|138|
13|394|192|0|180|1|137|
13|401|192|0|181|1|141|
13|393|192|0|179|1|141|
13|1556|864|0|469|1|142|
13|404|192|0|183|1|137|
13|1382|672|0|217|1|137|
13|623|384|0|435|1|138|
13|401|288|0|349|1|117|
13|393|192|0|178|1|137|
13|409|192|0|184|1|137|
13|391|192|0|177|1|141|
13|392|192|0|179|1|137|
13|389|192|0|177|1|137|
13|393|288|0|179|1|137|
13|399|192|0|181|1|137|
13|396|192|0|180|1|141|
13|396|192|0|180|1|137|
13|602|384|0|428|1|142|
13|622|288|0|433|1|138|
13|410|288|0|350|1|117|
13|402|192|0|182|1|137|
13|399|192|0|181|1|137|
13|400|192|0|181|1|141|
13|401|192|0|181|1|141|
13|405|192|0|183|1|141|
13|603|288|0|429|1|138|
13|406|288|0|183|1|139|
13|388|192|0|177|1|141|
13|386|192|0|176|1|139|
13|602|288|0|427|1|138|
13|400|192|0|181|1|137|
13|410|192|0|185|1|137|
13|1130|576|0|217|1|137|
13|392|192|0|179|1|137|
13|406|192|0|182|1|137|
13|387|192|0|177|1|141|
13|393|192|0|179|1|141|
13|406|288|0|183|1|141|
13|607|288|0|430|1|142|
13|405|192|0|351|1|117|
13|392|192|0|179|1|137|
13|391|192|0|178|1|141|
13|407|192|0|183|1|141|
13|402|192|0|182|1|141|
13|384|192|0|176|1|137|
13|382|192|0|175|1|139|
13|385|288|0|176|1|141|
13|412|192|0|185|1|141|
13|400|192|0|181|1|137|
13|412|192|0|185|1|141|
13|398|192|0|180|1|141|
13|409|192|0|184|1|141|
13|608|288|0|427|1|142|
13|602|288|0|427|1|142|
13|403|288|0|182|1|141|
13|412|192|0|185|1|141|
13|404|192|0|182|1|141|
13|387|192|0|177|1|141|
13|390|192|0|345|1|105|
13|600|288|0|429|1|138|
13|614|384|0|429|1|138|
13|1328|672|0|458|1|165|
13|399|192|0|181|1|141|
13|405|192|0|183|1|141|
13|404|192|0|182|1|137|
13|397|192|0|180|1|137|
13|623|288|0|433|1|138|
13|399|288|0|347|1|111|
13|1021|480|0|221|1|141|
13|892|480|0|469|1|142|
13|410|192|0|351|1|113|
13|403|192|0|182|1|141|
13|398|192|0|180|1|141|
13|1919|960|0|217|1|137|
13|396|192|0|180|1|141|
13|397|192|0|179|1|137|
13|410|192|0|351|1|117|
13|401|192|0|349|1|117|
13|394|192|0|346|1|117|
13|411|192|0|185|1|141|
13|390|192|0|178|1|137|
13|412|192|0|185|1|141|
13|400|192|0|182|1|141|
13|396|192|0|180|1|137|
13|402|192|0|182|1|137|
13|396|192|0|180|1|141|
13|392|192|0|176|1|141|
13|394|192|0|179|1|141|
13|410|192|0|184|1|137|
13|412|192|0|185|1|141|
13|393|192|0|179|1|137|
13|396|288|0|180|1|141|
13|406|192|0|183|1|141|
13|391|192|0|178|1|137|
13|615|288|0|431|1|142|
13|388|192|0|177|1|141|
13|603|288|0|430|1|138|
13|407|192|0|184|1|141|
13|390|192|0|178|1|137|
13|608|288|0|427|1|138|
13|406|192|0|183|1|137|
13|401|192|0|182|1|141|
13|404|192|0|183|1|141|
13|404|192|0|182|1|141|
13|406|192|0|183|1|141|
13|396|192|0|180|1|137|
13|410|192|0|184|1|141|
13|398|192|0|181|1|137|
13|409|192|0|184|1|141|
13|400|192|0|182|1|141|
13|409|192|0|185|1|137|
13|406|192|0|351|1|117|
13|409|192|0|185|1|137|
13|421|192|0|188|1|137|
13|398|192|0|180|1|141|
13|367|192|0|170|1|141|
13|390|192|0|178|1|141|
13|409|288|0|184|1|141|
13|389|192|0|177|1|137|
13|405|288|0|183|1|141|
13|398|192|0|180|1|141|
13|877|480|0|221|1|141|
13|407|288|0|184|1|137|
13|403|192|0|183|1|137|
13|404|192|0|183|1|141|
13|400|192|0|182|1|137|
13|403|192|0|183|1|141|
13|399|192|0|181|1|137|
13|407|192|0|184|1|141|
13|393|192|0|179|1|137|
13|408|288|0|184|1|141|
13|403|192|0|183|1|141|
13|411|288|0|185|1|141|
13|399|192|0|181|1|137|
13|399|192|0|181|1|141|
13|402|192|0|182|1|141|
13|400|96|0|182|1|141|
13|391|192|0|179|1|141|
13|401|96|0|182|1|141|
13|410|192|0|185|1|137|
13|397|192|0|179|1|137|
13|400|192|0|178|1|141|
13|390|192|0|178|1|141|
13|404|192|0|183|1|141|
13|401|192|0|181|1|141|
13|405|192|0|183|1|141|
13|393|192|0|179|1|141|
13|408|192|0|183|1|137|
13|391|192|0|179|1|141|
13|399|192|0|181|1|137|
13|402|192|0|181|1|137|
13|408|192|0|184|1|137|
13|399|192|0|181|1|137|
13|407|192|0|184|1|141|
13|386|192|0|177|1|141|
13|391|192|0|177|1|141|
13|406|192|0|183|1|137|
13|394|192|0|179|1|141|
13|407|288|0|184|1|141|
13|393|192|0|179|1|141|
13|400|192|0|181|1|141|
13|388|192|0|176|1|141|
13|410|288|0|185|1|141|
13|392|192|0|179|1|141|
13|406|192|0|183|1|137|
13|403|192|0|183|1|141|
13|385|192|0|177|1|141|
13|401|192|0|182|1|137|
13|410|192|0|185|1|137|
13|1851|960|0|217|1|137|
13|415|192|0|187|1|137|
13|404|192|0|183|1|137|
13|397|192|0|181|1|141|
13|405|192|0|183|1|141|
13|407|192|0|184|1|137|
13|408|288|0|184|1|137|
13|412|192|0|185|1|137|
13|393|96|0|179|1|141|
13|388|192|0|177|1|141|
13|393|288|0|179|1|137|
13|390|192|0|178|1|137|
13|401|288|0|181|1|141|
13|392|192|0|179|1|141|
13|405|288|0|183|1|137|
13|393|192|0|179|1|139|
13|405|288|0|183|1|141|
13|362|192|0|166|1|141|
13|1256|672|0|217|1|137|
13|391|192|0|179|1|141|
13|388|192|0|177|1|137|
13|389|288|0|177|1|137|
13|388|192|0|178|1|137|
13|385|192|0|177|1|137|
13|390|192|0|178|1|137|
13|408|192|0|184|1|141|
13|396|192|0|180|1|137|
13|391|288|0|179|1|137|
13|404|192|0|183|1|137|
13|404|192|0|183|1|141|
13|392|192|0|179|1|137|
13|406|192|0|184|1|141|
13|1550|768|0|217|1|137|
13|410|192|0|185|1|137|
13|407|192|0|184|1|141|
13|385|192|0|177|1|141|
13|406|288|0|184|1|141|
13|414|192|0|186|1|137|
13|399|192|0|181|1|137|
13|405|192|0|182|1|141|
13|407|288|0|184|1|141|
13|402|192|0|182|1|137|
13|397|192|0|180|1|137|
13|411|192|0|185|1|137|
13|389|192|0|178|1|137|
13|406|192|0|184|1|141|
13|412|192|0|185|1|137|
13|394|192|0|180|1|141|
13|394|192|0|179|1|137|
13|391|192|0|179|1|137|
13|387|192|0|177|1|137|
13|388|192|0|177|1|137|
13|392|288|0|178|1|141|
13|408|192|0|184|1|137|
13|394|192|0|179|1|141|
13|403|192|0|183|1|141|
13|398|192|0|181|1|141|
13|1155|480|0|221|1|141|
13|406|288|0|183|1|137|
13|390|192|0|178|1|137|
13|410|192|0|185|1|141|
13|907|384|0|221|1|141|
13|402|288|0|182|1|137|
13|385|192|0|177|1|141|
13|402|288|0|182|1|141|
13|386|288|0|177|1|141|
13|407|192|0|184|1|137|
13|1459|864|0|219|1|137|
13|398|192|0|179|1|137|
13|385|192|0|176|1|137|
13|408|288|0|183|1|141|
13|399|192|0|180|1|141|
13|390|192|0|178|1|141|
13|401|192|0|182|1|141|
13|407|192|0|184|1|141|
13|392|192|0|179|1|137|
13|407|288|0|181|1|137|
13|395|192|0|180|1|137|
13|402|192|0|182|1|141|
13|403|192|0|182|1|141|
13|404|192|0|183|1|137|
13|397|192|0|180|1|141|
13|402|192|0|182|1|137|
13|410|192|0|185|1|137|
13|399|192|0|181|1|137|
13|411|192|0|185|1|137|
13|397|192|0|180|1|141|
13|396|192|0|180|1|141|
13|401|288|0|182|1|137|
13|397|288|0|179|1|141|
13|397|288|0|181|1|141|
13|400|192|0|181|1|137|
13|398|192|0|181|1|137|
13|392|192|0|178|1|137|
13|398|192|0|181|1|141|
13|390|192|0|178|1|141|
13|406|192|0|184|1|141|
13|391|192|0|179|1|137|
13|549|192|0|217|1|137|
13|410|192|0|184|1|137|
13|387|192|0|177|1|137|
13|407|192|0|184|1|141|
13|391|192|0|179|1|137|
13|394|192|0|179|1|141|
13|386|192|0|177|1|141|
13|408|192|0|184|1|141|
13|385|192|0|176|1|141|
13|412|192|0|185|1|137|
13|389|192|0|178|1|141|
13|413|192|0|186|1|141|
13|399|192|0|181|1|137|
13|1300|672|0|217|1|137|
13|396|192|0|180|1|141|
13|393|288|0|179|1|137|
13|391|192|0|178|1|137|
13|395|192|0|179|1|141|
13|385|192|0|177|1|141|
13|403|192|0|182|1|137|
13|393|192|0|179|1|141|
13|397|192|0|179|1|141|
13|396|192|0|180|1|141|
13|402|192|0|180|1|141|
13|393|192|0|179|1|137|
13|406|192|0|184|1|137|
13|410|192|0|185|1|137|
13|407|288|0|183|1|137|
13|393|192|0|179|1|137|
13|401|192|0|182|1|137|
13|409|192|0|185|1|141|
13|397|192|0|181|1|137|
13|943|384|0|217|1|137|
13|390|192|0|178|1|141|
13|392|192|0|178|1|137|
13|390|192|0|178|1|141|
13|406|192|0|183|1|137|
13|1837|960|0|217|1|137|
13|406|192|0|183|1|141|
13|402|288|0|182|1|137|
13|396|192|0|180|1|141|
13|402|288|0|182|1|137|
13|407|192|0|184|1|137|
13|400|192|0|181|1|141|
13|396|288|0|180|1|137|
13|410|288|0|184|1|141|
13|411|192|0|185|1|137|
13|410|192|0|184|1|141|
13|397|192|0|180|1|141|
13|406|192|0|183|1|137|
13|389|192|0|177|1|137|
13|391|192|0|178|1|137|
13|386|288|0|176|1|141|
13|401|192|0|182|1|137|
13|403|192|0|183|1|141|
13|402|192|0|182|1|141|
13|400|192|0|182|1|141|
13|397|192|0|180|1|137|
13|399|192|0|181|1|137|
13|390|192|0|178|1|141|
13|401|288|0|181|1|141|
13|607|288|0|429|1|138|
13|401|192|0|181|1|137|
13|401|288|0|182|1|141|
13|386|192|0|177|1|141|
13|403|192|0|182|1|137|
13|408|192|0|349|1|117|
13|395|192|0|180|1|141|
13|405|192|0|183|1|141|
13|415|192|0|186|1|137|
13|410|192|0|185|1|137|
13|411|288|0|185|1|137|
13|399|192|0|181|1|141|
13|411|288|0|185|1|137|
13|412|192|0|185|1|137|
13|397|192|0|348|1|117|
13|390|192|0|178|1|137|
13|412|288|0|185|1|137|
13|394|288|0|179|1|141|
13|392|192|0|178|1|137|
13|404|192|0|183|1|137|
13|403|192|0|183|1|141|
13|389|192|0|177|1|137|
13|616|288|0|430|1|138|
13|611|288|0|429|1|142|
13|406|192|0|183|1|141|
13|406|192|0|183|1|141|
13|408|192|0|184|1|137|
13|402|192|0|182|1|141|
13|410|192|0|184|1|137|
13|618|384|0|432|1|138|
13|629|288|0|435|1|142|
13|405|288|0|183|1|137|
13|407|192|0|184|1|137|
13|404|192|0|182|1|141|
13|1140|576|0|221|1|141|
13|1318|672|0|221|1|141|
13|398|192|0|180|1|141|
13|391|288|0|177|1|141|
13|399|192|0|349|1|109|
13|406|192|0|182|1|137|
13|396|192|0|180|1|137|
13|391|192|0|178|1|141|
13|405|288|0|183|1|137|
13|390|192|0|178|1|137|
13|402|192|0|181|1|137|
13|398|192|0|180|1|141|
13|387|192|0|177|1|137|
13|404|192|0|183|1|141|
13|603|288|0|426|1|142|
13|881|480|0|217|1|137|
13|398|192|0|181|1|141|
13|936|480|0|221|1|141|
13|386|288|0|177|1|141|
13|397|192|0|181|1|137|
13|391|192|0|178|1|137|
13|400|192|0|180|1|137|
13|400|192|0|181|1|141|
13|475|288|0|206|1|141|
13|610|288|0|429|1|138|
13|397|192|0|180|1|141|
13|408|192|0|184|1|137|
13|390|192|0|178|1|141|
13|411|192|0|184|1|141|
13|614|288|0|429|1|142|
13|407|192|0|183|1|141|
13|397|192|0|180|1|137|
13|407|288|0|351|1|117|
13|403|192|0|183|1|141|
13|393|192|0|179|1|137|
13|403|192|0|182|1|137|
13|394|192|0|180|1|137|
13|394|192|0|346|1|113|
13|391|192|0|178|1|137|
13|404|192|0|182|1|141|
13|401|192|0|182|1|137|
13|393|192|0|179|1|141|
13|408|192|0|184|1|141|
13|405|192|0|183|1|137|
13|412|192|0|185|1|141|
13|398|192|0|181|1|141|
13|621|288|0|432|1|142|
13|404|192|0|183|1|137|
13|405|192|0|183|1|137|
13|410|192|0|185|1|141|
13|402|192|0|182|1|137|
13|398|288|0|181|1|137|
13|414|192|0|185|1|141|
13|404|192|0|183|1|137|
13|412|192|0|352|1|111|
13|402|288|0|349|1|109|
13|400|192|0|181|1|137|
13|415|288|0|185|1|141|
13|402|192|0|180|1|137|
13|617|384|0|431|1|140|
13|407|192|0|351|1|117|
13|394|192|0|347|1|117|
13|400|192|0|181|1|137|
13|411|192|0|184|1|137|
13|393|192|0|349|1|113|
13|404|192|0|183|1|141|
13|408|192|0|183|1|141|
13|405|192|0|183|1|141|
13|406|192|0|183|1|137|
13|396|192|0|180|1|141|
13|404|288|0|183|1|141|
13|392|192|0|179|1|137|
13|394|192|0|179|1|141|
13|615|288|0|431|1|142|
13|397|192|0|179|1|141|
13|608|288|0|428|1|138|
13|406|192|0|183|1|137|
13|395|192|0|180|1|137|
13|1351|672|0|217|1|137|
13|388|192|0|177|1|137|
13|620|288|0|433|1|138|
13|603|288|0|429|1|138|
13|401|192|0|182|1|137|
13|406|288|0|182|1|141|
13|396|192|0|180|1|137|
13|617|384|0|432|1|138|
13|394|288|0|346|1|107|
13|402|192|0|182|1|137|
13|401|288|0|181|1|137|
13|400|192|0|181|1|137|
13|608|288|0|428|1|140|
13|391|192|0|178|1|141|
13|400|192|0|348|1|113|
13|388|192|0|178|1|137|
13|411|288|0|185|1|137|
13|387|192|0|176|1|137|
13|410|192|0|185|1|141|
13|404|192|0|183|1|141|
13|391|192|0|348|1|113|
13|406|288|0|183|1|137|
13|399|192|0|179|1|137|
13|403|192|0|182|1|137|
13|396|192|0|180|1|137|
13|404|192|0|182|1|141|
13|396|192|0|180|1|141|
13|400|192|0|181|1|141|
13|399|192|0|180|1|141|
13|621|288|0|433|1|138|
13|399|192|0|348|1|109|
13|406|192|0|183|1|141|
13|406|192|0|183|1|137|
13|1269|672|0|221|1|141|
13|390|192|0|178|1|137|
13|405|288|0|183|1|141|
13|389|192|0|178|1|141|
13|396|192|0|180|1|137|
13|409|192|0|184|1|137|
13|409|192|0|184|1|141|
13|411|192|0|185|1|141|
13|606|384|0|430|1|142|
13|408|288|0|184|1|141|
13|394|192|0|346|1|109|
13|410|192|0|184|1|141|
13|393|192|0|179|1|137|
13|406|192|0|183|1|141|
13|394|192|0|179|1|137|
13|618|288|0|431|1|138|
13|395|192|0|347|1|111|
13|405|192|0|183|1|137|
13|395|192|0|179|1|137|
13|408|192|0|184|1|137|
13|404|192|0|182|1|137|
13|398|192|0|180|1|139|
13|417|192|0|186|1|137|
13|405|192|0|349|1|113|
13|395|192|0|179|1|137|
13|387|192|0|176|1|141|
13|395|192|0|179|1|139|
13|395|192|0|180|1|137|
13|395|192|0|179|1|137|
13|412|192|0|184|1|141|
13|393|192|0|346|1|109|
13|399|192|0|180|1|141|
13|398|192|0|181|1|137|
13|406|288|0|183|1|137|
13|401|192|0|182|1|141|
13|395|192|0|180|1|141|
13|399|288|0|181|1|137|
13|401|192|0|182|1|137|
13|407|288|0|184|1|137|
13|401|192|0|182|1|137|
13|404|192|0|183|1|137|
13|403|192|0|182|1|137|
13|409|192|0|184|1|141|
13|397|192|0|180|1|137|
13|622|288|0|433|1|138|
13|411|192|0|185|1|137|
13|398|192|0|181|1|141|
13|412|192|0|353|1|121|
13|406|192|0|350|1|117|
13|623|288|0|433|1|142|
13|617|384|0|432|1|138|
13|398|192|0|181|1|137|
13|405|192|0|183|1|141|
13|399|192|0|181|1|137|
13|405|288|0|183|1|141|
13|400|192|0|181|1|137|
13|406|192|0|183|1|137|
13|602|288|0|428|1|138|
13|394|192|0|179|1|137|
13|394|192|0|179|1|137|
13|400|192|0|181|1|141|
13|395|192|0|180|1|141|
13|403|192|0|182|1|137|
13|409|288|0|184|1|141|
13|620|288|0|434|1|142|
13|625|384|0|434|1|142|
13|765|384|0|217|1|137|
13|414|192|0|353|1|121|
13|623|288|0|433|1|142|
13|393|192|0|345|1|117|
13|411|288|0|185|1|141|
13|404|288|0|183|1|137|
13|404|192|0|349|1|115|
13|394|192|0|179|1|139|
13|410|192|0|184|1|141|
13|407|192|0|183|1|141|
13|398|192|0|180|1|139|
13|627|288|0|436|1|138|
13|394|192|0|179|1|141|
13|396|192|0|180|1|137|
13|395|192|0|180|1|141|
13|604|288|0|426|1|138|
13|612|288|0|433|1|140|
13|414|192|0|353|1|115|
13|398|288|0|180|1|137|
13|412|192|0|185|1|141|
13|397|288|0|180|1|141|
13|397|192|0|180|1|137|
13|397|192|0|180|1|141|
13|387|192|0|177|1|141|
13|408|192|0|184|1|141|
13|605|288|0|427|1|138|
13|1403|864|0|461|1|165|
13|401|192|0|181|1|137|
13|391|288|0|179|1|141|
13|399|192|0|181|1|141|
13|401|192|0|182|1|137|
13|404|192|0|183|1|137|
13|398|192|0|181|1|137|
13|410|192|0|185|1|141|
13|393|192|0|178|1|141|
13|412|192|0|185|1|141|
13|399|192|0|181|1|141|
13|394|192|0|180|1|137|
13|388|192|0|176|1|137|
13|399|192|0|180|1|137|
13|390|192|0|178|1|141|
13|400|192|0|180|1|141|
13|402|192|0|181|1|141|
13|398|192|0|181|1|137|
13|406|192|0|184|1|137|
13|406|192|0|184|1|137|
13|401|192|0|182|1|137|
13|403|192|0|182|1|137|
13|411|192|0|185|1|137|
13|392|192|0|178|1|139|
13|400|288|0|181|1|141|
13|392|192|0|178|1|141|
13|388|192|0|175|1|137|
13|394|192|0|180|1|137|
13|409|192|0|185|1|137|
13|1271|576|0|221|1|141|
13|407|192|0|183|1|141|
13|409|288|0|184|1|141|
13|403|288|0|182|1|141|
13|397|192|0|180|1|137|
13|411|192|0|185|1|141|
13|408|288|0|184|1|141|
13|410|192|0|185|1|141|
13|409|192|0|185|1|137|
13|401|192|0|181|1|137|
13|394|192|0|180|1|141|
13|401|192|0|182|1|137|
13|411|192|0|185|1|137|
13|1297|672|0|217|1|137|
13|387|192|0|177|1|137|
13|408|192|0|184|1|141|
13|1082|576|0|221|1|141|
13|399|192|0|181|1|137|
13|401|192|0|182|1|137|
13|596|288|0|217|1|137|
13|391|192|0|176|1|141|
13|839|384|0|221|1|141|
13|406|192|0|183|1|141|
13|390|192|0|178|1|137|
13|407|192|0|183|1|141|
13|394|192|0|180|1|141|
13|411|192|0|185|1|141|
13|395|192|0|180|1|137|
13|408|288|0|184|1|137|
13|407|288|0|184|1|141|
13|401|288|0|180|1|141|
13|408|192|0|184|1|141|
13|394|288|0|180|1|141|
13|408|192|0|183|1|137|
13|393|192|0|178|1|137|
13|408|192|0|183|1|141|
13|399|192|0|181|1|141|
13|406|192|0|184|1|137|
13|400|192|0|181|1|137|
13|387|192|0|177|1|137|
13|395|192|0|180|1|137|
13|400|192|0|181|1|141|
13|394|192|0|180|1|141|
13|385|192|0|177|1|141|
13|403|192|0|182|1|137|
13|393|192|0|179|1|137|
13|395|192|0|180|1|141|
13|404|192|0|183|1|141|
13|392|192|0|179|1|141|
13|406|192|0|184|1|137|
13|393|192|0|179|1|141|
13|396|192|0|180|1|141|
13|406|192|0|182|1|137|
13|398|192|0|181|1|137|
13|402|288|0|182|1|141|
13|399|192|0|181|1|137|
13|405|288|0|183|1|141|
13|399|192|0|181|1|141|
13|398|192|0|181|1|141|
13|398|192|0|181|1|141|
13|395|192|0|180|1|137|
13|393|192|0|179|1|137|
13|404|192|0|183|1|137|
13|405|192|0|183|1|141|
13|404|192|0|182|1|137|
13|393|192|0|179|1|141|
13|410|192|0|184|1|141|
13|394|192|0|179|1|137|
13|391|192|0|178|1|137|
13|911|480|0|217|1|137|
13|394|192|0|178|1|141|
13|408|192|0|184|1|141|
13|388|192|0|177|1|137|
13|406|192|0|183|1|137|
13|409|192|0|184|1|137|
13|407|192|0|183|1|137|
13|402|192|0|182|1|137|
13|399|192|0|181|1|137|
13|396|192|0|180|1|141|
13|871|480|0|217|1|137|
13|408|288|0|184|1|137|
13|408|192|0|184|1|141|
13|411|192|0|185|1|141|
13|394|192|0|179|1|141|
13|870|384|0|221|1|141|
13|394|192|0|179|1|137|
13|408|192|0|184|1|137|
13|393|192|0|179|1|137|
13|399|288|0|181|1|137|
13|405|288|0|183|1|137|
13|396|192|0|180|1|141|
13|406|288|0|183|1|141|
13|385|288|0|176|1|137|
13|412|192|0|185|1|141|
13|402|192|0|182|1|141|
13|383|192|0|174|1|137|
13|399|192|0|181|1|141|
13|401|192|0|182|1|137|
13|396|192|0|180|1|137|
13|393|192|0|179|1|137|
13|397|192|0|180|1|141|
13|571|288|0|221|1|141|
13|399|192|0|180|1|137|
13|405|192|0|182|1|137|
13|405|192|0|183|1|141|
13|406|192|0|184|1|137|
13|405|192|0|183|1|137|
13|393|192|0|179|1|141|
13|405|192|0|183|1|141|
13|399|192|0|181|1|137|
13|409|192|0|185|1|137|
13|404|192|0|183|1|137|
13|409|192|0|184|1|141|
13|398|192|0|181|1|141|
13|409|192|0|184|1|137|
13|401|192|0|182|1|137|
13|401|288|0|182|1|137|
13|396|192|0|180|1|141|
13|396|192|0|180|1|141|
13|399|192|0|181|1|137|
13|395|192|0|180|1|141|
13|402|192|0|182|1|141|
13|1589|864|0|221|1|141|
13|410|192|0|185|1|141|
13|411|288|0|185|1|141|
13|397|192|0|180|1|141|
13|393|192|0|179|1|137|
13|396|192|0|180|1|141|
13|410|192|0|185|1|141|
13|475|288|0|206|1|141|
13|394|192|0|179|1|141|
13|410|192|0|185|1|137|
13|390|192|0|178|1|141|
13|396|192|0|180|1|141|
13|384|192|0|176|1|141|
13|397|288|0|180|1|141|
13|390|192|0|178|1|137|
13|385|192|0|177|1|141|
13|404|192|0|183|1|137|
13|399|192|0|181|1|141|
13|1728|960|0|217|1|137|
13|405|192|0|183|1|137|
13|390|192|0|178|1|141|
13|400|192|0|182|1|137|
13|398|192|0|180|1|137|
13|407|192|0|183|1|141|
13|392|288|0|179|1|137|
13|403|96|0|183|1|141|
13|400|288|0|181|1|137|
13|402|192|0|182|1|141|
13|408|288|0|184|1|141|
13|408|192|0|184|1|137|
13|404|192|0|183|1|137|
13|390|192|0|178|1|141|
13|407|192|0|184|1|141|
13|391|192|0|179|1|137|
13|407|192|0|184|1|141|
13|396|192|0|180|1|141|
13|405|288|0|183|1|137|
13|399|192|0|181|1|141|
13|394|192|0|179|1|141|
13|403|192|0|182|1|137|
13|386|192|0|175|1|141|
13|401|288|0|181|1|137|
13|402|192|0|182|1|137|
13|399|288|0|181|1|137|
13|396|192|0|180|1|141|
13|403|192|0|182|1|137|
13|392|192|0|178|1|137|
13|410|192|0|184|1|137|
13|407|288|0|183|1|141|
13|746|384|0|221|1|141|
13|401|192|0|182|1|137|
13|405|192|0|183|1|141|
13|396|192|0|179|1|137|
13|405|192|0|183|1|137|
13|407|288|0|184|1|137|
13|404|192|0|183|1|141|
13|401|192|0|182|1|141|
13|394|288|0|179|1|141|
13|394|192|0|179|1|137|
13|401|192|0|182|1|141|
13|409|192|0|184|1|141|
13|395|192|0|180|1|137|
13|401|192|0|182|1|137|
13|399|288|0|181|1|141|
13|399|192|0|181|1|141|
13|404|192|0|183|1|141|
13|402|192|0|182|1|137|
13|394|288|0|180|1|141|
13|401|288|0|182|1|141|
13|393|192|0|179|1|141|
13|1145|576|0|221|1|141|
13|395|192|0|180|1|141|
13|392|192|0|179|1|137|
13|389|192|0|178|1|137|
13|391|192|0|179|1|137|
13|395|192|0|180|1|137|
13|404|192|0|183|1|137|
13|391|192|0|178|1|137|
13|407|192|0|184|1|137|
13|399|192|0|181|1|141|
13|395|288|0|180|1|141|
13|405|192|0|181|1|141|
13|399|192|0|181|1|137|
13|406|192|0|184|1|141|
13|406|192|0|184|1|137|
13|398|192|0|179|1|137|
13|1851|960|0|221|1|141|
13|388|192|0|177|1|137|
13|410|288|0|184|1|137|
13|386|192|0|177|1|141|
13|398|192|0|180|1|141|
13|401|192|0|181|1|141|
13|395|288|0|179|1|141|
13|406|288|0|183|1|137|
13|394|192|0|179|1|141|
13|384|192|0|176|1|141|
13|378|192|0|174|1|141|
13|393|192|0|179|1|137|
13|393|192|0|179|1|137|
13|401|192|0|182|1|141|
13|410|192|0|185|1|141|
13|411|192|0|185|1|141|
13|394|192|0|180|1|137|
13|391|192|0|179|1|137|
13|391|192|0|178|1|141|
13|395|288|0|180|1|141|
13|1894|960|0|221|1|141|
13|396|192|0|180|1|141|
13|407|192|0|182|1|141|
13|404|288|0|183|1|141|
13|396|192|0|180|1|141|
13|389|192|0|178|1|137|
13|390|192|0|176|1|137|
13|394|192|0|180|1|137|
13|408|192|0|183|1|141|
13|399|192|0|181|1|141|
13|407|192|0|184|1|141|
13|401|192|0|182|1|141|
13|1468|768|0|217|1|137|
13|400|192|0|181|1|137|
