INSTRUCTIONS_RETIRED|CYCLES|UNKNOWN|LD_BLOCKS.STORE_FORWARD|UOPS_EXECUTED.CORE|BR_MISP_RETIRED.ALL_BRANCHES|UOPS_ISSUED.SLOW_LEA|
13|410|192|0|185|1|137|
13|409|192|0|184|1|137|
13|403|192|0|183|1|137|
13|401|192|0|182|1|137|
13|405|192|0|183|1|141|
13|394|192|0|179|1|137|
13|404|192|0|183|1|141|
13|409|192|0|185|1|137|
13|403|192|0|182|1|137|
13|413|192|0|186|1|137|
13|402|192|0|182|1|141|
13|401|192|0|182|1|141|
13|412|192|0|185|1|137|
13|392|192|0|179|1|141|
13|411|192|0|185|1|137|
13|362|192|0|167|1|139|
13|404|288|0|183|1|137|
13|390|192|0|178|1|141|
13|401|288|0|182|1|137|
13|395|192|0|180|1|137|
13|390|192|0|178|1|137|
13|406|192|0|184|1|137|
13|392|192|0|179|1|141|
13|1131|576|0|217|1|137|
13|388|192|0|178|1|137|
13|396|192|0|180|1|141|
13|407|192|0|184|1|141|
13|399|288|0|181|1|137|
13|407|192|0|182|1|141|
13|390|192|0|178|1|141|
13|404|192|0|183|1|141|
13|392|192|0|179|1|141|
13|398|192|0|181|1|137|
13|407|192|0|184|1|137|
13|401|288|0|182|1|141|
13|395|288|0|178|1|137|
13|410|192|0|185|1|141|
13|397|192|0|181|1|137|
13|386|288|0|177|1|137|
13|395|192|0|180|1|141|
13|709|384|0|221|1|141|
13|393|192|0|179|1|141|
13|406|192|0|183|1|137|
13|1033|576|0|221|1|141|
13|392|192|0|179|1|137|
13|415|192|0|187|1|137|
13|406|192|0|183|1|137|
13|391|96|0|177|1|137|
13|409|192|0|185|1|141|
13|396|192|0|180|1|137|
13|396|192|0|180|1|137|
13|361|192|0|168|1|141|
13|394|192|0|179|1|137|
13|402|192|0|182|1|141|
13|402|192|0|182|1|137|
13|404|192|0|183|1|141|
13|407|192|0|184|1|137|
13|401|192|0|182|1|137|
13|409|288|0|184|1|137|
13|410|288|0|185|1|137|
13|407|192|0|182|1|141|
13|410|192|0|185|1|137|
13|406|192|0|183|1|141|
13|390|192|0|178|1|137|
13|391|192|0|178|1|137|
13|405|192|0|183|1|141|
13|388|192|0|177|1|137|
13|1972|1056|0|217|1|137|
13|390|192|0|178|1|141|
13|405|288|0|183|1|141|
13|384|192|0|175|1|137|
13|393|192|0|179|1|141|
13|388|192|0|177|1|137|
13|386|192|0|177|1|141|
13|397|192|0|180|1|141|
13|405|192|0|183|1|141|
13|396|288|0|180|1|141|
13|406|192|0|183|1|137|
13|405|288|0|183|1|137|
13|409|192|0|185|1|137|
13|413|192|0|186|1|137|
13|395|192|0|180|1|137|
13|406|192|0|183|1|141|
13|395|192|0|180|1|141|
13|388|192|0|177|1|137|
13|395|192|0|179|1|141|
13|393|192|0|178|1|137|
13|400|192|0|182|1|137|
13|394|192|0|179|1|141|
13|401|192|0|182|1|137|
13|396|192|0|180|1|137|
13|398|192|0|181|1|141|
13|399|192|0|181|1|137|
13|395|192|0|180|1|139|
13|403|192|0|182|1|141|
13|411|192|0|185|1|137|
13|408|192|0|184|1|137|
13|411|288|0|185|1|141|
13|410|192|0|185|1|137|
13|415|192|0|186|1|141|
13|395|192|0|180|1|137|
13|409|192|0|185|1|141|
13|391|192|0|179|1|137|
13|405|192|0|183|1|137|
13|414|288|0|186|1|137|
13|397|192|0|180|1|137|
13|403|288|0|183|1|141|
13|397|192|0|181|1|137|
13|412|192|0|186|1|141|
13|404|192|0|183|1|141|
13|406|192|0|182|1|141|
13|410|192|0|185|1|137|
13|394|192|0|179|1|141|
13|388|288|0|178|1|137|
13|391|192|0|178|1|137|
13|402|192|0|182|1|137|
13|394|192|0|179|1|137|
13|405|192|0|183|1|141|
13|400|192|0|181|1|137|
13|411|192|0|185|1|137|
13|405|192|0|183|1|141|
13|409|192|0|184|1|137|
13|404|192|0|183|1|141|
13|444|384|0|196|1|137|
13|394|192|0|180|1|137|
13|391|192|0|178|1|137|
13|404|96|0|183|1|137|
13|410|192|0|185|1|141|
13|399|192|0|180|1|139|
13|410|288|0|185|1|141|
13|401|192|0|182|1|137|
13|1101|576|0|221|1|141|
13|395|192|0|180|1|141|
13|404|192|0|183|1|141|
13|394|192|0|179|1|137|
13|397|192|0|181|1|137|
13|406|192|0|184|1|141|
13|398|192|0|181|1|137|
13|416|192|0|187|1|137|
13|409|192|0|185|1|141|
13|399|192|0|181|1|137|
13|412|288|0|186|1|141|
13|402|192|0|182|1|141|
13|414|192|0|186|1|137|
13|383|192|0|176|1|137|
13|392|192|0|179|1|137|
13|413|192|0|186|1|137|
13|393|192|0|179|1|141|
13|412|192|0|185|1|137|
13|408|192|0|184|1|141|
13|397|192|0|180|1|141|
13|395|192|0|180|1|137|
13|400|192|0|181|1|137|
13|397|192|0|180|1|137|
13|402|288|0|182|1|141|
13|402|192|0|182|1|141|
13|414|192|0|186|1|141|
13|399|192|0|181|1|137|
13|415|288|0|186|1|137|
13|395|192|0|180|1|141|
13|417|192|0|187|1|141|
13|393|96|0|179|1|141|
13|410|192|0|185|1|141|
13|404|192|0|183|1|141|
13|411|192|0|185|1|141|
13|410|192|0|185|1|139|
13|397|96|0|180|1|137|
13|1232|672|0|221|1|141|
13|418|192|0|187|1|139|
13|414|288|0|186|1|139|
13|405|192|0|183|1|141|
13|413|288|0|186|1|141|
13|393|192|0|179|1|137|
13|412|192|0|185|1|139|
13|396|192|0|180|1|141|
13|393|192|0|179|1|141|
13|402|192|0|182|1|141|
13|397|288|0|180|1|139|
13|390|192|0|178|1|137|
13|401|192|0|182|1|137|
13|393|192|0|179|1|139|
13|399|192|0|181|1|139|
13|413|192|0|186|1|139|
13|399|192|0|181|1|137|
13|395|192|0|180|1|141|
13|396|192|0|180|1|137|
13|407|192|0|184|1|141|
13|395|192|0|180|1|141|
13|397|192|0|180|1|141|
13|415|288|0|186|1|141|
13|403|192|0|182|1|137|
13|411|192|0|185|1|141|
13|394|192|0|179|1|137|
13|405|192|0|183|1|137|
13|401|192|0|180|1|141|
13|401|192|0|182|1|137|
13|406|192|0|183|1|137|
13|515|192|0|220|1|141|
13|393|192|0|179|1|137|
13|410|192|0|185|1|141|
13|411|192|0|185|1|141|
13|378|192|0|174|1|137|
13|396|192|0|180|1|137|
13|402|288|0|182|1|137|
13|409|192|0|184|1|137|
13|382|192|0|175|1|137|
13|410|192|0|185|1|139|
13|408|192|0|184|1|141|
13|395|192|0|178|1|141|
13|405|192|0|183|1|141|
13|405|192|0|183|1|141|
13|400|192|0|181|1|137|
13|409|192|0|185|1|141|
13|396|192|0|180|1|137|
13|409|192|0|185|1|141|
13|405|288|0|183|1|141|
13|416|192|0|187|1|137|
13|399|192|0|181|1|141|
13|397|192|0|181|1|137|
13|398|288|0|181|1|141|
13|409|192|0|184|1|137|
13|395|192|0|180|1|141|
13|406|192|0|183|1|141|
13|401|192|0|182|1|137|
13|400|192|0|181|1|137|
13|394|192|0|179|1|137|
13|400|192|0|181|1|141|
13|408|192|0|184|1|141|
13|399|192|0|181|1|141|
13|398|192|0|181|1|141|
13|408|192|0|184|1|141|
13|398|192|0|181|1|141|
13|409|192|0|184|1|137|
13|412|192|0|185|1|137|
13|409|192|0|184|1|137|
13|397|192|0|180|1|137|
13|414|192|0|186|1|141|
13|406|192|0|183|1|137|
13|1604|864|0|221|1|141|
13|404|192|0|183|1|137|
13|404|192|0|183|1|137|
13|417|192|0|187|1|141|
13|393|192|0|179|1|141|
13|395|192|0|180|1|141|
13|412|192|0|184|1|141|
13|392|192|0|179|1|141|
13|416|288|0|187|1|137|
13|388|192|0|178|1|137|
13|403|192|0|183|1|141|
13|392|192|0|179|1|141|
13|393|192|0|179|1|141|
13|398|288|0|181|1|137|
13|415|288|0|186|1|137|
13|398|192|0|181|1|137|
13|395|192|0|180|1|137|
13|399|192|0|181|1|141|
13|396|192|0|180|1|141|
13|407|288|0|184|1|141|
13|403|192|0|183|1|137|
13|412|192|0|185|1|141|
13|397|192|0|180|1|141|
13|409|192|0|184|1|137|
13|397|192|0|180|1|141|
13|402|192|0|182|1|137|
13|405|192|0|183|1|137|
13|404|192|0|183|1|141|
13|409|192|0|184|1|141|
13|397|192|0|180|1|141|
13|399|192|0|181|1|141|
13|414|288|0|186|1|141|
13|418|192|0|187|1|141|
13|395|192|0|180|1|137|
13|400|192|0|181|1|137|
13|396|192|0|180|1|141|
13|401|192|0|182|1|137|
13|412|192|0|185|1|141|
13|394|192|0|179|1|141|
13|411|192|0|185|1|137|
13|401|192|0|182|1|137|
13|393|288|0|179|1|141|
13|382|288|0|175|1|137|
13|360|192|0|168|1|141|
13|396|192|0|180|1|141|
13|394|192|0|179|1|137|
13|397|192|0|180|1|137|
13|413|192|0|184|1|141|
13|398|192|0|181|1|137|
13|411|192|0|185|1|141|
13|395|192|0|180|1|141|
13|407|192|0|184|1|141|
13|400|192|0|181|1|137|
13|411|288|0|185|1|141|
13|408|192|0|184|1|137|
13|394|192|0|180|1|141|
13|398|192|0|181|1|141|
13|390|192|0|178|1|141|
13|395|192|0|180|1|137|
13|390|192|0|178|1|137|
13|411|288|0|185|1|137|
13|393|192|0|179|1|141|
13|414|192|0|186|1|137|
13|397|192|0|180|1|141|
13|402|192|0|182|1|137|
13|399|192|0|181|1|137|
13|414|192|0|186|1|141|
13|412|288|0|186|1|137|
13|409|192|0|185|1|137|
13|411|192|0|185|1|141|
13|403|192|0|183|1|141|
13|400|192|0|180|1|141|
13|395|288|0|180|1|137|
13|393|192|0|179|1|141|
13|411|192|0|185|1|137|
13|391|192|0|178|1|141|
13|412|192|0|185|1|137|
13|401|288|0|182|1|137|
13|413|192|0|186|1|141|
13|1563|768|0|217|1|137|
13|404|192|0|183|1|137|
13|401|192|0|182|1|141|
13|400|192|0|181|1|137|
13|392|192|0|179|1|137|
13|932|480|0|221|1|141|
13|399|192|0|181|1|141|
13|414|192|0|186|1|141|
13|395|192|0|180|1|137|
13|415|192|0|186|1|141|
13|397|192|0|180|1|141|
13|417|192|0|187|1|137|
13|410|192|0|185|1|141|
13|416|192|0|187|1|137|
13|386|192|0|177|1|137|
13|408|192|0|184|1|137|
13|396|192|0|180|1|141|
13|410|192|0|185|1|141|
13|406|192|0|184|1|137|
13|414|192|0|186|1|137|
13|390|192|0|178|1|137|
13|395|192|0|180|1|141|
13|397|192|0|180|1|141|
13|937|480|0|217|1|137|
13|406|192|0|184|1|141|
13|397|192|0|180|1|141|
13|406|192|0|184|1|137|
13|417|192|0|187|1|141|
13|409|192|0|185|1|137|
13|397|192|0|181|1|141|
13|390|192|0|178|1|137|
13|400|192|0|181|1|141|
13|391|288|0|178|1|137|
13|394|192|0|180|1|141|
13|396|192|0|180|1|141|
13|497|192|0|214|1|137|
13|386|192|0|176|1|141|
13|405|192|0|180|1|139|
13|405|192|0|182|1|141|
13|406|288|0|182|1|137|
13|411|192|0|185|1|141|
13|410|192|0|185|1|137|
13|409|192|0|183|1|141|
13|409|192|0|185|1|137|
13|406|192|0|182|1|137|
13|392|192|0|179|1|137|
13|403|192|0|181|1|137|
13|1409|672|0|221|1|141|
13|405|192|0|183|1|137|
13|393|192|0|179|1|137|
13|416|288|0|187|1|137|
13|394|192|0|179|1|141|
13|410|192|0|185|1|137|
13|394|192|0|179|1|137|
13|413|192|0|186|1|137|
13|392|192|0|179|1|137|
13|417|288|0|187|1|139|
13|407|192|0|184|1|137|
13|413|192|0|186|1|141|
13|403|192|0|182|1|141|
13|397|288|0|181|1|141|
13|397|192|0|180|1|141|
13|399|192|0|181|1|137|
13|411|192|0|185|1|141|
13|411|192|0|185|1|137|
13|402|192|0|182|1|137|
13|397|192|0|180|1|141|
13|397|192|0|180|1|137|
13|401|192|0|182|1|141|
13|397|192|0|180|1|137|
13|397|192|0|180|1|137|
13|406|288|0|183|1|137|
13|406|192|0|183|1|137|
13|405|192|0|183|1|141|
13|404|192|0|183|1|137|
13|411|192|0|185|1|137|
13|401|192|0|182|1|141|
13|405|192|0|183|1|137|
13|397|192|0|180|1|141|
13|397|192|0|178|1|137|
13|400|192|0|181|1|141|
13|408|192|0|184|1|141|
13|394|192|0|179|1|137|
13|397|192|0|180|1|137|
13|393|192|0|179|1|137|
13|405|192|0|183|1|141|
13|406|192|0|184|1|137|
13|412|192|0|185|1|137|
13|418|192|0|187|1|139|
13|409|192|0|185|1|137|
13|406|192|0|183|1|141|
13|398|192|0|181|1|137|
13|405|192|0|183|1|137|
13|411|192|0|185|1|137|
13|395|192|0|180|1|137|
13|405|192|0|183|1|137|
13|418|288|0|187|1|141|
13|408|192|0|184|1|141|
13|414|192|0|186|1|141|
13|402|192|0|182|1|141|
13|412|288|0|186|1|141|
13|403|288|0|183|1|137|
13|404|192|0|183|1|141|
13|398|192|0|181|1|137|
13|458|192|0|201|1|137|
13|405|192|0|183|1|137|
13|408|192|0|184|1|141|
13|394|192|0|179|1|141|
13|418|192|0|187|1|137|
13|388|192|0|177|1|137|
13|385|192|0|176|1|141|
13|409|288|0|184|1|137|
13|416|192|0|187|1|141|
13|409|192|0|185|1|137|
13|405|192|0|183|1|137|
13|498|288|0|214|1|137|
13|405|192|0|183|1|141|
13|409|192|0|185|1|137|
13|411|192|0|185|1|137|
13|410|192|0|185|1|141|
13|411|192|0|185|1|137|
13|410|192|0|185|1|137|
13|406|288|0|182|1|141|
13|391|192|0|178|1|137|
13|411|288|0|185|1|141|
13|407|288|0|184|1|137|
13|404|192|0|183|1|141|
13|401|192|0|182|1|141|
13|403|192|0|183|1|137|
13|664|288|0|217|1|137|
13|398|192|0|181|1|141|
13|415|192|0|186|1|137|
13|412|192|0|186|1|141|
13|416|192|0|187|1|137|
13|392|192|0|179|1|141|
13|403|192|0|182|1|137|
13|395|192|0|180|1|137|
13|416|192|0|187|1|141|
13|406|192|0|182|1|141|
13|393|192|0|179|1|137|
13|1118|576|0|221|1|141|
13|395|192|0|180|1|137|
13|414|192|0|186|1|137|
13|406|192|0|184|1|141|
13|408|288|0|184|1|141|
13|410|192|0|185|1|141|
13|392|192|0|179|1|141|
13|411|192|0|185|1|137|
13|407|192|0|184|1|141|
13|382|192|0|175|1|137|
13|409|192|0|185|1|141|
13|397|192|0|181|1|141|
13|408|192|0|183|1|141|
13|393|192|0|179|1|141|
13|402|192|0|182|1|141|
13|406|192|0|184|1|137|
13|408|192|0|184|1|137|
13|407|192|0|184|1|141|
13|389|192|0|178|1|141|
13|401|288|0|182|1|139|
13|390|192|0|178|1|141|
13|1013|480|0|217|1|137|
13|395|192|0|180|1|137|
13|412|288|0|185|1|139|
13|394|192|0|179|1|141|
13|411|192|0|185|1|139|
13|396|192|0|180|1|139|
13|418|192|0|187|1|137|
13|397|192|0|180|1|137|
13|407|192|0|184|1|141|
13|398|192|0|181|1|141|
13|390|192|0|178|1|137|
13|400|192|0|181|1|137|
13|391|192|0|178|1|137|
13|392|288|0|179|1|137|
13|384|192|0|176|1|137|
13|389|192|0|178|1|141|
13|385|192|0|176|1|141|
13|402|192|0|182|1|137|
13|398|192|0|181|1|141|
13|414|192|0|186|1|141|
13|400|192|0|181|1|137|
13|418|192|0|187|1|137|
13|404|192|0|183|1|137|
13|414|192|0|186|1|137|
13|418|192|0|187|1|137|
13|410|288|0|185|1|137|
13|419|288|0|188|1|141|
13|1246|576|0|217|1|137|
13|402|192|0|182|1|137|
13|411|192|0|185|1|141|
13|399|192|0|181|1|139|
13|392|192|0|179|1|139|
13|1240|576|0|219|1|139|
13|393|192|0|179|1|141|
13|396|192|0|180|1|141|
13|393|192|0|179|1|137|
13|402|192|0|182|1|141|
13|404|192|0|183|1|141|
13|406|192|0|183|1|137|
13|402|192|0|182|1|137|
13|402|192|0|182|1|141|
13|404|192|0|183|1|137|
13|400|192|0|181|1|137|
13|391|192|0|178|1|141|
13|400|192|0|181|1|141|
13|418|192|0|187|1|137|
13|419|192|0|188|1|141|
13|417|288|0|187|1|137|
13|417|288|0|187|1|137|
13|404|192|0|183|1|141|
13|404|192|0|183|1|141|
13|398|192|0|181|1|137|
13|393|192|0|179|1|141|
13|400|192|0|181|1|141|
13|411|192|0|185|1|137|
13|407|288|0|184|1|141|
13|398|192|0|181|1|141|
13|410|192|0|185|1|137|
13|415|192|0|186|1|137|
13|409|192|0|184|1|141|
13|411|192|0|185|1|141|
13|1741|864|0|221|1|141|
13|415|288|0|185|1|137|
13|400|192|0|182|1|141|
13|400|192|0|181|1|141|
13|420|288|0|188|1|137|
13|400|192|0|181|1|139|
13|393|192|0|179|1|141|
13|403|192|0|182|1|137|
13|405|192|0|183|1|141|
13|401|192|0|182|1|137|
13|398|192|0|181|1|141|
13|409|192|0|184|1|141|
13|399|288|0|181|1|137|
13|415|192|0|186|1|139|
13|413|192|0|186|1|141|
13|411|192|0|185|1|137|
13|405|96|0|183|1|139|
13|415|192|0|187|1|141|
13|407|192|0|184|1|137|
13|407|192|0|184|1|141|
13|408|192|0|184|1|137|
13|413|192|0|186|1|137|
13|392|192|0|179|1|141|
13|399|192|0|181|1|141|
13|398|192|0|181|1|137|
13|386|192|0|177|1|141|
13|392|192|0|179|1|141|
13|412|288|0|185|1|137|
13|361|192|0|169|1|137|
13|400|192|0|181|1|137|
13|378|192|0|174|1|141|
13|399|192|0|181|1|137|
13|401|288|0|182|1|141|
13|413|288|0|186|1|141|
13|395|288|0|180|1|141|
13|414|192|0|186|1|141|
13|393|192|0|179|1|141|
13|399|192|0|181|1|137|
13|409|288|0|185|1|137|
13|2014|960|0|215|1|137|
13|397|192|0|181|1|137|
13|409|192|0|185|1|141|
13|397|192|0|181|1|141|
13|405|288|0|183|1|141|
13|398|192|0|181|1|141|
13|406|192|0|184|1|137|
13|395|192|0|180|1|141|
13|419|192|0|188|1|141|
13|402|192|0|182|1|141|
13|410|192|0|185|1|139|
13|402|192|0|182|1|137|
13|409|192|0|185|1|141|
13|402|192|0|182|1|137|
13|413|192|0|186|1|137|
13|398|192|0|181|1|137|
13|412|192|0|185|1|137|
13|397|192|0|181|1|141|
13|418|192|0|187|1|137|
13|395|192|0|180|1|137|
13|394|192|0|179|1|137|
13|393|192|0|179|1|141|
13|407|288|0|184|1|137|
13|392|192|0|179|1|137|
13|409|192|0|184|1|137|
13|392|192|0|179|1|137|
13|407|192|0|184|1|137|
13|398|192|0|181|1|137|
13|406|192|0|184|1|137|
13|397|192|0|181|1|141|
13|414|192|0|186|1|141|
13|401|192|0|182|1|141|
13|413|192|0|186|1|137|
13|400|192|0|182|1|141|
13|408|192|0|184|1|137|
13|412|192|0|186|1|141|
13|399|192|0|181|1|141|
13|405|288|0|183|1|137|
13|400|192|0|182|1|141|
13|403|192|0|182|1|137|
13|406|192|0|184|1|137|
13|403|192|0|183|1|141|
13|395|192|0|180|1|141|
13|394|192|0|179|1|141|
13|392|192|0|179|1|137|
13|395|192|0|180|1|137|
13|388|192|0|176|1|137|
13|395|192|0|180|1|137|
13|391|192|0|179|1|141|
13|395|192|0|180|1|141|
13|393|192|0|179|1|141|
13|398|192|0|181|1|137|
13|396|192|0|180|1|141|
13|413|192|0|186|1|137|
13|399|192|0|181|1|141|
13|402|288|0|182|1|141|
13|404|192|0|183|1|137|
13|411|192|0|185|1|141|
13|393|288|0|179|1|139|
13|394|192|0|179|1|141|
13|417|192|0|187|1|137|
13|1498|768|0|217|1|137|
13|990|480|0|221|1|141|
13|395|192|0|177|1|137|
13|404|192|0|183|1|137|
13|401|192|0|182|1|141|
13|472|192|0|205|1|141|
13|401|192|0|182|1|141|
13|403|192|0|182|1|137|
13|422|192|0|189|1|137|
13|402|192|0|182|1|137|
13|392|192|0|179|1|141|
13|401|192|0|182|1|137|
13|392|192|0|179|1|137|
13|398|192|0|181|1|141|
13|405|192|0|183|1|137|
13|391|192|0|178|1|137|
13|402|192|0|182|1|137|
13|408|96|0|184|1|141|
13|395|288|0|177|1|137|
13|410|192|0|185|1|141|
13|1055|576|0|217|1|137|
13|408|192|0|184|1|141|
13|386|192|0|177|1|137|
13|412|192|0|185|1|137|
13|395|192|0|180|1|137|
13|409|192|0|184|1|137|
13|402|192|0|182|1|141|
13|411|192|0|185|1|137|
13|402|288|0|182|1|141|
13|412|192|0|185|1|137|
13|392|192|0|179|1|137|
13|396|192|0|180|1|141|
13|394|192|0|179|1|141|
13|391|192|0|178|1|141|
13|397|192|0|180|1|137|
13|408|192|0|184|1|137|
13|389|192|0|178|1|141|
13|404|192|0|183|1|141|
13|411|192|0|185|1|141|
13|414|192|0|186|1|137|
13|399|192|0|181|1|141|
13|409|192|0|184|1|137|
13|404|288|0|183|1|137|
13|397|192|0|181|1|137|
13|397|192|0|181|1|141|
13|394|192|0|180|1|137|
13|410|192|0|183|1|137|
13|401|192|0|182|1|141|
13|411|288|0|185|1|141|
13|1739|864|0|217|1|137|
13|410|192|0|185|1|141|
13|409|192|0|184|1|137|
13|391|192|0|178|1|137|
13|409|192|0|184|1|137|
13|410|192|0|185|1|141|
13|405|192|0|183|1|137|
13|413|192|0|186|1|141|
13|399|192|0|180|1|141|
13|396|192|0|180|1|141|
13|415|192|0|186|1|137|
13|400|192|0|182|1|141|
13|390|192|0|178|1|137|
13|418|192|0|187|1|137|
13|389|192|0|178|1|137|
13|1992|1056|0|221|1|141|
13|393|192|0|179|1|137|
13|410|192|0|185|1|137|
13|414|192|0|186|1|137|
13|400|192|0|181|1|141|
13|410|192|0|185|1|141|
13|392|192|0|179|1|141|
13|866|384|0|217|1|137|
13|397|192|0|180|1|141|
13|389|192|0|176|1|139|
13|415|192|0|187|1|141|
13|404|192|0|183|1|137|
13|390|192|0|178|1|137|
13|396|192|0|180|1|137|
13|392|192|0|179|1|141|
13|408|288|0|184|1|137|
13|390|192|0|178|1|141|
13|504|192|0|216|1|137|
13|393|192|0|179|1|137|
13|406|288|0|184|1|137|
13|394|192|0|179|1|141|
13|411|192|0|185|1|141|
13|377|192|0|174|1|141|
13|408|192|0|183|1|141|
13|419|192|0|188|1|137|
13|416|192|0|187|1|137|
13|412|192|0|185|1|141|
13|406|192|0|183|1|141|
13|407|192|0|184|1|137|
13|398|192|0|181|1|141|
13|411|192|0|185|1|137|
13|390|192|0|178|1|137|
13|418|192|0|188|1|137|
13|392|192|0|179|1|137|
13|397|288|0|181|1|137|
13|389|192|0|178|1|141|
13|399|192|0|181|1|141|
13|417|192|0|187|1|141|
13|395|288|0|180|1|137|
13|376|192|0|174|1|141|
13|391|192|0|179|1|141|
13|413|192|0|186|1|141|
13|396|192|0|180|1|137|
13|409|192|0|185|1|137|
13|393|192|0|179|1|141|
13|399|192|0|181|1|141|
13|412|192|0|186|1|137|
13|399|192|0|181|1|141|
13|410|192|0|185|1|141|
13|397|192|0|181|1|141|
13|411|192|0|185|1|137|
13|392|192|0|179|1|137|
13|416|192|0|187|1|141|
13|389|192|0|178|1|137|
13|392|192|0|179|1|141|
13|418|192|0|187|1|141|
13|393|192|0|179|1|137|
13|393|192|0|179|1|141|
13|393|192|0|179|1|137|
13|391|192|0|179|1|141|
13|407|192|0|184|1|137|
13|416|192|0|187|1|137|
13|408|192|0|184|1|137|
13|411|192|0|185|1|141|
13|397|192|0|181|1|141|
13|403|288|0|182|1|141|
13|403|192|0|182|1|141|
13|392|192|0|179|1|141|
13|402|192|0|182|1|137|
13|389|192|0|178|1|137|
13|417|288|0|187|1|137|
13|403|192|0|183|1|141|
13|395|192|0|180|1|137|
13|538|288|0|217|1|137|
13|397|192|0|181|1|137|
13|416|192|0|187|1|137|
13|363|192|0|169|1|137|
13|382|192|0|175|1|137|
13|401|192|0|182|1|141|
13|413|192|0|186|1|137|
13|406|288|0|183|1|141|
13|404|192|0|350|1|117|
13|1685|864|0|217|1|137|
13|406|192|0|184|1|137|
13|610|288|0|429|1|138|
13|399|192|0|181|1|137|
13|404|192|0|183|1|137|
13|415|192|0|186|1|141|
13|624|288|0|433|1|142|
13|401|192|0|182|1|141|
13|411|288|0|185|1|141|
13|398|192|0|181|1|137|
13|406|192|0|183|1|141|
13|407|192|0|182|1|137|
13|419|288|0|188|1|137|
13|411|192|0|185|1|137|
13|414|192|0|186|1|141|
13|418|192|0|188|1|137|
13|404|192|0|183|1|137|
13|412|192|0|186|1|137|
13|399|192|0|181|1|137|
13|409|192|0|185|1|141|
13|409|192|0|185|1|141|
13|617|384|0|431|1|142|
13|391|192|0|178|1|141|
13|404|192|0|183|1|141|
13|601|288|0|426|1|140|
13|406|192|0|183|1|139|
13|403|192|0|182|1|137|
13|407|192|0|184|1|139|
13|396|192|0|180|1|137|
13|406|288|0|183|1|137|
13|393|192|0|179|1|141|
13|427|288|0|191|1|137|
13|623|384|0|433|1|142|
13|811|384|0|458|1|169|
13|399|192|0|181|1|137|
13|618|288|0|431|1|142|
13|607|288|0|428|1|142|
13|404|192|0|183|1|137|
13|402|192|0|182|1|141|
13|411|288|0|185|1|141|
13|401|192|0|182|1|141|
13|398|192|0|181|1|137|
13|849|384|0|465|1|138|
13|395|192|0|346|1|113|
13|408|192|0|184|1|137|
13|406|192|0|184|1|141|
13|412|192|0|185|1|137|
13|411|192|0|185|1|141|
13|412|288|0|186|1|137|
13|406|192|0|183|1|141|
13|410|192|0|185|1|137|
13|409|288|0|185|1|137|
13|404|192|0|183|1|141|
13|418|288|0|355|1|125|
13|403|192|0|183|1|137|
13|414|192|0|186|1|141|
13|418|192|0|188|1|137|
13|396|192|0|180|1|137|
13|416|192|0|187|1|141|
13|402|288|0|182|1|137|
13|415|192|0|187|1|137|
13|416|192|0|187|1|137|
13|607|288|0|426|1|138|
13|405|288|0|183|1|137|
13|404|288|0|183|1|141|
13|394|192|0|179|1|141|
13|389|192|0|178|1|137|
13|406|192|0|183|1|137|
13|405|192|0|183|1|137|
13|405|192|0|183|1|141|
13|629|288|0|436|1|142|
13|397|192|0|180|1|141|
13|401|192|0|182|1|137|
13|395|192|0|180|1|137|
13|398|192|0|181|1|141|
13|410|192|0|185|1|141|
13|401|192|0|182|1|141|
13|404|192|0|183|1|141|
13|399|192|0|348|1|113|
13|403|192|0|182|1|141|
13|407|192|0|182|1|137|
13|399|288|0|181|1|141|
13|416|192|0|354|1|125|
13|601|288|0|428|1|142|
13|397|192|0|348|1|117|
13|398|192|0|181|1|137|
13|401|192|0|182|1|141|
13|413|192|0|186|1|141|
13|402|288|0|182|1|137|
13|394|192|0|180|1|137|
13|409|192|0|184|1|137|
13|417|192|0|353|1|115|
13|415|192|0|186|1|141|
13|561|288|0|221|1|141|
13|389|192|0|177|1|141|
13|408|192|0|184|1|141|
13|399|192|0|348|1|115|
13|407|192|0|351|1|117|
13|419|192|0|353|1|111|
13|405|192|0|183|1|141|
13|408|192|0|184|1|137|
13|397|192|0|180|1|141|
13|393|192|0|179|1|141|
13|396|192|0|180|1|141|
13|602|288|0|427|1|142|
13|617|288|0|432|1|142|
13|404|192|0|350|1|111|
13|400|192|0|181|1|137|
13|407|288|0|351|1|117|
13|400|192|0|181|1|137|
13|414|192|0|186|1|137|
13|616|288|0|432|1|142|
13|413|192|0|186|1|137|
13|396|192|0|180|1|137|
13|391|192|0|179|1|137|
13|418|192|0|187|1|141|
13|398|192|0|181|1|137|
13|403|192|0|182|1|141|
13|615|384|0|431|1|138|
13|1670|864|0|469|1|142|
13|408|192|0|184|1|141|
13|409|192|0|184|1|137|
13|407|192|0|184|1|137|
13|394|192|0|179|1|137|
13|408|192|0|184|1|141|
13|404|192|0|183|1|141|
13|402|192|0|348|1|113|
13|1039|480|0|217|1|137|
13|398|192|0|181|1|141|
13|386|192|0|177|1|141|
13|393|192|0|179|1|137|
13|392|192|0|179|1|137|
13|376|192|0|173|1|137|
13|413|288|0|186|1|141|
13|392|288|0|179|1|137|
13|396|192|0|180|1|137|
13|403|192|0|183|1|137|
13|398|192|0|347|1|109|
13|612|384|0|430|1|142|
13|608|288|0|429|1|142|
13|408|192|0|184|1|137|
13|393|192|0|179|1|137|
13|393|192|0|179|1|137|
13|606|384|0|430|1|142|
13|418|192|0|187|1|141|
13|393|192|0|179|1|137|
13|396|192|0|180|1|141|
13|609|288|0|430|1|138|
13|996|576|0|459|1|169|
13|400|192|0|182|1|141|
13|709|288|0|217|1|137|
13|614|288|0|430|1|138|
13|622|288|0|434|1|142|
13|403|192|0|349|1|117|
13|413|192|0|186|1|141|
13|411|288|0|185|1|137|
13|410|288|0|185|1|137|
13|626|288|0|434|1|138|
13|399|192|0|181|1|141|
13|407|192|0|184|1|141|
13|413|192|0|184|1|137|
13|400|192|0|181|1|137|
13|406|192|0|183|1|141|
13|629|288|0|436|1|142|
13|418|192|0|354|1|115|
13|394|192|0|179|1|141|
13|414|192|0|186|1|137|
13|391|192|0|178|1|137|
13|403|192|0|182|1|141|
13|1557|768|0|217|1|137|
13|413|192|0|186|1|141|
13|420|192|0|188|1|141|
13|414|192|0|186|1|141|
13|406|192|0|183|1|139|
13|415|192|0|186|1|137|
13|398|192|0|181|1|141|
13|606|288|0|429|1|142|
13|601|288|0|428|1|138|
13|415|288|0|352|1|121|
13|417|288|0|357|1|121|
13|415|192|0|353|1|121|
13|410|192|0|185|1|141|
13|407|192|0|184|1|137|
13|393|192|0|179|1|141|
13|409|192|0|184|1|137|
13|608|288|0|430|1|142|
13|402|288|0|349|1|113|
13|396|192|0|180|1|137|
13|411|288|0|185|1|137|
13|408|192|0|184|1|141|
13|411|192|0|185|1|141|
13|392|192|0|344|1|107|
13|420|192|0|188|1|137|
13|406|192|0|183|1|141|
13|401|192|0|182|1|137|
13|418|192|0|187|1|141|
13|399|192|0|181|1|141|
13|916|480|0|221|1|141|
13|407|192|0|184|1|137|
13|390|192|0|178|1|141|
13|628|288|0|435|1|138|
13|398|192|0|349|1|111|
13|719|384|0|266|1|75|
13|409|192|0|184|1|137|
13|622|288|0|433|1|142|
13|1533|768|0|469|1|142|
13|407|192|0|184|1|137|
13|394|192|0|180|1|137|
13|403|192|0|183|1|137|
13|400|192|0|182|1|137|
13|404|192|0|183|1|141|
13|607|288|0|429|1|138|
13|392|192|0|177|1|137|
13|403|192|0|183|1|137|
13|398|192|0|351|1|117|
