INSTRUCTIONS_RETIRED|CYCLES|UNKNOWN|LD_BLOCKS.STORE_FORWARD|UOPS_EXECUTED.CORE|BR_MISP_RETIRED.ALL_BRANCHES|UOPS_ISSUED.SLOW_LEA|
13|401|192|0|350|1|117|
13|407|192|0|349|1|117|
13|414|192|0|186|1|137|
13|407|192|0|184|1|137|
13|407|192|0|184|1|137|
13|439|288|0|195|1|141|
13|404|288|0|179|1|139|
13|399|288|0|181|1|141|
13|378|192|0|174|1|137|
13|398|192|0|181|1|137|
13|412|192|0|186|1|141|
13|618|288|0|432|1|138|
13|401|192|0|181|1|141|
13|607|288|0|429|1|142|
13|365|192|0|338|1|99|
13|389|192|0|345|1|111|
13|397|192|0|181|1|141|
13|409|192|0|352|1|117|
13|411|192|0|185|1|137|
13|358|192|0|165|1|141|
13|1131|576|0|217|1|137|
13|392|192|0|178|1|137|
13|402|288|0|182|1|137|
13|404|192|0|183|1|137|
13|411|192|0|185|1|141|
13|406|192|0|184|1|141|
13|412|288|0|185|1|141|
13|628|288|0|435|1|142|
13|401|192|0|346|1|115|
13|392|192|0|179|1|137|
13|415|288|0|187|1|137|
13|393|192|0|179|1|141|
13|402|192|0|182|1|137|
13|414|192|0|186|1|141|
13|406|192|0|183|1|137|
13|622|288|0|434|1|138|
13|613|384|0|431|1|138|
13|405|192|0|183|1|141|
13|420|288|0|355|1|121|
13|393|192|0|180|1|141|
13|418|192|0|187|1|137|
13|398|192|0|181|1|137|
13|400|192|0|181|1|137|
13|413|192|0|353|1|115|
13|413|288|0|352|1|115|
13|407|192|0|183|1|141|
13|414|192|0|186|1|137|
13|409|192|0|354|1|111|
13|411|192|0|352|1|111|
13|403|192|0|182|1|137|
13|412|192|0|185|1|141|
13|413|192|0|186|1|139|
13|413|288|0|186|1|137|
13|625|288|0|435|1|138|
13|416|192|0|356|1|113|
13|408|192|0|184|1|137|
13|414|192|0|186|1|141|
13|405|192|0|183|1|141|
13|408|192|0|184|1|141|
13|408|192|0|183|1|141|
13|628|288|0|436|1|138|
13|405|192|0|350|1|113|
13|399|192|0|181|1|137|
13|404|192|0|183|1|141|
13|612|288|0|429|1|142|
13|406|192|0|350|1|113|
13|401|192|0|182|1|141|
13|412|192|0|185|1|141|
13|1714|864|0|219|1|139|
13|402|192|0|348|1|115|
13|404|192|0|183|1|137|
13|410|192|0|184|1|141|
13|405|192|0|183|1|141|
13|627|288|0|433|1|138|
13|404|192|0|183|1|137|
13|414|192|0|186|1|137|
13|400|192|0|181|1|137|
13|382|96|0|175|1|137|
13|396|192|0|180|1|137|
13|385|192|0|176|1|137|
13|386|192|0|177|1|141|
13|401|192|0|182|1|137|
13|402|192|0|182|1|141|
13|402|192|0|182|1|141|
13|402|192|0|182|1|137|
13|399|192|0|181|1|141|
13|407|192|0|184|1|137|
13|401|192|0|348|1|113|
13|400|288|0|182|1|137|
13|394|192|0|180|1|137|
13|399|288|0|181|1|137|
13|601|288|0|428|1|142|
13|409|192|0|351|1|117|
13|392|288|0|349|1|113|
13|371|192|0|172|1|141|
13|398|192|0|181|1|137|
13|410|192|0|185|1|141|
13|391|192|0|179|1|141|
13|393|192|0|180|1|137|
13|629|288|0|221|1|141|
13|410|192|0|185|1|137|
13|393|192|0|179|1|137|
13|411|192|0|184|1|137|
13|401|192|0|182|1|137|
13|621|288|0|433|1|142|
13|408|288|0|351|1|117|
13|402|192|0|182|1|137|
13|393|192|0|347|1|117|
13|411|192|0|351|1|121|
13|415|288|0|187|1|137|
13|415|192|0|187|1|141|
13|415|192|0|187|1|137|
13|399|192|0|182|1|141|
13|378|192|0|174|1|141|
13|607|288|0|429|1|138|
13|405|192|0|183|1|141|
13|1123|480|0|221|1|141|
13|404|192|0|183|1|141|
13|411|192|0|351|1|113|
13|406|288|0|184|1|141|
13|393|192|0|179|1|141|
13|402|192|0|183|1|137|
13|397|192|0|181|1|141|
13|407|192|0|184|1|137|
13|399|192|0|181|1|137|
13|395|192|0|180|1|141|
13|400|192|0|182|1|141|
13|394|288|0|346|1|111|
13|414|288|0|186|1|141|
13|400|192|0|182|1|137|
13|391|192|0|179|1|137|
13|627|384|0|436|1|138|
13|407|192|0|184|1|137|
13|418|192|0|188|1|141|
13|389|192|0|178|1|141|
13|396|192|0|180|1|141|
13|392|192|0|346|1|113|
13|412|192|0|186|1|141|
13|406|192|0|183|1|141|
13|406|288|0|183|1|137|
13|898|480|0|221|1|141|
13|622|288|0|434|1|142|
13|577|288|0|407|1|171|
13|403|192|0|348|1|113|
13|405|192|0|183|1|137|
13|402|288|0|182|1|141|
13|388|192|0|177|1|137|
13|393|192|0|346|1|111|
13|623|384|0|434|1|138|
13|397|192|0|348|1|117|
13|409|192|0|185|1|137|
13|1475|672|0|217|1|137|
13|396|192|0|180|1|141|
13|407|192|0|184|1|137|
13|401|192|0|182|1|141|
13|405|192|0|184|1|141|
13|618|288|0|433|1|142|
13|414|192|0|186|1|141|
13|411|192|0|185|1|137|
13|415|288|0|186|1|141|
13|408|192|0|184|1|141|
13|1066|576|0|467|1|138|
13|409|192|0|184|1|141|
13|411|192|0|185|1|137|
13|386|192|0|177|1|137|
13|407|192|0|184|1|141|
13|384|192|0|176|1|141|
13|402|192|0|182|1|141|
13|385|192|0|176|1|137|
13|388|192|0|177|1|137|
13|400|192|0|181|1|141|
13|390|192|0|178|1|137|
13|405|288|0|183|1|141|
13|406|192|0|183|1|137|
13|608|384|0|429|1|142|
13|390|192|0|345|1|107|
13|392|192|0|345|1|111|
13|399|192|0|181|1|137|
13|621|288|0|432|1|138|
13|603|288|0|426|1|142|
13|388|192|0|344|1|107|
13|389|192|0|178|1|137|
13|401|192|0|182|1|137|
13|411|192|0|185|1|141|
13|607|288|0|427|1|142|
13|627|288|0|436|1|142|
13|607|288|0|429|1|142|
13|398|192|0|181|1|141|
13|401|192|0|182|1|141|
13|404|288|0|183|1|137|
13|399|288|0|347|1|115|
13|407|192|0|184|1|137|
13|388|192|0|178|1|137|
13|392|192|0|179|1|141|
13|389|192|0|178|1|141|
13|384|192|0|344|1|109|
13|412|288|0|186|1|137|
13|390|192|0|178|1|137|
13|416|192|0|187|1|141|
13|398|192|0|181|1|141|
13|396|192|0|180|1|141|
13|612|288|0|430|1|138|
13|405|288|0|183|1|141|
13|405|192|0|183|1|141|
13|1599|768|0|217|1|137|
13|395|192|0|180|1|137|
13|394|192|0|180|1|141|
13|400|192|0|182|1|137|
13|393|192|0|179|1|141|
13|409|288|0|185|1|141|
13|604|288|0|429|1|138|
13|415|192|0|186|1|137|
13|618|288|0|434|1|138|
13|414|288|0|353|1|115|
13|399|288|0|181|1|141|
13|416|192|0|187|1|137|
13|396|192|0|180|1|137|
13|410|192|0|185|1|137|
13|604|288|0|432|1|138|
13|363|192|0|336|1|95|
13|604|288|0|428|1|142|
13|404|192|0|348|1|117|
13|412|192|0|186|1|141|
13|400|288|0|182|1|141|
13|402|192|0|182|1|141|
13|413|192|0|186|1|141|
13|399|192|0|181|1|137|
13|625|384|0|434|1|142|
13|416|288|0|187|1|141|
13|413|192|0|186|1|137|
13|405|192|0|183|1|137|
13|1300|576|0|217|1|137|
13|412|288|0|186|1|137|
13|620|384|0|434|1|138|
13|419|192|0|188|1|141|
13|405|192|0|183|1|141|
13|412|192|0|186|1|137|
13|396|192|0|181|1|141|
13|413|192|0|185|1|141|
13|400|192|0|182|1|137|
13|409|192|0|185|1|141|
13|401|192|0|182|1|137|
13|404|192|0|183|1|137|
13|606|288|0|429|1|142|
13|399|192|0|349|1|117|
13|396|192|0|346|1|117|
13|395|192|0|180|1|137|
13|406|192|0|184|1|141|
13|393|192|0|179|1|137|
13|408|192|0|351|1|113|
13|418|192|0|187|1|137|
13|393|192|0|179|1|137|
13|613|288|0|431|1|142|
13|398|288|0|347|1|111|
13|627|288|0|434|1|138|
13|416|192|0|187|1|137|
13|411|288|0|185|1|137|
13|393|192|0|178|1|141|
13|395|288|0|180|1|141|
13|393|192|0|179|1|141|
13|400|288|0|181|1|137|
13|605|288|0|429|1|138|
13|1045|480|0|470|1|142|
13|606|288|0|432|1|138|
13|607|288|0|430|1|138|
13|615|288|0|432|1|142|
13|608|288|0|429|1|138|
13|410|288|0|185|1|137|
13|396|192|0|180|1|139|
13|416|192|0|187|1|141|
13|405|192|0|182|1|141|
13|415|192|0|187|1|141|
13|403|192|0|183|1|137|
13|415|288|0|187|1|141|
13|403|192|0|183|1|137|
13|398|192|0|181|1|137|
13|393|192|0|179|1|141|
13|417|192|0|186|1|137|
13|416|192|0|186|1|137|
13|411|192|0|185|1|141|
13|412|192|0|185|1|137|
13|405|192|0|183|1|137|
13|396|192|0|180|1|137|
13|389|288|0|178|1|141|
13|388|192|0|177|1|137|
13|384|192|0|176|1|141|
13|401|192|0|182|1|137|
13|415|288|0|354|1|121|
13|398|288|0|181|1|141|
13|408|192|0|185|1|141|
13|396|192|0|180|1|141|
13|412|192|0|185|1|137|
13|416|192|0|187|1|141|
13|616|288|0|432|1|138|
13|416|192|0|353|1|115|
13|412|192|0|185|1|141|
13|415|192|0|186|1|141|
13|393|192|0|180|1|141|
13|414|192|0|187|1|137|
13|401|192|0|182|1|141|
13|417|288|0|187|1|141|
13|406|192|0|183|1|137|
13|411|192|0|185|1|141|
13|400|192|0|182|1|137|
13|616|288|0|431|1|138|
13|398|288|0|181|1|141|
13|401|192|0|182|1|141|
13|417|192|0|188|1|141|
13|401|192|0|182|1|141|
13|396|192|0|180|1|141|
13|395|192|0|180|1|141|
13|400|192|0|182|1|137|
13|396|288|0|181|1|137|
13|402|192|0|183|1|137|
13|390|192|0|179|1|137|
13|414|192|0|186|1|137|
13|388|192|0|178|1|137|
13|394|192|0|180|1|141|
13|394|192|0|180|1|139|
13|392|192|0|179|1|141|
13|400|192|0|182|1|137|
13|411|192|0|185|1|141|
13|394|192|0|180|1|141|
13|412|192|0|186|1|141|
13|400|192|0|182|1|139|
13|377|96|0|174|1|141|
13|402|192|0|183|1|141|
13|398|192|0|181|1|141|
13|405|192|0|183|1|137|
13|395|288|0|180|1|141|
13|404|192|0|183|1|137|
13|396|192|0|180|1|141|
13|396|192|0|179|1|141|
13|401|192|0|182|1|137|
13|416|192|0|187|1|141|
13|403|192|0|183|1|137|
13|555|288|0|221|1|141|
13|398|192|0|181|1|137|
13|398|192|0|181|1|137|
13|407|192|0|184|1|137|
13|392|192|0|179|1|141|
13|410|192|0|185|1|141|
13|394|192|0|179|1|137|
13|407|288|0|184|1|137|
13|403|192|0|182|1|141|
13|417|192|0|187|1|141|
13|400|192|0|181|1|141|
13|395|192|0|180|1|137|
13|357|192|0|166|1|137|
13|396|192|0|180|1|141|
13|393|192|0|180|1|137|
13|386|288|0|177|1|137|
13|401|192|0|182|1|137|
13|2003|1056|0|389|1|68|
13|906|480|0|470|1|142|
13|609|288|0|429|1|142|
13|396|192|0|180|1|137|
13|400|192|0|181|1|137|
13|412|192|0|185|1|141|
13|401|192|0|182|1|137|
13|400|192|0|181|1|141|
13|404|192|0|183|1|141|
13|408|192|0|184|1|137|
13|404|192|0|183|1|141|
13|408|192|0|185|1|137|
13|401|288|0|182|1|137|
13|405|192|0|351|1|117|
13|409|192|0|184|1|141|
13|403|192|0|183|1|141|
13|400|288|0|182|1|137|
13|405|192|0|183|1|137|
13|615|384|0|432|1|138|
13|626|288|0|436|1|142|
13|400|192|0|182|1|137|
13|413|192|0|186|1|137|
13|405|192|0|183|1|137|
13|397|192|0|181|1|137|
13|600|288|0|428|1|142|
13|625|288|0|435|1|138|
13|410|192|0|355|1|115|
13|416|192|0|354|1|121|
13|409|192|0|185|1|141|
13|403|192|0|183|1|141|
13|406|192|0|183|1|141|
13|404|192|0|183|1|141|
13|404|192|0|183|1|137|
13|401|192|0|182|1|141|
13|408|192|0|184|1|141|
13|390|192|0|179|1|141|
13|397|192|0|178|1|141|
13|391|192|0|179|1|137|
13|394|192|0|180|1|141|
13|612|288|0|431|1|142|
13|395|192|0|180|1|141|
13|410|192|0|185|1|141|
13|391|192|0|179|1|137|
13|411|192|0|185|1|137|
13|1701|864|0|461|1|165|
13|410|192|0|185|1|137|
13|414|192|0|186|1|137|
13|838|384|0|217|1|137|
13|415|192|0|187|1|137|
13|404|192|0|349|1|117|
13|2020|1056|0|217|1|137|
13|414|192|0|186|1|141|
13|404|192|0|183|1|141|
13|417|192|0|188|1|141|
13|413|192|0|186|1|137|
13|399|192|0|182|1|141|
13|391|288|0|178|1|137|
13|413|192|0|186|1|137|
13|412|192|0|185|1|137|
13|412|192|0|185|1|137|
13|398|192|0|181|1|141|
13|400|192|0|182|1|137|
13|406|192|0|184|1|137|
13|401|192|0|182|1|141|
13|388|192|0|178|1|141|
13|402|192|0|181|1|137|
13|396|192|0|180|1|139|
13|402|288|0|182|1|141|
13|409|192|0|184|1|137|
13|391|288|0|177|1|141|
13|417|192|0|353|1|119|
13|1919|960|0|221|1|141|
13|397|192|0|181|1|141|
13|418|192|0|188|1|137|
13|610|288|0|430|1|138|
13|417|192|0|355|1|121|
13|399|288|0|181|1|141|
13|398|192|0|181|1|141|
13|396|288|0|181|1|141|
13|395|192|0|180|1|141|
13|410|192|0|185|1|137|
13|617|384|0|432|1|138|
13|390|288|0|179|1|137|
13|410|192|0|185|1|137|
13|394|192|0|180|1|141|
13|392|192|0|179|1|137|
13|401|192|0|182|1|137|
13|1354|672|0|221|1|141|
13|405|192|0|183|1|139|
13|613|288|0|432|1|142|
13|404|192|0|183|1|141|
13|403|192|0|183|1|141|
13|398|192|0|181|1|137|
13|409|192|0|185|1|137|
13|367|192|0|337|1|103|
13|576|288|0|419|1|142|
13|417|192|0|187|1|141|
13|401|192|0|182|1|137|
13|417|192|0|187|1|137|
13|402|192|0|182|1|137|
13|419|192|0|188|1|137|
13|399|288|0|181|1|141|
13|1056|480|0|221|1|141|
13|391|192|0|179|1|137|
13|405|192|0|183|1|141|
13|754|384|0|221|1|141|
13|394|192|0|180|1|137|
13|623|384|0|435|1|142|
13|394|192|0|180|1|137|
13|397|192|0|181|1|141|
13|396|192|0|180|1|141|
13|1209|576|0|221|1|141|
13|401|288|0|182|1|141|
13|393|192|0|179|1|141|
13|401|192|0|182|1|141|
13|398|192|0|181|1|137|
13|417|192|0|355|1|125|
13|625|288|0|435|1|142|
13|628|288|0|435|1|138|
13|414|192|0|354|1|121|
13|402|288|0|347|1|113|
13|395|192|0|180|1|137|
13|412|192|0|186|1|137|
13|406|192|0|184|1|137|
13|414|192|0|186|1|141|
13|388|192|0|176|1|137|
13|393|288|0|179|1|137|
13|605|288|0|429|1|138|
13|404|192|0|181|1|137|
13|436|192|0|217|1|83|
13|409|192|0|184|1|141|
13|1632|864|0|221|1|141|
13|379|192|0|175|1|141|
13|393|192|0|179|1|141|
13|396|192|0|180|1|141|
13|401|192|0|181|1|141|
13|411|288|0|185|1|137|
13|390|192|0|179|1|141|
13|1835|960|0|217|1|137|
13|408|192|0|184|1|137|
13|401|288|0|182|1|137|
13|413|192|0|353|1|117|
13|396|192|0|348|1|117|
13|397|192|0|181|1|141|
13|407|192|0|184|1|137|
13|403|192|0|183|1|137|
13|411|192|0|185|1|141|
13|612|384|0|432|1|138|
13|417|192|0|187|1|141|
13|614|288|0|431|1|142|
13|406|192|0|184|1|141|
13|396|192|0|179|1|141|
13|410|192|0|185|1|137|
13|406|192|0|184|1|137|
13|1339|672|0|217|1|137|
13|405|192|0|183|1|137|
13|396|192|0|347|1|109|
13|392|192|0|179|1|137|
13|394|288|0|177|1|137|
13|415|288|0|187|1|137|
13|394|192|0|180|1|137|
13|396|192|0|180|1|137|
13|397|192|0|181|1|141|
13|408|192|0|184|1|137|
13|399|192|0|181|1|137|
13|403|192|0|349|1|117|
13|400|192|0|182|1|137|
13|405|192|0|183|1|137|
13|417|192|0|187|1|141|
13|410|192|0|185|1|137|
13|411|192|0|185|1|137|
13|397|192|0|181|1|141|
13|410|192|0|185|1|137|
13|394|288|0|180|1|141|
13|409|288|0|185|1|141|
13|396|192|0|180|1|137|
13|395|192|0|180|1|137|
13|416|288|0|187|1|141|
13|416|192|0|187|1|141|
13|411|192|0|186|1|137|
13|415|288|0|187|1|137|
13|587|288|0|217|1|137|
13|402|192|0|182|1|137|
13|413|288|0|186|1|141|
13|1853|960|0|221|1|141|
13|611|384|0|430|1|138|
13|627|288|0|437|1|138|
13|399|192|0|348|1|113|
13|413|192|0|186|1|141|
13|406|192|0|184|1|137|
13|396|192|0|180|1|141|
13|394|192|0|180|1|137|
13|400|192|0|182|1|137|
13|410|192|0|185|1|137|
13|405|192|0|349|1|117|
13|422|192|0|354|1|125|
13|404|192|0|183|1|141|
13|396|192|0|181|1|141|
13|1080|576|0|217|1|137|
13|380|288|0|175|1|137|
13|3323|1824|0|743|1|155|
13|1951|1056|0|217|1|137|
13|389|192|0|177|1|137|
13|399|288|0|179|1|137|
13|411|192|0|185|1|137|
13|393|192|0|180|1|137|
13|400|192|0|182|1|141|
13|393|192|0|179|1|141|
13|394|192|0|180|1|141|
13|408|288|0|184|1|141|
13|400|192|0|181|1|141|
13|399|192|0|181|1|141|
13|394|192|0|180|1|137|
13|396|192|0|180|1|137|
13|401|192|0|182|1|141|
13|397|192|0|180|1|137|
13|417|192|0|187|1|141|
13|402|192|0|182|1|141|
13|409|192|0|183|1|141|
13|397|192|0|181|1|137|
13|409|192|0|185|1|137|
13|393|192|0|179|1|141|
13|411|192|0|186|1|141|
13|404|192|0|183|1|141|
13|413|288|0|185|1|137|
13|399|192|0|181|1|137|
13|409|192|0|185|1|137|
13|400|192|0|182|1|137|
13|407|288|0|183|1|137|
13|392|192|0|179|1|141|
13|410|192|0|185|1|137|
13|399|192|0|182|1|141|
13|411|192|0|185|1|137|
13|410|192|0|185|1|137|
13|402|192|0|182|1|141|
13|404|192|0|183|1|141|
13|404|192|0|183|1|137|
13|408|288|0|185|1|137|
13|400|192|0|182|1|141|
13|411|192|0|184|1|141|
13|398|192|0|181|1|137|
13|406|288|0|182|1|141|
13|397|192|0|181|1|141|
13|406|192|0|184|1|137|
13|413|192|0|186|1|137|
13|402|192|0|182|1|141|
13|407|192|0|183|1|137|
13|393|192|0|179|1|141|
13|400|192|0|182|1|137|
13|409|192|0|185|1|141|
13|413|288|0|186|1|137|
13|417|192|0|187|1|137|
13|401|288|0|182|1|141|
13|401|192|0|182|1|137|
13|397|288|0|181|1|141|
13|403|192|0|182|1|141|
13|410|192|0|184|1|141|
13|400|192|0|181|1|141|
13|403|192|0|182|1|141|
13|401|192|0|182|1|137|
13|402|192|0|182|1|139|
13|414|192|0|187|1|137|
13|394|192|0|180|1|141|
13|403|192|0|183|1|137|
13|379|192|0|174|1|137|
13|406|192|0|184|1|141|
13|393|192|0|179|1|137|
13|623|384|0|433|1|138|
13|405|192|0|183|1|137|
13|1964|1152|0|217|1|137|
13|398|192|0|346|1|117|
13|414|192|0|354|1|121|
13|403|192|0|183|1|137|
13|392|192|0|179|1|137|
13|402|288|0|182|1|141|
13|392|192|0|179|1|141|
13|415|192|0|187|1|141|
13|627|288|0|436|1|142|
13|394|192|0|180|1|137|
13|399|192|0|180|1|141|
13|393|192|0|179|1|141|
13|400|192|0|182|1|137|
13|603|288|0|427|1|142|
13|612|288|0|434|1|138|
13|392|192|0|179|1|141|
13|615|288|0|432|1|142|
13|413|192|0|353|1|121|
13|403|192|0|183|1|137|
13|391|192|0|346|1|109|
13|406|192|0|183|1|141|
13|390|192|0|178|1|137|
13|410|288|0|185|1|137|
13|416|192|0|354|1|121|
13|394|192|0|347|1|117|
13|393|192|0|180|1|137|
13|414|192|0|352|1|121|
13|1538|864|0|221|1|141|
13|403|192|0|183|1|141|
13|396|192|0|181|1|137|
13|400|192|0|182|1|137|
13|605|384|0|429|1|142|
13|616|288|0|433|1|138|
13|419|192|0|188|1|137|
13|404|192|0|183|1|141|
13|417|192|0|354|1|121|
13|397|192|0|181|1|141|
13|399|192|0|181|1|137|
13|403|192|0|182|1|137|
13|398|192|0|181|1|141|
13|416|192|0|187|1|141|
13|399|288|0|181|1|137|
13|418|192|0|188|1|141|
13|623|288|0|435|1|142|
13|388|288|0|177|1|141|
13|412|192|0|186|1|139|
13|416|192|0|187|1|137|
13|394|192|0|179|1|137|
13|628|288|0|435|1|142|
13|400|192|0|181|1|137|
13|412|192|0|185|1|141|
13|416|192|0|186|1|141|
13|411|192|0|185|1|137|
13|413|192|0|186|1|141|
13|1457|864|0|466|1|138|
13|406|192|0|349|1|115|
13|1382|672|0|217|1|137|
13|408|192|0|184|1|141|
13|398|192|0|181|1|137|
13|397|192|0|181|1|141|
13|406|192|0|183|1|141|
13|396|192|0|346|1|111|
13|404|288|0|182|1|137|
13|398|192|0|181|1|137|
13|411|192|0|186|1|137|
13|399|192|0|181|1|141|
13|625|288|0|435|1|142|
13|391|192|0|346|1|109|
13|613|288|0|432|1|138|
13|565|288|0|416|1|142|
13|412|288|0|186|1|141|
13|613|288|0|429|1|140|
13|408|192|0|184|1|139|
13|404|288|0|183|1|141|
13|407|192|0|184|1|137|
13|400|192|0|182|1|141|
13|412|192|0|186|1|137|
13|627|288|0|438|1|138|
13|405|192|0|182|1|141|
13|402|192|0|183|1|141|
13|408|192|0|185|1|137|
13|418|192|0|188|1|141|
13|396|192|0|181|1|137|
13|409|192|0|185|1|137|
13|406|192|0|184|1|137|
13|410|192|0|185|1|137|
13|412|192|0|186|1|137|
13|403|192|0|183|1|137|
13|607|288|0|430|1|142|
13|391|192|0|346|1|113|
13|403|192|0|183|1|141|
13|403|192|0|183|1|137|
13|394|192|0|180|1|137|
13|401|192|0|182|1|137|
13|412|288|0|186|1|141|
13|401|192|0|349|1|117|
13|398|288|0|181|1|141|
13|411|192|0|186|1|141|
13|379|288|0|175|1|141|
13|408|288|0|184|1|141|
13|396|192|0|180|1|137|
13|412|192|0|186|1|141|
13|397|192|0|181|1|137|
13|618|288|0|432|1|142|
13|414|192|0|186|1|137|
13|410|192|0|185|1|141|
13|404|192|0|183|1|137|
13|404|192|0|183|1|141|
13|406|192|0|184|1|141|
13|409|288|0|185|1|137|
13|399|192|0|181|1|137|
13|2007|1056|0|460|1|169|
13|400|192|0|181|1|141|
13|419|288|0|357|1|125|
13|403|192|0|183|1|137|
13|411|192|0|185|1|141|
13|1851|864|0|217|1|137|
13|417|192|0|187|1|137|
13|418|192|0|354|1|125|
13|399|192|0|349|1|117|
13|409|288|0|352|1|117|
13|634|288|0|437|1|138|
13|401|192|0|349|1|117|
13|625|288|0|436|1|138|
13|610|288|0|431|1|142|
13|413|192|0|353|1|121|
13|394|192|0|180|1|141|
13|405|192|0|184|1|141|
13|398|192|0|181|1|137|
13|404|288|0|183|1|141|
13|399|192|0|181|1|137|
13|603|288|0|428|1|138|
13|408|192|0|184|1|141|
13|413|192|0|186|1|137|
13|414|192|0|185|1|141|
13|624|288|0|437|1|142|
13|403|192|0|348|1|117|
13|418|192|0|188|1|141|
13|404|288|0|182|1|141|
13|623|288|0|436|1|142|
13|402|192|0|182|1|137|
13|412|192|0|185|1|141|
13|401|192|0|181|1|141|
13|629|288|0|434|1|142|
13|406|192|0|184|1|141|
13|427|192|0|418|1|43|
13|409|192|0|184|1|141|
13|402|192|0|182|1|137|
13|370|192|0|172|1|141|
13|360|192|0|168|1|137|
13|599|288|0|424|1|138|
13|396|192|0|179|1|141|
13|409|192|0|184|1|137|
13|398|192|0|181|1|141|
13|408|192|0|183|1|141|
13|405|288|0|182|1|137|
13|398|192|0|347|1|117|
13|624|288|0|436|1|138|
13|400|288|0|349|1|117|
13|398|192|0|180|1|141|
13|395|192|0|179|1|141|
13|405|192|0|183|1|141|
13|396|192|0|180|1|141|
13|405|192|0|350|1|117|
13|401|192|0|349|1|117|
13|409|288|0|184|1|141|
13|392|192|0|179|1|141|
13|416|192|0|187|1|137|
13|399|288|0|180|1|137|
13|393|192|0|180|1|141|
13|394|192|0|180|1|137|
13|395|192|0|179|1|141|
13|621|288|0|433|1|138|
13|414|192|0|186|1|141|
13|400|192|0|181|1|141|
13|402|192|0|183|1|137|
13|1699|768|0|469|1|142|
13|393|192|0|178|1|141|
13|403|192|0|182|1|137|
13|404|192|0|183|1|137|
13|397|192|0|180|1|141|
13|405|192|0|183|1|141|
13|408|192|0|184|1|137|
13|1080|576|0|219|1|139|
13|411|192|0|184|1|141|
13|416|192|0|186|1|141|
13|619|384|0|435|1|142|
13|406|192|0|183|1|137|
13|418|288|0|188|1|137|
13|413|192|0|186|1|137|
13|399|192|0|181|1|141|
13|1889|960|0|460|1|169|
13|419|192|0|187|1|141|
13|835|384|0|221|1|141|
13|403|192|0|183|1|141|
13|1705|960|0|221|1|141|
13|614|288|0|431|1|138|
13|405|288|0|183|1|141|
13|395|192|0|179|1|137|
13|395|192|0|180|1|137|
13|389|288|0|178|1|137|
13|395|192|0|180|1|141|
13|403|192|0|183|1|137|
13|410|288|0|185|1|141|
13|421|192|0|189|1|141|
13|623|288|0|433|1|142|
13|399|192|0|182|1|137|
13|409|192|0|185|1|137|
13|410|192|0|185|1|141|
13|415|288|0|186|1|137|
13|397|192|0|181|1|137|
13|419|192|0|187|1|137|
13|409|288|0|184|1|137|
13|617|384|0|432|1|138|
13|396|192|0|347|1|111|
13|402|192|0|349|1|111|
13|405|192|0|182|1|141|
13|399|192|0|181|1|137|
13|409|288|0|184|1|137|
13|617|288|0|432|1|138|
13|681|384|0|724|1|65|
13|403|192|0|182|1|141|
13|405|288|0|183|1|141|
13|396|192|0|181|1|137|
13|399|192|0|181|1|141|
13|404|288|0|183|1|137|
13|393|192|0|179|1|137|
13|410|288|0|185|1|137|
13|400|192|0|181|1|141|
13|394|192|0|179|1|141|
13|399|192|0|181|1|137|
13|399|192|0|181|1|137|
13|417|192|0|187|1|141|
13|400|192|0|181|1|141|
13|403|192|0|182|1|137|
13|406|192|0|183|1|137|
13|402|192|0|182|1|141|
13|393|96|0|179|1|137|
13|404|288|0|183|1|137|
13|403|192|0|182|1|137|
13|1310|672|0|217|1|137|
13|401|192|0|182|1|137|
13|411|192|0|185|1|141|
13|399|192|0|181|1|141|
13|413|192|0|186|1|137|
13|418|192|0|187|1|137|
13|415|288|0|186|1|137|
13|397|192|0|180|1|141|
13|412|192|0|185|1|141|
13|409|192|0|185|1|137|
13|413|288|0|186|1|141|
13|406|192|0|183|1|137|
13|404|192|0|183|1|137|
13|403|192|0|182|1|137|
13|394|192|0|180|1|137|
13|397|192|0|180|1|137|
13|393|192|0|179|1|141|
13|413|288|0|186|1|137|
13|643|288|0|221|1|141|
13|397|192|0|180|1|141|
13|402|192|0|182|1|141|
13|398|192|0|181|1|141|
13|418|192|0|187|1|137|
13|398|192|0|181|1|141|
13|411|192|0|185|1|137|
13|398|288|0|180|1|137|
13|412|192|0|185|1|139|
13|399|192|0|181|1|137|
13|399|192|0|181|1|139|
13|393|192|0|179|1|137|
13|417|288|0|187|1|139|
13|392|192|0|179|1|141|
13|407|192|0|184|1|137|
13|391|192|0|178|1|139|
13|400|288|0|181|1|137|
13|411|192|0|185|1|139|
13|1470|768|0|219|1|139|
13|411|192|0|185|1|139|
13|402|192|0|182|1|137|
13|1774|960|0|221|1|141|
13|392|192|0|179|1|141|
13|404|192|0|183|1|137|
13|1223|672|0|219|1|139|
13|403|192|0|182|1|141|
13|581|288|0|217|1|137|
13|406|288|0|183|1|141|
13|411|288|0|185|1|141|
13|391|192|0|177|1|141|
13|395|192|0|179|1|141|
13|840|384|0|215|1|137|
13|406|192|0|184|1|137|
13|399|192|0|181|1|141|
13|396|192|0|180|1|141|
13|408|192|0|184|1|141|
13|398|192|0|181|1|137|
13|406|192|0|184|1|137|
13|401|288|0|182|1|137|
13|955|480|0|221|1|141|
13|395|192|0|178|1|141|
13|399|192|0|181|1|137|
13|399|192|0|181|1|141|
13|397|288|0|181|1|141|
13|401|192|0|182|1|141|
13|417|192|0|186|1|137|
13|386|192|0|177|1|141|
13|393|192|0|179|1|137|
13|390|192|0|178|1|141|
13|395|192|0|180|1|141|
13|400|192|0|182|1|141|
13|389|192|0|178|1|141|
13|396|192|0|180|1|137|
13|402|288|0|182|1|141|
13|393|192|0|179|1|141|
13|405|288|0|183|1|137|
13|395|192|0|180|1|137|
13|388|192|0|177|1|137|
13|396|192|0|180|1|141|
13|385|192|0|177|1|137|
13|394|192|0|180|1|137|
13|409|192|0|184|1|141|
13|413|192|0|186|1|141|
13|410|192|0|185|1|137|
13|407|192|0|184|1|141|
13|404|192|0|183|1|137|
13|410|192|0|185|1|137|
13|415|192|0|187|1|141|
13|399|192|0|182|1|137|
13|413|192|0|186|1|139|
13|397|192|0|181|1|141|
13|398|192|0|180|1|139|
13|392|288|0|179|1|141|
13|403|192|0|183|1|139|
13|418|192|0|188|1|137|
13|393|192|0|179|1|137|
13|405|192|0|183|1|139|
13|394|192|0|180|1|137|
13|1774|960|0|219|1|139|
13|405|192|0|183|1|141|
13|413|192|0|186|1|137|
13|396|192|0|180|1|137|
13|391|192|0|179|1|137|
13|394|192|0|180|1|137|
13|401|192|0|182|1|137|
13|394|192|0|180|1|141|
13|408|192|0|184|1|137|
13|404|288|0|183|1|137|
13|405|192|0|184|1|141|
13|412|192|0|186|1|141|
13|408|192|0|185|1|141|
13|401|288|0|182|1|141|
13|393|192|0|177|1|137|
13|414|192|0|186|1|141|
13|396|192|0|180|1|141|
13|397|192|0|181|1|141|
13|410|192|0|185|1|141|
13|412|192|0|186|1|141|
13|403|192|0|182|1|139|
13|407|192|0|184|1|137|
13|403|288|0|183|1|137|
13|394|192|0|180|1|141|
13|403|288|0|183|1|141|
13|404|192|0|183|1|141|
13|402|192|0|183|1|141|
13|417|192|0|187|1|141|
13|408|192|0|185|1|141|
13|396|192|0|180|1|137|
13|415|192|0|187|1|137|
13|410|192|0|185|1|137|
13|411|288|0|185|1|141|
13|386|192|0|177|1|141|
13|401|192|0|182|1|141|
13|404|192|0|183|1|141|
13|398|192|0|181|1|137|
13|397|192|0|180|1|137|
13|411|192|0|185|1|141|
13|409|192|0|184|1|137|
13|408|288|0|185|1|141|
13|408|288|0|185|1|141|
