INSTRUCTIONS_RETIRED|CYCLES|UNKNOWN|LD_BLOCKS.STORE_FORWARD|UOPS_EXECUTED.CORE|BR_MISP_RETIRED.ALL_BRANCHES|UOPS_ISSUED.SLOW_LEA|
13|379|192|0|175|1|141|
13|396|192|0|180|1|141|
13|385|192|0|177|1|141|
13|394|192|0|179|1|137|
13|386|192|0|177|1|141|
13|396|192|0|180|1|141|
13|399|288|0|181|1|137|
13|399|192|0|181|1|141|
13|401|192|0|182|1|141|
13|398|192|0|181|1|137|
13|400|192|0|181|1|141|
13|410|192|0|184|1|141|
13|408|192|0|184|1|141|
13|398|288|0|180|1|141|
13|401|192|0|182|1|141|
13|412|192|0|185|1|141|
13|398|288|0|181|1|141|
13|386|192|0|177|1|137|
13|397|192|0|180|1|137|
13|401|192|0|182|1|137|
13|392|192|0|179|1|141|
13|392|288|0|178|1|137|
13|408|192|0|184|1|137|
13|412|288|0|185|1|137|
13|402|192|0|182|1|141|
13|403|192|0|182|1|141|
13|403|192|0|182|1|137|
13|397|192|0|180|1|141|
13|396|192|0|179|1|137|
13|394|192|0|179|1|137|
13|399|192|0|181|1|137|
13|386|192|0|177|1|141|
13|388|192|0|177|1|137|
13|394|192|0|179|1|137|
13|387|192|0|177|1|137|
13|399|192|0|181|1|137|
13|386|192|0|177|1|137|
13|402|288|0|182|1|137|
13|399|192|0|181|1|137|
13|393|192|0|179|1|141|
13|404|192|0|183|1|137|
13|399|192|0|181|1|137|
13|390|192|0|178|1|141|
13|399|192|0|181|1|137|
13|409|288|0|184|1|141|
13|391|192|0|179|1|141|
13|396|288|0|180|1|137|
13|394|288|0|180|1|137|
13|387|192|0|177|1|141|
13|397|192|0|180|1|137|
13|406|192|0|183|1|141|
13|407|192|0|184|1|141|
13|390|192|0|178|1|141|
13|388|192|0|178|1|141|
13|389|192|0|178|1|137|
13|387|192|0|177|1|141|
13|407|192|0|184|1|137|
13|386|192|0|177|1|141|
13|409|192|0|185|1|141|
13|391|192|0|179|1|141|
13|407|192|0|184|1|137|
13|390|192|0|178|1|137|
13|399|192|0|181|1|137|
13|391|192|0|178|1|137|
13|1498|768|0|217|1|137|
13|400|288|0|181|1|141|
13|359|192|0|168|1|137|
13|395|192|0|179|1|137|
13|403|192|0|182|1|141|
13|397|192|0|180|1|141|
13|405|192|0|183|1|137|
13|413|192|0|185|1|137|
13|1621|864|0|221|1|141|
13|410|192|0|184|1|139|
13|408|192|0|184|1|137|
13|405|192|0|183|1|137|
13|411|192|0|185|1|141|
13|404|192|0|182|1|141|
13|392|192|0|178|1|137|
13|411|192|0|185|1|137|
13|408|192|0|184|1|141|
13|393|192|0|179|1|137|
13|401|192|0|181|1|141|
13|381|192|0|175|1|141|
13|408|192|0|184|1|141|
13|408|192|0|184|1|139|
13|386|192|0|177|1|137|
13|410|192|0|185|1|141|
13|384|192|0|176|1|137|
13|390|192|0|178|1|137|
13|413|96|0|186|1|137|
13|390|192|0|178|1|137|
13|404|192|0|183|1|137|
13|405|192|0|183|1|141|
13|403|192|0|183|1|141|
13|394|288|0|179|1|137|
13|388|192|0|177|1|137|
13|394|192|0|179|1|137|
13|390|192|0|178|1|141|
13|398|192|0|180|1|141|
13|408|192|0|184|1|141|
13|391|192|0|178|1|141|
13|407|192|0|184|1|141|
13|904|480|0|221|1|141|
13|407|192|0|184|1|141|
13|394|192|0|179|1|137|
13|394|192|0|179|1|137|
13|1594|768|0|221|1|141|
13|391|192|0|178|1|137|
13|404|192|0|183|1|141|
13|393|192|0|179|1|137|
13|398|192|0|181|1|137|
13|400|192|0|451|1|43|
13|389|192|0|178|1|137|
13|390|192|0|178|1|141|
13|387|192|0|177|1|137|
13|409|192|0|185|1|141|
13|399|192|0|181|1|137|
13|388|192|0|178|1|137|
13|391|192|0|178|1|137|
13|386|192|0|177|1|141|
13|394|192|0|179|1|141|
13|408|192|0|184|1|137|
13|401|192|0|182|1|137|
13|411|192|0|185|1|141|
13|388|288|0|177|1|137|
13|405|192|0|183|1|141|
13|401|192|0|182|1|141|
13|403|192|0|182|1|141|
13|403|288|0|182|1|141|
13|409|192|0|184|1|137|
13|401|192|0|182|1|141|
13|393|192|0|179|1|141|
13|402|192|0|182|1|139|
13|363|192|0|169|1|141|
13|410|288|0|184|1|137|
13|403|288|0|182|1|137|
13|390|96|0|178|1|141|
13|411|192|0|185|1|137|
13|392|192|0|179|1|137|
13|408|288|0|184|1|141|
13|388|192|0|177|1|139|
13|394|192|0|179|1|141|
13|410|192|0|185|1|137|
13|390|192|0|178|1|137|
13|395|192|0|180|1|137|
13|411|288|0|185|1|139|
13|388|192|0|177|1|141|
13|411|192|0|185|1|141|
13|392|192|0|179|1|141|
13|397|192|0|180|1|137|
13|409|192|0|184|1|141|
13|399|192|0|181|1|141|
13|410|192|0|185|1|137|
13|400|192|0|181|1|141|
13|396|192|0|180|1|141|
13|396|192|0|180|1|137|
13|391|192|0|178|1|137|
13|394|192|0|179|1|141|
13|407|192|0|184|1|137|
13|391|192|0|178|1|137|
13|388|192|0|177|1|137|
13|402|192|0|182|1|141|
13|387|192|0|177|1|141|
13|396|192|0|180|1|141|
13|393|192|0|179|1|137|
13|410|192|0|185|1|141|
13|404|192|0|183|1|137|
13|405|192|0|183|1|137|
13|407|192|0|184|1|141|
13|394|192|0|179|1|141|
13|411|192|0|185|1|141|
13|390|288|0|178|1|137|
13|406|192|0|183|1|137|
13|405|288|0|183|1|137|
13|389|192|0|178|1|141|
13|391|192|0|178|1|137|
13|389|192|0|178|1|141|
13|391|192|0|178|1|137|
13|397|192|0|180|1|137|
13|399|192|0|181|1|137|
13|390|192|0|178|1|137|
13|405|192|0|183|1|141|
13|387|192|0|177|1|141|
13|397|192|0|181|1|137|
13|400|192|0|181|1|141|
13|387|192|0|177|1|137|
13|402|192|0|182|1|141|
13|395|192|0|180|1|137|
13|402|192|0|182|1|137|
13|1530|768|0|217|1|137|
13|394|192|0|179|1|141|
13|410|192|0|185|1|141|
13|395|192|0|180|1|141|
13|394|192|0|180|1|137|
13|394|288|0|179|1|141|
13|402|192|0|182|1|137|
13|387|192|0|177|1|137|
13|395|192|0|180|1|137|
13|386|192|0|177|1|141|
13|397|192|0|180|1|137|
13|385|192|0|176|1|141|
13|399|192|0|181|1|141|
13|409|192|0|184|1|141|
13|386|192|0|176|1|137|
13|410|192|0|185|1|137|
13|389|192|0|178|1|139|
13|399|192|0|181|1|141|
13|408|192|0|184|1|137|
13|410|288|0|185|1|141|
13|1862|960|0|221|1|141|
13|393|192|0|179|1|137|
13|390|192|0|178|1|141|
13|395|96|0|180|1|137|
13|502|192|0|216|1|141|
13|390|192|0|178|1|137|
13|400|192|0|182|1|141|
13|399|192|0|181|1|137|
13|409|192|0|184|1|141|
13|397|288|0|180|1|141|
13|404|192|0|183|1|137|
13|404|192|0|183|1|137|
13|407|192|0|184|1|137|
13|404|192|0|183|1|137|
13|398|192|0|180|1|137|
13|398|192|0|180|1|141|
13|409|288|0|184|1|141|
13|411|288|0|185|1|137|
13|398|192|0|181|1|141|
13|408|192|0|184|1|137|
13|403|192|0|182|1|137|
13|411|192|0|185|1|141|
13|401|288|0|182|1|137|
13|403|192|0|182|1|141|
13|407|192|0|183|1|137|
13|389|288|0|178|1|137|
13|390|288|0|178|1|141|
13|394|192|0|179|1|141|
13|390|192|0|178|1|141|
13|399|192|0|181|1|137|
13|392|192|0|178|1|137|
13|399|192|0|181|1|141|
13|403|288|0|182|1|141|
13|406|192|0|184|1|141|
13|393|192|0|179|1|141|
13|410|288|0|184|1|137|
13|406|192|0|183|1|141|
13|403|192|0|183|1|137|
13|395|192|0|180|1|137|
13|404|192|0|182|1|137|
13|397|192|0|180|1|141|
13|402|288|0|182|1|137|
13|400|288|0|181|1|141|
13|399|192|0|181|1|137|
13|408|192|0|184|1|137|
13|400|192|0|181|1|141|
13|406|192|0|183|1|141|
13|397|192|0|180|1|137|
13|405|192|0|183|1|137|
13|394|192|0|179|1|137|
13|402|192|0|182|1|137|
13|395|192|0|180|1|137|
13|412|192|0|185|1|141|
13|411|192|0|185|1|141|
13|401|192|0|181|1|137|
13|408|288|0|184|1|141|
13|403|192|0|182|1|137|
13|394|192|0|179|1|137|
13|406|192|0|184|1|141|
13|409|192|0|185|1|137|
13|403|288|0|182|1|137|
13|411|288|0|185|1|141|
13|394|192|0|179|1|141|
13|391|192|0|179|1|137|
13|390|192|0|176|1|141|
13|399|192|0|181|1|141|
13|394|192|0|179|1|141|
13|388|192|0|177|1|137|
13|383|192|0|176|1|141|
13|396|192|0|180|1|141|
13|385|192|0|176|1|141|
13|410|192|0|184|1|137|
13|404|192|0|182|1|141|
13|406|192|0|183|1|137|
13|397|288|0|180|1|137|
13|410|192|0|184|1|137|
13|406|192|0|183|1|141|
13|405|192|0|181|1|137|
13|407|192|0|183|1|141|
13|406|192|0|183|1|137|
13|403|192|0|182|1|141|
13|409|192|0|184|1|137|
13|395|192|0|179|1|137|
13|404|288|0|182|1|141|
13|397|192|0|180|1|137|
13|406|192|0|183|1|139|
13|414|192|0|186|1|139|
13|392|192|0|178|1|137|
13|390|192|0|178|1|137|
13|396|192|0|180|1|141|
13|405|192|0|183|1|137|
13|395|192|0|179|1|141|
13|395|192|0|179|1|141|
13|399|192|0|181|1|141|
13|388|192|0|177|1|141|
13|406|192|0|183|1|139|
13|404|288|0|182|1|141|
13|408|192|0|184|1|139|
13|395|192|0|179|1|141|
13|394|192|0|179|1|137|
13|393|192|0|179|1|139|
13|409|288|0|184|1|141|
13|396|192|0|180|1|141|
13|410|192|0|184|1|139|
13|407|192|0|183|1|139|
13|409|192|0|184|1|137|
13|404|192|0|183|1|137|
13|409|192|0|184|1|137|
13|405|192|0|183|1|141|
13|410|192|0|185|1|141|
13|384|288|0|176|1|137|
13|391|192|0|178|1|141|
13|405|192|0|183|1|141|
13|398|192|0|180|1|141|
13|409|192|0|184|1|141|
13|413|192|0|186|1|141|
13|388|192|0|177|1|137|
13|413|192|0|185|1|137|
13|386|192|0|176|1|137|
13|391|96|0|178|1|141|
13|399|192|0|181|1|137|
13|403|192|0|182|1|137|
13|384|192|0|176|1|137|
13|405|192|0|183|1|137|
13|404|288|0|183|1|137|
13|386|192|0|177|1|137|
13|404|192|0|183|1|141|
13|391|192|0|178|1|137|
13|408|192|0|184|1|141|
13|388|192|0|177|1|137|
13|402|288|0|182|1|139|
13|411|192|0|185|1|139|
13|396|192|0|180|1|137|
13|413|192|0|185|1|137|
13|403|288|0|182|1|141|
13|399|192|0|181|1|141|
13|402|192|0|182|1|139|
13|411|288|0|185|1|137|
13|401|192|0|181|1|139|
13|512|288|0|218|1|141|
13|397|192|0|180|1|141|
13|364|192|0|169|1|141|
13|360|192|0|168|1|137|
13|400|192|0|181|1|137|
13|409|192|0|184|1|137|
13|389|192|0|178|1|141|
13|405|192|0|183|1|141|
13|383|192|0|176|1|141|
13|395|192|0|180|1|137|
13|410|288|0|185|1|141|
13|401|192|0|182|1|137|
13|395|288|0|180|1|141|
13|391|192|0|178|1|137|
13|401|192|0|181|1|137|
13|392|192|0|178|1|141|
13|408|192|0|184|1|141|
13|398|192|0|180|1|141|
13|406|192|0|183|1|141|
13|393|192|0|179|1|137|
13|393|288|0|179|1|141|
13|392|192|0|178|1|137|
13|405|192|0|183|1|141|
13|387|288|0|177|1|137|
13|408|192|0|184|1|141|
13|1592|768|0|217|1|137|
13|404|192|0|182|1|137|
13|411|192|0|185|1|141|
13|410|192|0|184|1|141|
13|401|192|0|181|1|141|
13|397|288|0|180|1|141|
13|400|192|0|181|1|137|
13|402|192|0|182|1|141|
13|405|192|0|183|1|141|
13|411|192|0|185|1|141|
13|402|192|0|182|1|137|
13|413|192|0|185|1|141|
13|408|288|0|184|1|141|
13|411|192|0|185|1|141|
13|393|192|0|179|1|137|
13|401|192|0|181|1|141|
13|404|192|0|183|1|141|
13|406|192|0|183|1|137|
13|409|192|0|184|1|141|
13|405|192|0|183|1|137|
13|408|192|0|184|1|141|
13|399|288|0|181|1|141|
13|408|192|0|184|1|137|
13|400|192|0|181|1|141|
13|397|288|0|180|1|141|
13|400|288|0|181|1|137|
13|883|480|0|221|1|141|
13|407|192|0|184|1|141|
13|398|288|0|181|1|137|
13|392|192|0|179|1|141|
13|405|288|0|183|1|141|
13|392|192|0|179|1|141|
13|398|192|0|180|1|141|
13|404|192|0|182|1|141|
13|399|192|0|181|1|137|
13|404|192|0|182|1|141|
13|408|288|0|184|1|137|
13|411|192|0|185|1|137|
13|387|192|0|177|1|137|
13|411|192|0|185|1|141|
13|400|192|0|181|1|137|
13|398|192|0|180|1|141|
13|406|192|0|183|1|137|
13|391|192|0|178|1|137|
13|399|192|0|181|1|137|
13|1953|960|0|217|1|137|
13|388|192|0|177|1|141|
13|396|192|0|180|1|137|
13|388|288|0|177|1|141|
13|401|192|0|181|1|137|
13|398|192|0|180|1|137|
13|381|288|0|175|1|137|
13|376|192|0|173|1|141|
13|1843|960|0|217|1|137|
13|404|192|0|182|1|137|
13|411|192|0|185|1|141|
13|404|192|0|183|1|137|
13|400|192|0|182|1|137|
13|405|192|0|183|1|137|
13|401|192|0|182|1|137|
13|385|192|0|177|1|137|
13|392|192|0|179|1|141|
13|401|192|0|182|1|141|
13|408|192|0|184|1|137|
13|402|192|0|182|1|137|
13|409|192|0|185|1|137|
13|409|96|0|184|1|141|
13|391|288|0|179|1|141|
13|398|192|0|181|1|137|
13|394|192|0|179|1|141|
13|406|192|0|183|1|137|
13|394|192|0|179|1|141|
13|389|192|0|176|1|141|
13|411|192|0|185|1|141|
13|394|288|0|179|1|137|
13|409|192|0|184|1|137|
13|405|192|0|183|1|137|
13|393|192|0|179|1|137|
13|392|192|0|179|1|137|
13|394|192|0|179|1|141|
13|391|192|0|178|1|137|
13|407|288|0|184|1|141|
13|390|192|0|178|1|141|
13|409|192|0|184|1|141|
13|398|192|0|181|1|141|
13|409|192|0|184|1|141|
13|397|192|0|180|1|141|
13|407|192|0|184|1|141|
13|405|192|0|183|1|137|
13|399|192|0|181|1|137|
13|391|288|0|179|1|137|
13|410|192|0|185|1|141|
13|392|192|0|179|1|137|
13|385|192|0|177|1|137|
13|398|192|0|181|1|137|
13|384|192|0|176|1|141|
13|409|192|0|184|1|137|
13|388|192|0|177|1|137|
13|666|384|0|217|1|137|
13|385|192|0|176|1|141|
13|385|192|0|176|1|141|
13|403|192|0|182|1|141|
13|399|288|0|181|1|141|
13|401|192|0|182|1|141|
13|401|192|0|182|1|137|
13|400|192|0|181|1|141|
13|400|288|0|181|1|141|
13|386|192|0|177|1|137|
13|392|288|0|179|1|141|
13|395|192|0|180|1|141|
13|407|288|0|184|1|137|
13|407|288|0|184|1|137|
13|401|192|0|182|1|141|
13|410|192|0|185|1|137|
13|391|192|0|178|1|141|
13|403|192|0|182|1|137|
13|391|192|0|178|1|137|
13|389|192|0|178|1|141|
13|398|192|0|181|1|137|
13|405|192|0|183|1|137|
13|394|192|0|179|1|137|
13|396|192|0|180|1|141|
13|394|192|0|179|1|137|
13|392|288|0|179|1|141|
13|892|480|0|221|1|141|
13|391|192|0|178|1|137|
13|409|192|0|184|1|141|
13|394|192|0|179|1|137|
13|346|192|0|83|0|1|
13|387|192|0|177|1|141|
13|388|192|0|177|1|137|
13|396|192|0|180|1|137|
13|410|288|0|185|1|137|
13|400|192|0|182|1|141|
13|408|288|0|184|1|141|
13|398|192|0|181|1|141|
13|395|192|0|180|1|141|
13|398|192|0|181|1|137|
13|400|192|0|181|1|137|
13|386|192|0|177|1|137|
13|399|192|0|181|1|137|
13|387|192|0|177|1|141|
13|398|192|0|181|1|141|
13|389|192|0|178|1|139|
13|411|192|0|185|1|137|
13|395|192|0|180|1|141|
13|386|192|0|177|1|141|
13|403|192|0|182|1|141|
13|407|192|0|184|1|141|
13|403|192|0|182|1|137|
13|394|192|0|179|1|137|
13|389|96|0|178|1|137|
13|403|192|0|182|1|139|
13|393|192|0|179|1|141|
13|1924|960|0|221|1|141|
13|395|192|0|180|1|139|
13|400|192|0|181|1|141|
13|404|288|0|183|1|137|
13|402|192|0|182|1|141|
13|410|192|0|185|1|141|
13|401|192|0|182|1|137|
13|409|192|0|184|1|141|
13|407|288|0|184|1|137|
13|398|192|0|180|1|137|
13|407|192|0|184|1|141|
13|400|192|0|181|1|137|
13|411|192|0|185|1|137|
13|400|192|0|181|1|137|
13|395|192|0|180|1|141|
13|392|192|0|179|1|141|
13|394|192|0|179|1|141|
13|406|192|0|183|1|141|
13|412|192|0|185|1|141|
13|397|192|0|180|1|141|
13|394|192|0|178|1|137|
13|388|192|0|178|1|141|
13|398|288|0|181|1|141|
13|411|192|0|185|1|141|
13|390|192|0|178|1|137|
13|405|192|0|183|1|141|
13|413|192|0|186|1|141|
13|386|192|0|175|1|141|
13|1953|1056|0|217|1|137|
13|385|192|0|176|1|141|
13|400|192|0|181|1|137|
13|403|192|0|182|1|141|
13|406|192|0|183|1|137|
13|401|192|0|181|1|137|
13|398|288|0|181|1|141|
13|1392|672|0|221|1|141|
13|391|192|0|178|1|141|
13|394|192|0|179|1|137|
13|406|192|0|184|1|141|
13|400|192|0|181|1|137|
13|355|192|0|166|1|141|
13|410|192|0|183|1|137|
13|404|192|0|183|1|141|
13|389|288|0|178|1|137|
13|391|192|0|178|1|137|
13|358|192|0|167|1|141|
13|407|288|0|184|1|141|
13|389|192|0|178|1|137|
13|398|192|0|181|1|141|
13|411|288|0|185|1|141|
13|395|192|0|178|1|137|
13|397|192|0|180|1|141|
13|390|192|0|178|1|137|
13|406|192|0|184|1|137|
13|400|192|0|181|1|141|
13|407|192|0|184|1|139|
13|407|192|0|184|1|137|
13|404|192|0|183|1|141|
13|1004|576|0|215|1|137|
13|388|192|0|177|1|141|
13|406|192|0|183|1|139|
13|382|192|0|174|1|139|
13|398|192|0|181|1|139|
13|403|192|0|182|1|139|
13|387|192|0|177|1|139|
13|391|288|0|178|1|141|
13|390|192|0|177|1|141|
13|389|192|0|178|1|141|
13|1276|672|0|217|1|137|
13|398|192|0|181|1|137|
13|390|192|0|178|1|137|
13|404|192|0|183|1|139|
13|399|192|0|181|1|141|
13|405|192|0|183|1|137|
13|392|192|0|179|1|139|
13|403|288|0|182|1|141|
13|412|192|0|185|1|141|
13|391|192|0|178|1|137|
13|391|192|0|178|1|141|
13|391|192|0|178|1|141|
13|411|192|0|185|1|137|
13|399|192|0|181|1|141|
13|410|288|0|185|1|141|
13|397|192|0|180|1|141|
13|388|192|0|177|1|141|
13|1819|864|0|221|1|141|
13|390|192|0|178|1|141|
13|395|96|0|180|1|137|
13|395|192|0|180|1|137|
13|395|192|0|180|1|137|
13|400|192|0|181|1|141|
13|402|192|0|182|1|137|
13|394|192|0|180|1|141|
13|403|192|0|183|1|141|
13|394|192|0|179|1|137|
13|396|192|0|180|1|137|
13|394|192|0|179|1|141|
13|397|192|0|180|1|137|
13|409|288|0|184|1|137|
13|387|192|0|177|1|141|
13|409|192|0|184|1|137|
13|387|192|0|177|1|137|
13|405|192|0|183|1|141|
13|404|192|0|183|1|141|
13|409|192|0|184|1|137|
13|392|192|0|178|1|137|
13|391|192|0|178|1|137|
13|410|192|0|185|1|137|
13|394|192|0|180|1|141|
13|391|192|0|178|1|141|
13|404|192|0|183|1|137|
13|397|288|0|180|1|141|
13|400|192|0|181|1|141|
13|386|192|0|176|1|141|
13|398|192|0|180|1|137|
13|398|192|0|181|1|137|
13|400|192|0|181|1|141|
13|401|192|0|182|1|141|
13|409|192|0|184|1|137|
13|409|192|0|184|1|141|
13|393|192|0|179|1|137|
13|389|192|0|178|1|137|
13|392|192|0|179|1|141|
13|413|192|0|186|1|137|
13|398|192|0|181|1|137|
13|407|192|0|184|1|141|
13|398|192|0|181|1|141|
13|383|288|0|176|1|137|
13|1258|576|0|217|1|137|
13|397|192|0|180|1|141|
13|406|192|0|184|1|137|
13|386|192|0|177|1|141|
13|411|192|0|185|1|141|
13|394|192|0|179|1|137|
13|405|192|0|183|1|137|
13|394|192|0|179|1|137|
13|406|288|0|183|1|139|
13|399|192|0|181|1|137|
13|409|192|0|184|1|137|
13|384|192|0|176|1|139|
13|408|192|0|184|1|137|
13|407|192|0|183|1|139|
13|386|192|0|177|1|137|
13|389|192|0|177|1|141|
13|393|192|0|179|1|141|
13|388|192|0|177|1|141|
13|399|192|0|181|1|141|
13|388|288|0|177|1|137|
13|399|192|0|181|1|141|
13|388|192|0|177|1|141|
13|388|192|0|177|1|137|
13|402|192|0|182|1|137|
13|392|192|0|179|1|137|
13|399|192|0|181|1|137|
13|405|192|0|183|1|141|
13|399|192|0|181|1|137|
13|401|192|0|182|1|137|
13|396|192|0|180|1|137|
13|401|192|0|181|1|141|
13|394|192|0|179|1|141|
13|399|192|0|181|1|141|
13|389|192|0|178|1|141|
13|394|192|0|178|1|141|
13|391|192|0|178|1|141|
13|408|192|0|184|1|137|
13|394|192|0|179|1|137|
13|409|288|0|184|1|137|
13|408|288|0|184|1|141|
13|414|192|0|186|1|141|
13|407|192|0|183|1|137|
13|400|192|0|181|1|137|
13|393|192|0|179|1|137|
13|387|192|0|177|1|137|
13|393|192|0|179|1|141|
13|408|192|0|184|1|137|
13|407|192|0|183|1|137|
13|408|192|0|184|1|137|
13|395|192|0|179|1|137|
13|407|192|0|183|1|141|
13|409|288|0|184|1|137|
13|393|192|0|179|1|141|
13|411|192|0|185|1|141|
13|394|192|0|179|1|141|
13|401|192|0|181|1|141|
13|395|192|0|179|1|141|
13|406|192|0|183|1|141|
13|395|192|0|179|1|137|
13|399|192|0|179|1|141|
13|398|192|0|180|1|137|
13|1037|576|0|221|1|141|
13|392|192|0|178|1|141|
13|407|192|0|184|1|137|
13|410|192|0|185|1|141|
13|1186|576|0|219|1|141|
13|406|192|0|183|1|137|
13|404|192|0|182|1|139|
13|408|192|0|184|1|141|
13|396|192|0|180|1|139|
13|410|192|0|185|1|137|
13|411|192|0|185|1|137|
13|402|192|0|182|1|137|
13|403|192|0|179|1|137|
13|396|288|0|180|1|141|
13|401|192|0|182|1|137|
13|396|192|0|180|1|137|
13|401|192|0|182|1|137|
13|402|192|0|182|1|137|
13|401|192|0|182|1|137|
13|400|192|0|182|1|137|
13|405|192|0|183|1|137|
13|1141|576|0|217|1|137|
13|392|192|0|179|1|141|
13|404|192|0|183|1|141|
13|397|192|0|180|1|137|
13|389|192|0|178|1|137|
13|401|192|0|182|1|137|
13|389|192|0|178|1|141|
13|401|288|0|182|1|137|
13|409|192|0|185|1|137|
13|395|288|0|180|1|137|
13|398|192|0|181|1|141|
13|402|288|0|182|1|137|
13|393|288|0|179|1|141|
13|400|288|0|181|1|141|
13|408|192|0|184|1|141|
13|391|192|0|178|1|137|
13|407|288|0|184|1|137|
13|415|288|0|186|1|141|
13|403|192|0|183|1|137|
13|409|192|0|184|1|141|
13|402|192|0|182|1|137|
13|407|192|0|184|1|141|
13|409|288|0|184|1|137|
13|402|192|0|182|1|137|
13|413|288|0|186|1|141|
13|401|192|0|180|1|137|
13|842|384|0|217|1|137|
13|398|192|0|181|1|137|
13|1156|672|0|221|1|141|
13|410|192|0|185|1|137|
13|386|192|0|177|1|137|
13|402|192|0|182|1|141|
13|407|192|0|184|1|137|
13|408|192|0|184|1|141|
13|406|288|0|183|1|137|
13|400|192|0|181|1|137|
13|411|192|0|185|1|137|
13|405|192|0|183|1|141|
13|399|192|0|181|1|141|
13|389|192|0|177|1|137|
13|407|192|0|184|1|141|
13|392|192|0|179|1|141|
13|1687|864|0|217|1|137|
13|395|192|0|179|1|137|
13|404|288|0|182|1|137|
13|409|288|0|184|1|141|
13|407|192|0|184|1|137|
13|407|288|0|183|1|137|
13|412|192|0|185|1|137|
13|404|192|0|182|1|141|
13|412|192|0|185|1|137|
13|409|192|0|184|1|137|
13|416|192|0|186|1|141|
13|393|288|0|179|1|137|
13|393|192|0|179|1|137|
13|391|192|0|178|1|137|
13|411|192|0|185|1|141|
13|396|192|0|180|1|141|
13|412|192|0|185|1|137|
13|400|192|0|181|1|141|
13|395|192|0|179|1|141|
13|392|192|0|178|1|137|
13|402|192|0|182|1|137|
13|387|192|0|177|1|141|
13|400|192|0|180|1|137|
13|363|192|0|169|1|139|
13|404|192|0|182|1|141|
13|394|192|0|179|1|137|
13|392|192|0|178|1|141|
13|401|192|0|182|1|137|
13|396|192|0|180|1|137|
13|401|192|0|181|1|141|
13|405|192|0|350|1|117|
13|404|192|0|347|1|117|
13|394|192|0|179|1|137|
13|404|192|0|349|1|117|
13|401|192|0|181|1|141|
13|401|192|0|182|1|137|
13|397|192|0|180|1|141|
13|402|192|0|182|1|141|
13|407|192|0|184|1|137|
13|395|192|0|180|1|137|
13|401|192|0|182|1|137|
13|409|192|0|184|1|141|
13|606|288|0|428|1|138|
13|403|192|0|182|1|141|
13|410|192|0|184|1|137|
13|411|192|0|185|1|137|
13|1020|480|0|221|1|141|
13|405|192|0|348|1|113|
13|394|192|0|179|1|141|
13|392|192|0|178|1|141|
13|405|288|0|183|1|137|
13|395|192|0|179|1|141|
13|614|288|0|430|1|138|
13|391|192|0|178|1|137|
13|618|384|0|434|1|138|
13|408|192|0|184|1|141|
13|403|192|0|182|1|137|
13|391|192|0|178|1|137|
13|389|192|0|177|1|141|
13|620|288|0|432|1|138|
13|391|192|0|178|1|137|
13|401|288|0|181|1|141|
13|391|192|0|178|1|137|
13|392|192|0|178|1|137|
13|603|288|0|427|1|142|
13|394|192|0|345|1|111|
13|413|192|0|185|1|141|
13|394|192|0|179|1|141|
13|414|192|0|186|1|139|
13|391|192|0|178|1|141|
13|387|192|0|177|1|137|
13|409|192|0|184|1|141|
13|399|192|0|347|1|113|
13|397|192|0|180|1|137|
13|388|192|0|177|1|137|
13|603|288|0|426|1|138|
13|388|192|0|177|1|137|
13|395|192|0|179|1|141|
13|387|192|0|177|1|137|
13|407|192|0|183|1|141|
13|389|192|0|177|1|137|
13|406|192|0|183|1|141|
13|400|192|0|181|1|141|
13|401|192|0|181|1|141|
13|402|192|0|182|1|141|
13|390|96|0|178|1|137|
13|407|192|0|182|1|141|
13|387|192|0|177|1|137|
13|399|288|0|181|1|141|
13|396|192|0|180|1|141|
13|389|192|0|177|1|141|
13|413|192|0|185|1|137|
13|391|192|0|178|1|137|
13|412|192|0|185|1|137|
13|414|288|0|186|1|137|
13|397|192|0|180|1|137|
13|404|192|0|182|1|141|
13|405|192|0|183|1|141|
13|405|192|0|183|1|141|
13|401|192|0|181|1|141|
13|399|192|0|181|1|141|
13|407|288|0|183|1|141|
13|388|192|0|177|1|141|
13|404|192|0|183|1|141|
13|390|192|0|178|1|137|
13|388|192|0|177|1|137|
13|405|192|0|183|1|141|
13|387|192|0|177|1|137|
13|416|192|0|186|1|141|
13|405|288|0|183|1|137|
13|407|192|0|184|1|141|
13|404|192|0|181|1|137|
13|396|288|0|179|1|141|
13|407|192|0|184|1|137|
13|394|192|0|179|1|141|
13|391|192|0|178|1|141|
13|411|192|0|185|1|141|
13|389|192|0|178|1|141|
13|403|192|0|182|1|141|
13|454|192|0|199|1|137|
13|387|192|0|177|1|141|
13|411|192|0|185|1|137|
13|387|192|0|177|1|137|
13|398|192|0|181|1|137|
13|397|288|0|180|1|141|
13|386|192|0|176|1|137|
13|399|192|0|181|1|141|
13|399|192|0|181|1|137|
13|396|192|0|180|1|137|
13|387|192|0|177|1|141|
13|411|192|0|185|1|137|
13|399|192|0|181|1|137|
13|406|192|0|183|1|141|
13|396|192|0|180|1|141|
13|393|192|0|179|1|137|
13|396|192|0|180|1|141|
13|396|192|0|179|1|137|
13|389|192|0|178|1|141|
13|395|192|0|180|1|141|
13|387|288|0|177|1|137|
13|400|192|0|182|1|137|
13|388|192|0|177|1|141|
13|402|192|0|182|1|137|
13|384|192|0|176|1|137|
13|401|192|0|182|1|141|
13|389|192|0|178|1|141|
13|401|288|0|182|1|141|
13|393|192|0|179|1|141|
13|405|96|0|183|1|141|
13|401|192|0|180|1|141|
13|401|192|0|182|1|141|
13|394|192|0|179|1|137|
13|405|192|0|183|1|141|
13|393|192|0|179|1|141|
13|390|192|0|178|1|141|
13|396|192|0|180|1|141|
13|389|192|0|178|1|137|
13|406|192|0|183|1|141|
13|397|192|0|180|1|141|
13|403|192|0|182|1|141|
13|401|192|0|182|1|137|
13|405|192|0|183|1|137|
13|399|192|0|181|1|137|
13|393|192|0|179|1|137|
13|393|192|0|179|1|141|
13|399|192|0|181|1|137|
13|413|192|0|186|1|137|
13|1661|864|0|217|1|137|
13|393|192|0|178|1|141|
13|409|192|0|184|1|141|
13|410|192|0|185|1|141|
13|403|192|0|182|1|141|
13|410|192|0|185|1|141|
13|401|192|0|182|1|141|
13|413|192|0|186|1|137|
13|393|192|0|179|1|141|
13|394|192|0|179|1|141|
13|390|192|0|178|1|141|
13|388|192|0|177|1|137|
13|370|192|0|171|1|137|
13|395|192|0|179|1|141|
13|404|192|0|182|1|137|
13|609|288|0|429|1|142|
13|607|288|0|426|1|138|
13|390|192|0|344|1|107|
13|389|192|0|344|1|105|
13|392|192|0|178|1|137|
13|611|384|0|429|1|138|
13|393|192|0|179|1|141|
13|392|192|0|178|1|137|
13|963|480|0|217|1|137|
13|390|192|0|178|1|141|
13|400|192|0|181|1|141|
13|608|384|0|430|1|138|
13|412|288|0|185|1|141|
13|394|192|0|179|1|141|
13|397|192|0|180|1|137|
13|390|192|0|178|1|141|
13|409|192|0|184|1|141|
13|408|192|0|184|1|141|
13|622|384|0|434|1|142|
13|399|192|0|181|1|141|
13|1043|672|0|217|1|137|
13|388|192|0|177|1|141|
13|393|192|0|179|1|137|
13|749|384|0|463|1|169|
13|401|192|0|181|1|141|
13|416|192|0|187|1|137|
13|404|192|0|182|1|141|
13|396|192|0|180|1|137|
13|387|192|0|177|1|141|
13|396|192|0|180|1|137|
13|395|192|0|346|1|117|
13|387|288|0|177|1|137|
13|1436|768|0|217|1|137|
13|405|192|0|183|1|141|
13|399|192|0|181|1|137|
13|598|288|0|426|1|138|
13|407|192|0|184|1|137|
13|397|192|0|181|1|137|
