INSTRUCTIONS_RETIRED|CYCLES|UNKNOWN|LD_BLOCKS.STORE_FORWARD|UOPS_EXECUTED.CORE|BR_MISP_RETIRED.ALL_BRANCHES|UOPS_ISSUED.SLOW_LEA|
13|620|384|0|434|1|142|
13|401|192|0|182|1|141|
13|390|192|0|179|1|137|
13|393|192|0|180|1|137|
13|386|192|0|177|1|141|
13|384|192|0|176|1|141|
13|388|192|0|178|1|137|
13|600|288|0|428|1|138|
13|614|288|0|432|1|142|
13|602|288|0|429|1|138|
13|402|192|0|182|1|141|
13|399|192|0|181|1|141|
13|394|288|0|347|1|117|
13|396|192|0|181|1|137|
13|395|192|0|180|1|141|
13|403|192|0|182|1|141|
13|406|192|0|350|1|115|
13|615|288|0|435|1|142|
13|401|288|0|182|1|141|
13|376|192|0|174|1|141|
13|401|192|0|182|1|137|
13|611|288|0|431|1|142|
13|403|192|0|183|1|137|
13|407|192|0|352|1|117|
13|403|192|0|183|1|137|
13|402|192|0|349|1|117|
13|389|192|0|177|1|137|
13|401|192|0|182|1|141|
13|391|288|0|179|1|137|
13|413|192|0|186|1|141|
13|393|192|0|179|1|137|
13|410|192|0|185|1|141|
13|404|192|0|182|1|137|
13|408|192|0|184|1|141|
13|404|288|0|183|1|141|
13|406|192|0|184|1|137|
13|408|192|0|352|1|117|
13|411|192|0|352|1|117|
13|390|192|0|179|1|141|
13|386|192|0|177|1|141|
13|403|192|0|183|1|137|
13|597|288|0|425|1|142|
13|597|288|0|428|1|142|
13|408|192|0|184|1|137|
13|1562|768|0|221|1|141|
13|408|192|0|185|1|141|
13|615|384|0|433|1|138|
13|406|192|0|184|1|137|
13|386|192|0|177|1|137|
13|407|192|0|184|1|141|
13|436|288|0|194|1|137|
13|393|288|0|180|1|137|
13|402|192|0|183|1|137|
13|394|192|0|180|1|141|
13|397|192|0|181|1|137|
13|403|192|0|183|1|141|
13|394|192|0|180|1|141|
13|402|192|0|183|1|137|
13|388|192|0|178|1|137|
13|387|192|0|178|1|141|
13|391|192|0|179|1|137|
13|408|192|0|184|1|137|
13|409|192|0|185|1|137|
13|403|192|0|183|1|137|
13|387|192|0|177|1|141|
13|389|192|0|178|1|137|
13|486|192|0|498|1|23|
13|387|192|0|177|1|137|
13|407|192|0|184|1|141|
13|390|288|0|178|1|139|
13|1040|480|0|217|1|137|
13|387|192|0|177|1|137|
13|409|192|0|184|1|137|
13|403|192|0|182|1|141|
13|412|192|0|185|1|141|
13|390|288|0|178|1|139|
13|409|288|0|185|1|137|
13|1602|768|0|217|1|139|
13|396|192|0|180|1|137|
13|401|192|0|182|1|139|
13|404|192|0|183|1|137|
13|404|288|0|183|1|137|
13|392|192|0|179|1|137|
13|404|288|0|183|1|137|
13|400|192|0|181|1|137|
13|619|288|0|433|1|142|
13|609|288|0|428|1|142|
13|410|288|0|185|1|141|
13|397|192|0|181|1|141|
13|399|192|0|180|1|137|
13|413|192|0|353|1|121|
13|399|192|0|181|1|137|
13|408|192|0|183|1|137|
13|367|192|0|171|1|141|
13|397|192|0|181|1|139|
13|375|192|0|173|1|137|
13|397|192|0|181|1|137|
13|401|192|0|182|1|141|
13|389|192|0|178|1|137|
13|403|192|0|184|1|139|
13|397|288|0|180|1|137|
13|400|192|0|182|1|137|
13|389|192|0|178|1|141|
13|391|192|0|179|1|141|
13|392|192|0|179|1|137|
13|398|192|0|181|1|141|
13|373|192|0|173|1|141|
13|394|192|0|179|1|137|
13|367|192|0|170|1|137|
13|1619|768|0|221|1|141|
13|369|192|0|169|1|139|
13|361|192|0|168|1|141|
13|391|192|0|178|1|137|
13|427|192|0|191|1|137|
13|369|288|0|168|1|137|
13|412|192|0|185|1|141|
13|378|192|0|175|1|137|
13|409|192|0|185|1|137|
13|386|192|0|177|1|137|
13|391|192|0|178|1|137|
13|405|192|0|183|1|141|
13|395|192|0|180|1|141|
13|397|192|0|181|1|141|
13|394|192|0|180|1|137|
13|409|192|0|185|1|137|
13|405|192|0|183|1|137|
13|393|192|0|179|1|137|
13|390|192|0|179|1|141|
13|403|192|0|183|1|141|
13|345|288|0|163|1|137|
13|365|192|0|170|1|141|
13|382|288|0|175|1|137|
13|389|192|0|178|1|141|
13|352|192|0|166|1|137|
13|387|192|0|177|1|141|
13|391|192|0|348|1|109|
13|602|288|0|428|1|142|
13|410|288|0|185|1|137|
13|608|288|0|431|1|142|
13|415|192|0|354|1|121|
13|401|192|0|182|1|137|
13|625|384|0|439|1|138|
13|403|288|0|182|1|141|
13|386|288|0|176|1|137|
13|407|192|0|184|1|141|
13|388|192|0|178|1|137|
13|394|192|0|177|1|141|
13|406|288|0|350|1|117|
13|394|192|0|180|1|141|
13|410|192|0|184|1|141|
13|392|192|0|179|1|137|
13|496|288|0|211|1|141|
13|409|192|0|352|1|117|
13|387|192|0|178|1|141|
13|405|192|0|183|1|141|
13|394|192|0|179|1|141|
13|616|288|0|433|1|142|
13|608|288|0|429|1|138|
13|391|192|0|179|1|141|
13|392|192|0|179|1|141|
13|1589|864|0|221|1|141|
13|397|192|0|180|1|137|
13|395|288|0|180|1|137|
13|404|192|0|182|1|141|
13|605|384|0|428|1|138|
13|602|288|0|427|1|142|
13|602|288|0|426|1|142|
13|614|288|0|432|1|142|
13|1505|768|0|461|1|171|
13|409|192|0|184|1|141|
13|396|192|0|179|1|137|
13|407|192|0|183|1|139|
13|367|192|0|170|1|141|
13|419|192|0|188|1|141|
13|388|192|0|178|1|141|
13|1580|864|0|221|1|141|
13|363|192|0|170|1|137|
13|388|192|0|178|1|141|
13|397|192|0|181|1|137|
13|681|384|0|221|1|141|
13|810|384|0|217|1|137|
13|406|192|0|184|1|141|
13|393|192|0|179|1|141|
13|390|192|0|178|1|137|
13|404|192|0|183|1|141|
13|396|192|0|180|1|137|
13|404|192|0|183|1|141|
13|407|288|0|184|1|141|
13|397|288|0|181|1|141|
13|393|192|0|179|1|141|
13|395|192|0|180|1|137|
13|409|192|0|185|1|137|
13|394|192|0|180|1|141|
13|410|192|0|185|1|139|
13|396|192|0|180|1|141|
13|387|192|0|177|1|141|
13|402|192|0|183|1|137|
13|393|192|0|180|1|141|
13|398|192|0|181|1|141|
13|393|192|0|179|1|141|
13|404|192|0|183|1|137|
13|400|288|0|182|1|141|
13|404|192|0|183|1|141|
13|410|192|0|185|1|137|
13|391|192|0|179|1|137|
13|403|288|0|183|1|137|
13|391|192|0|179|1|141|
13|404|192|0|183|1|141|
13|396|288|0|180|1|141|
13|398|192|0|181|1|137|
13|1561|768|0|217|1|137|
13|400|192|0|181|1|141|
13|403|192|0|183|1|137|
13|402|192|0|182|1|141|
13|402|288|0|182|1|141|
13|405|192|0|183|1|137|
13|403|192|0|182|1|141|
13|403|192|0|182|1|141|
13|411|192|0|185|1|137|
13|404|192|0|183|1|137|
13|409|192|0|185|1|141|
13|389|192|0|180|1|141|
13|408|192|0|184|1|141|
13|404|192|0|183|1|141|
13|412|192|0|186|1|137|
13|395|192|0|180|1|137|
13|408|192|0|185|1|141|
13|387|192|0|177|1|141|
13|411|192|0|183|1|141|
13|391|288|0|178|1|137|
13|390|192|0|178|1|141|
13|389|288|0|178|1|141|
13|405|288|0|183|1|141|
13|394|192|0|180|1|137|
13|408|192|0|185|1|141|
13|395|192|0|182|1|141|
13|404|192|0|185|1|137|
13|395|192|0|180|1|137|
13|383|192|0|178|1|137|
13|391|192|0|179|1|141|
13|376|192|0|174|1|141|
13|380|192|0|175|1|141|
13|395|288|0|180|1|137|
13|483|288|0|210|1|141|
13|386|192|0|177|1|137|
13|400|192|0|182|1|141|
13|385|192|0|177|1|137|
13|397|192|0|181|1|137|
13|404|288|0|183|1|141|
13|397|288|0|181|1|141|
13|402|192|0|182|1|141|
13|409|192|0|185|1|141|
13|411|288|0|186|1|137|
13|409|288|0|185|1|141|
13|412|192|0|186|1|141|
13|402|192|0|183|1|137|
13|409|192|0|185|1|139|
13|405|192|0|183|1|137|
13|409|192|0|185|1|141|
13|402|192|0|181|1|141|
13|392|192|0|179|1|137|
13|399|192|0|181|1|137|
13|394|288|0|180|1|137|
13|401|192|0|182|1|137|
13|393|192|0|180|1|137|
13|407|192|0|184|1|141|
13|397|192|0|181|1|137|
13|408|192|0|185|1|141|
13|400|192|0|182|1|141|
13|408|192|0|184|1|141|
13|391|288|0|179|1|141|
13|400|288|0|182|1|141|
13|406|192|0|184|1|137|
13|392|192|0|179|1|137|
13|401|192|0|182|1|137|
13|390|192|0|179|1|141|
13|397|192|0|181|1|141|
13|404|192|0|183|1|141|
13|391|192|0|179|1|141|
13|408|192|0|184|1|137|
13|406|192|0|184|1|141|
13|406|192|0|184|1|141|
13|395|192|0|180|1|141|
13|396|288|0|181|1|141|
13|405|192|0|183|1|137|
13|394|192|0|180|1|137|
13|393|288|0|177|1|141|
13|407|192|0|184|1|137|
13|400|192|0|182|1|137|
13|393|192|0|179|1|141|
13|399|192|0|182|1|141|
13|379|192|0|174|1|137|
13|402|192|0|182|1|141|
13|404|192|0|183|1|139|
13|400|192|0|181|1|137|
13|403|288|0|183|1|141|
13|386|192|0|177|1|137|
13|401|192|0|182|1|141|
13|388|192|0|177|1|137|
13|384|192|0|174|1|141|
13|404|288|0|183|1|137|
13|388|192|0|177|1|137|
13|414|192|0|186|1|141|
13|411|192|0|185|1|141|
13|416|288|0|187|1|141|
13|398|288|0|180|1|137|
13|394|192|0|179|1|137|
13|393|192|0|178|1|137|
13|382|192|0|175|1|139|
13|397|192|0|180|1|141|
13|3189|1728|0|721|1|157|
13|398|288|0|181|1|137|
13|407|192|0|184|1|137|
13|405|192|0|183|1|137|
13|404|192|0|183|1|141|
13|410|192|0|185|1|141|
13|407|288|0|184|1|139|
13|396|288|0|180|1|141|
13|402|192|0|183|1|137|
13|394|192|0|180|1|141|
13|401|192|0|182|1|141|
13|405|192|0|184|1|137|
13|403|192|0|183|1|137|
13|407|192|0|184|1|141|
13|387|288|0|177|1|137|
13|407|192|0|184|1|139|
13|394|288|0|178|1|139|
13|398|192|0|181|1|137|
13|396|192|0|180|1|141|
13|393|192|0|179|1|139|
13|406|192|0|184|1|141|
13|392|192|0|179|1|141|
13|403|192|0|183|1|141|
13|395|192|0|180|1|141|
13|390|192|0|178|1|141|
13|390|192|0|178|1|137|
13|402|192|0|182|1|141|
13|389|192|0|178|1|137|
13|393|192|0|179|1|137|
13|391|192|0|179|1|139|
13|405|288|0|184|1|141|
13|388|192|0|180|1|137|
13|413|192|0|186|1|141|
13|398|192|0|181|1|137|
13|403|288|0|182|1|137|
13|401|288|0|184|1|137|
13|399|192|0|181|1|137|
13|389|192|0|178|1|137|
13|395|192|0|180|1|137|
13|390|192|0|178|1|137|
13|389|192|0|178|1|141|
13|386|192|0|177|1|137|
13|394|288|0|178|1|137|
13|391|192|0|178|1|141|
13|395|192|0|180|1|137|
13|407|192|0|184|1|141|
13|390|192|0|178|1|141|
13|406|192|0|184|1|137|
13|385|192|0|175|1|137|
13|410|288|0|187|1|141|
13|402|288|0|184|1|137|
13|408|192|0|184|1|137|
13|399|192|0|182|1|137|
13|410|192|0|185|1|137|
13|405|288|0|183|1|137|
13|400|288|0|182|1|141|
13|400|288|0|182|1|137|
13|409|192|0|185|1|141|
13|396|288|0|181|1|137|
13|407|192|0|184|1|137|
13|398|192|0|181|1|137|
13|397|192|0|181|1|141|
13|407|288|0|184|1|141|
13|397|192|0|180|1|141|
13|392|192|0|181|1|137|
13|396|192|0|181|1|141|
13|388|192|0|178|1|141|
13|379|288|0|175|1|137|
13|390|192|0|179|1|141|
13|406|192|0|184|1|137|
13|371|192|0|172|1|141|
13|398|192|0|181|1|137|
13|388|192|0|178|1|141|
13|389|192|0|178|1|141|
13|871|480|0|221|1|141|
13|394|192|0|180|1|137|
13|409|192|0|185|1|137|
13|396|192|0|180|1|141|
13|406|192|0|184|1|141|
13|410|288|0|185|1|141|
13|396|192|0|180|1|137|
13|403|192|0|182|1|141|
13|389|192|0|178|1|137|
13|384|192|0|177|1|141|
13|400|288|0|181|1|137|
13|406|192|0|184|1|137|
13|387|192|0|177|1|141|
13|406|192|0|184|1|137|
13|405|192|0|184|1|141|
13|387|192|0|178|1|141|
13|389|192|0|178|1|137|
13|391|192|0|179|1|137|
13|388|192|0|178|1|137|
13|408|192|0|185|1|137|
13|393|192|0|180|1|137|
13|397|288|0|179|1|141|
13|393|288|0|179|1|137|
13|412|192|0|186|1|141|
13|394|192|0|179|1|137|
13|403|192|0|181|1|141|
13|402|192|0|182|1|137|
13|406|192|0|183|1|137|
13|402|288|0|182|1|139|
13|415|288|0|186|1|141|
13|405|192|0|183|1|137|
13|411|288|0|185|1|141|
13|394|192|0|179|1|139|
13|403|192|0|182|1|141|
13|408|288|0|185|1|137|
13|411|192|0|186|1|137|
13|1438|768|0|221|1|141|
13|412|192|0|185|1|137|
13|1321|672|0|217|1|137|
13|398|192|0|181|1|137|
13|402|192|0|181|1|137|
13|399|288|0|181|1|141|
13|407|192|0|184|1|141|
13|400|192|0|182|1|137|
13|409|192|0|184|1|141|
13|406|192|0|182|1|137|
13|407|192|0|184|1|141|
13|394|192|0|180|1|141|
13|402|192|0|181|1|141|
13|397|192|0|180|1|141|
13|396|288|0|179|1|141|
13|394|192|0|180|1|141|
13|396|192|0|180|1|141|
13|407|192|0|184|1|141|
13|392|192|0|179|1|141|
13|404|192|0|183|1|137|
13|401|192|0|182|1|137|
13|407|192|0|184|1|137|
13|392|192|0|179|1|141|
13|393|192|0|180|1|137|
13|400|192|0|182|1|137|
13|391|192|0|179|1|141|
13|386|288|0|177|1|141|
13|387|192|0|178|1|137|
13|394|192|0|179|1|137|
13|396|96|0|180|1|137|
13|391|192|0|178|1|141|
13|396|288|0|180|1|137|
13|392|192|0|179|1|137|
13|400|192|0|181|1|141|
13|433|192|0|193|1|141|
13|404|192|0|183|1|141|
13|405|192|0|183|1|137|
13|389|192|0|178|1|141|
13|400|192|0|182|1|137|
13|387|192|0|177|1|137|
13|405|288|0|183|1|137|
13|401|192|0|182|1|137|
13|395|192|0|180|1|137|
13|403|288|0|182|1|141|
13|389|192|0|178|1|141|
13|406|192|0|184|1|141|
13|390|192|0|177|1|137|
13|392|192|0|179|1|141|
13|411|288|0|184|1|137|
13|399|192|0|181|1|141|
13|404|192|0|183|1|137|
13|396|192|0|180|1|137|
13|400|192|0|182|1|137|
13|393|192|0|179|1|141|
13|406|192|0|184|1|137|
13|401|192|0|182|1|137|
13|402|288|0|182|1|141|
13|392|192|0|179|1|141|
13|397|192|0|180|1|141|
13|398|192|0|181|1|141|
13|402|192|0|182|1|141|
13|388|192|0|178|1|141|
13|390|192|0|178|1|141|
13|389|192|0|178|1|137|
13|384|192|0|176|1|141|
13|408|288|0|184|1|141|
13|411|192|0|185|1|137|
13|398|192|0|181|1|137|
13|405|192|0|183|1|137|
13|389|192|0|178|1|137|
13|392|192|0|179|1|141|
13|395|192|0|180|1|141|
13|396|192|0|180|1|137|
13|392|192|0|179|1|137|
13|405|192|0|184|1|137|
13|403|288|0|183|1|137|
13|410|288|0|185|1|137|
13|400|192|0|182|1|137|
13|387|192|0|178|1|141|
13|406|192|0|184|1|141|
13|393|192|0|178|1|141|
13|408|192|0|184|1|137|
13|387|288|0|177|1|141|
13|399|192|0|181|1|141|
13|396|192|0|180|1|141|
13|389|192|0|178|1|137|
13|404|192|0|183|1|137|
13|409|192|0|185|1|137|
13|405|192|0|183|1|141|
13|408|192|0|184|1|141|
13|406|288|0|184|1|137|
13|408|288|0|184|1|141|
13|406|288|0|184|1|141|
13|406|192|0|184|1|141|
13|407|192|0|184|1|137|
13|401|192|0|182|1|141|
13|408|288|0|183|1|141|
13|407|192|0|184|1|141|
13|398|192|0|181|1|141|
13|389|288|0|178|1|141|
13|1552|768|0|221|1|141|
13|401|288|0|182|1|137|
13|397|192|0|181|1|141|
13|413|192|0|186|1|137|
13|405|192|0|183|1|137|
13|413|192|0|186|1|137|
13|398|288|0|181|1|141|
13|389|192|0|178|1|137|
13|398|288|0|180|1|141|
13|392|192|0|179|1|137|
13|404|192|0|183|1|141|
13|403|192|0|183|1|137|
13|406|192|0|184|1|141|
13|398|192|0|180|1|137|
13|409|192|0|185|1|141|
13|403|192|0|183|1|139|
13|405|192|0|183|1|137|
13|393|192|0|180|1|141|
13|1986|960|0|221|1|141|
13|394|192|0|180|1|137|
13|407|288|0|184|1|141|
13|387|192|0|176|1|141|
13|388|288|0|178|1|137|
13|393|192|0|180|1|141|
13|386|192|0|177|1|141|
13|403|288|0|183|1|141|
13|394|192|0|180|1|141|
13|403|192|0|183|1|137|
13|387|192|0|176|1|141|
13|402|288|0|183|1|137|
13|391|192|0|179|1|141|
13|406|192|0|184|1|137|
13|391|192|0|178|1|141|
13|400|192|0|182|1|141|
13|1749|960|0|217|1|137|
13|402|192|0|182|1|141|
13|401|192|0|181|1|137|
13|402|288|0|183|1|137|
13|407|288|0|184|1|137|
13|405|288|0|184|1|137|
13|403|192|0|183|1|137|
13|399|192|0|182|1|137|
13|406|192|0|184|1|137|
13|388|192|0|178|1|137|
13|405|192|0|183|1|141|
13|389|192|0|178|1|141|
13|385|192|0|177|1|139|
13|405|288|0|183|1|141|
13|382|192|0|176|1|137|
13|401|192|0|182|1|141|
13|397|288|0|181|1|141|
13|392|192|0|179|1|137|
13|398|192|0|181|1|141|
13|392|192|0|179|1|137|
13|400|288|0|182|1|137|
13|392|192|0|179|1|137|
13|404|192|0|183|1|137|
13|392|192|0|179|1|137|
13|396|192|0|180|1|141|
13|411|192|0|185|1|141|
13|407|192|0|184|1|137|
13|388|192|0|176|1|141|
13|412|192|0|185|1|141|
13|408|288|0|184|1|137|
13|409|288|0|185|1|141|
13|392|192|0|179|1|137|
13|408|192|0|185|1|141|
13|389|288|0|178|1|141|
13|397|192|0|181|1|137|
13|386|192|0|177|1|141|
13|399|192|0|181|1|141|
13|403|192|0|183|1|137|
13|396|288|0|180|1|141|
13|388|96|0|178|1|141|
13|393|192|0|179|1|141|
13|396|192|0|181|1|137|
13|376|192|0|173|1|141|
13|413|192|0|185|1|137|
13|390|192|0|178|1|137|
13|410|192|0|185|1|137|
13|616|288|0|434|1|142|
13|408|288|0|185|1|137|
13|604|288|0|429|1|142|
13|404|192|0|183|1|137|
13|407|192|0|184|1|137|
13|397|192|0|180|1|141|
13|409|192|0|185|1|137|
13|397|288|0|181|1|137|
13|405|192|0|184|1|141|
13|394|288|0|180|1|137|
13|409|192|0|185|1|137|
13|621|288|0|438|1|138|
13|609|288|0|431|1|142|
13|402|288|0|181|1|141|
13|405|192|0|184|1|137|
13|398|192|0|181|1|137|
13|403|288|0|183|1|137|
13|392|192|0|179|1|137|
13|409|192|0|185|1|141|
13|388|192|0|177|1|141|
13|401|192|0|182|1|137|
13|391|192|0|178|1|137|
13|409|192|0|184|1|141|
13|400|192|0|181|1|141|
13|411|192|0|185|1|141|
13|616|288|0|432|1|142|
13|991|480|0|221|1|141|
13|405|192|0|350|1|117|
13|395|192|0|180|1|141|
13|410|192|0|185|1|137|
13|1854|864|0|223|1|141|
13|398|192|0|181|1|141|
13|1775|864|0|466|1|138|
13|392|96|0|179|1|141|
13|1490|768|0|217|1|137|
13|393|192|0|178|1|141|
13|400|192|0|181|1|141|
13|408|192|0|183|1|141|
13|389|192|0|178|1|141|
13|412|192|0|185|1|137|
13|394|288|0|179|1|137|
13|388|192|0|178|1|137|
13|387|192|0|175|1|141|
13|392|192|0|179|1|137|
13|405|192|0|182|1|141|
13|402|192|0|183|1|141|
13|401|192|0|182|1|141|
13|413|192|0|186|1|141|
13|399|192|0|182|1|141|
13|398|192|0|181|1|137|
13|401|192|0|182|1|137|
13|404|192|0|183|1|141|
13|389|192|0|178|1|141|
13|616|288|0|430|1|140|
13|402|192|0|181|1|141|
13|389|192|0|178|1|141|
13|393|192|0|179|1|141|
13|389|192|0|178|1|137|
13|606|288|0|433|1|138|
13|389|192|0|346|1|113|
13|404|192|0|183|1|137|
13|843|384|0|221|1|141|
13|388|192|0|177|1|141|
13|391|192|0|179|1|141|
13|357|192|0|167|1|141|
13|933|480|0|217|1|137|
13|405|288|0|184|1|141|
13|405|192|0|184|1|137|
13|396|192|0|348|1|117|
13|607|384|0|431|1|138|
13|397|192|0|181|1|137|
13|396|192|0|181|1|137|
13|402|192|0|183|1|137|
13|407|192|0|184|1|141|
13|394|192|0|180|1|141|
13|403|288|0|183|1|137|
13|392|192|0|179|1|141|
13|402|192|0|182|1|137|
13|394|192|0|180|1|137|
13|403|192|0|183|1|137|
13|386|192|0|177|1|137|
13|408|192|0|352|1|117|
13|412|192|0|353|1|121|
13|392|192|0|179|1|141|
13|617|288|0|434|1|142|
13|1667|864|0|471|1|142|
13|398|192|0|181|1|137|
13|408|192|0|185|1|137|
13|402|192|0|183|1|141|
13|387|192|0|178|1|141|
13|410|288|0|185|1|141|
13|412|288|0|186|1|137|
13|399|192|0|182|1|141|
13|394|192|0|180|1|137|
13|402|288|0|183|1|137|
13|607|384|0|430|1|142|
13|610|384|0|430|1|138|
13|604|288|0|429|1|142|
13|408|192|0|352|1|117|
13|400|192|0|182|1|141|
13|392|192|0|179|1|137|
13|613|384|0|431|1|138|
13|598|288|0|427|1|142|
13|393|192|0|180|1|137|
13|395|192|0|180|1|141|
13|394|192|0|180|1|137|
13|415|192|0|186|1|141|
13|404|192|0|183|1|137|
13|387|192|0|177|1|141|
13|404|192|0|183|1|139|
13|621|288|0|435|1|138|
13|403|192|0|182|1|141|
13|412|288|0|185|1|139|
13|399|192|0|181|1|141|
13|411|288|0|185|1|141|
13|405|192|0|350|1|115|
13|396|192|0|180|1|139|
13|404|288|0|183|1|137|
13|405|192|0|183|1|139|
13|408|192|0|184|1|139|
13|403|192|0|183|1|137|
13|604|288|0|428|1|138|
13|399|192|0|181|1|137|
13|404|192|0|183|1|141|
13|408|192|0|184|1|137|
13|398|192|0|181|1|141|
13|393|288|0|345|1|111|
13|393|192|0|179|1|137|
13|399|192|0|181|1|141|
13|609|288|0|430|1|138|
13|404|192|0|183|1|141|
13|392|192|0|179|1|141|
13|403|192|0|182|1|137|
13|406|192|0|183|1|139|
13|403|192|0|182|1|139|
13|408|192|0|184|1|137|
13|1580|864|0|221|1|141|
13|413|192|0|352|1|115|
13|393|192|0|179|1|137|
13|403|192|0|182|1|137|
13|406|192|0|183|1|141|
13|391|192|0|178|1|137|
13|621|288|0|433|1|142|
13|386|192|0|177|1|137|
13|361|192|0|169|1|137|
13|405|192|0|182|1|137|
13|393|192|0|179|1|137|
13|402|192|0|182|1|137|
13|406|192|0|184|1|137|
13|389|192|0|178|1|141|
13|410|192|0|352|1|117|
13|406|288|0|184|1|137|
13|397|192|0|181|1|137|
13|394|288|0|180|1|141|
13|410|192|0|184|1|141|
13|388|192|0|178|1|141|
13|396|192|0|180|1|137|
13|402|192|0|183|1|141|
13|409|192|0|185|1|137|
13|406|192|0|184|1|137|
13|1339|672|0|460|1|169|
13|399|192|0|181|1|137|
13|403|192|0|181|1|137|
13|410|288|0|187|1|137|
13|405|192|0|185|1|141|
13|620|288|0|437|1|138|
13|403|192|0|183|1|141|
13|406|192|0|184|1|137|
13|403|192|0|183|1|137|
13|396|192|0|348|1|117|
13|603|288|0|428|1|138|
13|615|288|0|432|1|138|
13|404|192|0|349|1|115|
13|408|288|0|184|1|137|
13|407|192|0|184|1|141|
13|397|192|0|181|1|141|
13|402|192|0|183|1|141|
13|409|192|0|185|1|141|
13|395|192|0|178|1|137|
13|391|192|0|178|1|141|
13|402|192|0|182|1|137|
13|398|192|0|180|1|137|
13|413|192|0|186|1|141|
13|407|192|0|351|1|111|
13|404|192|0|349|1|115|
13|406|288|0|352|1|113|
13|1270|672|0|217|1|137|
13|398|192|0|180|1|137|
13|404|192|0|183|1|137|
13|398|192|0|181|1|141|
13|407|192|0|183|1|137|
13|620|384|0|435|1|142|
13|405|192|0|352|1|113|
13|399|192|0|349|1|117|
13|389|192|0|178|1|141|
13|397|192|0|181|1|141|
13|402|192|0|182|1|141|
13|413|192|0|185|1|141|
13|405|192|0|182|1|141|
13|405|192|0|350|1|115|
13|391|192|0|178|1|137|
13|389|192|0|178|1|137|
13|388|288|0|177|1|141|
13|399|192|0|181|1|141|
13|431|192|0|359|1|123|
13|389|192|0|178|1|141|
13|411|288|0|185|1|137|
13|390|192|0|178|1|137|
13|404|192|0|183|1|141|
13|603|288|0|427|1|142|
13|409|192|0|184|1|141|
13|393|192|0|179|1|141|
13|404|192|0|183|1|141|
13|405|192|0|183|1|141|
13|399|192|0|181|1|141|
13|411|192|0|185|1|137|
13|402|192|0|182|1|141|
13|361|192|0|168|1|141|
13|401|192|0|181|1|137|
13|407|288|0|183|1|141|
13|587|288|0|217|1|137|
13|403|192|0|182|1|141|
13|405|192|0|184|1|141|
13|397|192|0|348|1|117|
13|395|192|0|180|1|141|
13|395|192|0|180|1|141|
13|397|192|0|180|1|141|
13|394|192|0|180|1|137|
13|606|384|0|430|1|142|
13|388|288|0|178|1|141|
13|389|192|0|176|1|141|
13|389|192|0|178|1|137|
13|392|192|0|177|1|137|
13|392|192|0|178|1|141|
13|391|192|0|179|1|141|
13|405|192|0|184|1|141|
13|406|192|0|183|1|137|
13|409|288|0|184|1|141|
13|405|288|0|183|1|141|
13|407|192|0|184|1|141|
13|616|384|0|432|1|142|
13|396|192|0|180|1|137|
13|399|192|0|181|1|141|
13|394|192|0|180|1|137|
13|390|192|0|179|1|141|
13|607|288|0|432|1|142|
13|404|192|0|351|1|117|
13|396|192|0|347|1|117|
13|400|192|0|182|1|137|
13|399|192|0|349|1|117|
13|400|192|0|181|1|141|
13|408|192|0|184|1|141|
13|391|192|0|179|1|137|
13|1824|960|0|465|1|138|
13|609|384|0|431|1|138|
13|394|192|0|180|1|141|
13|390|192|0|345|1|109|
13|610|384|0|430|1|138|
13|388|192|0|178|1|141|
13|407|192|0|184|1|137|
13|386|192|0|177|1|141|
13|405|192|0|183|1|141|
13|407|192|0|350|1|117|
13|403|288|0|182|1|137|
13|406|192|0|184|1|137|
13|398|192|0|181|1|137|
13|385|192|0|176|1|141|
13|397|192|0|181|1|137|
13|613|288|0|432|1|138|
13|393|288|0|347|1|113|
13|396|192|0|181|1|137|
13|396|192|0|180|1|137|
13|398|192|0|181|1|141|
13|395|192|0|180|1|137|
13|391|192|0|179|1|141|
13|604|384|0|429|1|138|
13|389|192|0|347|1|113|
13|397|192|0|180|1|141|
13|394|192|0|178|1|139|
13|403|192|0|184|1|139|
13|1648|768|0|223|1|141|
13|405|192|0|184|1|137|
13|404|192|0|183|1|137|
13|402|192|0|347|1|115|
13|400|192|0|348|1|115|
13|409|192|0|181|1|139|
13|400|192|0|181|1|137|
13|402|288|0|349|1|111|
13|404|192|0|183|1|137|
13|408|192|0|351|1|117|
13|620|288|0|433|1|138|
13|405|192|0|183|1|137|
13|387|192|0|177|1|141|
13|403|192|0|183|1|137|
13|603|288|0|430|1|138|
13|408|192|0|184|1|141|
13|392|192|0|179|1|137|
13|408|192|0|184|1|137|
13|616|288|0|431|1|142|
13|391|192|0|345|1|111|
13|401|192|0|351|1|107|
13|620|384|0|432|1|138|
13|596|288|0|423|1|142|
13|403|192|0|182|1|141|
13|397|192|0|181|1|141|
13|389|192|0|178|1|137|
13|404|192|0|183|1|141|
13|412|192|0|353|1|111|
13|407|192|0|184|1|137|
13|400|288|0|181|1|137|
13|399|192|0|181|1|137|
13|406|192|0|183|1|137|
13|404|192|0|349|1|115|
13|395|192|0|180|1|141|
13|402|192|0|349|1|115|
13|398|288|0|181|1|137|
13|407|192|0|184|1|141|
13|398|192|0|181|1|137|
13|389|192|0|343|1|109|
13|403|192|0|182|1|137|
13|403|192|0|182|1|141|
13|403|288|0|182|1|141|
13|389|192|0|178|1|137|
13|602|288|0|428|1|138|
13|393|192|0|179|1|141|
13|404|192|0|183|1|141|
13|405|192|0|183|1|141|
13|397|192|0|180|1|141|
13|411|192|0|185|1|141|
13|400|192|0|181|1|137|
13|600|288|0|427|1|138|
13|601|288|0|428|1|142|
13|408|192|0|184|1|141|
13|384|192|0|176|1|141|
13|605|288|0|427|1|138|
13|395|288|0|180|1|141|
13|413|288|0|186|1|137|
13|392|192|0|179|1|137|
13|400|288|0|181|1|137|
13|396|192|0|180|1|141|
13|397|192|0|181|1|137|
13|406|192|0|183|1|141|
13|397|192|0|348|1|117|
13|397|192|0|181|1|137|
13|397|192|0|347|1|117|
13|396|192|0|181|1|137|
13|408|192|0|352|1|117|
13|606|384|0|430|1|142|
13|408|192|0|350|1|117|
13|385|192|0|177|1|137|
13|404|192|0|351|1|115|
13|595|288|0|426|1|138|
13|400|192|0|184|1|141|
13|394|192|0|182|1|137|
13|386|192|0|177|1|137|
13|406|192|0|184|1|141|
13|384|192|0|177|1|141|
13|410|192|0|185|1|137|
13|388|192|0|178|1|137|
13|377|192|0|174|1|137|
13|390|192|0|178|1|137|
13|393|192|0|179|1|141|
13|391|192|0|180|1|141|
13|395|288|0|180|1|141|
13|1211|672|0|221|1|141|
13|607|384|0|430|1|138|
13|401|192|0|348|1|113|
13|411|192|0|185|1|141|
13|407|288|0|184|1|141|
13|409|192|0|185|1|137|
13|798|384|0|221|1|141|
13|406|288|0|184|1|141|
13|968|480|0|221|1|141|
13|403|192|0|183|1|137|
13|398|192|0|181|1|137|
13|618|384|0|434|1|138|
13|611|384|0|431|1|142|
13|405|192|0|184|1|137|
13|409|192|0|351|1|115|
13|388|192|0|178|1|137|
13|387|192|0|178|1|137|
13|388|192|0|178|1|141|
13|606|288|0|428|1|142|
13|1032|480|0|221|1|141|
13|387|192|0|177|1|137|
13|606|288|0|429|1|142|
13|402|192|0|351|1|113|
13|397|192|0|181|1|141|
13|395|192|0|179|1|137|
13|396|288|0|181|1|137|
13|392|192|0|179|1|141|
13|614|384|0|434|1|138|
13|401|192|0|182|1|141|
13|403|288|0|183|1|141|
13|391|192|0|178|1|137|
13|405|192|0|350|1|117|
13|387|192|0|178|1|137|
13|409|192|0|185|1|141|
13|406|192|0|351|1|117|
13|409|192|0|185|1|141|
