INSTRUCTIONS_RETIRED|CYCLES|UNKNOWN|LD_BLOCKS.STORE_FORWARD|UOPS_EXECUTED.CORE|BR_MISP_RETIRED.ALL_BRANCHES|UOPS_ISSUED.SLOW_LEA|
13|403|192|0|347|1|97|
13|395|192|0|345|1|97|
13|397|192|0|153|1|71|
13|403|192|0|153|1|71|
13|404|192|0|153|1|71|
13|411|192|0|153|1|71|
13|408|192|0|153|1|71|
13|412|288|0|353|1|97|
13|394|192|0|153|1|71|
13|397|192|0|153|1|71|
13|391|192|0|153|1|69|
13|618|288|0|402|1|70|
13|392|288|0|151|1|69|
13|1521|768|0|151|1|71|
13|406|192|0|350|1|97|
13|1780|960|0|153|1|71|
13|403|288|0|153|1|69|
13|408|192|0|153|1|71|
13|407|288|0|153|1|71|
13|407|192|0|153|1|71|
13|411|192|0|153|1|71|
13|405|192|0|153|1|71|
13|413|192|0|153|1|71|
13|403|192|0|153|1|71|
13|412|192|0|153|1|71|
13|612|384|0|401|1|70|
13|400|192|0|153|1|69|
13|410|192|0|153|1|69|
13|389|192|0|153|1|71|
13|401|192|0|153|1|71|
13|411|192|0|153|1|69|
13|1380|768|0|153|1|71|
13|409|288|0|153|1|71|
13|403|192|0|153|1|71|
13|409|192|0|153|1|71|
13|607|288|0|401|1|72|
13|394|192|0|149|1|71|
13|1955|1056|0|153|1|69|
13|371|192|0|153|1|69|
13|409|192|0|153|1|71|
13|395|192|0|153|1|69|
13|406|192|0|153|1|69|
13|604|288|0|401|1|72|
13|407|192|0|351|1|97|
13|398|192|0|153|1|71|
13|412|192|0|153|1|71|
13|400|192|0|153|1|71|
13|387|192|0|153|1|71|
13|406|192|0|153|1|71|
13|595|288|0|402|1|72|
13|388|192|0|153|1|71|
13|412|192|0|153|1|71|
13|393|192|0|346|1|97|
13|395|192|0|153|1|71|
13|614|384|0|401|1|72|
13|387|192|0|153|1|71|
13|610|384|0|402|1|70|
13|415|192|0|352|1|97|
13|398|192|0|153|1|69|
13|412|192|0|153|1|69|
13|397|192|0|153|1|69|
13|394|192|0|153|1|69|
13|624|384|0|403|1|70|
13|621|288|0|405|1|70|
13|398|288|0|346|1|95|
13|412|288|0|153|1|69|
13|393|192|0|153|1|69|
13|391|288|0|153|1|69|
13|1362|672|0|153|1|69|
13|381|192|0|151|1|69|
13|408|192|0|153|1|71|
13|399|192|0|153|1|71|
13|405|288|0|153|1|71|
13|393|192|0|153|1|71|
13|400|288|0|153|1|69|
13|400|192|0|153|1|69|
13|403|192|0|153|1|69|
13|409|192|0|153|1|69|
13|400|192|0|153|1|71|
13|402|192|0|153|1|69|
13|404|192|0|153|1|69|
13|398|192|0|153|1|69|
13|405|192|0|153|1|69|
13|408|192|0|153|1|69|
13|405|288|0|153|1|71|
13|1153|576|0|149|1|71|
13|609|384|0|402|1|72|
13|401|192|0|153|1|71|
13|405|192|0|153|1|71|
13|398|192|0|153|1|71|
13|614|288|0|403|1|70|
13|622|384|0|403|1|70|
13|619|384|0|403|1|72|
13|400|192|0|153|1|71|
13|413|192|0|353|1|97|
13|386|192|0|344|1|97|
13|411|288|0|153|1|71|
13|408|192|0|153|1|71|
13|408|192|0|153|1|71|
13|399|192|0|153|1|71|
13|410|192|0|354|1|97|
13|619|288|0|405|1|72|
13|408|192|0|153|1|71|
13|407|192|0|153|1|71|
13|391|192|0|153|1|71|
13|609|288|0|403|1|72|
13|601|288|0|403|1|72|
13|399|192|0|153|1|71|
13|354|192|0|153|1|71|
13|401|192|0|153|1|71|
13|365|192|0|153|1|69|
13|364|192|0|153|1|69|
13|467|192|0|153|1|69|
13|1671|864|0|153|1|71|
13|386|192|0|153|1|71|
13|402|192|0|153|1|71|
13|407|192|0|153|1|71|
13|398|192|0|153|1|71|
13|401|192|0|153|1|71|
13|407|192|0|152|1|71|
13|404|192|0|153|1|71|
13|410|192|0|153|1|71|
13|389|192|0|153|1|69|
13|393|192|0|153|1|69|
13|392|192|0|153|1|69|
13|413|192|0|153|1|69|
13|398|192|0|153|1|69|
13|409|192|0|153|1|69|
13|391|192|0|153|1|69|
13|407|192|0|153|1|69|
13|392|192|0|153|1|69|
13|393|192|0|153|1|69|
13|397|288|0|153|1|69|
13|397|192|0|153|1|69|
13|388|192|0|153|1|69|
13|1303|672|0|153|1|69|
13|391|288|0|153|1|69|
13|393|288|0|153|1|69|
13|411|192|0|153|1|69|
13|389|192|0|153|1|69|
13|404|192|0|153|1|69|
13|405|192|0|153|1|69|
13|373|192|0|153|1|69|
13|385|192|0|153|1|69|
13|398|192|0|153|1|69|
13|387|192|0|153|1|69|
13|394|192|0|153|1|69|
13|414|192|0|153|1|69|
13|394|192|0|153|1|69|
13|402|288|0|153|1|69|
13|403|192|0|153|1|69|
13|388|192|0|153|1|71|
13|397|192|0|149|1|71|
13|387|192|0|153|1|71|
13|404|192|0|153|1|71|
13|386|192|0|153|1|71|
13|411|192|0|153|1|71|
13|409|192|0|153|1|71|
13|401|192|0|153|1|71|
13|368|192|0|153|1|71|
13|400|192|0|153|1|71|
13|402|192|0|153|1|71|
13|411|192|0|153|1|71|
13|406|288|0|153|1|71|
13|407|192|0|153|1|69|
13|390|192|0|153|1|69|
13|391|192|0|153|1|69|
13|403|192|0|153|1|69|
13|398|192|0|153|1|69|
13|401|192|0|153|1|69|
13|407|192|0|153|1|69|
13|404|192|0|153|1|69|
13|399|192|0|153|1|69|
13|412|192|0|153|1|69|
13|408|288|0|153|1|69|
13|399|192|0|153|1|69|
13|396|192|0|153|1|69|
13|394|288|0|153|1|71|
13|396|192|0|153|1|69|
13|404|192|0|153|1|69|
13|400|288|0|153|1|69|
13|402|192|0|153|1|71|
13|380|192|0|153|1|69|
13|400|192|0|153|1|69|
13|402|192|0|153|1|69|
13|410|192|0|153|1|69|
13|1643|864|0|153|1|71|
13|386|192|0|153|1|71|
13|394|288|0|153|1|71|
13|409|192|0|153|1|71|
13|394|192|0|153|1|69|
13|391|192|0|153|1|71|
13|642|288|0|153|1|71|
13|409|288|0|153|1|71|
13|394|192|0|153|1|71|
13|1265|672|0|153|1|71|
13|407|288|0|153|1|71|
13|401|192|0|153|1|71|
13|392|288|0|153|1|71|
13|399|192|0|153|1|71|
13|1686|864|0|153|1|71|
13|401|192|0|153|1|71|
13|403|192|0|151|1|71|
13|402|192|0|153|1|71|
13|405|192|0|153|1|71|
13|401|192|0|153|1|69|
13|406|192|0|153|1|69|
13|401|192|0|153|1|69|
13|404|288|0|153|1|69|
13|399|192|0|153|1|69|
13|402|96|0|152|1|69|
13|401|192|0|153|1|69|
13|386|192|0|153|1|69|
13|394|192|0|153|1|69|
13|396|192|0|153|1|69|
13|390|192|0|153|1|69|
13|398|288|0|153|1|69|
13|397|192|0|153|1|69|
13|405|288|0|153|1|69|
13|405|192|0|153|1|69|
13|405|192|0|153|1|69|
13|401|192|0|153|1|69|
13|403|192|0|153|1|69|
13|403|288|0|153|1|69|
13|383|192|0|153|1|69|
13|407|192|0|153|1|69|
13|399|192|0|153|1|69|
13|404|288|0|153|1|69|
13|391|192|0|153|1|69|
13|407|192|0|153|1|69|
13|409|192|0|153|1|69|
13|387|192|0|153|1|69|
13|409|288|0|153|1|69|
13|402|192|0|153|1|69|
13|410|192|0|153|1|69|
13|399|192|0|153|1|71|
13|409|192|0|153|1|71|
13|402|192|0|153|1|71|
13|404|192|0|153|1|71|
13|405|192|0|153|1|71|
13|400|192|0|153|1|71|
13|407|288|0|153|1|71|
13|398|192|0|153|1|69|
13|411|192|0|153|1|69|
13|398|192|0|153|1|69|
13|390|192|0|153|1|69|
13|404|192|0|153|1|71|
13|389|192|0|153|1|69|
13|1134|576|0|153|1|69|
13|398|192|0|153|1|69|
13|386|192|0|153|1|69|
13|392|192|0|153|1|69|
13|388|192|0|153|1|71|
13|378|192|0|153|1|69|
13|1683|864|0|153|1|71|
13|391|192|0|153|1|71|
13|407|192|0|153|1|71|
13|393|192|0|153|1|71|
13|387|192|0|153|1|71|
13|393|288|0|153|1|71|
13|409|192|0|153|1|71|
13|407|192|0|153|1|71|
13|407|192|0|153|1|71|
13|407|288|0|153|1|71|
13|405|192|0|151|1|71|
13|408|192|0|153|1|71|
13|405|288|0|153|1|71|
13|409|192|0|153|1|71|
13|407|192|0|153|1|71|
13|396|192|0|153|1|71|
13|407|192|0|153|1|71|
13|397|192|0|153|1|69|
13|410|192|0|153|1|69|
13|923|480|0|153|1|71|
13|400|192|0|153|1|71|
13|389|192|0|153|1|71|
13|400|192|0|153|1|71|
13|415|192|0|153|1|71|
13|409|192|0|153|1|69|
13|1526|768|0|153|1|69|
13|410|288|0|153|1|69|
13|401|288|0|153|1|69|
13|405|192|0|153|1|69|
13|399|192|0|153|1|69|
13|394|192|0|153|1|69|
13|411|192|0|153|1|69|
13|411|288|0|153|1|69|
13|410|192|0|153|1|71|
13|404|192|0|153|1|71|
13|411|192|0|153|1|69|
13|386|288|0|153|1|71|
13|394|192|0|153|1|71|
13|406|192|0|153|1|71|
13|388|192|0|153|1|71|
13|397|192|0|153|1|71|
13|409|192|0|153|1|71|
13|405|192|0|153|1|71|
13|407|192|0|153|1|71|
13|395|192|0|153|1|71|
13|456|288|0|153|1|71|
13|411|288|0|153|1|71|
13|401|192|0|153|1|71|
13|406|192|0|153|1|69|
13|403|192|0|153|1|69|
13|391|288|0|153|1|69|
13|403|288|0|153|1|69|
13|1081|576|0|153|1|69|
13|390|192|0|153|1|69|
13|394|192|0|153|1|69|
13|404|192|0|153|1|69|
13|391|192|0|153|1|69|
13|399|192|0|153|1|69|
13|398|288|0|153|1|69|
13|406|192|0|153|1|69|
13|392|192|0|153|1|69|
13|363|192|0|153|1|71|
13|392|192|0|153|1|69|
13|390|192|0|153|1|69|
13|408|192|0|153|1|71|
13|394|288|0|153|1|71|
13|399|192|0|153|1|71|
13|399|192|0|153|1|71|
13|399|192|0|153|1|71|
13|398|192|0|153|1|71|
13|412|192|0|153|1|71|
13|405|192|0|153|1|71|
13|402|192|0|153|1|71|
13|394|192|0|153|1|71|
13|399|192|0|153|1|71|
13|401|192|0|153|1|71|
13|404|192|0|153|1|71|
13|403|192|0|153|1|71|
13|406|192|0|153|1|71|
13|411|288|0|153|1|71|
13|404|192|0|153|1|71|
13|395|192|0|153|1|71|
13|401|192|0|153|1|71|
13|388|192|0|153|1|71|
13|398|192|0|151|1|71|
13|406|192|0|149|1|71|
13|411|192|0|153|1|71|
13|392|192|0|153|1|71|
13|404|192|0|153|1|71|
13|401|192|0|153|1|71|
13|406|192|0|153|1|71|
13|398|192|0|153|1|71|
13|407|192|0|153|1|71|
13|388|192|0|151|1|71|
13|403|192|0|153|1|71|
13|387|192|0|153|1|71|
13|401|288|0|153|1|71|
13|414|288|0|153|1|71|
13|388|288|0|153|1|71|
13|413|192|0|153|1|69|
13|391|192|0|153|1|71|
13|410|192|0|153|1|71|
13|391|288|0|153|1|71|
13|407|192|0|151|1|71|
13|396|96|0|153|1|71|
13|409|192|0|153|1|71|
13|400|192|0|153|1|71|
13|412|288|0|153|1|71|
13|404|192|0|153|1|71|
13|400|192|0|153|1|71|
13|409|288|0|153|1|71|
13|402|288|0|151|1|71|
13|393|192|0|153|1|71|
13|404|288|0|153|1|71|
13|400|192|0|153|1|71|
13|411|288|0|153|1|71|
13|388|192|0|153|1|71|
13|405|192|0|153|1|71|
13|389|192|0|153|1|71|
13|407|288|0|153|1|71|
13|398|192|0|153|1|71|
13|408|192|0|153|1|71|
13|398|192|0|153|1|71|
13|387|192|0|153|1|71|
13|398|288|0|153|1|71|
13|409|192|0|153|1|71|
13|412|192|0|153|1|71|
13|404|192|0|153|1|71|
13|401|192|0|153|1|71|
13|412|192|0|153|1|71|
13|409|192|0|153|1|71|
13|393|288|0|153|1|69|
13|408|288|0|153|1|69|
13|393|192|0|153|1|71|
13|387|192|0|153|1|69|
13|387|192|0|153|1|69|
13|408|192|0|153|1|71|
13|605|288|0|403|1|72|
13|393|192|0|347|1|97|
13|393|192|0|153|1|71|
13|409|192|0|153|1|71|
13|400|192|0|153|1|71|
13|392|192|0|153|1|71|
13|1373|864|0|153|1|71|
13|409|192|0|153|1|71|
13|412|192|0|153|1|71|
13|394|192|0|153|1|71|
13|409|192|0|153|1|69|
13|400|192|0|153|1|69|
13|409|192|0|153|1|69|
13|402|96|0|153|1|69|
13|408|192|0|153|1|69|
13|410|288|0|153|1|69|
13|390|192|0|153|1|69|
13|406|288|0|153|1|69|
13|393|192|0|153|1|69|
13|399|192|0|153|1|69|
13|392|192|0|153|1|69|
13|402|192|0|153|1|69|
13|405|192|0|153|1|69|
13|401|192|0|153|1|71|
13|1326|576|0|153|1|71|
13|406|192|0|153|1|71|
13|401|192|0|153|1|71|
13|404|192|0|153|1|71|
13|408|192|0|153|1|71|
13|414|192|0|153|1|71|
13|403|192|0|153|1|71|
13|408|192|0|153|1|71|
13|397|288|0|153|1|69|
13|404|192|0|153|1|69|
13|393|96|0|153|1|69|
13|388|192|0|153|1|69|
13|400|192|0|153|1|69|
13|402|192|0|153|1|69|
13|392|192|0|153|1|69|
13|402|192|0|153|1|69|
13|403|192|0|153|1|69|
13|403|288|0|153|1|69|
13|406|192|0|153|1|69|
13|400|192|0|153|1|69|
13|407|288|0|153|1|69|
13|399|288|0|153|1|69|
13|407|192|0|153|1|69|
13|394|192|0|153|1|69|
13|397|192|0|153|1|69|
13|408|192|0|153|1|69|
13|400|192|0|153|1|71|
13|409|192|0|153|1|71|
13|415|192|0|153|1|71|
13|399|192|0|151|1|71|
13|401|192|0|153|1|71|
13|388|192|0|153|1|71|
13|391|192|0|153|1|71|
13|389|192|0|153|1|71|
13|413|192|0|153|1|71|
13|409|288|0|153|1|71|
13|397|192|0|151|1|71|
13|388|192|0|153|1|71|
13|402|192|0|153|1|71|
13|409|192|0|153|1|71|
13|401|192|0|153|1|71|
13|408|192|0|153|1|71|
13|411|288|0|153|1|71|
13|394|192|0|153|1|71|
13|395|192|0|153|1|69|
13|395|192|0|153|1|71|
13|395|192|0|153|1|71|
13|395|192|0|153|1|69|
13|393|192|0|153|1|71|
13|388|192|0|153|1|71|
13|395|192|0|153|1|71|
13|385|192|0|151|1|71|
13|403|192|0|153|1|71|
13|386|192|0|153|1|71|
13|402|192|0|153|1|71|
13|399|96|0|153|1|71|
13|392|288|0|153|1|71|
13|397|288|0|153|1|71|
13|400|288|0|153|1|71|
13|392|192|0|153|1|69|
13|403|192|0|153|1|69|
13|400|192|0|153|1|69|
13|403|192|0|153|1|69|
13|403|192|0|153|1|69|
13|389|192|0|151|1|69|
13|405|192|0|153|1|69|
13|395|288|0|153|1|69|
13|398|192|0|149|1|69|
13|393|192|0|153|1|69|
13|409|288|0|153|1|69|
13|400|192|0|153|1|69|
13|410|192|0|153|1|69|
13|402|192|0|153|1|69|
13|406|192|0|153|1|69|
13|411|288|0|153|1|69|
13|387|192|0|153|1|69|
13|398|192|0|153|1|69|
13|402|192|0|153|1|69|
13|388|192|0|153|1|69|
13|400|192|0|153|1|69|
13|386|192|0|153|1|69|
13|400|192|0|153|1|69|
13|393|288|0|151|1|71|
13|410|192|0|153|1|71|
13|396|192|0|153|1|71|
13|403|192|0|153|1|71|
13|399|192|0|153|1|69|
13|383|192|0|151|1|71|
13|409|288|0|153|1|71|
13|404|288|0|153|1|71|
13|386|192|0|153|1|71|
13|391|192|0|153|1|71|
13|399|288|0|153|1|71|
13|388|192|0|153|1|71|
13|400|192|0|153|1|71|
13|408|192|0|153|1|71|
13|400|192|0|153|1|71|
13|400|192|0|153|1|71|
13|408|192|0|153|1|71|
13|403|192|0|153|1|71|
13|388|192|0|153|1|71|
13|404|192|0|153|1|71|
13|406|192|0|151|1|71|
13|413|192|0|153|1|69|
13|401|288|0|153|1|69|
13|409|192|0|153|1|69|
13|404|192|0|153|1|69|
13|409|192|0|153|1|69|
13|407|192|0|153|1|69|
13|405|288|0|153|1|69|
13|410|288|0|151|1|69|
13|401|192|0|153|1|69|
13|410|288|0|153|1|69|
13|397|192|0|153|1|69|
13|407|192|0|151|1|69|
13|403|288|0|153|1|69|
13|401|192|0|153|1|69|
13|401|192|0|153|1|69|
13|380|192|0|153|1|69|
13|393|192|0|153|1|71|
13|378|192|0|153|1|69|
13|403|288|0|153|1|69|
13|389|192|0|153|1|69|
13|396|192|0|151|1|69|
13|395|192|0|153|1|69|
13|392|192|0|153|1|69|
13|403|192|0|153|1|69|
13|391|192|0|153|1|69|
13|413|192|0|153|1|69|
13|403|192|0|153|1|69|
13|1916|960|0|153|1|69|
13|405|192|0|153|1|69|
13|394|192|0|153|1|69|
13|412|192|0|153|1|71|
13|1149|576|0|153|1|71|
13|409|288|0|153|1|71|
13|392|192|0|153|1|69|
13|412|192|0|153|1|69|
13|400|192|0|153|1|69|
13|408|288|0|153|1|71|
13|400|192|0|153|1|71|
13|409|192|0|153|1|71|
13|391|192|0|153|1|71|
13|408|192|0|153|1|71|
13|406|192|0|153|1|71|
13|411|192|0|153|1|71|
13|406|192|0|153|1|71|
13|391|192|0|153|1|71|
13|409|288|0|153|1|71|
13|411|192|0|153|1|71|
13|408|192|0|153|1|71|
13|411|192|0|153|1|69|
13|395|192|0|151|1|69|
13|1363|768|0|153|1|69|
13|402|192|0|149|1|69|
13|404|192|0|153|1|69|
13|412|192|0|153|1|69|
13|408|192|0|153|1|69|
13|392|96|0|153|1|69|
13|414|192|0|151|1|69|
13|868|384|0|153|1|69|
13|416|288|0|153|1|69|
13|400|192|0|153|1|69|
13|409|192|0|153|1|69|
13|405|288|0|153|1|69|
13|403|192|0|153|1|69|
13|1533|864|0|153|1|69|
13|410|192|0|153|1|69|
13|401|192|0|153|1|69|
13|406|192|0|153|1|69|
13|389|192|0|153|1|69|
13|403|192|0|153|1|71|
13|439|192|0|153|1|71|
13|387|192|0|151|1|71|
13|404|192|0|153|1|71|
13|402|192|0|153|1|69|
13|407|192|0|153|1|69|
13|387|192|0|153|1|69|
13|404|192|0|153|1|69|
13|408|288|0|153|1|69|
13|402|192|0|153|1|71|
13|406|288|0|153|1|71|
13|405|192|0|153|1|71|
13|404|288|0|151|1|71|
13|397|192|0|153|1|71|
13|404|192|0|153|1|71|
13|390|192|0|153|1|71|
13|405|192|0|151|1|71|
13|412|288|0|153|1|71|
13|407|192|0|153|1|71|
13|1172|672|0|153|1|71|
13|409|288|0|153|1|71|
13|407|288|0|153|1|71|
13|399|288|0|153|1|71|
13|397|192|0|153|1|71|
13|402|288|0|153|1|69|
13|396|192|0|153|1|69|
13|593|288|0|401|1|70|
13|398|192|0|151|1|69|
13|393|192|0|153|1|69|
13|407|192|0|153|1|69|
13|393|192|0|153|1|69|
13|400|192|0|153|1|69|
13|391|192|0|153|1|69|
13|401|192|0|348|1|95|
13|411|192|0|153|1|69|
13|391|192|0|153|1|69|
13|415|192|0|354|1|97|
13|392|192|0|346|1|97|
13|396|192|0|153|1|71|
13|400|192|0|153|1|71|
13|620|384|0|403|1|72|
13|627|384|0|405|1|72|
13|611|384|0|403|1|72|
13|619|288|0|402|1|72|
13|596|288|0|402|1|72|
13|404|192|0|349|1|97|
13|407|192|0|351|1|97|
13|404|192|0|153|1|71|
13|401|192|0|153|1|71|
13|403|192|0|153|1|71|
13|617|384|0|406|1|72|
13|389|192|0|153|1|71|
13|396|288|0|151|1|71|
13|410|192|0|153|1|69|
13|398|192|0|153|1|69|
13|403|192|0|153|1|69|
13|616|288|0|401|1|70|
13|405|192|0|153|1|69|
13|402|192|0|153|1|69|
13|402|192|0|347|1|97|
13|401|192|0|153|1|69|
13|409|192|0|153|1|69|
13|410|192|0|153|1|69|
13|443|192|0|153|1|69|
13|408|288|0|352|1|97|
13|406|288|0|352|1|97|
13|407|288|0|350|1|97|
13|405|192|0|151|1|71|
13|404|288|0|153|1|71|
13|404|288|0|153|1|71|
13|1286|672|0|153|1|71|
13|395|192|0|153|1|71|
13|405|192|0|153|1|71|
13|416|288|0|153|1|71|
13|616|288|0|400|1|72|
13|399|192|0|153|1|71|
13|396|192|0|346|1|93|
13|390|192|0|153|1|71|
13|403|288|0|349|1|93|
13|390|192|0|153|1|71|
13|392|192|0|153|1|71|
13|392|192|0|153|1|71|
13|409|288|0|350|1|97|
13|403|192|0|153|1|71|
13|406|192|0|153|1|71|
13|394|192|0|153|1|71|
13|401|192|0|153|1|71|
13|396|192|0|153|1|71|
13|614|288|0|403|1|70|
13|393|288|0|345|1|97|
13|402|192|0|352|1|97|
13|606|288|0|400|1|72|
13|403|192|0|349|1|97|
13|394|192|0|346|1|95|
13|364|192|0|153|1|69|
13|390|192|0|153|1|69|
13|400|192|0|153|1|69|
13|389|192|0|153|1|69|
13|394|192|0|153|1|71|
13|387|192|0|153|1|71|
13|406|192|0|349|1|95|
13|389|192|0|153|1|69|
13|403|192|0|153|1|71|
13|609|384|0|403|1|72|
13|403|192|0|153|1|71|
13|413|192|0|353|1|97|
13|398|192|0|153|1|71|
13|394|192|0|153|1|71|
13|402|288|0|153|1|71|
13|409|192|0|151|1|71|
13|409|192|0|153|1|71|
13|401|192|0|153|1|71|
13|409|288|0|153|1|71|
13|401|192|0|153|1|71|
13|406|192|0|153|1|71|
13|387|288|0|153|1|71|
13|401|288|0|153|1|71|
13|734|384|0|153|1|71|
13|387|192|0|151|1|69|
13|402|192|0|151|1|69|
13|404|288|0|153|1|69|
13|1479|768|0|153|1|69|
13|403|192|0|153|1|69|
13|390|192|0|153|1|69|
13|399|192|0|151|1|69|
13|943|480|0|153|1|69|
13|392|192|0|153|1|69|
13|389|192|0|153|1|69|
13|391|192|0|153|1|69|
13|707|384|0|153|1|69|
13|390|192|0|151|1|69|
13|399|288|0|153|1|69|
13|396|192|0|153|1|69|
13|700|384|0|151|1|69|
13|401|192|0|348|1|91|
13|402|288|0|153|1|69|
13|409|192|0|351|1|97|
13|386|192|0|151|1|71|
13|395|192|0|153|1|71|
13|608|288|0|401|1|72|
13|389|192|0|153|1|71|
13|401|192|0|153|1|71|
13|395|192|0|153|1|71|
13|401|192|0|153|1|71|
13|412|192|0|353|1|97|
13|395|288|0|348|1|93|
13|398|192|0|153|1|71|
13|387|192|0|153|1|71|
13|395|192|0|153|1|71|
13|394|192|0|151|1|71|
13|408|288|0|153|1|71|
13|619|288|0|403|1|72|
13|405|192|0|153|1|69|
13|392|288|0|153|1|69|
13|394|192|0|153|1|69|
13|392|192|0|153|1|69|
13|391|192|0|153|1|69|
13|391|192|0|153|1|69|
13|393|192|0|153|1|69|
13|398|288|0|153|1|69|
13|385|192|0|153|1|69|
13|400|192|0|153|1|69|
13|408|192|0|149|1|69|
13|400|192|0|153|1|69|
13|412|288|0|153|1|69|
13|402|192|0|153|1|69|
13|395|192|0|153|1|69|
13|401|288|0|153|1|69|
13|407|288|0|153|1|69|
13|399|288|0|153|1|69|
13|404|192|0|153|1|69|
13|396|192|0|153|1|69|
13|376|192|0|153|1|69|
13|396|192|0|153|1|69|
13|390|192|0|153|1|71|
13|391|192|0|153|1|71|
13|393|192|0|153|1|69|
13|394|192|0|345|1|95|
13|411|192|0|153|1|69|
13|389|192|0|153|1|69|
13|394|192|0|153|1|69|
13|407|192|0|153|1|69|
13|605|288|0|402|1|70|
13|403|192|0|153|1|69|
13|393|192|0|153|1|69|
13|386|288|0|153|1|69|
13|396|192|0|153|1|69|
13|612|288|0|403|1|70|
13|405|192|0|153|1|69|
13|404|192|0|350|1|97|
13|408|192|0|153|1|69|
13|400|288|0|153|1|69|
13|398|192|0|153|1|69|
13|406|192|0|350|1|91|
13|399|288|0|153|1|69|
13|413|192|0|153|1|69|
13|396|192|0|153|1|69|
13|616|288|0|402|1|70|
13|1763|960|0|390|1|91|
13|408|288|0|153|1|69|
13|389|192|0|153|1|69|
13|391|192|0|153|1|69|
13|412|192|0|151|1|69|
13|395|192|0|346|1|93|
13|394|288|0|153|1|71|
13|389|192|0|151|1|71|
13|392|192|0|153|1|71|
13|607|288|0|403|1|72|
13|392|192|0|153|1|71|
13|392|288|0|153|1|71|
13|402|192|0|153|1|69|
13|398|192|0|153|1|69|
13|402|192|0|153|1|69|
13|398|192|0|153|1|69|
13|391|192|0|153|1|69|
13|385|288|0|153|1|69|
13|401|192|0|153|1|69|
13|397|192|0|153|1|69|
13|408|192|0|153|1|69|
13|386|192|0|153|1|69|
13|410|192|0|153|1|69|
13|388|192|0|153|1|69|
13|1677|864|0|153|1|69|
13|399|192|0|153|1|69|
13|384|192|0|153|1|69|
13|406|192|0|153|1|69|
13|385|192|0|153|1|69|
13|408|192|0|151|1|69|
13|407|288|0|153|1|69|
13|404|192|0|153|1|69|
13|400|192|0|153|1|69|
13|400|192|0|153|1|69|
13|395|192|0|153|1|69|
13|386|192|0|153|1|69|
13|393|192|0|153|1|69|
13|388|192|0|153|1|69|
13|398|96|0|153|1|69|
13|404|192|0|153|1|69|
13|397|192|0|153|1|69|
13|402|192|0|153|1|69|
13|405|192|0|153|1|69|
13|400|192|0|153|1|69|
13|396|192|0|153|1|69|
13|400|192|0|153|1|69|
13|404|192|0|153|1|69|
13|394|192|0|153|1|69|
13|393|192|0|153|1|69|
13|388|192|0|153|1|69|
13|393|192|0|153|1|69|
13|398|192|0|153|1|69|
13|401|288|0|153|1|69|
13|393|192|0|153|1|71|
13|405|192|0|153|1|71|
13|393|192|0|153|1|69|
13|405|192|0|153|1|69|
13|410|192|0|153|1|69|
13|408|192|0|153|1|69|
13|410|192|0|153|1|69|
13|391|192|0|153|1|69|
13|400|192|0|153|1|69|
13|391|192|0|153|1|69|
13|391|192|0|153|1|69|
13|409|288|0|153|1|71|
13|391|192|0|153|1|71|
13|398|192|0|153|1|71|
13|391|192|0|153|1|71|
13|392|192|0|153|1|71|
13|395|192|0|153|1|71|
13|394|192|0|153|1|71|
13|404|192|0|153|1|71|
13|398|192|0|153|1|71|
13|403|192|0|153|1|71|
13|397|192|0|153|1|71|
13|387|192|0|153|1|69|
13|397|192|0|153|1|69|
13|386|192|0|153|1|69|
13|406|192|0|153|1|69|
13|385|192|0|153|1|69|
13|410|192|0|153|1|71|
13|405|288|0|153|1|71|
13|407|192|0|153|1|71|
13|404|192|0|153|1|69|
13|399|192|0|153|1|69|
13|391|192|0|153|1|69|
13|395|192|0|153|1|69|
13|409|288|0|153|1|69|
13|1258|672|0|153|1|69|
13|394|192|0|153|1|69|
13|393|192|0|153|1|69|
13|392|192|0|153|1|69|
13|392|192|0|153|1|69|
13|389|192|0|153|1|69|
13|388|192|0|153|1|69|
13|391|192|0|151|1|69|
13|390|192|0|153|1|69|
13|411|288|0|153|1|69|
13|385|192|0|153|1|69|
13|390|192|0|153|1|69|
13|1952|960|0|151|1|69|
13|392|192|0|153|1|69|
13|397|192|0|153|1|69|
13|403|192|0|153|1|69|
13|399|192|0|153|1|69|
13|406|96|0|153|1|69|
13|410|192|0|153|1|69|
13|407|288|0|153|1|71|
13|402|192|0|153|1|71|
13|392|192|0|153|1|71|
13|406|288|0|153|1|71|
13|400|192|0|153|1|71|
13|409|288|0|153|1|69|
13|391|288|0|153|1|69|
13|410|192|0|153|1|71|
13|600|288|0|399|1|72|
13|604|288|0|403|1|72|
13|404|192|0|153|1|71|
13|393|288|0|153|1|71|
13|399|288|0|153|1|71|
13|390|192|0|153|1|71|
13|408|192|0|153|1|71|
13|393|192|0|153|1|71|
13|397|192|0|153|1|71|
13|361|192|0|153|1|71|
13|396|192|0|153|1|69|
13|399|288|0|153|1|69|
13|404|192|0|153|1|69|
13|395|192|0|153|1|69|
13|381|192|0|153|1|69|
13|399|192|0|153|1|69|
13|391|192|0|153|1|69|
13|396|192|0|153|1|69|
13|386|192|0|153|1|69|
13|404|192|0|153|1|69|
13|407|288|0|153|1|69|
13|405|192|0|153|1|69|
13|406|192|0|153|1|69|
13|408|288|0|153|1|69|
13|405|192|0|153|1|69|
13|390|192|0|153|1|69|
13|401|288|0|153|1|69|
13|392|288|0|153|1|69|
13|402|192|0|153|1|69|
13|437|192|0|153|1|69|
13|400|288|0|153|1|71|
13|406|192|0|153|1|71|
13|391|192|0|153|1|71|
13|409|192|0|153|1|71|
13|406|288|0|153|1|71|
13|395|192|0|153|1|71|
13|397|288|0|153|1|71|
13|394|192|0|153|1|71|
13|402|288|0|153|1|71|
13|386|192|0|153|1|71|
13|401|192|0|153|1|71|
13|1103|672|0|153|1|71|
13|386|288|0|153|1|71|
13|386|192|0|153|1|71|
13|396|192|0|153|1|71|
13|400|192|0|153|1|71|
13|397|192|0|153|1|71|
13|399|192|0|153|1|71|
13|403|192|0|153|1|71|
13|380|192|0|153|1|71|
13|408|192|0|153|1|69|
13|392|192|0|153|1|69|
13|389|192|0|153|1|71|
13|401|192|0|153|1|71|
13|400|288|0|153|1|71|
13|405|288|0|153|1|71|
13|389|192|0|153|1|71|
13|386|288|0|153|1|71|
13|408|192|0|153|1|71|
13|392|192|0|153|1|71|
13|622|384|0|153|1|71|
13|407|288|0|153|1|71|
13|395|288|0|153|1|71|
13|403|288|0|153|1|71|
13|405|192|0|153|1|71|
13|402|192|0|153|1|71|
13|401|192|0|153|1|71|
13|406|288|0|153|1|71|
13|1801|960|0|153|1|71|
13|408|192|0|153|1|71|
13|405|192|0|153|1|71|
13|396|288|0|153|1|71|
13|398|288|0|153|1|71|
13|407|288|0|153|1|71|
13|405|192|0|153|1|71|
13|401|192|0|153|1|71|
13|405|288|0|153|1|71|
13|402|192|0|153|1|71|
13|404|192|0|153|1|71|
13|405|192|0|153|1|71|
13|398|192|0|153|1|71|
13|1003|480|0|153|1|71|
13|397|192|0|153|1|71|
13|480|192|0|153|1|69|
13|383|192|0|153|1|69|
13|396|192|0|153|1|69|
13|387|192|0|153|1|69|
13|394|192|0|153|1|71|
13|825|480|0|151|1|71|
13|385|192|0|153|1|71|
13|393|192|0|153|1|71|
13|409|192|0|153|1|71|
13|393|192|0|153|1|69|
13|396|192|0|153|1|69|
13|387|192|0|153|1|69|
13|387|192|0|153|1|69|
13|393|192|0|153|1|69|
13|385|192|0|153|1|69|
13|395|288|0|153|1|69|
13|828|480|0|153|1|69|
13|391|192|0|153|1|69|
