INSTRUCTIONS_RETIRED|CYCLES|UNKNOWN|LD_BLOCKS.STORE_FORWARD|UOPS_EXECUTED.CORE|BR_MISP_RETIRED.ALL_BRANCHES|UOPS_ISSUED.SLOW_LEA|
13|401|192|0|182|1|137|
13|501|288|0|215|1|141|
13|391|192|0|179|1|137|
13|409|192|0|184|1|141|
13|405|192|0|183|1|141|
13|390|192|0|178|1|141|
13|408|192|0|184|1|141|
13|390|192|0|178|1|141|
13|407|192|0|184|1|137|
13|384|192|0|176|1|141|
13|398|192|0|181|1|141|
13|391|288|0|178|1|137|
13|413|192|0|186|1|141|
13|403|192|0|183|1|137|
13|410|288|0|185|1|137|
13|393|192|0|179|1|141|
13|398|288|0|181|1|141|
13|383|192|0|176|1|141|
13|401|192|0|182|1|141|
13|388|192|0|178|1|137|
13|411|192|0|185|1|137|
13|446|288|0|197|1|141|
13|378|192|0|174|1|137|
13|385|192|0|176|1|137|
13|409|192|0|184|1|137|
13|415|192|0|711|1|0|
13|393|192|0|179|1|141|
13|1914|960|0|221|1|141|
13|395|192|0|179|1|141|
13|401|192|0|181|1|137|
13|400|192|0|181|1|141|
13|402|192|0|182|1|137|
13|387|192|0|177|1|141|
13|408|192|0|184|1|137|
13|387|192|0|177|1|141|
13|395|192|0|179|1|141|
13|397|192|0|180|1|137|
13|390|192|0|178|1|137|
13|408|192|0|184|1|137|
13|395|96|0|179|1|141|
13|390|192|0|178|1|141|
13|397|192|0|180|1|141|
13|387|192|0|177|1|137|
13|383|192|0|176|1|141|
13|387|192|0|177|1|141|
13|389|192|0|178|1|141|
13|390|192|0|178|1|141|
13|391|192|0|178|1|141|
13|405|192|0|183|1|137|
13|395|192|0|180|1|137|
13|398|192|0|181|1|137|
13|391|192|0|178|1|137|
13|406|192|0|183|1|141|
13|396|192|0|180|1|137|
13|394|192|0|179|1|141|
13|399|192|0|181|1|141|
13|396|192|0|180|1|137|
13|391|192|0|178|1|141|
13|404|288|0|183|1|141|
13|409|192|0|184|1|137|
13|393|192|0|179|1|141|
13|391|192|0|178|1|137|
13|408|192|0|184|1|141|
13|388|192|0|177|1|137|
13|406|192|0|183|1|141|
13|389|192|0|178|1|137|
13|388|192|0|177|1|137|
13|392|192|0|179|1|137|
13|398|192|0|181|1|137|
13|406|192|0|183|1|141|
13|401|192|0|181|1|141|
13|405|192|0|183|1|141|
13|411|192|0|185|1|137|
13|400|192|0|180|1|141|
13|400|192|0|181|1|137|
13|401|192|0|182|1|141|
13|401|192|0|182|1|141|
13|410|192|0|185|1|141|
13|415|288|0|186|1|137|
13|380|192|0|174|1|141|
13|386|192|0|176|1|141|
13|393|288|0|179|1|137|
13|401|192|0|181|1|137|
13|387|192|0|177|1|141|
13|404|288|0|181|1|137|
13|401|192|0|181|1|137|
13|411|192|0|185|1|137|
13|405|192|0|183|1|137|
13|410|192|0|185|1|141|
13|389|192|0|177|1|137|
13|411|192|0|185|1|137|
13|543|288|0|221|1|141|
13|393|192|0|179|1|137|
13|383|192|0|176|1|141|
13|390|192|0|178|1|139|
13|384|192|0|176|1|141|
13|387|192|0|177|1|137|
13|391|192|0|179|1|137|
13|387|192|0|176|1|141|
13|399|192|0|181|1|137|
13|390|192|0|178|1|137|
13|392|288|0|179|1|141|
13|395|192|0|180|1|141|
13|391|192|0|177|1|137|
13|407|192|0|184|1|141|
13|408|192|0|184|1|141|
13|407|192|0|184|1|137|
13|406|192|0|184|1|141|
13|390|192|0|178|1|137|
13|397|192|0|181|1|141|
13|459|192|0|201|1|137|
13|410|192|0|185|1|137|
13|408|192|0|184|1|141|
13|397|192|0|180|1|141|
13|392|192|0|179|1|137|
13|402|192|0|182|1|137|
13|405|192|0|183|1|137|
13|401|192|0|182|1|137|
13|406|192|0|183|1|141|
13|410|288|0|185|1|141|
13|391|192|0|178|1|137|
13|873|480|0|217|1|137|
13|392|192|0|179|1|141|
13|394|192|0|180|1|141|
13|512|192|0|217|1|137|
13|405|192|0|183|1|141|
13|391|192|0|179|1|137|
13|404|192|0|183|1|141|
13|386|192|0|177|1|141|
13|404|192|0|182|1|141|
13|407|288|0|184|1|141|
13|404|192|0|182|1|137|
13|410|192|0|184|1|137|
13|408|192|0|184|1|137|
13|399|192|0|181|1|141|
13|400|192|0|181|1|137|
13|403|192|0|182|1|137|
13|384|192|0|176|1|137|
13|407|192|0|183|1|137|
13|406|192|0|183|1|141|
13|408|192|0|184|1|141|
13|391|192|0|178|1|141|
13|400|192|0|181|1|137|
13|406|192|0|183|1|141|
13|402|192|0|182|1|141|
13|407|192|0|183|1|141|
13|398|192|0|180|1|141|
13|396|192|0|180|1|137|
13|398|192|0|180|1|141|
13|392|192|0|178|1|137|
13|398|192|0|180|1|141|
13|392|288|0|178|1|141|
13|394|192|0|179|1|137|
13|394|192|0|179|1|137|
13|393|192|0|179|1|139|
13|408|192|0|184|1|141|
13|412|192|0|185|1|141|
13|406|192|0|183|1|141|
13|392|192|0|179|1|137|
13|407|192|0|184|1|137|
13|396|192|0|180|1|141|
13|389|192|0|177|1|141|
13|403|192|0|182|1|141|
13|391|288|0|178|1|137|
13|411|192|0|185|1|141|
13|391|288|0|178|1|141|
13|398|192|0|180|1|137|
13|365|192|0|170|1|137|
13|382|192|0|175|1|139|
13|380|288|0|174|1|137|
13|364|192|0|169|1|137|
13|394|192|0|180|1|141|
13|406|192|0|183|1|137|
13|389|192|0|178|1|137|
13|416|192|0|186|1|137|
13|389|192|0|178|1|137|
13|408|192|0|184|1|137|
13|411|192|0|185|1|141|
13|394|192|0|179|1|141|
13|396|192|0|180|1|137|
13|405|288|0|183|1|141|
13|392|192|0|177|1|137|
13|410|288|0|185|1|137|
13|370|192|0|171|1|141|
13|408|192|0|184|1|137|
13|390|192|0|178|1|141|
13|403|192|0|182|1|137|
13|395|192|0|178|1|141|
13|409|288|0|184|1|141|
13|389|192|0|178|1|137|
13|399|288|0|181|1|141|
13|412|192|0|185|1|137|
13|394|192|0|179|1|141|
13|399|192|0|181|1|141|
13|854|480|0|221|1|141|
13|399|288|0|181|1|137|
13|406|192|0|183|1|141|
13|391|192|0|178|1|141|
13|405|192|0|183|1|137|
13|401|192|0|182|1|137|
13|404|192|0|183|1|137|
13|396|192|0|180|1|137|
13|402|192|0|182|1|137|
13|392|192|0|179|1|141|
13|461|192|0|202|1|137|
13|401|192|0|182|1|141|
13|405|192|0|183|1|137|
13|400|288|0|182|1|141|
13|405|192|0|183|1|141|
13|406|288|0|184|1|141|
13|389|288|0|178|1|137|
13|412|192|0|185|1|137|
13|384|192|0|176|1|141|
13|410|288|0|185|1|137|
13|406|192|0|183|1|141|
13|386|192|0|177|1|141|
13|410|288|0|185|1|141|
13|404|192|0|183|1|137|
13|395|192|0|180|1|137|
13|396|192|0|180|1|137|
13|398|192|0|181|1|141|
13|391|192|0|178|1|141|
13|396|192|0|180|1|137|
13|388|192|0|177|1|137|
13|383|96|0|176|1|141|
13|385|192|0|176|1|137|
13|389|192|0|178|1|137|
13|404|192|0|183|1|137|
13|389|192|0|178|1|137|
13|407|192|0|184|1|137|
13|398|192|0|181|1|141|
13|386|192|0|177|1|141|
13|406|192|0|184|1|141|
13|398|192|0|181|1|137|
13|405|192|0|183|1|137|
13|402|288|0|182|1|137|
13|399|192|0|181|1|137|
13|393|288|0|179|1|137|
13|398|192|0|181|1|137|
13|400|192|0|181|1|141|
13|408|192|0|184|1|141|
13|397|192|0|179|1|137|
13|399|288|0|181|1|141|
13|395|192|0|180|1|141|
13|403|288|0|182|1|137|
13|408|192|0|184|1|137|
13|398|192|0|181|1|141|
13|414|288|0|186|1|137|
13|407|192|0|184|1|141|
13|402|192|0|182|1|137|
13|404|192|0|183|1|137|
13|387|192|0|177|1|137|
13|407|192|0|184|1|137|
13|395|192|0|180|1|141|
13|400|192|0|181|1|141|
13|391|288|0|178|1|137|
13|397|192|0|180|1|139|
13|411|192|0|185|1|137|
13|410|192|0|185|1|141|
13|398|192|0|181|1|137|
13|393|192|0|179|1|141|
13|395|192|0|180|1|137|
13|403|192|0|182|1|141|
13|408|192|0|184|1|137|
13|410|192|0|185|1|141|
13|397|192|0|180|1|137|
13|1733|864|0|221|1|141|
13|404|192|0|183|1|139|
13|394|192|0|179|1|137|
13|405|192|0|183|1|141|
13|396|192|0|179|1|137|
13|392|192|0|179|1|141|
13|388|288|0|177|1|139|
13|413|192|0|186|1|137|
13|410|288|0|185|1|137|
13|410|192|0|185|1|141|
13|397|192|0|180|1|137|
13|391|192|0|178|1|137|
13|394|192|0|179|1|137|
13|391|192|0|178|1|137|
13|393|192|0|179|1|137|
13|409|192|0|184|1|137|
13|396|192|0|180|1|141|
13|409|192|0|184|1|137|
13|1963|1056|0|217|1|137|
13|409|192|0|184|1|137|
13|390|192|0|178|1|141|
13|393|192|0|179|1|137|
13|402|192|0|182|1|141|
13|397|192|0|180|1|141|
13|412|192|0|185|1|141|
13|1709|864|0|217|1|137|
13|353|192|0|164|1|137|
13|384|192|0|176|1|141|
13|394|192|0|179|1|137|
13|400|192|0|181|1|141|
13|412|192|0|185|1|141|
13|395|192|0|180|1|141|
13|411|192|0|185|1|137|
13|405|192|0|182|1|141|
13|406|192|0|183|1|141|
13|390|192|0|178|1|141|
13|404|192|0|183|1|141|
13|404|192|0|183|1|137|
13|397|192|0|181|1|137|
13|387|192|0|177|1|141|
13|405|288|0|182|1|141|
13|389|192|0|178|1|141|
13|408|192|0|184|1|141|
13|386|192|0|177|1|137|
13|409|192|0|184|1|137|
13|396|192|0|180|1|141|
13|388|192|0|178|1|137|
13|401|192|0|181|1|141|
13|407|192|0|184|1|141|
13|400|192|0|181|1|141|
13|407|192|0|183|1|141|
13|406|192|0|183|1|141|
13|392|192|0|179|1|137|
13|409|288|0|351|1|117|
13|412|192|0|185|1|137|
13|405|288|0|183|1|137|
13|620|288|0|433|1|142|
13|407|192|0|183|1|141|
13|393|192|0|179|1|137|
13|620|384|0|431|1|138|
13|398|288|0|179|1|137|
13|390|192|0|178|1|137|
13|402|192|0|182|1|141|
13|394|192|0|179|1|141|
13|401|192|0|181|1|137|
13|412|192|0|185|1|137|
13|408|192|0|184|1|141|
13|1323|672|0|221|1|141|
13|410|192|0|351|1|111|
13|403|192|0|182|1|137|
13|405|192|0|183|1|137|
13|402|192|0|182|1|141|
13|394|192|0|179|1|137|
13|405|288|0|183|1|141|
13|603|288|0|429|1|138|
13|621|288|0|433|1|142|
13|602|288|0|428|1|138|
13|412|192|0|185|1|137|
13|388|192|0|177|1|141|
13|411|192|0|185|1|141|
13|391|192|0|345|1|113|
13|410|192|0|185|1|141|
13|411|288|0|352|1|121|
13|387|192|0|177|1|141|
13|405|288|0|183|1|137|
13|408|192|0|184|1|137|
13|401|192|0|181|1|141|
13|401|192|0|181|1|141|
13|404|192|0|182|1|137|
13|389|192|0|177|1|141|
13|408|192|0|184|1|141|
13|413|288|0|352|1|117|
13|413|288|0|185|1|141|
13|387|192|0|177|1|137|
13|553|288|0|221|1|141|
13|388|192|0|177|1|141|
13|394|192|0|179|1|141|
13|400|192|0|181|1|137|
13|396|192|0|180|1|141|
13|409|288|0|184|1|141|
13|402|288|0|182|1|141|
13|412|192|0|185|1|141|
13|408|192|0|184|1|141|
13|601|288|0|426|1|138|
13|602|288|0|426|1|142|
13|409|192|0|349|1|115|
13|1712|864|0|221|1|141|
13|409|192|0|184|1|141|
13|401|192|0|181|1|141|
13|412|192|0|185|1|141|
13|399|192|0|181|1|139|
13|602|288|0|426|1|140|
13|400|192|0|181|1|141|
13|388|192|0|177|1|139|
13|401|192|0|181|1|137|
13|392|192|0|177|1|139|
13|398|192|0|180|1|137|
13|389|192|0|178|1|137|
13|617|288|0|430|1|138|
13|395|192|0|346|1|111|
13|409|192|0|184|1|139|
13|391|192|0|178|1|141|
13|378|192|0|174|1|139|
13|394|192|0|179|1|141|
13|393|192|0|179|1|141|
13|411|192|0|185|1|141|
13|393|192|0|179|1|141|
13|390|192|0|178|1|141|
13|404|192|0|183|1|141|
13|592|384|0|422|1|138|
13|409|192|0|350|1|115|
13|401|192|0|181|1|137|
13|394|192|0|179|1|141|
13|401|192|0|181|1|137|
13|407|192|0|350|1|113|
13|399|192|0|181|1|141|
13|407|288|0|183|1|141|
13|609|384|0|431|1|138|
13|390|192|0|178|1|141|
13|408|192|0|184|1|137|
13|390|192|0|178|1|137|
13|398|192|0|180|1|137|
13|628|288|0|435|1|138|
13|398|192|0|180|1|137|
13|413|288|0|185|1|141|
13|410|192|0|184|1|137|
13|619|288|0|433|1|142|
13|410|288|0|184|1|141|
13|396|192|0|180|1|141|
13|411|192|0|185|1|137|
13|399|192|0|181|1|137|
13|409|192|0|184|1|141|
13|1042|480|0|217|1|137|
13|409|192|0|184|1|141|
13|608|288|0|429|1|142|
13|409|192|0|351|1|113|
13|404|192|0|182|1|141|
13|389|192|0|177|1|137|
13|405|192|0|183|1|137|
13|412|192|0|185|1|137|
13|406|192|0|183|1|141|
13|411|192|0|185|1|141|
13|407|192|0|184|1|137|
13|396|192|0|180|1|141|
13|404|192|0|183|1|141|
13|394|192|0|179|1|137|
13|398|192|0|181|1|141|
13|395|192|0|180|1|137|
13|401|288|0|182|1|141|
13|406|288|0|183|1|141|
13|402|192|0|182|1|141|
13|399|192|0|181|1|137|
13|413|192|0|186|1|137|
13|404|192|0|183|1|141|
13|388|192|0|176|1|141|
13|411|192|0|185|1|141|
13|1717|864|0|217|1|137|
13|398|288|0|181|1|137|
13|394|288|0|179|1|141|
13|393|192|0|179|1|137|
13|412|192|0|186|1|141|
13|394|192|0|179|1|137|
13|390|192|0|178|1|137|
13|397|192|0|180|1|137|
13|390|192|0|176|1|141|
13|413|192|0|185|1|141|
13|415|192|0|186|1|137|
13|407|192|0|183|1|141|
13|415|192|0|186|1|141|
13|395|288|0|179|1|137|
13|409|192|0|184|1|141|
13|397|288|0|180|1|141|
13|395|192|0|179|1|137|
13|361|192|0|168|1|137|
13|394|192|0|179|1|137|
13|402|192|0|182|1|141|
13|394|192|0|179|1|139|
13|387|192|0|177|1|137|
13|393|192|0|179|1|137|
13|390|192|0|178|1|141|
13|392|192|0|179|1|137|
13|405|192|0|183|1|137|
13|394|288|0|179|1|141|
13|408|192|0|184|1|137|
13|403|192|0|183|1|141|
13|404|288|0|183|1|141|
13|394|288|0|178|1|137|
13|397|192|0|181|1|137|
13|393|192|0|179|1|137|
13|398|192|0|181|1|137|
13|400|288|0|181|1|137|
13|398|192|0|180|1|141|
13|401|192|0|181|1|137|
13|405|192|0|182|1|137|
13|396|192|0|180|1|141|
13|403|288|0|183|1|141|
13|384|192|0|176|1|137|
13|398|192|0|181|1|137|
13|384|192|0|176|1|137|
13|391|192|0|178|1|141|
13|390|192|0|178|1|137|
13|389|192|0|178|1|141|
13|397|192|0|180|1|141|
13|386|96|0|177|1|137|
13|387|192|0|177|1|141|
13|386|192|0|176|1|141|
13|386|192|0|176|1|141|
13|399|192|0|181|1|141|
13|408|192|0|184|1|141|
13|400|192|0|181|1|137|
13|488|192|0|210|1|137|
13|392|192|0|177|1|141|
13|393|192|0|179|1|137|
13|402|192|0|182|1|141|
13|401|192|0|181|1|137|
13|409|192|0|184|1|137|
13|402|192|0|182|1|137|
13|402|192|0|182|1|141|
13|399|192|0|181|1|141|
13|391|192|0|178|1|137|
13|386|192|0|177|1|137|
13|393|192|0|179|1|141|
13|387|192|0|177|1|141|
13|393|192|0|179|1|137|
13|409|192|0|184|1|141|
13|410|192|0|185|1|137|
13|408|192|0|184|1|141|
13|405|192|0|183|1|141|
13|1829|864|0|217|1|137|
13|413|288|0|185|1|141|
13|391|192|0|177|1|141|
13|399|192|0|181|1|141|
13|402|192|0|182|1|141|
13|405|192|0|183|1|137|
13|401|192|0|182|1|141|
13|406|288|0|184|1|137|
13|387|288|0|177|1|141|
13|405|192|0|183|1|137|
13|397|288|0|181|1|141|
13|403|288|0|183|1|141|
13|396|192|0|180|1|137|
13|391|192|0|178|1|137|
13|397|192|0|181|1|141|
13|390|288|0|178|1|141|
13|398|192|0|181|1|137|
13|407|192|0|184|1|141|
13|392|192|0|176|1|137|
13|392|192|0|179|1|139|
13|389|192|0|178|1|141|
13|399|288|0|181|1|137|
13|387|192|0|177|1|137|
13|399|192|0|181|1|141|
13|404|192|0|182|1|141|
13|401|192|0|181|1|141|
13|411|192|0|185|1|141|
13|567|288|0|217|1|137|
13|391|192|0|178|1|137|
13|398|192|0|180|1|141|
13|1684|864|0|221|1|141|
13|388|192|0|177|1|137|
13|398|192|0|180|1|137|
13|408|288|0|184|1|137|
13|388|192|0|177|1|141|
13|407|192|0|184|1|137|
13|388|192|0|177|1|137|
13|387|192|0|177|1|137|
13|391|192|0|178|1|137|
13|386|192|0|176|1|141|
13|413|192|0|186|1|141|
13|385|192|0|176|1|141|
13|1358|672|0|217|1|137|
13|389|192|0|177|1|137|
13|408|192|0|184|1|141|
13|391|192|0|178|1|141|
13|400|192|0|181|1|137|
13|412|192|0|185|1|137|
13|401|192|0|181|1|137|
13|392|192|0|178|1|137|
13|400|192|0|181|1|141|
13|392|192|0|178|1|141|
13|398|192|0|181|1|141|
13|400|192|0|181|1|137|
13|389|192|0|177|1|137|
13|400|192|0|181|1|137|
13|403|288|0|182|1|137|
13|400|192|0|181|1|137|
13|413|192|0|185|1|141|
13|1794|864|0|221|1|141|
13|409|192|0|184|1|137|
13|392|192|0|178|1|137|
13|405|192|0|183|1|137|
13|395|192|0|180|1|141|
13|398|192|0|180|1|137|
13|411|192|0|185|1|141|
13|398|192|0|180|1|141|
13|392|192|0|179|1|137|
13|403|192|0|183|1|141|
13|387|192|0|177|1|137|
13|405|192|0|183|1|137|
13|400|192|0|180|1|137|
13|385|192|0|177|1|141|
13|392|192|0|179|1|137|
13|409|288|0|184|1|141|
13|392|192|0|179|1|137|
13|387|288|0|177|1|141|
13|391|192|0|178|1|137|
13|392|192|0|179|1|137|
13|401|192|0|182|1|137|
13|410|192|0|184|1|137|
13|1099|576|0|217|1|137|
13|396|192|0|180|1|141|
13|405|192|0|183|1|141|
13|391|192|0|178|1|141|
13|413|192|0|185|1|141|
13|391|192|0|178|1|137|
13|411|192|0|185|1|141|
13|401|192|0|182|1|137|
13|400|192|0|181|1|141|
13|404|192|0|182|1|137|
13|399|288|0|181|1|137|
13|403|288|0|182|1|137|
13|389|288|0|178|1|137|
13|367|192|0|170|1|139|
13|408|192|0|184|1|137|
13|396|192|0|180|1|137|
13|397|192|0|181|1|137|
13|396|192|0|180|1|141|
13|399|192|0|181|1|137|
13|398|192|0|181|1|141|
13|409|192|0|185|1|137|
13|399|192|0|181|1|141|
13|406|192|0|184|1|137|
13|384|192|0|175|1|137|
13|399|192|0|181|1|137|
13|410|192|0|184|1|137|
13|406|288|0|184|1|137|
13|411|192|0|185|1|137|
13|1242|672|0|221|1|141|
13|388|288|0|177|1|137|
13|407|192|0|183|1|141|
13|385|192|0|176|1|137|
13|410|192|0|184|1|137|
13|385|192|0|176|1|137|
13|412|192|0|185|1|137|
13|405|288|0|183|1|141|
13|412|288|0|185|1|137|
13|390|192|0|178|1|141|
13|408|192|0|184|1|141|
13|389|192|0|178|1|137|
13|403|192|0|182|1|141|
13|400|192|0|180|1|141|
13|390|192|0|178|1|141|
13|402|192|0|182|1|141|
13|399|192|0|181|1|141|
13|394|192|0|179|1|137|
13|401|192|0|182|1|141|
13|391|192|0|177|1|141|
13|395|192|0|179|1|141|
13|403|192|0|182|1|137|
13|388|192|0|177|1|137|
13|400|288|0|180|1|137|
13|407|192|0|183|1|141|
13|404|192|0|182|1|141|
13|406|192|0|183|1|137|
13|401|192|0|181|1|137|
13|408|288|0|184|1|141|
13|404|192|0|182|1|141|
13|407|192|0|183|1|137|
13|401|192|0|181|1|141|
13|409|192|0|184|1|137|
13|399|192|0|181|1|141|
13|398|192|0|180|1|141|
13|403|288|0|182|1|137|
13|402|192|0|182|1|141|
13|401|192|0|181|1|137|
13|406|192|0|183|1|137|
13|858|480|0|470|1|142|
13|406|192|0|183|1|141|
13|394|288|0|179|1|141|
13|404|192|0|348|1|115|
13|387|192|0|177|1|141|
13|399|192|0|181|1|139|
13|612|288|0|431|1|142|
13|620|288|0|431|1|140|
13|391|192|0|178|1|141|
13|391|192|0|345|1|107|
13|403|192|0|182|1|141|
13|401|288|0|180|1|139|
13|412|192|0|185|1|139|
13|406|192|0|183|1|137|
13|411|192|0|185|1|141|
13|402|192|0|182|1|141|
13|406|288|0|183|1|137|
13|1164|576|0|217|1|137|
13|599|288|0|425|1|142|
13|404|192|0|182|1|139|
13|356|192|0|167|1|141|
13|368|192|0|171|1|137|
13|401|192|0|181|1|141|
13|376|288|0|173|1|141|
13|613|288|0|430|1|138|
13|407|192|0|352|1|113|
13|388|192|0|177|1|141|
13|397|192|0|180|1|141|
13|406|288|0|183|1|137|
13|409|192|0|184|1|141|
13|407|192|0|183|1|137|
13|406|192|0|183|1|141|
13|406|192|0|183|1|141|
13|387|192|0|177|1|141|
13|619|288|0|432|1|142|
13|396|192|0|180|1|141|
13|407|192|0|183|1|141|
13|389|192|0|177|1|139|
13|413|192|0|351|1|113|
13|392|192|0|178|1|141|
13|407|192|0|184|1|137|
13|395|192|0|179|1|141|
13|409|192|0|350|1|115|
13|413|192|0|185|1|137|
13|401|192|0|180|1|139|
13|413|192|0|185|1|137|
13|403|288|0|182|1|141|
13|412|288|0|185|1|141|
13|393|288|0|179|1|141|
13|396|192|0|180|1|137|
13|627|384|0|435|1|138|
13|399|192|0|347|1|113|
13|413|288|0|185|1|141|
13|397|192|0|180|1|139|
13|404|192|0|349|1|115|
13|1478|672|0|221|1|141|
13|404|192|0|182|1|137|
13|409|192|0|184|1|139|
13|403|192|0|182|1|137|
13|399|192|0|181|1|137|
13|411|192|0|185|1|137|
13|399|192|0|181|1|141|
13|405|192|0|183|1|141|
13|1487|672|0|460|1|169|
13|413|192|0|185|1|141|
13|406|288|0|183|1|137|
13|400|192|0|348|1|117|
13|405|288|0|183|1|141|
13|395|192|0|179|1|137|
13|388|192|0|177|1|141|
13|604|384|0|429|1|142|
13|407|192|0|184|1|137|
13|400|192|0|181|1|141|
13|401|192|0|180|1|141|
13|397|192|0|180|1|141|
13|407|192|0|184|1|137|
13|623|288|0|433|1|142|
13|617|288|0|431|1|138|
13|401|192|0|182|1|141|
13|405|192|0|183|1|141|
13|403|192|0|182|1|137|
13|397|192|0|180|1|137|
13|414|192|0|353|1|121|
13|394|192|0|179|1|141|
13|405|192|0|348|1|117|
13|388|288|0|177|1|137|
13|404|192|0|183|1|137|
13|604|288|0|430|1|142|
13|410|192|0|184|1|141|
13|813|576|0|217|1|137|
13|621|288|0|434|1|138|
13|390|192|0|178|1|137|
13|409|192|0|184|1|137|
13|394|192|0|179|1|137|
13|404|192|0|181|1|137|
13|396|288|0|180|1|141|
13|412|192|0|185|1|141|
13|391|192|0|178|1|137|
13|413|192|0|185|1|141|
13|408|288|0|184|1|137|
13|394|192|0|346|1|107|
13|406|192|0|350|1|117|
13|394|192|0|179|1|141|
13|392|192|0|178|1|141|
13|392|192|0|179|1|137|
13|404|288|0|181|1|141|
13|599|288|0|425|1|138|
13|605|288|0|429|1|138|
13|406|192|0|184|1|137|
13|390|192|0|178|1|137|
13|411|192|0|351|1|115|
13|387|192|0|177|1|141|
13|392|192|0|179|1|141|
13|387|192|0|177|1|137|
13|378|192|0|174|1|141|
13|390|192|0|178|1|137|
13|390|192|0|178|1|137|
13|354|192|0|165|1|137|
13|368|192|0|170|1|141|
13|385|192|0|176|1|137|
13|375|192|0|173|1|141|
13|378|192|0|174|1|137|
13|383|192|0|176|1|141|
13|386|192|0|177|1|141|
13|495|288|0|213|1|137|
13|369|192|0|171|1|141|
13|377|192|0|173|1|139|
13|368|192|0|337|1|103|
13|409|192|0|351|1|117|
13|611|288|0|434|1|138|
13|371|288|0|339|1|109|
13|374|192|0|341|1|103|
13|377|192|0|341|1|107|
13|395|192|0|179|1|141|
13|410|192|0|184|1|141|
13|425|192|0|356|1|123|
13|401|192|0|182|1|141|
13|422|192|0|188|1|137|
13|373|192|0|172|1|141|
13|381|192|0|175|1|137|
13|393|192|0|179|1|141|
13|397|192|0|180|1|137|
13|368|192|0|170|1|141|
13|360|192|0|168|1|137|
13|362|192|0|169|1|137|
13|366|192|0|170|1|139|
13|362|192|0|168|1|137|
13|394|192|0|179|1|137|
13|396|192|0|180|1|141|
13|408|192|0|184|1|137|
13|396|288|0|180|1|141|
13|397|192|0|180|1|137|
13|401|192|0|181|1|141|
13|410|288|0|184|1|141|
13|408|288|0|184|1|137|
13|408|192|0|184|1|137|
13|401|288|0|181|1|141|
13|411|192|0|185|1|141|
13|404|96|0|182|1|137|
13|406|192|0|183|1|141|
13|403|192|0|182|1|137|
13|404|192|0|183|1|137|
13|823|384|0|221|1|141|
13|395|288|0|179|1|141|
13|389|192|0|177|1|141|
13|415|192|0|186|1|137|
13|404|192|0|182|1|137|
13|579|288|0|217|1|137|
13|378|192|0|174|1|137|
13|371|192|0|171|1|141|
13|370|96|0|171|1|141|
13|394|192|0|179|1|141|
13|396|288|0|180|1|141|
13|394|192|0|179|1|137|
13|398|192|0|180|1|137|
13|412|192|0|185|1|141|
13|399|192|0|181|1|137|
13|401|192|0|181|1|139|
13|399|192|0|181|1|141|
13|402|192|0|182|1|141|
13|396|192|0|180|1|137|
13|403|192|0|182|1|141|
13|395|192|0|178|1|141|
13|391|192|0|178|1|141|
13|397|192|0|181|1|141|
13|411|192|0|185|1|141|
13|389|192|0|178|1|141|
13|402|192|0|182|1|141|
13|409|192|0|184|1|141|
13|401|192|0|182|1|141|
13|408|288|0|184|1|137|
13|404|192|0|181|1|141|
13|406|192|0|183|1|141|
13|400|192|0|181|1|141|
13|394|192|0|179|1|137|
13|386|192|0|176|1|141|
13|391|192|0|178|1|137|
13|405|288|0|183|1|141|
13|399|192|0|181|1|137|
13|1749|864|0|217|1|137|
13|393|192|0|179|1|141|
13|395|192|0|180|1|137|
13|386|192|0|176|1|137|
13|412|192|0|185|1|137|
13|398|192|0|181|1|141|
13|388|96|0|178|1|141|
13|401|288|0|182|1|141|
13|391|192|0|178|1|137|
13|402|192|0|182|1|137|
13|399|192|0|181|1|141|
13|397|288|0|179|1|141|
13|392|192|0|179|1|137|
13|401|192|0|181|1|141|
13|392|192|0|179|1|141|
13|399|192|0|181|1|137|
13|387|192|0|177|1|141|
13|404|192|0|182|1|137|
13|387|192|0|177|1|137|
13|400|192|0|181|1|139|
13|406|192|0|183|1|137|
13|412|192|0|185|1|137|
13|404|192|0|182|1|141|
13|413|288|0|184|1|137|
13|402|192|0|182|1|141|
13|400|192|0|181|1|141|
13|391|192|0|178|1|137|
13|402|192|0|182|1|141|
13|406|192|0|183|1|141|
13|407|192|0|184|1|137|
13|402|192|0|182|1|137|
13|402|192|0|182|1|137|
13|412|288|0|185|1|141|
13|401|192|0|181|1|137|
13|405|192|0|183|1|141|
13|1416|768|0|221|1|141|
13|407|288|0|183|1|137|
13|387|192|0|177|1|137|
13|395|192|0|179|1|141|
13|388|288|0|177|1|137|
13|394|192|0|179|1|141|
13|446|192|0|196|1|137|
13|366|192|0|170|1|141|
13|363|192|0|169|1|141|
13|622|384|0|221|1|141|
13|403|192|0|182|1|137|
13|402|192|0|182|1|141|
13|395|192|0|179|1|137|
13|391|192|0|178|1|141|
13|410|192|0|185|1|137|
13|391|192|0|178|1|141|
13|406|288|0|183|1|141|
13|411|192|0|185|1|141|
13|404|288|0|183|1|141|
13|390|288|0|177|1|141|
13|408|288|0|184|1|141|
13|403|192|0|183|1|141|
13|395|192|0|180|1|137|
13|400|192|0|182|1|141|
13|411|192|0|185|1|141|
13|398|192|0|181|1|137|
13|410|192|0|185|1|141|
13|390|192|0|177|1|137|
13|410|192|0|185|1|141|
13|628|384|0|438|1|138|
13|406|192|0|183|1|137|
13|414|288|0|186|1|137|
13|408|192|0|184|1|137|
13|406|192|0|183|1|141|
13|416|192|0|353|1|119|
13|385|192|0|175|1|141|
13|389|192|0|177|1|141|
13|386|192|0|176|1|141|
13|395|192|0|179|1|137|
13|595|288|0|424|1|142|
13|398|192|0|181|1|137|
13|390|192|0|178|1|137|
13|408|192|0|184|1|137|
13|398|288|0|181|1|141|
13|398|288|0|180|1|137|
13|404|192|0|348|1|115|
13|408|192|0|184|1|141|
13|394|192|0|179|1|137|
13|402|288|0|182|1|137|
13|392|192|0|178|1|137|
13|387|192|0|177|1|141|
13|393|192|0|179|1|141|
13|388|192|0|177|1|141|
13|395|192|0|179|1|137|
13|611|288|0|429|1|142|
13|405|192|0|183|1|137|
13|405|192|0|183|1|141|
13|408|192|0|184|1|137|
13|407|288|0|184|1|137|
13|407|192|0|350|1|115|
13|392|192|0|179|1|141|
13|406|192|0|183|1|137|
13|390|192|0|178|1|137|
13|388|192|0|178|1|141|
13|1817|864|0|217|1|137|
13|671|288|0|221|1|141|
13|404|288|0|183|1|137|
13|386|192|0|177|1|141|
13|604|288|0|428|1|142|
13|389|192|0|178|1|141|
13|385|288|0|176|1|137|
13|385|192|0|177|1|137|
13|397|192|0|181|1|137|
13|383|192|0|176|1|137|
13|412|192|0|185|1|141|
13|398|192|0|181|1|141|
13|385|192|0|176|1|141|
13|390|288|0|344|1|105|
13|387|192|0|177|1|141|
13|389|192|0|178|1|141|
13|390|192|0|344|1|107|
13|407|192|0|183|1|137|
13|933|480|0|217|1|137|
13|374|192|0|172|1|141|
13|385|192|0|175|1|141|
13|411|192|0|185|1|141|
13|407|192|0|183|1|141|
13|389|192|0|176|1|141|
13|406|192|0|183|1|141|
13|398|192|0|180|1|137|
13|405|288|0|183|1|141|
13|408|192|0|184|1|141|
13|602|384|0|428|1|142|
13|414|192|0|353|1|121|
13|387|192|0|177|1|141|
13|971|480|0|459|1|169|
13|1163|576|0|221|1|141|
13|390|192|0|178|1|141|
13|397|192|0|180|1|137|
13|626|384|0|434|1|138|
13|611|288|0|427|1|138|
13|393|192|0|179|1|137|
13|402|288|0|182|1|141|
13|625|288|0|434|1|142|
