INSTRUCTIONS_RETIRED|CYCLES|UNKNOWN|LD_BLOCKS.STORE_FORWARD|UOPS_EXECUTED.CORE|BR_MISP_RETIRED.ALL_BRANCHES|UOPS_ISSUED.SLOW_LEA|
13|408|192|0|184|1|137|
13|609|288|0|429|1|142|
13|624|288|0|438|1|142|
13|621|288|0|435|1|142|
13|411|192|0|186|1|137|
13|398|192|0|181|1|141|
13|393|192|0|180|1|141|
13|391|192|0|179|1|141|
13|406|192|0|184|1|137|
13|616|288|0|433|1|142|
13|601|288|0|430|1|142|
13|400|192|0|349|1|117|
13|409|192|0|352|1|117|
13|1368|672|0|217|1|137|
13|394|192|0|180|1|141|
13|399|192|0|182|1|141|
13|393|192|0|180|1|137|
13|1515|768|0|221|1|141|
13|402|192|0|349|1|111|
13|717|384|0|866|1|88|
13|619|288|0|434|1|142|
13|408|288|0|185|1|141|
13|406|192|0|184|1|141|
13|409|288|0|185|1|137|
13|399|192|0|182|1|141|
13|402|192|0|181|1|137|
13|609|288|0|429|1|138|
13|405|288|0|184|1|137|
13|394|192|0|180|1|137|
13|399|192|0|181|1|137|
13|386|192|0|177|1|137|
13|391|192|0|346|1|113|
13|402|192|0|183|1|137|
13|392|192|0|179|1|137|
13|595|384|0|427|1|142|
13|406|288|0|184|1|141|
13|394|192|0|180|1|141|
13|401|288|0|181|1|141|
13|588|288|0|425|1|142|
13|593|288|0|424|1|138|
13|404|192|0|183|1|137|
13|394|192|0|180|1|141|
13|398|192|0|351|1|117|
13|388|288|0|345|1|113|
13|407|192|0|184|1|137|
13|386|192|0|177|1|141|
13|405|192|0|184|1|137|
13|399|288|0|181|1|141|
13|387|192|0|345|1|109|
13|400|192|0|182|1|141|
13|399|288|0|182|1|141|
13|603|288|0|429|1|138|
13|612|288|0|433|1|138|
13|393|288|0|179|1|137|
13|410|192|0|185|1|139|
13|397|288|0|181|1|141|
13|409|192|0|185|1|141|
13|399|192|0|182|1|137|
13|406|192|0|184|1|141|
13|403|192|0|183|1|137|
13|387|192|0|178|1|137|
13|403|192|0|183|1|137|
13|403|192|0|849|1|65|
13|430|192|0|344|1|82|
13|368|192|0|171|1|141|
13|391|192|0|179|1|137|
13|396|192|0|181|1|137|
13|393|192|0|179|1|141|
13|394|192|0|180|1|137|
13|391|288|0|179|1|137|
13|391|192|0|179|1|137|
13|403|192|0|183|1|137|
13|404|192|0|183|1|141|
13|404|288|0|183|1|137|
13|715|384|0|221|1|141|
13|409|192|0|185|1|141|
13|402|192|0|182|1|137|
13|405|192|0|183|1|141|
13|396|192|0|180|1|137|
13|408|192|0|184|1|137|
13|406|192|0|184|1|141|
13|1819|960|0|217|1|137|
13|394|192|0|180|1|137|
13|394|192|0|180|1|137|
13|400|192|0|182|1|141|
13|395|192|0|180|1|141|
13|411|192|0|185|1|141|
13|398|192|0|181|1|137|
13|394|192|0|180|1|137|
13|391|192|0|179|1|137|
13|402|192|0|182|1|137|
13|393|288|0|179|1|137|
13|411|192|0|185|1|137|
13|393|192|0|180|1|137|
13|412|288|0|186|1|137|
13|404|192|0|183|1|141|
13|411|288|0|185|1|141|
13|404|192|0|182|1|137|
13|389|192|0|178|1|137|
13|390|288|0|178|1|137|
13|1509|768|0|215|1|137|
13|399|96|0|181|1|137|
13|401|192|0|182|1|137|
13|402|192|0|182|1|137|
13|403|288|0|183|1|139|
13|394|192|0|180|1|139|
13|401|192|0|182|1|137|
13|399|192|0|181|1|141|
13|392|288|0|175|1|137|
13|402|192|0|183|1|137|
13|393|192|0|179|1|141|
13|400|192|0|182|1|141|
13|393|192|0|180|1|137|
13|409|192|0|185|1|141|
13|393|192|0|179|1|137|
13|389|192|0|178|1|137|
13|825|480|0|217|1|137|
13|384|192|0|176|1|141|
13|398|192|0|181|1|141|
13|403|192|0|183|1|137|
13|398|192|0|181|1|137|
13|1987|1056|0|217|1|137|
13|378|192|0|175|1|137|
13|403|192|0|182|1|137|
13|409|192|0|185|1|141|
13|1769|864|0|217|1|137|
13|401|192|0|182|1|137|
13|388|192|0|178|1|141|
13|391|192|0|179|1|141|
13|400|288|0|182|1|141|
13|434|192|0|926|1|22|
13|404|288|0|287|1|56|
13|364|192|0|170|1|141|
13|407|192|0|184|1|137|
13|401|192|0|182|1|141|
13|395|192|0|180|1|141|
13|397|288|0|181|1|137|
13|398|192|0|347|1|113|
13|386|192|0|177|1|141|
13|404|288|0|183|1|137|
13|412|192|0|186|1|141|
13|1619|768|0|217|1|137|
13|413|192|0|186|1|137|
13|408|192|0|184|1|141|
13|617|288|0|432|1|142|
13|623|384|0|435|1|142|
13|411|192|0|354|1|117|
13|399|288|0|181|1|137|
13|413|192|0|353|1|117|
13|400|192|0|182|1|137|
13|1217|576|0|217|1|137|
13|396|192|0|180|1|141|
13|391|192|0|179|1|137|
13|607|288|0|430|1|138|
13|413|192|0|186|1|141|
13|402|192|0|182|1|137|
13|754|384|0|217|1|137|
13|399|192|0|182|1|137|
13|406|192|0|184|1|141|
13|405|192|0|184|1|137|
13|403|192|0|183|1|141|
13|400|192|0|349|1|117|
13|404|192|0|183|1|141|
13|399|192|0|181|1|141|
13|400|192|0|182|1|141|
13|604|288|0|428|1|138|
13|399|192|0|181|1|137|
13|400|192|0|182|1|137|
13|408|192|0|185|1|141|
13|613|288|0|432|1|142|
13|614|288|0|433|1|138|
13|402|192|0|348|1|115|
13|409|192|0|185|1|137|
13|393|192|0|180|1|141|
13|392|192|0|179|1|137|
13|606|288|0|430|1|138|
13|388|192|0|178|1|141|
13|411|192|0|186|1|137|
13|1031|480|0|221|1|141|
13|386|192|0|177|1|137|
13|406|192|0|184|1|137|
13|386|192|0|177|1|141|
13|1323|672|0|217|1|137|
13|390|192|0|177|1|137|
13|400|288|0|182|1|137|
13|389|192|0|178|1|141|
13|612|288|0|431|1|142|
13|391|192|0|179|1|137|
13|399|192|0|181|1|137|
13|392|192|0|179|1|141|
13|397|192|0|181|1|141|
13|404|288|0|183|1|141|
13|396|192|0|180|1|137|
13|1079|480|0|467|1|138|
13|398|192|0|347|1|117|
13|404|192|0|183|1|137|
13|400|192|0|182|1|137|
13|392|192|0|179|1|141|
13|414|192|0|352|1|117|
13|396|192|0|347|1|117|
13|383|192|0|176|1|141|
13|385|288|0|177|1|137|
13|403|192|0|183|1|137|
13|394|192|0|180|1|141|
13|595|288|0|426|1|142|
13|410|192|0|351|1|115|
13|390|192|0|179|1|137|
13|404|288|0|183|1|141|
13|391|192|0|179|1|141|
13|394|192|0|180|1|137|
13|394|192|0|180|1|137|
13|422|192|0|175|1|79|
13|656|384|0|274|1|83|
13|369|288|0|171|1|137|
13|355|192|0|167|1|137|
13|388|192|0|178|1|141|
13|406|288|0|184|1|137|
13|385|192|0|177|1|137|
13|391|192|0|179|1|137|
13|387|288|0|176|1|139|
13|401|192|0|182|1|141|
13|393|288|0|179|1|137|
13|403|192|0|183|1|141|
13|390|288|0|178|1|137|
13|407|288|0|184|1|137|
13|399|192|0|181|1|137|
13|388|192|0|176|1|141|
13|404|192|0|183|1|141|
13|397|192|0|181|1|141|
13|1672|864|0|221|1|141|
13|409|192|0|185|1|141|
13|403|192|0|183|1|137|
13|1798|960|0|221|1|141|
13|410|192|0|185|1|137|
13|411|192|0|185|1|141|
13|406|288|0|184|1|141|
13|404|192|0|183|1|141|
13|406|192|0|184|1|137|
13|394|192|0|180|1|137|
13|410|192|0|185|1|137|
13|396|192|0|180|1|137|
13|407|288|0|184|1|141|
13|404|192|0|183|1|137|
13|408|192|0|184|1|141|
13|408|192|0|184|1|137|
13|391|288|0|179|1|141|
13|410|192|0|185|1|141|
13|393|192|0|179|1|141|
13|394|192|0|180|1|141|
13|393|192|0|179|1|141|
13|390|192|0|178|1|137|
13|479|192|0|208|1|137|
13|397|288|0|181|1|137|
13|408|192|0|185|1|137|
13|393|192|0|179|1|141|
13|405|288|0|183|1|141|
13|395|192|0|180|1|137|
13|1632|864|0|221|1|141|
13|398|192|0|181|1|139|
13|403|192|0|183|1|139|
13|391|192|0|179|1|139|
13|411|192|0|185|1|137|
13|393|192|0|179|1|137|
13|1477|768|0|217|1|137|
13|407|288|0|184|1|137|
13|392|192|0|179|1|141|
13|394|192|0|180|1|137|
13|401|192|0|182|1|141|
13|393|192|0|179|1|137|
13|393|192|0|179|1|137|
13|392|192|0|179|1|137|
13|408|192|0|184|1|141|
13|406|192|0|184|1|141|
13|401|192|0|182|1|141|
13|405|192|0|183|1|141|
13|387|192|0|177|1|141|
13|407|192|0|184|1|139|
13|396|192|0|180|1|139|
13|394|288|0|180|1|139|
13|398|288|0|181|1|141|
13|393|192|0|180|1|141|
13|389|192|0|177|1|141|
13|392|192|0|179|1|137|
13|395|192|0|180|1|137|
13|397|192|0|181|1|137|
13|394|192|0|180|1|137|
13|411|288|0|185|1|141|
13|388|192|0|178|1|137|
13|412|192|0|987|1|26|
13|411|288|0|185|1|141|
13|390|192|0|179|1|137|
13|412|288|0|186|1|137|
13|390|192|0|178|1|137|
13|395|192|0|180|1|137|
13|408|192|0|184|1|137|
13|389|192|0|178|1|137|
13|409|192|0|185|1|137|
13|433|192|0|193|1|137|
13|402|192|0|182|1|137|
13|389|192|0|178|1|141|
13|400|192|0|182|1|141|
13|386|192|0|177|1|141|
13|395|192|0|180|1|141|
13|391|192|0|179|1|137|
13|396|192|0|180|1|137|
13|399|192|0|181|1|141|
13|398|288|0|181|1|141|
13|871|384|0|221|1|141|
13|776|384|0|221|1|141|
13|393|192|0|180|1|137|
13|398|192|0|181|1|137|
13|388|288|0|178|1|141|
13|405|192|0|183|1|141|
13|387|192|0|178|1|141|
13|385|192|0|177|1|137|
13|395|192|0|180|1|137|
13|389|192|0|178|1|137|
13|398|192|0|181|1|141|
13|397|192|0|181|1|141|
13|389|192|0|178|1|141|
13|394|192|0|180|1|137|
13|396|288|0|181|1|141|
13|397|192|0|181|1|137|
13|400|192|0|182|1|137|
13|409|192|0|185|1|141|
13|393|192|0|180|1|141|
13|403|192|0|183|1|137|
13|409|192|0|185|1|141|
13|386|192|0|177|1|137|
13|399|192|0|181|1|137|
13|387|192|0|177|1|137|
13|408|192|0|184|1|137|
13|392|192|0|179|1|137|
13|408|192|0|185|1|137|
13|390|192|0|178|1|141|
13|396|192|0|180|1|141|
13|391|192|0|179|1|137|
13|394|192|0|180|1|141|
13|1316|672|0|221|1|141|
13|391|192|0|179|1|141|
13|395|192|0|180|1|141|
13|396|192|0|180|1|141|
13|401|192|0|182|1|137|
13|410|288|0|185|1|141|
13|393|192|0|179|1|137|
13|411|192|0|185|1|141|
13|408|288|0|184|1|141|
13|395|192|0|180|1|137|
13|402|192|0|182|1|141|
13|390|192|0|178|1|137|
13|393|192|0|179|1|141|
13|393|192|0|179|1|137|
13|365|192|0|170|1|141|
13|377|192|0|174|1|137|
13|396|192|0|181|1|137|
13|406|192|0|184|1|141|
13|390|192|0|179|1|141|
13|409|192|0|185|1|141|
13|382|192|0|176|1|137|
13|410|192|0|185|1|141|
13|387|192|0|178|1|141|
13|411|192|0|186|1|137|
13|392|192|0|179|1|137|
13|412|192|0|186|1|141|
13|399|192|0|181|1|141|
13|458|192|0|953|1|7|
13|445|192|0|446|1|64|
13|404|192|0|182|1|137|
13|354|192|0|167|1|141|
13|1070|576|0|256|1|78|
13|451|192|0|638|1|63|
13|433|192|0|1038|1|9|
13|391|192|0|822|1|6|
13|1350|768|0|151|1|75|
13|376|192|0|302|1|61|
13|421|192|0|471|1|69|
13|405|192|0|384|1|31|
13|427|288|0|342|1|68|
13|353|192|0|166|1|125|
13|402|192|0|182|1|125|
13|458|192|0|200|1|125|
13|460|288|0|200|1|125|
13|419|288|0|188|1|125|
13|503|288|0|209|1|129|
13|397|192|0|181|1|125|
13|597|288|0|205|1|125|
13|470|192|0|188|1|71|
13|368|192|0|161|1|83|
13|357|192|0|167|1|137|
13|446|288|0|197|1|141|
13|556|288|0|221|1|141|
13|633|384|0|221|1|141|
13|359|192|0|168|1|141|
13|446|192|0|197|1|141|
13|422|288|0|277|1|59|
13|591|288|0|200|1|52|
13|368|192|0|236|1|74|
13|514|288|0|205|1|125|
13|541|288|0|804|1|16|
13|354|96|0|166|1|129|
13|367|192|0|171|1|125|
13|385|192|0|177|1|141|
13|398|192|0|181|1|137|
13|416|192|0|187|1|137|
13|368|192|0|171|1|137|
13|369|192|0|171|1|137|
13|411|288|0|185|1|141|
13|388|192|0|178|1|141|
13|438|288|0|194|1|141|
13|407|192|0|184|1|137|
13|371|192|0|172|1|137|
13|386|192|0|177|1|141|
13|402|192|0|182|1|137|
13|528|288|0|303|1|51|
13|408|192|0|184|1|141|
13|445|192|0|337|1|58|
13|445|288|0|792|1|38|
13|449|288|0|912|1|32|
13|448|192|0|543|1|19|
13|430|192|0|407|1|76|
13|392|192|0|303|1|58|
13|402|192|0|182|1|125|
13|417|288|0|403|1|36|
13|677|288|0|856|1|83|
13|1461|768|0|251|1|88|
13|425|288|0|502|1|20|
13|489|192|0|204|1|125|
13|387|192|0|172|1|69|
13|360|288|0|168|1|125|
13|435|192|0|193|1|125|
13|464|192|0|203|1|125|
13|348|192|0|332|1|93|
13|652|288|0|443|1|130|
13|579|288|0|420|1|124|
13|448|288|0|198|1|129|
13|600|288|0|427|1|138|
13|371|192|0|172|1|141|
13|418|192|0|188|1|141|
13|422|288|0|188|1|141|
13|603|384|0|428|1|142|
13|357|192|0|334|1|99|
13|577|288|0|422|1|138|
13|366|192|0|169|1|137|
13|429|192|0|191|1|141|
13|382|192|0|176|1|141|
13|379|192|0|175|1|137|
13|369|192|0|171|1|137|
13|430|192|0|192|1|137|
13|1877|960|0|215|1|137|
13|412|192|0|186|1|141|
13|399|288|0|181|1|141|
13|396|192|0|181|1|137|
13|391|192|0|179|1|137|
13|614|288|0|431|1|138|
13|391|192|0|179|1|141|
13|616|288|0|436|1|142|
13|382|192|0|340|1|99|
13|404|288|0|183|1|137|
13|394|192|0|180|1|137|
13|401|192|0|182|1|137|
13|403|192|0|183|1|137|
13|388|192|0|178|1|137|
13|603|288|0|428|1|142|
13|394|192|0|347|1|117|
13|416|192|0|355|1|121|
13|390|192|0|179|1|141|
13|414|192|0|187|1|137|
13|397|192|0|181|1|141|
13|401|288|0|182|1|141|
13|628|288|0|436|1|138|
13|401|288|0|182|1|141|
13|1167|768|0|217|1|137|
13|403|192|0|183|1|141|
13|832|480|0|221|1|141|
13|370|192|0|172|1|137|
13|2729|1440|0|789|1|142|
13|406|192|0|184|1|141|
13|400|192|0|182|1|141|
13|391|192|0|179|1|137|
13|406|192|0|184|1|137|
13|624|384|0|435|1|138|
13|407|192|0|351|1|117|
13|366|192|0|170|1|137|
13|404|192|0|183|1|141|
13|398|192|0|181|1|141|
13|407|192|0|184|1|141|
13|397|192|0|181|1|137|
13|408|288|0|184|1|141|
13|410|192|0|184|1|141|
13|408|192|0|185|1|137|
13|402|192|0|183|1|137|
13|404|192|0|183|1|137|
13|402|192|0|182|1|141|
13|399|192|0|181|1|137|
13|404|192|0|183|1|141|
13|400|192|0|182|1|137|
13|401|192|0|182|1|137|
13|413|192|0|185|1|137|
13|399|288|0|181|1|141|
13|393|192|0|179|1|141|
13|389|192|0|178|1|141|
13|415|192|0|187|1|137|
13|392|192|0|179|1|141|
13|412|192|0|186|1|141|
13|388|192|0|178|1|137|
13|417|192|0|187|1|137|
13|405|192|0|183|1|141|
13|405|192|0|183|1|141|
13|401|192|0|182|1|141|
13|397|288|0|181|1|137|
13|397|192|0|181|1|137|
13|405|192|0|183|1|137|
13|377|192|0|174|1|141|
13|404|192|0|183|1|141|
13|402|192|0|182|1|141|
13|397|192|0|181|1|137|
13|405|192|0|183|1|137|
13|410|288|0|185|1|141|
13|401|192|0|182|1|141|
13|408|192|0|184|1|137|
13|828|384|0|217|1|137|
13|402|192|0|182|1|137|
13|390|192|0|179|1|141|
13|401|192|0|182|1|137|
13|387|192|0|297|1|62|
13|397|192|0|181|1|141|
13|404|192|0|183|1|141|
13|396|192|0|180|1|141|
13|393|192|0|179|1|141|
13|388|192|0|178|1|137|
13|399|192|0|182|1|141|
13|396|288|0|181|1|137|
13|397|192|0|181|1|141|
13|407|288|0|184|1|139|
13|399|192|0|181|1|139|
13|406|192|0|184|1|141|
13|409|192|0|185|1|139|
13|410|288|0|185|1|139|
13|408|288|0|184|1|141|
13|411|192|0|185|1|139|
13|394|192|0|180|1|141|
13|411|192|0|185|1|139|
13|404|288|0|519|1|13|
13|443|288|0|500|1|2|
13|380|96|0|303|1|64|
13|435|192|0|1068|1|9|
13|702|384|0|1224|1|8|
13|365|192|0|170|1|137|
13|371|192|0|172|1|141|
13|380|192|0|729|1|7|
13|389|192|0|178|1|125|
13|360|288|0|168|1|125|
13|387|192|0|177|1|125|
13|601|288|0|428|1|126|
13|398|288|0|177|1|139|
13|582|288|0|421|1|138|
13|398|192|0|181|1|137|
13|399|192|0|181|1|137|
13|394|192|0|180|1|137|
13|399|192|0|347|1|113|
13|399|192|0|349|1|111|
13|413|192|0|186|1|141|
13|621|288|0|437|1|138|
13|417|192|0|188|1|137|
13|409|192|0|185|1|137|
13|403|288|0|183|1|137|
13|409|192|0|185|1|141|
13|400|192|0|348|1|115|
13|400|192|0|182|1|141|
13|411|192|0|186|1|137|
13|393|288|0|180|1|137|
13|411|192|0|185|1|137|
13|612|288|0|430|1|142|
13|398|192|0|349|1|117|
13|412|192|0|186|1|141|
13|401|192|0|349|1|115|
13|394|192|0|180|1|137|
13|413|192|0|186|1|137|
13|400|192|0|182|1|137|
13|403|192|0|183|1|141|
13|613|288|0|432|1|142|
13|399|192|0|181|1|141|
13|400|192|0|182|1|137|
13|359|192|0|168|1|137|
13|388|192|0|178|1|141|
13|597|288|0|424|1|142|
13|617|288|0|429|1|142|
13|402|192|0|349|1|113|
13|850|384|0|219|1|139|
13|397|192|0|181|1|137|
13|1309|672|0|217|1|137|
13|400|192|0|349|1|109|
13|410|288|0|185|1|137|
13|397|192|0|181|1|141|
13|398|192|0|181|1|137|
13|397|192|0|181|1|141|
13|400|192|0|350|1|113|
13|403|192|0|183|1|137|
13|398|192|0|181|1|141|
13|399|192|0|181|1|137|
13|624|288|0|433|1|142|
13|399|192|0|181|1|141|
13|395|192|0|180|1|137|
13|395|192|0|180|1|141|
13|398|192|0|181|1|141|
13|396|192|0|180|1|137|
13|399|192|0|181|1|137|
13|611|288|0|431|1|142|
13|633|384|0|438|1|142|
13|413|288|0|353|1|119|
13|394|192|0|178|1|137|
13|413|192|0|186|1|137|
13|616|288|0|434|1|138|
13|414|192|0|186|1|141|
13|389|192|0|177|1|139|
13|416|288|0|187|1|137|
13|403|288|0|183|1|141|
13|408|192|0|184|1|141|
13|404|192|0|183|1|141|
13|616|384|0|430|1|138|
13|401|192|0|182|1|137|
13|389|96|0|229|1|85|
13|460|288|0|886|1|4|
13|429|192|0|404|1|14|
13|429|288|0|406|1|52|
13|473|192|0|738|1|29|
13|430|288|0|213|1|72|
13|388|288|0|178|1|137|
13|398|192|0|181|1|125|
13|358|192|0|166|1|127|
13|392|192|0|179|1|127|
13|408|192|0|184|1|125|
13|395|192|0|180|1|125|
13|378|192|0|174|1|125|
13|403|192|0|183|1|141|
13|414|192|0|186|1|137|
13|407|192|0|184|1|141|
13|405|192|0|183|1|137|
13|410|192|0|185|1|137|
13|415|192|0|187|1|137|
13|416|192|0|187|1|141|
13|407|288|0|184|1|137|
13|412|192|0|186|1|141|
13|405|192|0|183|1|137|
13|396|192|0|180|1|141|
13|411|192|0|185|1|137|
13|415|192|0|187|1|137|
13|407|192|0|184|1|141|
13|391|192|0|179|1|137|
13|408|192|0|185|1|141|
13|394|192|0|180|1|137|
13|415|192|0|186|1|141|
13|398|192|0|181|1|137|
13|408|192|0|185|1|141|
13|408|192|0|185|1|141|
13|397|192|0|181|1|137|
13|408|192|0|185|1|141|
13|397|192|0|181|1|137|
13|390|288|0|178|1|141|
13|396|288|0|179|1|137|
13|411|288|0|185|1|137|
13|410|288|0|185|1|141|
13|406|192|0|182|1|137|
13|415|192|0|187|1|137|
13|407|192|0|184|1|141|
13|409|192|0|185|1|141|
13|400|192|0|182|1|141|
13|398|192|0|181|1|141|
13|409|288|0|185|1|137|
13|394|192|0|180|1|141|
13|409|192|0|185|1|137|
13|400|192|0|182|1|137|
13|415|192|0|187|1|141|
13|380|192|0|175|1|141|
13|414|192|0|187|1|137|
13|410|192|0|185|1|137|
13|406|192|0|184|1|137|
13|410|192|0|185|1|141|
13|401|192|0|182|1|137|
13|391|192|0|179|1|141|
13|400|192|0|182|1|141|
13|389|192|0|178|1|141|
13|413|192|0|186|1|141|
13|412|192|0|186|1|141|
13|410|192|0|185|1|137|
13|396|192|0|180|1|141|
13|409|288|0|185|1|141|
13|399|192|0|181|1|137|
13|410|192|0|185|1|141|
13|399|192|0|181|1|141|
13|407|192|0|184|1|137|
13|412|192|0|186|1|141|
13|363|192|0|170|1|141|
13|455|288|0|829|1|10|
13|419|192|0|188|1|137|
13|425|192|0|459|1|76|
13|740|384|0|1201|1|63|
13|628|288|0|439|1|142|
13|442|384|0|196|1|129|
13|396|192|0|180|1|125|
13|365|192|0|170|1|129|
13|398|192|0|181|1|125|
13|392|192|0|179|1|125|
13|381|192|0|175|1|141|
13|391|192|0|179|1|137|
13|407|192|0|184|1|141|
13|411|288|0|185|1|139|
13|401|192|0|179|1|139|
13|366|192|0|170|1|141|
13|398|192|0|181|1|141|
13|393|192|0|180|1|137|
13|403|192|0|183|1|137|
13|610|288|0|431|1|138|
13|403|192|0|183|1|137|
13|397|288|0|181|1|137|
13|401|192|0|182|1|137|
13|401|192|0|182|1|141|
13|395|192|0|179|1|137|
13|408|192|0|184|1|141|
13|621|288|0|434|1|138|
13|409|192|0|185|1|141|
13|411|192|0|185|1|141|
13|411|192|0|186|1|141|
13|408|192|0|184|1|137|
13|410|192|0|185|1|141|
13|409|192|0|352|1|117|
13|733|384|0|268|1|96|
13|411|288|0|185|1|141|
13|418|192|0|188|1|137|
13|408|192|0|184|1|141|
13|631|384|0|437|1|142|
13|409|192|0|185|1|141|
13|619|384|0|433|1|142|
13|411|192|0|185|1|141|
13|1927|960|0|220|1|141|
13|413|192|0|186|1|137|
13|410|192|0|185|1|137|
13|409|192|0|185|1|137|
13|395|192|0|180|1|141|
13|396|192|0|347|1|115|
13|399|192|0|181|1|137|
13|395|192|0|180|1|137|
13|404|192|0|183|1|137|
13|374|192|0|173|1|141|
13|407|192|0|184|1|141|
13|394|192|0|180|1|137|
13|620|384|0|433|1|142|
13|401|192|0|350|1|117|
13|611|288|0|431|1|142|
13|405|192|0|183|1|137|
13|1614|864|0|457|1|167|
13|620|384|0|434|1|138|
13|396|192|0|181|1|141|
13|391|192|0|179|1|137|
13|397|192|0|181|1|141|
13|403|192|0|350|1|117|
13|397|192|0|181|1|137|
13|380|192|0|175|1|141|
13|620|288|0|433|1|142|
13|425|288|0|458|1|12|
13|389|192|0|178|1|141|
13|438|192|0|837|1|30|
13|1082|576|0|2058|1|4|
13|399|192|0|181|1|141|
13|391|192|0|179|1|129|
13|400|192|0|182|1|125|
13|393|192|0|179|1|125|
13|357|192|0|335|1|95|
13|385|192|0|177|1|129|
13|387|288|0|177|1|129|
13|379|192|0|175|1|125|
13|382|192|0|176|1|125|
13|386|192|0|177|1|129|
13|405|192|0|349|1|115|
13|388|192|0|344|1|109|
13|2154|1056|0|467|1|138|
13|1912|1056|0|217|1|137|
13|383|192|0|176|1|137|
13|391|288|0|179|1|141|
13|386|192|0|177|1|141|
13|402|192|0|452|1|70|
13|356|192|0|167|1|137|
13|384|192|0|176|1|137|
13|388|192|0|177|1|137|
13|387|288|0|177|1|137|
13|399|192|0|181|1|141|
13|380|192|0|175|1|139|
13|391|192|0|179|1|139|
13|385|192|0|177|1|137|
13|383|192|0|176|1|139|
13|403|192|0|183|1|137|
13|385|192|0|177|1|141|
13|383|96|0|176|1|141|
13|394|192|0|180|1|141|
13|1935|1056|0|221|1|141|
13|394|192|0|180|1|137|
13|385|288|0|177|1|137|
13|389|192|0|178|1|137|
13|383|192|0|176|1|141|
13|399|192|0|181|1|141|
13|403|192|0|183|1|137|
13|388|96|0|178|1|137|
13|390|192|0|178|1|141|
13|401|192|0|182|1|137|
13|391|192|0|179|1|137|
13|384|192|0|176|1|141|
13|1942|1056|0|221|1|141|
13|385|192|0|177|1|141|
13|400|96|0|182|1|137|
13|402|192|0|182|1|137|
13|385|192|0|177|1|137|
13|394|192|0|180|1|137|
13|380|192|0|175|1|141|
13|387|192|0|178|1|141|
13|381|192|0|174|1|141|
13|386|288|0|177|1|141|
13|384|192|0|175|1|141|
13|394|192|0|180|1|137|
13|385|192|0|177|1|141|
13|402|288|0|182|1|141|
13|390|192|0|178|1|137|
13|403|192|0|183|1|137|
13|390|288|0|178|1|137|
13|390|192|0|178|1|141|
13|389|192|0|178|1|137|
13|404|192|0|183|1|141|
13|407|192|0|184|1|141|
13|412|192|0|269|1|79|
13|500|192|0|601|1|61|
13|404|288|0|355|1|69|
13|431|192|0|613|1|54|
13|438|192|0|497|1|41|
13|441|192|0|414|1|43|
13|449|288|0|489|1|38|
13|1903|960|0|205|1|125|
13|396|288|0|180|1|125|
13|384|192|0|176|1|125|
13|1577|768|0|209|1|129|
13|398|96|0|181|1|139|
13|358|192|0|168|1|139|
13|579|384|0|570|1|67|
13|380|192|0|175|1|137|
13|387|192|0|177|1|141|
13|377|192|0|173|1|137|
13|384|192|0|177|1|137|
13|1138|576|0|217|1|137|
13|386|192|0|177|1|137|
13|394|192|0|180|1|141|
13|390|192|0|179|1|137|
13|1835|960|0|217|1|137|
13|402|192|0|183|1|137|
13|402|288|0|183|1|141|
13|403|288|0|183|1|137|
13|406|192|0|184|1|141|
13|397|192|0|181|1|141|
13|414|288|0|183|1|141|
13|383|192|0|176|1|137|
13|401|288|0|182|1|137|
13|755|384|0|221|1|141|
13|395|288|0|180|1|141|
13|401|192|0|182|1|137|
13|380|192|0|175|1|141|
13|389|192|0|178|1|137|
13|383|192|0|176|1|137|
13|388|192|0|178|1|137|
13|398|192|0|181|1|137|
13|386|192|0|177|1|141|
13|387|192|0|178|1|137|
13|1820|960|0|221|1|141|
13|390|192|0|178|1|137|
13|400|192|0|182|1|137|
13|403|192|0|183|1|137|
13|388|192|0|178|1|141|
13|403|192|0|183|1|141|
13|379|192|0|175|1|137|
13|380|192|0|175|1|137|
13|636|288|0|217|1|137|
13|389|192|0|178|1|137|
13|402|288|0|183|1|137|
13|387|288|0|178|1|141|
13|379|192|0|175|1|137|
13|391|288|0|179|1|141|
13|381|192|0|176|1|137|
13|394|192|0|180|1|137|
13|380|288|0|175|1|141|
13|397|192|0|181|1|141|
13|382|192|0|176|1|137|
13|385|192|0|177|1|137|
13|404|192|0|183|1|141|
13|392|192|0|179|1|137|
13|381|96|0|176|1|137|
13|402|192|0|182|1|141|
13|393|192|0|179|1|137|
13|400|288|0|182|1|137|
13|392|192|0|179|1|141|
13|401|288|0|182|1|137|
13|396|192|0|180|1|141|
13|402|192|0|182|1|137|
13|383|192|0|176|1|137|
13|389|192|0|178|1|139|
13|716|384|0|219|1|139|
13|395|288|0|395|1|67|
13|419|192|0|332|1|65|
13|407|192|0|184|1|137|
13|370|192|0|170|1|125|
13|392|192|0|179|1|137|
13|400|192|0|182|1|141|
13|384|192|0|177|1|137|
13|416|192|0|249|1|71|
13|397|192|0|181|1|137|
13|407|192|0|184|1|141|
13|395|192|0|180|1|141|
13|407|192|0|184|1|141|
13|395|192|0|177|1|141|
13|384|192|0|176|1|137|
13|618|288|0|433|1|138|
13|612|288|0|431|1|142|
13|408|192|0|351|1|113|
13|397|192|0|181|1|141|
13|387|192|0|177|1|141|
13|386|288|0|177|1|141|
13|1866|960|0|217|1|137|
13|390|192|0|178|1|141|
13|399|192|0|181|1|137|
13|390|288|0|178|1|141|
13|599|288|0|427|1|138|
13|384|288|0|346|1|103|
13|391|192|0|179|1|141|
13|388|192|0|178|1|141|
13|391|192|0|179|1|141|
13|388|192|0|178|1|141|
13|1106|576|0|221|1|141|
13|2126|1152|0|471|1|142|
13|387|192|0|176|1|141|
13|1935|960|0|221|1|141|
13|403|192|0|183|1|137|
13|400|192|0|182|1|141|
13|385|192|0|177|1|137|
13|397|288|0|181|1|137|
13|401|192|0|182|1|137|
13|401|192|0|182|1|137|
13|1749|864|0|221|1|141|
13|398|192|0|181|1|137|
13|397|192|0|181|1|141|
13|398|192|0|181|1|141|
13|398|192|0|181|1|141|
13|388|192|0|178|1|141|
13|383|192|0|176|1|141|
13|388|192|0|178|1|137|
13|384|192|0|342|1|107|
13|388|192|0|343|1|107|
13|399|192|0|181|1|137|
13|401|192|0|182|1|141|
13|398|192|0|181|1|137|
13|390|192|0|178|1|137|
13|400|192|0|182|1|137|
13|389|192|0|178|1|141|
13|400|192|0|182|1|141|
13|399|192|0|182|1|137|
13|405|192|0|183|1|137|
13|608|384|0|429|1|138|
13|389|192|0|177|1|137|
13|391|192|0|179|1|137|
13|390|192|0|177|1|139|
13|396|192|0|180|1|141|
13|385|192|0|177|1|141|
13|395|192|0|180|1|137|
13|402|288|0|183|1|141|
13|355|192|0|167|1|141|
13|718|384|0|1783|1|8|
13|705|288|0|813|1|63|
13|391|192|0|344|1|109|
13|606|384|0|429|1|142|
13|368|192|0|171|1|125|
13|398|192|0|181|1|141|
13|369|192|0|338|1|103|
13|380|192|0|175|1|137|
13|399|192|0|181|1|141|
13|387|192|0|177|1|139|
13|386|192|0|177|1|137|
13|1842|960|0|467|1|138|
13|387|192|0|178|1|137|
13|386|192|0|177|1|137|
13|390|192|0|178|1|137|
13|388|192|0|178|1|141|
13|396|192|0|180|1|137|
13|386|288|0|177|1|141|
13|400|192|0|182|1|137|
13|406|192|0|350|1|115|
13|402|192|0|182|1|137|
13|397|192|0|181|1|137|
13|390|288|0|178|1|137|
13|397|192|0|181|1|141|
13|400|192|0|182|1|137|
13|591|288|0|424|1|142|
13|1974|1056|0|469|1|138|
13|385|288|0|344|1|109|
13|398|192|0|181|1|141|
13|404|192|0|183|1|137|
13|397|192|0|181|1|137|
