INSTRUCTIONS_RETIRED|CYCLES|UNKNOWN|LD_BLOCKS.STORE_FORWARD|UOPS_EXECUTED.CORE|BR_MISP_RETIRED.ALL_BRANCHES|UOPS_ISSUED.SINGLE_MUL|
41|1096|704|1|966|2|0|
41|805|512|1|143|1|0|
41|723|448|1|143|2|0|
41|707|416|1|143|1|0|
41|694|512|1|143|1|0|
41|691|496|1|143|1|0|
41|702|512|1|141|1|0|
41|660|576|1|142|1|0|
41|685|576|1|141|1|0|
41|766|720|1|141|1|0|
41|756|752|1|141|1|0|
41|756|752|1|141|1|0|
41|670|672|1|142|1|0|
41|644|640|1|141|1|0|
41|969|880|1|530|2|0|
41|958|848|1|461|2|0|
41|906|688|1|143|2|0|
41|682|528|1|143|1|0|
41|829|736|1|821|1|0|
41|864|784|1|1697|2|0|
41|925|736|1|143|2|0|
41|900|720|1|143|2|0|
41|676|544|1|141|1|0|
41|698|720|1|141|2|0|
41|680|688|1|143|1|0|
41|833|848|1|198|2|0|
41|1128|896|1|811|2|0|
41|757|592|1|141|1|0|
41|687|544|1|143|1|0|
41|673|608|1|143|1|0|
41|673|608|1|143|1|0|
41|651|656|1|141|1|0|
41|651|656|1|141|1|0|
41|746|736|1|141|1|0|
41|755|752|1|141|1|0|
41|758|752|1|141|1|0|
41|744|752|1|141|1|0|
41|742|768|1|553|1|0|
41|923|928|1|517|2|0|
41|950|656|1|143|2|0|
41|872|592|1|143|2|0|
41|716|496|1|143|2|0|
41|697|496|1|141|2|0|
41|727|512|1|143|2|0|
41|700|496|1|143|1|0|
41|718|496|1|143|1|0|
41|639|560|1|143|1|0|
41|694|624|1|143|1|0|
41|664|672|1|141|1|0|
41|652|640|1|143|1|0|
41|645|640|1|143|1|0|
41|658|656|1|143|1|0|
41|644|640|1|141|1|0|
41|645|640|1|143|1|0|
41|921|912|1|428|1|0|
41|932|928|1|907|1|0|
41|1185|944|1|1203|1|0|
41|886|704|1|143|1|0|
41|1636|1056|1|141|2|0|
41|965|624|1|141|1|0|
41|738|480|1|143|1|0|
41|708|592|1|141|1|0|
41|860|720|1|143|1|0|
41|857|768|1|141|2|0|
41|901|896|1|179|2|0|
41|744|736|1|141|1|0|
41|744|736|1|141|1|0|
41|744|736|1|141|1|0|
41|671|656|1|143|1|0|
41|654|656|1|141|1|0|
41|870|880|1|141|2|0|
41|757|752|1|141|1|0|
41|744|752|1|141|1|0|
41|763|768|1|143|1|0|
41|624|640|1|141|1|0|
41|1072|1072|1|1373|2|0|
41|911|912|1|1157|2|0|
41|1119|896|1|940|2|0|
41|972|768|1|1049|2|0|
41|998|816|1|535|2|0|
41|769|624|1|147|2|0|
41|852|816|1|143|1|0|
41|756|752|1|141|1|0|
41|756|752|1|141|1|0|
41|786|800|1|141|1|0|
41|757|768|1|143|1|0|
41|843|832|1|143|2|0|
41|752|688|1|141|1|0|
41|756|752|1|141|1|0|
41|759|720|1|143|1|0|
41|754|688|1|141|1|0|
41|754|736|1|141|1|0|
41|672|672|1|143|1|0|
41|754|752|1|141|1|0|
41|766|752|1|141|2|0|
41|745|736|1|141|1|0|
41|744|752|1|141|1|0|
41|660|656|1|142|1|0|
41|950|960|1|852|2|0|
41|682|624|0|1307|2|0|
41|958|848|1|629|1|0|
41|986|880|1|829|1|0|
41|999|880|1|736|2|0|
41|1438|1296|1|459|2|0|
41|864|864|1|141|2|0|
41|754|752|1|141|1|0|
41|756|736|1|141|1|0|
41|662|656|1|143|1|0|
41|674|672|1|141|1|0|
41|653|656|1|141|1|0|
41|655|656|1|141|1|0|
41|857|864|1|143|2|0|
41|744|752|1|141|1|0|
41|771|768|1|141|1|0|
41|686|688|1|143|1|0|
41|644|640|1|143|1|0|
41|680|688|1|141|1|0|
41|745|752|1|141|1|0|
41|781|784|1|141|1|0|
41|837|832|1|141|2|0|
41|756|752|1|141|1|0|
41|748|752|1|143|1|0|
41|849|848|1|141|2|0|
41|715|704|1|775|1|0|
41|727|736|1|437|1|0|
41|951|848|1|1047|2|0|
41|906|800|1|1535|2|0|
41|752|656|1|141|2|0|
41|865|768|1|143|2|0|
41|763|704|1|141|1|0|
41|770|736|1|141|1|0|
41|745|752|1|141|1|0|
41|784|800|1|141|1|0|
41|673|688|1|141|1|0|
41|668|672|1|143|1|0|
41|841|848|1|287|2|0|
41|848|848|1|143|1|0|
41|757|768|1|141|1|0|
41|745|752|1|143|1|0|
41|650|640|1|143|1|0|
41|684|688|1|143|1|0|
41|755|768|1|141|1|0|
41|746|752|1|141|1|0|
41|862|864|1|550|2|0|
41|771|768|1|143|2|0|
41|692|688|1|143|2|0|
41|796|784|1|143|1|0|
41|855|848|1|143|1|0|
41|850|848|1|735|2|0|
41|862|848|1|1062|2|0|
41|865|768|1|899|2|0|
41|798|704|1|398|1|0|
41|933|832|1|143|2|0|
41|772|688|1|141|1|0|
41|746|752|1|143|1|0|
41|747|752|1|143|1|0|
41|681|672|1|141|1|0|
41|672|672|1|143|1|0|
41|836|832|1|586|2|0|
41|754|752|1|141|1|0|
41|744|736|1|141|1|0|
41|757|752|1|141|1|0|
41|665|672|1|143|1|0|
41|666|672|1|143|1|0|
41|754|752|1|141|1|0|
41|753|768|1|141|1|0|
41|850|848|1|141|1|0|
41|768|752|1|143|1|0|
41|772|784|1|480|1|0|
41|668|672|1|141|1|0|
41|767|752|1|143|1|0|
41|765|720|1|141|1|0|
41|767|720|1|141|1|0|
41|756|704|1|141|1|0|
41|756|768|1|141|1|0|
41|857|864|1|1165|2|0|
41|1472|1232|1|805|2|0|
41|775|656|1|143|2|0|
41|653|544|1|143|1|0|
41|778|784|1|180|1|0|
41|850|848|1|143|1|0|
41|760|704|1|143|1|0|
41|758|768|1|141|1|0|
41|693|704|1|143|1|0|
41|744|736|1|141|1|0|
41|757|768|1|141|1|0|
41|784|784|1|141|1|0|
41|841|816|1|417|1|0|
41|877|880|1|141|2|0|
41|780|784|1|143|2|0|
41|752|688|1|145|1|0|
41|755|752|1|141|1|0|
41|656|656|1|143|1|0|
41|657|656|1|143|1|0|
41|899|720|1|143|1|0|
41|780|624|1|143|1|0|
41|947|848|1|449|1|0|
41|713|624|1|145|1|0|
41|662|656|1|141|1|0|
41|762|768|1|143|1|0|
41|850|848|1|143|1|0|
41|756|768|1|141|1|0|
41|761|752|1|141|1|0|
41|664|656|1|141|1|0|
41|651|656|1|143|1|0|
41|762|752|1|141|1|0|
41|759|752|1|141|1|0|
41|758|752|1|141|1|0|
41|756|768|1|141|1|0|
41|687|688|1|142|1|0|
41|671|672|1|142|1|0|
41|871|880|1|141|2|0|
41|756|752|1|141|1|0|
41|756|752|1|141|1|0|
41|670|672|1|143|1|0|
41|672|672|1|142|1|0|
41|759|768|1|143|2|0|
41|766|736|1|141|1|0|
41|745|752|1|141|1|0|
41|754|752|1|141|1|0|
41|663|672|1|141|1|0|
41|651|656|1|145|1|0|
41|869|864|1|141|2|0|
41|758|768|1|141|1|0|
41|757|768|1|141|1|0|
41|744|752|1|141|1|0|
41|669|656|1|141|1|0|
41|697|688|1|143|1|0|
41|746|736|1|141|1|0|
41|745|752|1|141|1|0|
41|756|752|1|141|1|0|
41|745|752|1|141|1|0|
41|674|672|1|143|1|0|
41|683|672|1|143|1|0|
41|879|816|1|143|2|0|
41|744|704|1|141|1|0|
41|763|768|1|141|1|0|
41|757|768|1|141|1|0|
41|682|672|1|141|1|0|
41|751|752|1|141|1|0|
41|727|720|1|145|2|0|
41|754|736|1|141|1|0|
41|744|752|1|141|1|0|
41|747|736|1|141|1|0|
41|689|688|1|143|1|0|
41|826|816|1|426|2|0|
41|852|800|1|141|1|0|
41|745|752|1|143|1|0|
41|759|752|1|141|1|0|
41|680|688|1|141|1|0|
41|634|640|1|143|1|0|
41|744|736|1|141|1|0|
41|759|768|1|141|1|0|
41|759|752|1|141|1|0|
41|744|736|1|141|1|0|
41|744|736|1|141|1|0|
41|670|672|1|143|1|0|
41|735|736|1|141|2|0|
41|757|768|1|141|1|0|
41|754|752|1|141|1|0|
41|744|736|1|141|1|0|
41|778|784|1|141|1|0|
41|637|640|1|141|1|0|
41|668|672|1|141|1|0|
41|733|752|1|141|2|0|
41|757|752|1|141|1|0|
41|744|736|1|141|1|0|
41|656|656|1|141|1|0|
41|662|672|1|143|1|0|
41|931|928|1|892|2|0|
41|744|736|1|141|1|0|
41|744|752|1|141|1|0|
41|744|736|1|141|1|0|
41|666|656|1|141|1|0|
41|649|656|1|141|1|0|
41|744|752|1|141|1|0|
41|755|752|1|141|1|0|
41|747|752|1|141|1|0|
41|745|752|1|143|1|0|
41|679|672|1|147|1|0|
41|663|656|1|141|1|0|
41|1004|992|1|451|2|0|
41|756|752|1|141|1|0|
41|757|752|1|141|1|0|
41|758|752|1|143|1|0|
41|666|656|1|141|1|0|
41|658|656|1|143|1|0|
41|745|752|1|141|1|0|
41|756|752|1|141|1|0|
41|870|880|1|141|2|0|
41|745|752|1|141|1|0|
41|658|656|1|141|1|0|
41|650|656|1|141|1|0|
41|973|976|1|512|2|0|
41|744|752|1|141|1|0|
41|761|768|1|141|1|0|
41|745|736|1|141|1|0|
41|670|672|1|143|1|0|
41|702|704|1|141|1|0|
41|744|736|1|141|1|0|
41|744|752|1|141|1|0|
41|757|768|1|141|1|0|
41|745|752|1|141|1|0|
41|639|656|1|141|1|0|
41|641|640|1|143|1|0|
41|817|800|1|363|1|0|
41|854|752|1|143|1|0|
41|744|752|1|141|1|0|
41|757|768|1|141|1|0|
41|714|720|1|147|1|0|
41|672|672|1|143|1|0|
41|759|768|1|141|1|0|
41|754|752|1|141|1|0|
41|784|768|1|141|1|0|
41|744|752|1|141|1|0|
41|735|736|1|143|2|0|
41|689|688|1|141|2|0|
41|1070|1072|1|612|2|0|
41|744|736|1|141|1|0|
41|746|736|1|143|1|0|
41|759|768|1|141|1|0|
41|672|672|1|141|1|0|
41|661|672|1|145|1|0|
41|755|768|1|141|1|0|
41|754|768|1|141|1|0|
41|744|736|1|141|1|0|
41|747|736|1|141|1|0|
41|684|688|1|141|1|0|
41|674|656|1|143|1|0|
41|745|752|1|141|1|0|
41|744|736|1|141|1|0|
41|755|752|1|141|1|0|
41|763|768|1|145|1|0|
41|658|656|1|143|1|0|
41|652|656|1|141|1|0|
41|754|768|1|141|1|0|
41|757|752|1|141|1|0|
41|752|736|1|141|1|0|
41|838|848|1|566|2|0|
41|727|736|1|141|2|0|
41|707|704|1|142|2|0|
41|759|752|1|141|1|0|
41|744|736|1|141|1|0|
41|754|752|1|141|1|0|
41|747|752|1|141|1|0|
41|658|656|1|143|1|0|
41|677|672|1|141|1|0|
41|774|784|1|141|1|0|
41|744|736|1|141|1|0|
41|744|736|1|141|1|0|
41|744|752|1|141|1|0|
41|664|656|1|141|1|0|
41|660|656|1|141|1|0|
41|1491|1488|1|553|1|0|
41|745|752|1|141|1|0|
41|748|752|1|141|1|0|
41|744|736|1|141|1|0|
41|669|672|1|143|1|0|
41|648|640|1|143|1|0|
41|757|768|1|141|1|0|
41|756|752|1|141|1|0|
41|757|752|1|141|1|0|
41|754|752|1|141|1|0|
41|672|672|1|141|1|0|
41|670|672|1|141|1|0|
41|792|800|1|143|1|0|
41|745|736|1|141|1|0|
41|756|768|1|141|1|0|
41|757|752|1|141|1|0|
41|672|656|1|145|1|0|
41|653|656|1|143|1|0|
41|759|768|1|143|1|0|
41|745|752|1|141|1|0|
41|762|768|1|143|1|0|
41|744|736|1|141|1|0|
41|645|640|1|141|1|0|
41|708|704|1|141|1|0|
41|754|752|1|141|1|0|
41|744|752|1|141|1|0|
41|754|752|1|141|1|0|
41|664|656|1|143|1|0|
41|653|640|1|141|1|0|
41|673|672|1|141|1|0|
41|756|752|1|141|1|0|
41|744|736|1|141|1|0|
41|754|752|1|141|1|0|
41|755|752|1|141|1|0|
41|668|672|1|143|1|0|
41|681|688|1|143|1|0|
41|835|848|1|345|2|0|
41|847|848|1|143|1|0|
41|756|768|1|141|1|0|
41|756|752|1|143|1|0|
41|669|656|1|141|1|0|
41|652|656|1|143|1|0|
41|745|736|1|141|1|0|
41|744|720|1|141|1|0|
41|762|752|1|143|1|0|
41|746|752|1|143|1|0|
41|656|672|1|141|1|0|
41|685|688|1|143|1|0|
41|753|752|1|141|1|0|
41|744|752|1|141|1|0|
41|748|736|1|141|1|0|
41|754|752|1|141|1|0|
41|905|912|1|143|1|0|
41|640|656|1|143|1|0|
41|880|864|1|141|1|0|
41|744|752|1|141|1|0|
41|744|736|1|141|1|0|
41|744|752|1|141|1|0|
41|668|672|1|141|1|0|
41|656|672|1|143|1|0|
41|755|752|1|141|1|0|
41|764|768|1|145|1|0|
41|744|736|1|141|1|0|
41|745|752|1|143|1|0|
41|656|640|1|141|1|0|
41|662|656|1|141|1|0|
41|756|768|1|141|1|0|
41|747|736|1|141|1|0|
41|744|752|1|141|1|0|
41|758|752|1|141|1|0|
41|718|720|1|143|1|0|
41|677|672|1|143|1|0|
41|745|752|1|141|1|0|
41|787|800|1|141|1|0|
41|770|768|1|145|1|0|
41|754|752|1|141|1|0|
41|708|720|1|143|1|0|
41|676|672|1|143|1|0|
41|764|752|1|143|1|0|
41|746|736|1|141|1|0|
41|759|768|1|141|1|0|
41|757|752|1|141|1|0|
41|667|672|1|141|1|0|
41|663|656|1|143|1|0|
41|740|752|1|141|1|0|
41|744|736|1|141|1|0|
41|862|880|1|141|1|0|
41|754|768|1|141|1|0|
41|666|672|1|143|1|0|
41|633|640|1|141|1|0|
41|757|768|1|141|1|0|
41|757|768|1|141|1|0|
41|744|736|1|141|1|0|
41|754|752|1|141|1|0|
41|666|672|1|143|1|0|
41|626|624|1|141|1|0|
41|662|656|1|145|1|0|
41|748|752|1|141|1|0|
41|747|752|1|141|1|0|
41|745|752|1|141|1|0|
41|657|656|1|141|1|0|
41|634|624|1|143|1|0|
41|744|752|1|141|1|0|
41|744|752|1|141|1|0|
41|746|736|1|141|1|0|
41|745|752|1|141|1|0|
41|670|672|1|143|1|0|
41|663|640|1|143|1|0|
41|756|752|1|141|1|0|
41|745|752|1|141|1|0|
41|775|784|1|141|1|0|
41|747|752|1|141|1|0|
41|688|688|1|145|1|0|
41|638|640|1|141|1|0|
41|654|672|1|141|1|0|
41|744|736|1|141|1|0|
41|744|752|1|141|1|0|
41|756|768|1|141|1|0|
41|675|672|1|141|1|0|
41|624|624|1|143|1|0|
41|681|672|1|141|1|0|
41|745|736|1|141|1|0|
41|744|736|1|141|1|0|
41|744|736|1|141|1|0|
41|692|688|1|141|1|0|
41|638|640|1|141|1|0|
41|648|640|1|143|1|0|
41|755|768|1|141|1|0|
41|749|752|1|141|1|0|
41|754|752|1|143|1|0|
41|952|944|1|1092|2|0|
41|807|720|1|1033|1|0|
41|883|768|1|143|2|0|
41|750|656|1|141|1|0|
41|754|752|1|141|1|0|
41|683|672|1|143|1|0|
41|659|656|1|141|1|0|
41|922|912|1|888|2|0|
41|849|848|1|324|2|0|
41|889|768|1|1005|2|0|
41|977|816|1|1349|2|0|
41|866|736|1|277|1|0|
41|871|720|1|141|1|0|
41|754|640|1|141|1|0|
41|777|656|1|145|1|0|
41|756|736|1|141|1|0|
41|771|768|1|141|1|0|
41|756|752|1|141|1|0|
41|648|640|1|143|1|0|
41|676|688|1|143|1|0|
41|757|736|1|141|1|0|
41|756|752|1|141|1|0|
41|746|736|1|141|1|0|
41|757|752|1|141|1|0|
41|670|672|1|141|1|0|
41|699|704|1|145|1|0|
41|760|768|1|141|1|0|
41|777|784|1|143|2|0|
41|746|736|1|141|1|0|
41|754|752|1|141|1|0|
41|664|672|1|141|1|0|
41|662|656|1|143|1|0|
41|865|880|1|1442|2|0|
41|847|768|1|447|2|0|
41|906|800|1|143|2|0|
41|695|624|1|143|2|0|
41|684|688|1|143|1|0|
41|748|736|1|143|1|0|
41|757|752|1|141|1|0|
41|744|736|1|141|1|0|
41|746|752|1|141|1|0|
41|654|656|1|141|1|0|
41|658|656|1|145|1|0|
41|744|736|1|141|1|0|
41|754|752|1|141|1|0|
41|746|752|1|141|1|0|
41|885|880|1|143|1|0|
41|638|656|1|141|1|0|
41|644|640|1|143|1|0|
41|744|736|1|141|1|0|
41|745|736|1|141|1|0|
41|780|784|1|143|2|0|
41|755|752|1|141|1|0|
41|669|656|1|141|1|0|
41|682|672|1|141|1|0|
41|754|752|1|141|1|0|
41|840|832|1|1014|2|0|
41|865|864|1|406|2|0|
41|774|688|1|141|2|0|
41|690|592|1|143|2|0|
41|678|688|1|141|1|0|
41|775|768|1|141|1|0|
41|745|752|1|141|1|0|
41|744|736|1|141|1|0|
41|669|672|1|143|1|0|
41|655|656|1|143|1|0|
41|679|688|1|147|1|0|
41|744|736|1|141|1|0|
41|748|752|1|141|1|0|
41|742|752|1|141|1|0|
41|660|656|1|143|1|0|
41|672|672|1|141|1|0|
41|672|688|1|143|1|0|
41|745|752|1|141|1|0|
41|746|752|1|141|1|0|
41|744|736|1|141|1|0|
41|745|736|1|141|2|0|
41|656|656|1|142|1|0|
41|744|736|1|141|1|0|
41|999|1008|1|143|1|0|
41|850|848|1|1046|2|0|
41|843|848|1|559|2|0|
41|942|832|1|505|2|0|
41|697|624|1|143|2|0|
41|744|688|1|141|1|0|
41|756|768|1|143|1|0|
41|745|752|1|141|1|0|
41|754|752|1|141|1|0|
41|654|656|1|143|1|0|
41|653|640|1|143|1|0|
41|746|736|1|141|1|0|
41|742|736|1|141|1|0|
41|776|784|1|141|1|0|
41|744|752|1|141|1|0|
41|684|688|1|142|1|0|
41|659|656|1|141|1|0|
41|678|672|1|142|1|0|
41|758|752|1|141|1|0|
41|754|752|1|141|1|0|
41|760|768|1|141|1|0|
41|408|416|0|143|1|0|
41|851|848|1|141|2|0|
41|697|704|1|143|2|0|
41|772|784|1|141|1|0|
41|766|752|1|145|1|0|
41|757|768|1|141|1|0|
41|1184|1184|1|1177|2|0|
41|946|848|1|141|2|0|
41|864|768|1|143|1|0|
41|772|672|1|141|1|0|
41|746|736|1|141|1|0|
41|746|752|1|143|1|0|
41|694|704|1|141|1|0|
41|673|672|1|141|1|0|
41|765|768|1|145|1|0|
41|753|736|1|141|1|0|
41|745|752|1|141|1|0|
41|764|768|1|145|1|0|
41|644|640|1|141|1|0|
41|707|704|1|142|1|0|
41|744|752|1|141|1|0|
41|764|768|1|143|1|0|
41|747|736|1|141|1|0|
41|746|736|1|141|1|0|
41|656|656|1|141|1|0|
42|1347|1344|1|1179|1|0|
41|860|864|1|143|1|0|
41|752|752|1|143|1|0|
41|754|752|1|141|1|0|
41|682|688|1|141|1|0|
41|842|848|1|689|2|0|
41|1006|992|1|639|2|0|
41|1565|1472|1|1059|2|0|
41|764|704|1|141|1|0|
41|755|768|1|141|1|0|
41|666|672|1|141|1|0|
41|675|672|1|143|1|0|
41|682|688|1|142|1|0|
41|745|736|1|141|1|0|
41|759|752|1|141|1|0|
41|744|752|1|141|1|0|
41|667|672|1|141|1|0|
41|668|672|1|145|1|0|
41|670|672|1|141|1|0|
41|754|752|1|141|1|0|
41|754|752|1|141|1|0|
41|744|752|1|141|1|0|
41|744|736|1|141|1|0|
41|668|672|1|141|1|0|
41|653|656|1|143|1|0|
41|791|784|1|141|1|0|
41|754|752|1|141|1|0|
41|745|752|1|141|1|0|
41|670|688|1|141|1|0|
41|644|640|1|142|1|0|
41|688|672|1|143|1|0|
41|866|768|1|141|1|0|
41|755|736|1|143|1|0|
41|731|720|1|414|1|0|
41|671|656|1|142|1|0|
41|744|720|1|141|1|0|
41|746|752|1|141|1|0|
41|762|768|1|143|1|0|
41|754|752|1|141|1|0|
41|746|752|1|141|1|0|
41|663|672|1|143|1|0|
41|762|768|1|143|1|0|
41|756|752|1|141|1|0|
41|744|736|1|141|1|0|
41|780|784|1|141|1|0|
41|678|688|1|141|1|0|
41|663|656|1|141|1|0|
41|754|752|1|141|1|0|
41|758|752|1|141|1|0|
41|850|864|1|143|1|0|
41|756|768|1|145|1|0|
41|682|672|1|143|1|0|
41|640|640|1|141|1|0|
41|676|672|1|141|1|0|
41|831|832|1|1391|2|0|
41|1088|1024|1|550|2|0|
41|883|832|1|143|2|0|
41|754|720|1|141|1|0|
41|684|688|1|141|1|0|
41|754|752|1|141|1|0|
41|742|752|1|141|1|0|
41|744|752|1|141|1|0|
41|759|752|1|141|1|0|
41|667|672|1|141|1|0|
41|666|672|1|143|1|0|
41|755|752|1|141|1|0|
41|745|752|1|141|1|0|
41|747|752|1|141|1|0|
41|744|752|1|141|1|0|
41|692|704|1|143|1|0|
41|676|672|1|143|1|0|
41|757|752|1|141|1|0|
41|755|752|1|141|1|0|
41|816|816|1|625|1|0|
41|829|816|1|141|2|0|
41|661|672|1|145|1|0|
41|694|704|1|143|1|0|
41|748|768|1|141|1|0|
41|862|880|1|540|2|0|
41|1028|1024|1|1585|2|0|
41|892|800|1|143|1|0|
41|750|688|1|141|1|0|
41|657|656|1|143|1|0|
41|843|848|1|141|1|0|
41|744|736|1|141|1|0|
41|754|752|1|141|1|0|
41|754|736|1|141|1|0|
41|666|672|1|142|1|0|
41|670|672|1|243|1|0|
41|754|752|1|141|1|0|
41|748|768|1|141|1|0|
41|745|736|1|141|1|0|
41|782|800|1|141|1|0|
41|682|688|1|143|1|0|
41|694|704|1|141|1|0|
41|745|752|1|141|1|0|
41|745|752|1|141|1|0|
41|744|736|1|141|1|0|
41|757|752|1|141|1|0|
41|841|848|1|141|2|0|
41|745|752|1|253|2|0|
41|759|768|1|143|1|0|
41|756|752|1|141|1|0|
41|748|752|1|141|1|0|
41|942|928|1|641|2|0|
41|953|896|1|628|1|0|
41|891|768|1|143|2|0|
41|775|672|1|141|1|0|
41|755|768|1|141|1|0|
41|744|752|1|141|1|0|
41|756|752|1|141|1|0|
41|757|736|1|141|1|0|
41|708|720|1|143|1|0|
41|756|752|1|141|1|0|
41|744|752|1|141|1|0|
41|755|768|1|141|1|0|
41|759|752|1|141|1|0|
41|656|656|1|143|1|0|
41|653|656|1|141|1|0|
41|754|768|1|141|1|0|
41|754|752|1|141|1|0|
41|756|752|1|143|1|0|
41|744|752|1|141|1|0|
41|656|656|1|143|1|0|
41|735|736|1|141|2|0|
41|754|704|1|141|1|0|
41|746|752|1|143|1|0|
41|781|784|1|141|1|0|
41|757|752|1|141|1|0|
41|686|688|1|143|1|0|
41|651|656|1|143|1|0|
41|786|800|1|141|1|0|
41|745|752|1|141|1|0|
41|856|864|1|141|1|0|
41|754|768|1|141|1|0|
41|658|656|1|143|1|0|
41|643|656|1|143|1|0|
41|745|736|1|141|1|0|
41|745|752|1|141|1|0|
41|759|768|1|143|1|0|
41|745|752|1|141|1|0|
41|658|656|1|141|1|0|
41|660|656|1|141|1|0|
41|744|752|1|141|1|0|
41|745|736|1|141|1|0|
41|754|752|1|141|1|0|
41|745|752|1|141|1|0|
41|664|672|1|143|1|0|
41|723|736|1|143|1|0|
41|744|736|1|141|1|0|
41|746|752|1|141|1|0|
41|756|752|1|141|1|0|
41|755|768|1|141|1|0|
41|672|688|1|141|1|0|
41|686|688|1|143|1|0|
41|754|752|1|141|1|0|
41|756|768|1|141|1|0|
41|756|752|1|141|1|0|
41|756|768|1|141|1|0|
41|666|672|1|141|1|0|
41|660|656|1|143|1|0|
41|744|736|1|141|1|0|
41|755|752|1|141|1|0|
41|754|752|1|141|1|0|
41|757|768|1|141|1|0|
41|745|752|1|143|1|0|
41|987|992|1|143|1|0|
41|756|752|1|141|1|0|
41|756|768|1|141|1|0|
41|757|752|1|141|1|0|
41|745|752|1|141|1|0|
41|667|672|1|143|1|0|
41|636|640|1|141|1|0|
41|746|752|1|141|1|0|
41|747|752|1|141|1|0|
41|745|752|1|141|1|0|
41|754|736|1|141|1|0|
41|661|656|1|141|1|0|
41|649|656|1|143|1|0|
41|745|736|1|141|1|0|
41|745|736|1|141|1|0|
41|754|736|1|141|1|0|
41|754|768|1|141|1|0|
41|665|656|1|142|1|0|
41|642|656|1|141|1|0|
41|745|736|1|141|1|0|
41|751|752|1|141|1|0|
41|744|752|1|141|1|0|
41|758|752|1|141|1|0|
41|657|640|1|143|1|0|
41|667|656|1|143|1|0|
41|757|752|1|141|1|0|
41|756|752|1|141|1|0|
41|756|752|1|141|1|0|
41|756|752|1|141|1|0|
41|669|672|1|141|1|0|
41|659|656|1|143|1|0|
41|746|736|1|141|1|0|
41|754|736|1|145|1|0|
41|755|752|1|143|1|0|
41|744|752|1|141|1|0|
41|658|672|1|143|1|0|
41|662|672|1|141|1|0|
41|756|752|1|141|1|0|
41|754|752|1|141|1|0|
41|756|752|1|141|1|0|
41|748|736|1|141|1|0|
41|658|656|1|141|1|0|
41|677|672|1|141|1|0|
41|744|752|1|141|1|0|
41|756|768|1|141|1|0|
41|746|752|1|141|1|0|
41|757|752|1|141|1|0|
41|669|672|1|141|1|0|
41|756|752|1|141|1|0|
41|754|752|1|141|1|0|
41|746|752|1|141|1|0|
41|745|736|1|141|1|0|
41|744|752|1|141|1|0|
41|682|672|1|141|1|0|
41|680|672|1|145|1|0|
41|744|736|1|141|1|0|
41|744|752|1|141|1|0|
41|748|752|1|141|1|0|
41|756|752|1|141|1|0|
41|693|704|1|141|1|0|
41|646|640|1|143|1|0|
41|757|752|1|141|1|0|
41|757|736|1|141|1|0|
41|745|736|1|141|1|0|
41|761|752|1|141|1|0|
41|659|656|1|143|1|0|
41|668|672|1|141|1|0|
41|755|752|1|141|1|0|
41|757|768|1|141|1|0|
41|756|768|1|141|1|0|
41|744|752|1|141|1|0|
41|668|672|1|141|1|0|
41|648|640|1|143|1|0|
41|742|752|1|141|1|0|
41|754|752|1|141|1|0|
41|754|752|1|141|1|0|
41|771|768|1|141|1|0|
41|666|672|1|141|1|0|
41|662|672|1|141|1|0|
41|745|752|1|141|1|0|
41|803|800|1|145|1|0|
41|756|752|1|141|1|0|
41|754|752|1|145|1|0|
41|655|640|1|143|1|0|
41|658|656|1|143|1|0|
41|755|752|1|141|1|0|
41|754|752|1|141|1|0|
41|754|768|1|141|1|0|
41|745|752|1|141|1|0|
41|645|640|1|141|1|0|
41|624|624|1|141|1|0|
41|744|752|1|141|1|0|
41|744|736|1|141|1|0|
41|757|752|1|141|1|0|
41|754|768|1|145|1|0|
41|668|672|1|143|1|0|
41|650|656|1|143|1|0|
41|758|736|1|141|1|0|
41|746|736|1|141|1|0|
41|757|768|1|141|1|0|
41|756|752|1|141|1|0|
41|655|640|1|141|1|0|
41|655|640|1|141|1|0|
41|760|752|1|143|1|0|
41|758|768|1|141|1|0|
41|756|752|1|141|1|0|
41|757|752|1|141|1|0|
41|670|672|1|141|1|0|
41|649|640|1|141|1|0|
41|744|736|1|141|1|0|
41|745|736|1|141|1|0|
41|757|768|1|141|1|0|
41|754|768|1|141|1|0|
41|648|656|1|143|1|0|
41|712|704|1|147|1|0|
41|754|752|1|141|1|0|
41|756|752|1|141|1|0|
41|760|752|1|141|1|0|
41|755|752|1|141|1|0|
41|670|672|1|143|1|0|
41|668|672|1|141|1|0|
41|754|752|1|141|1|0|
41|754|752|1|141|1|0|
41|759|752|1|143|1|0|
41|754|768|1|141|1|0|
41|689|688|1|141|1|0|
41|649|656|1|141|1|0|
41|759|752|1|141|1|0|
41|745|736|1|141|1|0|
41|744|736|1|141|1|0|
41|746|736|1|141|1|0|
41|649|640|1|143|1|0|
41|670|672|1|141|1|0|
41|746|752|1|141|1|0|
41|745|752|1|141|1|0|
41|744|736|1|141|1|0|
41|745|736|1|141|1|0|
41|759|736|1|143|1|0|
41|670|672|1|141|1|0|
41|690|688|1|142|1|0|
41|755|752|1|141|1|0|
41|744|736|1|141|1|0|
41|754|752|1|141|1|0|
41|744|752|1|141|1|0|
41|658|656|1|141|1|0|
41|636|640|1|141|1|0|
41|744|752|1|141|1|0|
41|745|752|1|141|1|0|
41|755|752|1|141|1|0|
41|755|768|1|141|1|0|
41|674|672|1|142|1|0|
41|652|640|1|141|1|0|
41|757|752|1|141|1|0|
41|746|752|1|141|1|0|
41|746|752|1|141|1|0|
41|756|752|1|141|1|0|
41|659|656|1|141|1|0|
41|678|688|1|141|1|0|
41|756|768|1|141|1|0|
41|745|752|1|141|1|0|
41|744|752|1|141|1|0|
41|744|736|1|141|1|0|
41|657|656|1|141|1|0|
41|682|672|1|143|1|0|
41|748|752|1|141|1|0|
41|748|752|1|143|1|0|
41|757|768|1|141|1|0|
41|746|752|1|143|1|0|
41|660|672|1|143|1|0|
41|668|672|1|141|1|0|
41|749|752|1|141|1|0|
41|754|768|1|141|1|0|
41|754|752|1|141|1|0|
41|661|656|1|141|1|0|
41|653|656|1|141|1|0|
41|752|704|1|141|1|0|
41|757|768|1|143|1|0|
41|761|768|1|141|1|0|
41|747|752|1|141|1|0|
41|656|656|1|141|1|0|
41|637|640|1|141|1|0|
41|678|672|1|141|1|0|
41|754|736|1|141|1|0|
41|745|752|1|141|1|0|
41|758|752|1|141|1|0|
41|682|672|1|143|1|0|
41|657|656|1|143|1|0|
41|868|880|1|722|2|0|
41|783|784|1|141|1|0|
41|742|736|1|141|1|0|
41|746|752|1|141|1|0|
41|686|672|1|141|1|0|
41|677|688|1|141|1|0|
41|754|752|1|141|1|0|
41|756|768|1|141|1|0|
41|772|784|1|141|1|0|
41|756|752|1|143|1|0|
41|671|656|1|143|1|0|
41|681|672|1|141|1|0|
41|754|736|1|141|1|0|
41|756|752|1|141|1|0|
41|744|736|1|141|1|0|
41|759|752|1|141|1|0|
41|656|656|1|141|1|0|
41|660|672|1|141|1|0|
41|744|736|1|141|1|0|
41|758|768|1|141|1|0|
41|798|800|1|369|2|0|
41|775|784|1|143|2|0|
41|684|656|1|141|2|0|
41|668|608|1|143|2|0|
41|754|736|1|141|1|0|
41|753|752|1|141|1|0|
41|744|752|1|141|1|0|
41|754|768|1|141|1|0|
41|648|656|1|141|1|0|
41|680|672|1|143|1|0|
41|779|768|1|141|1|0|
41|745|736|1|141|1|0|
41|753|752|1|141|1|0|
41|746|736|1|141|1|0|
41|747|752|1|143|1|0|
41|667|672|1|143|1|0|
41|676|672|1|143|1|0|
41|746|752|1|141|1|0|
41|749|752|1|143|1|0|
