INSTRUCTIONS_RETIRED|CYCLES|UNKNOWN|LD_BLOCKS.STORE_FORWARD|UOPS_EXECUTED.CORE|BR_MISP_RETIRED.ALL_BRANCHES|UOPS_ISSUED.SINGLE_MUL|
33|887|576|1|123|2|0|
33|990|640|1|664|2|0|
33|803|480|1|528|2|0|
33|1423|848|1|1288|2|0|
33|756|448|1|2053|2|0|
33|758|448|1|1255|2|0|
33|793|480|1|1886|2|0|
33|699|416|1|1288|1|0|
33|1153|752|1|644|2|0|
33|1016|640|1|1067|2|0|
33|891|576|1|768|2|0|
33|810|480|1|1095|2|0|
33|869|560|1|1008|2|0|
33|898|576|1|1683|2|0|
33|881|560|1|718|2|0|
33|759|480|1|487|2|0|
33|907|576|1|827|2|0|
33|1440|928|1|1172|2|0|
33|1132|736|1|1263|2|0|
33|662|416|0|480|2|0|
33|757|480|1|247|2|0|
33|705|448|1|820|2|0|
33|752|496|1|1052|2|0|
33|738|496|1|1244|2|0|
33|727|464|1|209|2|0|
33|703|432|1|793|2|0|
33|718|464|1|689|2|0|
33|738|464|1|1121|2|0|
33|722|464|1|1386|2|0|
33|694|448|1|338|2|0|
33|765|464|1|417|2|0|
33|426|288|0|404|2|0|
33|709|448|1|747|2|0|
33|911|576|1|1178|2|0|
33|956|624|1|291|2|0|
33|1062|688|1|1950|2|0|
33|702|448|1|415|2|0|
33|745|464|1|1503|1|0|
33|680|448|1|879|1|0|
33|682|432|1|1263|1|0|
33|649|432|1|198|2|0|
33|740|464|1|464|2|0|
33|748|448|1|517|2|0|
33|746|480|1|933|2|0|
33|1015|656|1|971|2|0|
33|755|480|1|1115|2|0|
33|883|560|1|121|2|0|
33|691|432|1|121|2|0|
33|645|416|1|123|2|0|
33|645|400|1|123|1|0|
33|648|416|1|123|1|0|
33|604|384|1|121|1|0|
33|611|400|1|121|1|0|
33|759|496|1|123|1|0|
33|676|432|1|121|1|0|
33|637|400|1|123|1|0|
33|628|400|1|121|1|0|
33|610|400|1|121|1|0|
33|678|432|1|123|1|0|
33|670|432|1|123|1|0|
33|700|448|1|123|1|0|
33|704|448|1|121|1|0|
33|726|432|1|123|1|0|
33|707|448|1|121|1|0|
33|632|592|1|123|1|0|
33|616|576|1|125|1|0|
33|748|736|1|121|1|0|
33|656|656|1|121|1|0|
33|642|640|1|121|1|0|
33|642|624|1|121|1|0|
33|642|640|1|121|1|0|
33|590|592|1|123|1|0|
33|593|576|1|123|1|0|
33|652|656|1|121|1|0|
33|642|624|1|121|1|0|
33|642|656|1|123|1|0|
33|642|640|1|121|1|0|
33|612|608|1|121|1|0|
33|775|784|1|469|2|0|
33|680|672|1|123|2|0|
33|642|656|1|121|1|0|
33|652|656|1|121|1|0|
33|642|640|1|123|1|0|
33|594|592|1|123|1|0|
33|623|624|1|127|1|0|
33|653|656|1|121|1|0|
33|654|656|1|121|1|0|
33|653|640|1|121|1|0|
33|642|640|1|121|1|0|
33|630|640|1|121|1|0|
33|712|720|1|569|1|0|
33|641|656|1|121|1|0|
33|652|656|1|121|1|0|
33|654|656|1|121|1|0|
33|656|656|1|121|1|0|
33|586|592|1|121|1|0|
33|596|592|1|121|1|0|
33|654|656|1|121|1|0|
33|642|640|1|121|1|0|
33|654|656|1|121|1|0|
33|642|640|1|121|1|0|
33|604|608|1|121|1|0|
33|597|608|1|121|1|0|
33|1328|1328|1|860|2|0|
33|689|608|1|121|2|0|
33|648|576|1|121|1|0|
33|643|624|1|123|1|0|
33|580|576|1|121|1|0|
33|582|576|1|122|1|0|
33|600|592|1|121|1|0|
33|653|656|1|121|1|0|
33|650|656|1|121|1|0|
33|642|640|1|121|1|0|
33|642|640|1|123|1|0|
33|593|592|1|121|1|0|
33|606|608|1|121|1|0|
33|642|640|1|121|1|0|
33|652|656|1|121|1|0|
33|652|640|1|123|1|0|
33|654|656|1|121|1|0|
33|620|624|1|121|1|0|
33|618|608|1|123|1|0|
33|607|624|1|123|1|0|
33|642|656|1|121|1|0|
33|638|640|1|123|1|0|
33|673|672|1|121|2|0|
33|716|592|1|171|2|0|
33|686|576|1|121|2|0|
33|787|656|1|123|2|0|
33|600|528|1|123|1|0|
33|780|704|1|508|2|0|
33|843|720|1|1032|2|0|
33|670|576|1|792|1|0|
33|679|560|1|923|1|0|
33|747|624|1|1104|2|0|
33|717|608|1|607|2|0|
33|880|736|1|446|2|0|
33|720|592|1|1270|2|0|
33|689|576|1|193|2|0|
33|682|592|1|1093|1|0|
33|791|656|1|478|1|0|
33|746|640|1|1065|2|0|
33|767|560|1|1530|2|0|
33|673|480|1|1470|1|0|
33|815|608|1|1553|2|0|
33|765|544|1|1516|2|0|
33|742|544|1|1177|2|0|
33|760|544|1|1275|2|0|
33|671|496|1|1286|1|0|
33|719|528|1|1518|1|0|
33|697|512|1|1282|2|0|
33|654|480|1|1352|1|0|
33|767|560|1|915|1|0|
33|685|496|1|782|2|0|
33|871|640|1|398|2|0|
33|769|560|1|380|2|0|
33|809|576|1|366|1|0|
33|757|544|1|1550|2|0|
33|731|528|1|1190|2|0|
33|696|496|1|696|2|0|
33|717|544|1|1127|2|0|
33|723|512|1|1071|2|0|
33|724|496|1|1438|2|0|
33|703|448|1|478|2|0|
33|742|432|1|1214|2|0|
33|732|432|1|1494|1|0|
33|682|400|1|251|1|0|
33|725|464|1|559|2|0|
33|737|464|1|501|2|0|
33|769|496|1|771|2|0|
33|723|464|1|698|2|0|
33|656|416|1|1069|2|0|
33|777|496|1|947|2|0|
33|786|464|1|501|2|0|
33|704|432|1|123|1|0|
33|731|752|1|309|1|0|
33|906|912|1|870|1|0|
33|964|560|1|1772|1|0|
33|913|528|1|219|1|0|
33|680|416|1|121|1|0|
33|706|432|1|123|1|0|
33|1014|656|1|505|2|0|
33|1080|688|1|834|1|0|
33|746|464|1|309|1|0|
33|682|432|1|121|1|0|
33|768|496|1|419|2|0|
33|1005|640|1|123|2|0|
33|707|448|1|123|2|0|
33|897|576|1|267|1|0|
33|872|544|1|511|1|0|
33|965|608|1|1772|1|0|
33|745|480|1|328|1|0|
33|1080|688|1|1200|1|0|
33|895|576|1|123|1|0|
33|959|608|1|817|1|0|
33|703|448|1|123|1|0|
33|703|464|1|121|1|0|
33|692|448|1|123|1|0|
33|846|544|1|121|1|0|
33|850|544|1|121|1|0|
33|699|480|1|123|1|0|
33|762|512|1|121|1|0|
33|661|448|1|292|1|0|
33|815|576|1|754|2|0|
33|801|528|1|774|2|0|
33|802|528|1|584|2|0|
33|744|512|1|718|2|0|
33|712|480|1|123|2|0|
33|697|464|1|123|2|0|
33|722|496|1|127|2|0|
33|627|496|1|123|2|0|
33|612|480|1|121|2|0|
33|612|496|1|121|1|0|
33|567|576|1|123|1|0|
33|642|624|1|121|1|0|
33|650|656|1|121|1|0|
33|642|640|1|121|1|0|
33|651|656|1|121|1|0|
33|618|608|1|121|1|0|
33|594|592|1|121|1|0|
33|651|656|1|121|1|0|
33|642|624|1|121|1|0|
33|654|656|1|123|1|0|
33|586|592|1|123|1|0|
33|594|592|1|121|1|0|
33|599|608|1|123|1|0|
33|654|640|1|121|1|0|
33|654|656|1|121|1|0|
33|654|656|1|121|1|0|
33|656|656|1|121|1|0|
33|606|592|1|121|1|0|
33|654|656|1|123|1|0|
33|650|592|1|123|1|0|
33|706|704|1|344|1|0|
33|500|432|0|453|2|0|
33|766|688|1|354|2|0|
33|653|592|1|123|2|0|
33|595|512|1|123|1|0|
33|602|592|1|121|2|0|
33|604|608|1|121|1|0|
33|584|592|1|123|1|0|
33|604|608|1|123|1|0|
33|594|592|1|123|1|0|
33|598|608|1|121|1|0|
33|751|544|1|299|2|0|
33|1660|1216|1|872|1|0|
33|814|592|1|123|1|0|
33|618|560|1|123|1|0|
33|600|560|1|123|1|0|
33|596|608|1|123|1|0|
33|744|752|1|295|1|0|
33|648|656|1|123|1|0|
33|651|560|1|121|1|0|
33|662|560|1|121|1|0|
33|651|544|1|121|1|0|
33|700|528|1|123|1|0|
33|659|496|1|121|1|0|
33|653|544|1|127|1|0|
33|666|576|1|121|1|0|
33|601|496|1|123|1|0|
33|642|656|1|123|1|0|
33|590|608|1|121|1|0|
33|578|576|1|121|1|0|
33|588|592|1|121|1|0|
33|651|656|1|121|1|0|
33|645|640|1|123|1|0|
33|654|656|1|121|1|0|
33|661|672|1|123|1|0|
33|733|672|1|472|1|0|
33|652|560|1|123|1|0|
33|586|496|1|121|1|0|
33|598|608|1|121|1|0|
33|576|576|1|121|1|0|
33|576|576|1|123|1|0|
33|582|576|1|121|1|0|
33|583|576|1|121|1|0|
33|642|640|1|121|1|0|
33|694|704|1|121|1|0|
33|596|592|1|121|1|0|
33|681|672|1|202|1|0|
33|735|576|1|144|2|0|
33|765|592|1|970|2|0|
33|682|512|1|121|2|0|
33|623|464|1|121|2|0|
33|632|464|1|123|2|0|
33|600|528|1|121|1|0|
33|610|560|1|121|1|0|
33|584|560|1|121|1|0|
33|602|560|1|125|1|0|
33|625|576|1|121|1|0|
33|610|608|1|121|1|0|
33|613|624|1|123|1|0|
33|652|656|1|121|1|0|
33|642|640|1|121|1|0|
33|734|720|1|453|2|0|
33|750|672|1|428|1|0|
33|666|560|1|123|1|0|
33|597|496|1|123|1|0|
33|597|592|1|123|1|0|
33|575|576|1|123|1|0|
33|581|592|1|121|1|0|
33|588|592|1|121|1|0|
33|566|560|1|121|1|0|
33|568|560|1|121|1|0|
33|558|560|1|121|1|0|
33|610|608|1|121|1|0|
33|576|560|1|123|1|0|
33|758|768|1|635|1|0|
33|748|640|1|629|1|0|
33|673|512|1|121|1|0|
33|638|480|1|121|1|0|
33|635|480|1|123|1|0|
33|672|544|1|123|1|0|
33|646|640|1|123|1|0|
33|654|672|1|121|1|0|
33|652|640|1|121|1|0|
33|609|608|1|123|1|0|
33|597|592|1|123|1|0|
33|652|656|1|121|1|0|
33|641|640|1|121|1|0|
33|729|720|1|299|2|0|
33|728|624|1|121|2|0|
33|683|592|1|121|2|0|
33|633|528|1|123|2|0|
33|665|544|1|121|1|0|
33|586|576|1|121|1|0|
33|597|608|1|121|2|0|
33|636|624|1|121|2|0|
33|625|624|1|121|2|0|
33|629|640|1|121|2|0|
33|625|640|1|121|2|0|
33|645|656|1|123|1|0|
33|650|656|1|121|1|0|
33|814|832|1|496|1|0|
33|781|592|1|121|1|0|
33|590|464|1|123|1|0|
33|621|496|1|121|1|0|
33|608|608|1|123|1|0|
33|594|592|1|121|1|0|
33|618|624|1|123|1|0|
33|596|592|1|123|1|0|
33|602|608|1|121|1|0|
33|618|624|1|123|1|0|
33|630|624|1|123|1|0|
33|630|624|1|123|1|0|
33|620|624|1|123|1|0|
33|718|720|1|276|1|0|
33|731|720|1|718|1|0|
33|669|512|1|121|1|0|
33|620|496|1|123|1|0|
33|670|544|1|121|1|0|
33|641|640|1|123|1|0|
33|653|656|1|123|1|0|
33|652|656|1|121|1|0|
33|605|624|1|123|1|0|
33|622|624|1|121|1|0|
33|626|624|1|127|1|0|
33|654|656|1|121|1|0|
33|646|656|1|123|1|0|
33|758|768|1|127|1|0|
33|683|496|1|123|1|0|
33|788|576|1|121|1|0|
33|678|496|1|121|1|0|
33|622|448|1|121|1|0|
33|615|448|1|123|1|0|
33|606|496|1|121|1|0|
33|580|576|1|121|1|0|
33|557|560|1|121|1|0|
33|570|576|1|123|1|0|
33|737|752|1|1325|1|0|
33|665|576|1|301|2|0|
33|668|560|1|121|1|0|
33|636|528|1|121|1|0|
33|776|656|1|1079|2|0|
33|798|688|1|123|2|0|
33|729|528|1|493|2|0|
33|637|464|1|123|1|0|
33|596|592|1|123|1|0|
33|601|608|1|123|2|0|
33|654|656|1|121|1|0|
33|603|496|1|123|1|0|
33|666|544|1|123|1|0|
33|665|480|1|121|1|0|
33|684|512|1|123|1|0|
33|1068|768|1|121|1|0|
33|721|528|1|270|1|0|
33|773|576|1|223|2|0|
33|785|576|1|277|2|0|
33|686|512|1|121|2|0|
33|686|496|1|121|2|0|
33|701|496|1|123|2|0|
33|702|512|1|123|2|0|
33|666|496|1|123|1|0|
33|622|400|1|121|1|0|
33|584|576|1|123|1|0|
33|609|624|1|123|1|0|
33|608|608|1|121|1|0|
33|592|592|1|121|1|0|
33|654|656|1|121|1|0|
33|654|640|1|121|1|0|
33|701|704|1|597|1|0|
33|694|640|1|321|1|0|
33|776|688|1|123|1|0|
33|616|528|1|121|1|0|
33|590|608|1|121|1|0|
33|603|592|1|121|1|0|
33|612|608|1|121|1|0|
33|603|608|1|123|1|0|
33|585|576|1|123|1|0|
33|586|592|1|123|1|0|
33|585|576|1|123|1|0|
33|642|640|1|121|1|0|
33|642|640|1|121|1|0|
33|644|640|1|121|1|0|
33|704|704|1|123|2|0|
33|671|576|1|123|2|0|
33|655|512|1|123|1|0|
33|628|496|1|121|1|0|
33|614|480|1|123|1|0|
33|796|576|1|121|1|0|
33|626|464|1|121|1|0|
33|634|448|1|125|1|0|
33|633|608|1|123|1|0|
33|599|608|1|123|1|0|
33|598|592|1|123|1|0|
33|661|656|1|125|1|0|
33|650|640|1|121|1|0|
33|839|832|1|188|2|0|
33|758|560|1|257|2|0|
33|631|448|1|123|1|0|
33|631|496|1|121|1|0|
33|599|464|1|123|1|0|
33|590|512|1|121|1|0|
33|578|528|1|121|1|0|
33|568|560|1|121|1|0|
33|590|592|1|121|1|0|
33|566|560|1|121|1|0|
33|572|576|1|123|1|0|
33|579|576|1|123|1|0|
33|653|656|1|121|1|0|
33|743|752|1|870|1|0|
33|654|656|1|123|1|0|
33|642|592|1|123|1|0|
33|656|528|1|121|1|0|
33|669|528|1|121|1|0|
33|744|576|1|1210|1|0|
33|649|528|1|123|1|0|
33|617|512|1|121|1|0|
33|597|464|1|123|1|0|
33|600|592|1|123|1|0|
33|582|592|1|121|1|0|
33|654|656|1|123|1|0|
33|653|656|1|121|1|0|
33|449|448|0|274|2|0|
33|674|672|1|121|2|0|
33|654|528|1|121|1|0|
33|616|544|1|123|1|0|
33|590|528|1|123|1|0|
33|580|528|1|123|1|0|
33|580|496|1|123|1|0|
33|586|576|1|121|1|0|
33|586|576|1|123|1|0|
33|571|560|1|123|1|0|
33|570|576|1|123|1|0|
33|653|656|1|121|1|0|
33|653|656|1|121|1|0|
33|654|640|1|121|1|0|
33|642|624|1|123|1|0|
33|611|608|1|123|1|0|
33|630|640|1|123|1|0|
33|655|656|1|121|1|0|
33|654|672|1|123|1|0|
33|614|608|1|121|1|0|
33|642|656|1|123|1|0|
33|596|592|1|121|1|0|
33|642|640|1|121|1|0|
33|642|640|1|123|1|0|
33|652|656|1|121|1|0|
33|642|640|1|121|1|0|
33|594|608|1|123|1|0|
33|575|576|1|121|1|0|
33|648|640|1|123|1|0|
33|611|608|1|123|1|0|
33|609|608|1|123|1|0|
33|608|608|1|121|1|0|
33|652|656|1|123|1|0|
33|588|592|1|121|1|0|
33|617|608|1|121|1|0|
33|652|640|1|123|1|0|
33|654|656|1|121|1|0|
33|652|656|1|121|1|0|
33|662|656|1|125|1|0|
33|598|592|1|123|1|0|
33|592|608|1|122|1|0|
33|642|656|1|121|1|0|
33|655|640|1|121|1|0|
33|669|672|1|127|1|0|
33|643|608|1|121|1|0|
33|642|640|1|121|1|0|
33|649|640|1|125|1|0|
33|642|640|1|121|1|0|
33|653|656|1|121|1|0|
33|641|640|1|121|1|0|
33|642|640|1|121|1|0|
33|622|624|1|121|1|0|
33|578|592|1|123|1|0|
33|642|640|1|121|1|0|
33|652|656|1|123|1|0|
33|642|640|1|121|1|0|
33|654|640|1|123|1|0|
33|594|608|1|123|1|0|
33|595|608|1|123|1|0|
33|642|656|1|121|1|0|
33|652|656|1|121|1|0|
33|650|656|1|121|1|0|
33|657|656|1|121|1|0|
33|604|608|1|121|1|0|
33|604|608|1|121|1|0|
33|652|640|1|125|1|0|
33|641|656|1|121|1|0|
33|652|656|1|121|1|0|
33|654|656|1|121|1|0|
33|728|736|1|123|1|0|
33|596|576|1|123|1|0|
33|654|640|1|121|1|0|
33|642|656|1|121|1|0|
33|652|656|1|121|1|0|
33|651|656|1|125|1|0|
33|604|608|1|121|1|0|
33|610|624|1|121|1|0|
33|668|656|1|121|1|0|
33|641|624|1|121|1|0|
33|645|640|1|121|1|0|
33|655|656|1|121|1|0|
33|608|608|1|123|1|0|
33|580|576|1|121|1|0|
33|642|640|1|121|1|0|
33|653|656|1|121|1|0|
33|652|656|1|121|1|0|
33|651|656|1|121|1|0|
33|594|592|1|123|1|0|
33|645|640|1|121|1|0|
33|653|656|1|121|1|0|
33|663|672|1|125|1|0|
33|643|656|1|121|1|0|
33|645|656|1|121|1|0|
33|728|736|1|123|1|0|
33|578|576|1|123|1|0|
33|641|656|1|121|1|0|
33|653|640|1|121|1|0|
33|642|640|1|121|1|0|
33|664|672|1|127|1|0|
33|594|608|1|123|1|0|
33|622|608|1|121|1|0|
33|642|640|1|121|1|0|
33|594|592|1|121|1|0|
33|607|608|1|123|1|0|
33|647|640|1|121|1|0|
33|655|672|1|123|1|0|
33|651|656|1|523|1|0|
33|678|672|1|121|1|0|
33|642|640|1|121|1|0|
33|641|624|1|121|1|0|
33|652|640|1|121|1|0|
33|596|592|1|121|1|0|
33|571|576|1|121|1|0|
33|654|656|1|121|1|0|
33|642|656|1|123|1|0|
33|654|656|1|121|1|0|
33|654|656|1|121|1|0|
33|613|608|1|123|1|0|
33|608|624|1|121|1|0|
33|654|656|1|121|1|0|
33|651|656|1|121|1|0|
33|642|640|1|121|1|0|
33|654|656|1|121|1|0|
33|598|592|1|123|1|0|
33|628|624|1|125|1|0|
33|653|656|1|121|1|0|
33|642|640|1|121|1|0|
33|654|640|1|121|1|0|
33|656|656|1|121|1|0|
33|614|624|1|121|1|0|
33|612|608|1|121|1|0|
33|641|656|1|121|1|0|
33|652|656|1|121|1|0|
33|651|640|1|121|1|0|
33|655|672|1|121|1|0|
33|597|608|1|123|1|0|
33|593|592|1|125|1|0|
33|653|640|1|121|1|0|
33|645|640|1|121|1|0|
33|652|656|1|121|1|0|
33|643|640|1|121|1|0|
33|585|576|1|123|1|0|
33|641|624|1|121|1|0|
33|641|624|1|121|1|0|
33|646|640|1|121|1|0|
33|642|656|1|121|1|0|
33|654|656|1|121|1|0|
33|618|624|1|121|1|0|
33|579|576|1|123|1|0|
33|642|624|1|121|1|0|
33|645|640|1|121|1|0|
33|654|656|1|121|1|0|
33|642|656|1|121|1|0|
33|627|624|1|123|1|0|
33|642|640|1|123|1|0|
33|653|656|1|121|1|0|
33|654|656|1|123|1|0|
33|645|640|1|121|1|0|
33|654|640|1|121|1|0|
33|573|576|1|121|1|0|
33|570|576|1|123|1|0|
33|652|640|1|121|1|0|
33|652|640|1|121|1|0|
33|641|656|1|121|1|0|
33|641|656|1|121|1|0|
33|603|608|1|121|1|0|
33|620|624|1|121|1|0|
33|655|656|1|121|1|0|
33|668|672|1|121|1|0|
33|652|656|1|121|1|0|
33|641|656|1|121|1|0|
33|614|608|1|123|1|0|
33|601|608|1|123|1|0|
33|599|592|1|123|1|0|
33|655|656|1|121|1|0|
33|652|640|1|121|1|0|
33|642|656|1|121|1|0|
33|645|624|1|121|1|0|
33|597|592|1|123|1|0|
33|582|592|1|123|1|0|
33|641|624|1|121|1|0|
33|652|656|1|121|1|0|
33|654|656|1|121|1|0|
33|641|656|1|123|1|0|
33|594|608|1|123|1|0|
33|628|624|1|123|1|0|
33|642|640|1|121|1|0|
33|642|640|1|121|1|0|
33|645|640|1|121|1|0|
33|652|656|1|121|1|0|
33|580|576|1|121|1|0|
33|624|608|1|121|1|0|
33|642|640|1|121|1|0|
33|654|640|1|121|1|0|
33|641|640|1|121|1|0|
33|656|640|1|123|1|0|
33|592|592|1|123|1|0|
33|620|608|1|121|1|0|
33|642|624|1|121|1|0|
33|653|672|1|121|1|0|
33|642|656|1|121|1|0|
33|642|640|1|121|1|0|
33|596|608|1|123|1|0|
33|584|592|1|123|1|0|
33|592|608|1|123|1|0|
33|654|640|1|121|1|0|
33|653|656|1|121|1|0|
33|652|656|1|125|1|0|
33|641|640|1|121|1|0|
33|586|592|1|123|1|0|
33|594|592|1|121|1|0|
33|640|560|1|121|1|0|
33|655|640|1|123|1|0|
33|594|592|1|123|1|0|
33|622|624|1|121|1|0|
33|737|752|1|123|1|0|
33|642|640|1|121|1|0|
33|654|656|1|121|1|0|
33|691|672|1|262|1|0|
33|866|832|1|940|1|0|
33|747|704|1|121|1|0|
33|656|528|1|123|1|0|
33|654|656|1|121|1|0|
33|652|640|1|123|1|0|
33|612|608|1|121|1|0|
33|574|576|1|121|1|0|
33|641|640|1|123|1|0|
33|656|656|1|121|1|0|
33|654|656|1|123|1|0|
33|653|640|1|121|1|0|
33|604|608|1|121|1|0|
33|596|608|1|121|1|0|
33|604|608|1|125|1|0|
33|641|640|1|121|1|0|
33|651|640|1|121|1|0|
33|642|640|1|121|1|0|
33|610|624|1|121|1|0|
33|598|608|1|123|1|0|
33|654|656|1|121|1|0|
33|653|656|1|121|1|0|
33|661|656|1|125|1|0|
33|642|640|1|123|1|0|
33|599|592|1|123|1|0|
33|599|592|1|123|1|0|
33|598|608|1|121|1|0|
33|654|640|1|121|1|0|
33|651|656|1|121|1|0|
33|654|656|1|123|1|0|
33|594|592|1|121|1|0|
33|598|608|1|121|1|0|
33|602|576|1|123|1|0|
33|653|656|1|123|1|0|
33|653|672|1|121|1|0|
33|642|640|1|121|1|0|
33|655|656|1|121|1|0|
33|594|608|1|123|1|0|
33|606|608|1|121|1|0|
33|642|640|1|121|1|0|
33|641|640|1|121|1|0|
33|642|640|1|121|1|0|
33|642|656|1|121|1|0|
33|598|592|1|123|1|0|
33|602|592|1|123|1|0|
33|643|656|1|121|1|0|
33|641|624|1|121|1|0|
33|642|640|1|121|1|0|
33|645|640|1|121|1|0|
33|602|608|1|123|1|0|
33|600|592|1|121|1|0|
33|652|656|1|121|1|0|
33|780|784|1|121|1|0|
33|642|640|1|121|1|0|
33|642|656|1|121|1|0|
33|602|608|1|121|1|0|
33|596|592|1|123|1|0|
33|641|656|1|121|1|0|
33|641|640|1|121|1|0|
33|714|720|1|121|1|0|
33|642|640|1|121|1|0|
33|598|592|1|121|1|0|
33|592|592|1|123|1|0|
33|587|592|1|125|1|0|
33|594|608|1|121|1|0|
33|873|880|1|123|1|0|
33|642|656|1|121|1|0|
33|602|592|1|121|1|0|
33|635|624|1|123|1|0|
33|652|640|1|121|1|0|
33|654|656|1|123|1|0|
33|654|656|1|121|1|0|
33|643|640|1|121|1|0|
33|608|592|1|121|1|0|
33|614|608|1|121|1|0|
33|574|576|1|121|1|0|
33|653|656|1|121|1|0|
33|653|640|1|121|1|0|
33|655|656|1|121|1|0|
33|604|592|1|121|1|0|
33|599|592|1|121|1|0|
33|582|592|1|123|1|0|
33|654|656|1|121|1|0|
33|646|640|1|121|1|0|
33|652|656|1|121|1|0|
33|653|672|1|121|1|0|
33|594|592|1|121|1|0|
33|596|592|1|123|1|0|
33|642|656|1|121|1|0|
33|652|656|1|125|1|0|
33|651|656|1|121|1|0|
33|652|640|1|121|1|0|
33|582|592|1|121|1|0|
33|609|608|1|121|1|0|
33|650|640|1|121|1|0|
33|641|640|1|121|1|0|
33|642|656|1|121|1|0|
33|641|640|1|121|1|0|
33|604|608|1|123|1|0|
33|722|704|1|497|1|0|
33|655|672|1|123|1|0|
33|654|656|1|121|1|0|
33|653|656|1|121|1|0|
33|642|640|1|123|1|0|
33|594|592|1|123|1|0|
33|605|592|1|121|1|0|
33|647|640|1|121|1|0|
33|646|640|1|121|1|0|
33|655|656|1|121|1|0|
33|645|640|1|123|1|0|
33|585|592|1|123|1|0|
33|617|608|1|121|1|0|
33|642|656|1|121|1|0|
33|652|656|1|123|1|0|
33|651|656|1|121|1|0|
33|642|656|1|121|1|0|
33|601|608|1|123|1|0|
33|584|576|1|123|1|0|
33|642|640|1|121|1|0|
33|642|640|1|121|1|0|
33|642|656|1|121|1|0|
33|652|656|1|121|1|0|
33|626|608|1|127|1|0|
33|569|560|1|123|1|0|
33|652|656|1|121|1|0|
33|642|640|1|121|1|0|
33|653|640|1|121|1|0|
33|646|656|1|121|1|0|
33|582|592|1|123|1|0|
33|613|624|1|121|1|0|
33|654|656|1|123|1|0|
33|642|640|1|121|1|0|
33|652|656|1|121|1|0|
33|652|656|1|121|1|0|
33|582|576|1|123|1|0|
33|571|560|1|123|1|0|
33|654|656|1|121|1|0|
33|641|640|1|121|1|0|
33|656|656|1|121|1|0|
33|642|640|1|121|1|0|
33|604|592|1|123|1|0|
33|598|608|1|123|1|0|
33|656|672|1|121|1|0|
33|645|640|1|121|1|0|
33|654|656|1|121|1|0|
33|664|672|1|125|1|0|
33|615|608|1|123|1|0|
33|598|608|1|123|1|0|
33|651|656|1|121|1|0|
33|642|640|1|123|1|0|
33|652|640|1|123|1|0|
33|652|656|1|121|1|0|
33|592|592|1|121|1|0|
33|614|608|1|121|1|0|
33|642|640|1|123|1|0|
33|652|656|1|121|1|0|
33|642|640|1|121|1|0|
33|642|656|1|121|1|0|
33|621|624|1|123|1|0|
33|610|624|1|123|1|0|
33|642|640|1|121|1|0|
33|655|656|1|121|1|0|
33|641|640|1|121|1|0|
33|652|656|1|125|1|0|
33|613|608|1|127|1|0|
33|605|608|1|121|1|0|
33|722|720|1|121|1|0|
33|642|640|1|121|1|0|
33|656|640|1|121|1|0|
33|641|656|1|121|1|0|
33|604|592|1|123|1|0|
33|583|592|1|123|1|0|
33|606|608|1|123|1|0|
33|652|656|1|121|1|0|
33|656|640|1|121|1|0|
33|651|656|1|121|1|0|
33|645|640|1|121|1|0|
33|602|608|1|123|1|0|
33|614|608|1|121|1|0|
33|652|656|1|121|1|0|
33|654|656|1|121|1|0|
33|653|640|1|121|1|0|
33|656|656|1|121|1|0|
33|590|592|1|123|1|0|
33|598|592|1|123|1|0|
33|578|576|1|121|1|0|
33|642|640|1|121|1|0|
33|651|640|1|121|1|0|
33|652|640|1|125|1|0|
33|655|656|1|123|1|0|
33|656|656|1|123|1|0|
33|591|608|1|121|1|0|
33|641|640|1|121|1|0|
33|657|672|1|121|1|0|
33|653|656|1|121|1|0|
33|654|656|1|121|1|0|
33|626|624|1|123|1|0|
33|624|624|1|123|1|0|
33|653|656|1|121|1|0|
33|651|656|1|121|1|0|
33|652|656|1|125|1|0|
33|652|656|1|121|1|0|
33|594|592|1|121|1|0|
33|592|576|1|121|1|0|
33|618|608|1|121|1|0|
33|647|656|1|123|1|0|
33|654|640|1|121|1|0|
33|647|656|1|123|1|0|
33|605|608|1|121|1|0|
33|602|608|1|123|1|0|
33|599|592|1|121|1|0|
33|757|752|1|527|2|0|
33|646|640|1|121|1|0|
33|642|640|1|123|1|0|
33|600|592|1|121|1|0|
33|584|576|1|121|1|0|
33|584|576|1|121|1|0|
33|642|624|1|121|1|0|
33|651|640|1|121|1|0|
33|642|656|1|121|1|0|
33|642|640|1|121|1|0|
33|608|608|1|123|1|0|
33|582|576|1|121|1|0|
33|641|656|1|121|1|0|
33|642|640|1|121|1|0|
33|666|656|1|121|1|0|
33|656|640|1|121|1|0|
33|599|608|1|123|1|0|
33|608|624|1|123|1|0|
33|654|656|1|121|1|0|
33|642|640|1|121|1|0|
33|642|640|1|121|1|0|
33|642|640|1|121|1|0|
33|640|624|1|121|1|0|
33|603|608|1|121|1|0|
33|642|640|1|121|1|0|
33|641|656|1|121|1|0|
33|645|640|1|121|1|0|
33|642|640|1|121|1|0|
33|579|576|1|121|1|0|
33|571|560|1|123|1|0|
33|641|624|1|121|1|0|
33|642|640|1|121|1|0|
33|642|640|1|121|1|0|
33|657|672|1|123|1|0|
33|573|560|1|123|1|0|
33|591|592|1|121|1|0|
33|652|640|1|121|1|0|
33|641|640|1|121|1|0|
33|654|640|1|121|1|0|
33|642|640|1|123|1|0|
33|594|592|1|123|1|0|
33|568|560|1|121|1|0|
33|641|640|1|121|1|0|
33|642|640|1|121|1|0|
33|654|656|1|121|1|0|
33|651|656|1|121|1|0|
33|616|608|1|123|1|0|
33|612|608|1|121|1|0|
33|652|656|1|123|1|0|
33|645|640|1|121|1|0|
33|655|656|1|121|1|0|
33|642|640|1|121|1|0|
33|618|624|1|121|1|0|
33|598|592|1|123|1|0|
33|650|656|1|121|1|0|
33|642|640|1|121|1|0|
33|652|656|1|121|1|0|
33|641|640|1|121|1|0|
33|598|592|1|121|1|0|
33|603|608|1|123|1|0|
33|657|656|1|121|1|0|
33|641|640|1|121|1|0|
33|642|640|1|121|1|0|
33|654|656|1|121|1|0|
33|582|576|1|123|1|0|
33|584|592|1|121|1|0|
33|642|656|1|121|1|0|
33|642|640|1|121|1|0|
33|641|656|1|123|1|0|
33|642|640|1|121|1|0|
33|598|592|1|123|1|0|
33|636|640|1|123|1|0|
33|642|640|1|121|1|0|
33|651|656|1|121|1|0|
33|642|640|1|121|1|0|
33|652|656|1|123|1|0|
33|606|608|1|121|1|0|
33|622|624|1|121|1|0|
33|655|672|1|123|1|0|
33|642|640|1|121|1|0|
33|654|656|1|121|1|0|
33|652|656|1|121|1|0|
33|612|608|1|123|1|0|
33|631|640|1|123|1|0|
33|652|656|1|121|1|0|
33|654|656|1|121|1|0|
33|642|640|1|121|1|0|
33|655|640|1|123|1|0|
33|580|576|1|123|1|0|
33|596|592|1|121|1|0|
33|642|640|1|121|1|0|
33|653|656|1|123|1|0|
33|654|656|1|121|1|0|
33|642|640|1|121|1|0|
33|604|592|1|123|1|0|
33|608|608|1|125|1|0|
33|653|656|1|123|1|0|
33|655|656|1|121|1|0|
33|654|640|1|121|1|0|
33|654|656|1|121|1|0|
33|594|592|1|123|1|0|
33|614|624|1|121|1|0|
33|641|640|1|121|1|0|
33|643|640|1|121|1|0|
33|642|624|1|121|1|0|
33|652|640|1|125|1|0|
33|613|608|1|123|1|0|
33|590|592|1|121|1|0|
33|651|656|1|121|1|0|
33|641|656|1|121|1|0|
33|642|640|1|121|1|0|
33|642|640|1|123|1|0|
33|592|576|1|121|1|0|
33|632|624|1|123|1|0|
33|642|640|1|121|1|0|
33|652|656|1|125|1|0|
33|656|672|1|123|1|0|
33|654|656|1|121|1|0|
