INSTRUCTIONS_RETIRED|CYCLES|UNKNOWN|LD_BLOCKS.STORE_FORWARD|UOPS_EXECUTED.CORE|BR_MISP_RETIRED.ALL_BRANCHES|UOPS_ISSUED.SINGLE_MUL|
31|917|930|1|130|1|0|
31|535|510|1|130|1|0|
31|519|570|1|130|1|0|
31|503|540|1|130|1|0|
31|575|570|1|130|1|0|
31|570|570|1|130|1|0|
31|570|570|1|130|1|0|
31|602|600|1|130|1|0|
31|542|540|1|130|1|0|
31|552|540|1|130|1|0|
31|545|570|1|130|1|0|
31|493|510|1|130|1|0|
31|586|600|1|130|1|0|
31|596|600|1|130|1|0|
31|618|630|1|130|1|0|
31|508|540|1|130|1|0|
31|482|510|1|130|1|0|
31|504|510|1|130|1|0|
31|543|570|1|130|1|0|
31|559|570|1|130|1|0|
31|607|600|1|130|1|0|
31|590|600|1|130|1|0|
31|501|540|1|130|1|0|
31|510|540|1|130|1|0|
31|508|540|1|130|1|0|
31|608|600|1|130|1|0|
31|502|540|1|130|1|0|
31|495|510|1|130|1|0|
31|505|510|1|130|1|0|
31|490|480|1|130|1|0|
31|516|540|1|130|1|0|
31|1535|1530|1|130|1|0|
31|1008|1080|1|130|1|0|
31|518|570|1|130|1|0|
31|492|540|1|130|1|0|
31|486|510|1|130|1|0|
31|472|510|1|130|1|0|
31|460|480|1|130|1|0|
31|464|480|1|130|1|0|
31|574|600|1|130|1|0|
31|592|630|1|130|1|0|
31|616|660|1|130|1|0|
31|594|600|1|130|1|0|
31|568|570|1|130|1|0|
31|537|510|1|130|1|0|
31|610|600|1|130|1|0|
31|537|540|1|130|1|0|
31|512|480|1|130|1|0|
31|539|510|1|130|1|0|
31|540|570|1|130|1|0|
31|586|570|1|130|1|0|
31|506|480|1|130|1|0|
31|590|600|1|130|1|0|
31|548|600|1|130|1|0|
31|526|540|1|130|1|0|
31|522|540|1|130|1|0|
31|634|630|1|130|2|0|
31|635|660|1|130|2|0|
31|536|540|1|130|1|0|
31|498|480|1|130|1|0|
31|490|510|1|130|1|0|
31|470|540|1|130|1|0|
31|526|540|1|130|1|0|
31|496|510|1|130|1|0|
31|508|510|1|130|1|0|
31|506|540|1|130|1|0|
31|522|540|1|130|1|0|
31|502|510|1|130|1|0|
31|541|570|1|130|1|0|
31|543|570|1|130|1|0|
31|855|930|1|130|1|0|
31|597|660|1|130|1|0|
31|586|630|1|130|1|0|
31|539|570|1|130|1|0|
31|616|630|1|130|1|0|
31|534|540|1|130|1|0|
31|502|570|1|130|1|0|
31|516|540|1|130|1|0|
31|535|600|1|130|1|0|
31|603|660|1|130|1|0|
31|510|540|1|130|1|0|
31|530|570|1|130|1|0|
31|586|630|1|130|1|0|
31|618|660|1|130|1|0|
31|516|570|1|130|1|0|
31|495|540|1|130|1|0|
31|572|630|1|130|1|0|
31|550|570|1|130|1|0|
31|773|810|1|130|1|0|
31|578|630|1|130|1|0|
31|545|600|1|130|1|0|
31|516|570|1|130|1|0|
31|463|510|1|130|1|0|
31|500|540|1|130|1|0|
31|614|630|1|130|1|0|
31|549|600|1|130|1|0|
31|544|510|1|130|1|0|
31|537|540|1|130|1|0|
31|498|480|1|130|1|0|
31|503|480|1|130|1|0|
31|507|510|1|130|1|0|
31|606|600|1|130|1|0|
31|536|510|1|130|1|0|
31|514|510|1|130|1|0|
31|496|510|1|130|1|0|
31|513|510|1|130|1|0|
31|468|450|1|130|1|0|
31|484|480|1|130|1|0|
31|492|510|1|130|1|0|
31|499|540|1|130|1|0|
31|1312|1320|1|130|1|0|
31|496|480|1|130|1|0|
31|486|480|1|130|1|0|
31|517|510|1|130|1|0|
31|565|600|1|130|1|0|
31|613|630|1|130|1|0|
31|552|570|1|130|1|0|
31|626|630|1|130|1|0|
31|554|600|1|130|1|0|
31|609|660|1|130|1|0|
31|622|660|1|130|2|0|
31|571|630|1|130|2|0|
31|532|540|1|130|1|0|
31|513|540|1|130|1|0|
31|521|570|1|130|1|0|
31|522|600|1|130|1|0|
31|510|540|1|130|1|0|
31|501|570|1|130|1|0|
31|626|630|1|130|1|0|
31|531|570|1|130|1|0|
31|611|660|1|130|1|0|
31|645|720|1|130|1|0|
31|576|600|1|130|1|0|
31|550|600|1|130|1|0|
31|592|660|1|130|1|0|
31|563|600|1|130|1|0|
31|603|630|1|130|1|0|
31|522|570|1|130|1|0|
31|522|570|1|130|1|0|
31|470|510|1|130|1|0|
31|483|540|1|130|1|0|
31|480|510|1|130|1|0|
31|635|660|1|130|2|0|
31|583|630|1|130|2|0|
31|572|600|1|130|2|0|
31|518|540|1|130|1|0|
31|571|630|1|130|1|0|
31|1154|1230|1|130|1|0|
31|548|570|1|130|1|0|
31|571|600|1|130|1|0|
31|576|630|1|130|1|0|
31|565|600|1|130|1|0|
31|511|510|1|130|1|0|
31|536|570|1|130|1|0|
31|491|510|1|130|1|0|
31|515|540|1|130|1|0|
31|485|540|1|130|1|0|
31|478|510|1|130|1|0|
31|514|570|1|130|1|0|
31|573|600|1|130|1|0|
31|634|690|1|130|1|0|
31|562|660|1|130|1|0|
31|542|570|1|130|1|0|
31|596|630|1|130|1|0|
31|610|690|1|130|1|0|
31|523|570|1|130|1|0|
31|507|570|1|130|1|0|
31|544|630|1|130|1|0|
31|526|600|1|130|1|0|
31|513|600|1|130|1|0|
31|508|540|1|130|1|0|
31|500|540|1|130|1|0|
31|494|510|1|130|1|0|
31|486|540|1|130|1|0|
31|490|570|1|130|1|0|
31|560|600|1|130|1|0|
31|597|630|1|130|1|0|
31|1226|1380|1|130|1|0|
31|601|690|1|130|1|0|
31|553|630|1|130|1|0|
31|539|600|1|130|1|0|
31|560|660|1|130|1|0|
31|602|690|1|130|1|0|
31|578|660|1|130|1|0|
31|529|570|1|130|1|0|
31|506|570|1|130|1|0|
31|604|660|1|130|2|0|
31|554|600|1|130|2|0|
31|491|540|1|130|1|0|
31|488|570|1|130|1|0|
31|500|540|1|130|1|0|
31|564|630|1|130|1|0|
31|502|570|1|130|1|0|
31|548|600|1|130|1|0|
31|502|510|1|130|1|0|
31|500|540|1|130|1|0|
31|523|570|1|130|1|0|
31|518|570|1|130|1|0|
31|545|600|1|130|1|0|
31|520|570|1|130|1|0|
31|528|570|1|130|1|0|
31|601|630|1|130|1|0|
31|618|690|1|130|1|0|
31|553|600|1|130|1|0|
31|492|540|1|130|1|0|
31|604|660|1|130|1|0|
31|602|630|1|130|1|0|
31|577|600|1|130|1|0|
31|500|540|1|130|1|0|
31|485|510|1|130|1|0|
31|500|600|1|130|1|0|
31|463|570|1|130|1|0|
31|476|600|1|130|1|0|
31|484|600|1|130|1|0|
31|456|540|1|130|1|0|
31|486|600|1|130|1|0|
31|484|600|1|130|1|0|
31|591|720|1|130|1|0|
31|544|660|1|130|1|0|
31|549|660|1|130|1|0|
31|608|750|1|130|1|0|
31|578|690|1|130|1|0|
31|550|660|1|130|1|0|
31|490|600|1|130|1|0|
31|494|600|1|130|1|0|
31|498|600|1|130|1|0|
31|508|600|1|130|1|0|
31|480|570|1|130|1|0|
31|486|510|1|130|1|0|
31|490|480|1|130|1|0|
31|559|540|1|130|1|0|
31|992|990|1|130|1|0|
31|608|630|1|130|1|0|
31|603|630|1|130|1|0|
31|611|630|1|130|1|0|
31|575|630|1|130|1|0|
31|564|690|1|130|1|0|
31|602|630|1|130|1|0|
31|528|630|1|130|1|0|
31|572|600|1|130|1|0|
31|586|570|1|130|1|0|
31|586|600|1|130|1|0|
31|558|570|1|130|1|0|
31|535|540|1|130|1|0|
31|510|510|1|130|1|0|
31|514|540|1|130|1|0|
31|530|510|1|130|1|0|
31|519|540|1|130|1|0|
31|575|570|1|130|1|0|
31|733|780|1|130|2|0|
31|1030|1110|1|130|2|0|
31|534|570|1|130|1|0|
31|480|510|1|130|1|0|
31|480|510|1|130|1|0|
31|480|510|1|130|1|0|
31|480|510|1|130|1|0|
31|482|510|1|130|1|0|
31|532|600|1|130|1|0|
31|572|630|1|130|1|0|
31|548|630|1|130|1|0|
31|616|630|1|130|1|0|
31|600|630|1|130|1|0|
31|548|630|1|130|1|0|
31|538|630|1|130|1|0|
31|539|630|1|130|1|0|
31|516|570|1|130|1|0|
31|489|570|1|130|1|0|
31|468|540|1|130|1|0|
31|466|510|1|130|1|0|
31|494|510|1|130|1|0|
31|537|570|1|130|1|0|
31|569|630|1|130|1|0|
31|674|750|1|130|1|0|
31|508|570|1|130|1|0|
31|506|540|1|130|1|0|
31|507|600|1|130|1|0|
31|541|540|1|130|1|0|
31|528|600|1|130|1|0|
31|543|600|1|130|1|0|
31|523|540|1|130|1|0|
31|538|570|1|130|1|0|
31|522|600|1|130|1|0|
31|492|540|1|130|1|0|
31|501|570|1|130|1|0|
31|491|540|1|130|1|0|
31|452|450|1|130|1|0|
31|598|630|1|130|1|0|
31|571|600|1|130|1|0|
31|573|600|1|130|1|0|
31|577|600|1|130|1|0|
31|565|600|1|130|1|0|
31|598|660|1|130|1|0|
31|522|540|1|130|1|0|
31|510|570|1|130|1|0|
31|512|570|1|130|1|0|
31|498|540|1|130|1|0|
31|476|480|1|130|1|0|
31|506|600|1|130|1|0|
31|516|570|1|130|1|0|
31|516|600|1|130|1|0|
31|512|600|1|130|1|0|
31|538|630|1|130|1|0|
31|512|570|1|130|1|0|
31|599|690|1|130|1|0|
31|600|690|1|130|1|0|
31|600|690|1|130|1|0|
31|576|630|1|130|1|0|
31|572|660|1|130|1|0|
31|555|600|1|130|1|0|
31|526|600|1|130|1|0|
31|560|600|1|130|1|0|
31|560|600|1|130|1|0|
31|575|660|1|130|1|0|
31|502|570|1|130|1|0|
31|492|570|1|130|1|0|
31|550|570|1|130|1|0|
31|596|690|1|130|1|0|
31|588|690|1|130|1|0|
31|576|660|1|130|1|0|
31|548|600|1|130|1|0|
31|522|540|1|130|1|0|
31|492|510|1|130|1|0|
31|523|570|1|130|1|0|
31|516|570|1|130|1|0|
31|490|570|1|130|1|0|
31|491|540|1|130|1|0|
31|498|570|1|130|1|0|
31|502|570|1|130|1|0|
31|491|570|1|130|1|0|
31|610|690|1|130|1|0|
31|592|690|1|130|1|0|
31|578|660|1|130|1|0|
31|577|660|1|130|1|0|
31|600|660|1|130|1|0|
31|577|630|1|130|1|0|
31|576|630|1|130|1|0|
31|607|660|1|130|1|0|
31|508|540|1|130|1|0|
31|486|540|1|130|1|0|
31|555|600|1|130|1|0|
31|506|540|1|130|1|0|
31|503|510|1|130|1|0|
31|480|540|1|130|1|0|
31|552|600|1|130|1|0|
31|511|540|1|130|1|0|
31|522|570|1|130|1|0|
31|612|660|1|130|1|0|
31|617|660|1|130|1|0|
31|606|660|1|130|1|0|
31|552|630|1|130|1|0|
31|547|600|1|130|1|0|
31|536|600|1|130|1|0|
31|520|600|1|130|1|0|
31|511|540|1|130|1|0|
31|484|510|1|130|1|0|
31|500|570|1|130|1|0|
31|510|570|1|130|1|0|
31|478|510|1|130|1|0|
31|481|540|1|130|1|0|
31|505|510|1|130|1|0|
31|544|570|1|130|1|0|
31|559|600|1|130|1|0|
31|508|540|1|130|1|0|
31|484|540|1|130|1|0|
31|703|780|1|130|1|0|
31|492|570|1|130|1|0|
31|471|510|1|130|1|0|
31|460|510|1|130|1|0|
31|484|570|1|130|1|0|
31|490|540|1|130|1|0|
31|493|600|1|130|1|0|
31|460|570|1|130|1|0|
31|550|600|1|130|1|0|
31|582|630|1|130|1|0|
31|1260|1350|1|130|1|0|
31|521|540|1|130|1|0|
31|546|690|1|130|1|0|
31|500|630|1|130|1|0|
31|484|600|1|130|1|0|
31|462|540|1|130|1|0|
31|493|600|1|130|1|0|
31|474|600|1|130|1|0|
31|492|630|1|130|1|0|
31|480|630|1|130|1|0|
31|480|600|1|130|1|0|
31|486|600|1|130|1|0|
31|472|600|1|130|1|0|
31|485|600|1|130|1|0|
31|488|600|1|130|1|0|
31|560|600|1|130|1|0|
31|586|720|1|130|1|0|
31|573|660|1|130|1|0|
31|544|660|1|130|1|0|
31|589|750|1|130|1|0|
31|537|660|1|130|1|0|
31|491|600|1|130|1|0|
31|499|600|1|130|1|0|
31|502|630|1|130|1|0|
31|499|630|1|130|1|0|
31|502|630|1|130|1|0|
31|496|600|1|130|1|0|
31|498|570|1|130|1|0|
31|488|630|1|130|1|0|
31|496|600|1|130|1|0|
31|487|600|1|130|1|0|
31|498|630|1|130|1|0|
31|496|630|1|130|1|0|
31|478|630|1|130|1|0|
31|480|570|1|130|1|0|
31|459|570|1|130|1|0|
31|522|630|1|130|1|0|
31|468|570|1|130|1|0|
31|502|570|1|130|1|0|
31|487|600|1|130|1|0|
31|500|570|1|130|1|0|
31|605|690|1|130|1|0|
31|590|660|1|130|1|0|
31|529|630|1|130|1|0|
31|598|690|1|130|1|0|
31|544|630|1|130|1|0|
31|517|630|1|130|1|0|
31|510|600|1|130|1|0|
31|465|570|1|130|1|0|
31|469|570|1|130|1|0|
31|486|570|1|130|1|0|
31|491|600|1|130|1|0|
31|486|570|1|130|1|0|
31|474|570|1|130|1|0|
31|473|570|1|130|1|0|
31|456|600|1|130|1|0|
31|479|630|1|130|1|0|
31|833|1080|1|130|1|0|
31|466|600|1|130|1|0|
31|467|630|1|130|1|0|
31|485|630|1|130|1|0|
31|479|630|1|130|1|0|
31|458|630|1|130|1|0|
31|456|600|1|130|1|0|
31|500|660|1|130|1|0|
31|459|570|1|130|1|0|
31|479|630|1|130|1|0|
31|464|630|1|130|1|0|
31|480|630|1|130|1|0|
31|502|630|1|130|1|0|
31|483|660|1|130|1|0|
31|484|630|1|130|1|0|
31|493|630|1|130|1|0|
31|528|690|1|130|1|0|
31|554|660|1|130|1|0|
31|578|690|1|130|1|0|
31|507|690|1|130|1|0|
31|499|660|1|130|1|0|
31|464|600|1|130|1|0|
31|494|630|1|130|1|0|
31|505|630|1|130|1|0|
31|593|750|1|130|1|0|
31|549|720|1|130|1|0|
31|592|780|1|130|1|0|
31|603|780|1|130|1|0|
31|514|690|1|130|1|0|
31|484|630|1|130|1|0|
31|523|690|1|130|1|0|
31|507|660|1|130|1|0|
31|491|630|1|130|1|0|
31|472|630|1|130|1|0|
31|515|660|1|130|1|0|
31|498|660|1|130|1|0|
31|521|660|1|130|1|0|
31|490|600|1|130|1|0|
31|526|630|1|130|1|0|
31|512|630|1|130|1|0|
31|522|630|1|130|1|0|
31|492|600|1|130|1|0|
31|484|600|1|130|1|0|
31|492|630|1|130|1|0|
31|458|570|1|130|1|0|
31|492|630|1|130|1|0|
31|474|570|1|130|1|0|
31|461|570|1|130|1|0|
31|490|630|1|130|1|0|
31|490|630|1|130|1|0|
31|474|600|1|130|1|0|
31|480|600|1|130|1|0|
31|493|630|1|130|1|0|
31|491|630|1|130|1|0|
31|477|600|1|130|1|0|
31|489|600|1|130|1|0|
31|485|660|1|130|1|0|
31|462|570|1|130|1|0|
31|560|690|1|130|1|0|
31|557|720|1|130|1|0|
31|554|720|1|130|1|0|
31|526|630|1|130|1|0|
31|509|660|1|130|1|0|
31|577|780|1|130|1|0|
31|460|630|1|130|1|0|
31|571|720|1|130|1|0|
31|491|660|1|130|1|0|
31|516|630|1|130|1|0|
31|498|630|1|130|1|0|
31|487|630|1|130|1|0|
31|458|600|1|130|1|0|
31|462|600|1|130|1|0|
31|485|660|1|130|1|0|
31|480|630|1|130|1|0|
31|473|600|1|130|1|0|
31|484|600|1|130|1|0|
31|484|600|1|130|1|0|
31|962|1200|1|130|1|0|
31|462|600|1|130|1|0|
31|477|600|1|130|1|0|
31|452|570|1|130|1|0|
31|464|600|1|130|1|0|
31|480|600|1|130|1|0|
31|463|570|1|130|1|0|
31|525|630|1|130|1|0|
31|458|540|1|130|1|0|
31|474|600|1|130|1|0|
31|480|630|1|130|1|0|
31|468|600|1|130|1|0|
31|484|600|1|130|1|0|
31|496|600|1|130|1|0|
31|466|540|1|130|1|0|
31|466|570|1|130|1|0|
31|483|600|1|130|1|0|
31|469|630|1|130|1|0|
31|474|600|1|130|1|0|
31|470|600|1|130|1|0|
31|468|630|1|130|1|0|
31|478|630|1|130|1|0|
31|452|600|1|130|1|0|
31|474|630|1|130|1|0|
31|474|600|1|130|1|0|
31|586|780|1|130|1|0|
31|504|660|1|130|1|0|
31|535|720|1|130|1|0|
31|479|630|1|130|1|0|
31|501|630|1|130|1|0|
31|508|660|1|130|1|0|
31|513|690|1|130|1|0|
31|513|660|1|130|1|0|
31|555|750|1|130|1|0|
31|514|660|1|130|1|0|
31|531|690|1|130|1|0|
31|515|630|1|130|1|0|
31|488|600|1|130|1|0|
31|493|630|1|130|1|0|
31|508|630|1|130|1|0|
31|518|660|1|130|1|0|
31|489|600|1|130|1|0|
31|521|630|1|130|1|0|
31|523|660|1|130|1|0|
31|518|660|1|130|1|0|
31|514|630|1|130|1|0|
31|504|630|1|130|1|0|
31|529|690|1|130|1|0|
31|490|600|1|130|1|0|
31|518|630|1|130|1|0|
31|517|660|1|130|1|0|
31|523|630|1|130|1|0|
31|509|660|1|130|1|0|
31|489|630|1|130|1|0|
31|512|660|1|130|1|0|
31|555|660|1|130|1|0|
31|527|720|1|130|1|0|
31|536|720|1|130|1|0|
31|530|690|1|130|1|0|
31|541|720|1|130|1|0|
31|543|690|1|130|1|0|
31|506|660|1|130|1|0|
31|533|690|1|130|1|0|
31|517|630|1|130|1|0|
31|522|660|1|130|1|0|
31|474|600|1|130|1|0|
31|480|630|1|130|1|0|
31|474|600|1|130|1|0|
31|570|720|1|130|1|0|
31|505|660|1|130|1|0|
31|515|660|1|130|1|0|
31|475|630|1|130|1|0|
31|788|990|1|130|1|0|
31|488|630|1|130|1|0|
31|513|660|1|130|1|0|
31|570|750|1|130|1|0|
31|521|660|1|130|1|0|
31|549|690|1|130|1|0|
31|486|630|1|130|1|0|
31|501|630|1|130|1|0|
31|494|570|1|130|1|0|
31|459|570|1|130|1|0|
31|488|630|1|130|1|0|
31|465|600|1|130|1|0|
31|468|600|1|130|1|0|
31|474|570|1|130|1|0|
31|486|600|1|130|1|0|
31|482|630|1|130|1|0|
31|514|630|1|130|1|0|
31|504|630|1|130|1|0|
31|503|660|1|130|1|0|
31|476|600|1|130|1|0|
31|464|570|1|130|1|0|
31|481|630|1|130|1|0|
31|510|630|1|130|1|0|
31|496|630|1|130|1|0|
31|490|630|1|130|1|0|
31|486|630|1|130|1|0|
31|494|630|1|130|1|0|
31|490|600|1|130|1|0|
31|490|630|1|130|1|0|
31|482|660|1|130|1|0|
31|485|660|1|130|1|0|
31|482|600|1|130|1|0|
31|459|600|1|130|1|0|
31|582|780|1|130|1|0|
31|596|780|1|130|1|0|
31|590|750|1|130|1|0|
31|498|660|1|130|1|0|
31|3038|3930|1|379|1|0|
31|542|690|1|130|1|0|
31|534|720|1|130|1|0|
31|513|690|1|130|1|0|
31|545|690|1|130|1|0|
31|490|630|1|130|1|0|
31|517|660|1|130|1|0|
31|485|630|1|130|1|0|
31|521|660|1|130|1|0|
31|497|630|1|130|1|0|
31|490|600|1|130|1|0|
31|477|600|1|130|1|0|
31|498|630|1|130|1|0|
31|468|570|1|130|1|0|
31|480|600|1|130|1|0|
31|513|660|1|130|1|0|
31|479|600|1|130|1|0|
31|480|600|1|130|1|0|
31|490|600|1|130|1|0|
31|496|630|1|130|1|0|
31|490|600|1|130|1|0|
31|501|630|1|130|1|0|
31|497|630|1|130|1|0|
31|502|630|1|130|1|0|
31|474|600|1|130|1|0|
31|457|540|1|130|1|0|
31|462|600|1|130|1|0|
31|484|630|1|130|1|0|
31|474|630|1|130|1|0|
31|474|600|1|130|1|0|
31|486|660|1|130|1|0|
31|454|600|1|130|1|0|
31|486|660|1|130|1|0|
31|474|630|1|130|1|0|
31|474|630|1|130|1|0|
31|554|660|1|130|1|0|
31|500|660|1|130|1|0|
31|482|600|1|130|1|0|
31|485|630|1|130|1|0|
31|498|630|1|130|1|0|
31|496|660|1|130|1|0|
31|491|630|1|130|1|0|
31|490|660|1|130|1|0|
31|1050|1380|1|130|1|0|
31|484|630|1|130|1|0|
31|488|630|1|130|1|0|
31|494|660|1|130|1|0|
31|480|630|1|130|1|0|
31|590|780|1|130|1|0|
31|496|660|1|130|1|0|
31|489|630|1|130|1|0|
31|462|600|1|130|1|0|
31|481|630|1|130|1|0|
31|511|690|1|130|1|0|
31|474|630|1|130|1|0|
31|496|600|1|130|1|0|
31|469|630|1|130|1|0|
31|488|630|1|130|1|0|
31|478|600|1|130|1|0|
31|474|630|1|130|1|0|
31|487|660|1|130|1|0|
31|490|600|1|130|1|0|
31|493|660|1|130|1|0|
31|496|660|1|130|1|0|
31|478|600|1|130|1|0|
31|465|570|1|130|1|0|
31|504|660|1|130|1|0|
31|516|630|1|130|1|0|
31|490|630|1|130|1|0|
31|470|570|1|130|1|0|
31|956|1200|1|130|1|0|
31|490|630|1|130|1|0|
31|490|630|1|130|1|0|
31|477|570|1|130|1|0|
31|468|600|1|130|1|0|
31|480|600|1|130|1|0|
31|522|630|1|130|1|0|
31|654|840|1|130|1|0|
31|534|690|1|130|1|0|
31|502|630|1|130|1|0|
31|496|630|1|130|1|0|
31|510|630|1|130|1|0|
31|523|660|1|130|1|0|
31|477|600|1|130|1|0|
31|528|660|1|130|1|0|
31|498|660|1|130|1|0|
31|494|660|1|130|1|0|
31|486|630|1|130|1|0|
31|452|600|1|130|1|0|
31|478|630|1|130|1|0|
31|488|630|1|130|1|0|
31|452|600|1|130|1|0|
31|490|660|1|130|1|0|
31|454|600|1|130|1|0|
31|490|630|1|130|1|0|
31|491|660|1|130|1|0|
31|497|630|1|130|1|0|
31|460|630|1|130|1|0|
31|490|660|1|130|1|0|
31|454|600|1|130|1|0|
31|478|630|1|130|1|0|
31|497|630|1|130|1|0|
31|480|600|1|130|1|0|
31|483|630|1|130|1|0|
31|490|660|1|130|1|0|
31|471|570|1|130|1|0|
31|469|570|1|130|1|0|
31|497|630|1|130|1|0|
31|486|600|1|130|1|0|
31|458|570|1|130|1|0|
31|473|600|1|130|1|0|
31|463|570|1|130|1|0|
31|470|570|1|130|1|0|
31|477|600|1|130|1|0|
31|517|630|1|130|1|0|
31|453|570|1|130|1|0|
31|465|570|1|130|1|0|
31|480|570|1|130|1|0|
31|448|570|1|130|1|0|
31|502|630|1|130|1|0|
31|474|600|1|130|1|0|
31|454|570|1|130|1|0|
31|490|600|1|130|1|0|
31|477|600|1|130|1|0|
31|464|570|1|130|1|0|
31|530|660|1|130|1|0|
31|494|660|1|130|1|0|
31|477|630|1|130|1|0|
31|487|630|1|130|1|0|
31|479|630|1|130|1|0|
31|459|600|1|130|1|0|
31|458|570|1|130|1|0|
31|491|630|1|130|1|0|
31|483|630|1|130|1|0|
31|491|630|1|130|1|0|
31|479|630|1|130|1|0|
31|488|660|1|130|1|0|
31|476|630|1|130|1|0|
31|491|630|1|130|1|0|
31|469|600|1|130|1|0|
31|482|630|1|130|1|0|
31|471|570|1|130|1|0|
31|475|630|1|130|1|0|
31|440|600|1|130|1|0|
31|441|570|1|130|1|0|
31|498|630|1|130|1|0|
31|459|570|1|130|1|0|
31|462|570|1|130|1|0|
31|469|600|1|130|1|0|
31|479|600|1|130|1|0|
31|444|540|1|130|1|0|
31|464|570|1|130|1|0|
31|490|600|1|130|1|0|
31|484|630|1|130|1|0|
31|485|600|1|130|1|0|
31|486|600|1|130|1|0|
31|444|540|1|130|1|0|
31|470|570|1|130|1|0|
31|479|570|1|130|1|0|
31|535|690|1|130|1|0|
31|479|600|1|130|1|0|
31|467|600|1|130|1|0|
31|517|660|1|130|1|0|
31|486|600|1|130|1|0|
31|476|600|1|130|1|0|
31|481|600|1|130|1|0|
31|480|630|1|130|1|0|
31|494|630|1|130|1|0|
31|462|630|1|130|1|0|
31|480|630|1|130|1|0|
31|468|630|1|130|1|0|
31|481|600|1|130|1|0|
31|474|600|1|130|1|0|
31|485|630|1|130|1|0|
31|498|660|1|130|1|0|
31|474|630|1|130|1|0|
31|443|600|1|130|1|0|
31|448|570|1|130|1|0|
31|485|630|1|130|1|0|
31|484|630|1|130|1|0|
31|454|600|1|130|1|0|
31|516|660|1|130|1|0|
31|534|630|1|130|1|0|
31|454|600|1|130|1|0|
31|504|630|1|130|1|0|
31|506|630|1|130|1|0|
31|944|1200|1|130|1|0|
31|484|600|1|130|1|0|
31|488|600|1|130|1|0|
31|500|630|1|130|1|0|
31|474|600|1|130|1|0|
31|486|600|1|130|1|0|
31|492|600|1|130|1|0|
31|497|630|1|130|1|0|
31|500|630|1|130|1|0|
31|500|600|1|130|1|0|
31|502|600|1|130|1|0|
31|506|660|1|130|1|0|
31|485|570|1|130|1|0|
31|474|600|1|130|1|0|
31|497|630|1|130|1|0|
31|492|630|1|130|1|0|
31|533|690|1|130|1|0|
31|460|600|1|130|1|0|
31|463|570|1|130|1|0|
31|474|600|1|130|1|0|
31|606|750|1|130|1|0|
31|517|660|1|130|1|0|
31|473|600|1|130|1|0|
31|478|630|1|130|1|0|
31|492|600|1|130|1|0|
31|478|600|1|130|1|0|
31|478|600|1|130|1|0|
31|468|570|1|130|1|0|
31|468|600|1|130|1|0|
31|449|570|1|130|1|0|
31|464|570|1|130|1|0|
31|452|570|1|130|1|0|
31|451|570|1|130|1|0|
31|480|600|1|130|1|0|
31|486|570|1|130|1|0|
31|466|540|1|130|1|0|
31|465|570|1|130|1|0|
31|450|570|1|130|1|0|
31|478|600|1|130|1|0|
31|452|570|1|130|1|0|
31|450|570|1|130|1|0|
31|460|600|1|130|1|0|
31|463|600|1|130|1|0|
31|476|570|1|130|1|0|
31|448|570|1|130|1|0|
31|484|600|1|130|1|0|
31|486|630|1|130|1|0|
31|480|600|1|130|1|0|
31|468|570|1|130|1|0|
31|450|570|1|130|1|0|
31|452|540|1|130|1|0|
31|450|570|1|130|1|0|
31|480|630|1|130|1|0|
31|471|570|1|130|1|0|
31|964|1230|1|130|1|0|
31|482|600|1|130|1|0|
31|476|600|1|130|1|0|
31|480|630|1|130|1|0|
31|498|600|1|130|1|0|
31|487|600|1|130|1|0|
31|483|600|1|130|1|0|
31|496|630|1|130|1|0|
31|512|630|1|130|1|0|
31|494|630|1|130|1|0|
31|509|630|1|130|1|0|
31|505|660|1|130|1|0|
31|527|660|1|130|1|0|
31|494|630|1|130|1|0|
31|517|630|1|130|1|0|
31|495|630|1|130|1|0|
31|506|630|1|130|1|0|
31|480|600|1|130|1|0|
31|527|660|1|130|1|0|
31|508|630|1|130|1|0|
31|502|630|1|130|1|0|
31|534|660|1|130|1|0|
31|534|690|1|130|1|0|
31|526|660|1|130|1|0|
31|522|660|1|130|1|0|
31|533|630|1|130|1|0|
31|534|660|1|130|1|0|
31|522|660|1|130|1|0|
31|516|660|1|130|1|0|
31|534|690|1|130|1|0|
31|518|690|1|130|1|0|
31|668|870|1|130|1|0|
31|518|690|1|130|1|0|
31|532|690|1|130|1|0|
31|522|660|1|130|1|0|
31|522|660|1|130|1|0|
31|533|720|1|130|1|0|
31|516|630|1|130|1|0|
31|535|660|1|130|1|0|
31|520|690|1|130|1|0|
31|520|660|1|130|1|0|
31|576|720|1|130|1|0|
31|488|660|1|130|1|0|
31|526|690|1|130|1|0|
31|498|690|1|130|1|0|
31|465|630|1|130|1|0|
31|495|690|1|130|1|0|
31|992|1350|1|130|1|0|
31|500|690|1|130|1|0|
31|508|720|1|130|1|0|
31|482|660|1|130|1|0|
31|511|720|1|130|1|0|
31|455|630|1|130|1|0|
31|442|600|1|130|1|0|
31|458|630|1|130|1|0|
31|500|690|1|130|1|0|
31|522|570|1|130|1|0|
31|514|600|1|130|1|0|
31|519|570|1|130|1|0|
31|509|540|1|130|1|0|
31|494|570|1|130|1|0|
31|526|570|1|130|1|0|
31|522|570|1|130|1|0|
31|518|540|1|130|1|0|
31|529|600|1|130|1|0|
31|512|600|1|130|1|0|
31|522|600|1|130|1|0|
31|524|570|1|130|1|0|
31|1054|1170|1|130|1|0|
31|508|570|1|130|1|0|
31|530|600|1|130|1|0|
31|508|570|1|130|1|0|
31|541|600|1|130|1|0|
31|540|600|1|130|1|0|
31|534|570|1|130|1|0|
31|529|600|1|130|1|0|
31|538|600|1|130|1|0|
31|533|570|1|130|1|0|
31|532|570|1|130|1|0|
31|491|540|1|130|1|0|
31|507|540|1|130|1|0|
31|478|540|1|130|1|0|
31|484|630|1|130|1|0|
31|468|570|1|130|1|0|
31|480|600|1|130|1|0|
31|494|630|1|130|1|0|
31|500|630|1|130|1|0|
31|462|600|1|130|1|0|
31|490|600|1|130|1|0|
31|484|600|1|130|1|0|
31|450|570|1|130|1|0|
31|464|570|1|130|1|0|
31|452|570|1|130|1|0|
31|475|570|1|130|1|0|
31|464|570|1|130|1|0|
31|453|570|1|130|1|0|
31|478|630|1|130|1|0|
31|453|570|1|130|1|0|
31|1024|1290|1|130|1|0|
31|486|630|1|130|1|0|
31|494|600|1|130|1|0|
31|502|660|1|130|1|0|
31|502|630|1|130|1|0|
31|494|630|1|130|1|0|
31|490|630|1|130|1|0|
31|513|660|1|130|1|0|
31|484|600|1|130|1|0|
31|516|660|1|130|1|0|
31|484|630|1|130|1|0|
31|456|600|1|130|1|0|
31|495|600|1|130|1|0|
31|448|600|1|130|1|0|
31|469|630|1|130|1|0|
31|474|630|1|130|1|0|
31|469|630|1|130|1|0|
31|476|630|1|130|1|0|
31|474|630|1|130|1|0|
31|474|630|1|130|1|0|
32|1096|1350|1|369|1|0|
31|465|600|1|130|1|0|
31|468|630|1|130|1|0|
31|465|600|1|130|1|0|
31|476|630|1|130|1|0|
31|471|600|1|130|1|0|
31|458|600|1|130|1|0|
31|474|630|1|130|1|0|
31|480|630|1|130|1|0|
31|480|630|1|130|1|0|
31|470|630|1|130|1|0|
31|444|600|1|130|1|0|
31|448|540|1|130|1|0|
31|480|630|1|130|1|0|
31|476|630|1|130|1|0|
31|490|630|1|130|1|0|
31|470|600|1|130|1|0|
31|468|630|1|130|1|0|
31|472|600|1|130|1|0|
31|470|630|1|130|1|0|
31|471|600|1|130|1|0|
31|489|630|1|130|1|0|
31|453|600|1|130|1|0|
31|466|630|1|130|1|0|
31|479|600|1|130|1|0|
