INSTRUCTIONS_RETIRED|CYCLES|UNKNOWN|LD_BLOCKS.STORE_FORWARD|UOPS_EXECUTED.CORE|BR_MISP_RETIRED.ALL_BRANCHES|UOPS_ISSUED.SINGLE_MUL|
15|115|96|0|83|1|0|
15|117|96|0|85|1|0|
15|117|0|0|85|1|0|
15|117|96|0|85|1|0|
15|117|96|0|85|1|0|
15|118|0|0|85|1|0|
15|117|96|0|85|1|0|
15|117|96|0|85|1|0|
15|117|96|0|85|1|0|
15|117|96|0|85|1|0|
15|117|0|0|85|1|0|
15|117|0|0|85|1|0|
15|117|96|0|85|1|0|
15|117|96|0|85|1|0|
15|150|0|0|296|1|0|
15|143|96|0|209|1|0|
15|117|0|0|85|1|0|
15|115|0|0|84|1|0|
15|117|96|0|85|1|0|
15|118|0|0|85|1|0|
15|118|0|0|85|1|0|
15|117|96|0|85|1|0|
15|117|0|0|85|1|0|
15|117|0|0|85|1|0|
15|117|0|0|85|1|0|
15|117|96|0|85|1|0|
15|117|96|0|85|1|0|
15|116|96|0|85|1|0|
15|117|0|0|85|1|0|
15|117|96|0|85|1|0|
15|117|0|0|85|1|0|
15|117|0|0|85|1|0|
15|117|96|0|85|1|0|
15|116|0|0|85|1|0|
15|116|96|0|83|1|0|
15|118|0|0|85|1|0|
15|117|0|0|85|1|0|
15|117|96|0|85|1|0|
15|117|0|0|85|1|0|
15|117|96|0|85|1|0|
15|118|0|0|85|1|0|
15|118|0|0|85|1|0|
15|118|0|0|85|1|0|
15|118|96|0|85|1|0|
15|118|96|0|85|1|0|
15|118|192|0|85|1|0|
15|117|0|0|85|1|0|
15|118|96|0|85|1|0|
15|118|0|0|85|1|0|
15|133|96|0|85|1|0|
15|117|0|0|85|1|0|
15|117|96|0|85|1|0|
15|117|0|0|85|1|0|
15|117|0|0|85|1|0|
15|118|0|0|85|1|0|
15|116|0|0|85|1|0|
15|118|96|0|85|1|0|
15|117|0|0|85|1|0|
15|116|0|0|85|1|0|
15|117|96|0|85|1|0|
15|115|96|0|83|1|0|
15|116|96|0|85|1|0|
15|117|0|0|85|1|0|
15|116|0|0|85|1|0|
15|117|96|0|85|1|0|
15|118|96|0|85|1|0|
15|117|96|0|85|1|0|
15|116|0|0|85|1|0|
15|117|0|0|85|1|0|
15|116|0|0|84|1|0|
15|117|0|0|85|1|0|
15|117|96|0|85|1|0|
15|330|96|0|333|1|0|
15|116|192|0|85|1|0|
15|115|96|0|84|1|0|
15|118|0|0|85|1|0|
15|117|0|0|85|1|0|
15|334|192|0|323|1|0|
15|117|96|0|85|1|0|
15|117|96|0|85|1|0|
15|117|96|0|85|1|0|
15|118|96|0|85|1|0|
15|117|0|0|85|1|0|
15|118|96|0|85|1|0|
15|118|0|0|85|1|0|
15|118|96|0|85|1|0|
15|118|0|0|85|1|0|
15|117|0|0|85|1|0|
15|117|0|0|85|1|0|
15|116|0|0|85|1|0|
15|116|96|0|85|1|0|
15|116|96|0|85|1|0|
15|118|96|0|85|1|0|
15|329|192|0|322|1|0|
15|118|0|0|85|1|0|
15|118|96|0|85|1|0|
15|118|96|0|85|1|0|
15|117|0|0|85|1|0|
15|116|96|0|85|1|0|
15|118|0|0|85|1|0|
15|118|96|0|85|1|0|
15|117|96|0|85|1|0|
15|118|0|0|85|1|0|
15|117|96|0|85|1|0|
15|117|96|0|85|1|0|
15|117|0|0|85|1|0|
15|117|96|0|85|1|0|
15|117|0|0|85|1|0|
15|117|0|0|85|1|0|
15|117|192|0|85|1|0|
15|116|0|0|85|1|0|
15|117|0|0|85|1|0|
15|117|96|0|85|1|0|
15|117|96|0|85|1|0|
15|117|96|0|85|1|0|
15|117|96|0|85|1|0|
15|117|96|0|85|1|0|
15|117|0|0|85|1|0|
15|117|0|0|85|1|0|
15|117|96|0|85|1|0|
15|117|0|0|85|1|0|
15|117|0|0|85|1|0|
15|117|96|0|85|1|0|
15|117|96|0|85|1|0|
15|117|0|0|85|1|0|
15|116|0|0|85|1|0|
15|117|96|0|85|1|0|
15|117|192|0|85|1|0|
15|117|0|0|85|1|0|
15|114|192|0|83|1|0|
15|117|0|0|85|1|0|
15|117|0|0|85|1|0|
15|117|0|0|85|1|0|
15|117|96|0|85|1|0|
15|117|0|0|85|1|0|
15|117|0|0|85|1|0|
15|117|96|0|85|1|0|
15|117|192|0|85|1|0|
15|117|96|0|85|1|0|
15|117|96|0|85|1|0|
15|117|0|0|85|1|0|
15|117|0|0|85|1|0|
15|115|0|0|83|1|0|
15|117|96|0|85|1|0|
15|117|0|0|85|1|0|
15|116|96|0|83|1|0|
15|117|0|0|85|1|0|
15|117|96|0|85|1|0|
15|117|96|0|85|1|0|
15|117|0|0|85|1|0|
15|117|96|0|85|1|0|
15|117|0|0|85|1|0|
15|117|96|0|85|1|0|
15|117|0|0|85|1|0|
15|117|192|0|85|1|0|
15|117|0|0|85|1|0|
15|115|96|0|83|1|0|
15|117|96|0|85|1|0|
15|117|0|0|85|1|0|
15|116|96|0|85|1|0|
15|116|0|0|85|1|0|
15|117|0|0|85|1|0|
15|116|96|0|85|1|0|
15|117|0|0|85|1|0|
15|117|96|0|85|1|0|
15|117|0|0|85|1|0|
15|117|192|0|85|1|0|
15|116|0|0|83|1|0|
15|117|0|0|85|1|0|
15|117|0|0|85|1|0|
15|117|96|0|85|1|0|
15|117|96|0|85|1|0|
15|117|0|0|85|1|0|
15|117|0|0|85|1|0|
15|117|96|0|85|1|0|
15|116|96|0|85|1|0|
15|115|96|0|84|1|0|
15|116|96|0|85|1|0|
15|118|0|0|85|1|0|
15|119|96|0|85|1|0|
15|117|0|0|85|1|0|
15|117|192|0|85|1|0|
15|117|96|0|85|1|0|
15|117|96|0|85|1|0|
15|117|0|0|85|1|0|
15|117|0|0|85|1|0|
15|116|96|0|85|1|0|
15|117|96|0|85|1|0|
15|118|0|0|85|1|0|
15|117|0|0|85|1|0|
15|117|96|0|85|1|0|
15|117|192|0|85|1|0|
15|118|96|0|85|1|0|
15|117|96|0|85|1|0|
15|117|96|0|85|1|0|
15|117|96|0|85|1|0|
15|116|0|0|85|1|0|
15|117|0|0|85|1|0|
15|117|96|0|85|1|0|
15|118|0|0|85|1|0|
15|118|96|0|85|1|0|
15|132|96|0|108|1|0|
15|116|0|0|83|1|0|
15|117|96|0|85|1|0|
15|331|192|0|335|1|0|
15|331|192|0|322|1|0|
15|119|96|0|85|1|0|
15|329|192|0|321|1|0|
15|334|192|0|323|1|0|
15|335|96|0|326|1|0|
15|118|0|0|85|1|0|
15|118|96|0|85|1|0|
15|118|0|0|85|1|0|
15|117|96|0|85|1|0|
15|117|96|0|85|1|0|
15|118|96|0|85|1|0|
15|117|0|0|85|1|0|
15|333|96|0|323|1|0|
15|118|96|0|85|1|0|
15|118|96|0|85|1|0|
15|118|96|0|85|1|0|
15|330|96|0|332|1|0|
15|331|96|0|322|1|0|
15|117|0|0|85|1|0|
15|118|96|0|85|1|0|
15|333|192|0|335|1|0|
15|118|0|0|85|1|0|
15|119|0|0|85|1|0|
15|118|0|0|85|1|0|
15|118|0|0|85|1|0|
15|118|0|0|85|1|0|
15|119|96|0|85|1|0|
15|118|0|0|85|1|0|
15|118|96|0|85|1|0|
15|118|0|0|85|1|0|
15|331|192|0|323|1|0|
15|334|192|0|323|1|0|
15|117|96|0|85|1|0|
15|118|96|0|85|1|0|
15|118|96|0|85|1|0|
15|118|96|0|85|1|0|
15|118|96|0|85|1|0|
15|117|0|0|85|1|0|
15|332|192|0|324|1|0|
15|118|96|0|85|1|0|
15|117|0|0|85|1|0|
15|119|0|0|85|1|0|
15|117|0|0|85|1|0|
15|116|96|0|85|1|0|
15|119|0|0|85|1|0|
15|118|96|0|85|1|0|
15|330|192|0|333|1|0|
15|329|96|0|333|1|0|
15|330|192|0|321|1|0|
15|330|96|0|333|1|0|
15|330|192|0|333|1|0|
15|330|96|0|323|1|0|
15|117|96|0|85|1|0|
15|117|96|0|85|1|0|
15|117|96|0|85|1|0|
15|117|0|0|85|1|0|
15|118|96|0|85|1|0|
15|118|96|0|85|1|0|
15|117|0|0|85|1|0|
15|117|96|0|85|1|0|
15|117|0|0|85|1|0|
15|117|0|0|85|1|0|
15|116|96|0|85|1|0|
15|117|192|0|85|1|0|
15|117|0|0|85|1|0|
15|116|0|0|85|1|0|
15|118|96|0|85|1|0|
15|116|96|0|85|1|0|
15|118|96|0|85|1|0|
15|118|96|0|85|1|0|
15|135|96|0|131|1|0|
15|117|0|0|85|1|0|
15|117|0|0|85|1|0|
15|117|96|0|85|1|0|
15|118|0|0|85|1|0|
15|116|96|0|85|1|0|
15|117|96|0|83|1|0|
15|117|96|0|85|1|0|
15|118|96|0|85|1|0|
15|118|96|0|85|1|0|
15|118|96|0|85|1|0|
15|117|0|0|85|1|0|
15|117|96|0|85|1|0|
15|117|0|0|85|1|0|
15|117|0|0|85|1|0|
15|117|0|0|85|1|0|
15|117|96|0|85|1|0|
15|116|0|0|83|1|0|
15|117|0|0|85|1|0|
15|117|96|0|85|1|0|
15|117|96|0|85|1|0|
15|117|96|0|85|1|0|
15|117|96|0|85|1|0|
15|116|0|0|85|1|0|
15|117|0|0|85|1|0|
15|117|96|0|85|1|0|
15|117|96|0|85|1|0|
15|116|96|0|85|1|0|
15|117|96|0|85|1|0|
15|117|96|0|85|1|0|
15|128|96|0|137|1|0|
15|118|0|0|85|1|0|
15|117|96|0|85|1|0|
15|118|96|0|85|1|0|
15|117|96|0|85|1|0|
15|116|96|0|85|1|0|
15|117|96|0|85|1|0|
15|116|96|0|85|1|0|
15|117|0|0|85|1|0|
15|116|96|0|85|1|0|
15|116|192|0|85|1|0|
15|117|0|0|85|1|0|
15|116|96|0|85|1|0|
15|118|0|0|85|1|0|
15|117|96|0|85|1|0|
15|117|0|0|85|1|0|
15|116|96|0|85|1|0|
15|117|96|0|85|1|0|
15|116|96|0|85|1|0|
15|117|0|0|85|1|0|
15|117|96|0|85|1|0|
15|117|96|0|85|1|0|
15|116|96|0|85|1|0|
15|117|0|0|85|1|0|
15|117|0|0|85|1|0|
15|117|0|0|85|1|0|
15|117|96|0|85|1|0|
15|116|96|0|85|1|0|
15|117|0|0|85|1|0|
15|116|96|0|85|1|0|
15|117|96|0|85|1|0|
15|117|96|0|85|1|0|
15|117|192|0|85|1|0|
15|118|0|0|85|1|0|
15|117|96|0|85|1|0|
15|117|96|0|85|1|0|
15|117|0|0|85|1|0|
15|117|96|0|85|1|0|
15|117|0|0|85|1|0|
15|118|0|0|85|1|0|
15|118|96|0|85|1|0|
15|116|0|0|85|1|0|
15|117|96|0|85|1|0|
15|117|96|0|85|1|0|
15|117|0|0|85|1|0|
15|117|96|0|85|1|0|
15|117|96|0|85|1|0|
15|116|96|0|85|1|0|
15|117|0|0|85|1|0|
15|117|96|0|85|1|0|
15|116|96|0|85|1|0|
15|117|96|0|85|1|0|
15|117|96|0|85|1|0|
15|117|96|0|85|1|0|
15|117|0|0|85|1|0|
15|116|0|0|85|1|0|
15|117|0|0|85|1|0|
15|117|0|0|85|1|0|
15|117|96|0|85|1|0|
15|117|96|0|85|1|0|
15|118|96|0|85|1|0|
15|117|192|0|85|1|0|
15|117|96|0|85|1|0|
15|117|0|0|85|1|0|
15|116|96|0|85|1|0|
15|116|0|0|85|1|0|
15|117|0|0|85|1|0|
15|117|96|0|85|1|0|
15|117|0|0|85|1|0|
15|117|96|0|85|1|0|
15|117|0|0|85|1|0|
15|116|0|0|85|1|0|
15|116|96|0|85|1|0|
15|117|0|0|85|1|0|
15|117|0|0|85|1|0|
15|117|0|0|85|1|0|
15|117|96|0|85|1|0|
15|116|192|0|85|1|0|
15|117|96|0|85|1|0|
15|117|0|0|85|1|0|
15|118|0|0|85|1|0|
15|118|96|0|85|1|0|
15|117|0|0|85|1|0|
15|117|96|0|85|1|0|
15|117|192|0|85|1|0|
15|117|192|0|85|1|0|
15|117|0|0|85|1|0|
15|117|96|0|85|1|0|
15|117|0|0|85|1|0|
15|118|192|0|85|1|0|
15|117|96|0|85|1|0|
15|117|0|0|85|1|0|
15|117|96|0|85|1|0|
15|117|0|0|85|1|0|
15|117|96|0|85|1|0|
15|118|96|0|85|1|0|
15|116|96|0|85|1|0|
15|116|96|0|85|1|0|
15|116|96|0|85|1|0|
15|118|96|0|85|1|0|
15|118|96|0|85|1|0|
15|118|96|0|85|1|0|
15|118|96|0|85|1|0|
15|117|96|0|85|1|0|
15|117|0|0|85|1|0|
15|117|192|0|85|1|0|
15|116|96|0|85|1|0|
15|117|96|0|85|1|0|
15|117|96|0|85|1|0|
15|116|0|0|85|1|0|
15|116|96|0|85|1|0|
15|117|96|0|85|1|0|
15|119|0|0|85|1|0|
15|116|96|0|83|1|0|
15|117|0|0|85|1|0|
15|117|96|0|85|1|0|
15|117|96|0|85|1|0|
15|117|0|0|85|1|0|
15|117|0|0|85|1|0|
15|116|96|0|85|1|0|
15|117|96|0|85|1|0|
15|117|96|0|85|1|0|
15|118|0|0|85|1|0|
15|117|0|0|85|1|0|
15|117|0|0|85|1|0|
15|117|192|0|85|1|0|
15|117|96|0|85|1|0|
15|116|0|0|85|1|0|
15|116|96|0|85|1|0|
15|118|96|0|85|1|0|
15|116|96|0|83|1|0|
15|118|96|0|85|1|0|
15|117|0|0|85|1|0|
15|119|0|0|85|1|0|
15|117|96|0|85|1|0|
15|117|0|0|85|1|0|
15|118|0|0|85|1|0|
15|116|96|0|83|1|0|
15|117|96|0|85|1|0|
15|117|0|0|85|1|0|
15|117|96|0|85|1|0|
15|117|96|0|85|1|0|
15|118|96|0|85|1|0|
15|117|96|0|85|1|0|
15|115|96|0|83|1|0|
15|118|96|0|85|1|0|
15|118|0|0|85|1|0|
15|117|192|0|85|1|0|
15|116|96|0|83|1|0|
15|117|0|0|85|1|0|
15|328|192|0|322|1|0|
15|118|0|0|85|1|0|
15|117|0|0|85|1|0|
15|118|96|0|85|1|0|
15|118|96|0|85|1|0|
15|118|96|0|85|1|0|
15|118|96|0|85|1|0|
15|329|192|0|334|1|0|
15|118|0|0|85|1|0|
15|117|0|0|85|1|0|
15|116|96|0|85|1|0|
15|118|96|0|85|1|0|
15|118|96|0|85|1|0|
15|136|96|0|194|1|0|
15|118|96|0|85|1|0|
15|118|0|0|85|1|0|
15|118|96|0|85|1|0|
15|118|96|0|85|1|0|
15|117|0|0|85|1|0|
15|115|0|0|83|1|0|
15|116|0|0|83|1|0|
15|119|0|0|85|1|0|
15|117|0|0|85|1|0|
15|117|96|0|85|1|0|
15|332|192|0|334|1|0|
15|330|96|0|335|1|0|
15|330|192|0|323|1|0|
15|118|96|0|85|1|0|
15|117|96|0|85|1|0|
15|118|96|0|85|1|0|
15|116|96|0|85|1|0|
15|116|0|0|85|1|0|
15|117|96|0|85|1|0|
15|116|192|0|85|1|0|
15|117|0|0|85|1|0|
15|117|96|0|85|1|0|
15|116|0|0|85|1|0|
15|117|96|0|83|1|0|
15|117|0|0|85|1|0|
15|118|0|0|85|1|0|
15|117|96|0|85|1|0|
15|117|96|0|85|1|0|
15|117|96|0|85|1|0|
15|116|0|0|85|1|0|
15|116|0|0|85|1|0|
15|118|96|0|85|1|0|
15|117|192|0|85|1|0|
15|118|96|0|85|1|0|
15|117|96|0|85|1|0|
15|117|96|0|85|1|0|
15|118|96|0|85|1|0|
15|334|96|0|338|1|0|
15|117|96|0|85|1|0|
15|118|96|0|85|1|0|
15|117|0|0|85|1|0|
15|117|0|0|85|1|0|
15|116|96|0|85|1|0|
15|116|0|0|85|1|0|
15|117|0|0|85|1|0|
15|117|0|0|85|1|0|
15|116|0|0|85|1|0|
15|118|96|0|85|1|0|
15|117|0|0|85|1|0|
15|117|96|0|85|1|0|
15|117|0|0|85|1|0|
15|117|96|0|85|1|0|
15|117|96|0|85|1|0|
15|114|96|0|83|1|0|
15|116|96|0|85|1|0|
15|117|96|0|85|1|0|
15|116|0|0|85|1|0|
15|117|0|0|85|1|0|
15|117|96|0|85|1|0|
15|117|96|0|85|1|0|
15|117|0|0|85|1|0|
15|117|96|0|85|1|0|
15|117|96|0|85|1|0|
15|115|96|0|83|1|0|
15|117|0|0|85|1|0|
15|118|0|0|85|1|0|
15|117|96|0|85|1|0|
15|119|96|0|85|1|0|
15|118|192|0|85|1|0|
15|117|96|0|85|1|0|
15|118|96|0|85|1|0|
15|118|96|0|85|1|0|
15|118|0|0|85|1|0|
15|118|96|0|85|1|0|
15|118|192|0|85|1|0|
15|118|96|0|85|1|0|
15|116|0|0|85|1|0|
15|118|96|0|85|1|0|
15|118|96|0|85|1|0|
15|118|0|0|85|1|0|
15|118|0|0|85|1|0|
15|117|96|0|85|1|0|
15|118|96|0|85|1|0|
15|117|96|0|85|1|0|
15|118|0|0|85|1|0|
15|117|96|0|85|1|0|
15|117|96|0|85|1|0|
15|116|192|0|85|1|0|
15|117|96|0|85|1|0|
15|116|0|0|85|1|0|
15|117|96|0|85|1|0|
15|117|0|0|85|1|0|
15|117|0|0|85|1|0|
15|117|0|0|85|1|0|
15|118|96|0|85|1|0|
15|115|96|0|83|1|0|
15|117|96|0|85|1|0|
15|117|96|0|85|1|0|
15|119|0|0|85|1|0|
15|117|0|0|85|1|0|
15|116|96|0|85|1|0|
15|117|96|0|83|1|0|
15|117|0|0|85|1|0|
15|118|96|0|85|1|0|
15|116|96|0|85|1|0|
15|117|0|0|85|1|0|
15|117|0|0|85|1|0|
15|117|0|0|85|1|0|
15|118|0|0|85|1|0|
15|118|0|0|85|1|0|
15|117|0|0|85|1|0|
15|116|0|0|85|1|0|
15|116|96|0|85|1|0|
15|117|96|0|85|1|0|
15|116|0|0|85|1|0|
15|117|96|0|85|1|0|
15|116|0|0|85|1|0|
15|118|0|0|85|1|0|
15|117|96|0|85|1|0|
15|117|0|0|85|1|0|
15|117|0|0|85|1|0|
15|117|96|0|85|1|0|
15|117|0|0|85|1|0|
15|117|96|0|85|1|0|
15|117|0|0|85|1|0|
15|117|96|0|85|1|0|
15|116|96|0|85|1|0|
15|117|96|0|85|1|0|
15|118|0|0|85|1|0|
15|118|192|0|85|1|0|
15|118|0|0|85|1|0|
15|118|96|0|85|1|0|
15|116|0|0|83|1|0|
15|116|96|0|85|1|0|
15|117|96|0|85|1|0|
15|117|0|0|85|1|0|
15|117|96|0|85|1|0|
15|117|96|0|85|1|0|
15|117|0|0|85|1|0|
15|117|0|0|85|1|0|
15|117|0|0|85|1|0|
15|118|0|0|85|1|0|
15|118|96|0|85|1|0|
15|117|0|0|85|1|0|
15|118|96|0|85|1|0|
15|116|96|0|83|1|0|
15|118|0|0|85|1|0|
15|116|96|0|85|1|0|
15|117|96|0|85|1|0|
15|118|96|0|85|1|0|
15|117|0|0|85|1|0|
15|116|0|0|85|1|0|
15|118|96|0|85|1|0|
15|118|0|0|85|1|0|
15|118|0|0|85|1|0|
15|116|96|0|85|1|0|
15|118|0|0|85|1|0|
15|116|96|0|85|1|0|
15|116|96|0|83|1|0|
15|116|96|0|85|1|0|
15|118|0|0|85|1|0|
15|118|0|0|85|1|0|
15|116|96|0|85|1|0|
15|115|96|0|83|1|0|
15|116|0|0|85|1|0|
15|118|96|0|85|1|0|
15|118|0|0|85|1|0|
15|118|96|0|85|1|0|
15|117|96|0|85|1|0|
15|118|0|0|85|1|0|
15|116|96|0|85|1|0|
15|117|96|0|85|1|0|
15|117|0|0|85|1|0|
15|117|96|0|85|1|0|
15|117|96|0|85|1|0|
15|116|0|0|85|1|0|
15|117|96|0|85|1|0|
15|118|0|0|85|1|0|
15|116|0|0|85|1|0|
15|117|0|0|85|1|0|
15|117|0|0|85|1|0|
15|116|96|0|85|1|0|
15|117|96|0|85|1|0|
15|117|96|0|85|1|0|
15|117|0|0|85|1|0|
15|117|96|0|85|1|0|
15|116|96|0|83|1|0|
15|117|96|0|85|1|0|
15|116|0|0|85|1|0|
15|117|96|0|85|1|0|
15|117|0|0|85|1|0|
15|117|0|0|85|1|0|
15|117|96|0|85|1|0|
15|116|96|0|83|1|0|
15|116|96|0|85|1|0|
15|117|0|0|85|1|0|
15|117|0|0|85|1|0|
15|116|96|0|85|1|0|
15|117|96|0|85|1|0|
15|117|0|0|85|1|0|
15|117|0|0|85|1|0|
15|117|0|0|85|1|0|
15|117|96|0|85|1|0|
15|117|96|0|85|1|0|
15|117|96|0|85|1|0|
15|118|192|0|85|1|0|
15|117|96|0|85|1|0|
15|117|0|0|85|1|0|
15|117|0|0|85|1|0|
15|117|96|0|85|1|0|
15|117|96|0|85|1|0|
15|116|96|0|83|1|0|
15|117|0|0|85|1|0|
15|116|96|0|85|1|0|
15|117|0|0|85|1|0|
15|117|96|0|85|1|0|
15|117|0|0|85|1|0|
15|117|96|0|85|1|0|
15|117|0|0|85|1|0|
15|118|96|0|85|1|0|
15|118|0|0|85|1|0|
15|116|96|0|83|1|0|
15|116|96|0|85|1|0|
15|119|96|0|85|1|0|
15|116|96|0|85|1|0|
15|117|96|0|85|1|0|
15|117|0|0|85|1|0|
15|119|96|0|85|1|0|
15|117|96|0|85|1|0|
15|117|96|0|85|1|0|
15|117|96|0|83|1|0|
15|117|96|0|85|1|0|
15|117|0|0|85|1|0|
15|117|96|0|85|1|0|
15|118|96|0|85|1|0|
15|116|96|0|85|1|0|
15|117|0|0|85|1|0|
15|117|96|0|85|1|0|
15|117|96|0|85|1|0|
15|117|96|0|85|1|0|
15|116|96|0|83|1|0|
15|117|96|0|85|1|0|
15|117|96|0|85|1|0|
15|117|96|0|85|1|0|
15|117|96|0|85|1|0|
15|117|96|0|85|1|0|
15|116|0|0|85|1|0|
15|117|0|0|85|1|0|
15|116|96|0|85|1|0|
15|117|0|0|85|1|0|
15|117|96|0|85|1|0|
15|117|96|0|85|1|0|
15|117|96|0|85|1|0|
15|117|0|0|85|1|0|
15|117|0|0|85|1|0|
15|117|96|0|85|1|0|
15|118|96|0|85|1|0|
15|118|96|0|85|1|0|
15|118|96|0|85|1|0|
15|118|96|0|85|1|0|
15|116|96|0|85|1|0|
15|119|0|0|85|1|0|
15|116|96|0|85|1|0|
15|117|96|0|85|1|0|
15|117|96|0|85|1|0|
15|118|96|0|85|1|0|
15|117|96|0|85|1|0|
15|117|96|0|85|1|0|
15|117|0|0|85|1|0|
15|117|96|0|85|1|0|
15|117|0|0|85|1|0|
15|117|0|0|85|1|0|
15|117|96|0|85|1|0|
15|116|96|0|85|1|0|
15|117|0|0|85|1|0|
15|117|96|0|85|1|0|
15|115|96|0|83|1|0|
15|117|96|0|85|1|0|
15|119|0|0|85|1|0|
15|118|96|0|85|1|0|
15|119|0|0|85|1|0|
15|118|0|0|85|1|0|
15|118|0|0|85|1|0|
15|127|96|0|108|1|0|
15|116|192|0|85|1|0|
15|116|96|0|85|1|0|
15|116|0|0|83|1|0|
15|118|0|0|85|1|0|
15|118|192|0|85|1|0|
15|118|96|0|85|1|0|
15|150|0|0|276|1|0|
15|117|96|0|85|1|0|
15|116|96|0|83|1|0|
15|117|96|0|85|1|0|
15|116|96|0|85|1|0|
15|117|0|0|85|1|0|
15|118|0|0|85|1|0|
15|118|96|0|85|1|0|
15|117|96|0|85|1|0|
15|118|96|0|83|1|0|
15|116|96|0|85|1|0|
15|117|96|0|85|1|0|
15|117|0|0|85|1|0|
15|117|96|0|85|1|0|
15|118|0|0|85|1|0|
15|117|0|0|85|1|0|
15|117|96|0|85|1|0|
15|117|96|0|85|1|0|
15|117|192|0|85|1|0|
15|117|96|0|85|1|0|
15|118|0|0|85|1|0|
15|117|96|0|85|1|0|
15|328|192|0|334|1|0|
15|333|192|0|323|1|0|
15|117|96|0|85|1|0|
15|118|0|0|85|1|0|
15|117|96|0|85|1|0|
15|116|96|0|85|1|0|
15|117|192|0|85|1|0|
15|116|96|0|85|1|0|
15|329|96|0|322|1|0|
15|117|0|0|85|1|0|
15|118|0|0|85|1|0|
15|117|0|0|85|1|0|
15|118|0|0|85|1|0|
15|331|192|0|325|1|0|
15|116|96|0|85|1|0|
15|119|96|0|85|1|0|
15|117|0|0|83|1|0|
15|119|0|0|85|1|0|
15|331|96|0|333|1|0|
15|328|192|0|320|1|0|
15|331|96|0|322|1|0|
15|333|192|0|323|1|0|
15|118|0|0|85|1|0|
15|117|96|0|85|1|0|
15|334|96|0|335|1|0|
15|333|192|0|323|1|0|
15|117|0|0|85|1|0|
15|117|0|0|85|1|0|
15|117|96|0|85|1|0|
15|117|192|0|85|1|0|
15|116|96|0|85|1|0|
15|118|0|0|85|1|0|
15|328|192|0|333|1|0|
15|331|192|0|322|1|0|
15|117|96|0|85|1|0|
15|116|96|0|85|1|0|
15|117|96|0|85|1|0|
15|116|96|0|85|1|0|
15|118|0|0|85|1|0|
15|117|192|0|85|1|0|
15|118|96|0|85|1|0|
15|334|192|0|323|1|0|
15|118|0|0|85|1|0|
15|331|96|0|323|1|0|
15|116|0|0|85|1|0|
15|118|96|0|85|1|0|
15|117|96|0|85|1|0|
15|118|96|0|85|1|0|
15|117|0|0|85|1|0|
15|118|96|0|85|1|0|
15|330|192|0|333|1|0|
15|118|96|0|85|1|0|
15|117|96|0|85|1|0|
15|118|96|0|85|1|0|
15|117|0|0|85|1|0|
15|117|0|0|85|1|0|
15|118|96|0|85|1|0|
15|331|192|0|335|1|0|
15|117|0|0|85|1|0|
15|116|96|0|85|1|0|
15|117|96|0|85|1|0|
15|332|192|0|323|1|0|
15|118|0|0|85|1|0|
15|118|0|0|85|1|0|
15|117|96|0|85|1|0|
15|330|192|0|335|1|0|
15|336|192|0|326|1|0|
15|117|96|0|85|1|0|
15|117|96|0|85|1|0|
15|117|96|0|85|1|0|
15|327|96|0|332|1|0|
15|328|192|0|333|1|0|
15|118|96|0|85|1|0|
15|116|96|0|85|1|0|
15|116|0|0|85|1|0|
15|118|96|0|85|1|0|
15|327|192|0|333|1|0|
15|117|0|0|85|1|0|
15|117|96|0|85|1|0|
15|117|96|0|85|1|0|
15|117|0|0|85|1|0|
15|119|96|0|85|1|0|
15|117|0|0|85|1|0|
15|117|0|0|85|1|0|
15|330|192|0|335|1|0|
15|118|0|0|85|1|0|
15|118|96|0|85|1|0|
15|118|96|0|85|1|0|
15|116|96|0|85|1|0|
15|117|96|0|85|1|0|
15|116|96|0|85|1|0|
15|117|192|0|85|1|0|
15|117|96|0|85|1|0|
15|118|96|0|85|1|0|
15|118|0|0|85|1|0|
15|117|0|0|85|1|0|
15|117|96|0|85|1|0|
15|117|96|0|85|1|0|
15|331|192|0|334|1|0|
15|332|96|0|322|1|0|
15|118|96|0|85|1|0|
15|118|96|0|85|1|0|
15|118|0|0|85|1|0|
15|118|96|0|85|1|0|
15|118|96|0|85|1|0|
15|118|0|0|85|1|0|
15|117|96|0|85|1|0|
15|116|96|0|85|1|0|
15|118|96|0|85|1|0|
15|117|96|0|85|1|0|
15|116|96|0|85|1|0|
15|117|0|0|85|1|0|
15|117|192|0|85|1|0|
15|118|96|0|85|1|0|
15|117|0|0|85|1|0|
15|332|96|0|335|1|0|
15|333|96|0|336|1|0|
15|329|192|0|322|1|0|
15|333|192|0|323|1|0|
15|332|192|0|322|1|0|
15|118|0|0|85|1|0|
15|118|96|0|85|1|0|
15|117|0|0|85|1|0|
15|117|96|0|85|1|0|
15|333|192|0|325|1|0|
15|117|96|0|85|1|0|
15|117|96|0|85|1|0|
15|116|96|0|85|1|0|
15|117|96|0|85|1|0|
15|118|96|0|85|1|0|
15|117|0|0|85|1|0|
15|117|96|0|85|1|0|
15|116|96|0|85|1|0|
15|118|96|0|85|1|0|
15|119|96|0|85|1|0|
15|117|96|0|85|1|0|
15|117|96|0|85|1|0|
15|118|0|0|85|1|0|
15|117|0|0|85|1|0|
15|117|0|0|85|1|0|
15|118|96|0|85|1|0|
15|117|96|0|85|1|0|
15|118|96|0|85|1|0|
15|118|0|0|85|1|0|
15|117|96|0|85|1|0|
15|116|0|0|85|1|0|
15|116|0|0|85|1|0|
15|117|96|0|85|1|0|
15|117|96|0|85|1|0|
15|117|0|0|85|1|0|
15|117|96|0|85|1|0|
15|117|96|0|85|1|0|
15|117|0|0|85|1|0|
15|117|0|0|85|1|0|
15|118|0|0|85|1|0|
15|117|96|0|85|1|0|
15|117|96|0|85|1|0|
15|117|96|0|85|1|0|
15|118|0|0|85|1|0|
15|118|96|0|85|1|0|
15|331|96|0|335|1|0|
15|332|96|0|322|1|0|
15|335|96|0|326|1|0|
15|329|192|0|321|1|0|
15|118|0|0|85|1|0|
15|117|96|0|85|1|0|
15|119|96|0|85|1|0|
15|118|96|0|85|1|0|
15|117|0|0|85|1|0|
15|118|96|0|85|1|0|
15|117|0|0|85|1|0|
15|116|96|0|85|1|0|
15|117|96|0|85|1|0|
15|117|96|0|85|1|0|
15|116|0|0|85|1|0|
15|118|0|0|85|1|0|
15|118|192|0|85|1|0|
15|329|192|0|335|1|0|
15|117|96|0|85|1|0|
15|116|0|0|85|1|0|
15|118|0|0|85|1|0|
15|118|96|0|85|1|0|
15|333|192|0|335|1|0|
15|335|192|0|326|1|0|
15|327|192|0|333|1|0|
15|331|192|0|334|1|0|
15|117|0|0|85|1|0|
15|117|96|0|85|1|0|
15|117|96|0|85|1|0|
15|117|96|0|85|1|0|
15|117|96|0|85|1|0|
15|116|96|0|85|1|0|
15|117|96|0|85|1|0|
15|118|0|0|85|1|0|
15|117|0|0|85|1|0|
15|117|0|0|85|1|0|
15|118|0|0|85|1|0|
15|117|96|0|85|1|0|
15|119|96|0|85|1|0|
15|117|96|0|85|1|0|
15|117|96|0|85|1|0|
15|117|0|0|85|1|0|
15|116|96|0|85|1|0|
15|117|0|0|85|1|0|
15|116|96|0|83|1|0|
15|116|96|0|81|1|0|
15|117|0|0|85|1|0|
15|117|0|0|85|1|0|
15|117|96|0|85|1|0|
15|117|96|0|85|1|0|
15|117|96|0|85|1|0|
15|117|96|0|85|1|0|
15|116|96|0|85|1|0|
15|117|0|0|85|1|0|
15|117|96|0|85|1|0|
15|117|96|0|85|1|0|
15|117|96|0|85|1|0|
15|117|96|0|85|1|0|
15|117|96|0|85|1|0|
