INSTRUCTIONS_RETIRED|CYCLES|UNKNOWN|LD_BLOCKS.STORE_FORWARD|UOPS_EXECUTED.CORE|BR_MISP_RETIRED.ALL_BRANCHES|UOPS_ISSUED.SINGLE_MUL|
13|306|192|0|314|0|0|
13|319|96|0|328|0|0|
13|313|192|0|325|0|0|
13|100|0|0|80|0|0|
13|100|0|0|80|0|0|
13|299|192|0|314|0|0|
13|313|192|0|324|0|0|
13|100|96|0|80|0|0|
13|100|96|0|80|0|0|
13|100|96|0|80|0|0|
13|100|0|0|80|0|0|
13|321|288|0|329|0|0|
13|306|192|0|317|0|0|
13|307|96|0|317|0|0|
13|100|192|0|80|0|0|
13|100|0|0|80|0|0|
13|100|0|0|80|0|0|
13|100|0|0|80|0|0|
13|100|0|0|80|0|0|
13|100|96|0|80|0|0|
13|316|192|0|328|0|0|
13|305|192|0|313|0|0|
13|100|96|0|80|0|0|
13|100|0|0|80|0|0|
13|100|96|0|80|0|0|
13|100|96|0|80|0|0|
13|100|96|0|80|0|0|
13|100|96|0|80|0|0|
13|100|96|0|80|0|0|
13|100|0|0|80|0|0|
13|106|0|0|101|0|0|
13|100|0|0|80|0|0|
13|321|192|0|329|0|0|
13|316|192|0|326|0|0|
13|315|96|0|327|0|0|
13|307|192|0|317|0|0|
13|100|96|0|80|0|0|
13|100|0|0|80|0|0|
13|100|0|0|80|0|0|
13|100|96|0|80|0|0|
13|100|0|0|80|0|0|
13|100|96|0|80|0|0|
13|100|0|0|80|0|0|
13|100|0|0|80|0|0|
13|100|96|0|80|0|0|
13|317|96|0|326|0|0|
13|100|96|0|80|0|0|
13|317|96|0|326|0|0|
13|103|0|0|80|0|0|
13|100|0|0|80|0|0|
13|100|96|0|80|0|0|
13|100|0|0|80|0|0|
13|129|0|0|255|0|0|
13|112|0|0|108|0|0|
13|100|96|0|80|0|0|
13|100|96|0|80|0|0|
13|100|96|0|80|0|0|
13|100|96|0|80|0|0|
13|100|96|0|80|0|0|
13|100|0|0|80|0|0|
13|100|0|0|80|0|0|
13|100|0|0|80|0|0|
13|100|96|0|80|0|0|
13|100|0|0|80|0|0|
13|100|0|0|80|0|0|
13|100|96|0|80|0|0|
13|100|96|0|80|0|0|
13|100|0|0|80|0|0|
13|100|0|0|80|0|0|
13|100|0|0|80|0|0|
13|100|96|0|80|0|0|
13|100|0|0|80|0|0|
13|98|96|0|78|0|0|
13|100|96|0|80|0|0|
13|100|96|0|80|0|0|
13|100|96|0|80|0|0|
13|100|0|0|80|0|0|
13|100|0|0|80|0|0|
13|100|96|0|80|0|0|
13|100|96|0|80|0|0|
13|100|0|0|80|0|0|
13|100|96|0|80|0|0|
13|100|0|0|80|0|0|
13|100|0|0|80|0|0|
13|98|96|0|78|0|0|
13|100|0|0|80|0|0|
13|100|96|0|80|0|0|
13|100|96|0|80|0|0|
13|100|0|0|80|0|0|
13|100|96|0|80|0|0|
13|100|0|0|80|0|0|
13|100|96|0|80|0|0|
13|100|96|0|80|0|0|
13|100|0|0|80|0|0|
13|100|96|0|80|0|0|
13|100|96|0|80|0|0|
13|100|96|0|80|0|0|
13|100|96|0|80|0|0|
13|100|96|0|80|0|0|
13|100|96|0|80|0|0|
13|100|96|0|80|0|0|
13|100|0|0|80|0|0|
13|100|0|0|80|0|0|
13|100|96|0|80|0|0|
13|100|0|0|80|0|0|
13|305|96|0|314|0|0|
13|141|96|0|230|0|0|
13|398|192|0|581|0|0|
13|317|96|0|326|0|0|
13|313|96|0|325|0|0|
13|304|192|0|313|0|0|
13|110|0|0|98|0|0|
13|320|192|0|328|0|0|
13|100|0|0|80|0|0|
13|100|0|0|80|0|0|
13|100|96|0|80|0|0|
13|124|96|0|117|0|0|
13|100|0|0|80|0|0|
13|100|0|0|80|0|0|
13|100|0|0|80|0|0|
13|100|0|0|80|0|0|
13|100|0|0|80|0|0|
13|100|96|0|80|0|0|
13|100|0|0|80|0|0|
13|100|0|0|80|0|0|
13|100|0|0|80|0|0|
13|100|0|0|80|0|0|
13|100|0|0|80|0|0|
13|100|0|0|80|0|0|
13|122|96|0|167|0|0|
13|100|0|0|80|0|0|
13|100|96|0|80|0|0|
13|100|96|0|80|0|0|
13|100|0|0|80|0|0|
13|100|96|0|80|0|0|
13|100|0|0|80|0|0|
13|100|0|0|80|0|0|
13|100|0|0|80|0|0|
13|100|96|0|80|0|0|
13|100|96|0|80|0|0|
13|100|0|0|80|0|0|
13|100|0|0|80|0|0|
13|100|0|0|80|0|0|
13|100|96|0|80|0|0|
13|100|0|0|80|0|0|
13|100|96|0|80|0|0|
13|100|0|0|80|0|0|
13|100|96|0|80|0|0|
13|100|96|0|80|0|0|
13|100|96|0|80|0|0|
13|100|96|0|80|0|0|
13|100|96|0|80|0|0|
13|100|96|0|80|0|0|
13|100|96|0|80|0|0|
13|100|96|0|80|0|0|
13|100|0|0|80|0|0|
13|100|0|0|80|0|0|
13|100|96|0|80|0|0|
13|100|0|0|80|0|0|
13|100|0|0|80|0|0|
13|100|96|0|80|0|0|
13|100|96|0|80|0|0|
13|100|0|0|80|0|0|
13|100|96|0|80|0|0|
13|100|96|0|80|0|0|
13|100|96|0|80|0|0|
13|100|0|0|80|0|0|
13|100|96|0|80|0|0|
13|100|0|0|80|0|0|
13|100|0|0|80|0|0|
13|100|96|0|80|0|0|
13|100|192|0|80|0|0|
13|100|96|0|80|0|0|
13|100|96|0|80|0|0|
13|100|0|0|80|0|0|
13|100|0|0|80|0|0|
13|100|96|0|80|0|0|
13|100|96|0|80|0|0|
13|100|96|0|80|0|0|
13|100|0|0|80|0|0|
13|100|96|0|80|0|0|
13|125|0|0|144|0|0|
13|98|96|0|78|0|0|
13|100|0|0|80|0|0|
13|100|0|0|80|0|0|
13|317|96|0|326|0|0|
13|100|96|0|80|0|0|
13|100|0|0|80|0|0|
13|100|0|0|80|0|0|
13|100|96|0|80|0|0|
13|100|96|0|80|0|0|
13|100|0|0|80|0|0|
13|321|192|0|329|0|0|
13|304|192|0|313|0|0|
13|100|96|0|80|0|0|
13|100|96|0|80|0|0|
13|100|0|0|80|0|0|
13|100|96|0|80|0|0|
13|100|0|0|80|0|0|
13|100|96|0|80|0|0|
13|100|192|0|80|0|0|
13|100|0|0|80|0|0|
13|100|96|0|80|0|0|
13|100|96|0|80|0|0|
13|98|96|0|78|0|0|
13|100|0|0|80|0|0|
13|100|192|0|80|0|0|
13|320|192|0|329|0|0|
13|302|192|0|314|0|0|
13|100|96|0|80|0|0|
13|301|96|0|313|0|0|
13|303|192|0|314|0|0|
13|305|192|0|314|0|0|
13|100|0|0|80|0|0|
13|100|0|0|80|0|0|
13|305|96|0|314|0|0|
13|100|0|0|80|0|0|
13|318|96|0|329|0|0|
13|303|192|0|314|0|0|
13|100|96|0|80|0|0|
13|300|96|0|313|0|0|
13|100|0|0|80|0|0|
13|100|0|0|80|0|0|
13|100|96|0|80|0|0|
13|100|0|0|80|0|0|
13|313|192|0|325|0|0|
13|316|192|0|328|0|0|
13|100|96|0|80|0|0|
13|304|96|0|313|0|0|
13|100|96|0|80|0|0|
13|100|192|0|80|0|0|
13|98|96|0|78|0|0|
13|100|0|0|80|0|0|
13|100|96|0|80|0|0|
13|100|96|0|80|0|0|
13|100|0|0|80|0|0|
13|100|96|0|80|0|0|
13|100|0|0|80|0|0|
13|100|96|0|80|0|0|
13|100|96|0|80|0|0|
13|100|96|0|80|0|0|
13|100|96|0|80|0|0|
13|100|192|0|80|0|0|
13|100|0|0|80|0|0|
13|100|96|0|80|0|0|
13|100|96|0|80|0|0|
13|100|0|0|80|0|0|
13|100|96|0|80|0|0|
13|100|0|0|80|0|0|
13|100|96|0|80|0|0|
13|100|0|0|80|0|0|
13|100|96|0|80|0|0|
13|100|0|0|80|0|0|
13|100|0|0|80|0|0|
13|100|96|0|80|0|0|
13|98|96|0|79|0|0|
13|100|96|0|80|0|0|
13|100|96|0|80|0|0|
13|100|0|0|80|0|0|
13|100|0|0|80|0|0|
13|100|0|0|80|0|0|
13|100|0|0|80|0|0|
13|100|0|0|80|0|0|
13|100|0|0|80|0|0|
13|304|192|0|317|0|0|
13|306|288|0|317|0|0|
13|305|192|0|314|0|0|
13|100|96|0|80|0|0|
13|100|96|0|80|0|0|
13|100|96|0|80|0|0|
13|100|96|0|80|0|0|
13|100|96|0|80|0|0|
13|100|96|0|80|0|0|
13|100|96|0|80|0|0|
13|316|192|0|325|0|0|
13|100|96|0|80|0|0|
13|100|0|0|80|0|0|
13|98|0|0|78|0|0|
13|100|96|0|80|0|0|
13|100|96|0|80|0|0|
13|316|96|0|328|0|0|
13|100|0|0|80|0|0|
13|303|96|0|314|0|0|
13|100|96|0|80|0|0|
13|100|96|0|80|0|0|
13|100|96|0|80|0|0|
13|100|96|0|80|0|0|
13|100|96|0|80|0|0|
13|100|96|0|80|0|0|
13|100|96|0|80|0|0|
13|100|96|0|80|0|0|
13|100|96|0|80|0|0|
13|100|0|0|80|0|0|
13|100|0|0|80|0|0|
13|100|96|0|80|0|0|
13|100|0|0|80|0|0|
13|100|0|0|80|0|0|
13|100|96|0|80|0|0|
13|100|96|0|80|0|0|
13|100|96|0|80|0|0|
13|98|0|0|78|0|0|
13|100|0|0|80|0|0|
13|100|96|0|80|0|0|
13|100|96|0|80|0|0|
13|100|0|0|80|0|0|
13|100|0|0|80|0|0|
13|100|0|0|80|0|0|
13|100|0|0|80|0|0|
13|100|96|0|80|0|0|
13|100|0|0|80|0|0|
13|100|0|0|80|0|0|
13|100|96|0|80|0|0|
13|100|0|0|80|0|0|
13|100|0|0|80|0|0|
13|100|96|0|80|0|0|
13|100|0|0|80|0|0|
13|100|0|0|80|0|0|
13|100|96|0|80|0|0|
13|100|0|0|80|0|0|
13|100|0|0|80|0|0|
13|100|0|0|80|0|0|
13|100|0|0|80|0|0|
13|100|96|0|80|0|0|
13|100|96|0|80|0|0|
13|100|96|0|80|0|0|
13|100|0|0|80|0|0|
13|100|0|0|80|0|0|
13|100|96|0|80|0|0|
13|100|96|0|80|0|0|
13|100|96|0|80|0|0|
13|100|96|0|80|0|0|
13|100|0|0|80|0|0|
13|100|0|0|80|0|0|
13|100|96|0|80|0|0|
13|100|0|0|80|0|0|
13|100|96|0|80|0|0|
13|100|0|0|80|0|0|
13|101|0|0|78|0|0|
13|100|96|0|80|0|0|
13|100|0|0|80|0|0|
13|100|96|0|80|0|0|
13|100|96|0|80|0|0|
13|100|0|0|80|0|0|
13|100|0|0|80|0|0|
13|100|96|0|80|0|0|
13|100|96|0|80|0|0|
13|100|0|0|80|0|0|
13|100|96|0|80|0|0|
13|100|96|0|80|0|0|
13|99|96|0|76|0|0|
13|100|96|0|80|0|0|
13|98|96|0|78|0|0|
13|100|0|0|80|0|0|
13|100|0|0|80|0|0|
13|99|0|0|76|0|0|
13|100|0|0|80|0|0|
13|100|96|0|80|0|0|
13|101|96|0|78|0|0|
13|100|0|0|80|0|0|
13|100|0|0|80|0|0|
13|98|96|0|78|0|0|
13|100|0|0|80|0|0|
13|100|0|0|80|0|0|
13|100|0|0|80|0|0|
13|100|192|0|80|0|0|
13|100|96|0|80|0|0|
13|100|96|0|80|0|0|
13|100|96|0|80|0|0|
13|100|96|0|80|0|0|
13|100|0|0|80|0|0|
13|100|0|0|80|0|0|
13|100|0|0|80|0|0|
13|100|96|0|80|0|0|
13|100|96|0|80|0|0|
13|101|96|0|78|0|0|
13|100|96|0|80|0|0|
13|100|96|0|80|0|0|
13|100|96|0|80|0|0|
13|98|0|0|78|0|0|
13|100|0|0|80|0|0|
13|100|0|0|80|0|0|
13|100|0|0|80|0|0|
13|100|96|0|80|0|0|
13|100|0|0|80|0|0|
13|100|96|0|80|0|0|
13|100|96|0|80|0|0|
13|100|0|0|80|0|0|
13|100|0|0|80|0|0|
13|100|96|0|80|0|0|
13|100|96|0|80|0|0|
13|100|96|0|80|0|0|
13|100|96|0|80|0|0|
13|100|0|0|80|0|0|
13|100|0|0|80|0|0|
13|100|96|0|80|0|0|
13|100|0|0|80|0|0|
13|100|96|0|80|0|0|
13|100|0|0|80|0|0|
13|100|96|0|80|0|0|
13|100|96|0|80|0|0|
13|100|96|0|80|0|0|
13|100|0|0|80|0|0|
13|100|96|0|80|0|0|
13|100|96|0|80|0|0|
13|100|96|0|80|0|0|
13|100|192|0|80|0|0|
13|100|96|0|80|0|0|
13|100|96|0|80|0|0|
13|98|192|0|78|0|0|
13|100|96|0|80|0|0|
13|100|96|0|80|0|0|
13|100|0|0|80|0|0|
13|100|96|0|80|0|0|
13|100|0|0|80|0|0|
13|100|96|0|80|0|0|
13|100|0|0|80|0|0|
13|100|0|0|80|0|0|
13|100|0|0|80|0|0|
13|100|0|0|80|0|0|
13|100|0|0|80|0|0|
13|100|0|0|80|0|0|
13|100|96|0|80|0|0|
13|100|0|0|80|0|0|
13|100|0|0|80|0|0|
13|100|96|0|80|0|0|
13|100|96|0|80|0|0|
13|100|0|0|80|0|0|
13|100|0|0|80|0|0|
13|100|0|0|80|0|0|
13|100|0|0|80|0|0|
13|100|96|0|80|0|0|
13|100|96|0|80|0|0|
13|100|96|0|80|0|0|
13|98|96|0|78|0|0|
13|100|0|0|80|0|0|
13|100|96|0|80|0|0|
13|100|0|0|80|0|0|
13|100|0|0|80|0|0|
13|100|96|0|80|0|0|
13|100|0|0|80|0|0|
13|100|96|0|80|0|0|
13|100|96|0|80|0|0|
13|100|96|0|80|0|0|
13|100|96|0|80|0|0|
13|100|0|0|80|0|0|
13|100|96|0|80|0|0|
13|100|0|0|80|0|0|
13|100|96|0|80|0|0|
13|100|0|0|80|0|0|
13|100|96|0|80|0|0|
13|100|96|0|80|0|0|
13|98|0|0|78|0|0|
13|100|0|0|80|0|0|
13|100|0|0|80|0|0|
13|100|96|0|80|0|0|
13|100|96|0|80|0|0|
13|100|96|0|80|0|0|
13|98|96|0|78|0|0|
13|100|96|0|80|0|0|
13|100|96|0|80|0|0|
13|100|96|0|80|0|0|
13|100|96|0|80|0|0|
13|100|96|0|80|0|0|
13|100|192|0|80|0|0|
13|100|0|0|80|0|0|
13|100|96|0|80|0|0|
13|100|0|0|80|0|0|
13|100|96|0|80|0|0|
13|100|0|0|80|0|0|
13|100|0|0|80|0|0|
13|100|0|0|80|0|0|
13|100|96|0|80|0|0|
13|100|96|0|80|0|0|
13|100|96|0|80|0|0|
13|100|192|0|80|0|0|
13|100|0|0|80|0|0|
13|100|0|0|80|0|0|
13|100|0|0|80|0|0|
13|100|96|0|80|0|0|
13|100|0|0|80|0|0|
13|100|0|0|80|0|0|
13|100|96|0|80|0|0|
13|100|96|0|80|0|0|
13|100|96|0|80|0|0|
13|100|0|0|80|0|0|
13|100|96|0|80|0|0|
13|100|0|0|80|0|0|
13|100|96|0|80|0|0|
13|100|96|0|80|0|0|
13|100|0|0|80|0|0|
13|100|96|0|80|0|0|
13|100|0|0|80|0|0|
13|100|96|0|80|0|0|
13|100|0|0|80|0|0|
13|100|96|0|80|0|0|
13|100|96|0|80|0|0|
13|100|96|0|80|0|0|
13|100|0|0|80|0|0|
13|100|0|0|80|0|0|
13|100|0|0|80|0|0|
13|100|96|0|80|0|0|
13|100|96|0|80|0|0|
13|100|0|0|80|0|0|
13|100|0|0|80|0|0|
13|100|0|0|80|0|0|
13|100|96|0|80|0|0|
13|100|96|0|80|0|0|
13|100|96|0|80|0|0|
13|100|0|0|80|0|0|
13|100|0|0|80|0|0|
13|100|0|0|80|0|0|
13|100|0|0|80|0|0|
13|100|96|0|80|0|0|
13|100|0|0|80|0|0|
13|100|192|0|80|0|0|
13|100|0|0|80|0|0|
13|100|96|0|80|0|0|
13|100|0|0|80|0|0|
13|98|0|0|78|0|0|
13|98|96|0|79|0|0|
13|100|96|0|80|0|0|
13|100|192|0|80|0|0|
13|100|96|0|80|0|0|
13|100|96|0|80|0|0|
13|100|0|0|80|0|0|
13|100|96|0|80|0|0|
13|100|0|0|80|0|0|
13|100|0|0|80|0|0|
13|100|96|0|80|0|0|
13|125|96|0|237|0|0|
13|100|96|0|80|0|0|
13|118|96|0|137|0|0|
13|100|0|0|80|0|0|
13|100|96|0|80|0|0|
13|100|0|0|80|0|0|
13|100|192|0|80|0|0|
13|100|0|0|80|0|0|
13|100|0|0|80|0|0|
13|100|96|0|80|0|0|
13|100|96|0|80|0|0|
13|100|0|0|80|0|0|
13|100|96|0|80|0|0|
13|100|96|0|80|0|0|
13|100|0|0|80|0|0|
13|100|96|0|80|0|0|
13|100|0|0|80|0|0|
13|100|0|0|80|0|0|
13|100|0|0|80|0|0|
13|100|96|0|80|0|0|
13|100|0|0|80|0|0|
13|100|0|0|80|0|0|
13|100|0|0|80|0|0|
13|100|0|0|80|0|0|
13|100|96|0|80|0|0|
13|100|0|0|80|0|0|
13|100|0|0|80|0|0|
13|100|0|0|80|0|0|
13|100|0|0|80|0|0|
13|100|0|0|80|0|0|
13|100|96|0|80|0|0|
13|100|0|0|80|0|0|
13|100|0|0|80|0|0|
13|100|96|0|80|0|0|
13|100|96|0|80|0|0|
13|100|0|0|80|0|0|
13|100|0|0|80|0|0|
13|101|96|0|78|0|0|
13|100|0|0|80|0|0|
13|100|0|0|80|0|0|
13|100|0|0|80|0|0|
13|100|96|0|80|0|0|
13|100|0|0|80|0|0|
13|100|96|0|80|0|0|
13|100|0|0|80|0|0|
13|101|96|0|78|0|0|
13|100|96|0|80|0|0|
13|100|0|0|80|0|0|
13|100|96|0|80|0|0|
13|100|96|0|80|0|0|
13|100|96|0|80|0|0|
13|100|0|0|80|0|0|
13|100|96|0|80|0|0|
13|100|0|0|80|0|0|
13|100|0|0|80|0|0|
13|100|0|0|80|0|0|
13|100|0|0|80|0|0|
13|100|0|0|80|0|0|
13|100|96|0|80|0|0|
13|100|96|0|80|0|0|
13|100|96|0|80|0|0|
13|100|0|0|80|0|0|
13|100|96|0|80|0|0|
13|100|96|0|80|0|0|
13|100|0|0|80|0|0|
13|100|0|0|80|0|0|
13|100|0|0|80|0|0|
13|100|0|0|80|0|0|
13|100|96|0|80|0|0|
13|98|96|0|79|0|0|
13|100|96|0|80|0|0|
13|100|96|0|80|0|0|
13|100|96|0|80|0|0|
13|100|0|0|80|0|0|
13|100|96|0|80|0|0|
13|100|96|0|80|0|0|
13|100|0|0|80|0|0|
13|100|96|0|80|0|0|
13|100|0|0|80|0|0|
13|100|96|0|80|0|0|
13|100|0|0|80|0|0|
13|100|96|0|80|0|0|
13|100|0|0|80|0|0|
13|100|0|0|80|0|0|
13|100|96|0|80|0|0|
13|101|0|0|78|0|0|
13|100|96|0|80|0|0|
13|101|0|0|78|0|0|
13|100|0|0|80|0|0|
13|100|0|0|80|0|0|
13|100|0|0|80|0|0|
13|100|0|0|80|0|0|
13|118|0|0|92|0|0|
13|100|96|0|80|0|0|
13|306|192|0|314|0|0|
13|100|192|0|80|0|0|
13|100|0|0|80|0|0|
13|100|96|0|80|0|0|
13|100|0|0|80|0|0|
13|100|96|0|80|0|0|
13|100|96|0|80|0|0|
13|100|96|0|80|0|0|
13|98|96|0|78|0|0|
13|100|96|0|80|0|0|
13|100|0|0|80|0|0|
13|100|96|0|80|0|0|
13|100|96|0|80|0|0|
13|100|0|0|80|0|0|
13|100|96|0|80|0|0|
13|100|96|0|80|0|0|
13|99|0|0|76|0|0|
13|100|96|0|80|0|0|
13|100|0|0|80|0|0|
13|101|96|0|78|0|0|
13|100|0|0|80|0|0|
13|100|96|0|80|0|0|
13|100|0|0|80|0|0|
13|100|96|0|80|0|0|
13|100|96|0|80|0|0|
13|100|0|0|80|0|0|
13|100|0|0|80|0|0|
13|100|0|0|80|0|0|
13|100|96|0|80|0|0|
13|100|96|0|80|0|0|
13|101|0|0|78|0|0|
13|100|0|0|80|0|0|
13|100|0|0|80|0|0|
13|100|0|0|80|0|0|
13|100|96|0|80|0|0|
13|100|96|0|80|0|0|
13|100|0|0|80|0|0|
13|100|0|0|80|0|0|
13|100|96|0|80|0|0|
13|100|0|0|80|0|0|
13|100|0|0|80|0|0|
13|100|96|0|80|0|0|
13|100|0|0|80|0|0|
13|100|96|0|80|0|0|
13|100|0|0|80|0|0|
13|100|0|0|80|0|0|
13|100|96|0|80|0|0|
13|100|96|0|80|0|0|
13|100|0|0|80|0|0|
13|100|0|0|80|0|0|
13|100|0|0|80|0|0|
13|100|0|0|80|0|0|
13|100|0|0|80|0|0|
13|100|0|0|80|0|0|
13|100|96|0|80|0|0|
13|100|96|0|80|0|0|
13|100|96|0|80|0|0|
13|98|0|0|79|0|0|
13|100|96|0|80|0|0|
13|100|96|0|80|0|0|
13|100|96|0|80|0|0|
13|100|0|0|80|0|0|
13|100|96|0|80|0|0|
13|100|96|0|80|0|0|
13|100|96|0|80|0|0|
13|100|0|0|80|0|0|
13|100|0|0|80|0|0|
13|100|96|0|80|0|0|
13|100|0|0|80|0|0|
13|100|0|0|80|0|0|
13|100|96|0|80|0|0|
13|100|0|0|80|0|0|
13|100|0|0|80|0|0|
13|100|96|0|80|0|0|
13|100|0|0|80|0|0|
13|100|0|0|80|0|0|
13|100|0|0|80|0|0|
13|100|96|0|80|0|0|
13|100|96|0|80|0|0|
13|100|0|0|80|0|0|
13|100|96|0|80|0|0|
13|100|96|0|80|0|0|
13|100|0|0|80|0|0|
13|100|96|0|80|0|0|
13|100|96|0|80|0|0|
13|100|0|0|80|0|0|
13|100|0|0|80|0|0|
13|100|0|0|80|0|0|
13|100|96|0|80|0|0|
13|100|0|0|80|0|0|
13|100|0|0|80|0|0|
13|100|192|0|80|0|0|
13|100|0|0|80|0|0|
13|100|0|0|80|0|0|
13|100|0|0|80|0|0|
13|100|96|0|80|0|0|
13|100|96|0|80|0|0|
13|100|96|0|80|0|0|
13|100|96|0|80|0|0|
13|100|0|0|80|0|0|
13|100|96|0|80|0|0|
13|100|0|0|80|0|0|
13|100|0|0|80|0|0|
13|100|96|0|80|0|0|
13|100|96|0|80|0|0|
13|100|0|0|80|0|0|
13|100|96|0|80|0|0|
13|100|0|0|80|0|0|
13|100|0|0|80|0|0|
13|100|0|0|80|0|0|
13|100|0|0|80|0|0|
13|100|0|0|80|0|0|
13|100|0|0|80|0|0|
13|100|96|0|80|0|0|
13|100|96|0|80|0|0|
13|100|0|0|80|0|0|
13|100|96|0|80|0|0|
13|100|96|0|80|0|0|
13|98|0|0|79|0|0|
13|100|96|0|80|0|0|
13|100|96|0|80|0|0|
13|100|0|0|80|0|0|
13|101|96|0|78|0|0|
13|100|96|0|80|0|0|
13|100|96|0|80|0|0|
13|100|96|0|80|0|0|
13|100|0|0|80|0|0|
13|100|0|0|80|0|0|
13|98|96|0|79|0|0|
13|100|0|0|80|0|0|
13|100|96|0|80|0|0|
13|100|0|0|80|0|0|
13|100|96|0|80|0|0|
13|100|0|0|80|0|0|
13|100|96|0|80|0|0|
13|100|96|0|80|0|0|
13|100|96|0|80|0|0|
13|100|96|0|80|0|0|
13|100|0|0|80|0|0|
13|100|0|0|80|0|0|
13|100|96|0|80|0|0|
13|100|0|0|80|0|0|
13|100|0|0|80|0|0|
13|100|96|0|80|0|0|
13|100|0|0|80|0|0|
13|100|0|0|80|0|0|
13|100|96|0|80|0|0|
13|100|96|0|80|0|0|
13|100|96|0|80|0|0|
13|100|96|0|80|0|0|
13|100|96|0|80|0|0|
13|100|96|0|80|0|0|
13|101|96|0|78|0|0|
13|100|0|0|80|0|0|
13|100|192|0|80|0|0|
13|100|0|0|80|0|0|
13|100|96|0|80|0|0|
13|100|96|0|80|0|0|
13|100|96|0|80|0|0|
13|100|0|0|80|0|0|
13|100|0|0|80|0|0|
13|100|0|0|80|0|0|
13|100|0|0|80|0|0|
13|100|0|0|80|0|0|
13|100|96|0|80|0|0|
13|100|96|0|80|0|0|
13|100|0|0|80|0|0|
13|100|0|0|80|0|0|
13|100|0|0|80|0|0|
13|100|96|0|80|0|0|
13|100|0|0|80|0|0|
13|100|96|0|80|0|0|
13|100|96|0|80|0|0|
13|100|96|0|80|0|0|
13|100|0|0|80|0|0|
13|100|96|0|80|0|0|
13|100|0|0|80|0|0|
13|100|192|0|80|0|0|
13|100|96|0|80|0|0|
13|100|96|0|80|0|0|
13|100|0|0|80|0|0|
13|100|96|0|80|0|0|
13|98|96|0|78|0|0|
13|100|0|0|80|0|0|
13|100|0|0|80|0|0|
13|100|96|0|80|0|0|
13|100|96|0|80|0|0|
13|98|0|0|78|0|0|
13|100|0|0|80|0|0|
13|101|0|0|78|0|0|
13|100|0|0|80|0|0|
13|100|0|0|80|0|0|
13|100|96|0|80|0|0|
13|100|96|0|80|0|0|
13|100|0|0|80|0|0|
13|100|0|0|80|0|0|
13|100|96|0|80|0|0|
13|100|0|0|80|0|0|
13|100|0|0|80|0|0|
13|101|96|0|78|0|0|
13|100|96|0|80|0|0|
13|100|0|0|80|0|0|
13|100|96|0|80|0|0|
13|100|0|0|80|0|0|
13|100|0|0|80|0|0|
13|100|96|0|80|0|0|
13|100|0|0|80|0|0|
13|100|0|0|80|0|0|
13|100|96|0|80|0|0|
13|100|96|0|80|0|0|
13|100|96|0|80|0|0|
13|100|96|0|80|0|0|
13|100|96|0|80|0|0|
13|100|0|0|80|0|0|
13|100|96|0|80|0|0|
13|100|96|0|80|0|0|
13|100|0|0|80|0|0|
13|100|96|0|80|0|0|
13|100|0|0|80|0|0|
13|100|0|0|80|0|0|
13|100|0|0|80|0|0|
13|100|96|0|80|0|0|
13|100|0|0|80|0|0|
13|100|0|0|80|0|0|
13|101|96|0|78|0|0|
13|100|0|0|80|0|0|
13|100|96|0|80|0|0|
13|100|0|0|80|0|0|
13|98|96|0|78|0|0|
13|101|0|0|78|0|0|
13|100|96|0|80|0|0|
13|100|0|0|80|0|0|
13|100|0|0|80|0|0|
13|100|96|0|80|0|0|
13|100|0|0|80|0|0|
13|100|96|0|80|0|0|
13|100|96|0|80|0|0|
13|100|0|0|80|0|0|
13|100|96|0|80|0|0|
13|100|0|0|80|0|0|
13|100|96|0|80|0|0|
13|98|0|0|78|0|0|
13|100|96|0|80|0|0|
13|100|0|0|80|0|0|
13|100|96|0|80|0|0|
13|100|0|0|80|0|0|
13|100|0|0|80|0|0|
13|100|96|0|80|0|0|
13|100|96|0|80|0|0|
13|100|96|0|80|0|0|
13|100|96|0|80|0|0|
13|98|96|0|78|0|0|
13|101|0|0|78|0|0|
13|100|0|0|80|0|0|
13|100|0|0|80|0|0|
13|100|96|0|80|0|0|
13|101|0|0|78|0|0|
13|100|96|0|80|0|0|
13|100|0|0|80|0|0|
13|100|0|0|80|0|0|
13|100|96|0|80|0|0|
13|100|96|0|80|0|0|
13|100|192|0|80|0|0|
13|100|0|0|80|0|0|
13|100|0|0|80|0|0|
13|100|96|0|80|0|0|
13|100|0|0|80|0|0|
13|100|0|0|80|0|0|
13|100|96|0|80|0|0|
13|100|96|0|80|0|0|
13|98|96|0|78|0|0|
13|100|0|0|80|0|0|
13|100|0|0|80|0|0|
13|100|0|0|80|0|0|
13|100|96|0|80|0|0|
13|100|0|0|80|0|0|
13|100|0|0|80|0|0|
13|100|0|0|80|0|0|
13|100|96|0|80|0|0|
13|100|0|0|80|0|0|
13|100|0|0|80|0|0|
13|100|96|0|80|0|0|
13|100|0|0|80|0|0|
13|100|0|0|80|0|0|
13|100|96|0|80|0|0|
13|100|96|0|80|0|0|
13|100|96|0|80|0|0|
13|100|0|0|80|0|0|
13|100|96|0|80|0|0|
13|100|0|0|80|0|0|
13|98|96|0|79|0|0|
13|100|96|0|80|0|0|
13|99|0|0|76|0|0|
13|100|0|0|80|0|0|
13|100|0|0|80|0|0|
13|100|96|0|80|0|0|
13|100|96|0|80|0|0|
13|100|0|0|80|0|0|
13|100|0|0|80|0|0|
13|100|96|0|80|0|0|
13|100|96|0|80|0|0|
13|100|96|0|80|0|0|
13|101|0|0|78|0|0|
13|100|96|0|80|0|0|
13|100|0|0|80|0|0|
13|100|96|0|80|0|0|
13|100|96|0|80|0|0|
13|100|96|0|80|0|0|
13|98|0|0|78|0|0|
13|100|96|0|80|0|0|
13|100|0|0|80|0|0|
13|100|96|0|80|0|0|
13|100|0|0|80|0|0|
13|101|0|0|78|0|0|
13|319|192|0|328|0|0|
13|100|0|0|80|0|0|
13|100|0|0|80|0|0|
13|100|0|0|80|0|0|
13|100|96|0|80|0|0|
13|119|0|0|154|0|0|
13|98|0|0|78|0|0|
13|100|96|0|80|0|0|
13|100|0|0|80|0|0|
13|100|0|0|80|0|0|
13|100|0|0|80|0|0|
13|100|0|0|80|0|0|
13|100|96|0|80|0|0|
13|100|0|0|80|0|0|
13|100|0|0|80|0|0|
13|100|0|0|80|0|0|
13|100|96|0|80|0|0|
13|100|0|0|80|0|0|
13|125|0|0|171|0|0|
13|100|0|0|80|0|0|
13|100|0|0|80|0|0|
13|100|96|0|80|0|0|
13|100|96|0|80|0|0|
13|100|0|0|80|0|0|
13|100|96|0|80|0|0|
13|100|96|0|80|0|0|
13|100|96|0|80|0|0|
13|126|96|0|152|0|0|
13|100|96|0|80|0|0|
13|100|96|0|80|0|0|
13|100|0|0|80|0|0|
13|100|96|0|80|0|0|
13|100|96|0|80|0|0|
13|100|0|0|80|0|0|
13|100|0|0|80|0|0|
13|100|0|0|80|0|0|
13|98|96|0|79|0|0|
13|100|0|0|80|0|0|
13|100|0|0|80|0|0|
13|100|0|0|80|0|0|
13|98|96|0|78|0|0|
13|100|0|0|80|0|0|
13|100|0|0|80|0|0|
13|100|96|0|80|0|0|
13|100|0|0|80|0|0|
13|319|192|0|328|0|0|
13|100|96|0|80|0|0|
13|100|96|0|80|0|0|
13|133|0|0|166|0|0|
13|100|0|0|80|0|0|
13|316|96|0|327|0|0|
13|317|96|0|326|0|0|
13|306|192|0|314|0|0|
13|100|96|0|80|0|0|
13|118|96|0|133|0|0|
13|100|96|0|80|0|0|
13|101|0|0|78|0|0|
13|100|96|0|80|0|0|
13|100|0|0|80|0|0|
13|100|0|0|80|0|0|
13|116|0|0|174|0|0|
13|100|0|0|80|0|0|
13|100|96|0|80|0|0|
