INSTRUCTIONS_RETIRED|CYCLES|UNKNOWN|LD_BLOCKS.STORE_FORWARD|UOPS_EXECUTED.CORE|BR_MISP_RETIRED.ALL_BRANCHES|UOPS_ISSUED.SINGLE_MUL|
13|100|192|0|80|0|0|
13|100|0|0|80|0|0|
13|100|0|0|80|0|0|
13|100|96|0|80|0|0|
13|100|0|0|80|0|0|
13|305|288|0|314|0|0|
13|100|96|0|80|0|0|
13|100|0|0|80|0|0|
13|100|0|0|80|0|0|
13|100|96|0|80|0|0|
13|100|96|0|80|0|0|
13|100|0|0|80|0|0|
13|100|96|0|80|0|0|
13|98|96|0|79|0|0|
13|100|0|0|80|0|0|
13|313|192|0|328|0|0|
13|100|96|0|80|0|0|
13|315|96|0|329|0|0|
13|100|0|0|80|0|0|
13|100|0|0|80|0|0|
13|116|96|0|82|0|0|
13|123|0|0|186|0|0|
13|301|96|0|312|0|0|
13|100|96|0|80|0|0|
13|100|96|0|80|0|0|
13|100|96|0|80|0|0|
13|100|96|0|80|0|0|
13|100|96|0|80|0|0|
13|100|96|0|80|0|0|
13|99|0|0|78|0|0|
13|316|96|0|330|0|0|
13|303|192|0|313|0|0|
13|100|0|0|80|0|0|
13|100|96|0|80|0|0|
13|318|96|0|329|0|0|
13|100|0|0|80|0|0|
13|299|192|0|313|0|0|
13|100|96|0|80|0|0|
13|100|0|0|80|0|0|
13|100|192|0|80|0|0|
13|100|0|0|80|0|0|
13|100|0|0|80|0|0|
13|313|192|0|327|0|0|
13|304|96|0|314|0|0|
13|100|0|0|80|0|0|
13|100|0|0|80|0|0|
13|100|0|0|80|0|0|
13|100|96|0|80|0|0|
13|100|96|0|80|0|0|
13|100|96|0|80|0|0|
13|100|96|0|80|0|0|
13|100|96|0|80|0|0|
13|100|0|0|80|0|0|
13|100|0|0|80|0|0|
13|100|96|0|80|0|0|
13|100|0|0|80|0|0|
13|100|0|0|80|0|0|
13|100|96|0|80|0|0|
13|100|192|0|80|0|0|
13|100|96|0|80|0|0|
13|100|96|0|80|0|0|
13|100|96|0|80|0|0|
13|100|96|0|80|0|0|
13|100|96|0|80|0|0|
13|100|0|0|80|0|0|
13|98|96|0|78|0|0|
13|100|0|0|80|0|0|
13|100|96|0|80|0|0|
13|100|96|0|80|0|0|
13|100|96|0|80|0|0|
13|100|96|0|80|0|0|
13|123|96|0|210|0|0|
13|100|0|0|80|0|0|
13|100|0|0|80|0|0|
13|100|96|0|80|0|0|
13|311|192|0|324|0|0|
13|322|192|0|329|0|0|
13|305|192|0|317|0|0|
13|305|96|0|314|0|0|
13|100|0|0|80|0|0|
13|100|0|0|80|0|0|
13|306|192|0|314|0|0|
13|100|0|0|80|0|0|
13|100|0|0|80|0|0|
13|100|96|0|80|0|0|
13|100|96|0|80|0|0|
13|100|0|0|80|0|0|
13|100|0|0|80|0|0|
13|100|0|0|80|0|0|
13|100|96|0|80|0|0|
13|100|0|0|80|0|0|
13|100|96|0|80|0|0|
13|100|0|0|80|0|0|
13|100|96|0|80|0|0|
13|100|0|0|80|0|0|
13|100|0|0|80|0|0|
13|100|96|0|80|0|0|
13|100|96|0|80|0|0|
13|100|0|0|80|0|0|
13|100|0|0|80|0|0|
13|302|96|0|317|0|0|
13|100|0|0|80|0|0|
13|100|0|0|80|0|0|
13|100|96|0|80|0|0|
13|100|0|0|80|0|0|
13|100|96|0|80|0|0|
13|318|288|0|328|0|0|
13|301|288|0|313|0|0|
13|100|0|0|80|0|0|
13|100|0|0|80|0|0|
13|100|96|0|80|0|0|
13|100|0|0|80|0|0|
13|100|0|0|80|0|0|
13|100|96|0|80|0|0|
13|100|0|0|80|0|0|
13|314|192|0|325|0|0|
13|100|96|0|80|0|0|
13|100|96|0|80|0|0|
13|100|0|0|80|0|0|
13|100|0|0|80|0|0|
13|100|0|0|80|0|0|
13|100|0|0|80|0|0|
13|305|192|0|314|0|0|
13|306|96|0|314|0|0|
13|299|96|0|311|0|0|
13|302|96|0|314|0|0|
13|100|96|0|80|0|0|
13|127|96|0|201|0|0|
13|100|96|0|80|0|0|
13|100|0|0|80|0|0|
13|302|192|0|313|0|0|
13|100|0|0|80|0|0|
13|100|96|0|80|0|0|
13|100|0|0|80|0|0|
13|100|0|0|80|0|0|
13|312|96|0|326|0|0|
13|302|96|0|314|0|0|
13|307|192|0|315|0|0|
13|100|96|0|80|0|0|
13|100|96|0|80|0|0|
13|100|0|0|80|0|0|
13|100|96|0|80|0|0|
13|100|0|0|80|0|0|
13|317|192|0|328|0|0|
13|100|96|0|80|0|0|
13|100|0|0|80|0|0|
13|100|96|0|80|0|0|
13|100|0|0|80|0|0|
13|100|96|0|80|0|0|
13|100|96|0|80|0|0|
13|317|96|0|328|0|0|
13|100|96|0|80|0|0|
13|305|192|0|313|0|0|
13|100|0|0|80|0|0|
13|100|96|0|80|0|0|
13|100|0|0|80|0|0|
13|100|96|0|80|0|0|
13|303|192|0|314|0|0|
13|100|96|0|80|0|0|
13|100|0|0|80|0|0|
13|100|96|0|80|0|0|
13|100|0|0|80|0|0|
13|100|96|0|80|0|0|
13|302|96|0|312|0|0|
13|302|192|0|314|0|0|
13|100|96|0|80|0|0|
13|99|96|0|78|0|0|
13|100|0|0|80|0|0|
13|100|96|0|80|0|0|
13|100|96|0|80|0|0|
13|319|192|0|329|0|0|
13|317|96|0|328|0|0|
13|307|192|0|317|0|0|
13|302|192|0|313|0|0|
13|307|192|0|317|0|0|
13|316|192|0|332|0|0|
13|303|96|0|314|0|0|
13|100|96|0|80|0|0|
13|100|96|0|80|0|0|
13|100|96|0|80|0|0|
13|100|0|0|80|0|0|
13|302|192|0|314|0|0|
13|301|192|0|313|0|0|
13|312|192|0|326|0|0|
13|315|96|0|327|0|0|
13|301|192|0|315|0|0|
13|100|96|0|80|0|0|
13|100|0|0|80|0|0|
13|317|192|0|328|0|0|
13|302|96|0|314|0|0|
13|100|0|0|80|0|0|
13|302|192|0|313|0|0|
13|100|0|0|80|0|0|
13|302|96|0|313|0|0|
13|100|0|0|80|0|0|
13|100|96|0|80|0|0|
13|100|0|0|80|0|0|
13|100|192|0|80|0|0|
13|100|96|0|80|0|0|
13|100|96|0|80|0|0|
13|99|0|0|78|0|0|
13|100|0|0|80|0|0|
13|100|0|0|80|0|0|
13|100|96|0|80|0|0|
13|100|96|0|80|0|0|
13|100|0|0|80|0|0|
13|100|0|0|80|0|0|
13|316|192|0|327|0|0|
13|300|96|0|313|0|0|
13|314|96|0|328|0|0|
13|99|0|0|78|0|0|
13|315|192|0|329|0|0|
13|317|192|0|328|0|0|
13|100|96|0|80|0|0|
13|100|0|0|80|0|0|
13|100|96|0|80|0|0|
13|100|96|0|80|0|0|
13|100|0|0|80|0|0|
13|100|0|0|80|0|0|
13|100|0|0|80|0|0|
13|100|96|0|80|0|0|
13|100|0|0|80|0|0|
13|100|96|0|80|0|0|
13|100|96|0|80|0|0|
13|100|96|0|80|0|0|
13|100|0|0|80|0|0|
13|100|0|0|80|0|0|
13|100|96|0|80|0|0|
13|100|96|0|80|0|0|
13|100|0|0|80|0|0|
13|100|0|0|80|0|0|
13|100|0|0|80|0|0|
13|100|0|0|80|0|0|
13|100|0|0|80|0|0|
13|100|0|0|80|0|0|
13|100|96|0|80|0|0|
13|100|96|0|80|0|0|
13|100|96|0|80|0|0|
13|100|0|0|80|0|0|
13|100|0|0|80|0|0|
13|100|192|0|80|0|0|
13|100|0|0|80|0|0|
13|100|96|0|80|0|0|
13|100|0|0|80|0|0|
13|100|96|0|80|0|0|
13|100|0|0|80|0|0|
13|100|96|0|80|0|0|
13|100|0|0|80|0|0|
13|98|0|0|78|0|0|
13|100|0|0|80|0|0|
13|100|96|0|80|0|0|
13|100|96|0|80|0|0|
13|100|96|0|80|0|0|
13|100|96|0|80|0|0|
13|100|96|0|80|0|0|
13|100|0|0|80|0|0|
13|100|0|0|80|0|0|
13|100|96|0|80|0|0|
13|99|0|0|78|0|0|
13|313|96|0|327|0|0|
13|100|96|0|80|0|0|
13|100|0|0|80|0|0|
13|100|0|0|80|0|0|
13|100|0|0|80|0|0|
13|312|96|0|326|0|0|
13|299|192|0|313|0|0|
13|100|96|0|80|0|0|
13|300|192|0|313|0|0|
13|98|96|0|78|0|0|
13|100|96|0|80|0|0|
13|100|96|0|80|0|0|
13|315|192|0|330|0|0|
13|302|192|0|314|0|0|
13|100|96|0|80|0|0|
13|100|0|0|80|0|0|
13|99|96|0|78|0|0|
13|100|0|0|80|0|0|
13|100|96|0|80|0|0|
13|100|96|0|80|0|0|
13|320|288|0|332|0|0|
13|304|96|0|312|0|0|
13|315|192|0|329|0|0|
13|305|192|0|314|0|0|
13|100|96|0|80|0|0|
13|100|0|0|80|0|0|
13|100|0|0|80|0|0|
13|100|96|0|80|0|0|
13|100|0|0|80|0|0|
13|100|192|0|80|0|0|
13|100|96|0|80|0|0|
13|100|0|0|80|0|0|
13|318|96|0|329|0|0|
13|100|0|0|80|0|0|
13|100|0|0|80|0|0|
13|100|96|0|80|0|0|
13|100|96|0|80|0|0|
13|100|96|0|80|0|0|
13|100|0|0|80|0|0|
13|318|192|0|331|0|0|
13|317|192|0|328|0|0|
13|305|192|0|314|0|0|
13|100|96|0|80|0|0|
13|313|192|0|328|0|0|
13|312|192|0|327|0|0|
13|100|0|0|80|0|0|
13|98|0|0|78|0|0|
13|100|0|0|80|0|0|
13|300|96|0|313|0|0|
13|100|96|0|80|0|0|
13|302|96|0|317|0|0|
13|100|96|0|80|0|0|
13|100|0|0|80|0|0|
13|315|96|0|326|0|0|
13|315|192|0|326|0|0|
13|317|192|0|328|0|0|
13|314|192|0|327|0|0|
13|307|192|0|314|0|0|
13|100|96|0|80|0|0|
13|100|96|0|80|0|0|
13|315|192|0|328|0|0|
13|100|0|0|80|0|0|
13|100|96|0|80|0|0|
13|98|0|0|78|0|0|
13|100|0|0|80|0|0|
13|100|192|0|80|0|0|
13|100|0|0|80|0|0|
13|300|192|0|312|0|0|
13|100|0|0|80|0|0|
13|302|192|0|313|0|0|
13|302|96|0|313|0|0|
13|100|96|0|80|0|0|
13|100|0|0|80|0|0|
13|100|96|0|80|0|0|
13|100|0|0|80|0|0|
13|100|0|0|80|0|0|
13|303|192|0|314|0|0|
13|100|96|0|80|0|0|
13|100|0|0|80|0|0|
13|100|0|0|80|0|0|
13|100|0|0|80|0|0|
13|99|0|0|78|0|0|
13|304|96|0|314|0|0|
13|299|288|0|311|0|0|
13|100|96|0|80|0|0|
13|100|0|0|80|0|0|
13|100|0|0|80|0|0|
13|100|96|0|80|0|0|
13|100|0|0|80|0|0|
13|100|96|0|80|0|0|
13|100|96|0|80|0|0|
13|100|192|0|80|0|0|
13|100|0|0|80|0|0|
13|313|192|0|328|0|0|
13|303|192|0|313|0|0|
13|100|0|0|80|0|0|
13|100|0|0|80|0|0|
13|100|96|0|80|0|0|
13|100|0|0|80|0|0|
13|100|0|0|80|0|0|
13|100|96|0|80|0|0|
13|100|0|0|80|0|0|
13|100|96|0|80|0|0|
13|100|0|0|80|0|0|
13|100|96|0|80|0|0|
13|98|96|0|78|0|0|
13|318|192|0|328|0|0|
13|301|288|0|312|0|0|
13|305|192|0|314|0|0|
13|306|192|0|314|0|0|
13|100|96|0|80|0|0|
13|100|0|0|80|0|0|
13|100|0|0|80|0|0|
13|100|96|0|80|0|0|
13|100|0|0|80|0|0|
13|100|96|0|80|0|0|
13|100|96|0|80|0|0|
13|100|0|0|80|0|0|
13|100|0|0|80|0|0|
13|100|192|0|80|0|0|
13|100|0|0|80|0|0|
13|100|96|0|80|0|0|
13|100|192|0|80|0|0|
13|317|192|0|327|0|0|
13|313|96|0|326|0|0|
13|100|0|0|80|0|0|
13|100|96|0|80|0|0|
13|100|0|0|80|0|0|
13|100|96|0|80|0|0|
13|100|192|0|80|0|0|
13|100|192|0|80|0|0|
13|100|0|0|80|0|0|
13|312|192|0|327|0|0|
13|100|0|0|80|0|0|
13|100|96|0|80|0|0|
13|100|96|0|80|0|0|
13|100|96|0|80|0|0|
13|313|192|0|327|0|0|
13|100|0|0|80|0|0|
13|100|96|0|80|0|0|
13|100|96|0|80|0|0|
13|100|96|0|80|0|0|
13|100|96|0|80|0|0|
13|100|96|0|80|0|0|
13|315|192|0|328|0|0|
13|100|96|0|80|0|0|
13|100|0|0|80|0|0|
13|100|0|0|80|0|0|
13|303|192|0|314|0|0|
13|100|0|0|80|0|0|
13|100|96|0|80|0|0|
13|100|0|0|80|0|0|
13|100|192|0|80|0|0|
13|317|192|0|328|0|0|
13|100|0|0|80|0|0|
13|100|192|0|80|0|0|
13|100|0|0|80|0|0|
13|100|96|0|80|0|0|
13|100|96|0|80|0|0|
13|100|96|0|80|0|0|
13|100|0|0|80|0|0|
13|100|0|0|80|0|0|
13|100|96|0|80|0|0|
13|100|0|0|80|0|0|
13|100|0|0|80|0|0|
13|100|0|0|80|0|0|
13|100|96|0|80|0|0|
13|311|192|0|325|0|0|
13|303|192|0|314|0|0|
13|100|0|0|80|0|0|
13|100|0|0|80|0|0|
13|100|96|0|80|0|0|
13|312|96|0|326|0|0|
13|314|288|0|328|0|0|
13|303|96|0|314|0|0|
13|100|96|0|80|0|0|
13|100|96|0|80|0|0|
13|100|96|0|80|0|0|
13|100|0|0|80|0|0|
13|313|96|0|328|0|0|
13|316|192|0|332|0|0|
13|304|96|0|314|0|0|
13|302|96|0|314|0|0|
13|100|96|0|80|0|0|
13|100|96|0|80|0|0|
13|100|96|0|80|0|0|
13|100|0|0|80|0|0|
13|316|192|0|329|0|0|
13|317|192|0|330|0|0|
13|100|96|0|80|0|0|
13|100|0|0|80|0|0|
13|100|0|0|80|0|0|
13|100|96|0|80|0|0|
13|315|96|0|329|0|0|
13|100|96|0|80|0|0|
13|100|0|0|80|0|0|
13|100|192|0|80|0|0|
13|100|0|0|80|0|0|
13|100|0|0|80|0|0|
13|306|288|0|313|0|0|
13|100|0|0|80|0|0|
13|100|0|0|80|0|0|
13|100|0|0|80|0|0|
13|100|96|0|80|0|0|
13|100|96|0|80|0|0|
13|100|96|0|80|0|0|
13|100|0|0|80|0|0|
13|100|192|0|80|0|0|
13|100|96|0|80|0|0|
13|100|192|0|80|0|0|
13|313|192|0|327|0|0|
13|100|192|0|80|0|0|
13|100|0|0|80|0|0|
13|100|96|0|80|0|0|
13|100|0|0|80|0|0|
13|100|96|0|80|0|0|
13|100|96|0|80|0|0|
13|100|0|0|80|0|0|
13|320|96|0|332|0|0|
13|318|96|0|329|0|0|
13|313|192|0|328|0|0|
13|99|96|0|78|0|0|
13|100|0|0|80|0|0|
13|100|0|0|80|0|0|
13|100|96|0|80|0|0|
13|100|0|0|80|0|0|
13|313|96|0|326|0|0|
13|100|96|0|80|0|0|
13|313|288|0|326|0|0|
13|100|96|0|80|0|0|
13|100|96|0|80|0|0|
13|100|0|0|80|0|0|
13|100|96|0|80|0|0|
13|100|0|0|80|0|0|
13|100|0|0|80|0|0|
13|100|0|0|80|0|0|
13|306|96|0|314|0|0|
13|100|96|0|80|0|0|
13|100|0|0|80|0|0|
13|100|96|0|80|0|0|
13|100|0|0|80|0|0|
13|100|96|0|80|0|0|
13|304|192|0|312|0|0|
13|100|96|0|80|0|0|
13|100|0|0|80|0|0|
13|100|0|0|80|0|0|
13|100|0|0|80|0|0|
13|100|96|0|80|0|0|
13|100|96|0|80|0|0|
13|316|96|0|328|0|0|
13|303|96|0|314|0|0|
13|100|96|0|80|0|0|
13|307|192|0|314|0|0|
13|100|96|0|80|0|0|
13|100|0|0|80|0|0|
13|100|96|0|80|0|0|
13|100|0|0|80|0|0|
13|98|96|0|78|0|0|
13|100|0|0|80|0|0|
13|100|0|0|80|0|0|
13|100|96|0|80|0|0|
13|100|0|0|80|0|0|
13|318|288|0|329|0|0|
13|305|288|0|314|0|0|
13|307|96|0|314|0|0|
13|100|96|0|80|0|0|
13|100|0|0|80|0|0|
13|313|192|0|326|0|0|
13|100|192|0|80|0|0|
13|100|0|0|80|0|0|
13|100|0|0|80|0|0|
13|100|96|0|80|0|0|
13|100|0|0|80|0|0|
13|99|0|0|78|0|0|
13|100|0|0|80|0|0|
13|100|0|0|80|0|0|
13|100|96|0|80|0|0|
13|100|96|0|80|0|0|
13|299|192|0|313|0|0|
13|100|96|0|80|0|0|
13|100|0|0|80|0|0|
13|311|96|0|325|0|0|
13|314|192|0|326|0|0|
13|100|0|0|80|0|0|
13|100|96|0|80|0|0|
13|100|0|0|80|0|0|
13|100|96|0|80|0|0|
13|98|96|0|79|0|0|
13|100|0|0|80|0|0|
13|100|96|0|80|0|0|
13|100|96|0|80|0|0|
13|100|0|0|80|0|0|
13|100|96|0|80|0|0|
13|98|96|0|78|0|0|
13|100|0|0|80|0|0|
13|100|0|0|80|0|0|
13|100|0|0|80|0|0|
13|100|96|0|80|0|0|
13|100|96|0|80|0|0|
13|100|0|0|80|0|0|
13|100|0|0|80|0|0|
13|305|192|0|314|0|0|
13|100|96|0|80|0|0|
13|100|0|0|80|0|0|
13|100|96|0|80|0|0|
13|315|96|0|326|0|0|
13|100|96|0|80|0|0|
13|100|96|0|80|0|0|
13|100|0|0|80|0|0|
13|100|96|0|80|0|0|
13|314|96|0|328|0|0|
13|304|192|0|313|0|0|
13|100|96|0|80|0|0|
13|100|96|0|80|0|0|
13|100|96|0|80|0|0|
13|100|0|0|80|0|0|
13|312|96|0|327|0|0|
13|305|192|0|313|0|0|
13|100|96|0|80|0|0|
13|100|0|0|80|0|0|
13|100|192|0|80|0|0|
13|100|0|0|80|0|0|
13|314|192|0|328|0|0|
13|317|192|0|328|0|0|
13|100|0|0|80|0|0|
13|100|0|0|80|0|0|
13|306|96|0|315|0|0|
13|100|192|0|80|0|0|
13|100|96|0|80|0|0|
13|100|0|0|80|0|0|
13|100|0|0|80|0|0|
13|99|0|0|78|0|0|
13|100|0|0|80|0|0|
13|100|0|0|80|0|0|
13|314|96|0|328|0|0|
13|100|96|0|80|0|0|
13|100|0|0|80|0|0|
13|319|192|0|329|0|0|
13|100|96|0|80|0|0|
13|100|0|0|80|0|0|
13|100|0|0|80|0|0|
13|305|96|0|314|0|0|
13|100|0|0|80|0|0|
13|100|0|0|80|0|0|
13|100|96|0|80|0|0|
13|306|192|0|317|0|0|
13|100|0|0|80|0|0|
13|100|96|0|80|0|0|
13|100|96|0|80|0|0|
13|100|0|0|80|0|0|
13|100|192|0|80|0|0|
13|100|0|0|80|0|0|
13|300|96|0|313|0|0|
13|100|0|0|80|0|0|
13|100|96|0|80|0|0|
13|100|96|0|80|0|0|
13|316|192|0|327|0|0|
13|100|0|0|80|0|0|
13|100|0|0|80|0|0|
13|318|192|0|329|0|0|
13|100|96|0|80|0|0|
13|100|96|0|80|0|0|
13|100|0|0|80|0|0|
13|100|96|0|80|0|0|
13|311|192|0|325|0|0|
13|315|96|0|329|0|0|
13|303|192|0|316|0|0|
13|312|192|0|326|0|0|
13|100|0|0|80|0|0|
13|100|0|0|80|0|0|
13|306|96|0|317|0|0|
13|99|0|0|78|0|0|
13|100|0|0|80|0|0|
13|100|0|0|80|0|0|
13|100|0|0|80|0|0|
13|305|96|0|314|0|0|
13|300|96|0|314|0|0|
13|100|96|0|80|0|0|
13|302|96|0|314|0|0|
13|100|0|0|80|0|0|
13|100|0|0|80|0|0|
13|100|0|0|80|0|0|
13|100|96|0|80|0|0|
13|100|96|0|80|0|0|
13|109|96|0|81|0|0|
13|100|0|0|80|0|0|
13|306|96|0|314|0|0|
13|100|192|0|80|0|0|
13|100|96|0|80|0|0|
13|100|0|0|80|0|0|
13|100|192|0|80|0|0|
13|100|0|0|80|0|0|
13|100|0|0|80|0|0|
13|100|96|0|80|0|0|
13|100|0|0|80|0|0|
13|100|0|0|80|0|0|
13|318|96|0|329|0|0|
13|100|0|0|80|0|0|
13|100|0|0|80|0|0|
13|100|0|0|80|0|0|
13|100|0|0|80|0|0|
13|100|0|0|80|0|0|
13|319|96|0|328|0|0|
13|100|0|0|80|0|0|
13|100|0|0|80|0|0|
13|100|96|0|80|0|0|
13|299|192|0|313|0|0|
13|100|192|0|80|0|0|
13|100|96|0|80|0|0|
13|100|96|0|80|0|0|
13|317|96|0|330|0|0|
13|100|96|0|80|0|0|
13|100|96|0|80|0|0|
13|100|96|0|80|0|0|
13|100|96|0|80|0|0|
13|100|0|0|80|0|0|
13|100|96|0|80|0|0|
13|315|96|0|329|0|0|
13|100|0|0|80|0|0|
13|100|96|0|80|0|0|
13|100|0|0|80|0|0|
13|100|0|0|80|0|0|
13|100|96|0|80|0|0|
13|100|96|0|80|0|0|
13|100|96|0|80|0|0|
13|100|96|0|80|0|0|
13|98|0|0|78|0|0|
13|100|96|0|80|0|0|
13|100|0|0|80|0|0|
13|100|96|0|80|0|0|
13|100|96|0|80|0|0|
13|100|96|0|80|0|0|
13|100|192|0|80|0|0|
13|100|0|0|80|0|0|
13|100|0|0|80|0|0|
13|99|0|0|78|0|0|
13|100|0|0|80|0|0|
13|100|96|0|80|0|0|
13|319|96|0|329|0|0|
13|301|192|0|313|0|0|
13|100|96|0|80|0|0|
13|100|0|0|80|0|0|
13|100|96|0|80|0|0|
13|100|96|0|80|0|0|
13|317|192|0|328|0|0|
13|312|192|0|326|0|0|
13|315|192|0|329|0|0|
13|311|192|0|325|0|0|
13|100|96|0|80|0|0|
13|100|0|0|80|0|0|
13|100|192|0|80|0|0|
13|100|96|0|80|0|0|
13|100|0|0|80|0|0|
13|100|96|0|80|0|0|
13|316|96|0|329|0|0|
13|100|0|0|80|0|0|
13|314|96|0|325|0|0|
13|100|96|0|80|0|0|
13|308|96|0|314|0|0|
13|100|192|0|80|0|0|
13|100|96|0|80|0|0|
13|300|192|0|312|0|0|
13|100|96|0|80|0|0|
13|100|192|0|80|0|0|
13|100|0|0|80|0|0|
13|100|96|0|80|0|0|
13|100|96|0|80|0|0|
13|100|0|0|80|0|0|
13|318|96|0|329|0|0|
13|317|192|0|328|0|0|
13|317|192|0|328|0|0|
13|300|96|0|311|0|0|
13|100|0|0|80|0|0|
13|100|0|0|80|0|0|
13|100|96|0|80|0|0|
13|98|0|0|78|0|0|
13|100|0|0|80|0|0|
13|316|192|0|329|0|0|
13|318|96|0|328|0|0|
13|318|96|0|330|0|0|
13|100|96|0|80|0|0|
13|100|96|0|80|0|0|
13|100|0|0|80|0|0|
13|100|192|0|80|0|0|
13|100|0|0|80|0|0|
13|100|0|0|80|0|0|
13|305|192|0|313|0|0|
13|302|96|0|313|0|0|
13|301|192|0|313|0|0|
13|100|0|0|80|0|0|
13|100|96|0|80|0|0|
13|100|96|0|80|0|0|
13|100|0|0|80|0|0|
13|100|96|0|80|0|0|
13|100|0|0|80|0|0|
13|100|0|0|80|0|0|
13|100|0|0|80|0|0|
13|100|96|0|80|0|0|
13|100|0|0|80|0|0|
13|100|0|0|80|0|0|
13|100|96|0|80|0|0|
13|312|192|0|326|0|0|
13|306|192|0|314|0|0|
13|100|96|0|80|0|0|
13|100|0|0|80|0|0|
13|315|288|0|329|0|0|
13|100|0|0|80|0|0|
13|100|0|0|80|0|0|
13|100|96|0|80|0|0|
13|100|96|0|80|0|0|
13|98|0|0|78|0|0|
13|98|0|0|78|0|0|
13|100|0|0|80|0|0|
13|100|96|0|80|0|0|
13|100|96|0|80|0|0|
13|100|0|0|80|0|0|
13|318|192|0|329|0|0|
13|304|96|0|313|0|0|
13|100|0|0|80|0|0|
13|98|96|0|78|0|0|
13|99|96|0|78|0|0|
13|319|192|0|329|0|0|
13|308|192|0|314|0|0|
13|100|96|0|80|0|0|
13|100|96|0|80|0|0|
13|100|0|0|80|0|0|
13|316|96|0|328|0|0|
13|305|96|0|314|0|0|
13|300|192|0|312|0|0|
13|100|192|0|80|0|0|
13|100|192|0|80|0|0|
13|100|0|0|80|0|0|
13|300|96|0|312|0|0|
13|302|192|0|312|0|0|
13|305|192|0|314|0|0|
13|100|96|0|80|0|0|
13|100|96|0|80|0|0|
13|100|96|0|80|0|0|
13|100|0|0|80|0|0|
13|100|96|0|80|0|0|
13|100|96|0|80|0|0|
13|301|192|0|312|0|0|
13|317|96|0|327|0|0|
13|314|192|0|329|0|0|
13|100|96|0|80|0|0|
13|100|96|0|80|0|0|
13|100|96|0|80|0|0|
13|100|0|0|80|0|0|
13|100|96|0|80|0|0|
13|100|0|0|80|0|0|
13|107|0|0|80|0|0|
13|100|0|0|80|0|0|
13|100|96|0|80|0|0|
13|100|96|0|80|0|0|
13|310|96|0|324|0|0|
13|306|192|0|314|0|0|
13|313|192|0|327|0|0|
13|307|192|0|314|0|0|
13|301|192|0|313|0|0|
13|100|0|0|80|0|0|
13|100|0|0|80|0|0|
13|100|96|0|80|0|0|
13|100|0|0|80|0|0|
13|100|0|0|80|0|0|
13|100|192|0|80|0|0|
13|100|0|0|80|0|0|
13|100|0|0|80|0|0|
13|311|96|0|325|0|0|
13|318|192|0|328|0|0|
13|100|96|0|80|0|0|
13|100|0|0|80|0|0|
13|100|0|0|80|0|0|
13|311|192|0|325|0|0|
13|100|96|0|80|0|0|
13|301|192|0|313|0|0|
13|100|0|0|80|0|0|
13|100|96|0|80|0|0|
13|98|96|0|78|0|0|
13|99|0|0|78|0|0|
13|100|96|0|80|0|0|
13|100|0|0|80|0|0|
13|100|0|0|80|0|0|
13|318|96|0|329|0|0|
13|100|96|0|80|0|0|
13|99|0|0|78|0|0|
13|98|0|0|78|0|0|
13|320|192|0|332|0|0|
13|304|192|0|317|0|0|
13|100|96|0|80|0|0|
13|100|0|0|80|0|0|
13|100|96|0|80|0|0|
13|100|0|0|80|0|0|
13|100|0|0|80|0|0|
13|305|96|0|314|0|0|
13|99|96|0|78|0|0|
13|100|0|0|80|0|0|
13|100|96|0|80|0|0|
13|100|96|0|80|0|0|
13|100|0|0|80|0|0|
13|100|96|0|80|0|0|
13|100|0|0|80|0|0|
13|100|0|0|80|0|0|
13|100|0|0|80|0|0|
13|98|0|0|78|0|0|
13|100|0|0|80|0|0|
13|100|96|0|80|0|0|
13|100|0|0|80|0|0|
13|100|0|0|80|0|0|
13|318|96|0|328|0|0|
13|301|192|0|312|0|0|
13|100|0|0|80|0|0|
13|100|0|0|80|0|0|
13|100|0|0|80|0|0|
13|100|96|0|80|0|0|
13|98|0|0|78|0|0|
13|100|0|0|80|0|0|
13|303|96|0|314|0|0|
13|305|96|0|314|0|0|
13|306|192|0|314|0|0|
13|300|192|0|311|0|0|
13|100|0|0|80|0|0|
13|100|0|0|80|0|0|
13|100|96|0|80|0|0|
13|100|0|0|80|0|0|
13|100|96|0|80|0|0|
13|100|96|0|80|0|0|
13|100|0|0|80|0|0|
13|100|96|0|80|0|0|
13|100|96|0|80|0|0|
13|100|0|0|80|0|0|
13|100|0|0|80|0|0|
13|100|96|0|80|0|0|
13|100|0|0|80|0|0|
13|316|96|0|327|0|0|
13|100|0|0|80|0|0|
13|100|96|0|80|0|0|
13|100|96|0|80|0|0|
13|100|0|0|80|0|0|
13|100|96|0|80|0|0|
13|100|96|0|80|0|0|
13|100|96|0|80|0|0|
13|100|96|0|80|0|0|
13|303|192|0|314|0|0|
13|98|96|0|78|0|0|
13|100|96|0|80|0|0|
13|100|0|0|80|0|0|
13|100|96|0|80|0|0|
13|100|0|0|80|0|0|
13|100|96|0|80|0|0|
13|100|96|0|80|0|0|
13|319|96|0|331|0|0|
13|314|192|0|326|0|0|
13|306|96|0|314|0|0|
13|100|96|0|80|0|0|
13|100|96|0|80|0|0|
13|100|96|0|80|0|0|
13|100|96|0|80|0|0|
13|100|0|0|80|0|0|
13|100|96|0|80|0|0|
13|319|192|0|329|0|0|
13|100|0|0|80|0|0|
13|100|96|0|80|0|0|
13|100|0|0|80|0|0|
13|303|192|0|314|0|0|
13|100|96|0|80|0|0|
13|100|96|0|80|0|0|
13|100|96|0|80|0|0|
13|100|96|0|80|0|0|
13|100|96|0|80|0|0|
13|100|96|0|80|0|0|
13|100|0|0|80|0|0|
13|100|96|0|80|0|0|
13|303|192|0|313|0|0|
13|100|96|0|80|0|0|
13|100|96|0|80|0|0|
13|100|96|0|80|0|0|
13|315|288|0|329|0|0|
13|99|0|0|78|0|0|
13|100|96|0|80|0|0|
13|100|0|0|80|0|0|
13|100|96|0|80|0|0|
13|100|96|0|80|0|0|
13|100|96|0|80|0|0|
13|100|192|0|80|0|0|
13|100|0|0|80|0|0|
13|100|0|0|80|0|0|
13|314|192|0|328|0|0|
13|304|288|0|313|0|0|
13|100|192|0|80|0|0|
13|100|0|0|80|0|0|
13|305|192|0|314|0|0|
13|302|96|0|313|0|0|
13|303|96|0|313|0|0|
13|100|96|0|80|0|0|
13|100|0|0|80|0|0|
13|100|0|0|80|0|0|
13|100|0|0|80|0|0|
13|100|0|0|80|0|0|
13|100|96|0|80|0|0|
13|100|0|0|80|0|0|
13|100|0|0|80|0|0|
13|100|96|0|80|0|0|
13|100|0|0|80|0|0|
13|307|96|0|317|0|0|
13|100|96|0|80|0|0|
13|100|0|0|80|0|0|
13|100|96|0|80|0|0|
13|100|0|0|80|0|0|
13|100|0|0|80|0|0|
13|100|96|0|80|0|0|
13|304|288|0|314|0|0|
13|302|96|0|314|0|0|
13|100|192|0|80|0|0|
13|100|0|0|80|0|0|
13|100|96|0|80|0|0|
13|100|0|0|80|0|0|
13|317|96|0|328|0|0|
13|523|288|0|174|0|0|
13|100|0|0|80|0|0|
13|100|96|0|80|0|0|
13|100|96|0|80|0|0|
13|100|0|0|80|0|0|
13|100|96|0|80|0|0|
13|100|96|0|80|0|0|
13|100|96|0|80|0|0|
13|100|0|0|80|0|0|
13|100|0|0|80|0|0|
13|100|96|0|80|0|0|
13|316|96|0|330|0|0|
13|100|96|0|80|0|0|
13|100|96|0|80|0|0|
13|100|96|0|80|0|0|
13|100|0|0|80|0|0|
13|100|0|0|80|0|0|
13|100|0|0|80|0|0|
13|100|0|0|80|0|0|
13|304|192|0|314|0|0|
13|317|192|0|328|0|0|
13|100|96|0|80|0|0|
13|100|0|0|80|0|0|
13|100|96|0|80|0|0|
