INSTRUCTIONS_RETIRED|CYCLES|UNKNOWN|LD_BLOCKS.STORE_FORWARD|UOPS_EXECUTED.CORE|BR_MISP_RETIRED.ALL_BRANCHES|UOPS_ISSUED.SLOW_LEA|
14|377|216|0|2312|6|10|
14|343|216|0|2309|6|10|
14|377|324|0|2313|6|10|
14|380|324|0|2314|6|10|
14|348|324|0|2318|6|10|
14|416|216|0|2372|7|10|
14|392|216|0|2310|6|10|
14|383|216|0|2319|6|10|
14|375|324|0|2309|6|10|
14|375|216|0|2315|6|10|
14|383|216|0|2315|6|10|
14|353|216|0|2337|7|10|
14|359|216|0|2308|6|10|
14|378|216|0|2319|6|10|
14|375|216|0|2583|6|10|
14|345|216|0|2955|6|5|
14|390|216|0|2310|6|10|
14|376|324|0|2310|6|10|
14|380|216|0|2329|6|10|
14|361|216|0|2312|6|10|
14|373|216|0|2310|6|10|
14|384|216|0|2319|6|10|
14|373|216|0|2317|6|10|
14|386|324|0|2308|6|10|
14|386|216|0|2310|6|10|
14|387|216|0|2309|6|10|
14|384|216|0|2311|6|10|
14|376|216|0|2313|6|10|
14|387|216|0|2320|6|10|
14|357|324|0|2308|6|10|
14|393|324|0|2309|6|10|
14|388|216|0|2311|6|10|
14|374|216|0|2310|6|10|
14|380|216|0|2312|6|10|
14|363|324|0|2312|6|10|
14|362|216|0|2309|6|10|
14|389|324|0|2310|6|10|
14|376|324|0|2309|6|10|
14|379|216|0|2307|6|10|
14|377|216|0|2311|6|10|
14|376|324|0|2311|6|10|
14|382|216|0|2310|6|10|
14|360|324|0|2312|6|10|
14|379|324|0|2809|6|11|
14|387|216|0|2310|6|10|
14|362|216|0|2313|6|10|
14|358|324|0|2311|6|10|
14|424|216|0|2309|6|10|
14|380|216|0|2313|6|10|
14|380|324|0|2308|6|10|
14|375|216|0|2310|6|10|
14|365|216|0|2311|6|10|
14|347|108|0|2309|6|10|
14|382|216|0|2310|6|10|
14|385|324|0|2990|6|7|
14|432|324|0|2522|6|9|
14|380|324|0|2313|6|10|
14|346|324|0|2311|6|10|
14|383|324|0|2304|6|10|
14|392|216|0|2311|6|10|
14|370|216|0|2319|6|10|
14|406|216|0|3481|6|7|
14|375|216|0|2311|6|10|
14|347|216|0|2308|6|10|
14|390|216|0|2313|6|10|
14|382|324|0|2314|6|10|
14|378|324|0|2311|6|10|
14|379|216|0|2317|6|10|
14|374|216|0|2316|6|10|
14|365|216|0|2317|6|10|
14|352|108|0|2310|6|10|
14|387|216|0|2309|6|10|
14|375|216|0|2319|6|10|
14|391|324|0|2311|6|10|
14|363|108|0|2321|6|10|
14|375|216|0|2311|6|10|
14|386|216|0|2310|6|10|
14|381|324|0|2308|6|10|
14|386|324|0|2309|6|10|
14|382|216|0|2310|6|10|
14|390|216|0|2310|6|10|
14|378|216|0|2317|6|10|
14|385|324|0|2308|6|10|
14|364|216|0|2838|6|14|
14|958|756|0|2310|6|10|
14|351|216|0|2313|6|10|
14|374|324|0|2311|6|10|
14|373|216|0|2308|6|10|
14|350|324|0|2311|6|10|
14|388|324|0|2310|6|10|
14|443|216|0|2311|6|10|
14|363|108|0|2318|6|10|
14|353|216|0|2316|6|10|
14|355|216|0|2311|6|10|
14|379|324|0|2312|6|10|
14|378|216|0|2312|6|10|
14|380|216|0|2320|6|10|
14|779|432|0|2310|6|10|
14|376|216|0|2331|7|10|
14|370|216|0|2310|6|10|
14|390|216|0|2319|6|10|
14|383|216|0|2312|6|10|
14|387|216|0|2307|6|10|
14|365|324|0|4553|6|20|
14|371|216|0|2310|6|10|
14|380|216|0|2320|6|10|
14|360|108|0|2312|6|10|
14|386|216|0|2315|6|10|
14|390|216|0|2312|6|10|
14|383|216|0|2326|7|10|
14|368|216|0|2310|6|10|
14|371|216|0|2311|6|10|
14|367|216|0|2311|6|10|
14|382|216|0|2311|6|10|
14|387|216|0|2313|6|10|
14|378|216|0|2319|6|10|
14|378|324|0|2311|6|10|
14|370|108|0|2313|6|10|
14|366|216|0|2307|6|10|
14|378|216|0|2312|6|10|
14|380|216|0|2312|6|10|
14|1371|972|0|2309|6|10|
14|385|216|0|2312|6|10|
14|418|216|0|2796|6|10|
14|795|648|0|2311|6|10|
14|389|324|0|3758|6|15|
14|363|324|0|2313|6|10|
14|383|216|0|2316|6|10|
14|1208|756|0|2310|6|10|
14|360|216|0|2318|6|10|
14|386|216|0|2310|6|10|
14|357|324|0|2313|6|10|
14|384|216|0|2311|6|10|
14|372|216|0|2312|6|10|
14|378|216|0|2312|6|10|
14|389|216|0|2313|6|10|
14|348|324|0|2310|6|10|
14|374|324|0|2312|6|10|
14|371|324|0|2310|6|10|
14|372|108|0|2312|6|10|
14|355|216|0|2313|6|10|
14|371|324|0|2310|6|10|
14|385|216|0|2310|6|10|
14|379|324|0|2319|6|10|
14|394|216|0|2314|6|10|
14|386|216|0|2321|6|10|
14|371|216|0|2317|6|10|
14|352|324|0|2313|6|10|
14|368|108|0|2314|6|10|
14|382|324|0|2322|6|10|
14|379|216|0|2318|6|10|
14|376|216|0|2314|6|10|
14|378|216|0|2314|6|10|
14|379|216|0|2309|6|10|
14|380|216|0|2318|6|10|
14|361|216|0|2309|6|10|
14|366|216|0|2903|6|12|
14|389|216|0|2312|6|10|
14|417|324|0|2313|6|10|
14|374|216|0|2311|6|10|
14|389|216|0|2311|6|10|
14|1245|756|0|2308|6|10|
14|378|216|0|2316|6|10|
14|378|216|0|2313|6|10|
14|385|324|0|2310|6|10|
14|375|324|0|2312|6|10|
14|367|216|0|2312|6|10|
14|388|324|0|2311|6|10|
14|389|216|0|2314|6|10|
14|391|324|0|2308|6|10|
14|374|216|0|2310|6|10|
14|354|216|0|2310|6|10|
14|371|216|0|2312|6|10|
14|371|216|0|2319|6|10|
14|374|216|0|2311|6|10|
14|374|108|0|2310|6|10|
14|387|216|0|2316|6|10|
14|374|216|0|2314|6|10|
14|389|324|0|2317|6|10|
14|386|216|0|6569|7|33|
14|402|216|0|5909|6|14|
14|389|216|0|3258|6|9|
14|389|324|0|2309|6|10|
14|371|108|0|2314|6|10|
14|386|216|0|2311|6|10|
14|372|324|0|2310|6|10|
14|382|324|0|2311|6|10|
14|496|216|0|2312|6|10|
14|387|324|0|2309|6|10|
14|375|216|0|2309|6|10|
14|595|432|0|3169|6|15|
14|386|324|0|2314|6|10|
14|358|216|0|2311|6|10|
14|391|216|0|2308|6|10|
14|410|324|0|2311|6|10|
14|346|324|0|2313|6|10|
14|376|324|0|2309|6|10|
14|356|216|0|2312|6|10|
14|388|324|0|2311|6|10|
14|375|216|0|2312|6|10|
14|372|324|0|2310|6|10|
14|343|216|0|2313|6|10|
14|425|324|0|2311|6|10|
14|405|216|0|2311|6|10|
14|376|324|0|2312|6|10|
14|362|216|0|2312|6|10|
14|455|324|0|2310|6|10|
14|380|216|0|2312|6|10|
14|1371|864|0|3717|6|12|
14|377|324|0|2663|6|9|
14|406|216|0|2649|6|6|
14|357|216|0|2312|6|10|
14|368|216|0|2311|6|10|
14|357|216|0|2311|6|10|
14|388|216|0|2311|6|10|
14|381|216|0|2304|6|10|
14|383|216|0|2309|6|10|
14|385|324|0|2311|6|10|
14|383|216|0|2312|6|10|
14|373|216|0|2312|6|10|
14|385|216|0|2311|6|10|
14|383|324|0|2311|6|10|
14|357|216|0|2312|6|10|
14|380|216|0|2313|6|10|
14|359|216|0|2309|6|10|
14|350|324|0|2310|6|10|
14|1252|756|0|2318|6|10|
14|407|216|0|2947|6|8|
14|389|216|0|2313|6|10|
14|386|324|0|2310|6|10|
14|375|216|0|2312|6|10|
14|378|216|0|2309|6|10|
14|371|216|0|2311|6|10|
14|380|324|0|2311|6|10|
14|372|216|0|2310|6|10|
14|391|324|0|2311|6|10|
14|356|216|0|2312|6|10|
14|365|216|0|2313|6|10|
14|501|324|0|3132|6|9|
14|384|216|0|2308|6|10|
14|351|108|0|2316|6|10|
14|385|216|0|2317|6|10|
14|374|324|0|2360|7|10|
14|387|216|0|2310|6|10|
14|345|324|0|2311|6|10|
14|384|216|0|2312|6|10|
14|423|432|0|2823|6|15|
14|370|216|0|2311|6|10|
14|868|432|0|2311|6|10|
14|389|216|0|2310|6|10|
14|379|216|0|2316|6|10|
14|379|216|0|2310|6|10|
14|384|216|0|2310|6|10|
14|379|216|0|2313|6|10|
14|374|216|0|2311|6|10|
14|379|216|0|2313|6|10|
14|360|216|0|2311|6|10|
14|353|324|0|2309|6|10|
14|367|324|0|3615|6|11|
14|378|324|0|2313|6|10|
14|378|216|0|2311|6|10|
14|389|216|0|2311|6|10|
14|375|324|0|2309|6|10|
14|384|216|0|2312|6|10|
14|383|216|0|2307|6|10|
14|381|216|0|2315|6|10|
14|390|324|0|2310|6|10|
14|380|216|0|2311|6|10|
14|384|216|0|2311|6|10|
14|388|216|0|2313|6|10|
14|390|324|0|2310|6|10|
14|379|216|0|2317|6|10|
14|385|216|0|2316|6|10|
14|374|216|0|2310|6|10|
14|383|216|0|2309|6|10|
14|353|216|0|2309|6|10|
14|388|324|0|2308|6|10|
14|381|324|0|2310|6|10|
14|376|324|0|2307|6|10|
14|389|216|0|2312|6|10|
14|349|108|0|2311|6|10|
14|418|216|0|2312|6|10|
14|385|216|0|2308|6|10|
14|387|216|0|2308|6|10|
14|383|324|0|2315|6|10|
14|371|324|0|2312|6|10|
14|382|216|0|2312|6|10|
14|375|324|0|2312|6|10|
14|371|216|0|2312|6|10|
14|374|216|0|2314|6|10|
14|379|324|0|2312|6|10|
14|373|216|0|2313|6|10|
14|1767|1188|0|2312|6|10|
14|347|216|0|2311|6|10|
14|355|108|0|2314|6|10|
14|372|324|0|2313|6|10|
14|388|324|0|2317|6|10|
14|363|324|0|2313|6|10|
14|387|216|0|2310|6|10|
14|385|216|0|2310|6|10|
14|1031|540|0|2318|6|10|
14|385|216|0|2318|6|10|
14|372|108|0|2313|6|10|
14|386|216|0|2309|6|10|
14|372|324|0|2311|6|10|
14|379|108|0|2310|6|10|
14|375|216|0|2311|6|10|
14|381|324|0|2311|6|10|
14|385|324|0|2314|6|10|
14|382|216|0|2310|6|10|
14|1833|1188|0|2312|6|10|
14|395|216|0|2312|6|10|
14|387|324|0|2310|6|10|
14|392|216|0|2311|6|10|
14|392|216|0|2312|6|10|
14|392|324|0|2306|6|10|
14|390|216|0|2313|6|10|
14|376|324|0|2309|6|10|
14|389|216|0|2311|6|10|
14|379|216|0|2309|6|10|
14|380|216|0|2311|6|10|
14|350|216|0|2311|6|10|
14|352|216|0|2310|6|10|
14|353|216|0|2312|6|10|
14|356|216|0|2309|6|10|
14|381|324|0|2311|6|10|
14|364|324|0|2313|6|10|
14|394|216|0|2318|6|10|
14|379|216|0|2317|6|10|
14|379|216|0|2311|6|10|
14|388|216|0|2312|6|10|
14|356|324|0|2310|6|10|
14|388|216|0|2314|6|10|
14|381|324|0|2308|6|10|
14|391|216|0|2327|6|10|
14|387|324|0|2316|6|10|
14|355|216|0|2311|6|10|
14|387|216|0|2325|6|10|
14|377|216|0|2312|6|10|
14|389|216|0|2312|6|10|
14|385|216|0|2310|6|10|
14|391|216|0|2318|6|10|
14|381|216|0|2319|6|10|
14|386|216|0|2311|6|10|
14|385|324|0|2309|6|10|
14|390|216|0|2309|6|10|
14|392|324|0|2309|6|10|
14|385|216|0|2313|6|10|
14|390|216|0|2314|6|10|
14|389|216|0|2309|6|10|
14|367|216|0|2313|6|10|
14|381|324|0|2310|6|10|
14|365|324|0|2310|6|10|
14|387|216|0|2312|6|10|
14|433|216|0|6381|6|34|
14|386|324|0|2312|6|10|
14|384|216|0|2310|6|10|
14|363|324|0|2307|6|10|
14|389|216|0|2311|6|10|
14|390|216|0|2311|6|10|
14|387|216|0|2318|6|10|
14|385|324|0|2309|6|10|
14|385|216|0|2311|6|10|
14|381|216|0|2312|6|10|
14|382|216|0|2312|6|10|
14|389|216|0|2308|6|10|
14|380|216|0|2310|6|10|
14|385|324|0|2307|6|10|
14|381|216|0|2312|6|10|
14|389|324|0|2311|6|10|
14|393|216|0|2316|6|10|
14|374|324|0|2309|6|10|
14|390|324|0|2308|6|10|
14|391|324|0|2312|6|10|
14|387|216|0|2313|6|10|
14|380|216|0|2311|6|10|
14|384|324|0|2313|6|10|
14|381|216|0|2312|6|10|
14|382|216|0|2312|6|10|
14|378|216|0|2310|6|10|
14|388|108|0|2308|6|10|
14|1384|864|0|2313|6|10|
14|1254|864|0|2313|6|10|
14|390|216|0|2313|6|10|
14|399|216|0|3927|6|7|
14|388|324|0|2311|6|10|
14|380|324|0|2313|6|10|
14|509|324|0|2314|6|10|
14|394|216|0|2314|6|10|
14|384|216|0|2310|6|10|
14|386|324|0|2308|6|10|
14|384|324|0|2309|6|10|
14|378|216|0|2309|6|10|
14|374|324|0|2309|6|10|
14|384|216|0|2311|6|10|
14|382|216|0|2318|6|10|
14|391|216|0|2312|6|10|
14|387|216|0|2321|6|10|
14|387|216|0|2309|6|10|
14|389|216|0|2317|6|10|
14|358|216|0|2309|6|10|
14|382|324|0|2320|6|10|
14|388|216|0|2312|6|10|
14|377|216|0|2317|6|10|
14|1826|1188|0|2312|6|10|
14|377|108|0|2313|6|10|
14|356|324|0|2308|6|10|
14|387|216|0|2309|6|10|
14|391|216|0|2313|6|10|
14|388|216|0|2313|6|10|
14|366|108|0|2313|6|10|
14|371|216|0|3599|7|7|
14|408|216|0|4990|7|9|
14|385|216|0|2316|6|10|
14|351|216|0|2310|6|10|
14|461|216|0|2310|6|10|
14|417|324|0|3268|6|7|
14|387|324|0|2311|6|10|
14|378|216|0|2307|6|10|
14|389|216|0|2311|6|10|
14|365|324|0|2307|6|10|
14|377|216|0|2314|6|10|
14|390|216|0|2316|6|10|
14|1829|1080|0|2313|6|10|
14|358|324|0|2309|6|10|
14|383|216|0|2311|6|10|
14|388|216|0|2310|6|10|
14|384|216|0|2308|6|10|
14|389|324|0|2311|6|10|
14|379|324|0|2311|6|10|
14|384|216|0|2320|6|10|
14|377|216|0|2308|6|10|
14|360|108|0|2317|6|10|
14|395|216|0|2335|7|10|
14|363|324|0|2308|6|10|
14|381|108|0|2312|6|10|
14|397|324|0|2311|6|10|
14|389|324|0|2312|6|10|
14|365|216|0|2310|6|10|
14|389|216|0|2310|6|10|
14|376|216|0|2310|6|10|
14|411|324|0|2321|6|10|
14|365|216|0|2310|6|10|
14|378|216|0|2314|6|10|
14|353|108|0|2309|6|10|
14|383|216|0|2306|6|10|
14|394|216|0|2313|6|10|
14|364|216|0|2309|6|10|
14|364|324|0|2312|6|10|
14|374|216|0|2311|6|10|
14|381|216|0|2309|6|10|
14|378|216|0|2311|6|10|
14|384|216|0|2309|6|10|
14|384|324|0|2316|6|10|
14|374|324|0|2311|6|10|
14|389|216|0|2307|6|10|
14|386|216|0|2317|6|10|
14|394|216|0|2311|6|10|
14|353|216|0|2310|6|10|
14|387|216|0|2317|6|10|
14|382|216|0|2309|6|10|
14|387|324|0|2311|6|10|
14|390|216|0|2312|6|10|
14|387|324|0|2310|6|10|
14|389|216|0|2311|6|10|
14|520|432|0|2311|6|10|
14|352|324|0|2311|6|10|
14|380|216|0|2308|6|10|
14|381|216|0|2313|6|10|
14|382|216|0|2314|6|10|
14|389|324|0|2311|6|10|
14|383|216|0|2311|6|10|
14|480|324|0|2312|6|10|
14|384|216|0|2308|6|10|
14|389|216|0|2309|6|10|
14|387|324|0|2315|6|10|
14|392|216|0|2328|7|10|
14|388|216|0|2316|6|10|
14|390|216|0|2319|6|10|
14|370|216|0|2314|6|10|
14|406|324|0|2310|6|10|
14|360|216|0|2318|6|10|
14|382|324|0|2312|6|10|
14|379|216|0|2315|6|10|
14|384|216|0|2312|6|10|
14|385|216|0|2310|6|10|
14|390|216|0|2314|6|10|
14|385|216|0|2313|6|10|
14|378|216|0|2313|6|10|
14|382|324|0|2312|6|10|
14|378|324|0|2312|6|10|
14|358|216|0|2310|6|10|
14|375|216|0|2312|6|10|
14|390|216|0|2313|6|10|
14|377|324|0|2309|6|10|
14|389|324|0|2310|6|10|
14|385|216|0|2308|6|10|
14|379|216|0|2312|6|10|
14|389|216|0|2310|6|10|
14|382|324|0|2313|6|10|
14|394|216|0|2312|6|10|
14|395|216|0|2318|6|10|
14|378|216|0|2310|6|10|
14|382|216|0|2317|6|10|
14|384|324|0|2309|6|10|
14|366|108|0|2314|6|10|
14|387|216|0|2309|6|10|
14|386|216|0|2311|6|10|
14|396|324|0|2308|6|10|
14|358|216|0|2315|6|10|
14|452|216|0|2920|6|9|
14|350|216|0|2311|6|10|
14|413|216|0|3807|6|11|
14|348|108|0|2312|6|10|
14|363|324|0|2312|6|10|
14|381|216|0|2310|6|10|
14|381|324|0|2308|6|10|
14|392|324|0|2309|6|10|
14|377|324|0|2312|6|10|
14|385|216|0|2312|6|10|
14|399|216|0|2311|6|10|
14|378|324|0|2321|6|10|
14|392|216|0|2314|6|10|
14|380|216|0|2309|6|10|
14|390|324|0|2312|6|10|
14|394|324|0|2312|6|10|
14|394|216|0|2311|6|10|
14|386|216|0|2311|6|10|
14|387|216|0|2313|6|10|
14|397|324|0|2311|6|10|
14|382|216|0|2314|6|10|
14|391|216|0|2311|6|10|
14|379|216|0|2311|6|10|
14|382|324|0|2311|6|10|
14|381|324|0|2313|6|10|
14|377|216|0|2309|6|10|
14|397|216|0|2312|6|10|
14|382|108|0|2312|6|10|
14|356|324|0|2309|6|10|
14|374|324|0|2310|6|10|
14|351|108|0|2312|6|10|
14|376|324|0|2312|6|10|
14|362|216|0|2310|6|10|
14|348|216|0|2312|6|10|
14|545|432|0|2311|6|10|
14|415|324|0|2311|6|10|
14|382|216|0|2311|6|10|
14|383|216|0|2314|6|10|
14|381|216|0|2310|6|10|
14|392|216|0|2309|6|10|
14|378|324|0|2310|6|10|
14|389|216|0|2310|6|10|
14|379|216|0|2310|6|10|
14|377|216|0|2312|6|10|
14|387|324|0|2310|6|10|
14|392|216|0|2312|6|10|
14|393|324|0|2310|6|10|
14|391|216|0|2312|6|10|
14|388|324|0|2308|6|10|
14|391|216|0|2316|6|10|
14|358|108|0|2313|6|10|
14|391|216|0|2309|6|10|
14|777|432|0|2313|6|10|
14|411|216|0|2308|6|10|
14|379|216|0|2312|6|10|
14|396|324|0|2311|6|10|
14|388|216|0|2310|6|10|
14|355|324|0|2311|6|10|
14|383|216|0|2312|6|10|
14|377|324|0|2316|6|10|
14|380|216|0|2311|6|10|
14|431|324|0|2319|6|10|
14|385|216|0|2313|6|10|
14|377|108|0|2309|6|10|
14|384|324|0|2311|6|10|
14|353|324|0|2309|6|10|
14|389|216|0|2312|6|10|
14|386|324|0|2313|6|10|
14|387|216|0|2309|6|10|
14|389|216|0|2313|6|10|
14|377|216|0|2312|6|10|
14|376|216|0|2311|6|10|
14|357|324|0|2316|6|10|
14|380|324|0|2312|6|10|
14|383|216|0|2310|6|10|
14|387|216|0|2312|6|10|
14|383|216|0|2309|6|10|
14|404|324|0|2310|6|10|
14|395|324|0|2311|6|10|
14|378|216|0|2312|6|10|
14|381|216|0|2327|7|10|
14|382|216|0|2311|6|10|
14|386|216|0|2311|6|10|
14|360|216|0|2315|6|10|
14|392|216|0|2311|6|10|
14|392|216|0|2311|6|10|
14|385|216|0|2313|6|10|
14|390|216|0|2310|6|10|
14|353|108|0|2315|6|10|
14|387|324|0|2310|6|10|
14|392|324|0|2313|6|10|
14|392|324|0|2311|6|10|
14|390|216|0|2312|6|10|
14|383|216|0|2312|6|10|
14|369|216|0|2304|6|10|
14|384|216|0|2314|6|10|
14|380|216|0|2320|6|10|
14|379|216|0|2310|6|10|
14|360|216|0|2311|6|10|
14|383|324|0|2312|6|10|
14|380|216|0|2317|6|10|
14|380|216|0|2309|6|10|
14|379|216|0|2312|6|10|
14|382|108|0|2312|6|10|
14|364|108|0|2309|6|10|
14|375|216|0|2311|6|10|
14|388|216|0|2310|6|10|
14|379|216|0|2311|6|10|
14|394|324|0|2310|6|10|
14|386|216|0|2308|6|10|
14|382|216|0|2311|6|10|
14|394|216|0|2314|6|10|
14|382|216|0|2313|6|10|
14|390|216|0|2317|6|10|
14|375|216|0|2310|6|10|
14|1214|756|0|2313|6|10|
14|393|216|0|2312|6|10|
14|372|216|0|2318|6|10|
14|392|216|0|2308|6|10|
14|382|216|0|2313|6|10|
14|375|216|0|2316|6|10|
14|1055|648|0|2311|6|10|
14|391|216|0|2307|6|10|
14|393|216|0|2311|6|10|
14|391|324|0|2310|6|10|
14|385|216|0|2309|6|10|
14|374|216|0|2317|6|10|
14|392|216|0|2312|6|10|
14|385|324|0|2310|6|10|
14|737|432|0|3088|6|3|
14|377|108|0|2309|6|10|
14|378|216|0|2311|6|10|
14|378|324|0|2312|6|10|
14|378|216|0|2311|6|10|
14|392|324|0|3299|6|7|
14|393|324|0|2308|6|10|
14|375|324|0|2310|6|10|
14|379|216|0|2319|6|10|
14|356|216|0|2312|6|10|
14|349|216|0|2316|6|10|
14|390|324|0|2317|6|10|
14|487|324|0|2309|6|10|
14|1724|1080|0|2324|6|10|
14|388|216|0|2310|6|10|
14|392|216|0|2314|6|10|
14|380|216|0|2312|6|10|
14|391|216|0|2309|6|10|
14|384|216|0|2311|6|10|
14|388|216|0|2317|6|10|
14|393|324|0|2315|6|10|
14|695|432|0|2311|6|10|
14|395|324|0|2319|6|10|
14|392|216|0|2318|6|10|
14|376|216|0|2310|6|10|
14|387|216|0|2315|6|10|
14|385|216|0|2311|6|10|
14|375|108|0|2309|6|10|
14|389|216|0|2319|6|10|
14|386|324|0|2306|6|10|
14|381|216|0|2309|6|10|
14|356|216|0|2307|6|10|
14|387|324|0|2310|6|10|
14|393|216|0|2316|6|10|
14|371|324|0|2310|6|10|
14|938|540|0|2310|6|10|
14|364|324|0|2312|6|10|
14|376|108|0|2311|6|10|
14|348|216|0|2310|6|10|
14|385|216|0|2312|6|10|
14|387|216|0|2310|6|10|
14|375|216|0|2313|6|10|
14|352|324|0|2310|6|10|
14|377|216|0|2311|6|10|
14|351|216|0|2310|6|10|
14|363|324|0|2310|6|10|
14|360|216|0|2308|6|10|
14|377|216|0|2313|6|10|
14|356|216|0|2312|6|10|
14|394|324|0|2309|6|10|
14|376|216|0|2311|6|10|
14|382|216|0|2311|6|10|
14|378|216|0|2311|6|10|
14|379|216|0|2307|6|10|
14|360|216|0|2310|6|10|
14|373|216|0|2310|6|10|
14|389|324|0|2317|6|10|
14|670|540|0|2315|6|10|
14|388|216|0|2308|6|10|
14|372|324|0|2308|6|10|
14|386|324|0|2309|6|10|
14|378|216|0|2310|6|10|
14|369|216|0|2309|6|10|
14|379|216|0|2311|6|10|
14|582|432|0|17922|96|24|
14|384|216|0|2312|6|10|
14|388|216|0|2309|6|10|
14|387|324|0|2318|6|10|
14|389|324|0|2307|6|10|
14|357|324|0|2312|6|10|
14|387|216|0|2310|6|10|
14|384|216|0|2311|6|10|
14|387|324|0|2312|6|10|
14|398|216|0|2309|6|10|
14|392|216|0|2310|6|10|
14|390|324|0|2312|6|10|
14|389|216|0|2310|6|10|
14|389|216|0|2310|6|10|
14|389|216|0|2319|6|10|
14|387|216|0|2313|6|10|
14|388|216|0|2309|6|10|
14|389|216|0|2310|6|10|
14|388|216|0|2311|6|10|
14|389|324|0|2329|6|10|
14|389|324|0|2309|6|10|
14|375|324|0|2310|6|10|
14|377|216|0|2311|6|10|
14|378|216|0|2314|6|10|
14|381|216|0|2332|6|10|
14|378|216|0|2312|6|10|
14|380|216|0|2310|6|10|
14|392|216|0|2309|6|10|
14|379|324|0|2319|6|10|
14|391|324|0|2310|6|10|
14|370|216|0|2318|6|10|
14|393|216|0|2315|6|10|
14|987|648|0|2311|6|10|
14|387|216|0|2312|6|10|
14|384|216|0|2313|6|10|
14|397|324|0|2311|6|10|
14|367|216|0|2312|6|10|
14|359|216|0|2313|6|10|
14|378|324|0|2317|6|10|
14|396|216|0|2310|6|10|
14|362|108|0|2310|6|10|
14|383|324|0|2315|6|10|
14|385|216|0|2310|6|10|
14|385|324|0|2310|6|10|
14|384|324|0|2312|6|10|
14|383|324|0|2315|6|10|
14|378|324|0|2315|6|10|
14|393|216|0|2314|6|10|
14|381|216|0|2327|6|10|
14|394|324|0|2306|6|10|
14|372|324|0|2310|6|10|
14|392|324|0|2309|6|10|
14|375|216|0|2316|6|10|
14|381|216|0|2312|6|10|
14|376|216|0|2315|6|10|
14|377|216|0|2369|7|10|
14|381|216|0|2313|6|10|
14|378|324|0|2312|6|10|
14|383|324|0|2312|6|10|
14|375|324|0|2314|6|10|
14|1442|864|0|2313|6|10|
14|375|216|0|2310|6|10|
14|385|216|0|2310|6|10|
14|378|216|0|2312|6|10|
14|1212|756|0|2308|6|10|
14|357|324|0|2311|6|10|
14|366|108|0|2313|6|10|
14|391|216|0|2311|6|10|
14|367|216|0|2354|7|10|
14|369|324|0|2311|6|10|
14|372|324|0|2305|6|10|
14|377|324|0|2312|6|10|
14|396|216|0|2311|6|10|
14|347|216|0|2310|6|10|
14|382|324|0|2309|6|10|
14|395|216|0|2313|6|10|
14|381|216|0|2317|6|10|
14|391|216|0|2311|6|10|
14|399|324|0|2310|6|10|
14|381|216|0|2310|6|10|
14|397|216|0|2312|6|10|
14|378|216|0|2310|6|10|
14|393|216|0|2309|6|10|
14|898|540|0|2310|6|10|
14|396|324|0|2312|6|10|
14|356|216|0|2309|6|10|
14|388|324|0|2310|6|10|
14|395|216|0|2319|6|10|
14|390|216|0|2313|6|10|
14|387|324|0|2308|6|10|
14|393|324|0|2311|6|10|
14|389|324|0|2311|6|10|
14|379|216|0|2311|6|10|
14|390|324|0|2315|6|10|
14|381|324|0|2311|6|10|
14|395|216|0|2312|6|10|
14|388|216|0|2310|6|10|
14|440|216|0|2312|6|10|
14|387|324|0|2313|6|10|
14|394|324|0|2308|6|10|
14|355|108|0|2309|6|10|
14|346|324|0|2311|6|10|
14|358|216|0|2310|6|10|
14|360|216|0|2308|6|10|
14|384|324|0|2308|6|10|
14|359|216|0|2312|6|10|
14|380|324|0|2311|6|10|
14|388|216|0|2312|6|10|
14|380|324|0|2314|6|10|
14|375|216|0|2310|6|10|
14|394|216|0|2314|6|10|
14|388|216|0|2313|6|10|
14|393|216|0|2308|6|10|
14|385|324|0|2311|6|10|
14|395|216|0|2314|6|10|
14|387|216|0|2311|6|10|
14|388|216|0|2317|6|10|
14|387|324|0|2310|6|10|
14|390|324|0|2311|6|10|
14|377|324|0|2311|6|10|
14|390|216|0|2309|6|10|
14|377|216|0|2311|6|10|
14|382|216|0|2308|6|10|
14|351|216|0|2311|6|10|
14|1337|864|0|2311|6|10|
14|380|216|0|2315|6|10|
14|386|216|0|2314|6|10|
14|387|216|0|2312|6|10|
14|350|216|0|2313|6|10|
14|384|216|0|2309|6|10|
14|386|216|0|2309|6|10|
14|353|216|0|2311|6|10|
14|384|324|0|2312|6|10|
14|388|324|0|2311|6|10|
14|386|216|0|2316|6|10|
14|387|216|0|2313|6|10|
14|396|216|0|2316|6|10|
14|389|216|0|2321|6|10|
14|388|216|0|2308|6|10|
14|386|216|0|2327|6|10|
14|391|324|0|2319|6|10|
14|386|216|0|2310|6|10|
14|381|216|0|2308|6|10|
14|378|324|0|2361|7|10|
14|388|216|0|2312|6|10|
14|353|216|0|2313|6|10|
14|391|324|0|2312|6|10|
14|379|324|0|2311|6|10|
14|360|216|0|2307|6|10|
14|380|216|0|2314|6|10|
14|391|216|0|2322|6|10|
14|377|216|0|2311|6|10|
14|379|324|0|2310|6|10|
14|393|324|0|2310|6|10|
14|389|324|0|2313|6|10|
14|378|324|0|2309|6|10|
14|352|324|0|2313|6|10|
14|389|324|0|2306|6|10|
14|377|216|0|2317|6|10|
14|355|324|0|2311|6|10|
14|379|216|0|2312|6|10|
14|394|216|0|2315|6|10|
14|360|324|0|2312|6|10|
14|362|216|0|2308|6|10|
14|392|216|0|3195|7|9|
14|391|216|0|2313|6|10|
14|381|216|0|2308|6|10|
14|392|324|0|2318|6|10|
14|532|216|0|2311|6|10|
14|384|324|0|2311|6|10|
14|366|324|0|2312|6|10|
14|387|324|0|2312|6|10|
14|376|216|0|2307|6|10|
14|383|216|0|2308|6|10|
14|378|324|0|2309|6|10|
14|382|216|0|2313|6|10|
14|385|216|0|2317|6|10|
14|367|216|0|2310|6|10|
14|390|216|0|2312|6|10|
14|390|216|0|2319|6|10|
14|360|108|0|2312|6|10|
14|362|216|0|2310|6|10|
14|389|216|0|2316|6|10|
14|385|216|0|2318|6|10|
14|390|216|0|2311|6|10|
14|390|324|0|2312|6|10|
14|396|216|0|2322|6|10|
14|385|324|0|2313|6|10|
14|394|216|0|2318|6|10|
14|397|216|0|2312|6|10|
14|362|216|0|2319|6|10|
14|396|216|0|2310|6|10|
14|358|216|0|2311|6|10|
14|367|324|0|2311|6|10|
14|356|324|0|2311|6|10|
14|402|216|0|2311|6|10|
14|398|216|0|3900|6|11|
14|363|324|0|3707|6|9|
14|382|324|0|2311|6|10|
14|379|216|0|2312|6|10|
14|378|324|0|2313|6|10|
14|387|324|0|2308|6|10|
14|355|216|0|2312|6|10|
14|383|324|0|2308|6|10|
14|386|216|0|2313|6|10|
14|376|324|0|2311|6|10|
14|359|216|0|2312|6|10|
14|395|216|0|2310|6|10|
14|384|216|0|2310|6|10|
14|394|216|0|2311|6|10|
14|385|216|0|2312|6|10|
14|390|216|0|2309|6|10|
14|382|216|0|2310|6|10|
14|391|216|0|2313|6|10|
14|381|324|0|2316|6|10|
14|1655|1080|0|2309|6|10|
14|385|216|0|2327|6|10|
14|425|216|0|2311|6|10|
14|387|216|0|2312|6|10|
14|867|540|0|2313|6|10|
14|392|324|0|2308|6|10|
14|356|216|0|2307|6|10|
14|350|108|0|2312|6|10|
14|391|216|0|2312|6|10|
14|357|324|0|2311|6|10|
14|381|324|0|2308|6|10|
14|367|216|0|2316|6|10|
14|380|216|0|2311|6|10|
14|382|216|0|2311|6|10|
14|356|324|0|2312|6|10|
14|353|216|0|2317|6|10|
14|376|216|0|2312|6|10|
14|382|216|0|2310|6|10|
14|431|324|0|2311|6|10|
14|393|324|0|2306|6|10|
14|387|216|0|2317|6|10|
14|867|540|0|2312|6|10|
14|362|108|0|2313|6|10|
14|390|216|0|2312|6|10|
14|926|756|0|3759|6|18|
14|384|324|0|3398|6|5|
14|390|216|0|2311|6|10|
14|375|216|0|2308|6|10|
14|388|324|0|2312|6|10|
14|392|216|0|2309|6|10|
14|387|324|0|2310|6|10|
14|378|216|0|2312|6|10|
14|359|324|0|2312|6|10|
14|388|216|0|2310|6|10|
14|388|216|0|2311|6|10|
14|395|216|0|2317|6|10|
14|380|216|0|2316|6|10|
14|388|216|0|2308|6|10|
14|370|216|0|2317|6|10|
14|347|216|0|2313|6|10|
14|379|216|0|2323|6|10|
14|375|216|0|2327|6|10|
14|398|216|0|3923|7|7|
14|381|324|0|2309|6|10|
14|379|324|0|2313|6|10|
14|378|216|0|2311|6|10|
14|371|216|0|2313|6|10|
14|354|324|0|2311|6|10|
14|392|216|0|2311|6|10|
14|392|216|0|2312|6|10|
14|395|216|0|2307|6|10|
14|391|216|0|2311|6|10|
14|1690|972|0|2310|6|10|
14|389|216|0|2311|6|10|
14|387|324|0|2312|6|10|
14|378|324|0|2309|6|10|
14|487|324|0|2311|6|10|
14|392|324|0|2312|6|10|
14|386|324|0|2312|6|10|
14|388|324|0|3916|6|10|
14|579|324|0|4759|6|13|
14|376|216|0|2967|7|10|
14|382|216|0|2312|6|10|
14|391|216|0|2312|6|10|
14|380|216|0|2310|6|10|
14|397|324|0|2309|6|10|
14|362|324|0|2311|6|10|
14|396|324|0|2311|6|10|
14|383|108|0|2311|6|10|
14|368|216|0|2312|6|10|
14|379|216|0|2312|6|10|
14|349|324|0|2317|6|10|
14|398|324|0|2318|6|10|
14|351|216|0|2308|6|10|
14|389|324|0|2310|6|10|
14|368|108|0|2316|6|10|
14|355|216|0|2310|6|10|
14|381|216|0|2312|6|10|
14|391|216|0|2311|6|10|
14|378|216|0|2309|6|10|
14|381|324|0|2312|6|10|
14|379|216|0|2311|6|10|
