INSTRUCTIONS_RETIRED|CYCLES|UNKNOWN|LD_BLOCKS.STORE_FORWARD|UOPS_EXECUTED.CORE|BR_MISP_RETIRED.ALL_BRANCHES|UOPS_ISSUED.SINGLE_MUL|
135|393|390|1|257|0|0|
135|300|330|1|257|0|0|
135|315|330|1|257|1|0|
135|379|390|1|257|1|0|
135|384|390|1|228|0|0|
135|294|300|1|257|0|0|
135|315|300|1|257|1|0|
135|294|300|1|257|0|0|
135|315|330|1|257|1|0|
135|382|390|1|257|1|0|
135|315|300|1|257|1|0|
135|315|300|1|257|1|0|
135|315|300|1|257|1|0|
135|431|420|1|257|1|0|
135|315|300|1|257|1|0|
135|315|300|1|257|1|0|
135|315|300|1|257|1|0|
135|315|330|1|257|1|0|
135|315|360|1|257|1|0|
135|315|300|1|257|1|0|
135|315|330|1|257|1|0|
135|315|300|1|257|1|0|
135|315|300|1|257|1|0|
135|315|330|1|257|1|0|
135|315|300|1|257|1|0|
135|315|300|1|257|1|0|
135|315|300|1|257|1|0|
135|315|300|1|257|1|0|
135|316|330|1|257|1|0|
135|315|300|1|257|1|0|
135|295|300|1|257|0|0|
135|315|330|1|257|1|0|
135|315|360|1|257|1|0|
135|315|300|1|257|1|0|
135|315|300|1|257|1|0|
135|295|300|1|257|0|0|
135|295|270|1|257|0|0|
135|294|300|1|257|0|0|
135|315|300|1|257|1|0|
135|315|300|1|257|1|0|
135|315|300|1|257|1|0|
135|315|300|1|257|1|0|
135|315|330|1|257|1|0|
135|315|330|1|257|1|0|
135|405|390|1|228|0|0|
135|300|300|1|257|0|0|
135|294|300|1|257|0|0|
135|294|300|1|257|0|0|
135|294|300|1|257|0|0|
135|295|300|1|257|0|0|
135|294|300|1|257|0|0|
135|295|300|1|257|0|0|
135|246|240|1|228|0|0|
135|300|300|1|257|0|0|
135|352|330|1|257|0|0|
135|248|240|1|230|1|0|
135|248|240|1|230|1|0|
135|228|240|1|230|0|0|
135|698|690|1|228|1|0|
135|233|210|1|230|0|0|
135|694|660|1|257|0|0|
135|294|300|1|257|0|0|
135|294|300|1|257|0|0|
135|294|300|1|257|0|0|
135|315|330|1|257|1|0|
135|295|270|1|257|0|0|
135|294|300|1|257|0|0|
135|300|300|1|257|0|0|
135|300|300|1|257|0|0|
135|321|300|1|257|1|0|
135|228|240|1|230|0|0|
135|406|420|1|228|0|0|
135|235|240|1|230|0|0|
135|295|270|1|257|0|0|
135|294|300|1|257|0|0|
135|294|270|1|257|0|0|
135|315|300|1|257|1|0|
135|316|330|1|257|1|0|
135|315|360|1|257|1|0|
135|315|330|1|257|1|0|
135|315|300|1|257|1|0|
135|228|240|1|230|0|0|
135|248|240|1|230|1|0|
135|234|240|1|230|0|0|
135|234|210|1|230|0|0|
135|228|210|1|230|0|0|
135|233|240|1|230|0|0|
135|228|240|1|230|0|0|
135|228|210|1|230|0|0|
135|228|240|1|230|0|0|
135|229|270|1|230|0|0|
135|234|240|1|230|0|0|
135|229|240|1|230|0|0|
135|446|420|1|228|0|0|
135|233|210|1|230|0|0|
135|448|450|1|228|1|0|
135|315|330|1|257|1|0|
135|315|300|1|257|1|0|
135|294|270|1|257|0|0|
135|228|210|1|230|0|0|
135|294|300|1|257|0|0|
135|294|300|1|257|0|0|
135|294|270|1|257|0|0|
135|295|300|1|257|0|0|
135|228|240|1|230|0|0|
135|295|300|1|257|0|0|
135|315|300|1|257|1|0|
135|315|330|1|257|1|0|
135|248|240|1|230|1|0|
135|496|540|1|228|0|0|
135|295|300|1|257|0|0|
135|228|240|1|230|0|0|
135|294|300|1|257|0|0|
135|295|270|1|257|0|0|
135|294|300|1|257|0|0|
135|315|300|1|257|1|0|
135|315|330|1|257|1|0|
135|315|300|1|257|1|0|
135|321|300|1|257|1|0|
135|233|240|1|230|0|0|
135|294|300|1|257|0|0|
135|294|300|1|257|0|0|
135|294|270|1|257|0|0|
135|294|300|1|257|0|0|
135|300|300|1|257|0|0|
135|294|300|1|257|0|0|
135|294|300|1|257|0|0|
135|315|330|1|257|1|0|
135|295|300|1|257|0|0|
135|294|300|1|257|0|0|
135|315|300|1|257|1|0|
135|315|300|1|257|1|0|
135|315|330|1|257|1|0|
135|294|300|1|257|0|0|
135|295|300|1|257|0|0|
135|300|270|1|257|0|0|
135|300|330|1|257|0|0|
135|294|300|1|257|0|0|
135|310|270|1|273|0|0|
135|294|270|1|257|0|0|
135|1026|1050|1|257|0|0|
135|294|270|1|257|0|0|
135|295|270|1|257|0|0|
135|295|300|1|257|0|0|
135|294|270|1|257|0|0|
135|233|210|1|230|0|0|
135|300|300|1|257|0|0|
135|295|270|1|257|0|0|
135|295|300|1|257|0|0|
135|300|300|1|257|0|0|
135|300|300|1|257|0|0|
135|294|300|1|257|0|0|
135|300|300|1|257|0|0|
135|300|330|1|257|0|0|
135|295|270|1|257|0|0|
135|300|300|1|257|0|0|
135|300|300|1|257|0|0|
135|300|300|1|257|0|0|
135|300|330|1|257|0|0|
135|294|300|1|257|0|0|
135|294|300|1|257|0|0|
135|294|300|1|257|0|0|
135|294|330|1|257|0|0|
135|300|300|1|257|0|0|
135|295|330|1|257|0|0|
135|294|300|1|257|0|0|
135|294|270|1|257|0|0|
135|295|330|1|257|0|0|
135|295|300|1|257|0|0|
135|294|330|1|257|0|0|
135|294|300|1|257|0|0|
135|294|270|1|257|0|0|
135|294|330|1|257|0|0|
135|228|210|1|230|0|0|
135|294|270|1|257|0|0|
135|295|300|1|257|0|0|
135|295|270|1|257|0|0|
135|295|270|1|257|0|0|
135|295|330|1|257|0|0|
135|295|300|1|257|0|0|
135|294|300|1|257|0|0|
135|294|300|1|257|0|0|
135|294|300|1|257|0|0|
135|294|300|1|257|0|0|
135|300|300|1|257|0|0|
135|300|300|1|257|0|0|
135|301|300|1|257|0|0|
135|300|300|1|257|0|0|
135|300|300|1|257|0|0|
135|300|300|1|257|0|0|
135|300|300|1|257|0|0|
135|295|270|1|257|0|0|
135|698|660|1|257|0|0|
135|544|540|1|228|0|0|
135|294|330|1|257|0|0|
135|315|330|1|257|1|0|
135|315|330|1|257|1|0|
135|315|330|1|257|1|0|
135|530|540|1|257|0|0|
135|295|300|1|257|0|0|
135|294|270|1|257|0|0|
135|295|270|1|257|0|0|
135|294|270|1|257|0|0|
135|227|210|1|230|0|0|
135|410|390|1|272|1|0|
135|248|240|1|230|1|0|
135|321|300|1|257|1|0|
135|248|240|1|230|1|0|
135|315|360|1|257|1|0|
135|248|240|1|230|1|0|
135|315|300|1|257|1|0|
135|248|240|1|230|1|0|
135|315|300|1|257|1|0|
135|315|300|1|257|1|0|
135|248|240|1|230|1|0|
135|249|240|1|230|1|0|
135|316|300|1|257|1|0|
135|249|240|1|230|1|0|
135|316|300|1|257|1|0|
135|316|300|1|257|1|0|
135|316|330|1|257|1|0|
135|315|300|1|257|1|0|
135|317|300|1|257|1|0|
135|316|330|1|257|1|0|
135|249|270|1|230|1|0|
135|316|330|1|257|1|0|
135|316|300|1|257|1|0|
135|316|300|1|257|1|0|
135|316|330|1|257|1|0|
135|316|300|1|257|1|0|
135|315|330|1|257|1|0|
135|315|300|1|257|1|0|
135|248|240|1|230|1|0|
135|228|210|1|230|0|0|
135|419|390|1|228|0|0|
135|294|300|1|257|0|0|
135|315|300|1|257|1|0|
135|227|210|1|230|0|0|
135|227|210|1|230|0|0|
135|227|270|1|230|0|0|
135|294|300|1|257|0|0|
135|227|240|1|230|0|0|
135|228|240|1|230|0|0|
135|316|330|1|257|1|0|
135|316|330|1|257|1|0|
135|249|240|1|230|1|0|
135|316|300|1|257|1|0|
135|316|330|1|257|1|0|
135|316|330|1|257|1|0|
135|315|330|1|257|1|0|
135|248|240|1|230|1|0|
135|249|270|1|230|1|0|
135|248|240|1|230|1|0|
135|248|240|1|230|1|0|
135|248|240|1|230|1|0|
135|227|240|1|230|0|0|
135|295|300|1|257|0|0|
135|228|240|1|230|0|0|
135|317|300|1|257|1|0|
135|316|300|1|257|1|0|
135|315|300|1|257|1|0|
135|315|300|1|257|1|0|
135|315|330|1|257|1|0|
135|315|330|1|257|1|0|
135|315|300|1|257|1|0|
135|248|240|1|230|1|0|
135|315|300|1|257|1|0|
135|315|330|1|257|1|0|
135|315|330|1|257|1|0|
135|315|330|1|257|1|0|
135|254|270|1|230|1|0|
135|315|300|1|257|1|0|
135|249|240|1|230|1|0|
135|321|300|1|257|1|0|
135|315|330|1|257|1|0|
135|315|300|1|257|1|0|
135|321|300|1|257|1|0|
135|248|270|1|230|1|0|
135|321|360|1|257|1|0|
135|316|330|1|257|1|0|
135|315|330|1|257|1|0|
135|249|240|1|230|1|0|
135|294|300|1|257|0|0|
135|294|300|1|257|0|0|
135|295|270|1|257|0|0|
135|300|300|1|257|0|0|
135|227|240|1|230|0|0|
135|227|210|1|230|0|0|
135|228|240|1|230|0|0|
135|233|210|1|230|0|0|
135|552|570|1|257|0|0|
135|300|300|1|257|0|0|
135|300|300|1|257|0|0|
135|254|240|1|230|1|0|
135|321|300|1|257|1|0|
135|255|270|1|230|1|0|
135|249|270|1|230|1|0|
135|248|270|1|230|1|0|
135|229|210|1|230|0|0|
135|228|210|1|230|0|0|
135|228|240|1|230|0|0|
135|228|240|1|230|0|0|
135|228|210|1|230|0|0|
135|294|270|1|257|0|0|
135|228|210|1|230|0|0|
135|228|240|1|230|0|0|
135|229|210|1|230|0|0|
135|228|210|1|230|0|0|
135|228|210|1|230|0|0|
135|248|270|1|230|1|0|
135|233|240|1|230|0|0|
135|229|240|1|230|0|0|
135|233|240|1|230|0|0|
135|227|210|1|230|0|0|
135|228|210|1|230|0|0|
135|228|240|1|230|0|0|
135|228|240|1|230|0|0|
135|295|300|1|257|0|0|
135|228|210|1|230|0|0|
135|228|210|1|230|0|0|
135|228|240|1|230|0|0|
135|228|240|1|230|0|0|
135|228|210|1|230|0|0|
135|227|240|1|230|0|0|
135|228|210|1|230|0|0|
135|227|270|1|230|0|0|
135|228|240|1|230|0|0|
135|228|210|1|230|0|0|
135|228|210|1|230|0|0|
135|227|270|1|230|0|0|
135|227|240|1|230|0|0|
135|233|240|1|230|0|0|
135|229|240|1|230|0|0|
135|229|210|1|230|0|0|
135|234|240|1|230|0|0|
135|228|240|1|230|0|0|
135|295|330|1|257|0|0|
135|413|390|1|257|0|0|
135|296|300|1|257|0|0|
135|229|240|1|230|0|0|
135|227|240|1|230|0|0|
135|227|210|1|230|0|0|
135|228|210|1|230|0|0|
135|228|210|1|230|0|0|
135|227|240|1|230|0|0|
135|294|300|1|257|0|0|
135|227|210|1|230|0|0|
135|228|210|1|230|0|0|
135|228|240|1|230|0|0|
135|228|240|1|230|0|0|
135|300|300|1|257|0|0|
135|228|240|1|230|0|0|
135|228|240|1|230|0|0|
135|228|240|1|230|0|0|
135|315|300|1|257|1|0|
135|315|300|1|257|1|0|
135|248|240|1|230|1|0|
135|227|240|1|230|0|0|
135|227|240|1|230|0|0|
135|294|300|1|257|0|0|
135|294|270|1|257|0|0|
135|295|300|1|257|0|0|
135|227|210|1|230|0|0|
135|228|210|1|230|0|0|
135|228|210|1|230|0|0|
135|228|210|1|230|0|0|
135|228|210|1|230|0|0|
135|228|240|1|230|0|0|
135|228|210|1|230|0|0|
135|228|240|1|230|0|0|
135|315|330|1|257|1|0|
135|315|300|1|257|1|0|
135|228|240|1|230|0|0|
135|295|300|1|257|0|0|
135|228|210|1|230|0|0|
135|229|240|1|230|0|0|
135|228|240|1|230|0|0|
135|227|240|1|230|0|0|
135|227|240|1|230|0|0|
135|227|240|1|230|0|0|
135|227|240|1|230|0|0|
135|228|240|1|230|0|0|
135|228|240|1|230|0|0|
135|228|240|1|230|0|0|
135|227|240|1|230|0|0|
135|228|240|1|230|0|0|
135|227|210|1|230|0|0|
135|228|210|1|230|0|0|
135|228|240|1|230|0|0|
135|227|210|1|230|0|0|
135|228|240|1|230|0|0|
135|227|210|1|230|0|0|
135|228|240|1|230|0|0|
135|227|240|1|230|0|0|
135|228|210|1|230|0|0|
135|294|300|1|257|0|0|
135|228|240|1|230|0|0|
135|228|270|1|230|0|0|
135|234|210|1|230|0|0|
135|228|240|1|230|0|0|
135|228|210|1|230|0|0|
135|229|210|1|230|0|0|
135|294|300|1|257|0|0|
135|315|300|1|257|1|0|
135|315|330|1|257|1|0|
135|315|300|1|257|1|0|
135|248|240|1|230|1|0|
135|248|240|1|230|1|0|
135|248|240|1|230|1|0|
135|248|240|1|230|1|0|
135|315|330|1|257|1|0|
135|248|240|1|230|1|0|
135|294|300|1|257|0|0|
135|294|300|1|257|0|0|
135|295|300|1|257|0|0|
135|295|300|1|257|0|0|
135|294|270|1|257|0|0|
135|295|300|1|257|0|0|
135|294|300|1|257|0|0|
135|294|270|1|257|0|0|
135|228|210|1|230|0|0|
135|228|240|1|230|0|0|
135|234|210|1|230|0|0|
135|300|300|1|257|0|0|
135|295|300|1|257|0|0|
135|295|330|1|257|0|0|
135|295|300|1|257|0|0|
135|300|300|1|257|0|0|
135|295|300|1|257|0|0|
135|295|300|1|257|0|0|
135|295|270|1|257|0|0|
135|295|330|1|257|0|0|
135|295|300|1|257|0|0|
135|295|300|1|257|0|0|
135|295|270|1|257|0|0|
135|295|300|1|257|0|0|
135|315|330|1|257|1|0|
135|315|300|1|257|1|0|
135|315|300|1|257|1|0|
135|315|330|1|257|1|0|
135|295|300|1|257|0|0|
135|295|330|1|257|0|0|
135|295|300|1|257|0|0|
135|295|270|1|257|0|0|
135|295|300|1|257|0|0|
135|295|270|1|257|0|0|
135|294|300|1|257|0|0|
135|295|300|1|257|0|0|
135|295|330|1|257|0|0|
135|295|330|1|257|0|0|
135|295|270|1|257|0|0|
135|295|300|1|257|0|0|
135|295|270|1|257|0|0|
135|300|300|1|257|0|0|
135|294|270|1|257|0|0|
135|294|300|1|257|0|0|
135|295|300|1|257|0|0|
135|300|270|1|257|0|0|
135|295|300|1|257|0|0|
135|295|300|1|257|0|0|
135|300|300|1|257|0|0|
135|294|300|1|257|0|0|
135|295|300|1|257|0|0|
135|295|300|1|257|0|0|
135|294|270|1|257|0|0|
135|295|330|1|257|0|0|
135|1318|1290|1|257|0|0|
135|295|300|1|257|0|0|
135|295|300|1|257|0|0|
135|295|300|1|257|0|0|
135|295|300|1|257|0|0|
135|295|300|1|257|0|0|
135|295|270|1|257|0|0|
135|294|270|1|257|0|0|
135|227|240|1|230|0|0|
135|294|300|1|257|0|0|
135|227|240|1|230|0|0|
135|294|330|1|257|0|0|
135|301|330|1|257|0|0|
135|249|270|1|230|1|0|
135|249|240|1|230|1|0|
135|316|300|1|257|1|0|
135|248|240|1|230|1|0|
135|248|240|1|230|1|0|
135|228|210|1|230|0|0|
135|228|210|1|230|0|0|
135|228|210|1|230|0|0|
135|228|240|1|230|0|0|
135|295|330|1|257|0|0|
135|228|240|1|230|0|0|
135|294|270|1|257|0|0|
135|228|210|1|230|0|0|
135|295|300|1|257|0|0|
135|295|270|1|257|0|0|
135|228|270|1|230|0|0|
135|228|270|1|230|0|0|
135|295|300|1|257|0|0|
135|228|210|1|230|0|0|
135|295|300|1|257|0|0|
135|295|270|1|257|0|0|
135|295|300|1|257|0|0|
135|228|240|1|230|0|0|
135|294|270|1|257|0|0|
135|227|240|1|230|0|0|
135|294|270|1|257|0|0|
135|294|270|1|257|0|0|
135|294|270|1|257|0|0|
135|294|300|1|257|0|0|
135|227|210|1|230|0|0|
135|294|300|1|257|0|0|
135|227|210|1|230|0|0|
135|294|300|1|257|0|0|
135|294|300|1|257|0|0|
135|294|270|1|257|0|0|
135|294|330|1|257|0|0|
135|294|300|1|257|0|0|
135|294|270|1|257|0|0|
135|294|300|1|257|0|0|
135|294|300|1|257|0|0|
135|294|300|1|257|0|0|
135|295|270|1|257|0|0|
135|295|300|1|257|0|0|
135|425|450|1|257|0|0|
135|295|300|1|257|0|0|
135|295|270|1|257|0|0|
135|295|300|1|257|0|0|
135|295|300|1|257|0|0|
135|295|300|1|257|0|0|
135|294|270|1|257|0|0|
135|294|270|1|257|0|0|
135|295|270|1|257|0|0|
135|295|300|1|257|0|0|
135|294|270|1|257|0|0|
135|248|240|1|230|1|0|
135|315|330|1|257|1|0|
135|248|240|1|230|1|0|
135|248|240|1|230|1|0|
135|315|300|1|257|1|0|
135|248|270|1|230|1|0|
135|315|300|1|257|1|0|
135|254|270|1|230|1|0|
135|315|300|1|257|1|0|
135|295|300|1|257|0|0|
135|294|300|1|257|0|0|
135|300|270|1|257|0|0|
135|227|210|1|230|0|0|
135|227|210|1|230|0|0|
135|295|270|1|257|0|0|
135|228|240|1|230|0|0|
135|227|270|1|230|0|0|
135|227|210|1|230|0|0|
135|227|240|1|230|0|0|
135|294|270|1|257|0|0|
135|294|300|1|257|0|0|
135|294|300|1|257|0|0|
135|295|300|1|257|0|0|
135|295|270|1|257|0|0|
135|229|210|1|230|0|0|
135|228|240|1|230|0|0|
135|228|210|1|230|0|0|
135|382|390|1|228|0|0|
135|229|270|1|230|0|0|
135|228|240|1|230|0|0|
135|228|240|1|230|0|0|
135|228|240|1|230|0|0|
135|228|210|1|230|0|0|
135|228|210|1|230|0|0|
135|295|270|1|257|0|0|
135|295|300|1|257|0|0|
135|295|270|1|257|0|0|
135|228|240|1|230|0|0|
135|295|300|1|257|0|0|
135|229|240|1|230|0|0|
135|229|210|1|230|0|0|
135|229|240|1|230|0|0|
135|228|210|1|230|0|0|
135|228|240|1|230|0|0|
135|295|300|1|257|0|0|
135|295|270|1|257|0|0|
135|228|270|1|230|0|0|
135|228|240|1|230|0|0|
135|295|300|1|257|0|0|
135|227|240|1|230|0|0|
135|295|270|1|257|0|0|
135|295|300|1|257|0|0|
135|294|300|1|257|0|0|
135|294|300|1|257|0|0|
135|294|300|1|257|0|0|
135|294|270|1|257|0|0|
135|294|300|1|257|0|0|
135|294|300|1|257|0|0|
135|295|300|1|257|0|0|
135|295|330|1|257|0|0|
135|294|300|1|257|0|0|
135|227|210|1|230|0|0|
135|294|270|1|257|0|0|
135|294|300|1|257|0|0|
135|294|300|1|257|0|0|
135|294|300|1|257|0|0|
135|227|210|1|230|0|0|
135|294|330|1|257|0|0|
135|227|240|1|230|0|0|
135|294|300|1|257|0|0|
135|227|210|1|230|0|0|
135|227|240|1|230|0|0|
135|228|240|1|230|0|0|
135|294|270|1|257|0|0|
135|295|270|1|257|0|0|
135|294|300|1|257|0|0|
135|295|300|1|257|0|0|
135|294|300|1|257|0|0|
135|294|330|1|257|0|0|
135|294|270|1|257|0|0|
135|294|300|1|257|0|0|
135|294|270|1|257|0|0|
135|295|300|1|257|0|0|
135|295|330|1|257|0|0|
135|295|270|1|257|0|0|
135|295|300|1|257|0|0|
135|295|270|1|257|0|0|
135|295|330|1|257|0|0|
135|296|270|1|257|0|0|
135|228|240|1|230|0|0|
135|315|360|1|257|1|0|
135|294|300|1|257|0|0|
135|228|210|1|230|0|0|
135|296|270|1|257|0|0|
135|294|300|1|257|0|0|
135|294|300|1|257|0|0|
135|295|270|1|257|0|0|
135|300|300|1|257|0|0|
135|294|300|1|257|0|0|
135|248|240|1|230|1|0|
135|315|330|1|257|1|0|
135|294|300|1|257|0|0|
135|295|300|1|257|0|0|
135|294|300|1|257|0|0|
135|294|300|1|257|0|0|
135|295|270|1|257|0|0|
135|295|270|1|257|0|0|
135|294|300|1|257|0|0|
135|294|300|1|257|0|0|
135|295|300|1|257|0|0|
135|295|300|1|257|0|0|
135|295|300|1|257|0|0|
135|295|300|1|257|0|0|
135|295|270|1|257|0|0|
135|295|270|1|257|0|0|
135|227|240|1|230|0|0|
135|228|210|1|230|0|0|
135|295|270|1|257|0|0|
135|295|270|1|257|0|0|
135|295|300|1|257|0|0|
135|295|270|1|257|0|0|
135|295|270|1|257|0|0|
135|227|210|1|230|0|0|
135|295|300|1|257|0|0|
135|295|300|1|257|0|0|
135|295|300|1|257|0|0|
135|295|270|1|257|0|0|
135|296|300|1|257|0|0|
135|295|300|1|257|0|0|
135|294|300|1|257|0|0|
135|295|270|1|257|0|0|
135|295|330|1|257|0|0|
135|295|270|1|257|0|0|
135|294|270|1|257|0|0|
135|295|330|1|257|0|0|
135|295|300|1|257|0|0|
135|294|270|1|257|0|0|
135|295|300|1|257|0|0|
135|295|300|1|257|0|0|
135|295|270|1|257|0|0|
135|295|300|1|257|0|0|
135|295|300|1|257|0|0|
135|295|270|1|257|0|0|
135|295|300|1|257|0|0|
135|295|300|1|257|0|0|
135|295|300|1|257|0|0|
135|294|300|1|257|0|0|
135|310|330|1|272|0|0|
135|294|270|1|257|0|0|
135|295|300|1|257|0|0|
135|295|330|1|257|0|0|
135|295|300|1|257|0|0|
135|295|300|1|257|0|0|
135|295|270|1|257|0|0|
135|295|300|1|257|0|0|
135|295|300|1|257|0|0|
135|295|300|1|257|0|0|
135|295|300|1|257|0|0|
135|294|300|1|257|0|0|
135|227|240|1|230|0|0|
135|227|240|1|230|0|0|
135|294|300|1|257|0|0|
135|227|210|1|230|0|0|
135|294|300|1|257|0|0|
135|227|210|1|230|0|0|
135|227|240|1|230|0|0|
135|227|240|1|230|0|0|
135|227|210|1|230|0|0|
135|227|210|1|230|0|0|
135|227|210|1|230|0|0|
135|227|240|1|230|0|0|
135|294|300|1|257|0|0|
135|294|300|1|257|0|0|
135|229|210|1|230|0|0|
135|295|300|1|257|0|0|
135|295|300|1|257|0|0|
135|295|270|1|257|0|0|
135|295|300|1|257|0|0|
135|295|330|1|257|0|0|
135|295|270|1|257|0|0|
135|295|270|1|257|0|0|
135|294|300|1|257|0|0|
135|294|300|1|257|0|0|
135|295|330|1|257|0|0|
135|371|390|1|257|1|0|
135|315|330|1|257|1|0|
135|322|330|1|257|1|0|
135|300|270|1|257|0|0|
135|295|300|1|257|0|0|
135|248|270|1|230|1|0|
135|248|240|1|230|1|0|
135|249|240|1|230|1|0|
135|248|240|1|230|1|0|
135|248|240|1|230|1|0|
135|255|240|1|230|1|0|
135|315|360|1|257|1|0|
135|248|270|1|230|1|0|
135|248|270|1|230|1|0|
135|315|300|1|257|1|0|
135|315|330|1|257|1|0|
135|227|240|1|230|0|0|
135|294|270|1|257|0|0|
135|294|300|1|257|0|0|
135|294|300|1|257|0|0|
135|295|270|1|257|0|0|
135|300|270|1|257|0|0|
135|295|300|1|257|0|0|
135|295|300|1|257|0|0|
135|294|300|1|257|0|0|
135|294|330|1|257|0|0|
135|300|300|1|257|0|0|
135|300|300|1|257|0|0|
135|295|300|1|257|0|0|
135|294|300|1|257|0|0|
135|295|300|1|257|0|0|
135|295|300|1|257|0|0|
135|227|210|1|230|0|0|
135|295|300|1|257|0|0|
135|295|270|1|257|0|0|
135|294|300|1|257|0|0|
135|295|270|1|257|0|0|
135|295|330|1|257|0|0|
135|295|270|1|257|0|0|
135|294|300|1|257|0|0|
135|294|270|1|257|0|0|
135|227|240|1|230|0|0|
135|294|300|1|257|0|0|
135|295|270|1|257|0|0|
135|295|300|1|257|0|0|
135|294|300|1|257|0|0|
135|227|210|1|230|0|0|
135|294|270|1|257|0|0|
135|294|300|1|257|0|0|
135|294|300|1|257|0|0|
135|294|300|1|257|0|0|
135|227|240|1|230|0|0|
135|227|240|1|230|0|0|
135|227|210|1|230|0|0|
135|233|210|1|230|0|0|
135|300|300|1|257|0|0|
135|300|300|1|257|0|0|
135|295|300|1|257|0|0|
135|295|300|1|257|0|0|
135|295|270|1|257|0|0|
135|294|300|1|257|0|0|
135|294|300|1|257|0|0|
135|227|210|1|230|0|0|
135|227|210|1|230|0|0|
135|227|210|1|230|0|0|
135|228|210|1|230|0|0|
135|227|240|1|230|0|0|
135|227|240|1|230|0|0|
135|227|210|1|230|0|0|
135|228|210|1|230|0|0|
135|227|210|1|230|0|0|
135|228|210|1|230|0|0|
135|228|210|1|230|0|0|
135|227|240|1|230|0|0|
135|227|240|1|230|0|0|
135|227|210|1|230|0|0|
135|227|180|1|230|0|0|
135|227|210|1|230|0|0|
135|227|240|1|230|0|0|
135|227|210|1|230|0|0|
135|227|240|1|230|0|0|
135|227|210|1|230|0|0|
135|227|210|1|230|0|0|
135|227|270|1|230|0|0|
135|227|210|1|230|0|0|
135|227|240|1|230|0|0|
135|227|240|1|230|0|0|
135|294|300|1|257|0|0|
135|294|300|1|257|0|0|
135|315|300|1|257|1|0|
135|315|300|1|257|1|0|
135|321|300|1|257|1|0|
135|315|300|1|257|1|0|
135|316|300|1|257|1|0|
135|315|360|1|257|1|0|
135|321|300|1|257|1|0|
135|321|330|1|257|1|0|
135|300|300|1|257|0|0|
135|300|300|1|257|0|0|
135|296|270|1|257|0|0|
135|295|300|1|257|0|0|
135|227|240|1|230|0|0|
135|227|240|1|230|0|0|
135|227|240|1|230|0|0|
135|228|240|1|230|0|0|
135|295|300|1|257|0|0|
135|295|300|1|257|0|0|
135|227|240|1|230|0|0|
135|294|300|1|257|0|0|
135|294|270|1|257|0|0|
135|294|300|1|257|0|0|
135|294|270|1|257|0|0|
135|227|240|1|230|0|0|
135|294|300|1|257|0|0|
135|228|240|1|230|0|0|
135|295|270|1|257|0|0|
135|294|270|1|257|0|0|
135|294|270|1|257|0|0|
135|229|240|1|230|0|0|
135|295|330|1|257|0|0|
135|234|240|1|230|0|0|
135|234|210|1|230|0|0|
135|229|240|1|230|0|0|
135|425|450|1|228|0|0|
135|233|240|1|230|0|0|
135|228|210|1|230|0|0|
135|227|210|1|230|0|0|
135|294|300|1|257|0|0|
135|227|210|1|230|0|0|
135|227|240|1|230|0|0|
135|227|210|1|230|0|0|
135|295|300|1|257|0|0|
135|227|270|1|230|0|0|
135|294|270|1|257|0|0|
135|294|270|1|257|0|0|
135|295|270|1|257|0|0|
135|294|300|1|257|0|0|
135|294|300|1|257|0|0|
135|295|300|1|257|0|0|
135|295|300|1|257|0|0|
135|295|270|1|257|0|0|
135|295|300|1|257|0|0|
135|294|300|1|257|0|0|
135|294|270|1|257|0|0|
135|294|300|1|257|0|0|
135|294|270|1|257|0|0|
135|295|270|1|257|0|0|
135|294|270|1|257|0|0|
135|295|270|1|257|0|0|
135|295|270|1|257|0|0|
135|294|270|1|257|0|0|
135|295|300|1|257|0|0|
135|294|270|1|257|0|0|
135|248|240|1|230|1|0|
135|315|300|1|257|1|0|
135|315|330|1|257|1|0|
135|315|330|1|257|1|0|
135|315|300|1|257|1|0|
135|248|240|1|230|1|0|
135|228|210|1|230|0|0|
135|315|300|1|257|1|0|
135|227|240|1|230|0|0|
135|294|330|1|257|0|0|
135|295|300|1|257|0|0|
135|228|210|1|230|0|0|
135|227|210|1|230|0|0|
135|294|300|1|257|0|0|
135|350|330|1|257|0|0|
135|294|300|1|257|0|0|
135|295|300|1|257|0|0|
135|295|300|1|257|0|0|
135|294|300|1|257|0|0|
135|227|240|1|230|0|0|
135|300|300|1|257|0|0|
135|295|300|1|257|0|0|
135|227|270|1|230|0|0|
135|294|270|1|257|0|0|
135|295|300|1|257|0|0|
135|294|300|1|257|0|0|
135|228|210|1|230|0|0|
135|300|300|1|257|0|0|
135|228|240|1|230|0|0|
135|295|300|1|257|0|0|
135|295|270|1|257|0|0|
135|233|240|1|230|0|0|
135|300|270|1|257|0|0|
135|300|300|1|257|0|0|
135|300|270|1|257|0|0|
135|227|210|1|230|0|0|
135|294|300|1|257|0|0|
135|300|330|1|257|0|0|
135|227|240|1|230|0|0|
135|300|330|1|257|0|0|
135|228|210|1|230|0|0|
135|294|270|1|257|0|0|
135|295|300|1|257|0|0|
135|294|270|1|257|0|0|
135|294|270|1|257|0|0|
135|294|270|1|257|0|0|
135|439|420|1|257|0|0|
135|294|300|1|257|0|0|
135|300|300|1|257|0|0|
135|300|300|1|257|0|0|
135|300|300|1|257|0|0|
135|300|300|1|257|0|0|
135|300|300|1|257|0|0|
135|294|300|1|257|0|0|
135|295|300|1|257|0|0|
135|295|300|1|257|0|0|
135|295|270|1|257|0|0|
135|295|300|1|257|0|0|
135|295|300|1|257|0|0|
135|295|270|1|257|0|0|
135|295|270|1|257|0|0|
135|295|300|1|257|0|0|
135|295|300|1|257|0|0|
135|296|300|1|257|0|0|
135|310|300|1|272|0|0|
135|294|270|1|257|0|0|
135|227|270|1|230|0|0|
135|300|300|1|257|0|0|
135|294|270|1|257|0|0|
135|295|300|1|257|0|0|
135|295|300|1|257|0|0|
135|295|300|1|257|0|0|
135|301|270|1|257|0|0|
135|300|300|1|257|0|0|
135|300|330|1|257|0|0|
135|294|300|1|257|0|0|
135|295|300|1|257|0|0|
135|294|300|1|257|0|0|
135|295|270|1|257|0|0|
135|295|270|1|257|0|0|
135|229|210|1|230|0|0|
135|300|300|1|257|0|0|
135|295|270|1|257|0|0|
135|228|210|1|230|0|0|
135|316|300|1|257|1|0|
135|321|360|1|257|1|0|
135|249|240|1|230|1|0|
135|381|390|1|257|1|0|
135|248|240|1|230|1|0|
135|248|270|1|230|1|0|
135|248|240|1|230|1|0|
135|249|240|1|230|1|0|
135|315|330|1|257|1|0|
135|248|240|1|230|1|0|
135|315|330|1|257|1|0|
135|248|240|1|230|1|0|
135|315|300|1|257|1|0|
135|249|240|1|230|1|0|
135|315|300|1|257|1|0|
135|315|300|1|257|1|0|
135|228|240|1|230|0|0|
135|228|240|1|230|0|0|
135|294|300|1|257|0|0|
135|227|270|1|230|0|0|
135|294|330|1|257|0|0|
135|228|210|1|230|0|0|
135|294|330|1|257|0|0|
135|300|300|1|257|0|0|
135|300|300|1|257|0|0|
135|294|300|1|257|0|0|
135|227|210|1|230|0|0|
135|455|480|1|257|0|0|
135|294|300|1|257|0|0|
135|294|300|1|257|0|0|
135|294|300|1|257|0|0|
135|294|270|1|257|0|0|
135|295|300|1|257|0|0|
135|227|210|1|230|0|0|
135|295|330|1|257|0|0|
135|228|210|1|230|0|0|
135|228|210|1|230|0|0|
135|228|210|1|230|0|0|
135|228|240|1|230|0|0|
135|228|210|1|230|0|0|
135|228|210|1|230|0|0|
135|366|330|1|228|0|0|
135|227|210|1|230|0|0|
135|228|240|1|230|0|0|
135|228|210|1|230|0|0|
135|228|240|1|230|0|0|
