INSTRUCTIONS_RETIRED|CYCLES|UNKNOWN|LD_BLOCKS.STORE_FORWARD|UOPS_EXECUTED.CORE|BR_MISP_RETIRED.ALL_BRANCHES|UOPS_ISSUED.SINGLE_MUL|
163|643|660|1|285|0|0|
163|336|330|1|285|0|0|
163|273|270|1|258|0|0|
163|268|270|1|258|0|0|
163|268|270|1|258|0|0|
163|268|270|1|258|0|0|
163|335|330|1|285|0|0|
163|334|330|1|285|0|0|
163|334|330|1|285|0|0|
163|334|360|1|285|0|0|
163|334|330|1|285|0|0|
163|335|330|1|285|0|0|
163|340|360|1|285|0|0|
163|334|330|1|285|0|0|
163|334|360|1|285|0|0|
163|335|360|1|285|0|0|
163|334|330|1|285|0|0|
163|341|360|1|285|0|0|
163|335|330|1|285|0|0|
163|269|270|1|258|0|0|
163|273|270|1|258|0|0|
163|334|360|1|285|0|0|
163|335|330|1|285|0|0|
163|335|330|1|285|0|0|
163|334|330|1|285|0|0|
163|334|330|1|285|0|0|
163|336|330|1|285|0|0|
163|334|330|1|285|0|0|
163|334|330|1|285|0|0|
163|334|330|1|285|0|0|
163|334|330|1|285|0|0|
163|334|330|1|285|0|0|
163|556|570|1|285|0|0|
163|336|300|1|285|0|0|
163|335|330|1|285|0|0|
163|335|330|1|285|0|0|
163|323|330|1|285|0|0|
163|323|300|1|285|0|0|
163|323|330|1|285|0|0|
163|327|300|1|285|0|0|
163|327|360|1|285|0|0|
163|327|300|1|285|0|0|
163|327|360|1|285|0|0|
163|323|360|1|285|0|0|
163|327|330|1|285|0|0|
163|323|330|1|285|0|0|
163|335|360|1|285|0|0|
163|334|330|1|285|0|0|
163|334|360|1|285|0|0|
163|323|330|1|285|0|0|
163|327|300|1|285|0|0|
163|327|390|1|285|0|0|
163|328|330|1|285|0|0|
163|323|330|1|285|0|0|
163|327|330|1|285|0|0|
163|327|390|1|285|0|0|
163|323|330|1|285|0|0|
163|323|330|1|285|0|0|
163|323|330|1|285|0|0|
163|327|330|1|285|0|0|
163|327|330|1|285|0|0|
163|327|330|1|285|0|0|
163|327|390|1|285|0|0|
163|327|330|1|285|0|0|
163|327|360|1|285|0|0|
163|327|360|1|285|0|0|
163|327|390|1|285|0|0|
163|328|330|1|285|0|0|
163|328|390|1|285|0|0|
163|327|360|1|285|0|0|
163|327|360|1|285|0|0|
163|327|330|1|285|0|0|
163|327|360|1|285|0|0|
163|327|330|1|285|0|0|
163|323|360|1|285|0|0|
163|323|330|1|285|0|0|
163|323|390|1|285|0|0|
163|323|390|1|285|0|0|
163|323|390|1|285|0|0|
163|323|390|1|285|0|0|
163|339|360|1|301|0|0|
163|323|360|1|285|0|0|
163|324|390|1|285|0|0|
163|335|390|1|285|0|0|
163|340|360|1|285|0|0|
163|335|360|1|285|0|0|
163|327|330|1|285|0|0|
163|323|300|1|285|0|0|
163|257|240|1|258|0|0|
163|269|270|1|258|0|0|
163|335|330|1|285|0|0|
163|268|300|1|258|0|0|
163|268|270|1|258|0|0|
163|268|270|1|258|0|0|
163|335|360|1|285|0|0|
163|335|330|1|285|0|0|
163|335|330|1|285|0|0|
163|335|330|1|285|0|0|
163|335|330|1|285|0|0|
163|341|360|1|285|0|0|
163|335|330|1|285|0|0|
163|335|330|1|285|0|0|
163|335|330|1|285|0|0|
163|335|330|1|285|0|0|
163|335|330|1|285|0|0|
163|268|270|1|258|0|0|
163|335|360|1|285|0|0|
163|335|360|1|285|0|0|
163|323|360|1|285|0|0|
163|323|390|1|285|0|0|
163|324|330|1|285|0|0|
163|327|330|1|285|0|0|
163|327|390|1|285|0|0|
163|336|360|1|285|0|0|
163|336|360|1|285|0|0|
163|340|390|1|285|0|0|
163|335|360|1|285|0|0|
163|323|360|1|285|0|0|
163|327|330|1|285|0|0|
163|334|360|1|285|0|0|
163|335|360|1|285|0|0|
163|335|360|1|285|0|0|
163|327|360|1|285|0|0|
163|328|330|1|285|0|0|
163|327|330|1|285|0|0|
163|344|390|1|302|0|0|
163|327|360|1|285|0|0|
163|323|330|1|285|0|0|
163|327|360|1|285|0|0|
163|327|360|1|285|0|0|
163|323|330|1|285|0|0|
163|323|360|1|285|0|0|
163|327|330|1|285|0|0|
163|327|360|1|285|0|0|
163|323|360|1|285|0|0|
163|323|360|1|285|0|0|
163|323|360|1|285|0|0|
163|324|300|1|285|0|0|
163|323|330|1|285|0|0|
163|323|360|1|285|0|0|
163|323|300|1|285|0|0|
163|269|270|1|258|0|0|
163|335|360|1|285|0|0|
163|335|330|1|285|0|0|
163|335|360|1|285|0|0|
163|335|360|1|285|0|0|
163|335|330|1|285|0|0|
163|334|360|1|285|0|0|
163|323|330|1|285|0|0|
163|323|360|1|285|0|0|
163|323|300|1|285|0|0|
163|323|360|1|285|0|0|
163|323|360|1|285|0|0|
163|323|330|1|285|0|0|
163|323|330|1|285|0|0|
163|323|360|1|285|0|0|
163|323|330|1|285|0|0|
163|323|360|1|285|0|0|
163|323|360|1|285|0|0|
163|323|330|1|285|0|0|
163|323|330|1|285|0|0|
163|323|330|1|285|0|0|
163|323|360|1|285|0|0|
163|323|360|1|285|0|0|
163|323|330|1|285|0|0|
163|323|360|1|285|0|0|
163|323|360|1|285|0|0|
163|323|330|1|285|0|0|
163|323|420|1|285|0|0|
163|323|360|1|285|0|0|
163|323|360|1|285|0|0|
163|323|390|1|285|0|0|
163|327|390|1|285|0|0|
163|323|390|1|285|0|0|
163|323|390|1|285|0|0|
163|335|420|1|285|0|0|
163|335|420|1|285|0|0|
163|335|390|1|285|0|0|
163|335|420|1|285|0|0|
163|335|390|1|285|0|0|
163|341|420|1|285|0|0|
163|335|390|1|285|0|0|
163|335|450|1|285|0|0|
163|335|390|1|285|0|0|
163|335|390|1|285|0|0|
163|341|420|1|285|0|0|
163|335|450|1|285|0|0|
163|335|420|1|285|0|0|
163|336|390|1|285|0|0|
163|335|420|1|285|0|0|
163|335|420|1|285|0|0|
163|335|420|1|285|0|0|
163|334|420|1|285|0|0|
163|335|390|1|285|0|0|
163|335|450|1|285|0|0|
163|341|450|1|285|0|0|
163|336|450|1|285|0|0|
163|335|420|1|285|0|0|
163|335|450|1|285|0|0|
163|335|420|1|285|0|0|
163|335|420|1|285|0|0|
163|335|450|1|285|0|0|
163|335|420|1|285|0|0|
163|335|450|1|285|0|0|
163|335|390|1|285|0|0|
163|335|420|1|285|0|0|
163|347|420|1|296|0|0|
163|335|420|1|285|0|0|
163|335|390|1|285|0|0|
163|335|390|1|285|0|0|
163|335|390|1|285|0|0|
163|335|420|1|285|0|0|
163|341|420|1|285|0|0|
163|335|420|1|285|0|0|
163|335|390|1|285|0|0|
163|341|420|1|285|0|0|
163|335|420|1|285|0|0|
163|335|390|1|285|0|0|
163|335|390|1|285|0|0|
163|336|390|1|285|0|0|
163|335|420|1|285|0|0|
163|335|390|1|285|0|0|
163|335|390|1|285|0|0|
163|335|390|1|285|0|0|
163|335|420|1|285|0|0|
163|335|390|1|285|0|0|
163|335|390|1|285|0|0|
163|335|420|1|285|0|0|
163|337|390|1|285|0|0|
163|335|420|1|285|0|0|
163|335|420|1|285|0|0|
163|335|420|1|285|0|0|
163|335|390|1|285|0|0|
163|335|420|1|285|0|0|
163|335|420|1|285|0|0|
163|341|420|1|285|0|0|
163|335|390|1|285|0|0|
163|341|420|1|285|0|0|
163|335|420|1|285|0|0|
163|335|390|1|285|0|0|
163|335|390|1|285|0|0|
163|341|390|1|285|0|0|
163|335|420|1|285|0|0|
163|335|450|1|285|0|0|
163|335|420|1|285|0|0|
163|335|390|1|285|0|0|
163|335|450|1|285|0|0|
163|335|450|1|285|0|0|
163|337|420|1|285|0|0|
163|335|420|1|285|0|0|
163|335|390|1|285|0|0|
163|335|390|1|285|0|0|
163|335|420|1|285|0|0|
163|335|390|1|285|0|0|
163|335|390|1|285|0|0|
163|335|450|1|285|0|0|
163|335|420|1|285|0|0|
163|335|420|1|285|0|0|
163|335|390|1|285|0|0|
163|335|420|1|285|0|0|
163|335|420|1|285|0|0|
163|335|420|1|285|0|0|
163|335|420|1|285|0|0|
163|335|420|1|285|0|0|
163|335|420|1|285|0|0|
163|335|420|1|285|0|0|
163|335|420|1|285|0|0|
163|341|390|1|285|0|0|
163|335|420|1|285|0|0|
163|335|420|1|285|0|0|
163|335|420|1|285|0|0|
163|335|420|1|285|0|0|
163|335|420|1|285|0|0|
163|335|450|1|285|0|0|
163|335|390|1|285|0|0|
163|335|420|1|285|0|0|
163|335|420|1|285|0|0|
163|335|390|1|285|0|0|
163|335|420|1|285|0|0|
163|335|420|1|285|0|0|
163|335|420|1|285|0|0|
163|335|420|1|285|0|0|
163|335|420|1|285|0|0|
163|335|390|1|285|0|0|
163|335|450|1|285|0|0|
163|335|450|1|285|0|0|
163|335|390|1|285|0|0|
163|337|420|1|285|0|0|
163|335|420|1|285|0|0|
163|335|390|1|285|0|0|
163|334|420|1|285|0|0|
163|344|450|1|293|0|0|
163|323|420|1|285|0|0|
163|323|300|1|285|0|0|
163|323|300|1|285|0|0|
163|323|300|1|285|0|0|
163|323|300|1|285|0|0|
163|323|330|1|285|0|0|
163|599|600|1|285|1|0|
163|337|330|1|285|0|0|
163|334|330|1|285|0|0|
163|334|330|1|285|0|0|
163|335|330|1|285|0|0|
163|534|510|1|256|0|0|
163|263|240|1|258|0|0|
163|327|300|1|285|0|0|
163|335|330|1|285|0|0|
163|340|330|1|285|0|0|
163|334|330|1|285|0|0|
163|323|330|1|285|0|0|
163|323|330|1|285|0|0|
163|327|330|1|285|0|0|
163|327|330|1|285|0|0|
163|260|240|1|258|0|0|
163|323|330|1|285|0|0|
163|343|360|1|301|0|0|
163|327|330|1|285|0|0|
163|327|360|1|285|0|0|
163|327|330|1|285|0|0|
163|322|330|1|285|0|0|
163|323|330|1|285|0|0|
163|323|360|1|285|0|0|
163|323|360|1|285|0|0|
163|327|330|1|285|0|0|
163|327|330|1|285|0|0|
163|471|480|1|285|0|0|
163|336|300|1|285|0|0|
163|335|330|1|285|0|0|
163|334|330|1|285|0|0|
163|334|360|1|285|0|0|
163|327|330|1|285|0|0|
163|327|330|1|285|0|0|
163|323|360|1|285|0|0|
163|1418|1380|1|256|0|0|
163|261|270|1|258|0|0|
163|327|300|1|285|0|0|
163|327|360|1|285|0|0|
163|327|330|1|285|0|0|
163|327|360|1|285|0|0|
163|334|330|1|285|0|0|
163|267|270|1|258|0|0|
163|268|270|1|258|0|0|
163|267|240|1|258|0|0|
163|273|270|1|258|0|0|
163|267|270|1|258|0|0|
163|268|240|1|258|0|0|
163|267|270|1|258|0|0|
163|273|270|1|258|0|0|
163|274|270|1|258|0|0|
163|267|270|1|258|0|0|
163|335|360|1|285|0|0|
163|269|240|1|258|0|0|
163|335|330|1|285|0|0|
163|334|360|1|285|0|0|
163|335|330|1|285|0|0|
163|269|270|1|258|0|0|
163|274|270|1|258|0|0|
163|267|240|1|258|0|0|
163|267|270|1|258|0|0|
163|334|360|1|285|0|0|
163|334|330|1|285|0|0|
163|340|360|1|285|0|0|
163|334|330|1|285|0|0|
163|334|330|1|285|0|0|
163|323|330|1|285|0|0|
163|327|330|1|285|0|0|
163|327|330|1|285|0|0|
163|323|300|1|285|0|0|
163|323|330|1|285|0|0|
163|327|330|1|285|0|0|
163|323|330|1|285|0|0|
163|323|300|1|285|0|0|
163|323|330|1|285|0|0|
163|323|330|1|285|0|0|
163|323|330|1|285|0|0|
163|323|300|1|285|0|0|
163|323|330|1|285|0|0|
163|335|360|1|285|0|0|
163|335|330|1|285|0|0|
163|336|330|1|285|0|0|
163|275|270|1|258|0|0|
163|270|270|1|258|0|0|
163|268|240|1|258|0|0|
163|268|240|1|258|0|0|
163|269|270|1|258|0|0|
163|268|270|1|258|0|0|
163|267|270|1|258|0|0|
163|268|240|1|258|0|0|
163|335|330|1|285|0|0|
163|268|270|1|258|0|0|
163|269|270|1|258|0|0|
163|268|270|1|258|0|0|
163|335|330|1|285|0|0|
163|336|360|1|285|0|0|
163|335|330|1|285|0|0|
163|335|330|1|285|0|0|
163|335|330|1|285|0|0|
163|274|270|1|258|0|0|
163|335|330|1|285|0|0|
163|685|690|1|285|0|0|
163|337|330|1|285|0|0|
163|341|330|1|285|0|0|
163|323|300|1|285|0|0|
163|323|300|1|285|0|0|
163|323|300|1|285|0|0|
163|323|300|1|285|0|0|
163|323|360|1|285|0|0|
163|323|360|1|285|0|0|
163|323|330|1|285|0|0|
163|340|330|1|285|0|0|
163|327|360|1|285|0|0|
163|327|330|1|285|0|0|
163|327|330|1|285|0|0|
163|327|300|1|285|0|0|
163|327|330|1|285|0|0|
163|327|330|1|285|0|0|
163|327|330|1|285|0|0|
163|327|330|1|285|0|0|
163|506|510|1|285|0|0|
163|327|360|1|285|0|0|
163|260|270|1|258|0|0|
163|327|360|1|285|0|0|
163|260|300|1|258|0|0|
163|327|360|1|285|0|0|
163|327|330|1|285|0|0|
163|261|240|1|258|0|0|
163|260|240|1|258|0|0|
163|327|330|1|285|0|0|
163|261|270|1|258|0|0|
163|274|270|1|258|0|0|
163|260|240|1|258|0|0|
163|260|240|1|258|0|0|
163|256|240|1|258|0|0|
163|327|330|1|285|0|0|
163|334|330|1|285|0|0|
163|256|270|1|258|0|0|
163|260|240|1|258|0|0|
163|323|330|1|285|0|0|
163|497|480|1|285|0|0|
163|260|270|1|258|0|0|
163|323|330|1|285|0|0|
163|267|270|1|258|0|0|
163|334|330|1|285|0|0|
163|335|330|1|285|0|0|
163|327|330|1|285|0|0|
163|1187|1200|1|285|0|0|
163|260|270|1|258|0|0|
163|257|240|1|258|0|0|
163|260|240|1|258|0|0|
163|260|240|1|258|0|0|
163|260|240|1|258|0|0|
163|260|240|1|258|0|0|
163|257|240|1|258|0|0|
163|334|300|1|285|0|0|
163|323|330|1|285|0|0|
163|260|270|1|258|0|0|
163|256|270|1|258|0|0|
163|261|270|1|258|0|0|
163|256|240|1|258|0|0|
163|260|270|1|258|0|0|
163|260|240|1|258|0|0|
163|341|330|1|285|0|0|
163|335|360|1|285|0|0|
163|327|330|1|285|0|0|
163|324|300|1|285|0|0|
163|260|270|1|258|0|0|
163|261|240|1|258|0|0|
163|327|330|1|285|0|0|
163|258|240|1|258|0|0|
163|327|330|1|285|0|0|
163|328|330|1|285|0|0|
163|328|330|1|285|0|0|
163|328|330|1|285|0|0|
163|328|330|1|285|0|0|
163|327|360|1|285|0|0|
163|327|330|1|285|0|0|
163|279|270|1|258|1|0|
163|284|270|1|258|1|0|
163|278|300|1|258|1|0|
163|337|330|1|285|0|0|
163|336|330|1|285|0|0|
163|478|480|1|285|0|0|
163|260|270|1|258|0|0|
163|261|240|1|258|0|0|
163|279|270|1|258|1|0|
163|409|420|1|285|0|0|
163|688|660|1|285|0|0|
163|327|300|1|285|0|0|
163|327|330|1|285|0|0|
163|327|330|1|285|0|0|
163|327|330|1|285|0|0|
163|327|330|1|285|0|0|
163|327|300|1|285|0|0|
163|279|270|1|258|1|0|
163|279|270|1|258|1|0|
163|269|270|1|258|0|0|
163|269|270|1|258|0|0|
163|269|240|1|258|0|0|
163|268|240|1|258|0|0|
163|268|240|1|258|0|0|
163|267|270|1|258|0|0|
163|268|270|1|258|0|0|
163|267|270|1|258|0|0|
163|565|570|1|285|0|0|
163|267|270|1|258|0|0|
163|267|270|1|258|0|0|
163|334|330|1|285|0|0|
163|334|330|1|285|0|0|
163|334|330|1|285|0|0|
163|334|300|1|285|0|0|
163|334|330|1|285|0|0|
163|334|330|1|285|0|0|
163|327|330|1|285|0|0|
163|334|330|1|285|0|0|
163|334|360|1|285|0|0|
163|335|330|1|285|0|0|
163|323|300|1|285|0|0|
163|334|360|1|285|0|0|
163|260|300|1|258|0|0|
163|988|930|1|285|0|0|
163|279|300|1|258|1|0|
163|346|360|1|285|1|0|
163|334|360|1|285|0|0|
163|334|360|1|285|0|0|
163|334|360|1|285|0|0|
163|334|360|1|285|0|0|
163|292|300|1|258|1|0|
163|323|300|1|285|0|0|
163|260|270|1|258|0|0|
163|327|330|1|285|0|0|
163|336|360|1|285|0|0|
163|334|330|1|285|0|0|
163|279|270|1|258|1|0|
163|323|330|1|285|0|0|
163|323|330|1|285|0|0|
163|340|330|1|285|0|0|
163|334|300|1|285|0|0|
163|334|360|1|285|0|0|
163|261|270|1|258|0|0|
163|324|390|1|285|0|0|
163|334|360|1|285|0|0|
163|323|360|1|285|0|0|
163|327|300|1|285|0|0|
163|323|300|1|285|0|0|
163|323|330|1|285|0|0|
163|279|270|1|258|1|0|
163|336|330|1|285|0|0|
163|327|360|1|285|0|0|
163|337|360|1|285|0|0|
163|327|360|1|285|0|0|
163|327|360|1|285|0|0|
163|279|300|1|258|1|0|
163|279|300|1|258|1|0|
163|341|330|1|285|0|0|
163|279|270|1|258|1|0|
163|359|360|1|285|1|0|
163|268|270|1|258|0|0|
163|335|330|1|285|0|0|
163|334|360|1|285|0|0|
163|334|360|1|285|0|0|
163|280|270|1|258|1|0|
163|336|360|1|285|0|0|
163|335|360|1|285|0|0|
163|327|360|1|285|0|0|
163|268|270|1|258|0|0|
163|268|270|1|258|0|0|
163|335|360|1|285|0|0|
163|335|360|1|285|0|0|
163|341|360|1|285|0|0|
163|335|360|1|285|0|0|
163|335|360|1|285|0|0|
163|323|330|1|285|0|0|
163|323|360|1|285|0|0|
163|328|360|1|285|0|0|
163|323|330|1|285|0|0|
163|328|360|1|285|0|0|
163|334|360|1|285|0|0|
163|334|330|1|285|0|0|
163|279|300|1|258|1|0|
163|327|360|1|285|0|0|
163|327|330|1|285|0|0|
163|335|330|1|285|0|0|
163|334|360|1|285|0|0|
163|334|330|1|285|0|0|
163|337|360|1|285|0|0|
163|334|330|1|285|0|0|
163|327|300|1|285|0|0|
163|327|330|1|285|0|0|
163|328|360|1|285|0|0|
163|327|360|1|285|0|0|
163|327|360|1|285|0|0|
163|323|330|1|285|0|0|
163|323|360|1|285|0|0|
163|324|330|1|285|0|0|
163|323|360|1|285|0|0|
163|323|360|1|285|0|0|
163|323|360|1|285|0|0|
163|323|360|1|285|0|0|
163|323|360|1|285|0|0|
163|323|360|1|285|0|0|
163|323|330|1|285|0|0|
163|323|390|1|285|0|0|
163|323|390|1|285|0|0|
163|323|360|1|285|0|0|
163|323|330|1|285|0|0|
163|324|360|1|285|0|0|
163|323|330|1|285|0|0|
163|323|330|1|285|0|0|
163|323|330|1|285|0|0|
163|323|390|1|285|0|0|
163|323|360|1|285|0|0|
163|323|390|1|285|0|0|
163|337|360|1|285|0|0|
163|335|360|1|285|0|0|
163|342|360|1|285|0|0|
163|335|390|1|285|0|0|
163|335|360|1|285|0|0|
163|335|360|1|285|0|0|
163|341|420|1|285|0|0|
163|335|420|1|285|0|0|
163|335|390|1|285|0|0|
163|335|420|1|285|0|0|
163|335|390|1|285|0|0|
163|335|390|1|285|0|0|
163|327|420|1|285|0|0|
163|323|390|1|285|0|0|
163|327|420|1|285|0|0|
163|323|420|1|285|0|0|
163|327|390|1|285|0|0|
163|327|390|1|285|0|0|
163|323|420|1|285|0|0|
163|327|390|1|285|0|0|
163|323|360|1|285|0|0|
163|323|420|1|285|0|0|
163|323|420|1|285|0|0|
163|323|420|1|285|0|0|
163|323|420|1|285|0|0|
163|327|420|1|285|0|0|
163|323|360|1|285|0|0|
163|323|420|1|285|0|0|
163|327|420|1|285|0|0|
163|323|420|1|285|0|0|
163|327|420|1|285|0|0|
163|327|420|1|285|0|0|
163|327|420|1|285|0|0|
163|327|390|1|285|0|0|
163|327|420|1|285|0|0|
163|261|330|1|258|0|0|
163|327|420|1|285|0|0|
163|327|420|1|285|0|0|
163|327|420|1|285|0|0|
163|323|390|1|285|0|0|
163|327|390|1|285|0|0|
163|327|390|1|285|0|0|
163|323|390|1|285|0|0|
163|327|390|1|285|0|0|
163|327|330|1|285|0|0|
163|327|360|1|285|0|0|
163|327|360|1|285|0|0|
163|323|360|1|285|0|0|
163|327|360|1|285|0|0|
163|323|330|1|285|0|0|
163|327|360|1|285|0|0|
163|327|360|1|285|0|0|
163|327|390|1|285|0|0|
163|324|360|1|285|0|0|
163|327|390|1|285|0|0|
163|323|330|1|285|0|0|
163|327|360|1|285|0|0|
163|323|360|1|285|0|0|
163|327|360|1|285|0|0|
163|323|330|1|285|0|0|
163|323|390|1|285|0|0|
163|327|390|1|285|0|0|
163|328|390|1|285|0|0|
163|327|360|1|285|0|0|
163|327|360|1|285|0|0|
163|327|360|1|285|0|0|
163|323|330|1|285|0|0|
163|323|330|1|285|0|0|
163|327|360|1|285|0|0|
163|323|330|1|285|0|0|
163|323|390|1|285|0|0|
163|327|390|1|285|0|0|
163|327|360|1|285|0|0|
163|327|330|1|285|0|0|
163|323|360|1|285|0|0|
163|323|330|1|285|0|0|
163|327|300|1|285|0|0|
163|327|330|1|285|0|0|
163|327|300|1|285|0|0|
163|323|330|1|285|0|0|
163|327|330|1|285|0|0|
163|327|330|1|285|0|0|
163|260|270|1|258|0|0|
163|340|360|1|285|0|0|
163|334|330|1|285|0|0|
163|334|330|1|285|0|0|
163|334|330|1|285|0|0|
163|267|270|1|258|0|0|
163|334|330|1|285|0|0|
163|334|360|1|285|0|0|
163|335|330|1|285|0|0|
163|336|330|1|285|0|0|
163|334|360|1|285|0|0|
163|334|360|1|285|0|0|
163|334|330|1|285|0|0|
163|340|330|1|285|0|0|
163|334|330|1|285|0|0|
163|334|330|1|285|0|0|
163|334|360|1|285|0|0|
163|334|330|1|285|0|0|
163|334|330|1|285|0|0|
163|334|330|1|285|0|0|
163|334|360|1|285|0|0|
163|335|330|1|285|0|0|
163|335|330|1|285|0|0|
163|334|300|1|285|0|0|
163|334|330|1|285|0|0|
163|335|330|1|285|0|0|
163|334|330|1|285|0|0|
163|334|330|1|285|0|0|
163|334|330|1|285|0|0|
163|335|360|1|285|0|0|
163|334|330|1|285|0|0|
163|334|360|1|285|0|0|
163|334|330|1|285|0|0|
163|334|330|1|285|0|0|
163|334|330|1|285|0|0|
163|334|360|1|285|0|0|
163|334|330|1|285|0|0|
163|334|360|1|285|0|0|
163|349|330|1|299|0|0|
163|335|330|1|285|0|0|
163|334|330|1|285|0|0|
163|334|360|1|285|0|0|
163|334|330|1|285|0|0|
163|335|360|1|285|0|0|
163|334|330|1|285|0|0|
163|267|270|1|258|0|0|
163|335|330|1|285|0|0|
163|334|330|1|285|0|0|
163|340|360|1|285|0|0|
163|340|330|1|285|0|0|
163|334|330|1|285|0|0|
163|334|330|1|285|0|0|
163|334|360|1|285|0|0|
163|334|330|1|285|0|0|
163|335|360|1|285|0|0|
163|273|270|1|258|0|0|
163|334|330|1|285|0|0|
163|336|360|1|285|0|0|
163|334|330|1|285|0|0|
163|350|330|1|300|0|0|
163|334|330|1|285|0|0|
163|334|330|1|285|0|0|
163|334|330|1|285|0|0|
163|334|300|1|285|0|0|
163|334|330|1|285|0|0|
163|334|330|1|285|0|0|
163|352|360|1|303|0|0|
163|334|360|1|285|0|0|
163|341|360|1|285|0|0|
163|334|330|1|285|0|0|
163|334|330|1|285|0|0|
163|335|360|1|285|0|0|
163|335|330|1|285|0|0|
163|334|330|1|285|0|0|
163|334|330|1|285|0|0|
163|334|330|1|285|0|0|
163|341|330|1|285|0|0|
163|334|360|1|285|0|0|
163|335|330|1|285|0|0|
163|340|360|1|285|0|0|
163|334|330|1|285|0|0|
163|334|330|1|285|0|0|
163|348|360|1|296|0|0|
163|334|330|1|285|0|0|
163|334|330|1|285|0|0|
163|340|360|1|285|0|0|
163|335|330|1|285|0|0|
163|336|330|1|285|0|0|
163|334|330|1|285|0|0|
163|334|360|1|285|0|0|
163|335|330|1|285|0|0|
163|335|330|1|285|0|0|
163|334|330|1|285|0|0|
163|340|360|1|285|0|0|
163|335|330|1|285|0|0|
163|335|330|1|285|0|0|
163|335|330|1|285|0|0|
163|340|330|1|285|0|0|
163|334|330|1|285|0|0|
163|267|270|1|258|0|0|
163|334|330|1|285|0|0|
163|334|360|1|285|0|0|
163|334|360|1|285|0|0|
163|334|330|1|285|0|0|
163|334|330|1|285|0|0|
163|334|330|1|285|0|0|
163|336|330|1|285|0|0|
163|334|330|1|285|0|0|
163|334|330|1|285|0|0|
163|334|330|1|285|0|0|
163|334|360|1|285|0|0|
163|334|330|1|285|0|0|
163|334|330|1|285|0|0|
163|334|330|1|285|0|0|
163|334|330|1|285|0|0|
163|334|330|1|285|0|0|
163|334|330|1|285|0|0|
163|334|330|1|285|0|0|
163|334|330|1|285|0|0|
163|334|300|1|285|0|0|
163|334|330|1|285|0|0|
163|334|360|1|285|0|0|
163|334|330|1|285|0|0|
163|334|360|1|285|0|0|
163|334|330|1|285|0|0|
163|334|330|1|285|0|0|
163|334|300|1|285|0|0|
163|334|360|1|285|0|0|
163|334|360|1|285|0|0|
163|334|330|1|285|0|0|
163|334|330|1|285|0|0|
163|335|360|1|285|0|0|
163|336|330|1|285|0|0|
163|334|360|1|285|0|0|
163|340|330|1|285|0|0|
163|335|330|1|285|0|0|
163|334|300|1|285|0|0|
163|334|330|1|285|0|0|
163|334|330|1|285|0|0|
163|340|330|1|285|0|0|
163|335|330|1|285|0|0|
163|334|300|1|285|0|0|
163|335|450|1|285|0|0|
163|335|330|1|285|0|0|
163|334|360|1|285|0|0|
163|336|360|1|285|0|0|
163|334|360|1|285|0|0|
163|340|450|1|285|0|0|
163|327|330|1|285|0|0|
163|340|420|1|285|0|0|
163|335|360|1|285|0|0|
163|336|390|1|285|0|0|
163|341|390|1|285|0|0|
163|335|390|1|285|0|0|
163|335|390|1|285|0|0|
163|335|420|1|285|0|0|
163|334|330|1|285|0|0|
163|335|390|1|285|0|0|
163|411|480|1|285|0|0|
163|336|420|1|285|0|0|
163|327|390|1|285|0|0|
163|323|390|1|285|0|0|
163|327|330|1|285|0|0|
163|327|360|1|285|0|0|
163|323|390|1|285|0|0|
163|327|360|1|285|0|0|
163|327|390|1|285|0|0|
163|327|390|1|285|0|0|
163|327|360|1|285|0|0|
163|323|360|1|285|0|0|
163|327|390|1|285|0|0|
163|324|390|1|285|0|0|
163|327|390|1|285|0|0|
163|327|390|1|285|0|0|
163|323|330|1|285|0|0|
163|323|360|1|285|0|0|
163|323|330|1|285|0|0|
163|323|360|1|285|0|0|
163|323|360|1|285|0|0|
163|323|360|1|285|0|0|
163|323|330|1|285|0|0|
163|327|360|1|285|0|0|
163|323|330|1|285|0|0|
163|327|330|1|285|0|0|
163|327|330|1|285|0|0|
163|327|300|1|285|0|0|
163|323|330|1|285|0|0|
163|328|330|1|285|0|0|
163|327|330|1|285|0|0|
163|323|300|1|285|0|0|
163|323|330|1|285|0|0|
163|268|270|1|258|0|0|
163|275|270|1|258|0|0|
163|335|330|1|285|0|0|
163|341|330|1|285|0|0|
163|335|360|1|285|0|0|
163|335|330|1|285|0|0|
163|335|330|1|285|0|0|
163|336|360|1|285|0|0|
163|335|330|1|285|0|0|
163|335|330|1|285|0|0|
163|292|270|1|258|1|0|
163|335|360|1|285|0|0|
163|335|360|1|285|0|0|
163|327|360|1|285|0|0|
163|327|360|1|285|0|0|
163|327|360|1|285|0|0|
163|327|330|1|285|0|0|
163|327|360|1|285|0|0|
163|327|360|1|285|0|0|
163|334|360|1|285|0|0|
163|336|360|1|285|0|0|
163|334|360|1|285|0|0|
163|334|360|1|285|0|0|
163|334|360|1|285|0|0|
163|334|360|1|285|0|0|
163|334|330|1|285|0|0|
163|269|270|1|258|0|0|
163|267|300|1|258|0|0|
163|269|300|1|258|0|0|
163|267|300|1|258|0|0|
163|335|330|1|285|0|0|
163|269|270|1|258|0|0|
163|323|330|1|285|0|0|
163|335|330|1|285|0|0|
163|268|270|1|258|0|0|
163|268|270|1|258|0|0|
163|268|270|1|258|0|0|
163|268|270|1|258|0|0|
163|275|270|1|258|0|0|
163|335|360|1|285|0|0|
163|269|270|1|258|0|0|
163|269|270|1|258|0|0|
163|268|270|1|258|0|0|
163|335|300|1|285|0|0|
163|341|330|1|285|0|0|
163|268|300|1|258|0|0|
163|335|330|1|285|0|0|
163|335|330|1|285|0|0|
163|336|360|1|285|0|0|
163|336|330|1|285|0|0|
163|323|330|1|285|0|0|
163|323|300|1|285|0|0|
163|324|300|1|285|0|0|
163|327|330|1|285|0|0|
163|323|360|1|285|0|0|
163|261|300|1|258|0|0|
163|328|360|1|285|0|0|
163|323|360|1|285|0|0|
163|323|390|1|285|0|0|
163|324|360|1|285|0|0|
163|324|390|1|285|0|0|
163|323|330|1|285|0|0|
163|335|360|1|285|0|0|
163|335|360|1|285|0|0|
163|335|360|1|285|0|0|
163|335|390|1|285|0|0|
163|340|360|1|285|0|0|
163|335|390|1|285|0|0|
163|335|390|1|285|0|0|
163|334|360|1|285|0|0|
163|335|360|1|285|0|0|
163|336|360|1|285|0|0|
163|335|330|1|285|0|0|
163|334|330|1|285|0|0|
163|334|330|1|285|0|0|
163|279|270|1|258|1|0|
163|336|330|1|285|0|0|
163|327|330|1|285|0|0|
163|327|330|1|285|0|0|
163|327|330|1|285|0|0|
163|323|300|1|285|0|0|
163|327|330|1|285|0|0|
163|327|330|1|285|0|0|
163|323|330|1|285|0|0|
163|323|330|1|285|0|0|
163|323|300|1|285|0|0|
163|328|330|1|285|0|0|
163|335|330|1|285|0|0|
163|280|300|1|258|1|0|
163|327|360|1|285|0|0|
163|279|270|1|258|1|0|
163|337|330|1|285|0|0|
163|334|330|1|285|0|0|
163|334|330|1|285|0|0|
163|334|330|1|285|0|0|
163|327|360|1|285|0|0|
163|323|330|1|285|0|0|
163|336|360|1|285|0|0|
163|334|360|1|285|0|0|
163|335|360|1|285|0|0|
163|334|360|1|285|0|0|
163|334|360|1|285|0|0|
163|334|360|1|285|0|0|
163|280|300|1|258|1|0|
163|327|360|1|285|0|0|
163|279|270|1|258|1|0|
163|280|300|1|258|1|0|
163|260|270|1|258|0|0|
163|335|360|1|285|0|0|
163|323|330|1|285|0|0|
163|279|300|1|258|1|0|
163|327|330|1|285|0|0|
163|323|330|1|285|0|0|
163|323|360|1|285|0|0|
163|335|360|1|285|0|0|
