INSTRUCTIONS_RETIRED|CYCLES|UNKNOWN|LD_BLOCKS.STORE_FORWARD|UOPS_EXECUTED.CORE|BR_MISP_RETIRED.ALL_BRANCHES|UOPS_ISSUED.SINGLE_MUL|
141|353|450|1|278|0|0|
141|301|300|1|263|0|0|
141|300|360|1|263|0|0|
141|300|360|1|263|0|0|
141|300|420|1|263|0|0|
141|301|390|1|263|0|0|
141|300|300|1|263|0|0|
141|234|330|1|236|0|0|
141|234|300|1|236|0|0|
141|233|210|1|236|0|0|
141|301|300|1|263|0|0|
141|300|300|1|263|0|0|
141|234|210|1|236|0|0|
141|233|240|1|236|0|0|
141|300|270|1|263|0|0|
141|301|300|1|263|0|0|
141|300|390|1|263|0|0|
141|300|390|1|263|0|0|
141|302|300|1|263|0|0|
141|300|300|1|263|0|0|
141|301|360|1|263|0|0|
141|300|390|1|263|0|0|
141|301|390|1|263|0|0|
141|301|390|1|263|0|0|
141|301|390|1|263|0|0|
141|300|390|1|263|0|0|
141|328|420|1|263|1|0|
141|300|360|1|263|0|0|
141|301|360|1|263|0|0|
141|300|300|1|263|0|0|
141|256|240|1|236|1|0|
141|300|300|1|263|0|0|
141|300|300|1|263|0|0|
141|301|300|1|263|0|0|
141|301|300|1|263|0|0|
141|300|300|1|263|0|0|
141|301|330|1|263|0|0|
141|300|300|1|263|0|0|
141|300|300|1|263|0|0|
141|300|270|1|263|0|0|
141|300|300|1|263|0|0|
141|302|330|1|263|0|0|
141|300|300|1|263|0|0|
141|301|300|1|263|0|0|
141|301|270|1|263|0|0|
141|300|300|1|263|0|0|
141|302|300|1|263|0|0|
141|300|300|1|263|0|0|
141|234|240|1|236|0|0|
141|300|330|1|263|0|0|
141|301|330|1|263|0|0|
141|301|300|1|263|0|0|
141|301|330|1|263|0|0|
141|302|360|1|263|0|0|
141|300|300|1|263|0|0|
141|300|360|1|263|0|0|
141|300|330|1|263|0|0|
141|300|300|1|263|0|0|
141|301|300|1|263|0|0|
141|301|300|1|263|0|0|
141|301|360|1|263|0|0|
141|300|330|1|263|0|0|
141|300|330|1|263|0|0|
141|300|300|1|263|0|0|
141|302|330|1|263|0|0|
141|301|300|1|263|0|0|
141|300|300|1|263|0|0|
141|301|300|1|263|0|0|
141|317|330|1|278|0|0|
141|301|300|1|263|0|0|
141|300|300|1|263|0|0|
141|301|360|1|263|0|0|
141|301|360|1|263|0|0|
141|301|300|1|263|0|0|
141|301|330|1|263|0|0|
141|301|330|1|263|0|0|
141|302|360|1|263|0|0|
141|301|330|1|263|0|0|
141|301|330|1|263|0|0|
141|301|300|1|263|0|0|
141|301|330|1|263|0|0|
141|300|360|1|263|0|0|
141|301|330|1|263|0|0|
141|301|360|1|263|0|0|
141|300|300|1|263|0|0|
141|300|300|1|263|0|0|
141|301|360|1|263|0|0|
141|301|300|1|263|0|0|
141|301|330|1|263|0|0|
141|301|330|1|263|0|0|
141|300|330|1|263|0|0|
141|300|360|1|263|0|0|
141|300|300|1|263|0|0|
141|301|300|1|263|0|0|
141|300|330|1|263|0|0|
141|300|330|1|263|0|0|
141|301|300|1|263|0|0|
141|301|300|1|263|0|0|
141|302|300|1|263|0|0|
141|301|330|1|263|0|0|
141|300|360|1|263|0|0|
141|301|360|1|263|0|0|
141|301|330|1|263|0|0|
141|300|330|1|263|0|0|
141|301|300|1|263|0|0|
141|301|330|1|263|0|0|
141|300|330|1|263|0|0|
141|233|270|1|236|0|0|
141|300|330|1|263|0|0|
141|301|330|1|263|0|0|
141|301|360|1|263|0|0|
141|300|300|1|263|0|0|
141|300|360|1|263|0|0|
141|301|360|1|263|0|0|
141|300|300|1|263|0|0|
141|301|360|1|263|0|0|
141|301|330|1|263|0|0|
141|301|360|1|263|0|0|
141|301|300|1|263|0|0|
141|300|360|1|263|0|0|
141|300|330|1|263|0|0|
141|301|300|1|263|0|0|
141|300|300|1|263|0|0|
141|301|300|1|263|0|0|
141|300|300|1|263|0|0|
141|300|300|1|263|0|0|
141|300|300|1|263|0|0|
141|300|300|1|263|0|0|
141|300|300|1|263|0|0|
141|301|300|1|263|0|0|
141|300|300|1|263|0|0|
141|301|300|1|263|0|0|
141|300|300|1|263|0|0|
141|300|300|1|263|0|0|
141|300|300|1|263|0|0|
141|300|330|1|263|0|0|
141|300|300|1|263|0|0|
141|300|270|1|263|0|0|
141|300|300|1|263|0|0|
141|300|270|1|263|0|0|
141|301|300|1|263|0|0|
141|300|300|1|263|0|0|
141|301|300|1|263|0|0|
141|300|300|1|263|0|0|
141|300|330|1|263|0|0|
141|300|300|1|263|0|0|
141|301|300|1|263|0|0|
141|300|300|1|263|0|0|
141|300|300|1|263|0|0|
141|302|300|1|263|0|0|
141|300|270|1|263|0|0|
141|300|300|1|263|0|0|
141|300|300|1|263|0|0|
141|300|300|1|263|0|0|
141|300|300|1|263|0|0|
141|300|300|1|263|0|0|
141|301|300|1|263|0|0|
141|300|300|1|263|0|0|
141|234|240|1|236|0|0|
141|300|270|1|263|0|0|
141|300|300|1|263|0|0|
141|300|270|1|263|0|0|
141|300|300|1|263|0|0|
141|300|270|1|263|0|0|
141|311|300|1|272|0|0|
141|233|210|1|236|0|0|
141|300|300|1|263|0|0|
141|301|300|1|263|0|0|
141|301|300|1|263|0|0|
141|300|300|1|263|0|0|
141|300|330|1|263|0|0|
141|300|300|1|263|0|0|
141|300|300|1|263|0|0|
141|301|300|1|263|0|0|
141|300|300|1|263|0|0|
141|300|300|1|263|0|0|
141|300|270|1|263|0|0|
141|300|300|1|263|0|0|
141|300|300|1|263|0|0|
141|300|300|1|263|0|0|
141|301|300|1|263|0|0|
141|300|270|1|263|0|0|
141|300|270|1|263|0|0|
141|300|270|1|263|0|0|
141|300|300|1|263|0|0|
141|300|300|1|263|0|0|
141|300|300|1|263|0|0|
141|300|330|1|263|0|0|
141|300|300|1|263|0|0|
141|300|300|1|263|0|0|
141|300|300|1|263|0|0|
141|301|300|1|263|0|0|
141|301|300|1|263|0|0|
141|300|300|1|263|0|0|
141|300|300|1|263|0|0|
141|301|270|1|263|0|0|
141|301|300|1|263|0|0|
141|301|300|1|263|0|0|
141|300|300|1|263|0|0|
141|300|300|1|263|0|0|
141|300|300|1|263|0|0|
141|301|330|1|263|0|0|
141|300|300|1|263|0|0|
141|300|300|1|263|0|0|
141|301|270|1|263|0|0|
141|235|210|1|236|0|0|
141|300|330|1|263|0|0|
141|301|300|1|263|0|0|
141|300|300|1|263|0|0|
141|301|390|1|263|0|0|
141|300|300|1|263|0|0|
141|300|300|1|263|0|0|
141|300|300|1|263|0|0|
141|300|300|1|263|0|0|
141|301|270|1|263|0|0|
141|300|300|1|263|0|0|
141|234|240|1|236|0|0|
141|300|300|1|263|0|0|
141|301|300|1|263|0|0|
141|234|240|1|236|0|0|
141|300|300|1|263|0|0|
141|300|270|1|263|0|0|
141|300|300|1|263|0|0|
141|300|300|1|263|0|0|
141|300|300|1|263|0|0|
141|301|300|1|263|0|0|
141|301|300|1|263|0|0|
141|301|300|1|263|0|0|
141|301|300|1|263|0|0|
141|301|270|1|263|0|0|
141|301|270|1|263|0|0|
141|301|300|1|263|0|0|
141|301|270|1|263|0|0|
141|301|330|1|263|0|0|
141|300|330|1|263|0|0|
141|301|300|1|263|0|0|
141|300|300|1|263|0|0|
141|301|270|1|263|0|0|
141|300|300|1|263|0|0|
141|301|300|1|263|0|0|
141|301|300|1|263|0|0|
141|302|270|1|263|0|0|
141|300|330|1|263|0|0|
141|302|330|1|263|0|0|
141|300|330|1|263|0|0|
141|371|390|1|234|0|0|
141|301|330|1|263|0|0|
141|300|300|1|263|0|0|
141|233|270|1|236|0|0|
141|300|270|1|263|0|0|
141|300|300|1|263|0|0|
141|301|300|1|263|0|0|
141|302|330|1|263|0|0|
141|1293|1320|1|263|0|0|
141|234|270|1|236|0|0|
141|302|330|1|263|0|0|
141|301|270|1|263|0|0|
141|301|330|1|263|0|0|
141|234|210|1|236|0|0|
141|301|330|1|263|0|0|
141|300|330|1|263|0|0|
141|301|330|1|263|0|0|
141|302|330|1|263|0|0|
141|301|330|1|263|0|0|
141|301|300|1|263|0|0|
141|300|330|1|263|0|0|
141|300|330|1|263|0|0|
141|301|330|1|263|0|0|
141|300|270|1|263|0|0|
141|301|270|1|263|0|0|
141|301|300|1|263|0|0|
141|301|300|1|263|0|0|
141|301|330|1|263|0|0|
141|301|300|1|263|0|0|
141|301|330|1|263|0|0|
141|302|330|1|263|0|0|
141|302|330|1|263|0|0|
141|301|300|1|263|0|0|
141|301|330|1|263|0|0|
141|300|300|1|263|0|0|
141|300|300|1|263|0|0|
141|301|300|1|263|0|0|
141|300|330|1|263|0|0|
141|301|300|1|263|0|0|
141|300|270|1|263|0|0|
141|233|240|1|236|0|0|
141|302|300|1|263|0|0|
141|300|300|1|263|0|0|
141|301|300|1|263|0|0|
141|301|300|1|263|0|0|
141|301|300|1|263|0|0|
141|302|330|1|263|0|0|
141|234|240|1|236|0|0|
141|234|240|1|236|0|0|
141|301|300|1|263|0|0|
141|301|270|1|263|0|0|
141|300|300|1|263|0|0|
141|300|300|1|263|0|0|
141|300|300|1|263|0|0|
141|300|300|1|263|0|0|
141|300|300|1|263|0|0|
141|301|270|1|263|0|0|
141|300|300|1|263|0|0|
141|300|300|1|263|0|0|
141|234|240|1|236|0|0|
141|300|300|1|263|0|0|
141|300|300|1|263|0|0|
141|301|330|1|263|0|0|
141|300|300|1|263|0|0|
141|300|300|1|263|0|0|
141|316|300|1|278|0|0|
141|301|270|1|263|0|0|
141|300|300|1|263|0|0|
141|300|300|1|263|0|0|
141|233|240|1|236|0|0|
141|301|300|1|263|0|0|
141|300|300|1|263|0|0|
141|301|300|1|263|0|0|
141|300|300|1|263|0|0|
141|300|300|1|263|0|0|
141|300|270|1|263|0|0|
141|300|300|1|263|0|0|
141|300|300|1|263|0|0|
141|234|210|1|236|0|0|
141|300|330|1|263|0|0|
141|301|300|1|263|0|0|
141|301|330|1|263|0|0|
141|300|300|1|263|0|0|
141|300|330|1|263|0|0|
141|301|360|1|263|0|0|
141|301|330|1|263|0|0|
141|300|330|1|263|0|0|
141|300|360|1|263|0|0|
141|300|330|1|263|0|0|
141|300|360|1|263|0|0|
141|301|360|1|263|0|0|
141|301|330|1|263|0|0|
141|300|300|1|263|0|0|
141|300|300|1|263|0|0|
141|300|300|1|263|0|0|
141|301|360|1|263|0|0|
141|302|360|1|263|0|0|
141|302|300|1|263|0|0|
141|301|360|1|263|0|0|
141|302|360|1|263|0|0|
141|301|360|1|263|0|0|
141|301|300|1|263|0|0|
141|301|360|1|263|0|0|
141|301|300|1|263|0|0|
141|311|330|1|271|0|0|
141|301|360|1|263|0|0|
141|301|300|1|263|0|0|
141|301|300|1|263|0|0|
141|301|360|1|263|0|0|
141|301|300|1|263|0|0|
141|302|360|1|263|0|0|
141|301|360|1|263|0|0|
141|301|330|1|263|0|0|
141|301|360|1|263|0|0|
141|302|330|1|263|0|0|
141|301|330|1|263|0|0|
141|301|330|1|263|0|0|
141|301|360|1|263|0|0|
141|301|330|1|263|0|0|
141|301|300|1|263|0|0|
141|301|300|1|263|0|0|
141|301|300|1|263|0|0|
141|301|360|1|263|0|0|
141|300|300|1|263|0|0|
141|301|300|1|263|0|0|
141|300|330|1|263|0|0|
141|301|360|1|263|0|0|
141|301|360|1|263|0|0|
141|301|360|1|263|0|0|
141|301|390|1|263|0|0|
141|300|390|1|263|0|0|
141|301|360|1|263|0|0|
141|301|360|1|263|0|0|
141|301|360|1|263|0|0|
141|301|360|1|263|0|0|
141|301|360|1|263|0|0|
141|300|330|1|263|0|0|
141|302|360|1|263|0|0|
141|300|360|1|263|0|0|
141|233|240|1|236|0|0|
141|233|270|1|236|0|0|
141|301|360|1|263|0|0|
141|301|360|1|263|0|0|
141|300|360|1|263|0|0|
141|300|330|1|263|0|0|
141|316|300|1|278|0|0|
141|301|300|1|263|0|0|
141|300|330|1|263|0|0|
141|301|330|1|263|0|0|
141|301|330|1|263|0|0|
141|301|330|1|263|0|0|
141|301|330|1|263|0|0|
141|301|300|1|263|0|0|
141|300|330|1|263|0|0|
141|301|330|1|263|0|0|
141|300|330|1|263|0|0|
141|301|330|1|263|0|0|
141|301|330|1|263|0|0|
141|301|300|1|263|0|0|
141|300|300|1|263|0|0|
141|301|360|1|263|0|0|
141|300|330|1|263|0|0|
141|300|330|1|263|0|0|
141|301|330|1|263|0|0|
141|300|330|1|263|0|0|
141|233|240|1|236|0|0|
141|300|300|1|263|0|0|
141|300|360|1|263|0|0|
141|300|330|1|263|0|0|
141|300|360|1|263|0|0|
141|301|330|1|263|0|0|
141|301|360|1|263|0|0|
141|300|360|1|263|0|0|
141|300|330|1|263|0|0|
141|301|360|1|263|0|0|
141|301|330|1|263|0|0|
141|301|330|1|263|0|0|
141|300|330|1|263|0|0|
141|302|360|1|263|0|0|
141|300|330|1|263|0|0|
141|301|330|1|263|0|0|
141|300|330|1|263|0|0|
141|301|330|1|263|0|0|
141|300|360|1|263|0|0|
141|300|330|1|263|0|0|
141|300|330|1|263|0|0|
141|301|330|1|263|0|0|
141|300|360|1|263|0|0|
141|301|360|1|263|0|0|
141|300|300|1|263|0|0|
141|301|330|1|263|0|0|
141|300|360|1|263|0|0|
141|300|330|1|263|0|0|
141|301|330|1|263|0|0|
141|301|390|1|263|0|0|
141|300|300|1|263|0|0|
141|300|330|1|263|0|0|
141|300|360|1|263|0|0|
141|300|360|1|263|0|0|
141|301|390|1|263|0|0|
141|301|390|1|263|0|0|
141|300|360|1|263|0|0|
141|300|360|1|263|0|0|
141|301|330|1|263|0|0|
141|307|360|1|263|0|0|
141|300|390|1|263|0|0|
141|302|360|1|263|0|0|
141|233|240|1|236|0|0|
141|300|300|1|263|0|0|
141|301|270|1|263|0|0|
141|301|270|1|263|0|0|
141|300|270|1|263|0|0|
141|300|300|1|263|0|0|
141|301|330|1|263|0|0|
141|301|300|1|263|0|0|
141|302|300|1|263|0|0|
141|301|330|1|263|0|0|
141|300|330|1|263|0|0|
141|300|300|1|263|0|0|
141|301|300|1|263|0|0|
141|301|300|1|263|0|0|
141|302|300|1|263|0|0|
141|300|300|1|263|0|0|
141|301|300|1|263|0|0|
141|300|300|1|263|0|0|
141|302|300|1|263|0|0|
141|300|300|1|263|0|0|
141|300|300|1|263|0|0|
141|300|300|1|263|0|0|
141|233|240|1|236|0|0|
141|234|270|1|236|0|0|
141|234|300|1|236|0|0|
141|300|360|1|263|0|0|
141|300|390|1|263|0|0|
141|300|360|1|263|0|0|
141|301|360|1|263|0|0|
141|301|360|1|263|0|0|
141|234|270|1|236|0|0|
141|301|330|1|263|0|0|
141|301|360|1|263|0|0|
141|233|300|1|236|0|0|
141|300|330|1|263|0|0|
141|301|360|1|263|0|0|
141|301|330|1|263|0|0|
141|300|330|1|263|0|0|
141|301|330|1|263|0|0|
141|300|360|1|263|0|0|
141|301|360|1|263|0|0|
141|300|360|1|263|0|0|
141|301|360|1|263|0|0|
141|301|360|1|263|0|0|
141|233|270|1|236|0|0|
141|300|300|1|263|0|0|
141|301|330|1|263|0|0|
141|300|360|1|263|0|0|
141|300|360|1|263|0|0|
141|300|300|1|263|0|0|
141|300|300|1|263|0|0|
141|300|360|1|263|0|0|
141|300|330|1|263|0|0|
141|300|360|1|263|0|0|
141|300|300|1|263|0|0|
141|301|330|1|263|0|0|
141|300|330|1|263|0|0|
141|301|330|1|263|0|0|
141|300|360|1|263|0|0|
141|301|300|1|263|0|0|
141|301|330|1|263|0|0|
141|301|330|1|263|0|0|
141|300|330|1|263|0|0|
141|300|390|1|263|0|0|
141|234|300|1|236|0|0|
141|301|390|1|263|0|0|
141|301|390|1|263|0|0|
141|300|390|1|263|0|0|
141|301|330|1|263|0|0|
141|302|330|1|263|0|0|
141|301|390|1|263|0|0|
141|301|360|1|263|0|0|
141|301|360|1|263|0|0|
141|301|360|1|263|0|0|
141|300|390|1|263|0|0|
141|300|390|1|263|0|0|
141|301|390|1|263|0|0|
141|300|330|1|263|0|0|
141|300|390|1|263|0|0|
141|301|360|1|263|0|0|
141|233|270|1|236|0|0|
141|233|300|1|236|0|0|
141|233|270|1|236|0|0|
141|300|360|1|263|0|0|
141|301|390|1|263|0|0|
141|301|390|1|263|0|0|
141|301|360|1|263|0|0|
141|301|390|1|263|0|0|
141|301|360|1|263|0|0|
141|302|390|1|263|0|0|
141|300|360|1|263|0|0|
141|301|360|1|263|0|0|
141|301|390|1|263|0|0|
141|301|330|1|263|0|0|
141|300|360|1|263|0|0|
141|301|390|1|263|0|0|
141|301|390|1|263|0|0|
141|301|360|1|263|0|0|
141|301|330|1|263|0|0|
141|301|360|1|263|0|0|
141|309|390|1|271|0|0|
141|301|390|1|263|0|0|
141|301|390|1|263|0|0|
141|300|330|1|263|0|0|
141|234|270|1|236|0|0|
141|300|390|1|263|0|0|
141|300|390|1|263|0|0|
141|301|390|1|263|0|0|
141|300|390|1|263|0|0|
141|300|360|1|263|0|0|
141|301|390|1|263|0|0|
141|302|360|1|263|0|0|
141|301|390|1|263|0|0|
141|300|390|1|263|0|0|
141|300|390|1|263|0|0|
141|300|390|1|263|0|0|
141|302|390|1|263|0|0|
141|302|390|1|263|0|0|
141|301|390|1|263|0|0|
141|301|330|1|263|0|0|
141|300|390|1|263|0|0|
141|300|360|1|263|0|0|
141|300|330|1|263|0|0|
141|300|300|1|263|0|0|
141|301|300|1|263|0|0|
141|316|300|1|277|0|0|
141|301|300|1|263|0|0|
141|301|330|1|263|0|0|
141|301|330|1|263|0|0|
141|301|300|1|263|0|0|
141|301|300|1|263|0|0|
141|301|330|1|263|0|0|
141|301|330|1|263|0|0|
141|301|330|1|263|0|0|
141|301|300|1|263|0|0|
141|301|330|1|263|0|0|
141|301|300|1|263|0|0|
141|301|300|1|263|0|0|
141|301|330|1|263|0|0|
141|301|330|1|263|0|0|
141|301|360|1|263|0|0|
141|301|300|1|263|0|0|
141|302|300|1|263|0|0|
141|302|360|1|263|0|0|
141|301|330|1|263|0|0|
141|300|300|1|263|0|0|
141|300|300|1|263|0|0|
141|300|330|1|263|0|0|
141|301|330|1|263|0|0|
141|300|300|1|263|0|0|
141|300|330|1|263|0|0|
141|300|330|1|263|0|0|
141|302|300|1|263|0|0|
141|300|270|1|263|0|0|
141|301|330|1|263|0|0|
141|300|300|1|263|0|0|
141|301|300|1|263|0|0|
141|301|300|1|263|0|0|
141|233|240|1|236|0|0|
141|300|330|1|263|0|0|
141|302|330|1|263|0|0|
141|301|330|1|263|0|0|
141|301|300|1|263|0|0|
141|300|300|1|263|0|0|
141|301|300|1|263|0|0|
141|300|330|1|263|0|0|
141|300|300|1|263|0|0|
141|300|330|1|263|0|0|
141|233|300|1|236|0|0|
141|234|300|1|236|0|0|
141|301|360|1|263|0|0|
141|301|360|1|263|0|0|
141|300|330|1|263|0|0|
141|300|360|1|263|0|0|
141|300|390|1|263|0|0|
141|301|360|1|263|0|0|
141|300|360|1|263|0|0|
141|300|270|1|263|0|0|
141|301|300|1|263|0|0|
141|300|300|1|263|0|0|
141|301|330|1|263|0|0|
141|300|300|1|263|0|0|
141|300|300|1|263|0|0|
141|300|300|1|263|0|0|
141|300|300|1|263|0|0|
141|300|270|1|263|0|0|
141|301|270|1|263|0|0|
141|300|300|1|263|0|0|
141|301|300|1|263|0|0|
141|300|300|1|263|0|0|
141|301|270|1|263|0|0|
141|301|300|1|263|0|0|
141|301|300|1|263|0|0|
141|301|300|1|263|0|0|
141|301|300|1|263|0|0|
141|301|300|1|263|0|0|
141|300|300|1|263|0|0|
141|301|300|1|263|0|0|
141|256|240|1|236|1|0|
141|301|300|1|263|0|0|
141|256|240|1|236|1|0|
141|301|300|1|263|0|0|
141|301|330|1|263|0|0|
141|301|300|1|263|0|0|
141|300|300|1|263|0|0|
141|301|270|1|263|0|0|
141|301|300|1|263|0|0|
141|233|240|1|236|0|0|
141|300|330|1|263|0|0|
141|302|360|1|263|0|0|
141|302|330|1|263|0|0|
141|301|300|1|263|0|0|
141|300|300|1|263|0|0|
141|301|300|1|263|0|0|
141|233|240|1|236|0|0|
141|301|360|1|263|0|0|
141|300|300|1|263|0|0|
141|302|300|1|263|0|0|
141|301|300|1|263|0|0|
141|300|300|1|263|0|0|
141|300|300|1|263|0|0|
141|301|360|1|263|0|0|
141|300|360|1|263|0|0|
141|233|270|1|236|0|0|
141|301|360|1|263|0|0|
141|300|360|1|263|0|0|
141|300|300|1|263|0|0|
141|301|360|1|263|0|0|
141|300|360|1|263|0|0|
141|300|300|1|263|0|0|
141|430|420|1|263|1|0|
141|300|300|1|263|0|0|
141|301|300|1|263|0|0|
141|301|330|1|263|0|0|
141|300|300|1|263|0|0|
141|323|330|1|263|1|0|
141|301|330|1|263|0|0|
141|300|300|1|263|0|0|
141|301|420|1|263|0|0|
141|301|420|1|263|0|0|
141|301|360|1|263|0|0|
141|301|390|1|263|0|0|
141|301|360|1|263|0|0|
141|300|360|1|263|0|0|
141|469|510|2|364|0|0|
141|300|300|1|263|0|0|
141|300|330|1|263|0|0|
141|300|330|1|263|0|0|
141|300|330|1|263|0|0|
141|301|300|1|263|0|0|
141|300|330|1|263|0|0|
141|300|300|1|263|0|0|
141|300|330|1|263|0|0|
141|300|300|1|263|0|0|
141|300|270|1|263|0|0|
141|300|270|1|263|0|0|
141|322|330|1|263|1|0|
141|233|240|1|236|0|0|
141|233|210|1|236|0|0|
141|233|210|1|236|0|0|
141|301|330|1|263|0|0|
141|300|300|1|263|0|0|
141|300|300|1|263|0|0|
141|301|300|1|263|0|0|
141|300|270|1|263|0|0|
141|300|300|1|263|0|0|
141|302|270|1|263|0|0|
141|300|300|1|263|0|0|
141|302|300|1|263|0|0|
141|301|270|1|263|0|0|
141|302|300|1|263|0|0|
141|301|300|1|263|0|0|
141|302|300|1|263|0|0|
141|300|270|1|263|0|0|
141|302|300|1|263|0|0|
141|233|240|1|236|0|0|
141|300|300|1|263|0|0|
141|301|300|1|263|0|0|
141|300|300|1|263|0|0|
141|300|330|1|263|0|0|
141|318|300|1|280|0|0|
141|302|300|1|263|0|0|
141|300|300|1|263|0|0|
141|300|300|1|263|0|0|
141|301|270|1|263|0|0|
141|301|300|1|263|0|0|
141|301|300|1|263|0|0|
141|301|300|1|263|0|0|
141|301|300|1|263|0|0|
141|301|270|1|263|0|0|
141|301|300|1|263|0|0|
141|301|300|1|263|0|0|
141|301|300|1|263|0|0|
141|302|300|1|263|0|0|
141|301|330|1|263|0|0|
141|301|300|1|263|0|0|
141|302|300|1|263|0|0|
141|301|300|1|263|0|0|
141|302|300|1|263|0|0|
141|302|300|1|263|0|0|
141|302|330|1|263|0|0|
141|301|300|1|263|0|0|
141|301|300|1|263|0|0|
141|301|300|1|263|0|0|
141|301|300|1|263|0|0|
141|302|330|1|263|0|0|
141|301|330|1|263|0|0|
141|300|300|1|263|0|0|
141|301|300|1|263|0|0|
141|301|270|1|263|0|0|
141|301|300|1|263|0|0|
141|301|300|1|263|0|0|
141|301|270|1|263|0|0|
141|301|270|1|263|0|0|
141|301|300|1|263|0|0|
141|301|270|1|263|0|0|
141|301|300|1|263|0|0|
141|302|300|1|263|0|0|
141|301|300|1|263|0|0|
141|301|300|1|263|0|0|
141|301|300|1|263|0|0|
141|301|300|1|263|0|0|
141|301|270|1|263|0|0|
141|301|300|1|263|0|0|
141|301|300|1|263|0|0|
141|301|300|1|263|0|0|
141|301|300|1|263|0|0|
141|301|300|1|263|0|0|
141|301|300|1|263|0|0|
141|301|300|1|263|0|0|
141|302|300|1|263|0|0|
141|301|300|1|263|0|0|
141|302|270|1|263|0|0|
141|302|300|1|263|0|0|
141|301|300|1|263|0|0|
141|301|300|1|263|0|0|
141|302|300|1|263|0|0|
141|301|270|1|263|0|0|
141|301|300|1|263|0|0|
141|301|300|1|263|0|0|
141|301|300|1|263|0|0|
141|301|300|1|263|0|0|
141|301|300|1|263|0|0|
141|301|300|1|263|0|0|
141|300|330|1|263|0|0|
141|300|300|1|263|0|0|
141|300|300|1|263|0|0|
141|301|300|1|263|0|0|
141|300|300|1|263|0|0|
141|301|270|1|263|0|0|
141|302|270|1|263|0|0|
141|300|300|1|263|0|0|
141|301|300|1|263|0|0|
141|300|270|1|263|0|0|
141|300|270|1|263|0|0|
141|300|300|1|263|0|0|
141|300|300|1|263|0|0|
141|300|300|1|263|0|0|
141|300|300|1|263|0|0|
141|300|300|1|263|0|0|
141|300|270|1|263|0|0|
141|301|330|1|263|0|0|
141|301|300|1|263|0|0|
141|301|300|1|263|0|0|
141|302|330|1|263|0|0|
141|301|300|1|263|0|0|
141|301|300|1|263|0|0|
141|301|300|1|263|0|0|
141|301|300|1|263|0|0|
141|301|330|1|263|0|0|
141|301|300|1|263|0|0|
141|301|300|1|263|0|0|
141|301|300|1|263|0|0|
141|301|330|1|263|0|0|
141|301|300|1|263|0|0|
141|301|300|1|263|0|0|
141|301|270|1|263|0|0|
141|301|300|1|263|0|0|
141|301|270|1|263|0|0|
141|301|270|1|263|0|0|
141|302|300|1|263|0|0|
141|302|300|1|263|0|0|
141|301|300|1|263|0|0|
141|302|300|1|263|0|0|
141|301|300|1|263|0|0|
141|301|300|1|263|0|0|
141|301|330|1|263|0|0|
141|301|300|1|263|0|0|
141|301|300|1|263|0|0|
141|302|330|1|263|0|0|
141|301|270|1|263|0|0|
141|301|300|1|263|0|0|
141|301|300|1|263|0|0|
141|301|300|1|263|0|0|
141|301|300|1|263|0|0|
141|301|300|1|263|0|0|
141|301|300|1|263|0|0|
141|301|300|1|263|0|0|
141|302|330|1|263|0|0|
141|301|300|1|263|0|0|
141|301|330|1|263|0|0|
141|301|300|1|263|0|0|
141|301|300|1|263|0|0|
141|301|330|1|263|0|0|
141|302|300|1|263|0|0|
141|301|300|1|263|0|0|
141|301|270|1|263|0|0|
141|300|300|1|263|0|0|
141|300|300|1|263|0|0|
141|302|330|1|263|0|0|
141|301|300|1|263|0|0|
141|300|300|1|263|0|0|
141|301|270|1|263|0|0|
141|301|300|1|263|0|0|
141|300|300|1|263|0|0|
141|300|270|1|263|0|0|
141|300|300|1|263|0|0|
141|300|300|1|263|0|0|
141|301|300|1|263|0|0|
141|300|300|1|263|0|0|
141|256|270|1|236|1|0|
141|300|270|1|263|0|0|
141|301|300|1|263|0|0|
141|300|270|1|263|0|0|
141|301|300|1|263|0|0|
141|301|300|1|263|0|0|
141|300|300|1|263|0|0|
141|300|330|1|263|0|0|
141|300|300|1|263|0|0|
141|300|300|1|263|0|0|
141|300|300|1|263|0|0|
141|301|300|1|263|0|0|
141|301|300|1|263|0|0|
141|301|300|1|263|0|0|
141|301|300|1|263|0|0|
141|302|300|1|263|0|0|
141|301|300|1|263|0|0|
141|256|270|1|236|1|0|
141|256|240|1|236|1|0|
141|300|300|1|263|0|0|
141|300|270|1|263|0|0|
141|301|300|1|263|0|0|
141|300|300|1|263|0|0|
141|300|300|1|263|0|0|
141|301|300|1|263|0|0|
141|300|300|1|263|0|0|
141|301|330|1|263|0|0|
141|300|300|1|263|0|0|
141|300|330|1|263|0|0|
141|300|330|1|263|0|0|
141|300|300|1|263|0|0|
141|301|300|1|263|0|0|
141|300|300|1|263|0|0|
141|300|300|1|263|0|0|
141|301|300|1|263|0|0|
141|300|300|1|263|0|0|
141|301|300|1|263|0|0|
141|256|270|1|236|1|0|
141|301|300|1|263|0|0|
141|301|300|1|263|0|0|
141|256|240|1|236|1|0|
141|256|270|1|236|1|0|
141|256|270|1|236|1|0|
141|424|420|1|263|0|0|
141|300|300|1|263|0|0|
141|300|300|1|263|0|0|
141|300|270|1|263|0|0|
141|300|300|1|263|0|0|
141|302|300|1|263|0|0|
141|300|300|1|263|0|0|
141|300|300|1|263|0|0|
141|301|300|1|263|0|0|
141|301|270|1|263|0|0|
141|301|300|1|263|0|0|
141|301|300|1|263|0|0|
141|302|300|1|263|0|0|
141|301|300|1|263|0|0|
141|301|300|1|263|0|0|
141|301|300|1|263|0|0|
141|301|270|1|263|0|0|
141|301|330|1|263|0|0|
141|301|300|1|263|0|0|
141|301|300|1|263|0|0|
141|301|300|1|263|0|0|
141|301|300|1|263|0|0|
141|301|300|1|263|0|0|
141|256|270|1|236|1|0|
141|256|240|1|236|1|0|
141|1223|1230|1|263|0|0|
141|300|330|1|263|0|0|
141|300|300|1|263|0|0|
141|300|270|1|263|0|0|
141|300|300|1|263|0|0|
141|302|300|1|263|0|0|
141|301|300|1|263|0|0|
141|300|300|1|263|0|0|
141|300|300|1|263|0|0|
141|302|300|1|263|0|0|
141|300|300|1|263|0|0|
141|300|270|1|263|0|0|
141|300|300|1|263|0|0|
141|302|300|1|263|0|0|
141|300|300|1|263|0|0|
141|300|330|1|263|0|0|
141|300|300|1|263|0|0|
141|301|300|1|263|0|0|
141|300|330|1|263|0|0|
141|300|270|1|263|0|0|
141|300|300|1|263|0|0|
141|300|270|1|263|0|0|
141|256|270|1|236|1|0|
141|426|420|1|263|0|0|
141|300|300|1|263|0|0|
141|300|270|1|263|0|0|
141|300|300|1|263|0|0|
141|300|270|1|263|0|0|
141|300|300|1|263|0|0|
141|300|300|1|263|0|0|
141|256|300|1|236|1|0|
141|256|270|1|236|1|0|
141|307|300|1|263|0|0|
141|300|300|1|263|0|0|
141|256|240|1|236|1|0|
141|301|270|1|263|0|0|
141|300|300|1|263|0|0|
141|300|300|1|263|0|0|
141|302|300|1|263|0|0|
141|301|300|1|263|0|0|
141|301|300|1|263|0|0|
141|301|330|1|263|0|0|
141|300|270|1|263|0|0|
141|301|270|1|263|0|0|
141|301|330|1|263|0|0|
141|302|300|1|263|0|0|
141|302|300|1|263|0|0|
141|301|330|1|263|0|0|
141|302|300|1|263|0|0|
141|301|300|1|263|0|0|
141|301|300|1|263|0|0|
141|301|330|1|263|0|0|
141|302|300|1|263|0|0|
141|301|300|1|263|0|0|
141|300|300|1|263|0|0|
141|301|300|1|263|0|0|
141|302|300|1|263|0|0|
141|301|330|1|263|0|0|
141|301|300|1|263|0|0|
141|234|210|1|236|0|0|
