INSTRUCTIONS_RETIRED|CYCLES|UNKNOWN|LD_BLOCKS.STORE_FORWARD|UOPS_EXECUTED.CORE|BR_MISP_RETIRED.ALL_BRANCHES|UOPS_ISSUED.SINGLE_MUL|
155|427|450|1|278|1|0|
155|275|300|1|250|1|0|
155|276|270|1|250|1|0|
155|342|360|1|277|1|0|
155|275|270|1|250|1|0|
155|342|330|1|277|1|0|
155|342|510|1|277|1|0|
155|319|330|1|277|0|0|
155|320|330|1|277|0|0|
155|320|330|1|277|0|0|
155|321|300|1|277|0|0|
155|314|300|1|277|0|0|
155|321|330|1|277|0|0|
155|314|300|1|277|0|0|
155|321|300|1|277|0|0|
155|314|330|1|277|0|0|
155|337|330|1|277|1|0|
155|314|330|1|277|0|0|
155|314|300|1|277|0|0|
155|321|300|1|277|0|0|
155|247|270|1|250|0|0|
155|314|360|1|277|0|0|
155|314|360|1|277|0|0|
155|315|330|1|277|0|0|
155|314|330|1|277|0|0|
155|248|240|1|250|0|0|
155|315|300|1|277|0|0|
155|314|300|1|277|0|0|
155|314|300|1|277|0|0|
155|314|300|1|277|0|0|
155|315|300|1|277|0|0|
155|314|330|1|277|0|0|
155|321|330|1|277|0|0|
155|314|300|1|277|0|0|
155|321|360|1|277|0|0|
155|314|330|1|277|0|0|
155|314|300|1|277|0|0|
155|319|330|1|277|0|0|
155|314|330|1|277|0|0|
155|314|300|1|277|0|0|
155|319|300|1|277|0|0|
155|320|330|1|277|0|0|
155|320|300|1|277|0|0|
155|319|330|1|277|0|0|
155|320|330|1|277|0|0|
155|320|300|1|277|0|0|
155|253|240|1|250|0|0|
155|314|300|1|277|0|0|
155|321|330|1|277|0|0|
155|314|330|1|277|0|0|
155|321|300|1|277|0|0|
155|314|330|1|277|0|0|
155|319|330|1|277|0|0|
155|314|330|1|277|0|0|
155|314|300|1|277|0|0|
155|320|300|1|277|0|0|
155|321|330|1|277|0|0|
155|321|330|1|277|0|0|
155|321|300|1|277|0|0|
155|315|300|1|277|0|0|
155|314|300|1|277|0|0|
155|314|300|1|277|0|0|
155|314|330|1|277|0|0|
155|321|330|1|277|0|0|
155|319|330|1|277|0|0|
155|319|330|1|277|0|0|
155|320|330|1|277|0|0|
155|337|330|1|277|1|0|
155|314|300|1|277|0|0|
155|270|270|1|250|1|0|
155|344|330|1|277|1|0|
155|320|330|1|277|0|0|
155|270|270|1|250|1|0|
155|343|330|1|277|1|0|
155|321|330|1|277|0|0|
155|270|270|1|250|1|0|
155|314|330|1|277|0|0|
155|314|330|1|277|0|0|
155|314|330|1|277|0|0|
155|314|300|1|277|0|0|
155|314|330|1|277|0|0|
155|314|360|1|277|0|0|
155|270|270|1|250|1|0|
155|270|270|1|250|1|0|
155|314|300|1|277|0|0|
155|314|330|1|277|0|0|
155|314|300|1|277|0|0|
155|315|300|1|277|0|0|
155|321|300|1|277|0|0|
155|314|330|1|277|0|0|
155|321|330|1|277|0|0|
155|314|330|1|277|0|0|
155|314|330|1|277|0|0|
155|314|330|1|277|0|0|
155|321|330|1|277|0|0|
155|314|300|1|277|0|0|
155|314|360|1|277|0|0|
155|314|300|1|277|0|0|
155|314|300|1|277|0|0|
155|319|300|1|277|0|0|
155|319|330|1|277|0|0|
155|319|330|1|277|0|0|
155|320|330|1|277|0|0|
155|319|360|1|277|0|0|
155|319|420|1|277|0|0|
155|319|390|1|277|0|0|
155|319|420|1|277|0|0|
155|320|390|1|277|0|0|
155|321|390|1|277|0|0|
155|319|390|1|277|0|0|
155|320|420|1|277|0|0|
155|319|390|1|277|0|0|
155|319|390|1|277|0|0|
155|319|420|1|277|0|0|
155|314|390|1|277|0|0|
155|314|390|1|277|0|0|
155|321|390|1|277|0|0|
155|321|390|1|277|0|0|
155|320|390|1|277|0|0|
155|319|390|1|277|0|0|
155|320|390|1|277|0|0|
155|319|390|1|277|0|0|
155|319|390|1|277|0|0|
155|320|390|1|277|0|0|
155|319|360|1|277|0|0|
155|320|390|1|277|0|0|
155|320|390|1|277|0|0|
155|314|390|1|277|0|0|
155|319|390|1|277|0|0|
155|319|390|1|277|0|0|
155|320|360|1|277|0|0|
155|320|390|1|277|0|0|
155|319|390|1|277|0|0|
155|319|360|1|277|0|0|
155|321|360|1|277|0|0|
155|320|390|1|277|0|0|
155|319|390|1|277|0|0|
155|320|390|1|277|0|0|
155|320|390|1|277|0|0|
155|320|390|1|277|0|0|
155|319|390|1|277|0|0|
155|320|330|1|277|0|0|
155|319|360|1|277|0|0|
155|319|360|1|277|0|0|
155|320|330|1|277|0|0|
155|320|360|1|277|0|0|
155|321|360|1|277|0|0|
155|321|330|1|277|0|0|
155|321|360|1|277|0|0|
155|321|360|1|277|0|0|
155|321|360|1|277|0|0|
155|321|360|1|277|0|0|
155|321|360|1|277|0|0|
155|321|360|1|277|0|0|
155|321|360|1|277|0|0|
155|321|360|1|277|0|0|
155|319|360|1|277|0|0|
155|320|360|1|277|0|0|
155|320|330|1|277|0|0|
155|320|360|1|277|0|0|
155|319|330|1|277|0|0|
155|320|330|1|277|0|0|
155|322|360|1|277|0|0|
155|314|330|1|277|0|0|
155|314|360|1|277|0|0|
155|321|360|1|277|0|0|
155|314|390|1|277|0|0|
155|321|360|1|277|0|0|
155|321|360|1|277|0|0|
155|321|330|1|277|0|0|
155|321|330|1|277|0|0|
155|321|360|1|277|0|0|
155|321|390|1|277|0|0|
155|321|360|1|277|0|0|
155|321|360|1|277|0|0|
155|321|390|1|277|0|0|
155|321|360|1|277|0|0|
155|321|360|1|277|0|0|
155|321|390|1|277|0|0|
155|321|390|1|277|0|0|
155|321|330|1|277|0|0|
155|322|390|1|277|0|0|
155|321|390|1|277|0|0|
155|321|360|1|277|0|0|
155|322|390|1|277|0|0|
155|321|390|1|277|0|0|
155|321|390|1|277|0|0|
155|321|390|1|277|0|0|
155|321|390|1|277|0|0|
155|321|390|1|277|0|0|
155|321|390|1|277|0|0|
155|321|390|1|277|0|0|
155|321|390|1|277|0|0|
155|321|390|1|277|0|0|
155|321|390|1|277|0|0|
155|321|390|1|277|0|0|
155|321|390|1|277|0|0|
155|321|390|1|277|0|0|
155|321|390|1|277|0|0|
155|321|390|1|277|0|0|
155|321|390|1|277|0|0|
155|321|390|1|277|0|0|
155|247|300|1|250|0|0|
155|320|390|1|277|0|0|
155|320|360|1|277|0|0|
155|320|390|1|277|0|0|
155|319|390|1|277|0|0|
155|319|390|1|277|0|0|
155|319|390|1|277|0|0|
155|319|390|1|277|0|0|
155|319|390|1|277|0|0|
155|319|390|1|277|0|0|
155|319|390|1|277|0|0|
155|319|390|1|277|0|0|
155|320|390|1|277|0|0|
155|319|390|1|277|0|0|
155|319|360|1|277|0|0|
155|319|390|1|277|0|0|
155|320|360|1|277|0|0|
155|319|330|1|277|0|0|
155|320|360|1|277|0|0|
155|320|300|1|277|0|0|
155|320|330|1|277|0|0|
155|319|330|1|277|0|0|
155|319|360|1|277|0|0|
155|320|360|1|277|0|0|
155|319|360|1|277|0|0|
155|319|330|1|277|0|0|
155|319|330|1|277|0|0|
155|319|360|1|277|0|0|
155|319|360|1|277|0|0|
155|319|360|1|277|0|0|
155|319|360|1|277|0|0|
155|319|330|1|277|0|0|
155|319|330|1|277|0|0|
155|320|360|1|277|0|0|
155|319|330|1|277|0|0|
155|319|360|1|277|0|0|
155|319|330|1|277|0|0|
155|319|360|1|277|0|0|
155|319|330|1|277|0|0|
155|319|360|1|277|0|0|
155|319|360|1|277|0|0|
155|319|330|1|277|0|0|
155|320|330|1|277|0|0|
155|319|330|1|277|0|0|
155|319|360|1|277|0|0|
155|319|330|1|277|0|0|
155|319|330|1|277|0|0|
155|319|330|1|277|0|0|
155|319|330|1|277|0|0|
155|319|360|1|277|0|0|
155|319|360|1|277|0|0|
155|319|330|1|277|0|0|
155|320|330|1|277|0|0|
155|319|300|1|277|0|0|
155|319|330|1|277|0|0|
155|319|300|1|277|0|0|
155|320|300|1|277|0|0|
155|319|300|1|277|0|0|
155|319|330|1|277|0|0|
155|320|330|1|277|0|0|
155|319|330|1|277|0|0|
155|247|240|1|250|0|0|
155|314|330|1|277|0|0|
155|314|330|1|277|0|0|
155|320|300|1|277|0|0|
155|320|300|1|277|0|0|
155|319|300|1|277|0|0|
155|319|300|1|277|0|0|
155|319|300|1|277|0|0|
155|319|300|1|277|0|0|
155|319|300|1|277|0|0|
155|320|300|1|277|0|0|
155|319|330|1|277|0|0|
155|320|330|1|277|0|0|
155|319|330|1|277|0|0|
155|319|330|1|277|0|0|
155|319|330|1|277|0|0|
155|319|300|1|277|0|0|
155|319|330|1|277|0|0|
155|320|300|1|277|0|0|
155|319|300|1|277|0|0|
155|319|300|1|277|0|0|
155|319|330|1|277|0|0|
155|320|330|1|277|0|0|
155|248|240|1|250|0|0|
155|314|300|1|277|0|0|
155|314|300|1|277|0|0|
155|321|330|1|277|0|0|
155|314|330|1|277|0|0|
155|314|300|1|277|0|0|
155|321|330|1|277|0|0|
155|314|300|1|277|0|0|
155|314|300|1|277|0|0|
155|321|360|1|277|0|0|
155|321|330|1|277|0|0|
155|314|300|1|277|0|0|
155|319|300|1|277|0|0|
155|320|330|1|277|0|0|
155|320|300|1|277|0|0|
155|320|330|1|277|0|0|
155|320|330|1|277|0|0|
155|320|330|1|277|0|0|
155|320|330|1|277|0|0|
155|320|330|1|277|0|0|
155|320|360|1|277|0|0|
155|320|330|1|277|0|0|
155|320|300|1|277|0|0|
155|320|330|1|277|0|0|
155|320|330|1|277|0|0|
155|320|300|1|277|0|0|
155|320|300|1|277|0|0|
155|320|330|1|277|0|0|
155|320|330|1|277|0|0|
155|320|330|1|277|0|0|
155|320|330|1|277|0|0|
155|320|330|1|277|0|0|
155|320|300|1|277|0|0|
155|320|330|1|277|0|0|
155|320|360|1|277|0|0|
155|320|300|1|277|0|0|
155|320|330|1|277|0|0|
155|320|300|1|277|0|0|
155|320|300|1|277|0|0|
155|320|300|1|277|0|0|
155|320|330|1|277|0|0|
155|320|300|1|277|0|0|
155|320|330|1|277|0|0|
155|320|330|1|277|0|0|
155|319|330|1|277|0|0|
155|320|330|1|277|0|0|
155|319|330|1|277|0|0|
155|344|330|1|277|1|0|
155|336|330|1|277|1|0|
155|336|360|1|277|1|0|
155|336|330|1|277|1|0|
155|336|330|1|277|1|0|
155|269|240|1|250|1|0|
155|342|330|1|277|1|0|
155|342|330|1|277|1|0|
155|342|330|1|277|1|0|
155|342|330|1|277|1|0|
155|342|330|1|277|1|0|
155|319|300|1|277|0|0|
155|314|300|1|277|0|0|
155|314|330|1|277|0|0|
155|322|330|1|277|0|0|
155|321|330|1|277|0|0|
155|1356|1350|1|277|0|0|
155|247|270|1|250|0|0|
155|248|240|1|250|0|0|
155|254|240|1|250|0|0|
155|247|240|1|250|0|0|
155|337|330|1|277|1|0|
155|336|330|1|277|1|0|
155|269|270|1|250|1|0|
155|269|270|1|250|1|0|
155|336|330|1|277|1|0|
155|336|330|1|277|1|0|
155|275|270|1|250|1|0|
155|315|330|1|277|0|0|
155|321|300|1|277|0|0|
155|321|300|1|277|0|0|
155|320|300|1|277|0|0|
155|314|360|1|277|0|0|
155|254|270|1|250|0|0|
155|247|270|1|250|0|0|
155|314|330|1|277|0|0|
155|314|330|1|277|0|0|
155|314|330|1|277|0|0|
155|314|330|1|277|0|0|
155|248|270|1|250|0|0|
155|314|330|1|277|0|0|
155|315|330|1|277|0|0|
155|320|360|1|277|0|0|
155|320|300|1|277|0|0|
155|270|270|1|250|1|0|
155|314|330|1|277|0|0|
155|337|360|1|277|1|0|
155|336|330|1|277|1|0|
155|321|330|1|277|0|0|
155|314|330|1|277|0|0|
155|322|330|1|277|0|0|
155|314|360|1|277|0|0|
155|331|300|1|277|0|0|
155|319|330|1|277|0|0|
155|320|330|1|277|0|0|
155|319|330|1|277|0|0|
155|321|360|1|277|0|0|
155|321|300|1|277|0|0|
155|322|300|1|277|0|0|
155|314|300|1|277|0|0|
155|417|420|1|277|0|0|
155|314|300|1|277|0|0|
155|322|330|1|277|0|0|
155|321|300|1|277|0|0|
155|314|330|1|277|0|0|
155|252|270|1|250|0|0|
155|314|330|1|277|0|0|
155|314|300|1|277|0|0|
155|314|300|1|277|0|0|
155|321|330|1|277|0|0|
155|254|270|1|250|0|0|
155|314|330|1|277|0|0|
155|320|330|1|277|0|0|
155|314|300|1|277|0|0|
155|321|330|1|277|0|0|
155|314|360|1|277|0|0|
155|320|330|1|277|0|0|
155|319|300|1|277|0|0|
155|319|360|1|277|0|0|
155|320|300|1|277|0|0|
155|320|360|1|277|0|0|
155|319|330|1|277|0|0|
155|320|330|1|277|0|0|
155|320|300|1|277|0|0|
155|321|330|1|277|0|0|
155|321|330|1|277|0|0|
155|314|300|1|277|0|0|
155|314|360|1|277|0|0|
155|321|300|1|277|0|0|
155|321|330|1|277|0|0|
155|247|270|1|250|0|0|
155|314|300|1|277|0|0|
155|314|330|1|277|0|0|
155|319|330|1|277|0|0|
155|319|330|1|277|0|0|
155|319|330|1|277|0|0|
155|320|300|1|277|0|0|
155|319|300|1|277|0|0|
155|314|300|1|277|0|0|
155|319|330|1|277|0|0|
155|319|330|1|277|0|0|
155|320|330|1|277|0|0|
155|319|360|1|277|0|0|
155|319|330|1|277|0|0|
155|319|360|1|277|0|0|
155|320|360|1|277|0|0|
155|319|300|1|277|0|0|
155|319|330|1|277|0|0|
155|319|300|1|277|0|0|
155|319|360|1|277|0|0|
155|320|330|1|277|0|0|
155|319|300|1|277|0|0|
155|319|360|1|277|0|0|
155|321|330|1|277|0|0|
155|314|300|1|277|0|0|
155|319|330|1|277|0|0|
155|320|330|1|277|0|0|
155|320|330|1|277|0|0|
155|320|360|1|277|0|0|
155|320|360|1|277|0|0|
155|320|330|1|277|0|0|
155|320|330|1|277|0|0|
155|320|360|1|277|0|0|
155|320|360|1|277|0|0|
155|321|390|1|277|0|0|
155|321|360|1|277|0|0|
155|321|360|1|277|0|0|
155|321|360|1|277|0|0|
155|321|360|1|277|0|0|
155|321|360|1|277|0|0|
155|321|360|1|277|0|0|
155|321|330|1|277|0|0|
155|321|360|1|277|0|0|
155|321|360|1|277|0|0|
155|321|330|1|277|0|0|
155|320|360|1|277|0|0|
155|320|360|1|277|0|0|
155|321|360|1|277|0|0|
155|320|360|1|277|0|0|
155|320|330|1|277|0|0|
155|320|330|1|277|0|0|
155|320|360|1|277|0|0|
155|320|330|1|277|0|0|
155|320|330|1|277|0|0|
155|320|360|1|277|0|0|
155|320|330|1|277|0|0|
155|320|360|1|277|0|0|
155|320|330|1|277|0|0|
155|320|360|1|277|0|0|
155|320|360|1|277|0|0|
155|320|360|1|277|0|0|
155|320|330|1|277|0|0|
155|320|330|1|277|0|0|
155|320|330|1|277|0|0|
155|320|330|1|277|0|0|
155|320|360|1|277|0|0|
155|320|330|1|277|0|0|
155|320|330|1|277|0|0|
155|320|360|1|277|0|0|
155|320|390|1|277|0|0|
155|320|420|1|277|0|0|
155|321|420|1|277|0|0|
155|321|420|1|277|0|0|
155|320|390|1|277|0|0|
155|320|390|1|277|0|0|
155|320|390|1|277|0|0|
155|320|360|1|277|0|0|
155|320|390|1|277|0|0|
155|320|420|1|277|0|0|
155|320|390|1|277|0|0|
155|333|420|1|277|0|0|
155|320|390|1|277|0|0|
155|320|390|1|277|0|0|
155|320|360|1|277|0|0|
155|320|390|1|277|0|0|
155|320|420|1|277|0|0|
155|320|390|1|277|0|0|
155|320|390|1|277|0|0|
155|321|420|1|277|0|0|
155|320|390|1|277|0|0|
155|320|420|1|277|0|0|
155|320|390|1|277|0|0|
155|320|420|1|277|0|0|
155|320|420|1|277|0|0|
155|321|420|1|277|0|0|
155|320|390|1|277|0|0|
155|321|420|1|277|0|0|
155|320|390|1|277|0|0|
155|320|390|1|277|0|0|
155|320|390|1|277|0|0|
155|320|420|1|277|0|0|
155|320|390|1|277|0|0|
155|320|420|1|277|0|0|
155|321|390|1|277|0|0|
155|320|390|1|277|0|0|
155|321|390|1|277|0|0|
155|320|390|1|277|0|0|
155|320|390|1|277|0|0|
155|320|390|1|277|0|0|
155|320|390|1|277|0|0|
155|320|390|1|277|0|0|
155|320|360|1|277|0|0|
155|320|390|1|277|0|0|
155|320|390|1|277|0|0|
155|320|330|1|277|0|0|
155|320|360|1|277|0|0|
155|320|390|1|277|0|0|
155|320|330|1|277|0|0|
155|320|390|1|277|0|0|
155|320|360|1|277|0|0|
155|320|390|1|277|0|0|
155|320|390|1|277|0|0|
155|320|390|1|277|0|0|
155|319|360|1|277|0|0|
155|320|390|1|277|0|0|
155|321|390|1|277|0|0|
155|321|390|1|277|0|0|
155|320|360|1|277|0|0|
155|320|330|1|277|0|0|
155|320|360|1|277|0|0|
155|320|390|1|277|0|0|
155|320|360|1|277|0|0|
155|320|390|1|277|0|0|
155|320|390|1|277|0|0|
155|320|360|1|277|0|0|
155|320|390|1|277|0|0|
155|321|360|1|277|0|0|
155|320|390|1|277|0|0|
155|320|360|1|277|0|0|
155|320|390|1|277|0|0|
155|320|390|1|277|0|0|
155|320|360|1|277|0|0|
155|320|390|1|277|0|0|
155|320|360|1|277|0|0|
155|320|360|1|277|0|0|
155|320|360|1|277|0|0|
155|320|330|1|277|0|0|
155|320|390|1|277|0|0|
155|320|360|1|277|0|0|
155|320|390|1|277|0|0|
155|320|390|1|277|0|0|
155|320|420|1|277|0|0|
155|320|360|1|277|0|0|
155|320|360|1|277|0|0|
155|320|390|1|277|0|0|
155|320|360|1|277|0|0|
155|320|390|1|277|0|0|
155|320|390|1|277|0|0|
155|320|390|1|277|0|0|
155|320|390|1|277|0|0|
155|320|420|1|277|0|0|
155|320|390|1|277|0|0|
155|320|390|1|277|0|0|
155|320|390|1|277|0|0|
155|320|420|1|277|0|0|
155|320|390|1|277|0|0|
155|321|420|1|277|0|0|
155|320|420|1|277|0|0|
155|321|360|1|277|0|0|
155|321|390|1|277|0|0|
155|321|390|1|277|0|0|
155|321|390|1|277|0|0|
155|321|390|1|277|0|0|
155|321|330|1|277|0|0|
155|321|300|1|277|0|0|
155|321|330|1|277|0|0|
155|321|330|1|277|0|0|
155|321|360|1|277|0|0|
155|321|300|1|277|0|0|
155|321|300|1|277|0|0|
155|321|360|1|277|0|0|
155|321|330|1|277|0|0|
155|321|360|1|277|0|0|
155|321|330|1|277|0|0|
155|314|330|1|277|0|0|
155|321|300|1|277|0|0|
155|321|360|1|277|0|0|
155|320|300|1|277|0|0|
155|320|360|1|277|0|0|
155|320|330|1|277|0|0|
155|320|300|1|277|0|0|
155|320|330|1|277|0|0|
155|320|360|1|277|0|0|
155|320|330|1|277|0|0|
155|320|330|1|277|0|0|
155|320|300|1|277|0|0|
155|320|330|1|277|0|0|
155|320|300|1|277|0|0|
155|320|330|1|277|0|0|
155|320|300|1|277|0|0|
155|320|330|1|277|0|0|
155|320|300|1|277|0|0|
155|320|300|1|277|0|0|
155|320|300|1|277|0|0|
155|320|330|1|277|0|0|
155|320|300|1|277|0|0|
155|337|330|1|294|0|0|
155|320|300|1|277|0|0|
155|320|330|1|277|0|0|
155|320|330|1|277|0|0|
155|320|300|1|277|0|0|
155|320|330|1|277|0|0|
155|320|300|1|277|0|0|
155|320|300|1|277|0|0|
155|320|300|1|277|0|0|
155|319|300|1|277|0|0|
155|252|240|1|250|0|0|
155|319|330|1|277|0|0|
155|319|300|1|277|0|0|
155|320|330|1|277|0|0|
155|320|300|1|277|0|0|
155|319|330|1|277|0|0|
155|319|300|1|277|0|0|
155|320|300|1|277|0|0|
155|314|330|1|277|0|0|
155|314|300|1|277|0|0|
155|314|300|1|277|0|0|
155|314|330|1|277|0|0|
155|321|330|1|277|0|0|
155|314|300|1|277|0|0|
155|314|330|1|277|0|0|
155|314|330|1|277|0|0|
155|314|300|1|277|0|0|
155|314|330|1|277|0|0|
155|314|300|1|277|0|0|
155|314|330|1|277|0|0|
155|314|300|1|277|0|0|
155|321|330|1|277|0|0|
155|314|330|1|277|0|0|
155|321|330|1|277|0|0|
155|314|330|1|277|0|0|
155|314|330|1|277|0|0|
155|314|300|1|277|0|0|
155|314|300|1|277|0|0|
155|329|300|1|291|0|0|
155|314|300|1|277|0|0|
155|314|300|1|277|0|0|
155|314|300|1|277|0|0|
155|314|300|1|277|0|0|
155|321|330|1|277|0|0|
155|314|300|1|277|0|0|
155|314|330|1|277|0|0|
155|314|300|1|277|0|0|
155|314|330|1|277|0|0|
155|252|270|1|250|0|0|
155|320|330|1|277|0|0|
155|321|300|1|277|0|0|
155|319|300|1|277|0|0|
155|319|300|1|277|0|0|
155|320|330|1|277|0|0|
155|320|300|1|277|0|0|
155|319|300|1|277|0|0|
155|319|330|1|277|0|0|
155|319|300|1|277|0|0|
155|314|300|1|277|0|0|
155|314|300|1|277|0|0|
155|314|300|1|277|0|0|
155|314|300|1|277|0|0|
155|314|330|1|277|0|0|
155|327|330|1|277|0|0|
155|314|330|1|277|0|0|
155|321|330|1|277|0|0|
155|315|330|1|277|0|0|
155|321|330|1|277|0|0|
155|321|330|1|277|0|0|
155|320|330|1|277|0|0|
155|320|330|1|277|0|0|
155|320|330|1|277|0|0|
155|320|300|1|277|0|0|
155|320|300|1|277|0|0|
155|320|330|1|277|0|0|
155|320|330|1|277|0|0|
155|320|330|1|277|0|0|
155|320|330|1|277|0|0|
155|320|330|1|277|0|0|
155|320|330|1|277|0|0|
155|320|300|1|277|0|0|
155|320|330|1|277|0|0|
155|320|330|1|277|0|0|
155|320|330|1|277|0|0|
155|320|300|1|277|0|0|
155|320|300|1|277|0|0|
155|320|300|1|277|0|0|
155|320|300|1|277|0|0|
155|320|330|1|277|0|0|
155|320|330|1|277|0|0|
155|320|330|1|277|0|0|
155|320|300|1|277|0|0|
155|320|300|1|277|0|0|
155|320|330|1|277|0|0|
155|320|330|1|277|0|0|
155|320|300|1|277|0|0|
155|320|300|1|277|0|0|
155|320|330|1|277|0|0|
155|320|300|1|277|0|0|
155|320|330|1|277|0|0|
155|320|330|1|277|0|0|
155|320|330|1|277|0|0|
155|320|330|1|277|0|0|
155|321|330|1|277|0|0|
155|321|330|1|277|0|0|
155|321|330|1|277|0|0|
155|321|330|1|277|0|0|
155|321|330|1|277|0|0|
155|321|330|1|277|0|0|
155|321|300|1|277|0|0|
155|321|330|1|277|0|0|
155|321|300|1|277|0|0|
155|321|330|1|277|0|0|
155|321|330|1|277|0|0|
155|321|300|1|277|0|0|
155|321|330|1|277|0|0|
155|321|330|1|277|0|0|
155|321|330|1|277|0|0|
155|321|300|1|277|0|0|
155|321|300|1|277|0|0|
155|321|330|1|277|0|0|
155|321|300|1|277|0|0|
155|321|300|1|277|0|0|
155|321|300|1|277|0|0|
155|321|300|1|277|0|0|
155|321|300|1|277|0|0|
155|321|330|1|277|0|0|
155|321|270|1|277|0|0|
155|321|330|1|277|0|0|
155|321|300|1|277|0|0|
155|321|300|1|277|0|0|
155|321|300|1|277|0|0|
155|321|300|1|277|0|0|
155|321|300|1|277|0|0|
155|321|330|1|277|0|0|
155|321|300|1|277|0|0|
155|321|330|1|277|0|0|
155|321|330|1|277|0|0|
155|321|330|1|277|0|0|
155|321|300|1|277|0|0|
155|321|300|1|277|0|0|
155|321|270|1|277|0|0|
155|321|330|1|277|0|0|
155|321|330|1|277|0|0|
155|321|300|1|277|0|0|
155|321|330|1|277|0|0|
155|321|300|1|277|0|0|
155|321|330|1|277|0|0|
155|321|300|1|277|0|0|
155|321|330|1|277|0|0|
155|321|300|1|277|0|0|
155|321|300|1|277|0|0|
155|321|300|1|277|0|0|
155|321|300|1|277|0|0|
155|321|330|1|277|0|0|
155|321|330|1|277|0|0|
155|321|390|1|277|0|0|
155|314|330|1|277|0|0|
155|314|330|1|277|0|0|
155|314|330|1|277|0|0|
155|321|300|1|277|0|0|
155|314|330|1|277|0|0|
155|314|300|1|277|0|0|
155|247|300|1|250|0|0|
155|247|330|1|250|0|0|
155|321|390|1|277|0|0|
155|321|390|1|277|0|0|
155|321|390|1|277|0|0|
155|321|390|1|277|0|0|
155|314|360|1|277|0|0|
155|253|330|1|250|0|0|
155|321|390|1|277|0|0|
155|321|390|1|277|0|0|
155|321|420|1|277|0|0|
155|321|330|1|277|0|0|
155|321|330|1|277|0|0|
155|321|360|1|277|0|0|
155|321|360|1|277|0|0|
155|321|360|1|277|0|0|
155|322|300|1|277|0|0|
155|321|330|1|277|0|0|
155|321|330|1|277|0|0|
155|321|330|1|277|0|0|
155|321|300|1|277|0|0|
155|321|330|1|277|0|0|
155|321|330|1|277|0|0|
155|321|330|1|277|0|0|
155|321|300|1|277|0|0|
155|321|330|1|277|0|0|
155|321|360|1|277|0|0|
155|320|360|1|277|0|0|
155|320|360|1|277|0|0|
155|321|300|1|277|0|0|
155|321|360|1|277|0|0|
155|320|300|1|277|0|0|
155|320|330|1|277|0|0|
155|320|390|1|277|0|0|
155|320|390|1|277|0|0|
155|320|390|1|277|0|0|
155|320|390|1|277|0|0|
155|320|390|1|277|0|0|
155|320|360|1|277|0|0|
155|320|360|1|277|0|0|
155|321|360|1|277|0|0|
155|321|390|1|277|0|0|
155|319|390|1|277|0|0|
155|321|360|1|277|0|0|
155|321|360|1|277|0|0|
155|322|360|1|277|0|0|
155|320|390|1|277|0|0|
155|320|390|1|277|0|0|
155|314|390|1|277|0|0|
155|314|360|1|277|0|0|
155|314|390|1|277|0|0|
155|315|390|1|277|0|0|
155|254|300|1|250|0|0|
155|254|300|1|250|0|0|
155|320|360|1|277|0|0|
155|319|360|1|277|0|0|
155|319|390|1|277|0|0|
155|319|360|1|277|0|0|
155|314|360|1|277|0|0|
155|314|360|1|277|0|0|
155|319|330|1|277|0|0|
155|314|330|1|277|0|0|
155|314|390|1|277|0|0|
155|321|360|1|277|0|0|
155|321|360|1|277|0|0|
155|253|270|1|250|0|0|
155|314|360|1|277|0|0|
155|314|330|1|277|0|0|
155|253|270|1|250|0|0|
155|252|240|1|250|0|0|
155|252|210|1|250|0|0|
155|320|300|1|277|0|0|
155|319|330|1|277|0|0|
155|319|330|1|277|0|0|
155|321|330|1|277|0|0|
155|321|330|1|277|0|0|
155|321|330|1|277|0|0|
155|321|300|1|277|0|0|
155|255|240|1|250|0|0|
155|254|270|1|250|0|0|
155|322|360|1|277|0|0|
155|314|330|1|277|0|0|
155|321|330|1|277|0|0|
155|321|330|1|277|0|0|
155|321|330|1|277|0|0|
155|321|300|1|277|0|0|
155|321|330|1|277|0|0|
155|321|330|1|277|0|0|
155|321|330|1|277|0|0|
155|314|330|1|277|0|0|
155|321|300|1|277|0|0|
155|321|330|1|277|0|0|
155|320|330|1|277|0|0|
155|320|330|1|277|0|0|
155|320|330|1|277|0|0|
155|321|330|1|277|0|0|
155|321|300|1|277|0|0|
155|255|240|1|250|0|0|
155|314|330|1|277|0|0|
155|253|270|1|250|0|0|
155|322|300|1|277|0|0|
155|321|300|1|277|0|0|
155|320|330|1|277|0|0|
155|320|330|1|277|0|0|
155|320|300|1|277|0|0|
155|321|330|1|277|0|0|
155|320|330|1|277|0|0|
155|320|330|1|277|0|0|
155|320|300|1|277|0|0|
155|322|330|1|277|0|0|
155|321|330|1|277|0|0|
155|320|330|1|277|0|0|
155|320|330|1|277|0|0|
155|320|330|1|277|0|0|
155|321|300|1|277|0|0|
155|320|330|1|277|0|0|
155|314|300|1|277|0|0|
155|321|300|1|277|0|0|
155|321|300|1|277|0|0|
155|254|270|1|250|0|0|
155|321|330|1|277|0|0|
155|322|300|1|277|0|0|
155|321|330|1|277|0|0|
155|321|330|1|277|0|0|
155|321|330|1|277|0|0|
155|320|330|1|277|0|0|
155|320|360|1|277|0|0|
155|320|300|1|277|0|0|
155|321|330|1|277|0|0|
155|321|300|1|277|0|0|
155|321|330|1|277|0|0|
155|320|330|1|277|0|0|
155|320|300|1|277|0|0|
155|254|240|1|250|0|0|
155|320|300|1|277|0|0|
155|320|330|1|277|0|0|
155|320|330|1|277|0|0|
155|320|300|1|277|0|0|
155|319|360|1|277|0|0|
155|320|300|1|277|0|0|
155|320|330|1|277|0|0|
155|320|300|1|277|0|0|
155|320|300|1|277|0|0|
155|320|330|1|277|0|0|
155|320|360|1|277|0|0|
155|320|360|1|277|0|0|
155|320|360|1|277|0|0|
155|320|330|1|277|0|0|
155|320|330|1|277|0|0|
155|321|360|1|277|0|0|
155|320|360|1|277|0|0|
155|320|360|1|277|0|0|
155|320|330|1|277|0|0|
155|320|330|1|277|0|0|
155|320|360|1|277|0|0|
155|320|360|1|277|0|0|
155|320|330|1|277|0|0|
155|320|360|1|277|0|0|
155|320|390|1|277|0|0|
155|320|390|1|277|0|0|
155|320|390|1|277|0|0|
155|320|390|1|277|0|0|
155|320|390|1|277|0|0|
155|320|390|1|277|0|0|
155|320|390|1|277|0|0|
155|320|420|1|277|0|0|
155|320|390|1|277|0|0|
155|320|390|1|277|0|0|
155|320|360|1|277|0|0|
155|320|390|1|277|0|0|
155|320|390|1|277|0|0|
155|320|390|1|277|0|0|
155|320|390|1|277|0|0|
155|320|360|1|277|0|0|
155|320|390|1|277|0|0|
155|320|390|1|277|0|0|
155|320|390|1|277|0|0|
155|320|390|1|277|0|0|
155|320|390|1|277|0|0|
155|321|390|1|277|0|0|
155|320|390|1|277|0|0|
155|320|360|1|277|0|0|
155|320|390|1|277|0|0|
155|320|390|1|277|0|0|
155|320|390|1|277|0|0|
155|320|360|1|277|0|0|
155|320|390|1|277|0|0|
155|320|390|1|277|0|0|
155|320|390|1|277|0|0|
155|320|390|1|277|0|0|
155|320|390|1|277|0|0|
155|320|390|1|277|0|0|
155|320|390|1|277|0|0|
155|320|360|1|277|0|0|
155|320|360|1|277|0|0|
155|332|390|1|288|0|0|
155|320|390|1|277|0|0|
155|320|390|1|277|0|0|
155|320|390|1|277|0|0|
155|320|390|1|277|0|0|
155|320|390|1|277|0|0|
155|320|390|1|277|0|0|
155|320|390|1|277|0|0|
155|321|390|1|277|0|0|
155|320|390|1|277|0|0|
155|320|390|1|277|0|0|
155|320|390|1|277|0|0|
155|320|390|1|277|0|0|
