INSTRUCTIONS_RETIRED|CYCLES|UNKNOWN|LD_BLOCKS.STORE_FORWARD|UOPS_EXECUTED.CORE|BR_MISP_RETIRED.ALL_BRANCHES|UOPS_ISSUED.SINGLE_MUL|
91|405|390|1|213|1|0|
91|206|210|1|186|1|0|
91|206|210|1|186|1|0|
91|206|180|1|186|1|0|
91|206|210|1|186|1|0|
91|250|210|1|213|0|0|
91|206|180|1|186|1|0|
91|206|180|1|186|1|0|
91|206|210|1|186|1|0|
91|206|210|1|186|1|0|
91|251|210|1|213|0|0|
91|206|210|1|186|1|0|
91|206|300|1|186|1|0|
91|206|300|1|186|1|0|
91|250|360|1|213|0|0|
91|250|360|1|213|0|0|
91|251|360|1|213|0|0|
91|184|210|1|186|0|0|
91|250|240|1|213|0|0|
91|183|210|1|186|0|0|
91|250|360|1|213|0|0|
91|251|300|1|213|0|0|
91|251|360|1|213|0|0|
91|251|360|1|213|0|0|
91|251|360|1|213|0|0|
91|250|360|1|213|0|0|
91|250|360|1|213|0|0|
91|251|360|1|213|0|0|
91|251|270|1|213|0|0|
91|251|240|1|213|0|0|
91|251|270|1|213|0|0|
91|267|240|1|228|0|0|
91|251|240|1|213|0|0|
91|251|270|1|213|0|0|
91|251|240|1|213|0|0|
91|251|270|1|213|0|0|
91|251|240|1|213|0|0|
91|251|240|1|213|0|0|
91|251|240|1|213|0|0|
91|250|270|1|213|0|0|
91|251|210|1|213|0|0|
91|251|240|1|213|0|0|
91|251|270|1|213|0|0|
91|251|270|1|213|0|0|
91|251|270|1|213|0|0|
91|251|270|1|213|0|0|
91|251|270|1|213|0|0|
91|251|270|1|213|0|0|
91|251|240|1|213|0|0|
91|251|240|1|213|0|0|
91|251|240|1|213|0|0|
91|251|240|1|213|0|0|
91|251|240|1|213|0|0|
91|251|210|1|213|0|0|
91|251|270|1|213|0|0|
91|251|270|1|213|0|0|
91|251|270|1|213|0|0|
91|250|240|1|213|0|0|
91|251|270|1|213|0|0|
91|251|240|1|213|0|0|
91|251|270|1|213|0|0|
91|251|270|1|213|0|0|
91|251|240|1|213|0|0|
91|251|240|1|213|0|0|
91|251|210|1|213|0|0|
91|251|240|1|213|0|0|
91|251|270|1|213|0|0|
91|251|240|1|213|0|0|
91|251|270|1|213|0|0|
91|251|240|1|213|0|0|
91|251|240|1|213|0|0|
91|251|240|1|213|0|0|
91|251|240|1|213|0|0|
91|251|270|1|213|0|0|
91|251|270|1|213|0|0|
91|251|240|1|213|0|0|
91|251|240|1|213|0|0|
91|251|270|1|213|0|0|
91|251|240|1|213|0|0|
91|251|240|1|213|0|0|
91|251|270|1|213|0|0|
91|251|240|1|213|0|0|
91|251|240|1|213|0|0|
91|251|270|1|213|0|0|
91|251|240|1|213|0|0|
91|251|210|1|213|0|0|
91|251|240|1|213|0|0|
91|251|270|1|213|0|0|
91|251|240|1|213|0|0|
91|251|240|1|213|0|0|
91|251|270|1|213|0|0|
91|251|270|1|213|0|0|
91|251|270|1|213|0|0|
91|251|270|1|213|0|0|
91|251|270|1|213|0|0|
91|251|300|1|213|0|0|
91|251|270|1|213|0|0|
91|251|240|1|213|0|0|
91|251|240|1|213|0|0|
91|251|240|1|213|0|0|
91|251|270|1|213|0|0|
91|251|330|1|213|0|0|
91|250|240|1|213|0|0|
91|250|330|1|213|0|0|
91|250|330|1|213|0|0|
91|250|330|1|213|0|0|
91|250|330|1|213|0|0|
91|251|330|1|213|0|0|
91|251|240|1|213|0|0|
91|251|330|1|213|0|0|
91|251|330|1|213|0|0|
91|251|300|1|213|0|0|
91|251|270|1|213|0|0|
91|251|270|1|213|0|0|
91|251|300|1|213|0|0|
91|251|300|1|213|0|0|
91|251|300|1|213|0|0|
91|251|300|1|213|0|0|
91|251|270|1|213|0|0|
91|251|300|1|213|0|0|
91|251|300|1|213|0|0|
91|251|270|1|213|0|0|
91|251|330|1|213|0|0|
91|251|330|1|213|0|0|
91|251|300|1|213|0|0|
91|251|300|1|213|0|0|
91|251|300|1|213|0|0|
91|251|300|1|213|0|0|
91|251|300|1|213|0|0|
91|251|300|1|213|0|0|
91|251|330|1|213|0|0|
91|251|330|1|213|0|0|
91|251|270|1|213|0|0|
91|251|270|1|213|0|0|
91|251|270|1|213|0|0|
91|251|270|1|213|0|0|
91|251|300|1|213|0|0|
91|251|270|1|213|0|0|
91|251|270|1|213|0|0|
91|250|300|1|213|0|0|
91|251|240|1|213|0|0|
91|251|240|1|213|0|0|
91|251|270|1|213|0|0|
91|250|240|1|213|0|0|
91|183|180|1|186|0|0|
91|184|210|1|186|0|0|
91|184|180|1|186|0|0|
91|250|300|1|213|0|0|
91|250|300|1|213|0|0|
91|250|270|1|213|0|0|
91|250|270|1|213|0|0|
91|250|300|1|213|0|0|
91|251|300|1|213|0|0|
91|251|270|1|213|0|0|
91|251|270|1|213|0|0|
91|251|300|1|213|0|0|
91|251|300|1|213|0|0|
91|251|300|1|213|0|0|
91|251|300|1|213|0|0|
91|251|300|1|213|0|0|
91|251|300|1|213|0|0|
91|251|300|1|213|0|0|
91|250|270|1|213|0|0|
91|251|270|1|213|0|0|
91|251|300|1|213|0|0|
91|184|180|1|186|0|0|
91|184|210|1|186|0|0|
91|184|210|1|186|0|0|
91|251|270|1|213|0|0|
91|251|240|1|213|0|0|
91|251|270|1|213|0|0|
91|184|180|1|186|0|0|
91|251|270|1|213|0|0|
91|251|240|1|213|0|0|
91|251|240|1|213|0|0|
91|251|270|1|213|0|0|
91|251|240|1|213|0|0|
91|251|240|1|213|0|0|
91|184|210|1|186|0|0|
91|251|240|1|213|0|0|
91|251|240|1|213|0|0|
91|251|270|1|213|0|0|
91|251|240|1|213|0|0|
91|251|240|1|213|0|0|
91|251|270|1|213|0|0|
91|251|270|1|213|0|0|
91|251|270|1|213|0|0|
91|251|240|1|213|0|0|
91|251|270|1|213|0|0|
91|251|270|1|213|0|0|
91|251|270|1|213|0|0|
91|250|240|1|213|0|0|
91|251|240|1|213|0|0|
91|251|240|1|213|0|0|
91|251|300|1|213|0|0|
91|251|270|1|213|0|0|
91|251|270|1|213|0|0|
91|251|240|1|213|0|0|
91|251|240|1|213|0|0|
91|251|240|1|213|0|0|
91|251|270|1|213|0|0|
91|251|240|1|213|0|0|
91|251|270|1|213|0|0|
91|184|180|1|186|0|0|
91|184|180|1|186|0|0|
91|251|240|1|213|0|0|
91|251|240|1|213|0|0|
91|251|270|1|213|0|0|
91|250|240|1|213|0|0|
91|251|240|1|213|0|0|
91|184|180|1|186|0|0|
91|184|210|1|186|0|0|
91|184|210|1|186|0|0|
91|251|270|1|213|0|0|
91|250|270|1|213|0|0|
91|251|270|1|213|0|0|
91|251|210|1|213|0|0|
91|251|240|1|213|0|0|
91|251|240|1|213|0|0|
91|251|240|1|213|0|0|
91|251|270|1|213|0|0|
91|251|240|1|213|0|0|
91|251|240|1|213|0|0|
91|251|270|1|213|0|0|
91|251|270|1|213|0|0|
91|251|240|1|213|0|0|
91|251|240|1|213|0|0|
91|251|210|1|213|0|0|
91|251|270|1|213|0|0|
91|251|240|1|213|0|0|
91|251|270|1|213|0|0|
91|251|240|1|213|0|0|
91|251|240|1|213|0|0|
91|251|240|1|213|0|0|
91|251|240|1|213|0|0|
91|251|240|1|213|0|0|
91|251|240|1|213|0|0|
91|251|270|1|213|0|0|
91|251|240|1|213|0|0|
91|251|240|1|213|0|0|
91|251|210|1|213|0|0|
91|251|210|1|213|0|0|
91|251|270|1|213|0|0|
91|251|270|1|213|0|0|
91|251|270|1|213|0|0|
91|251|270|1|213|0|0|
91|251|240|1|213|0|0|
91|251|270|1|213|0|0|
91|251|240|1|213|0|0|
91|251|240|1|213|0|0|
91|251|270|1|213|0|0|
91|251|240|1|213|0|0|
91|251|270|1|213|0|0|
91|251|240|1|213|0|0|
91|251|240|1|213|0|0|
91|251|240|1|213|0|0|
91|251|210|1|213|0|0|
91|251|270|1|213|0|0|
91|251|270|1|213|0|0|
91|251|270|1|213|0|0|
91|251|270|1|213|0|0|
91|251|270|1|213|0|0|
91|251|270|1|213|0|0|
91|251|300|1|213|0|0|
91|251|300|1|213|0|0|
91|251|270|1|213|0|0|
91|251|300|1|213|0|0|
91|251|300|1|213|0|0|
91|251|300|1|213|0|0|
91|251|300|1|213|0|0|
91|251|300|1|213|0|0|
91|251|300|1|213|0|0|
91|251|300|1|213|0|0|
91|251|270|1|213|0|0|
91|251|330|1|213|0|0|
91|262|330|1|224|0|0|
91|251|300|1|213|0|0|
91|251|270|1|213|0|0|
91|251|300|1|213|0|0|
91|251|300|1|213|0|0|
91|251|300|1|213|0|0|
91|251|300|1|213|0|0|
91|251|300|1|213|0|0|
91|251|300|1|213|0|0|
91|251|300|1|213|0|0|
91|251|300|1|213|0|0|
91|251|330|1|213|0|0|
91|251|300|1|213|0|0|
91|251|300|1|213|0|0|
91|251|300|1|213|0|0|
91|251|300|1|213|0|0|
91|251|300|1|213|0|0|
91|251|330|1|213|0|0|
91|251|300|1|213|0|0|
91|251|270|1|213|0|0|
91|251|300|1|213|0|0|
91|251|300|1|213|0|0|
91|251|300|1|213|0|0|
91|251|300|1|213|0|0|
91|251|270|1|213|0|0|
91|251|330|1|213|0|0|
91|251|270|1|213|0|0|
91|251|300|1|213|0|0|
91|251|270|1|213|0|0|
91|251|300|1|213|0|0|
91|251|330|1|213|0|0|
91|251|330|1|213|0|0|
91|251|300|1|213|0|0|
91|251|330|1|213|0|0|
91|251|270|1|213|0|0|
91|269|330|1|230|0|0|
91|251|330|1|213|0|0|
91|251|330|1|213|0|0|
91|251|300|1|213|0|0|
91|251|270|1|213|0|0|
91|251|330|1|213|0|0|
91|251|330|1|213|0|0|
91|251|330|1|213|0|0|
91|251|300|1|213|0|0|
91|251|330|1|213|0|0|
91|251|300|1|213|0|0|
91|251|330|1|213|0|0|
91|251|300|1|213|0|0|
91|251|300|1|213|0|0|
91|251|330|1|213|0|0|
91|251|300|1|213|0|0|
91|251|330|1|213|0|0|
91|251|330|1|213|0|0|
91|251|330|1|213|0|0|
91|251|330|1|213|0|0|
91|251|270|1|213|0|0|
91|251|270|1|213|0|0|
91|251|300|1|213|0|0|
91|251|270|1|213|0|0|
91|251|330|1|213|0|0|
91|251|300|1|213|0|0|
91|267|300|1|228|0|0|
91|251|270|1|213|0|0|
91|251|330|1|213|0|0|
91|251|300|1|213|0|0|
91|251|270|1|213|0|0|
91|251|300|1|213|0|0|
91|251|270|1|213|0|0|
91|251|300|1|213|0|0|
91|251|300|1|213|0|0|
91|251|330|1|213|0|0|
91|251|330|1|213|0|0|
91|251|330|1|213|0|0|
91|251|330|1|213|0|0|
91|251|330|1|213|0|0|
91|251|300|1|213|0|0|
91|251|330|1|213|0|0|
91|251|300|1|213|0|0|
91|251|270|1|213|0|0|
91|251|330|1|213|0|0|
91|251|330|1|213|0|0|
91|251|270|1|213|0|0|
91|251|270|1|213|0|0|
91|251|330|1|213|0|0|
91|251|330|1|213|0|0|
91|251|330|1|213|0|0|
91|251|330|1|213|0|0|
91|251|330|1|213|0|0|
91|251|330|1|213|0|0|
91|251|330|1|213|0|0|
91|251|330|1|213|0|0|
91|251|330|1|213|0|0|
91|251|300|1|213|0|0|
91|251|330|1|213|0|0|
91|251|330|1|213|0|0|
91|251|330|1|213|0|0|
91|251|300|1|213|0|0|
91|251|330|1|213|0|0|
91|251|300|1|213|0|0|
91|251|330|1|213|0|0|
91|251|330|1|213|0|0|
91|251|270|1|213|0|0|
91|251|240|1|213|0|0|
91|251|240|1|213|0|0|
91|251|270|1|213|0|0|
91|251|210|1|213|0|0|
91|251|270|1|213|0|0|
91|251|270|1|213|0|0|
91|251|240|1|213|0|0|
91|251|240|1|213|0|0|
91|251|240|1|213|0|0|
91|251|270|1|213|0|0|
91|251|270|1|213|0|0|
91|251|210|1|213|0|0|
91|251|210|1|213|0|0|
91|251|210|1|213|0|0|
91|251|240|1|213|0|0|
91|251|240|1|213|0|0|
91|251|210|1|213|0|0|
91|251|240|1|213|0|0|
91|251|240|1|213|0|0|
91|251|240|1|213|0|0|
91|262|240|1|224|0|0|
91|251|270|1|213|0|0|
91|251|210|1|213|0|0|
91|251|240|1|213|0|0|
91|251|210|1|213|0|0|
91|251|270|1|213|0|0|
91|251|270|1|213|0|0|
91|251|210|1|213|0|0|
91|251|270|1|213|0|0|
91|251|270|1|213|0|0|
91|251|240|1|213|0|0|
91|251|270|1|213|0|0|
91|251|210|1|213|0|0|
91|251|240|1|213|0|0|
91|251|210|1|213|0|0|
91|251|270|1|213|0|0|
91|251|270|1|213|0|0|
91|251|210|1|213|0|0|
91|251|210|1|213|0|0|
91|251|270|1|213|0|0|
91|251|240|1|213|0|0|
91|251|210|1|213|0|0|
91|251|270|1|213|0|0|
91|251|240|1|213|0|0|
91|251|270|1|213|0|0|
91|251|240|1|213|0|0|
91|251|210|1|213|0|0|
91|251|240|1|213|0|0|
91|251|270|1|213|0|0|
91|251|210|1|213|0|0|
91|251|240|1|213|0|0|
91|251|210|1|213|0|0|
91|251|210|1|213|0|0|
91|251|240|1|213|0|0|
91|251|210|1|213|0|0|
91|251|210|1|213|0|0|
91|251|270|1|213|0|0|
91|251|270|1|213|0|0|
91|251|270|1|213|0|0|
91|251|240|1|213|0|0|
91|251|240|1|213|0|0|
91|251|210|1|213|0|0|
91|251|240|1|213|0|0|
91|251|240|1|213|0|0|
91|251|240|1|213|0|0|
91|251|210|1|213|0|0|
91|251|210|1|213|0|0|
91|251|210|1|213|0|0|
91|251|210|1|213|0|0|
91|251|240|1|213|0|0|
91|251|270|1|213|0|0|
91|251|240|1|213|0|0|
91|251|270|1|213|0|0|
91|251|240|1|213|0|0|
91|251|240|1|213|0|0|
91|251|270|1|213|0|0|
91|251|210|1|213|0|0|
91|251|240|1|213|0|0|
91|251|240|1|213|0|0|
91|251|240|1|213|0|0|
91|251|270|1|213|0|0|
91|251|210|1|213|0|0|
91|251|270|1|213|0|0|
91|251|240|1|213|0|0|
91|251|270|1|213|0|0|
91|251|270|1|213|0|0|
91|251|270|1|213|0|0|
91|251|240|1|213|0|0|
91|251|270|1|213|0|0|
91|251|240|1|213|0|0|
91|251|270|1|213|0|0|
91|251|210|1|213|0|0|
91|251|210|1|213|0|0|
91|251|210|1|213|0|0|
91|251|240|1|213|0|0|
91|251|240|1|213|0|0|
91|251|210|1|213|0|0|
91|251|240|1|213|0|0|
91|251|240|1|213|0|0|
91|251|240|1|213|0|0|
91|251|240|1|213|0|0|
91|251|240|1|213|0|0|
91|251|210|1|213|0|0|
91|251|210|1|213|0|0|
91|251|240|1|213|0|0|
91|251|240|1|213|0|0|
91|251|210|1|213|0|0|
91|251|240|1|213|0|0|
91|251|210|1|213|0|0|
91|251|240|1|213|0|0|
91|251|270|1|213|0|0|
91|251|240|1|213|0|0|
91|251|270|1|213|0|0|
91|251|240|1|213|0|0|
91|251|240|1|213|0|0|
91|251|210|1|213|0|0|
91|251|270|1|213|0|0|
91|251|210|1|213|0|0|
91|251|240|1|213|0|0|
91|251|240|1|213|0|0|
91|251|270|1|213|0|0|
91|251|240|1|213|0|0|
91|251|210|1|213|0|0|
91|251|270|1|213|0|0|
91|269|240|1|230|0|0|
91|251|210|1|213|0|0|
91|251|210|1|213|0|0|
91|251|240|1|213|0|0|
91|251|240|1|213|0|0|
91|251|240|1|213|0|0|
91|251|240|1|213|0|0|
91|251|210|1|213|0|0|
91|251|210|1|213|0|0|
91|251|240|1|213|0|0|
91|251|240|1|213|0|0|
91|251|210|1|213|0|0|
91|251|240|1|213|0|0|
91|251|240|1|213|0|0|
91|251|240|1|213|0|0|
91|251|210|1|213|0|0|
91|251|270|1|213|0|0|
91|251|240|1|213|0|0|
91|251|240|1|213|0|0|
91|251|270|1|213|0|0|
91|251|210|1|213|0|0|
91|251|240|1|213|0|0|
91|251|270|1|213|0|0|
91|251|240|1|213|0|0|
91|251|240|1|213|0|0|
91|251|240|1|213|0|0|
91|251|210|1|213|0|0|
91|251|270|1|213|0|0|
91|251|210|1|213|0|0|
91|184|150|1|186|0|0|
91|251|270|1|213|0|0|
91|251|240|1|213|0|0|
91|251|240|1|213|0|0|
91|251|210|1|213|0|0|
91|251|240|1|213|0|0|
91|251|270|1|213|0|0|
91|251|240|1|213|0|0|
91|251|240|1|213|0|0|
91|251|240|1|213|0|0|
91|251|240|1|213|0|0|
91|251|210|1|213|0|0|
91|251|240|1|213|0|0|
91|251|240|1|213|0|0|
91|251|270|1|213|0|0|
91|251|210|1|213|0|0|
91|251|270|1|213|0|0|
91|251|210|1|213|0|0|
91|251|240|1|213|0|0|
91|251|240|1|213|0|0|
91|251|210|1|213|0|0|
91|251|270|1|213|0|0|
91|251|270|1|213|0|0|
91|262|240|1|224|0|0|
91|251|240|1|213|0|0|
91|251|240|1|213|0|0|
91|251|240|1|213|0|0|
91|251|240|1|213|0|0|
91|251|270|1|213|0|0|
91|251|210|1|213|0|0|
91|251|240|1|213|0|0|
91|251|210|1|213|0|0|
91|251|270|1|213|0|0|
91|251|270|1|213|0|0|
91|251|270|1|213|0|0|
91|251|210|1|213|0|0|
91|251|210|1|213|0|0|
91|251|240|1|213|0|0|
91|251|210|1|213|0|0|
91|251|270|1|213|0|0|
91|251|270|1|213|0|0|
91|251|240|1|213|0|0|
91|251|270|1|213|0|0|
91|251|240|1|213|0|0|
91|251|210|1|213|0|0|
91|251|210|1|213|0|0|
91|251|210|1|213|0|0|
91|251|240|1|213|0|0|
91|261|270|1|223|0|0|
91|251|210|1|213|0|0|
91|251|240|1|213|0|0|
91|184|210|1|186|0|0|
91|251|240|1|213|0|0|
91|251|210|1|213|0|0|
91|251|270|1|213|0|0|
91|251|270|1|213|0|0|
91|251|240|1|213|0|0|
91|251|240|1|213|0|0|
91|251|240|1|213|0|0|
91|251|240|1|213|0|0|
91|251|240|1|213|0|0|
91|251|240|1|213|0|0|
91|251|270|1|213|0|0|
91|251|270|1|213|0|0|
91|251|270|1|213|0|0|
91|251|240|1|213|0|0|
91|272|450|1|213|1|0|
91|205|210|1|186|1|0|
91|205|300|1|186|1|0|
91|184|150|1|186|0|0|
91|272|420|1|213|1|0|
91|273|300|1|213|1|0|
91|250|240|1|213|0|0|
91|250|390|1|213|0|0|
91|250|270|1|213|0|0|
91|250|390|1|213|0|0|
91|183|270|1|186|0|0|
91|250|390|1|213|0|0|
91|250|240|1|213|0|0|
91|251|240|1|213|0|0|
91|251|240|1|213|0|0|
91|250|240|1|213|0|0|
91|250|210|1|213|0|0|
91|250|240|1|213|0|0|
91|250|240|1|213|0|0|
91|250|240|1|213|0|0|
91|250|240|1|213|0|0|
91|250|270|1|213|0|0|
91|250|210|1|213|0|0|
91|251|210|1|213|0|0|
91|251|240|1|213|0|0|
91|251|270|1|213|0|0|
91|251|210|1|213|0|0|
91|251|270|1|213|0|0|
91|251|270|1|213|0|0|
91|251|210|1|213|0|0|
91|251|240|1|213|0|0|
91|251|240|1|213|0|0|
91|251|270|1|213|0|0|
91|251|240|1|213|0|0|
91|251|270|1|213|0|0|
91|272|270|1|213|1|0|
91|272|270|1|213|1|0|
91|251|240|1|213|0|0|
91|251|240|1|213|0|0|
91|251|240|1|213|0|0|
91|251|240|1|213|0|0|
91|251|240|1|213|0|0|
91|251|270|1|213|0|0|
91|251|270|1|213|0|0|
91|251|270|1|213|0|0|
91|251|270|1|213|0|0|
91|251|270|1|213|0|0|
91|251|210|1|213|0|0|
91|251|240|1|213|0|0|
91|251|270|1|213|0|0|
91|251|270|1|213|0|0|
91|251|240|1|213|0|0|
91|251|240|1|213|0|0|
91|251|240|1|213|0|0|
91|251|240|1|213|0|0|
91|251|210|1|213|0|0|
91|251|270|1|213|0|0|
91|184|180|1|186|0|0|
91|251|240|1|213|0|0|
91|251|270|1|213|0|0|
91|251|240|1|213|0|0|
91|251|240|1|213|0|0|
91|251|240|1|213|0|0|
91|251|240|1|213|0|0|
91|251|270|1|213|0|0|
91|251|270|1|213|0|0|
91|251|270|1|213|0|0|
91|251|270|1|213|0|0|
91|251|270|1|213|0|0|
91|251|270|1|213|0|0|
91|251|270|1|213|0|0|
91|251|270|1|213|0|0|
91|251|240|1|213|0|0|
91|251|240|1|213|0|0|
91|251|240|1|213|0|0|
91|251|270|1|213|0|0|
91|206|210|1|186|1|0|
91|250|210|1|213|0|0|
91|206|180|1|186|1|0|
91|206|210|1|186|1|0|
91|183|180|1|186|0|0|
91|250|270|1|213|0|0|
91|250|240|1|213|0|0|
91|250|270|1|213|0|0|
91|250|240|1|213|0|0|
91|250|270|1|213|0|0|
91|251|240|1|213|0|0|
91|250|270|1|213|0|0|
91|250|270|1|213|0|0|
91|206|210|1|186|1|0|
91|206|210|1|186|1|0|
91|206|210|1|186|1|0|
91|206|180|1|186|1|0|
91|250|240|1|213|0|0|
91|206|210|1|186|1|0|
91|206|180|1|186|1|0|
91|206|210|1|186|1|0|
91|206|240|1|186|1|0|
91|206|180|1|186|1|0|
91|206|210|1|186|1|0|
91|251|240|1|213|0|0|
91|251|240|1|213|0|0|
91|250|240|1|213|0|0|
91|250|240|1|213|0|0|
91|250|270|1|213|0|0|
91|251|240|1|213|0|0|
91|250|240|1|213|0|0|
91|251|270|1|213|0|0|
91|251|300|1|213|0|0|
91|251|330|1|213|0|0|
91|251|300|1|213|0|0|
91|250|300|1|213|0|0|
91|251|330|1|213|0|0|
91|251|330|1|213|0|0|
91|250|270|1|213|0|0|
91|251|270|1|213|0|0|
91|250|270|1|213|0|0|
91|251|300|1|213|0|0|
91|251|330|1|213|0|0|
91|251|270|1|213|0|0|
91|260|300|1|222|0|0|
91|251|300|1|213|0|0|
91|251|300|1|213|0|0|
91|251|300|1|213|0|0|
91|251|270|1|213|0|0|
91|251|270|1|213|0|0|
91|251|270|1|213|0|0|
91|250|270|1|213|0|0|
91|251|240|1|213|0|0|
91|251|240|1|213|0|0|
91|251|300|1|213|0|0|
91|251|300|1|213|0|0|
91|251|240|1|213|0|0|
91|251|270|1|213|0|0|
91|251|240|1|213|0|0|
91|251|300|1|213|0|0|
91|251|270|1|213|0|0|
91|251|270|1|213|0|0|
91|251|300|1|213|0|0|
91|251|270|1|213|0|0|
91|251|300|1|213|0|0|
91|251|270|1|213|0|0|
91|251|300|1|213|0|0|
91|251|270|1|213|0|0|
91|251|270|1|213|0|0|
91|251|270|1|213|0|0|
91|251|270|1|213|0|0|
91|251|300|1|213|0|0|
91|251|330|1|213|0|0|
91|251|300|1|213|0|0|
91|251|300|1|213|0|0|
91|251|330|1|213|0|0|
91|251|330|1|213|0|0|
91|251|330|1|213|0|0|
91|251|330|1|213|0|0|
91|251|270|1|213|0|0|
91|251|300|1|213|0|0|
91|251|270|1|213|0|0|
91|251|300|1|213|0|0|
91|251|300|1|213|0|0|
91|251|330|1|213|0|0|
91|251|300|1|213|0|0|
91|251|270|1|213|0|0|
91|251|270|1|213|0|0|
91|251|300|1|213|0|0|
91|251|300|1|213|0|0|
91|251|270|1|213|0|0|
91|251|270|1|213|0|0|
91|251|300|1|213|0|0|
91|251|270|1|213|0|0|
91|251|300|1|213|0|0|
91|251|330|1|213|0|0|
91|251|300|1|213|0|0|
91|251|330|1|213|0|0|
91|251|270|1|213|0|0|
91|251|330|1|213|0|0|
91|251|330|1|213|0|0|
91|251|330|1|213|0|0|
91|251|270|1|213|0|0|
91|251|300|1|213|0|0|
91|251|330|1|213|0|0|
91|251|300|1|213|0|0|
91|262|330|1|224|0|0|
91|251|300|1|213|0|0|
91|251|270|1|213|0|0|
91|251|330|1|213|0|0|
91|251|330|1|213|0|0|
91|251|330|1|213|0|0|
91|251|330|1|213|0|0|
91|251|330|1|213|0|0|
91|251|330|1|213|0|0|
91|251|330|1|213|0|0|
91|251|330|1|213|0|0|
91|251|300|1|213|0|0|
91|251|300|1|213|0|0|
91|251|330|1|213|0|0|
91|251|300|1|213|0|0|
91|251|330|1|213|0|0|
91|251|330|1|213|0|0|
91|251|300|1|213|0|0|
91|251|330|1|213|0|0|
91|251|330|1|213|0|0|
91|251|330|1|213|0|0|
91|251|270|1|213|0|0|
91|251|300|1|213|0|0|
91|251|330|1|213|0|0|
91|251|330|1|213|0|0|
91|251|270|1|213|0|0|
91|251|330|1|213|0|0|
91|251|270|1|213|0|0|
91|250|300|1|213|0|0|
91|251|270|1|213|0|0|
91|251|300|1|213|0|0|
91|251|330|1|213|0|0|
91|251|270|1|213|0|0|
91|251|300|1|213|0|0|
91|250|270|1|213|0|0|
91|251|270|1|213|0|0|
91|251|270|1|213|0|0|
91|251|300|1|213|0|0|
91|251|300|1|213|0|0|
91|251|270|1|213|0|0|
91|251|300|1|213|0|0|
91|251|300|1|213|0|0|
91|251|300|1|213|0|0|
91|251|300|1|213|0|0|
91|251|330|1|213|0|0|
91|251|270|1|213|0|0|
91|251|270|1|213|0|0|
91|251|270|1|213|0|0|
91|251|300|1|213|0|0|
91|251|270|1|213|0|0|
91|251|270|1|213|0|0|
91|251|300|1|213|0|0|
91|251|300|1|213|0|0|
91|251|270|1|213|0|0|
91|251|300|1|213|0|0|
91|251|300|1|213|0|0|
91|251|300|1|213|0|0|
91|251|300|1|213|0|0|
91|251|300|1|213|0|0|
91|251|270|1|213|0|0|
91|251|300|1|213|0|0|
91|251|270|1|213|0|0|
91|251|270|1|213|0|0|
91|251|270|1|213|0|0|
91|251|270|1|213|0|0|
91|251|270|1|213|0|0|
91|251|300|1|213|0|0|
91|251|330|1|213|0|0|
91|251|330|1|213|0|0|
91|251|330|1|213|0|0|
91|251|330|1|213|0|0|
91|251|330|1|213|0|0|
91|251|330|1|213|0|0|
91|251|330|1|213|0|0|
91|251|300|1|213|0|0|
91|251|300|1|213|0|0|
91|251|300|1|213|0|0|
91|251|300|1|213|0|0|
91|251|330|1|213|0|0|
91|250|300|1|213|0|0|
91|251|330|1|213|0|0|
91|251|330|1|213|0|0|
91|251|330|1|213|0|0|
91|251|300|1|213|0|0|
91|251|330|1|213|0|0|
91|251|300|1|213|0|0|
91|251|300|1|213|0|0|
91|251|330|1|213|0|0|
91|251|330|1|213|0|0|
91|251|270|1|213|0|0|
91|251|330|1|213|0|0|
91|251|330|1|213|0|0|
91|251|300|1|213|0|0|
91|251|300|1|213|0|0|
91|251|330|1|213|0|0|
91|251|270|1|213|0|0|
91|251|300|1|213|0|0|
91|251|270|1|213|0|0|
91|251|330|1|213|0|0|
91|251|300|1|213|0|0|
91|251|330|1|213|0|0|
91|251|330|1|213|0|0|
91|251|330|1|213|0|0|
91|251|300|1|213|0|0|
91|251|330|1|213|0|0|
91|251|300|1|213|0|0|
91|251|330|1|213|0|0|
91|251|300|1|213|0|0|
91|251|330|1|213|0|0|
91|251|330|1|213|0|0|
91|251|330|1|213|0|0|
91|251|330|1|213|0|0|
91|251|270|1|213|0|0|
91|251|300|1|213|0|0|
91|251|270|1|213|0|0|
91|251|330|1|213|0|0|
91|251|270|1|213|0|0|
91|251|330|1|213|0|0|
91|250|330|1|213|0|0|
91|251|330|1|213|0|0|
91|251|300|1|213|0|0|
91|251|330|1|213|0|0|
91|251|270|1|213|0|0|
91|251|270|1|213|0|0|
91|251|300|1|213|0|0|
91|251|270|1|213|0|0|
91|268|330|1|229|0|0|
91|251|330|1|213|0|0|
91|251|330|1|213|0|0|
91|251|270|1|213|0|0|
91|251|330|1|213|0|0|
91|251|300|1|213|0|0|
91|251|300|1|213|0|0|
91|251|330|1|213|0|0|
91|251|270|1|213|0|0|
91|251|330|1|213|0|0|
91|251|300|1|213|0|0|
91|251|270|1|213|0|0|
91|251|330|1|213|0|0|
91|251|300|1|213|0|0|
91|251|300|1|213|0|0|
91|251|330|1|213|0|0|
91|251|300|1|213|0|0|
91|251|330|1|213|0|0|
91|251|270|1|213|0|0|
91|251|300|1|213|0|0|
91|251|270|1|213|0|0|
91|251|330|1|213|0|0|
91|251|300|1|213|0|0|
91|251|300|1|213|0|0|
91|251|330|1|213|0|0|
91|251|300|1|213|0|0|
91|251|300|1|213|0|0|
91|251|270|1|213|0|0|
91|251|270|1|213|0|0|
91|251|330|1|213|0|0|
91|251|300|1|213|0|0|
91|251|330|1|213|0|0|
91|251|330|1|213|0|0|
91|251|300|1|213|0|0|
91|251|300|1|213|0|0|
91|251|330|1|213|0|0|
91|251|330|1|213|0|0|
91|251|330|1|213|0|0|
91|251|300|1|213|0|0|
91|251|270|1|213|0|0|
91|251|330|1|213|0|0|
91|251|330|1|213|0|0|
91|251|300|1|213|0|0|
91|251|330|1|213|0|0|
91|251|300|1|213|0|0|
91|251|330|1|213|0|0|
91|251|330|1|213|0|0|
91|251|300|1|213|0|0|
91|251|330|1|213|0|0|
91|251|330|1|213|0|0|
91|251|300|1|213|0|0|
91|251|330|1|213|0|0|
91|251|300|1|213|0|0|
91|251|300|1|213|0|0|
91|251|300|1|213|0|0|
91|251|300|1|213|0|0|
91|251|270|1|213|0|0|
91|251|300|1|213|0|0|
91|251|300|1|213|0|0|
91|251|330|1|213|0|0|
91|251|300|1|213|0|0|
91|251|300|1|213|0|0|
91|251|270|1|213|0|0|
91|251|270|1|213|0|0|
91|251|300|1|213|0|0|
91|251|270|1|213|0|0|
91|251|330|1|213|0|0|
91|251|330|1|213|0|0|
91|251|330|1|213|0|0|
91|251|270|1|213|0|0|
91|251|300|1|213|0|0|
91|251|300|1|213|0|0|
91|251|300|1|213|0|0|
91|251|300|1|213|0|0|
91|251|270|1|213|0|0|
91|251|300|1|213|0|0|
91|251|330|1|213|0|0|
91|251|300|1|213|0|0|
91|251|300|1|213|0|0|
91|251|330|1|213|0|0|
91|251|330|1|213|0|0|
91|251|330|1|213|0|0|
91|251|300|1|213|0|0|
91|251|330|1|213|0|0|
91|251|300|1|213|0|0|
91|251|300|1|213|0|0|
91|251|300|1|213|0|0|
91|251|330|1|213|0|0|
91|251|300|1|213|0|0|
91|251|270|1|213|0|0|
91|250|330|1|213|0|0|
91|251|330|1|213|0|0|
91|251|300|1|213|0|0|
91|251|330|1|213|0|0|
91|251|300|1|213|0|0|
91|251|330|1|213|0|0|
