INSTRUCTIONS_RETIRED|CYCLES|UNKNOWN|LD_BLOCKS.STORE_FORWARD|UOPS_EXECUTED.CORE|BR_MISP_RETIRED.ALL_BRANCHES|UOPS_ISSUED.SINGLE_MUL|
70|252|240|1|192|1|0|
70|251|240|1|192|1|0|
70|251|300|1|192|1|0|
70|185|180|1|165|1|0|
70|251|270|1|192|1|0|
70|251|240|1|192|1|0|
70|251|240|1|192|1|0|
70|251|270|1|192|1|0|
70|251|300|1|192|1|0|
70|251|270|1|192|1|0|
70|251|270|1|192|1|0|
70|251|240|1|192|1|0|
70|251|240|1|192|1|0|
70|251|270|1|192|1|0|
70|251|270|1|192|1|0|
70|184|180|1|165|1|0|
70|184|210|1|165|1|0|
70|184|180|1|165|1|0|
70|184|180|1|165|1|0|
70|163|180|1|165|0|0|
70|230|240|1|192|0|0|
70|230|240|1|192|0|0|
70|230|210|1|192|0|0|
70|162|150|1|165|0|0|
70|229|210|1|192|0|0|
70|163|180|1|165|0|0|
70|163|150|1|165|0|0|
70|162|150|1|165|0|0|
70|162|180|1|165|0|0|
70|162|150|1|165|0|0|
70|229|240|1|192|0|0|
70|230|210|1|192|0|0|
70|229|240|1|192|0|0|
70|230|240|1|192|0|0|
70|230|210|1|192|0|0|
70|163|180|1|165|0|0|
70|229|240|1|192|0|0|
70|230|240|1|192|0|0|
70|230|210|1|192|0|0|
70|230|210|1|192|0|0|
70|230|240|1|192|0|0|
70|230|210|1|192|0|0|
70|230|240|1|192|0|0|
70|230|240|1|192|0|0|
70|230|210|1|192|0|0|
70|230|210|1|192|0|0|
70|163|120|1|165|0|0|
70|163|180|1|165|0|0|
70|230|270|1|192|0|0|
70|162|180|1|165|0|0|
70|162|150|1|165|0|0|
70|230|240|1|192|0|0|
70|230|240|1|192|0|0|
70|162|180|1|165|0|0|
70|162|180|1|165|0|0|
70|230|210|1|192|0|0|
70|252|240|1|192|1|0|
70|251|270|1|192|1|0|
70|251|270|1|192|1|0|
70|251|240|1|192|1|0|
70|184|180|1|165|1|0|
70|251|270|1|192|1|0|
70|251|240|1|192|1|0|
70|251|240|1|192|1|0|
70|163|150|1|165|0|0|
70|229|240|1|192|0|0|
70|231|240|1|192|0|0|
70|163|180|1|165|0|0|
70|163|180|1|165|0|0|
70|235|240|1|192|0|0|
70|231|210|1|192|0|0|
70|237|240|1|200|0|0|
70|163|180|1|165|0|0|
70|229|240|1|192|0|0|
70|163|150|1|165|0|0|
70|163|150|1|165|0|0|
70|230|240|1|192|0|0|
70|163|180|1|165|0|0|
70|163|180|1|165|0|0|
70|163|150|1|165|0|0|
70|230|240|1|192|0|0|
70|162|150|1|165|0|0|
70|229|210|1|192|0|0|
70|230|240|1|192|0|0|
70|229|210|1|192|0|0|
70|162|180|1|165|0|0|
70|162|150|1|165|0|0|
70|229|210|1|192|0|0|
70|229|210|1|192|0|0|
70|162|180|1|165|0|0|
70|229|240|1|192|0|0|
70|162|150|1|165|0|0|
70|229|240|1|192|0|0|
70|229|210|1|192|0|0|
70|230|210|1|192|0|0|
70|162|150|1|165|0|0|
70|229|210|1|192|0|0|
70|229|240|1|192|0|0|
70|229|240|1|192|0|0|
70|229|270|1|192|0|0|
70|162|150|1|165|0|0|
70|229|210|1|192|0|0|
70|229|210|1|192|0|0|
70|229|210|1|192|0|0|
70|252|270|1|192|1|0|
70|185|180|1|165|1|0|
70|252|240|1|192|1|0|
70|371|390|1|192|1|0|
70|185|210|1|165|1|0|
70|185|180|1|165|1|0|
70|251|240|1|192|1|0|
70|251|240|1|192|1|0|
70|252|240|1|192|1|0|
70|252|270|1|192|1|0|
70|251|240|1|192|1|0|
70|251|240|1|192|1|0|
70|185|180|1|165|1|0|
70|251|240|1|192|1|0|
70|251|240|1|192|1|0|
70|251|240|1|192|1|0|
70|251|240|1|192|1|0|
70|184|180|1|165|1|0|
70|184|210|1|165|1|0|
70|184|210|1|165|1|0|
70|184|180|1|165|1|0|
70|259|300|1|200|1|0|
70|251|270|1|192|1|0|
70|251|270|1|192|1|0|
70|251|300|1|192|1|0|
70|251|270|1|192|1|0|
70|251|270|1|192|1|0|
70|230|210|1|192|0|0|
70|229|240|1|192|0|0|
70|229|270|1|192|0|0|
70|229|270|1|192|0|0|
70|229|270|1|192|0|0|
70|229|270|1|192|0|0|
70|229|270|1|192|0|0|
70|229|240|1|192|0|0|
70|230|240|1|192|0|0|
70|230|270|1|192|0|0|
70|229|240|1|192|0|0|
70|230|270|1|192|0|0|
70|239|270|1|202|0|0|
70|229|210|1|192|0|0|
70|229|270|1|192|0|0|
70|230|210|1|192|0|0|
70|230|270|1|192|0|0|
70|229|270|1|192|0|0|
70|229|240|1|192|0|0|
70|229|240|1|192|0|0|
70|229|210|1|192|0|0|
70|229|270|1|192|0|0|
70|229|210|1|192|0|0|
70|229|210|1|192|0|0|
70|229|240|1|192|0|0|
70|229|270|1|192|0|0|
70|230|270|1|192|0|0|
70|229|240|1|192|0|0|
70|229|240|1|192|0|0|
70|230|270|1|192|0|0|
70|163|180|1|165|0|0|
70|163|150|1|165|0|0|
70|229|240|1|192|0|0|
70|229|270|1|192|0|0|
70|230|240|1|192|0|0|
70|230|240|1|192|0|0|
70|229|240|1|192|0|0|
70|230|270|1|192|0|0|
70|245|270|2|218|0|0|
70|229|270|1|192|0|0|
70|230|240|1|192|0|0|
70|230|270|1|192|0|0|
70|230|270|1|192|0|0|
70|229|270|1|192|0|0|
70|229|270|1|192|0|0|
70|229|240|1|192|0|0|
70|229|270|1|192|0|0|
70|229|240|1|192|0|0|
70|230|270|1|192|0|0|
70|230|240|1|192|0|0|
70|229|240|1|192|0|0|
70|229|240|1|192|0|0|
70|229|240|1|192|0|0|
70|229|240|1|192|0|0|
70|230|210|1|192|0|0|
70|229|210|1|192|0|0|
70|230|240|1|192|0|0|
70|230|210|1|192|0|0|
70|230|240|1|192|0|0|
70|229|210|1|192|0|0|
70|229|240|1|192|0|0|
70|230|240|1|192|0|0|
70|229|210|1|192|0|0|
70|229|240|1|192|0|0|
70|229|240|1|192|0|0|
70|230|240|1|192|0|0|
70|229|210|1|192|0|0|
70|230|240|1|192|0|0|
70|229|240|1|192|0|0|
70|229|240|1|192|0|0|
70|230|240|1|192|0|0|
70|229|240|1|192|0|0|
70|245|210|2|218|0|0|
70|163|150|1|165|0|0|
70|229|210|1|192|0|0|
70|229|240|1|192|0|0|
70|230|210|1|192|0|0|
70|229|240|1|192|0|0|
70|229|240|1|192|0|0|
70|230|240|1|192|0|0|
70|230|210|1|192|0|0|
70|230|240|1|192|0|0|
70|230|270|1|192|0|0|
70|230|270|1|192|0|0|
70|245|240|2|218|0|0|
70|229|240|1|192|0|0|
70|229|240|1|192|0|0|
70|229|240|1|192|0|0|
70|230|270|1|192|0|0|
70|163|150|1|165|0|0|
70|229|240|1|192|0|0|
70|229|240|1|192|0|0|
70|229|240|1|192|0|0|
70|229|240|1|192|0|0|
70|229|270|1|192|0|0|
70|230|240|1|192|0|0|
70|229|240|1|192|0|0|
70|251|270|1|192|1|0|
70|251|270|1|192|1|0|
70|251|240|1|192|1|0|
70|251|240|1|192|1|0|
70|251|270|1|192|1|0|
70|266|300|2|218|1|0|
70|251|270|1|192|1|0|
70|266|270|2|218|1|0|
70|251|270|1|192|1|0|
70|251|270|1|192|1|0|
70|251|270|1|192|1|0|
70|251|270|1|192|1|0|
70|251|270|1|192|1|0|
70|251|270|1|192|1|0|
70|251|270|1|192|1|0|
70|251|240|1|192|1|0|
70|251|240|1|192|1|0|
70|251|270|1|192|1|0|
70|251|270|1|192|1|0|
70|251|270|1|192|1|0|
70|251|270|1|192|1|0|
70|251|270|1|192|1|0|
70|251|240|1|192|1|0|
70|251|240|1|192|1|0|
70|251|270|1|192|1|0|
70|251|270|1|192|1|0|
70|184|210|1|165|1|0|
70|251|270|1|192|1|0|
70|251|240|1|192|1|0|
70|251|270|1|192|1|0|
70|251|240|1|192|1|0|
70|251|270|1|192|1|0|
70|251|270|1|192|1|0|
70|251|240|1|192|1|0|
70|251|240|1|192|1|0|
70|251|270|1|192|1|0|
70|251|270|1|192|1|0|
70|251|270|1|192|1|0|
70|251|270|1|192|1|0|
70|251|270|1|192|1|0|
70|251|270|1|192|1|0|
70|251|240|1|192|1|0|
70|251|270|1|192|1|0|
70|251|240|1|192|1|0|
70|251|270|1|192|1|0|
70|251|270|1|192|1|0|
70|251|240|1|192|1|0|
70|251|240|1|192|1|0|
70|251|240|1|192|1|0|
70|251|240|1|192|1|0|
70|251|240|1|192|1|0|
70|251|240|1|192|1|0|
70|251|270|1|192|1|0|
70|251|240|1|192|1|0|
70|251|270|1|192|1|0|
70|251|270|1|192|1|0|
70|251|240|1|192|1|0|
70|251|240|1|192|1|0|
70|251|240|1|192|1|0|
70|251|240|1|192|1|0|
70|251|270|1|192|1|0|
70|251|270|1|192|1|0|
70|251|240|1|192|1|0|
70|251|270|1|192|1|0|
70|251|240|1|192|1|0|
70|184|210|1|165|1|0|
70|251|270|1|192|1|0|
70|251|270|1|192|1|0|
70|251|270|1|192|1|0|
70|184|210|1|165|1|0|
70|251|270|1|192|1|0|
70|251|270|1|192|1|0|
70|251|240|1|192|1|0|
70|251|270|1|192|1|0|
70|251|270|1|192|1|0|
70|184|150|1|165|1|0|
70|251|270|1|192|1|0|
70|251|270|1|192|1|0|
70|251|300|1|192|1|0|
70|251|240|1|192|1|0|
70|251|240|1|192|1|0|
70|184|180|1|165|1|0|
70|163|150|1|165|0|0|
70|230|210|1|192|0|0|
70|230|210|1|192|0|0|
70|163|180|1|165|0|0|
70|229|210|1|192|0|0|
70|251|240|1|192|1|0|
70|251|240|1|192|1|0|
70|251|240|1|192|1|0|
70|251|270|1|192|1|0|
70|251|270|1|192|1|0|
70|251|240|1|192|1|0|
70|251|240|1|192|1|0|
70|251|270|1|192|1|0|
70|251|240|1|192|1|0|
70|251|240|1|192|1|0|
70|251|240|1|192|1|0|
70|230|240|1|192|0|0|
70|229|240|1|192|0|0|
70|230|240|1|192|0|0|
70|230|240|1|192|0|0|
70|229|210|1|192|0|0|
70|251|240|1|192|1|0|
70|251|240|1|192|1|0|
70|251|240|1|192|1|0|
70|251|270|1|192|1|0|
70|251|240|1|192|1|0|
70|251|270|1|192|1|0|
70|251|240|1|192|1|0|
70|251|240|1|192|1|0|
70|251|300|1|192|1|0|
70|251|270|1|192|1|0|
70|251|240|1|192|1|0|
70|251|270|1|192|1|0|
70|251|270|1|192|1|0|
70|251|240|1|192|1|0|
70|259|240|1|200|1|0|
70|251|240|1|192|1|0|
70|229|270|1|192|0|0|
70|230|240|1|192|0|0|
70|230|240|1|192|0|0|
70|230|210|1|192|0|0|
70|162|150|1|165|0|0|
70|162|150|1|165|0|0|
70|162|180|1|165|0|0|
70|162|150|1|165|0|0|
70|162|150|1|165|0|0|
70|162|150|1|165|0|0|
70|162|180|1|165|0|0|
70|163|120|1|165|0|0|
70|230|210|1|192|0|0|
70|230|210|1|192|0|0|
70|230|240|1|192|0|0|
70|163|150|1|165|0|0|
70|230|240|1|192|0|0|
70|230|210|1|192|0|0|
70|229|210|1|192|0|0|
70|229|240|1|192|0|0|
70|229|210|1|192|0|0|
70|230|270|1|192|0|0|
70|230|240|1|192|0|0|
70|230|240|1|192|0|0|
70|230|210|1|192|0|0|
70|251|240|1|192|1|0|
70|260|270|1|201|1|0|
70|230|240|1|192|0|0|
70|238|240|1|200|0|0|
70|241|240|1|207|0|0|
70|230|210|1|192|0|0|
70|230|210|1|192|0|0|
70|229|240|1|192|0|0|
70|230|240|1|192|0|0|
70|230|210|1|192|0|0|
70|230|210|1|192|0|0|
70|230|240|1|192|0|0|
70|230|270|1|192|0|0|
70|230|210|1|192|0|0|
70|230|210|1|192|0|0|
70|230|240|1|192|0|0|
70|230|240|1|192|0|0|
70|230|210|1|192|0|0|
70|230|240|1|192|0|0|
70|230|210|1|192|0|0|
70|230|240|1|192|0|0|
70|230|240|1|192|0|0|
70|230|240|1|192|0|0|
70|230|210|1|192|0|0|
70|230|210|1|192|0|0|
70|230|210|1|192|0|0|
70|230|240|1|192|0|0|
70|230|210|1|192|0|0|
70|230|210|1|192|0|0|
70|246|210|2|220|0|0|
70|230|240|1|192|0|0|
70|230|210|1|192|0|0|
70|230|270|1|192|0|0|
70|230|210|1|192|0|0|
70|163|180|1|165|0|0|
70|230|210|1|192|0|0|
70|230|210|1|192|0|0|
70|230|240|1|192|0|0|
70|230|240|1|192|0|0|
70|230|210|1|192|0|0|
70|230|210|1|192|0|0|
70|230|210|1|192|0|0|
70|230|240|1|192|0|0|
70|230|240|1|192|0|0|
70|230|210|1|192|0|0|
70|230|240|1|192|0|0|
70|230|210|1|192|0|0|
70|229|210|1|192|0|0|
70|230|240|1|192|0|0|
70|230|210|1|192|0|0|
70|230|240|1|192|0|0|
70|230|240|1|192|0|0|
70|229|240|1|192|0|0|
70|230|240|1|192|0|0|
70|230|240|1|192|0|0|
70|230|240|1|192|0|0|
70|230|240|1|192|0|0|
70|230|270|1|192|0|0|
70|230|240|1|192|0|0|
70|230|240|1|192|0|0|
70|230|270|1|192|0|0|
70|230|240|1|192|0|0|
70|230|270|1|192|0|0|
70|230|270|1|192|0|0|
70|230|270|1|192|0|0|
70|230|270|1|192|0|0|
70|230|240|1|192|0|0|
70|230|270|1|192|0|0|
70|230|270|1|192|0|0|
70|229|270|1|192|0|0|
70|230|270|1|192|0|0|
70|230|240|1|192|0|0|
70|230|240|1|192|0|0|
70|230|240|1|192|0|0|
70|230|240|1|192|0|0|
70|230|240|1|192|0|0|
70|230|240|1|192|0|0|
70|230|240|1|192|0|0|
70|230|270|1|192|0|0|
70|162|150|1|165|0|0|
70|229|240|1|192|0|0|
70|230|240|1|192|0|0|
70|230|210|1|192|0|0|
70|230|270|1|192|0|0|
70|230|210|1|192|0|0|
70|230|270|1|192|0|0|
70|230|210|1|192|0|0|
70|230|240|1|192|0|0|
70|230|240|1|192|0|0|
70|230|210|1|192|0|0|
70|230|240|1|192|0|0|
70|162|180|1|165|0|0|
70|230|240|1|192|0|0|
70|230|240|1|192|0|0|
70|163|180|1|165|0|0|
70|163|150|1|165|0|0|
70|163|210|1|165|0|0|
70|162|210|1|165|0|0|
70|163|180|1|165|0|0|
70|163|180|1|165|0|0|
70|229|270|1|192|0|0|
70|229|240|1|192|0|0|
70|230|240|1|192|0|0|
70|230|270|1|192|0|0|
70|230|270|1|192|0|0|
70|230|240|1|192|0|0|
70|230|240|1|192|0|0|
70|230|240|1|192|0|0|
70|230|270|1|192|0|0|
70|230|240|1|192|0|0|
70|230|240|1|192|0|0|
70|230|240|1|192|0|0|
70|163|150|1|165|0|0|
70|230|210|1|192|0|0|
70|230|240|1|192|0|0|
70|230|210|1|192|0|0|
70|230|240|1|192|0|0|
70|230|210|1|192|0|0|
70|230|240|1|192|0|0|
70|230|210|1|192|0|0|
70|230|240|1|192|0|0|
70|230|240|1|192|0|0|
70|230|240|1|192|0|0|
70|213|180|1|165|0|0|
70|230|270|1|192|0|0|
70|229|240|1|192|0|0|
70|230|210|1|192|0|0|
70|230|240|1|192|0|0|
70|230|240|1|192|0|0|
70|229|210|1|192|0|0|
70|230|240|1|192|0|0|
70|230|240|1|192|0|0|
70|230|240|1|192|0|0|
70|230|210|1|192|0|0|
70|230|210|1|192|0|0|
70|230|240|1|192|0|0|
70|163|150|1|165|0|0|
70|230|210|1|192|0|0|
70|230|240|1|192|0|0|
70|230|240|1|192|0|0|
70|230|210|1|192|0|0|
70|230|270|1|192|0|0|
70|230|240|1|192|0|0|
70|230|240|1|192|0|0|
70|245|240|2|218|0|0|
70|230|270|1|192|0|0|
70|230|240|1|192|0|0|
70|230|240|1|192|0|0|
70|230|240|1|192|0|0|
70|251|270|1|192|1|0|
70|266|300|2|218|1|0|
70|251|240|1|192|1|0|
70|251|270|1|192|1|0|
70|251|270|1|192|1|0|
70|184|210|1|165|1|0|
70|184|180|1|165|1|0|
70|251|270|1|192|1|0|
70|251|270|1|192|1|0|
70|251|270|1|192|1|0|
70|251|240|1|192|1|0|
70|184|180|1|165|1|0|
70|251|240|1|192|1|0|
70|239|240|1|201|0|0|
70|163|150|1|165|0|0|
70|230|210|1|192|0|0|
70|163|180|1|165|0|0|
70|230|240|1|192|0|0|
70|230|240|1|192|0|0|
70|163|180|1|165|0|0|
70|163|180|1|165|0|0|
70|230|240|1|192|0|0|
70|230|210|1|192|0|0|
70|230|210|1|192|0|0|
70|163|150|1|165|0|0|
70|230|210|1|192|0|0|
70|230|240|1|192|0|0|
70|230|210|1|192|0|0|
70|230|210|1|192|0|0|
70|230|270|1|192|0|0|
70|230|270|1|192|0|0|
70|163|180|1|165|0|0|
70|163|150|1|165|0|0|
70|163|150|1|165|0|0|
70|163|150|1|165|0|0|
70|163|150|1|165|0|0|
70|163|180|1|165|0|0|
70|163|180|1|165|0|0|
70|163|180|1|165|0|0|
70|163|150|1|165|0|0|
70|230|210|1|192|0|0|
70|230|240|1|192|0|0|
70|237|210|1|200|0|0|
70|230|240|1|192|0|0|
70|238|210|1|200|0|0|
70|230|210|1|192|0|0|
70|230|210|1|192|0|0|
70|230|270|1|192|0|0|
70|230|240|1|192|0|0|
70|230|240|1|192|0|0|
70|230|270|1|192|0|0|
70|230|240|1|192|0|0|
70|230|240|1|192|0|0|
70|251|240|1|192|1|0|
70|251|240|1|192|1|0|
70|251|240|1|192|1|0|
70|251|240|1|192|1|0|
70|251|240|1|192|1|0|
70|251|270|1|192|1|0|
70|251|270|1|192|1|0|
70|251|240|1|192|1|0|
70|251|240|1|192|1|0|
70|230|240|1|192|0|0|
70|251|270|1|192|1|0|
70|251|240|1|192|1|0|
70|251|240|1|192|1|0|
70|251|240|1|192|1|0|
70|251|270|1|192|1|0|
70|251|240|1|192|1|0|
70|184|180|1|165|1|0|
70|184|180|1|165|1|0|
70|251|240|1|192|1|0|
70|251|270|1|192|1|0|
70|184|180|1|165|1|0|
70|251|240|1|192|1|0|
70|251|240|1|192|1|0|
70|251|240|1|192|1|0|
70|251|240|1|192|1|0|
70|251|240|1|192|1|0|
70|251|270|1|192|1|0|
70|251|240|1|192|1|0|
70|251|240|1|192|1|0|
70|251|240|1|192|1|0|
70|184|180|1|165|1|0|
70|184|180|1|165|1|0|
70|184|180|1|165|1|0|
70|184|180|1|165|1|0|
70|251|240|1|192|1|0|
70|251|240|1|192|1|0|
70|229|270|1|192|0|0|
70|229|210|1|192|0|0|
70|229|240|1|192|0|0|
70|229|210|1|192|0|0|
70|229|210|1|192|0|0|
70|162|180|1|165|0|0|
70|162|150|1|165|0|0|
70|162|150|1|165|0|0|
70|229|210|1|192|0|0|
70|162|180|1|165|0|0|
70|162|150|1|165|0|0|
70|163|180|1|165|0|0|
70|163|180|1|165|0|0|
70|163|150|1|165|0|0|
70|230|240|1|192|0|0|
70|229|240|1|192|0|0|
70|230|270|1|192|0|0|
70|230|210|1|192|0|0|
70|229|210|1|192|0|0|
70|230|270|1|192|0|0|
70|230|240|1|192|0|0|
70|230|270|1|192|0|0|
70|230|210|1|192|0|0|
70|230|240|1|192|0|0|
70|241|270|1|207|0|0|
70|230|270|1|192|0|0|
70|230|240|1|192|0|0|
70|230|210|1|192|0|0|
70|229|210|1|192|0|0|
70|230|240|1|192|0|0|
70|162|180|1|165|0|0|
70|230|210|1|192|0|0|
70|230|270|1|192|0|0|
70|230|240|1|192|0|0|
70|245|240|2|218|0|0|
70|230|240|1|192|0|0|
70|163|180|1|165|0|0|
70|230|240|1|192|0|0|
70|230|240|1|192|0|0|
70|230|240|1|192|0|0|
70|230|270|1|192|0|0|
70|230|240|1|192|0|0|
70|230|240|1|192|0|0|
70|230|240|1|192|0|0|
70|230|240|1|192|0|0|
70|163|150|1|165|0|0|
70|230|210|1|192|0|0|
70|163|150|1|165|0|0|
70|163|150|1|165|0|0|
70|163|150|1|165|0|0|
70|163|150|1|165|0|0|
70|163|180|1|165|0|0|
70|230|210|1|192|0|0|
70|229|240|1|192|0|0|
70|163|180|1|165|0|0|
70|229|240|1|192|0|0|
70|230|270|1|192|0|0|
70|230|210|1|192|0|0|
70|163|150|1|165|0|0|
70|163|120|1|165|0|0|
70|163|180|1|165|0|0|
70|163|180|1|165|0|0|
70|230|210|1|192|0|0|
70|230|210|1|192|0|0|
70|230|240|1|192|0|0|
70|230|210|1|192|0|0|
70|230|240|1|192|0|0|
70|230|240|1|192|0|0|
70|230|240|1|192|0|0|
70|230|240|1|192|0|0|
70|230|270|1|192|0|0|
70|230|240|1|192|0|0|
70|230|210|1|192|0|0|
70|230|210|1|192|0|0|
70|230|240|1|192|0|0|
70|245|240|2|218|0|0|
70|230|240|1|192|0|0|
70|230|240|1|192|0|0|
70|229|240|1|192|0|0|
70|229|210|1|192|0|0|
70|230|240|1|192|0|0|
70|230|210|1|192|0|0|
70|163|150|1|165|0|0|
70|230|210|1|192|0|0|
70|230|270|1|192|0|0|
70|230|240|1|192|0|0|
70|230|240|1|192|0|0|
70|163|180|1|165|0|0|
70|163|150|1|165|0|0|
70|230|240|1|192|0|0|
70|230|240|1|192|0|0|
70|163|150|1|165|0|0|
70|230|240|1|192|0|0|
70|163|150|1|165|0|0|
70|230|210|1|192|0|0|
70|230|240|1|192|0|0|
70|230|210|1|192|0|0|
70|230|210|1|192|0|0|
70|229|240|1|192|0|0|
70|230|210|1|192|0|0|
70|230|240|1|192|0|0|
70|230|210|1|192|0|0|
70|163|180|1|165|0|0|
70|229|210|1|192|0|0|
70|163|150|1|165|0|0|
70|163|180|1|165|0|0|
70|163|180|1|165|0|0|
70|230|240|1|192|0|0|
70|230|240|1|192|0|0|
70|230|210|1|192|0|0|
70|230|240|1|192|0|0|
70|230|210|1|192|0|0|
70|230|210|1|192|0|0|
70|230|210|1|192|0|0|
70|230|240|1|192|0|0|
70|230|240|1|192|0|0|
70|230|210|1|192|0|0|
70|230|240|1|192|0|0|
70|230|270|1|192|0|0|
70|230|240|1|192|0|0|
70|230|210|1|192|0|0|
70|230|240|1|192|0|0|
70|230|210|1|192|0|0|
70|230|240|1|192|0|0|
70|230|210|1|192|0|0|
70|230|240|1|192|0|0|
70|230|210|1|192|0|0|
70|229|210|1|192|0|0|
70|230|240|1|192|0|0|
70|229|210|1|192|0|0|
70|163|180|1|165|0|0|
70|244|240|1|215|0|0|
70|230|240|1|192|0|0|
70|230|210|1|192|0|0|
70|230|210|1|192|0|0|
70|230|210|1|192|0|0|
70|163|150|1|165|0|0|
70|163|150|1|165|0|0|
70|230|240|1|192|0|0|
70|163|150|1|165|0|0|
70|230|210|1|192|0|0|
70|230|210|1|192|0|0|
70|230|210|1|192|0|0|
70|230|240|1|192|0|0|
70|230|240|1|192|0|0|
70|230|240|1|192|0|0|
70|230|240|1|192|0|0|
70|230|240|1|192|0|0|
70|230|240|1|192|0|0|
70|230|210|1|192|0|0|
70|230|240|1|192|0|0|
70|230|270|1|192|0|0|
70|230|210|1|192|0|0|
70|230|240|1|192|0|0|
70|229|210|1|192|0|0|
70|163|180|1|165|0|0|
70|163|180|1|165|0|0|
70|230|210|1|192|0|0|
70|230|210|1|192|0|0|
70|230|210|1|192|0|0|
70|230|240|1|192|0|0|
70|230|210|1|192|0|0|
70|230|210|1|192|0|0|
70|230|240|1|192|0|0|
70|230|240|1|192|0|0|
70|230|210|1|192|0|0|
70|230|210|1|192|0|0|
70|230|210|1|192|0|0|
70|230|210|1|192|0|0|
70|230|240|1|192|0|0|
70|239|240|1|201|0|0|
70|230|240|1|192|0|0|
70|230|210|1|192|0|0|
70|230|270|1|192|0|0|
70|230|210|1|192|0|0|
70|230|210|1|192|0|0|
70|230|210|1|192|0|0|
70|229|210|1|192|0|0|
70|163|150|1|165|0|0|
70|163|180|1|165|0|0|
70|230|270|1|192|0|0|
70|163|150|1|165|0|0|
70|230|210|1|192|0|0|
70|230|210|1|192|0|0|
70|230|210|1|192|0|0|
70|230|240|1|192|0|0|
70|163|150|1|165|0|0|
70|163|180|1|165|0|0|
70|266|270|2|218|1|0|
70|251|240|1|192|1|0|
70|184|180|1|165|1|0|
70|184|180|1|165|1|0|
70|184|180|1|165|1|0|
70|251|240|1|192|1|0|
70|251|240|1|192|1|0|
70|251|240|1|192|1|0|
70|251|240|1|192|1|0|
70|251|240|1|192|1|0|
70|184|180|1|165|1|0|
70|184|180|1|165|1|0|
70|251|270|1|192|1|0|
70|184|180|1|165|1|0|
70|184|210|1|165|1|0|
70|184|180|1|165|1|0|
70|251|270|1|192|1|0|
70|251|240|1|192|1|0|
70|184|180|1|165|1|0|
70|251|270|1|192|1|0|
70|185|180|1|165|1|0|
70|184|180|1|165|1|0|
70|251|240|1|192|1|0|
70|251|240|1|192|1|0|
70|251|240|1|192|1|0|
70|251|240|1|192|1|0|
70|251|270|1|192|1|0|
70|251|240|1|192|1|0|
70|251|300|1|192|1|0|
70|251|240|1|192|1|0|
70|251|300|1|192|1|0|
70|251|240|1|192|1|0|
70|251|240|1|192|1|0|
70|251|240|1|192|1|0|
70|251|240|1|192|1|0|
70|251|240|1|192|1|0|
70|251|240|1|192|1|0|
70|251|240|1|192|1|0|
70|251|300|1|192|1|0|
70|251|240|1|192|1|0|
70|251|270|1|192|1|0|
70|184|180|1|165|1|0|
70|251|270|1|192|1|0|
70|251|270|1|192|1|0|
70|251|270|1|192|1|0|
70|184|180|1|165|1|0|
70|251|240|1|192|1|0|
70|251|270|1|192|1|0|
70|251|270|1|192|1|0|
70|251|240|1|192|1|0|
70|251|270|1|192|1|0|
70|251|300|1|192|1|0|
70|251|300|1|192|1|0|
70|251|270|1|192|1|0|
70|251|240|1|192|1|0|
70|251|240|1|192|1|0|
70|251|270|1|192|1|0|
70|251|270|1|192|1|0|
70|184|210|1|165|1|0|
70|251|270|1|192|1|0|
70|251|240|1|192|1|0|
70|251|240|1|192|1|0|
70|251|240|1|192|1|0|
70|251|240|1|192|1|0|
70|251|240|1|192|1|0|
70|251|270|1|192|1|0|
70|162|150|1|165|0|0|
70|230|210|1|192|0|0|
70|229|240|1|192|0|0|
70|230|240|1|192|0|0|
70|230|240|1|192|0|0|
70|229|210|1|192|0|0|
70|229|210|1|192|0|0|
70|230|240|1|192|0|0|
70|230|240|1|192|0|0|
70|230|270|1|192|0|0|
70|230|240|1|192|0|0|
70|230|210|1|192|0|0|
70|230|240|1|192|0|0|
70|230|270|1|192|0|0|
70|230|210|1|192|0|0|
70|229|210|1|192|0|0|
70|230|270|1|192|0|0|
70|230|240|1|192|0|0|
70|229|240|1|192|0|0|
70|230|270|1|192|0|0|
70|230|240|1|192|0|0|
70|229|240|1|192|0|0|
70|229|210|1|192|0|0|
70|229|240|1|192|0|0|
70|229|210|1|192|0|0|
70|229|240|1|192|0|0|
70|229|210|1|192|0|0|
70|230|240|1|192|0|0|
70|229|240|1|192|0|0|
70|230|270|1|192|0|0|
70|229|210|1|192|0|0|
70|229|210|1|192|0|0|
70|229|240|1|192|0|0|
70|230|210|1|192|0|0|
70|229|210|1|192|0|0|
70|229|210|1|192|0|0|
70|230|210|1|192|0|0|
70|229|240|1|192|0|0|
70|229|270|1|192|0|0|
70|229|240|1|192|0|0|
70|244|270|2|218|0|0|
70|230|270|1|192|0|0|
70|230|270|1|192|0|0|
70|245|270|2|218|0|0|
70|229|270|1|192|0|0|
70|229|240|1|192|0|0|
70|230|240|1|192|0|0|
70|229|270|1|192|0|0|
70|230|270|1|192|0|0|
70|229|270|1|192|0|0|
70|229|240|1|192|0|0|
70|230|270|1|192|0|0|
70|229|270|1|192|0|0|
70|251|270|1|192|1|0|
70|251|300|1|192|1|0|
70|251|300|1|192|1|0|
70|251|270|1|192|1|0|
70|261|330|1|202|1|0|
70|251|300|1|192|1|0|
70|251|300|1|192|1|0|
70|251|270|1|192|1|0|
70|266|270|2|218|1|0|
70|251|270|1|192|1|0|
70|251|270|1|192|1|0|
70|251|270|1|192|1|0|
70|230|270|1|192|0|0|
70|229|210|1|192|0|0|
70|230|210|1|192|0|0|
70|230|210|1|192|0|0|
70|163|150|1|165|0|0|
70|230|240|1|192|0|0|
70|230|240|1|192|0|0|
70|229|240|1|192|0|0|
70|230|210|1|192|0|0|
70|229|240|1|192|0|0|
70|230|210|1|192|0|0|
70|229|210|1|192|0|0|
70|229|210|1|192|0|0|
70|163|150|1|165|0|0|
70|251|240|1|192|1|0|
70|251|270|1|192|1|0|
70|251|240|1|192|1|0|
70|251|240|1|192|1|0|
70|251|240|1|192|1|0|
70|251|240|1|192|1|0|
70|251|240|1|192|1|0|
70|251|240|1|192|1|0|
70|251|240|1|192|1|0|
70|251|240|1|192|1|0|
70|251|270|1|192|1|0|
70|251|240|1|192|1|0|
70|251|240|1|192|1|0|
70|251|240|1|192|1|0|
70|266|270|2|218|1|0|
70|251|240|1|192|1|0|
70|251|240|1|192|1|0|
70|251|240|1|192|1|0|
70|251|270|1|192|1|0|
70|251|270|1|192|1|0|
70|251|240|1|192|1|0|
70|251|270|1|192|1|0|
70|251|240|1|192|1|0|
70|251|240|1|192|1|0|
70|251|270|1|192|1|0|
70|251|240|1|192|1|0|
70|251|240|1|192|1|0|
70|251|240|1|192|1|0|
70|251|300|1|192|1|0|
70|251|240|1|192|1|0|
70|251|270|1|192|1|0|
70|184|180|1|165|1|0|
70|251|240|1|192|1|0|
70|184|210|1|165|1|0|
70|184|210|1|165|1|0|
70|184|180|1|165|1|0|
70|184|180|1|165|1|0|
70|184|180|1|165|1|0|
70|184|180|1|165|1|0|
70|251|240|1|192|1|0|
70|251|240|1|192|1|0|
70|229|270|1|192|0|0|
70|229|240|1|192|0|0|
70|251|240|1|192|1|0|
70|251|240|1|192|1|0|
70|251|270|1|192|1|0|
70|251|270|1|192|1|0|
70|251|240|1|192|1|0|
70|251|240|1|192|1|0|
70|251|270|1|192|1|0|
70|251|240|1|192|1|0|
70|251|270|1|192|1|0|
70|251|240|1|192|1|0|
70|251|270|1|192|1|0|
70|251|240|1|192|1|0|
70|251|240|1|192|1|0|
70|251|240|1|192|1|0|
