INSTRUCTIONS_RETIRED|CYCLES|UNKNOWN|LD_BLOCKS.STORE_FORWARD|UOPS_EXECUTED.CORE|BR_MISP_RETIRED.ALL_BRANCHES|UOPS_ISSUED.SINGLE_MUL|
49|208|180|2|182|0|0|
49|208|180|2|182|0|0|
49|208|210|2|182|0|0|
49|208|240|2|182|0|0|
49|209|210|2|180|0|0|
49|208|210|2|182|0|0|
49|208|210|2|182|0|0|
49|208|210|2|182|0|0|
49|209|210|2|180|0|0|
49|209|240|2|180|0|0|
49|209|210|2|180|0|0|
49|209|210|2|180|0|0|
49|209|240|2|180|0|0|
49|209|240|2|180|0|0|
49|209|210|2|180|0|0|
49|209|240|2|180|0|0|
49|147|180|1|144|0|0|
49|209|210|2|180|0|0|
49|209|180|2|180|0|0|
49|209|240|2|180|0|0|
49|209|180|2|180|0|0|
49|209|210|2|180|0|0|
49|209|240|2|180|0|0|
49|209|180|2|180|0|0|
49|209|240|2|180|0|0|
49|209|180|2|180|0|0|
49|209|180|2|180|0|0|
49|209|180|2|180|0|0|
49|209|240|2|180|0|0|
49|209|180|2|180|0|0|
49|209|180|2|180|0|0|
49|209|210|2|180|0|0|
49|209|180|2|180|0|0|
49|209|210|2|180|0|0|
49|209|210|2|180|0|0|
49|209|240|2|180|0|0|
49|209|210|2|180|0|0|
49|209|210|2|180|0|0|
49|209|240|2|180|0|0|
49|209|210|2|180|0|0|
49|209|210|2|180|0|0|
49|209|210|2|180|0|0|
49|209|240|2|180|0|0|
49|209|210|2|180|0|0|
49|209|210|2|180|0|0|
49|209|180|2|180|0|0|
49|209|210|2|180|0|0|
49|209|210|2|180|0|0|
49|209|210|2|180|0|0|
49|209|210|2|180|0|0|
49|209|210|2|180|0|0|
49|209|210|2|180|0|0|
49|209|210|2|180|0|0|
49|209|210|2|180|0|0|
49|209|210|2|180|0|0|
49|230|240|2|180|1|0|
49|230|240|2|180|1|0|
49|230|210|2|180|1|0|
49|209|210|2|180|0|0|
49|209|210|2|180|0|0|
49|209|210|2|180|0|0|
49|209|210|2|180|0|0|
49|209|210|2|180|0|0|
49|209|210|2|180|0|0|
49|209|180|2|180|0|0|
49|209|240|2|180|0|0|
49|209|210|2|180|0|0|
49|209|210|2|180|0|0|
49|209|210|2|180|0|0|
49|209|210|2|180|0|0|
49|209|210|2|180|0|0|
49|209|210|2|180|0|0|
49|209|210|2|180|0|0|
49|209|180|2|180|0|0|
49|209|210|2|180|0|0|
49|209|180|2|180|0|0|
49|230|240|2|180|1|0|
49|230|240|2|180|1|0|
49|230|240|2|180|1|0|
49|209|210|2|180|0|0|
49|209|210|2|180|0|0|
49|209|210|2|180|0|0|
49|209|210|2|180|0|0|
49|209|210|2|180|0|0|
49|209|180|2|180|0|0|
49|209|210|2|180|0|0|
49|209|210|2|180|0|0|
49|209|210|2|180|0|0|
49|209|210|2|180|0|0|
49|209|210|2|180|0|0|
49|209|210|2|180|0|0|
49|209|240|2|180|0|0|
49|209|240|2|180|0|0|
49|209|180|2|180|0|0|
49|209|180|2|180|0|0|
49|209|180|2|180|0|0|
49|209|180|2|180|0|0|
49|209|180|2|180|0|0|
49|209|180|2|180|0|0|
49|209|240|2|180|0|0|
49|209|180|2|180|0|0|
49|209|180|2|180|0|0|
49|209|180|2|180|0|0|
49|209|180|2|180|0|0|
49|209|210|2|180|0|0|
49|209|180|2|180|0|0|
49|209|180|2|180|0|0|
49|209|180|2|180|0|0|
49|209|180|2|180|0|0|
49|209|180|2|180|0|0|
49|209|180|2|180|0|0|
49|209|240|2|180|0|0|
49|209|180|2|180|0|0|
49|209|180|2|180|0|0|
49|209|180|2|180|0|0|
49|209|240|2|180|0|0|
49|209|240|2|180|0|0|
49|209|210|2|180|0|0|
49|209|180|2|180|0|0|
49|209|180|2|180|0|0|
49|209|210|2|180|0|0|
49|209|180|2|180|0|0|
49|209|180|2|180|0|0|
49|209|240|2|180|0|0|
49|209|180|2|180|0|0|
49|209|180|2|180|0|0|
49|209|180|2|180|0|0|
49|209|210|2|180|0|0|
49|209|240|2|180|0|0|
49|209|210|2|180|0|0|
49|209|210|2|180|0|0|
49|209|210|2|180|0|0|
49|209|180|2|180|0|0|
49|209|180|2|180|0|0|
49|209|210|2|180|0|0|
49|209|240|2|180|0|0|
49|209|180|2|180|0|0|
49|209|180|2|180|0|0|
49|209|210|2|180|0|0|
49|209|210|2|180|0|0|
49|209|240|2|180|0|0|
49|209|180|2|180|0|0|
49|209|240|2|180|0|0|
49|209|210|2|180|0|0|
49|209|210|2|180|0|0|
49|209|180|2|180|0|0|
49|209|180|2|180|0|0|
49|209|180|2|180|0|0|
49|209|180|2|180|0|0|
49|209|180|2|180|0|0|
49|209|240|2|180|0|0|
49|209|210|2|180|0|0|
49|209|180|2|180|0|0|
49|209|180|2|180|0|0|
49|209|180|2|180|0|0|
49|209|180|2|180|0|0|
49|209|180|2|180|0|0|
49|209|240|2|180|0|0|
49|209|180|2|180|0|0|
49|209|210|2|180|0|0|
49|209|240|2|180|0|0|
49|209|240|2|180|0|0|
49|209|180|2|180|0|0|
49|209|210|2|180|0|0|
49|209|180|2|180|0|0|
49|209|210|2|180|0|0|
49|209|210|2|180|0|0|
49|209|180|2|180|0|0|
49|209|180|2|180|0|0|
49|209|240|2|180|0|0|
49|209|210|2|180|0|0|
49|209|180|2|180|0|0|
49|209|240|2|180|0|0|
49|209|240|2|180|0|0|
49|209|210|2|180|0|0|
49|209|180|2|180|0|0|
49|209|180|2|180|0|0|
49|209|240|2|180|0|0|
49|209|180|2|180|0|0|
49|209|240|2|180|0|0|
49|209|210|2|180|0|0|
49|209|180|2|180|0|0|
49|209|240|2|180|0|0|
49|209|180|2|180|0|0|
49|209|240|2|180|0|0|
49|209|210|2|180|0|0|
49|209|210|2|180|0|0|
49|209|240|2|180|0|0|
49|209|240|2|180|0|0|
49|209|240|2|180|0|0|
49|209|240|2|180|0|0|
49|209|210|2|180|0|0|
49|209|210|2|180|0|0|
49|209|210|2|180|0|0|
49|209|240|2|180|0|0|
49|209|210|2|180|0|0|
49|209|240|2|180|0|0|
49|209|240|2|180|0|0|
49|209|180|2|180|0|0|
49|209|240|2|180|0|0|
49|209|240|2|180|0|0|
49|209|180|2|180|0|0|
49|209|240|2|180|0|0|
49|209|210|2|180|0|0|
49|209|210|2|180|0|0|
49|209|180|2|180|0|0|
49|209|180|2|180|0|0|
49|209|240|2|180|0|0|
49|209|240|2|180|0|0|
49|209|240|2|180|0|0|
49|209|210|2|180|0|0|
49|209|210|2|180|0|0|
49|209|180|2|180|0|0|
49|209|240|2|180|0|0|
49|209|180|2|180|0|0|
49|209|180|2|180|0|0|
49|209|180|2|180|0|0|
49|209|210|2|180|0|0|
49|209|180|2|180|0|0|
49|209|240|2|180|0|0|
49|209|240|2|180|0|0|
49|209|180|2|180|0|0|
49|209|210|2|180|0|0|
49|209|240|2|180|0|0|
49|209|210|2|180|0|0|
49|209|180|2|180|0|0|
49|209|180|2|180|0|0|
49|209|240|2|180|0|0|
49|209|180|2|180|0|0|
49|209|180|2|180|0|0|
49|209|210|2|180|0|0|
49|209|240|2|180|0|0|
49|209|210|2|180|0|0|
49|209|180|2|180|0|0|
49|209|210|2|180|0|0|
49|209|180|2|180|0|0|
49|209|180|2|180|0|0|
49|209|210|2|180|0|0|
49|209|180|2|180|0|0|
49|209|240|2|180|0|0|
49|209|210|2|180|0|0|
49|209|180|2|180|0|0|
49|209|210|2|180|0|0|
49|209|210|2|180|0|0|
49|209|180|2|180|0|0|
49|209|210|2|180|0|0|
49|209|240|2|180|0|0|
49|209|180|2|180|0|0|
49|209|180|2|180|0|0|
49|209|180|2|180|0|0|
49|226|240|2|180|0|0|
49|209|180|2|180|0|0|
49|209|240|2|180|0|0|
49|209|180|2|180|0|0|
49|209|210|2|180|0|0|
49|209|240|2|180|0|0|
49|209|210|2|180|0|0|
49|209|210|2|180|0|0|
49|209|210|2|180|0|0|
49|209|240|2|180|0|0|
49|209|180|2|180|0|0|
49|209|210|2|180|0|0|
49|209|240|2|180|0|0|
49|209|180|2|180|0|0|
49|209|240|2|180|0|0|
49|209|180|2|180|0|0|
49|209|210|2|180|0|0|
49|209|180|2|180|0|0|
49|209|180|2|180|0|0|
49|209|210|2|180|0|0|
49|209|180|2|180|0|0|
49|209|210|2|180|0|0|
49|209|180|2|180|0|0|
49|209|180|2|180|0|0|
49|209|210|2|180|0|0|
49|209|180|2|180|0|0|
49|147|120|1|144|0|0|
49|209|180|2|180|0|0|
49|209|210|2|180|0|0|
49|209|210|2|180|0|0|
49|209|210|2|180|0|0|
49|209|240|2|180|0|0|
49|209|180|2|180|0|0|
49|209|180|2|180|0|0|
49|209|210|2|180|0|0|
49|209|240|2|180|0|0|
49|209|240|2|180|0|0|
49|209|240|2|180|0|0|
49|209|180|2|180|0|0|
49|209|180|2|180|0|0|
49|209|180|2|180|0|0|
49|209|180|2|180|0|0|
49|209|240|2|180|0|0|
49|209|180|2|180|0|0|
49|209|180|2|180|0|0|
49|209|180|2|180|0|0|
49|209|180|2|180|0|0|
49|209|240|2|180|0|0|
49|209|180|2|180|0|0|
49|209|180|2|180|0|0|
49|209|180|2|180|0|0|
49|209|180|2|180|0|0|
49|209|210|2|180|0|0|
49|209|180|2|180|0|0|
49|209|180|2|180|0|0|
49|209|240|2|180|0|0|
49|209|210|2|180|0|0|
49|209|240|2|180|0|0|
49|209|210|2|180|0|0|
49|209|240|2|180|0|0|
49|226|210|2|180|0|0|
49|209|180|2|180|0|0|
49|209|180|2|180|0|0|
49|209|180|2|180|0|0|
49|209|210|2|180|0|0|
49|209|210|2|180|0|0|
49|209|210|2|180|0|0|
49|209|180|2|180|0|0|
49|209|180|2|180|0|0|
49|209|240|2|180|0|0|
49|209|180|2|180|0|0|
49|209|210|2|180|0|0|
49|209|180|2|180|0|0|
49|209|180|2|180|0|0|
49|209|210|2|180|0|0|
49|209|180|2|180|0|0|
49|209|240|2|180|0|0|
49|209|180|2|180|0|0|
49|209|180|2|180|0|0|
49|209|180|2|180|0|0|
49|209|180|2|180|0|0|
49|209|240|2|180|0|0|
49|209|240|2|180|0|0|
49|209|180|2|180|0|0|
49|209|240|2|180|0|0|
49|209|180|2|180|0|0|
49|209|210|2|180|0|0|
49|209|210|2|180|0|0|
49|209|180|2|180|0|0|
49|209|210|2|180|0|0|
49|209|180|2|180|0|0|
49|209|180|2|180|0|0|
49|209|210|2|180|0|0|
49|209|180|2|180|0|0|
49|209|210|2|180|0|0|
49|209|240|2|180|0|0|
49|209|240|2|180|0|0|
49|209|210|2|180|0|0|
49|209|180|2|180|0|0|
49|209|180|2|180|0|0|
49|209|210|2|180|0|0|
49|209|210|2|180|0|0|
49|209|180|2|180|0|0|
49|209|180|2|180|0|0|
49|209|180|2|180|0|0|
49|209|180|2|180|0|0|
49|209|210|2|180|0|0|
49|209|210|2|180|0|0|
49|209|180|2|180|0|0|
49|209|180|2|180|0|0|
49|209|210|2|180|0|0|
49|209|210|2|180|0|0|
49|209|180|2|180|0|0|
49|209|210|2|180|0|0|
49|209|180|2|180|0|0|
49|209|180|2|180|0|0|
49|209|180|2|180|0|0|
49|209|180|2|180|0|0|
49|209|210|2|180|0|0|
49|209|180|2|180|0|0|
49|209|240|2|180|0|0|
49|209|180|2|180|0|0|
49|209|180|2|180|0|0|
49|209|240|2|180|0|0|
49|209|240|2|180|0|0|
49|209|180|2|180|0|0|
49|209|180|2|180|0|0|
49|209|240|2|180|0|0|
49|209|180|2|180|0|0|
49|209|240|2|180|0|0|
49|209|210|2|180|0|0|
49|209|180|2|180|0|0|
49|209|210|2|180|0|0|
49|209|180|2|180|0|0|
49|209|180|2|180|0|0|
49|209|240|2|180|0|0|
49|209|240|2|180|0|0|
49|209|240|2|180|0|0|
49|209|180|2|180|0|0|
49|209|180|2|180|0|0|
49|208|180|2|182|0|0|
49|209|180|2|180|0|0|
49|209|180|2|180|0|0|
49|209|180|2|180|0|0|
49|147|120|1|146|0|0|
49|169|180|1|144|1|0|
49|169|150|1|144|1|0|
49|230|210|2|180|1|0|
49|208|180|2|182|0|0|
49|208|240|2|182|0|0|
49|146|180|1|146|0|0|
49|147|150|1|144|0|0|
49|147|180|1|144|0|0|
49|146|120|1|146|0|0|
49|146|120|1|146|0|0|
49|208|210|2|182|0|0|
49|209|240|2|180|0|0|
49|231|240|2|180|1|0|
49|208|180|2|182|0|0|
49|208|240|2|182|0|0|
49|209|210|2|180|0|0|
49|209|240|2|182|0|0|
49|208|210|2|182|0|0|
49|208|210|2|182|0|0|
49|208|270|2|182|0|0|
49|147|180|1|146|0|0|
49|209|180|2|180|0|0|
49|208|180|2|182|0|0|
49|209|240|2|180|0|0|
49|209|210|2|180|0|0|
49|209|270|2|180|0|0|
49|209|210|2|180|0|0|
49|208|210|2|182|0|0|
49|209|210|2|180|0|0|
49|208|210|2|182|0|0|
49|208|210|2|182|0|0|
49|208|210|2|182|0|0|
49|209|210|2|180|0|0|
49|208|270|2|182|0|0|
49|209|270|2|180|0|0|
49|208|210|2|182|0|0|
49|169|180|1|144|1|0|
49|147|180|1|146|0|0|
49|208|240|2|182|0|0|
49|147|180|1|144|0|0|
49|147|180|1|144|0|0|
49|147|180|1|144|0|0|
49|147|180|1|144|0|0|
49|209|180|2|180|0|0|
49|147|180|1|146|0|0|
49|208|180|2|182|0|0|
49|146|150|1|146|0|0|
49|208|210|2|182|0|0|
49|209|240|2|180|0|0|
49|223|240|2|182|0|0|
49|208|240|2|182|0|0|
49|208|240|2|182|0|0|
49|208|180|2|182|0|0|
49|209|240|2|180|0|0|
49|208|210|2|182|0|0|
49|208|210|2|182|0|0|
49|208|210|2|182|0|0|
49|208|210|2|182|0|0|
49|209|210|2|180|0|0|
49|208|210|2|182|0|0|
49|208|210|2|182|0|0|
49|208|210|2|182|0|0|
49|208|240|2|182|0|0|
49|209|180|2|180|0|0|
49|208|180|2|182|0|0|
49|209|210|2|180|0|0|
49|208|180|2|182|0|0|
49|208|240|2|182|0|0|
49|169|180|1|144|1|0|
49|208|210|2|182|0|0|
49|208|180|2|182|0|0|
49|146|150|1|146|0|0|
49|147|180|1|146|0|0|
49|208|210|2|182|0|0|
49|208|210|2|182|0|0|
49|209|180|2|180|0|0|
49|208|180|2|182|0|0|
49|208|210|2|182|0|0|
49|208|210|2|182|0|0|
49|147|180|1|144|0|0|
49|146|150|1|146|0|0|
49|146|150|1|146|0|0|
49|146|180|1|146|0|0|
49|209|210|2|180|0|0|
49|208|210|2|182|0|0|
49|208|210|2|182|0|0|
49|146|150|1|146|0|0|
49|146|150|1|146|0|0|
49|147|180|1|144|0|0|
49|147|180|1|144|0|0|
49|208|210|2|182|0|0|
49|208|210|2|182|0|0|
49|147|150|1|144|0|0|
49|146|180|1|146|0|0|
49|146|120|1|146|0|0|
49|208|210|2|182|0|0|
49|209|240|2|182|0|0|
49|208|210|2|182|0|0|
49|169|150|1|144|1|0|
49|231|210|2|180|1|0|
49|208|210|2|182|0|0|
49|169|180|1|144|1|0|
49|230|240|2|180|1|0|
49|209|210|2|180|0|0|
49|208|240|2|182|0|0|
49|220|210|2|180|0|0|
49|208|210|2|182|0|0|
49|208|210|2|182|0|0|
49|208|210|2|182|0|0|
49|209|210|2|180|0|0|
49|208|210|2|182|0|0|
49|208|210|2|182|0|0|
49|209|210|2|180|0|0|
49|208|210|2|182|0|0|
49|208|210|2|182|0|0|
49|209|210|2|180|0|0|
49|169|150|1|144|1|0|
49|147|180|1|146|0|0|
49|169|180|1|144|1|0|
49|230|240|2|180|1|0|
49|147|150|1|146|0|0|
49|169|180|1|144|1|0|
49|230|240|2|180|1|0|
49|230|210|2|180|1|0|
49|208|210|2|182|0|0|
49|208|210|2|182|0|0|
49|208|210|2|182|0|0|
49|208|210|2|182|0|0|
49|169|210|1|144|1|0|
49|169|180|1|144|1|0|
49|230|210|2|180|1|0|
49|231|240|2|180|1|0|
49|230|240|2|180|1|0|
49|230|210|2|180|1|0|
49|208|210|2|182|0|0|
49|209|210|2|180|0|0|
49|208|180|2|182|0|0|
49|209|210|2|180|0|0|
49|208|180|2|182|0|0|
49|208|210|2|182|0|0|
49|208|210|2|182|0|0|
49|208|210|2|182|0|0|
49|208|210|2|182|0|0|
49|208|240|2|182|0|0|
49|208|240|2|182|0|0|
49|208|270|2|182|0|0|
49|209|210|2|180|0|0|
49|209|270|2|180|0|0|
49|209|270|2|180|0|0|
49|209|210|2|180|0|0|
49|208|210|2|182|0|0|
49|208|210|2|182|0|0|
49|209|210|2|180|0|0|
49|209|240|2|180|0|0|
49|208|210|2|182|0|0|
49|208|210|2|182|0|0|
49|208|210|2|182|0|0|
49|208|210|2|182|0|0|
49|209|210|2|180|0|0|
49|208|210|2|182|0|0|
49|208|210|2|182|0|0|
49|208|270|2|182|0|0|
49|208|270|2|182|0|0|
49|209|270|2|180|0|0|
49|208|240|2|182|0|0|
49|208|270|2|182|0|0|
49|209|270|2|180|0|0|
49|209|270|2|180|0|0|
49|208|270|2|182|0|0|
49|208|240|2|182|0|0|
49|209|240|2|180|0|0|
49|208|240|2|182|0|0|
49|208|210|2|182|0|0|
49|208|270|2|182|0|0|
49|208|240|2|182|0|0|
49|209|240|2|180|0|0|
49|209|270|2|180|0|0|
49|208|270|2|182|0|0|
49|208|240|2|182|0|0|
49|209|240|2|180|0|0|
49|209|240|2|180|0|0|
49|208|210|2|182|0|0|
49|208|240|2|182|0|0|
49|208|210|2|182|0|0|
49|209|240|2|180|0|0|
49|208|210|2|182|0|0|
49|208|240|2|182|0|0|
49|208|240|2|182|0|0|
49|208|210|2|182|0|0|
49|208|240|2|182|0|0|
49|209|270|2|180|0|0|
49|208|240|2|182|0|0|
49|209|240|2|180|0|0|
49|208|240|2|182|0|0|
49|208|210|2|182|0|0|
49|208|210|2|182|0|0|
49|208|210|2|182|0|0|
49|208|240|2|182|0|0|
49|209|210|2|180|0|0|
49|209|210|2|180|0|0|
49|209|240|2|180|0|0|
49|208|210|2|182|0|0|
49|208|270|2|182|0|0|
49|208|270|2|182|0|0|
49|209|300|2|180|0|0|
49|208|240|2|182|0|0|
49|209|270|2|180|0|0|
49|208|240|2|182|0|0|
49|208|240|2|182|0|0|
49|209|270|2|180|0|0|
49|208|240|2|182|0|0|
49|208|240|2|182|0|0|
49|216|270|2|182|0|0|
49|208|270|2|182|0|0|
49|208|240|2|182|0|0|
49|209|240|2|180|0|0|
49|147|180|1|146|0|0|
49|210|270|2|180|0|0|
49|208|240|2|182|0|0|
49|208|270|2|182|0|0|
49|209|210|2|180|0|0|
49|209|210|2|180|0|0|
49|209|240|2|180|0|0|
49|208|240|2|182|0|0|
49|209|210|2|180|0|0|
49|208|240|2|182|0|0|
49|208|240|2|182|0|0|
49|208|240|2|182|0|0|
49|208|270|2|182|0|0|
49|208|210|2|182|0|0|
49|208|240|2|182|0|0|
49|208|270|2|182|0|0|
49|209|270|2|180|0|0|
49|208|270|2|182|0|0|
49|209|270|2|180|0|0|
49|209|270|2|180|0|0|
49|209|270|2|180|0|0|
49|209|240|2|180|0|0|
49|209|270|2|180|0|0|
49|208|270|2|182|0|0|
49|208|270|2|182|0|0|
49|208|270|2|182|0|0|
49|209|210|2|180|0|0|
49|208|240|2|182|0|0|
49|208|240|2|182|0|0|
49|208|270|2|182|0|0|
49|208|270|2|182|0|0|
49|208|210|2|182|0|0|
49|208|240|2|182|0|0|
49|208|240|2|182|0|0|
49|208|240|2|182|0|0|
49|208|270|2|182|0|0|
49|208|240|2|182|0|0|
49|208|210|2|182|0|0|
49|208|270|2|182|0|0|
49|208|240|2|182|0|0|
49|208|240|2|182|0|0|
49|208|240|2|182|0|0|
49|208|240|2|182|0|0|
49|208|240|2|182|0|0|
49|209|270|2|180|0|0|
49|209|270|2|180|0|0|
49|208|270|2|182|0|0|
49|208|210|2|182|0|0|
49|209|270|2|180|0|0|
49|208|270|2|182|0|0|
49|208|240|2|182|0|0|
49|208|270|2|182|0|0|
49|209|270|2|180|0|0|
49|209|270|2|180|0|0|
49|209|270|2|180|0|0|
49|209|270|2|180|0|0|
49|208|240|2|182|0|0|
49|208|240|2|182|0|0|
49|209|270|2|180|0|0|
49|209|240|2|180|0|0|
49|209|270|2|180|0|0|
49|209|240|2|180|0|0|
49|209|240|2|180|0|0|
49|209|210|2|180|0|0|
49|209|270|2|180|0|0|
49|208|210|2|182|0|0|
49|209|210|2|180|0|0|
49|208|300|2|182|0|0|
49|209|270|2|180|0|0|
49|209|240|2|180|0|0|
49|208|210|2|182|0|0|
49|209|240|2|180|0|0|
49|209|240|2|180|0|0|
49|209|240|2|180|0|0|
49|209|300|2|180|0|0|
49|208|270|2|182|0|0|
49|208|270|2|182|0|0|
49|209|270|2|180|0|0|
49|209|240|2|180|0|0|
49|209|270|2|180|0|0|
49|209|270|2|180|0|0|
49|209|240|2|180|0|0|
49|209|270|2|180|0|0|
49|209|210|2|180|0|0|
49|209|240|2|180|0|0|
49|209|210|2|180|0|0|
49|209|240|2|180|0|0|
49|218|270|2|180|0|0|
49|209|210|2|180|0|0|
49|209|240|2|180|0|0|
49|209|210|2|180|0|0|
49|209|270|2|180|0|0|
49|208|210|2|182|0|0|
49|209|240|2|180|0|0|
49|209|270|2|180|0|0|
49|209|210|2|180|0|0|
49|208|270|2|182|0|0|
49|208|210|2|182|0|0|
49|208|210|2|182|0|0|
49|147|180|1|144|0|0|
49|147|180|1|144|0|0|
49|209|240|2|180|0|0|
49|208|240|2|182|0|0|
49|209|270|2|180|0|0|
49|209|270|2|180|0|0|
49|209|210|2|180|0|0|
49|209|240|2|180|0|0|
49|209|270|2|180|0|0|
49|209|210|2|180|0|0|
49|209|210|2|180|0|0|
49|209|240|2|180|0|0|
49|209|240|2|180|0|0|
49|147|120|1|144|0|0|
49|209|240|2|180|0|0|
49|147|180|1|144|0|0|
49|209|210|2|180|0|0|
49|209|240|2|180|0|0|
49|147|180|1|144|0|0|
49|147|180|1|144|0|0|
49|208|210|2|182|0|0|
49|209|210|2|180|0|0|
49|209|210|2|180|0|0|
49|147|120|1|144|0|0|
49|209|210|2|180|0|0|
49|209|210|2|180|0|0|
49|147|150|1|144|0|0|
49|209|210|2|180|0|0|
49|209|210|2|180|0|0|
49|209|210|2|180|0|0|
49|209|240|2|180|0|0|
49|209|240|2|180|0|0|
49|209|180|2|180|0|0|
49|208|210|2|182|0|0|
49|209|180|2|180|0|0|
49|208|240|2|182|0|0|
49|208|210|2|182|0|0|
49|208|240|2|182|0|0|
49|209|210|2|180|0|0|
49|208|210|2|182|0|0|
49|209|210|2|180|0|0|
49|208|210|2|182|0|0|
49|208|210|2|182|0|0|
49|208|210|2|182|0|0|
49|209|210|2|180|0|0|
49|209|210|2|180|0|0|
49|209|210|2|180|0|0|
49|208|210|2|182|0|0|
49|208|210|2|182|0|0|
49|209|210|2|180|0|0|
49|209|210|2|180|0|0|
49|209|210|2|180|0|0|
49|209|240|2|180|0|0|
49|209|210|2|180|0|0|
49|209|210|2|180|0|0|
49|147|150|1|144|0|0|
49|147|120|1|144|0|0|
49|147|120|1|144|0|0|
49|147|120|1|144|0|0|
49|209|210|2|180|0|0|
49|209|180|2|180|0|0|
49|209|210|2|180|0|0|
49|209|180|2|180|0|0|
49|209|210|2|180|0|0|
49|209|210|2|180|0|0|
49|209|240|2|180|0|0|
49|147|120|1|144|0|0|
49|209|210|2|180|0|0|
49|209|210|2|180|0|0|
49|209|180|2|180|0|0|
49|209|210|2|180|0|0|
49|209|210|2|180|0|0|
49|209|210|2|180|0|0|
49|209|240|2|180|0|0|
49|209|210|2|180|0|0|
49|209|180|2|180|0|0|
49|228|240|2|180|0|0|
49|209|180|2|180|0|0|
49|209|210|2|180|0|0|
49|209|210|2|180|0|0|
49|209|210|2|180|0|0|
49|209|180|2|180|0|0|
49|209|210|2|180|0|0|
49|209|210|2|180|0|0|
49|209|240|2|180|0|0|
49|209|210|2|180|0|0|
49|208|210|2|182|0|0|
49|208|180|2|182|0|0|
49|209|240|2|180|0|0|
49|209|270|2|180|0|0|
49|209|210|2|180|0|0|
49|209|240|2|180|0|0|
49|208|180|2|182|0|0|
49|209|210|2|180|0|0|
49|209|210|2|180|0|0|
49|209|240|2|180|0|0|
49|209|210|2|180|0|0|
49|208|180|2|182|0|0|
49|209|240|2|180|0|0|
49|209|210|2|180|0|0|
49|209|240|2|180|0|0|
49|209|240|2|180|0|0|
49|209|240|2|180|0|0|
49|208|210|2|182|0|0|
49|209|240|2|180|0|0|
49|209|240|2|180|0|0|
49|209|210|2|180|0|0|
49|209|270|2|180|0|0|
49|208|210|2|182|0|0|
49|209|240|2|180|0|0|
49|209|210|2|180|0|0|
49|209|240|2|180|0|0|
49|209|240|2|180|0|0|
49|209|270|2|180|0|0|
49|209|270|2|180|0|0|
49|209|240|2|180|0|0|
49|209|210|2|180|0|0|
49|209|240|2|180|0|0|
49|209|240|2|180|0|0|
49|209|210|2|180|0|0|
49|209|240|2|180|0|0|
49|209|210|2|180|0|0|
49|209|240|2|180|0|0|
49|209|210|2|180|0|0|
49|208|240|2|182|0|0|
49|209|210|2|180|0|0|
49|209|240|2|180|0|0|
49|209|240|2|180|0|0|
49|209|240|2|180|0|0|
49|209|270|2|180|0|0|
49|209|210|2|180|0|0|
49|209|240|2|180|0|0|
49|209|210|2|180|0|0|
49|209|240|2|180|0|0|
49|209|240|2|180|0|0|
49|209|210|2|180|0|0|
49|209|210|2|180|0|0|
49|209|210|2|180|0|0|
49|209|210|2|180|0|0|
49|209|210|2|180|0|0|
49|209|270|2|180|0|0|
49|147|180|1|144|0|0|
49|209|240|2|180|0|0|
49|209|240|2|180|0|0|
49|209|210|2|180|0|0|
49|209|210|2|180|0|0|
49|209|270|2|180|0|0|
49|208|240|2|182|0|0|
49|209|210|2|180|0|0|
49|209|210|2|180|0|0|
49|209|270|2|180|0|0|
49|209|240|2|180|0|0|
49|209|240|2|180|0|0|
49|208|210|2|182|0|0|
49|209|270|2|180|0|0|
49|209|210|2|180|0|0|
49|209|210|2|180|0|0|
49|209|210|2|180|0|0|
49|209|210|2|180|0|0|
49|209|180|2|180|0|0|
49|209|210|2|180|0|0|
49|209|210|2|180|0|0|
49|209|180|2|180|0|0|
49|209|210|2|180|0|0|
49|209|210|2|180|0|0|
49|209|240|2|180|0|0|
49|209|210|2|180|0|0|
49|209|240|2|180|0|0|
49|209|180|2|180|0|0|
49|209|240|2|180|0|0|
49|209|180|2|180|0|0|
49|209|210|2|180|0|0|
49|209|210|2|180|0|0|
49|209|240|2|180|0|0|
49|209|210|2|180|0|0|
49|209|210|2|180|0|0|
49|220|210|2|180|0|0|
49|209|210|2|180|0|0|
49|220|210|2|180|0|0|
49|209|210|2|180|0|0|
49|209|210|2|180|0|0|
49|209|210|2|180|0|0|
49|209|210|2|180|0|0|
49|147|150|1|144|0|0|
49|209|210|2|180|0|0|
49|209|270|2|180|0|0|
49|209|210|2|180|0|0|
49|209|210|2|180|0|0|
49|209|210|2|180|0|0|
49|209|240|2|180|0|0|
49|208|240|2|182|0|0|
49|209|210|2|180|0|0|
49|209|240|2|180|0|0|
49|227|270|2|180|0|0|
49|209|240|2|180|0|0|
49|209|240|2|180|0|0|
49|209|270|2|180|0|0|
49|209|210|2|180|0|0|
49|209|240|2|180|0|0|
49|209|240|2|180|0|0|
49|209|240|2|180|0|0|
49|208|270|2|182|0|0|
49|208|210|2|182|0|0|
49|208|240|2|182|0|0|
49|208|240|2|182|0|0|
49|208|210|2|182|0|0|
49|146|180|1|146|0|0|
49|208|270|2|182|0|0|
49|209|240|2|180|0|0|
49|208|240|2|182|0|0|
49|209|270|2|180|0|0|
49|209|240|2|180|0|0|
49|208|240|2|182|0|0|
49|209|270|2|180|0|0|
49|209|270|2|180|0|0|
49|208|240|2|182|0|0|
49|208|240|2|182|0|0|
49|209|270|2|180|0|0|
49|208|240|2|182|0|0|
49|209|240|2|180|0|0|
49|209|270|2|180|0|0|
49|209|240|2|180|0|0|
49|209|210|2|180|0|0|
49|208|210|2|182|0|0|
49|209|240|2|180|0|0|
49|208|240|2|182|0|0|
49|208|210|2|182|0|0|
49|208|240|2|182|0|0|
49|209|210|2|180|0|0|
49|209|210|2|180|0|0|
49|209|240|2|180|0|0|
49|209|210|2|180|0|0|
49|209|240|2|180|0|0|
49|209|240|2|180|0|0|
49|209|240|2|180|0|0|
49|209|210|2|180|0|0|
49|209|240|2|180|0|0|
49|209|240|2|180|0|0|
49|209|240|2|180|0|0|
49|209|240|2|180|0|0|
49|209|240|2|180|0|0|
49|209|210|2|180|0|0|
49|209|210|2|180|0|0|
49|209|210|2|180|0|0|
49|209|210|2|180|0|0|
49|209|210|2|180|0|0|
49|209|210|2|180|0|0|
49|209|210|2|180|0|0|
49|209|210|2|180|0|0|
49|209|210|2|180|0|0|
49|209|210|2|180|0|0|
49|209|180|2|180|0|0|
49|209|210|2|180|0|0|
49|209|180|2|180|0|0|
49|209|240|2|180|0|0|
49|209|180|2|180|0|0|
49|209|180|2|180|0|0|
49|209|180|2|180|0|0|
49|209|240|2|180|0|0|
49|147|150|1|144|0|0|
49|209|180|2|180|0|0|
49|209|240|2|180|0|0|
49|209|240|2|180|0|0|
49|209|180|2|180|0|0|
49|209|180|2|180|0|0|
49|209|240|2|180|0|0|
49|209|240|2|180|0|0|
49|209|210|2|180|0|0|
49|209|240|2|180|0|0|
49|209|180|2|180|0|0|
49|209|210|2|180|0|0|
49|209|210|2|180|0|0|
49|209|210|2|180|0|0|
49|209|210|2|180|0|0|
49|209|210|2|180|0|0|
49|209|210|2|180|0|0|
49|209|210|2|180|0|0|
49|220|240|2|180|0|0|
49|209|180|2|180|0|0|
49|209|180|2|180|0|0|
49|209|240|2|180|0|0|
49|209|240|2|180|0|0|
49|209|210|2|180|0|0|
49|209|180|2|180|0|0|
49|209|180|2|180|0|0|
49|209|180|2|180|0|0|
49|209|210|2|180|0|0|
49|209|240|2|180|0|0|
49|209|210|2|180|0|0|
49|209|180|2|180|0|0|
