INSTRUCTIONS_RETIRED|CYCLES|UNKNOWN|LD_BLOCKS.STORE_FORWARD|UOPS_EXECUTED.CORE|BR_MISP_RETIRED.ALL_BRANCHES|UOPS_ISSUED.SINGLE_MUL|
64|246|240|1|186|1|0|
64|245|240|1|186|1|0|
64|244|240|1|186|1|0|
64|244|240|1|186|1|0|
64|155|180|1|161|0|0|
64|155|150|1|161|0|0|
64|156|150|1|159|0|0|
64|222|210|1|188|0|0|
64|222|240|1|188|0|0|
64|155|150|1|161|0|0|
64|222|210|1|188|0|0|
64|222|210|1|188|0|0|
64|222|240|1|188|0|0|
64|222|210|1|188|0|0|
64|223|210|1|188|0|0|
64|223|210|1|186|0|0|
64|156|150|1|157|0|0|
64|155|150|1|161|0|0|
64|156|150|1|159|0|0|
64|223|210|1|186|0|0|
64|222|240|1|188|0|0|
64|222|210|1|188|0|0|
64|223|180|1|186|0|0|
64|223|240|1|186|0|0|
64|222|240|1|188|0|0|
64|155|150|1|161|0|0|
64|222|240|1|188|0|0|
64|156|150|1|159|0|0|
64|222|240|1|188|0|0|
64|222|210|1|188|0|0|
64|222|210|1|188|0|0|
64|223|270|1|186|0|0|
64|223|240|1|186|0|0|
64|222|240|1|188|0|0|
64|245|240|1|186|1|0|
64|245|240|1|186|1|0|
64|244|240|1|186|1|0|
64|244|240|1|186|1|0|
64|245|210|1|186|1|0|
64|178|180|1|159|1|0|
64|244|270|1|186|1|0|
64|244|240|1|186|1|0|
64|245|270|1|186|1|0|
64|244|270|1|186|1|0|
64|244|240|1|186|1|0|
64|244|300|1|186|1|0|
64|244|240|1|186|1|0|
64|244|240|1|186|1|0|
64|178|150|1|159|1|0|
64|244|240|1|186|1|0|
64|244|240|1|186|1|0|
64|244|240|1|186|1|0|
64|244|240|1|186|1|0|
64|244|240|1|186|1|0|
64|244|270|1|186|1|0|
64|177|150|1|159|1|0|
64|223|240|1|186|0|0|
64|222|210|1|188|0|0|
64|156|150|1|157|0|0|
64|155|180|1|159|0|0|
64|222|270|1|188|0|0|
64|155|150|1|161|0|0|
64|223|210|1|186|0|0|
64|156|180|1|159|0|0|
64|156|180|1|159|0|0|
64|178|180|1|159|1|0|
64|244|300|1|186|1|0|
64|222|240|1|188|0|0|
64|222|210|1|188|0|0|
64|222|240|1|188|0|0|
64|223|210|1|186|0|0|
64|156|150|1|159|0|0|
64|155|150|1|161|0|0|
64|155|150|1|161|0|0|
64|224|240|1|186|0|0|
64|222|240|1|188|0|0|
64|222|240|1|188|0|0|
64|222|210|1|188|0|0|
64|223|210|1|186|0|0|
64|222|210|1|188|0|0|
64|223|210|1|186|0|0|
64|222|240|1|188|0|0|
64|222|210|1|188|0|0|
64|222|210|1|188|0|0|
64|178|180|1|159|1|0|
64|244|240|1|186|1|0|
64|244|240|1|186|1|0|
64|244|240|1|186|1|0|
64|244|270|1|186|1|0|
64|178|180|1|159|1|0|
64|244|240|1|186|1|0|
64|244|240|1|186|1|0|
64|178|180|1|159|1|0|
64|244|240|1|186|1|0|
64|178|180|1|159|1|0|
64|244|240|1|186|1|0|
64|178|180|1|159|1|0|
64|244|270|1|186|1|0|
64|244|240|1|186|1|0|
64|178|180|1|159|1|0|
64|178|210|1|159|1|0|
64|244|300|1|186|1|0|
64|244|240|1|186|1|0|
64|223|210|1|186|0|0|
64|222|210|1|188|0|0|
64|178|180|1|159|1|0|
64|244|240|1|186|1|0|
64|222|270|1|188|0|0|
64|223|240|1|186|0|0|
64|222|240|1|188|0|0|
64|223|210|1|186|0|0|
64|222|240|1|188|0|0|
64|223|240|1|186|0|0|
64|223|210|1|186|0|0|
64|222|240|1|188|0|0|
64|222|240|1|188|0|0|
64|222|240|1|188|0|0|
64|178|150|1|159|1|0|
64|244|270|1|186|1|0|
64|244|240|1|186|1|0|
64|222|210|1|188|0|0|
64|223|210|1|186|0|0|
64|222|210|1|188|0|0|
64|222|210|1|188|0|0|
64|178|180|1|159|1|0|
64|178|180|1|159|1|0|
64|177|180|1|159|1|0|
64|222|210|1|188|0|0|
64|156|180|1|157|0|0|
64|156|180|1|159|0|0|
64|222|210|1|188|0|0|
64|223|240|1|186|0|0|
64|155|180|1|161|0|0|
64|178|180|1|159|1|0|
64|178|180|1|159|1|0|
64|244|270|1|186|1|0|
64|156|150|1|159|0|0|
64|156|150|1|159|0|0|
64|245|240|1|186|1|0|
64|222|240|1|188|0|0|
64|222|210|1|188|0|0|
64|223|240|1|186|0|0|
64|223|210|1|186|0|0|
64|223|210|1|186|0|0|
64|178|180|1|159|1|0|
64|244|240|1|186|1|0|
64|223|240|1|186|0|0|
64|223|210|1|186|0|0|
64|222|240|1|188|0|0|
64|222|210|1|188|0|0|
64|222|270|1|188|0|0|
64|222|210|1|188|0|0|
64|222|240|1|188|0|0|
64|222|240|1|188|0|0|
64|223|240|1|186|0|0|
64|223|210|1|186|0|0|
64|178|180|1|159|1|0|
64|244|270|1|186|1|0|
64|244|270|1|186|1|0|
64|178|210|1|159|1|0|
64|244|240|1|186|1|0|
64|244|270|1|186|1|0|
64|244|270|1|186|1|0|
64|244|270|1|186|1|0|
64|244|240|1|186|1|0|
64|244|270|1|186|1|0|
64|244|270|1|186|1|0|
64|244|270|1|186|1|0|
64|244|240|1|186|1|0|
64|244|240|1|186|1|0|
64|244|300|1|186|1|0|
64|244|240|1|186|1|0|
64|244|240|1|186|1|0|
64|244|240|1|186|1|0|
64|244|270|1|186|1|0|
64|178|180|1|159|1|0|
64|244|240|1|186|1|0|
64|244|240|1|186|1|0|
64|244|300|1|186|1|0|
64|222|240|1|188|0|0|
64|222|210|1|188|0|0|
64|222|240|1|188|0|0|
64|222|240|1|188|0|0|
64|222|240|1|188|0|0|
64|222|240|1|188|0|0|
64|222|240|1|188|0|0|
64|223|210|1|186|0|0|
64|222|240|1|188|0|0|
64|223|240|1|186|0|0|
64|223|240|1|186|0|0|
64|222|210|1|188|0|0|
64|222|210|1|188|0|0|
64|223|240|1|186|0|0|
64|222|240|1|188|0|0|
64|223|240|1|186|0|0|
64|223|240|1|186|0|0|
64|222|240|1|188|0|0|
64|223|270|1|186|0|0|
64|223|240|1|186|0|0|
64|223|240|1|186|0|0|
64|223|240|1|186|0|0|
64|222|210|1|188|0|0|
64|156|180|1|159|0|0|
64|223|210|1|186|0|0|
64|222|240|1|188|0|0|
64|223|240|1|186|0|0|
64|244|240|1|186|1|0|
64|244|240|1|186|1|0|
64|244|240|1|186|1|0|
64|244|240|1|186|1|0|
64|156|180|1|159|0|0|
64|244|240|1|186|1|0|
64|244|210|1|186|1|0|
64|244|240|1|186|1|0|
64|244|240|1|186|1|0|
64|244|240|1|186|1|0|
64|244|240|1|186|1|0|
64|244|240|1|186|1|0|
64|244|240|1|186|1|0|
64|244|240|1|186|1|0|
64|244|240|1|186|1|0|
64|244|240|1|186|1|0|
64|244|240|1|186|1|0|
64|223|240|1|186|0|0|
64|223|240|1|186|0|0|
64|223|240|1|186|0|0|
64|223|270|1|186|0|0|
64|222|210|1|188|0|0|
64|223|240|1|186|0|0|
64|223|240|1|186|0|0|
64|222|240|1|188|0|0|
64|155|180|1|161|0|0|
64|155|150|1|161|0|0|
64|222|240|1|188|0|0|
64|223|210|1|186|0|0|
64|223|210|1|186|0|0|
64|223|240|1|186|0|0|
64|223|240|1|186|0|0|
64|223|240|1|186|0|0|
64|223|210|1|186|0|0|
64|223|240|1|186|0|0|
64|223|210|1|186|0|0|
64|223|240|1|186|0|0|
64|223|240|1|186|0|0|
64|223|240|1|186|0|0|
64|223|240|1|186|0|0|
64|223|210|1|186|0|0|
64|238|210|2|210|0|0|
64|223|240|1|186|0|0|
64|223|210|1|186|0|0|
64|223|210|1|186|0|0|
64|223|210|1|186|0|0|
64|244|240|1|186|1|0|
64|177|180|1|159|1|0|
64|244|240|1|186|1|0|
64|244|240|1|186|1|0|
64|224|210|1|186|0|0|
64|223|210|1|186|0|0|
64|223|210|1|186|0|0|
64|223|240|1|186|0|0|
64|223|210|1|186|0|0|
64|223|240|1|186|0|0|
64|223|240|1|186|0|0|
64|223|240|1|186|0|0|
64|223|210|1|186|0|0|
64|223|210|1|186|0|0|
64|223|240|1|186|0|0|
64|223|210|1|186|0|0|
64|222|210|1|188|0|0|
64|155|180|1|161|0|0|
64|223|210|1|186|0|0|
64|223|210|1|186|0|0|
64|223|210|1|186|0|0|
64|222|210|1|188|0|0|
64|223|210|1|186|0|0|
64|223|210|1|186|0|0|
64|223|210|1|186|0|0|
64|223|210|1|186|0|0|
64|223|240|1|186|0|0|
64|223|210|1|186|0|0|
64|222|240|1|188|0|0|
64|223|210|1|186|0|0|
64|223|210|1|186|0|0|
64|222|240|1|188|0|0|
64|223|240|1|186|0|0|
64|156|150|1|159|0|0|
64|223|240|1|186|0|0|
64|223|240|1|186|0|0|
64|223|270|1|186|0|0|
64|223|240|1|186|0|0|
64|223|240|1|186|0|0|
64|223|210|1|186|0|0|
64|222|240|1|188|0|0|
64|223|240|1|186|0|0|
64|222|270|1|188|0|0|
64|223|240|1|186|0|0|
64|222|210|1|188|0|0|
64|223|240|1|186|0|0|
64|223|240|1|186|0|0|
64|223|240|1|186|0|0|
64|223|240|1|186|0|0|
64|156|180|1|159|0|0|
64|223|240|1|186|0|0|
64|222|240|1|188|0|0|
64|223|210|1|186|0|0|
64|223|270|1|186|0|0|
64|224|240|1|186|0|0|
64|223|240|1|186|0|0|
64|222|240|1|188|0|0|
64|223|270|1|186|0|0|
64|222|270|1|188|0|0|
64|155|150|1|161|0|0|
64|222|210|1|188|0|0|
64|223|210|1|186|0|0|
64|223|240|1|186|0|0|
64|223|210|1|186|0|0|
64|223|240|1|186|0|0|
64|222|210|1|188|0|0|
64|222|210|1|188|0|0|
64|223|240|1|186|0|0|
64|222|210|1|188|0|0|
64|223|240|1|186|0|0|
64|223|240|1|186|0|0|
64|223|210|1|188|0|0|
64|223|240|1|188|0|0|
64|223|210|1|186|0|0|
64|222|240|1|188|0|0|
64|222|240|1|188|0|0|
64|222|240|1|188|0|0|
64|223|210|1|186|0|0|
64|222|240|1|188|0|0|
64|223|240|1|186|0|0|
64|222|210|1|188|0|0|
64|223|210|1|186|0|0|
64|223|240|1|186|0|0|
64|223|210|1|186|0|0|
64|222|210|1|188|0|0|
64|223|240|1|186|0|0|
64|222|210|1|188|0|0|
64|223|210|1|186|0|0|
64|223|210|1|186|0|0|
64|223|240|1|186|0|0|
64|222|210|1|188|0|0|
64|177|180|1|159|1|0|
64|244|240|1|186|1|0|
64|244|240|1|186|1|0|
64|244|240|1|186|1|0|
64|244|240|1|186|1|0|
64|244|240|1|186|1|0|
64|244|240|1|186|1|0|
64|244|240|1|186|1|0|
64|244|270|1|186|1|0|
64|244|270|1|186|1|0|
64|244|240|1|186|1|0|
64|244|240|1|186|1|0|
64|244|270|1|186|1|0|
64|244|240|1|186|1|0|
64|244|270|1|186|1|0|
64|244|240|1|186|1|0|
64|244|270|1|186|1|0|
64|244|270|1|186|1|0|
64|244|240|1|186|1|0|
64|244|270|1|186|1|0|
64|223|240|1|186|0|0|
64|222|210|1|188|0|0|
64|222|240|1|188|0|0|
64|155|150|1|161|0|0|
64|222|210|1|188|0|0|
64|223|240|1|186|0|0|
64|222|210|1|188|0|0|
64|222|210|1|188|0|0|
64|222|210|1|188|0|0|
64|222|210|1|188|0|0|
64|223|210|1|186|0|0|
64|223|210|1|186|0|0|
64|155|150|1|161|0|0|
64|223|210|1|186|0|0|
64|222|210|1|188|0|0|
64|222|210|1|188|0|0|
64|222|210|1|188|0|0|
64|222|210|1|188|0|0|
64|223|270|1|186|0|0|
64|222|210|1|188|0|0|
64|222|240|1|188|0|0|
64|222|270|1|188|0|0|
64|222|240|1|188|0|0|
64|222|210|1|188|0|0|
64|222|240|1|188|0|0|
64|223|240|1|186|0|0|
64|257|270|2|210|1|0|
64|244|240|1|186|1|0|
64|244|270|1|186|1|0|
64|177|180|1|159|1|0|
64|244|240|1|186|1|0|
64|177|180|1|159|1|0|
64|244|300|1|186|1|0|
64|177|180|1|159|1|0|
64|244|240|1|186|1|0|
64|244|270|1|186|1|0|
64|244|240|1|186|1|0|
64|244|240|1|186|1|0|
64|244|270|1|186|1|0|
64|244|240|1|186|1|0|
64|244|240|1|186|1|0|
64|244|240|1|186|1|0|
64|177|180|1|157|1|0|
64|177|180|1|159|1|0|
64|244|270|1|186|1|0|
64|244|240|1|186|1|0|
64|244|240|1|186|1|0|
64|244|240|1|186|1|0|
64|244|270|1|186|1|0|
64|244|240|1|186|1|0|
64|244|240|1|186|1|0|
64|177|180|1|159|1|0|
64|244|240|1|186|1|0|
64|177|180|1|159|1|0|
64|223|210|1|188|0|0|
64|155|150|1|161|0|0|
64|223|240|1|186|0|0|
64|222|210|1|188|0|0|
64|223|210|1|186|0|0|
64|155|150|1|161|0|0|
64|222|240|1|188|0|0|
64|223|240|1|186|0|0|
64|222|240|1|188|0|0|
64|223|270|1|186|0|0|
64|223|270|1|186|0|0|
64|222|240|1|188|0|0|
64|222|240|1|188|0|0|
64|222|240|1|188|0|0|
64|223|210|1|186|0|0|
64|222|270|1|188|0|0|
64|222|240|1|188|0|0|
64|223|270|1|186|0|0|
64|222|240|1|188|0|0|
64|222|210|1|188|0|0|
64|222|240|1|188|0|0|
64|155|150|1|161|0|0|
64|223|270|1|186|0|0|
64|223|240|1|186|0|0|
64|223|270|1|186|0|0|
64|155|180|1|161|0|0|
64|223|210|1|186|0|0|
64|222|210|1|188|0|0|
64|244|270|1|186|1|0|
64|244|240|1|186|1|0|
64|244|240|1|186|1|0|
64|223|210|1|186|0|0|
64|223|210|1|188|0|0|
64|222|210|1|188|0|0|
64|222|240|1|188|0|0|
64|222|240|1|188|0|0|
64|222|240|1|188|0|0|
64|222|240|1|188|0|0|
64|222|210|1|188|0|0|
64|222|240|1|188|0|0|
64|222|240|1|188|0|0|
64|223|270|1|186|0|0|
64|223|210|1|186|0|0|
64|223|240|1|186|0|0|
64|223|270|1|186|0|0|
64|223|210|1|186|0|0|
64|223|210|1|186|0|0|
64|223|210|1|186|0|0|
64|244|270|1|186|1|0|
64|244|240|1|186|1|0|
64|222|210|1|188|0|0|
64|222|210|1|188|0|0|
64|222|240|1|188|0|0|
64|222|210|1|188|0|0|
64|223|240|1|186|0|0|
64|156|180|1|159|0|0|
64|155|180|1|159|0|0|
64|222|240|1|188|0|0|
64|222|210|1|188|0|0|
64|223|270|1|186|0|0|
64|222|210|1|188|0|0|
64|222|210|1|188|0|0|
64|222|210|1|188|0|0|
64|222|240|1|188|0|0|
64|222|210|1|188|0|0|
64|223|210|1|186|0|0|
64|223|210|1|186|0|0|
64|222|210|1|188|0|0|
64|155|150|1|161|0|0|
64|222|210|1|188|0|0|
64|222|240|1|188|0|0|
64|222|210|1|188|0|0|
64|223|210|1|186|0|0|
64|223|210|1|186|0|0|
64|223|210|1|186|0|0|
64|222|240|1|188|0|0|
64|223|210|1|186|0|0|
64|223|240|1|186|0|0|
64|223|240|1|186|0|0|
64|223|210|1|186|0|0|
64|223|210|1|186|0|0|
64|211|240|1|159|0|0|
64|212|240|1|159|0|0|
64|223|210|1|186|0|0|
64|230|210|1|205|0|0|
64|223|240|1|186|0|0|
64|223|210|1|186|0|0|
64|223|210|1|186|0|0|
64|222|240|1|188|0|0|
64|223|210|1|186|0|0|
64|222|270|1|188|0|0|
64|223|240|1|186|0|0|
64|223|210|1|186|0|0|
64|222|240|1|188|0|0|
64|222|240|1|188|0|0|
64|223|240|1|186|0|0|
64|223|210|1|186|0|0|
64|222|240|1|188|0|0|
64|222|210|1|188|0|0|
64|223|210|1|186|0|0|
64|223|240|1|186|0|0|
64|222|240|1|188|0|0|
64|222|210|1|188|0|0|
64|223|240|1|186|0|0|
64|222|240|1|188|0|0|
64|223|240|1|186|0|0|
64|222|210|1|188|0|0|
64|223|210|1|186|0|0|
64|222|210|1|188|0|0|
64|223|210|1|186|0|0|
64|222|210|1|188|0|0|
64|222|210|1|188|0|0|
64|222|210|1|188|0|0|
64|223|210|1|186|0|0|
64|222|240|1|188|0|0|
64|222|210|1|188|0|0|
64|222|210|1|188|0|0|
64|223|240|1|186|0|0|
64|223|210|1|186|0|0|
64|223|240|1|186|0|0|
64|223|240|1|186|0|0|
64|223|210|1|186|0|0|
64|223|240|1|186|0|0|
64|223|210|1|186|0|0|
64|222|240|1|188|0|0|
64|223|240|1|186|0|0|
64|223|210|1|186|0|0|
64|223|210|1|186|0|0|
64|223|240|1|186|0|0|
64|223|210|1|186|0|0|
64|223|240|1|186|0|0|
64|223|240|1|186|0|0|
64|223|210|1|186|0|0|
64|223|240|1|186|0|0|
64|222|240|1|188|0|0|
64|155|150|1|161|0|0|
64|222|240|1|188|0|0|
64|222|210|1|188|0|0|
64|230|240|1|205|0|0|
64|223|210|1|186|0|0|
64|222|210|1|188|0|0|
64|223|240|1|186|0|0|
64|222|210|1|188|0|0|
64|223|240|1|186|0|0|
64|222|240|1|188|0|0|
64|222|240|1|188|0|0|
64|223|240|1|186|0|0|
64|222|240|1|188|0|0|
64|223|270|1|186|0|0|
64|222|240|1|188|0|0|
64|223|270|1|186|0|0|
64|223|240|1|186|0|0|
64|223|210|1|186|0|0|
64|223|240|1|186|0|0|
64|223|240|1|186|0|0|
64|156|180|1|159|0|0|
64|223|270|1|186|0|0|
64|223|240|1|186|0|0|
64|223|240|1|186|0|0|
64|223|210|1|186|0|0|
64|222|270|1|188|0|0|
64|156|180|1|159|0|0|
64|223|240|1|186|0|0|
64|223|240|1|186|0|0|
64|223|240|1|186|0|0|
64|223|240|1|186|0|0|
64|223|210|1|186|0|0|
64|223|240|1|186|0|0|
64|156|150|1|159|0|0|
64|223|240|1|186|0|0|
64|223|240|1|186|0|0|
64|236|210|2|210|0|0|
64|223|240|1|186|0|0|
64|223|240|1|186|0|0|
64|223|240|1|186|0|0|
64|223|210|1|186|0|0|
64|223|210|1|186|0|0|
64|223|210|1|186|0|0|
64|222|210|1|188|0|0|
64|223|240|1|186|0|0|
64|223|240|1|186|0|0|
64|223|240|1|186|0|0|
64|222|210|1|188|0|0|
64|222|240|1|188|0|0|
64|222|240|1|188|0|0|
64|223|210|1|186|0|0|
64|156|180|1|159|0|0|
64|156|150|1|159|0|0|
64|156|150|1|159|0|0|
64|222|240|1|188|0|0|
64|156|150|1|159|0|0|
64|223|210|1|186|0|0|
64|155|150|1|159|0|0|
64|223|240|1|186|0|0|
64|223|240|1|186|0|0|
64|223|240|1|186|0|0|
64|156|120|1|157|0|0|
64|156|180|1|159|0|0|
64|223|270|1|186|0|0|
64|156|150|1|159|0|0|
64|157|150|1|159|0|0|
64|223|270|1|186|0|0|
64|223|240|1|186|0|0|
64|223|210|1|186|0|0|
64|224|240|1|186|0|0|
64|223|210|1|186|0|0|
64|223|210|1|186|0|0|
64|223|240|1|186|0|0|
64|223|210|1|186|0|0|
64|223|210|1|186|0|0|
64|222|240|1|188|0|0|
64|223|240|1|186|0|0|
64|223|240|1|186|0|0|
64|223|240|1|186|0|0|
64|223|210|1|186|0|0|
64|223|210|1|186|0|0|
64|223|240|1|186|0|0|
64|223|210|1|186|0|0|
64|222|210|1|188|0|0|
64|222|210|1|188|0|0|
64|223|210|1|186|0|0|
64|223|210|1|186|0|0|
64|156|180|1|159|0|0|
64|223|240|1|186|0|0|
64|223|240|1|186|0|0|
64|223|210|1|186|0|0|
64|223|270|1|186|0|0|
64|155|120|1|161|0|0|
64|155|180|1|161|0|0|
64|156|180|1|159|0|0|
64|222|210|1|188|0|0|
64|155|150|1|161|0|0|
64|224|210|1|186|0|0|
64|223|210|1|188|0|0|
64|222|210|1|188|0|0|
64|222|210|1|188|0|0|
64|222|210|1|188|0|0|
64|222|240|1|188|0|0|
64|223|240|1|186|0|0|
64|155|180|1|161|0|0|
64|222|210|1|188|0|0|
64|222|240|1|188|0|0|
64|222|240|1|188|0|0|
64|222|210|1|188|0|0|
64|222|270|1|188|0|0|
64|223|240|1|186|0|0|
64|222|240|1|188|0|0|
64|222|270|1|188|0|0|
64|222|240|1|188|0|0|
64|222|240|1|188|0|0|
64|222|210|1|188|0|0|
64|223|210|1|186|0|0|
64|222|240|1|188|0|0|
64|223|210|1|186|0|0|
64|223|210|1|186|0|0|
64|222|210|1|188|0|0|
64|222|210|1|188|0|0|
64|222|240|1|188|0|0|
64|223|210|1|188|0|0|
64|222|210|1|188|0|0|
64|223|240|1|186|0|0|
64|223|240|1|186|0|0|
64|223|240|1|186|0|0|
64|223|210|1|186|0|0|
64|223|210|1|186|0|0|
64|223|240|1|186|0|0|
64|222|210|1|188|0|0|
64|223|210|1|186|0|0|
64|223|270|1|186|0|0|
64|223|210|1|186|0|0|
64|223|210|1|186|0|0|
64|223|210|1|186|0|0|
64|224|240|1|186|0|0|
64|223|240|1|186|0|0|
64|222|240|1|188|0|0|
64|222|240|1|188|0|0|
64|222|240|1|188|0|0|
64|223|240|1|186|0|0|
64|223|210|1|186|0|0|
64|223|240|1|186|0|0|
64|222|210|1|188|0|0|
64|222|240|1|188|0|0|
64|155|120|1|161|0|0|
64|222|240|1|188|0|0|
64|222|240|1|188|0|0|
64|222|270|1|188|0|0|
64|156|150|1|159|0|0|
64|156|180|1|159|0|0|
64|223|240|1|186|0|0|
64|222|240|1|188|0|0|
64|223|210|1|186|0|0|
64|223|240|1|186|0|0|
64|222|210|1|188|0|0|
64|223|210|1|186|0|0|
64|223|240|1|186|0|0|
64|223|240|1|186|0|0|
64|222|240|1|188|0|0|
64|222|210|1|188|0|0|
64|223|210|1|186|0|0|
64|222|210|1|188|0|0|
64|223|210|1|186|0|0|
64|223|210|1|186|0|0|
64|223|210|1|186|0|0|
64|223|210|1|186|0|0|
64|223|210|1|186|0|0|
64|223|210|1|186|0|0|
64|224|210|1|186|0|0|
64|223|240|1|186|0|0|
64|223|240|1|186|0|0|
64|223|210|1|186|0|0|
64|223|210|1|186|0|0|
64|223|240|1|186|0|0|
64|222|240|1|188|0|0|
64|223|240|1|186|0|0|
64|223|210|1|186|0|0|
64|223|210|1|186|0|0|
64|222|270|1|188|0|0|
64|222|240|1|188|0|0|
64|222|240|1|188|0|0|
64|155|180|1|159|0|0|
64|223|240|1|186|0|0|
64|222|240|1|188|0|0|
64|223|240|1|186|0|0|
64|222|240|1|188|0|0|
64|222|210|1|188|0|0|
64|222|210|1|188|0|0|
64|223|210|1|186|0|0|
64|223|270|1|186|0|0|
64|222|210|1|188|0|0|
64|222|240|1|188|0|0|
64|222|270|1|188|0|0|
64|222|240|1|188|0|0|
64|222|240|1|188|0|0|
64|222|240|1|188|0|0|
64|222|210|1|188|0|0|
64|223|240|1|186|0|0|
64|222|270|1|188|0|0|
64|222|240|1|188|0|0|
64|223|240|1|186|0|0|
64|156|150|1|159|0|0|
64|222|210|1|188|0|0|
64|223|210|1|186|0|0|
64|222|210|1|188|0|0|
64|237|240|2|212|0|0|
64|222|210|1|188|0|0|
64|222|210|1|188|0|0|
64|223|210|1|186|0|0|
64|222|210|1|188|0|0|
64|223|210|1|186|0|0|
64|222|210|1|188|0|0|
64|223|210|1|186|0|0|
64|222|240|1|188|0|0|
64|222|210|1|188|0|0|
64|222|240|1|188|0|0|
64|245|240|2|212|0|0|
64|222|210|1|188|0|0|
64|223|210|1|186|0|0|
64|223|210|1|186|0|0|
64|223|210|1|186|0|0|
64|222|240|1|188|0|0|
64|223|210|1|186|0|0|
64|223|210|1|186|0|0|
64|222|210|1|188|0|0|
64|222|210|1|188|0|0|
64|222|210|1|188|0|0|
64|223|210|1|186|0|0|
64|222|210|1|188|0|0|
64|222|210|1|188|0|0|
64|223|240|1|186|0|0|
64|249|270|2|210|0|0|
64|222|240|1|188|0|0|
64|222|270|1|188|0|0|
64|222|240|1|188|0|0|
64|222|240|1|188|0|0|
64|222|210|1|188|0|0|
64|222|240|1|188|0|0|
64|223|240|1|186|0|0|
64|222|240|1|188|0|0|
64|222|240|1|188|0|0|
64|222|240|1|188|0|0|
64|222|210|1|188|0|0|
64|222|210|1|188|0|0|
64|222|240|1|188|0|0|
64|222|270|1|188|0|0|
64|222|240|1|188|0|0|
64|222|240|1|188|0|0|
64|223|210|1|186|0|0|
64|222|240|1|188|0|0|
64|222|210|1|188|0|0|
64|223|240|1|188|0|0|
64|222|210|1|188|0|0|
64|222|210|1|188|0|0|
64|222|240|1|188|0|0|
64|223|240|1|186|0|0|
64|223|240|1|186|0|0|
64|223|210|1|186|0|0|
64|223|240|1|186|0|0|
64|222|240|1|188|0|0|
64|222|240|1|188|0|0|
64|223|240|1|186|0|0|
64|223|240|1|186|0|0|
64|222|240|1|188|0|0|
64|222|240|1|188|0|0|
64|222|240|1|188|0|0|
64|223|240|1|186|0|0|
64|222|240|1|188|0|0|
64|222|210|1|188|0|0|
64|222|270|1|188|0|0|
64|222|270|1|188|0|0|
64|222|270|1|188|0|0|
64|222|240|1|188|0|0|
64|156|150|1|159|0|0|
64|155|150|1|161|0|0|
64|156|150|1|159|0|0|
64|222|270|1|188|0|0|
64|223|270|1|186|0|0|
64|222|270|1|188|0|0|
64|155|150|1|161|0|0|
64|156|150|1|159|0|0|
64|223|240|1|186|0|0|
64|222|270|1|188|0|0|
64|222|210|1|188|0|0|
64|223|240|1|186|0|0|
64|156|150|1|159|0|0|
64|155|180|1|161|0|0|
64|222|210|1|188|0|0|
64|222|240|1|188|0|0|
64|223|240|1|186|0|0|
64|223|240|1|186|0|0|
64|222|210|1|188|0|0|
64|223|240|1|186|0|0|
64|223|210|1|186|0|0|
64|222|240|1|188|0|0|
64|222|240|1|188|0|0|
64|223|210|1|186|0|0|
64|223|210|1|188|0|0|
64|222|240|1|188|0|0|
64|222|240|1|188|0|0|
64|222|210|1|188|0|0|
64|222|210|1|188|0|0|
64|223|210|1|186|0|0|
64|222|210|1|188|0|0|
64|222|210|1|188|0|0|
64|222|240|1|188|0|0|
64|223|210|1|186|0|0|
64|222|210|1|188|0|0|
64|222|240|1|188|0|0|
64|223|240|1|188|0|0|
64|223|210|1|186|0|0|
64|222|210|1|188|0|0|
64|222|210|1|188|0|0|
64|222|210|1|188|0|0|
64|222|210|1|188|0|0|
64|155|150|1|161|0|0|
64|156|150|1|159|0|0|
64|223|240|1|186|0|0|
64|222|210|1|188|0|0|
64|222|240|1|188|0|0|
64|223|240|1|186|0|0|
64|222|240|1|188|0|0|
64|222|240|1|188|0|0|
64|222|240|1|188|0|0|
64|156|150|1|159|0|0|
64|222|210|1|188|0|0|
64|223|210|1|186|0|0|
64|223|240|1|186|0|0|
64|222|210|1|188|0|0|
64|222|210|1|188|0|0|
64|222|210|1|188|0|0|
64|222|240|1|188|0|0|
64|223|210|1|186|0|0|
64|223|210|1|186|0|0|
64|155|150|1|161|0|0|
64|155|150|1|161|0|0|
64|155|150|1|161|0|0|
64|156|150|1|159|0|0|
64|156|180|1|159|0|0|
64|222|210|1|188|0|0|
64|222|210|1|188|0|0|
64|222|240|1|188|0|0|
64|223|210|1|186|0|0|
64|222|240|1|188|0|0|
64|222|210|1|188|0|0|
64|222|240|1|188|0|0|
64|222|210|1|188|0|0|
64|222|210|1|188|0|0|
64|223|240|1|186|0|0|
64|223|240|1|186|0|0|
64|223|210|1|186|0|0|
64|223|240|1|186|0|0|
64|223|240|1|186|0|0|
64|223|210|1|186|0|0|
64|223|270|1|186|0|0|
64|223|270|1|186|0|0|
64|223|240|1|186|0|0|
64|223|270|1|186|0|0|
64|223|270|1|186|0|0|
64|223|240|1|186|0|0|
64|223|240|1|186|0|0|
64|223|270|1|186|0|0|
64|247|300|2|210|0|0|
64|223|240|1|186|0|0|
64|222|240|1|188|0|0|
64|156|150|1|159|0|0|
64|222|240|1|188|0|0|
64|155|150|1|161|0|0|
64|222|240|1|188|0|0|
64|222|210|1|188|0|0|
64|222|210|1|188|0|0|
64|223|210|1|186|0|0|
64|156|150|1|159|0|0|
64|155|150|1|161|0|0|
64|156|150|1|161|0|0|
64|222|240|1|188|0|0|
64|222|210|1|188|0|0|
64|223|240|1|186|0|0|
64|222|210|1|188|0|0|
64|222|180|1|188|0|0|
64|223|210|1|186|0|0|
64|222|210|1|188|0|0|
64|223|240|1|186|0|0|
64|223|240|1|186|0|0|
64|223|210|1|186|0|0|
64|223|240|1|186|0|0|
64|155|150|1|161|0|0|
64|222|240|1|188|0|0|
64|222|240|1|188|0|0|
64|223|210|1|186|0|0|
64|223|210|1|186|0|0|
64|222|240|1|188|0|0|
64|223|210|1|186|0|0|
64|222|270|1|188|0|0|
64|222|210|1|188|0|0|
64|222|210|1|188|0|0|
64|223|210|1|186|0|0|
64|223|180|1|186|0|0|
64|223|210|1|186|0|0|
64|223|210|1|186|0|0|
64|223|210|1|186|0|0|
64|223|210|1|186|0|0|
64|156|150|1|159|0|0|
64|223|210|1|186|0|0|
64|223|240|1|186|0|0|
64|223|240|1|186|0|0|
64|223|240|1|186|0|0|
64|223|210|1|186|0|0|
64|222|210|1|188|0|0|
64|223|240|1|186|0|0|
64|223|240|1|186|0|0|
64|223|210|1|186|0|0|
64|223|240|1|186|0|0|
64|156|150|1|159|0|0|
64|156|180|1|159|0|0|
64|156|210|1|159|0|0|
64|223|240|1|186|0|0|
64|223|240|1|186|0|0|
64|223|210|1|186|0|0|
64|223|240|1|186|0|0|
64|222|210|1|188|0|0|
64|223|240|1|186|0|0|
64|223|240|1|186|0|0|
64|156|180|1|159|0|0|
64|223|240|1|186|0|0|
64|156|180|1|159|0|0|
64|223|240|1|186|0|0|
64|223|270|1|186|0|0|
64|223|240|1|186|0|0|
64|223|240|1|186|0|0|
64|436|480|2|212|0|0|
64|222|270|1|188|0|0|
64|222|270|1|188|0|0|
64|155|150|1|161|0|0|
64|222|240|1|188|0|0|
64|223|240|1|186|0|0|
64|222|210|1|188|0|0|
64|222|240|1|188|0|0|
64|223|240|1|188|0|0|
64|155|150|1|161|0|0|
64|222|240|1|188|0|0|
64|223|210|1|186|0|0|
64|222|210|1|188|0|0|
64|222|240|1|188|0|0|
64|222|240|1|188|0|0|
