INSTRUCTIONS_RETIRED|CYCLES|UNKNOWN|LD_BLOCKS.STORE_FORWARD|UOPS_EXECUTED.CORE|BR_MISP_RETIRED.ALL_BRANCHES|UOPS_ISSUED.SINGLE_MUL|
62|244|240|1|184|1|0|
62|176|180|1|157|1|0|
62|177|180|1|157|1|0|
62|177|180|1|157|1|0|
62|177|180|1|157|1|0|
62|177|180|1|157|1|0|
62|177|180|1|157|1|0|
62|177|180|1|157|1|0|
62|243|240|1|184|1|0|
62|243|240|1|184|1|0|
62|221|210|1|184|0|0|
62|221|210|1|184|0|0|
62|232|240|2|206|0|0|
62|221|210|1|184|0|0|
62|221|210|1|184|0|0|
62|221|270|1|184|0|0|
62|221|240|1|184|0|0|
62|222|210|1|184|0|0|
62|221|270|1|184|0|0|
62|221|270|1|184|0|0|
62|154|180|1|157|0|0|
62|221|240|1|184|0|0|
62|222|210|1|184|0|0|
62|222|240|1|184|0|0|
62|221|210|1|184|0|0|
62|154|150|1|157|0|0|
62|221|210|1|184|0|0|
62|222|210|1|184|0|0|
62|221|210|1|184|0|0|
62|221|240|1|184|0|0|
62|222|210|1|184|0|0|
62|222|240|1|184|0|0|
62|222|210|1|184|0|0|
62|155|150|1|157|0|0|
62|222|240|1|184|0|0|
62|222|210|1|184|0|0|
62|221|210|1|184|0|0|
62|154|180|1|157|0|0|
62|221|210|1|184|0|0|
62|221|210|1|184|0|0|
62|222|210|1|184|0|0|
62|221|210|1|184|0|0|
62|222|240|1|184|0|0|
62|222|240|1|184|0|0|
62|222|210|1|184|0|0|
62|222|210|1|184|0|0|
62|222|240|1|184|0|0|
62|222|210|1|184|0|0|
62|222|240|1|184|0|0|
62|222|240|1|184|0|0|
62|222|240|1|184|0|0|
62|222|240|1|184|0|0|
62|222|240|1|184|0|0|
62|222|210|1|184|0|0|
62|222|210|1|184|0|0|
62|222|240|1|184|0|0|
62|221|210|1|184|0|0|
62|222|210|1|184|0|0|
62|154|120|1|157|0|0|
62|222|240|1|184|0|0|
62|222|210|1|184|0|0|
62|221|240|1|184|0|0|
62|222|240|1|184|0|0|
62|222|240|1|184|0|0|
62|221|210|1|184|0|0|
62|222|240|1|184|0|0|
62|221|240|1|184|0|0|
62|222|240|1|184|0|0|
62|222|210|1|184|0|0|
62|222|240|1|184|0|0|
62|221|210|1|184|0|0|
62|235|210|2|206|0|0|
62|222|240|1|184|0|0|
62|221|240|1|184|0|0|
62|221|210|1|184|0|0|
62|221|240|1|184|0|0|
62|222|180|1|184|0|0|
62|221|210|1|184|0|0|
62|222|210|1|184|0|0|
62|221|240|1|184|0|0|
62|154|150|1|157|0|0|
62|221|210|1|184|0|0|
62|243|270|1|184|1|0|
62|243|240|1|184|1|0|
62|243|240|1|184|1|0|
62|243|240|1|184|1|0|
62|243|240|1|184|1|0|
62|243|240|1|184|1|0|
62|221|210|1|184|0|0|
62|221|240|1|184|0|0|
62|243|240|1|184|1|0|
62|243|240|1|184|1|0|
62|243|240|1|184|1|0|
62|221|240|1|184|0|0|
62|221|210|1|184|0|0|
62|221|210|1|184|0|0|
62|221|210|1|184|0|0|
62|222|240|1|184|0|0|
62|221|240|1|184|0|0|
62|221|240|1|184|0|0|
62|222|210|1|184|0|0|
62|221|240|1|184|0|0|
62|222|210|1|184|0|0|
62|222|240|1|184|0|0|
62|154|180|1|157|0|0|
62|222|240|1|184|0|0|
62|221|240|1|184|0|0|
62|221|210|1|184|0|0|
62|222|210|1|184|0|0|
62|158|180|1|157|0|0|
62|154|180|1|157|0|0|
62|154|150|1|157|0|0|
62|221|210|1|184|0|0|
62|221|240|1|184|0|0|
62|154|150|1|157|0|0|
62|221|240|1|184|0|0|
62|221|240|1|184|0|0|
62|221|240|1|184|0|0|
62|222|210|1|184|0|0|
62|222|240|1|184|0|0|
62|221|210|1|184|0|0|
62|221|240|1|184|0|0|
62|221|240|1|184|0|0|
62|243|300|1|184|1|0|
62|243|240|1|184|1|0|
62|243|270|1|184|1|0|
62|243|240|1|184|1|0|
62|243|240|1|184|1|0|
62|243|270|1|184|1|0|
62|243|300|1|184|1|0|
62|243|270|1|184|1|0|
62|243|240|1|184|1|0|
62|243|270|1|184|1|0|
62|243|300|1|184|1|0|
62|243|270|1|184|1|0|
62|243|240|1|184|1|0|
62|243|240|1|184|1|0|
62|221|210|1|184|0|0|
62|222|240|1|184|0|0|
62|243|240|1|184|1|0|
62|243|240|1|184|1|0|
62|243|240|1|184|1|0|
62|243|240|1|184|1|0|
62|243|240|1|184|1|0|
62|176|150|1|157|1|0|
62|243|270|1|184|1|0|
62|221|240|1|184|0|0|
62|221|240|1|184|0|0|
62|221|240|1|184|0|0|
62|221|210|1|184|0|0|
62|222|210|1|184|0|0|
62|176|180|1|157|1|0|
62|154|150|1|157|0|0|
62|155|150|1|157|0|0|
62|221|210|1|184|0|0|
62|221|210|1|184|0|0|
62|221|240|1|184|0|0|
62|221|210|1|184|0|0|
62|222|210|1|184|0|0|
62|222|210|1|184|0|0|
62|221|240|1|184|0|0|
62|221|270|1|184|0|0|
62|221|240|1|184|0|0|
62|221|240|1|184|0|0|
62|155|180|1|157|0|0|
62|154|150|1|157|0|0|
62|154|180|1|157|0|0|
62|221|210|1|184|0|0|
62|222|240|1|184|0|0|
62|154|180|1|157|0|0|
62|154|180|1|157|0|0|
62|222|210|1|184|0|0|
62|221|210|1|184|0|0|
62|221|210|1|184|0|0|
62|221|240|1|184|0|0|
62|221|210|1|184|0|0|
62|221|240|1|184|0|0|
62|221|210|1|184|0|0|
62|222|240|1|184|0|0|
62|221|240|1|184|0|0|
62|222|210|1|184|0|0|
62|222|210|1|184|0|0|
62|221|240|1|184|0|0|
62|221|240|1|184|0|0|
62|243|240|1|184|1|0|
62|243|240|1|184|1|0|
62|243|240|1|184|1|0|
62|243|240|1|184|1|0|
62|243|240|1|184|1|0|
62|176|180|1|157|1|0|
62|243|240|1|184|1|0|
62|243|240|1|184|1|0|
62|243|240|1|184|1|0|
62|243|240|1|184|1|0|
62|243|240|1|184|1|0|
62|243|210|1|184|1|0|
62|243|240|1|184|1|0|
62|243|240|1|184|1|0|
62|243|240|1|184|1|0|
62|243|240|1|184|1|0|
62|222|240|1|184|0|0|
62|243|240|1|184|1|0|
62|243|240|1|184|1|0|
62|243|240|1|184|1|0|
62|243|240|1|184|1|0|
62|243|240|1|184|1|0|
62|243|240|1|184|1|0|
62|222|240|1|184|0|0|
62|154|150|1|157|0|0|
62|222|210|1|184|0|0|
62|221|240|1|184|0|0|
62|154|150|1|157|0|0|
62|154|150|1|157|0|0|
62|221|240|1|184|0|0|
62|243|240|1|184|1|0|
62|221|240|1|184|0|0|
62|221|180|1|184|0|0|
62|221|210|1|184|0|0|
62|222|210|1|184|0|0|
62|222|210|1|184|0|0|
62|222|210|1|184|0|0|
62|222|240|1|184|0|0|
62|221|180|1|184|0|0|
62|221|240|1|184|0|0|
62|221|240|1|184|0|0|
62|222|210|1|184|0|0|
62|222|210|1|184|0|0|
62|222|210|1|184|0|0|
62|222|240|1|184|0|0|
62|222|240|1|184|0|0|
62|222|240|1|184|0|0|
62|154|180|1|157|0|0|
62|221|210|1|184|0|0|
62|222|240|1|184|0|0|
62|221|240|1|184|0|0|
62|222|240|1|184|0|0|
62|221|210|1|184|0|0|
62|221|240|1|184|0|0|
62|155|180|1|157|0|0|
62|154|150|1|157|0|0|
62|221|240|1|184|0|0|
62|221|210|1|184|0|0|
62|221|210|1|184|0|0|
62|154|150|1|157|0|0|
62|221|180|1|184|0|0|
62|155|150|1|157|0|0|
62|221|210|1|184|0|0|
62|221|240|1|184|0|0|
62|221|210|1|184|0|0|
62|222|210|1|184|0|0|
62|221|210|1|184|0|0|
62|221|210|1|184|0|0|
62|221|240|1|184|0|0|
62|221|240|1|184|0|0|
62|222|240|1|184|0|0|
62|221|240|1|184|0|0|
62|155|150|1|157|0|0|
62|221|210|1|184|0|0|
62|154|180|1|157|0|0|
62|154|150|1|157|0|0|
62|155|180|1|157|0|0|
62|154|150|1|157|0|0|
62|155|150|1|157|0|0|
62|154|150|1|157|0|0|
62|221|210|1|184|0|0|
62|221|210|1|184|0|0|
62|221|210|1|184|0|0|
62|221|240|1|184|0|0|
62|221|240|1|184|0|0|
62|221|210|1|184|0|0|
62|221|210|1|184|0|0|
62|221|240|1|184|0|0|
62|221|180|1|184|0|0|
62|221|240|1|184|0|0|
62|221|240|1|184|0|0|
62|221|180|1|184|0|0|
62|221|240|1|184|0|0|
62|221|210|1|184|0|0|
62|222|210|1|184|0|0|
62|222|240|1|184|0|0|
62|221|240|1|184|0|0|
62|221|210|1|184|0|0|
62|221|210|1|184|0|0|
62|221|240|1|184|0|0|
62|222|210|1|184|0|0|
62|222|240|1|184|0|0|
62|221|240|1|184|0|0|
62|221|210|1|184|0|0|
62|221|240|1|184|0|0|
62|222|240|1|184|0|0|
62|221|240|1|184|0|0|
62|232|270|2|206|0|0|
62|221|210|1|184|0|0|
62|222|240|1|184|0|0|
62|221|210|1|184|0|0|
62|222|240|1|184|0|0|
62|155|150|1|157|0|0|
62|221|240|1|184|0|0|
62|221|240|1|184|0|0|
62|221|240|1|184|0|0|
62|236|240|2|206|0|0|
62|221|270|1|184|0|0|
62|221|240|1|184|0|0|
62|222|240|1|184|0|0|
62|221|270|1|184|0|0|
62|221|240|1|184|0|0|
62|222|240|1|184|0|0|
62|221|240|1|184|0|0|
62|221|240|1|184|0|0|
62|221|240|1|184|0|0|
62|221|240|1|184|0|0|
62|221|240|1|184|0|0|
62|221|210|1|184|0|0|
62|237|270|2|206|0|0|
62|221|240|1|184|0|0|
62|221|210|1|184|0|0|
62|221|210|1|184|0|0|
62|222|240|1|184|0|0|
62|154|180|1|157|0|0|
62|155|180|1|157|0|0|
62|222|210|1|184|0|0|
62|222|240|1|184|0|0|
62|154|180|1|157|0|0|
62|221|210|1|184|0|0|
62|155|150|1|157|0|0|
62|154|150|1|157|0|0|
62|154|150|1|157|0|0|
62|221|240|1|184|0|0|
62|221|240|1|184|0|0|
62|222|210|1|184|0|0|
62|221|240|1|184|0|0|
62|243|240|1|184|1|0|
62|221|210|1|184|0|0|
62|243|270|1|184|1|0|
62|221|240|1|184|0|0|
62|243|240|1|184|1|0|
62|243|240|1|184|1|0|
62|243|270|1|184|1|0|
62|243|240|1|184|1|0|
62|243|270|1|184|1|0|
62|221|210|1|184|0|0|
62|221|210|1|184|0|0|
62|222|210|1|184|0|0|
62|221|210|1|184|0|0|
62|221|210|1|184|0|0|
62|221|240|1|184|0|0|
62|221|210|1|184|0|0|
62|243|240|1|184|1|0|
62|243|240|1|184|1|0|
62|243|240|1|184|1|0|
62|243|240|1|184|1|0|
62|243|240|1|184|1|0|
62|243|240|1|184|1|0|
62|243|240|1|184|1|0|
62|243|240|1|184|1|0|
62|243|240|1|184|1|0|
62|243|240|1|184|1|0|
62|222|270|1|184|0|0|
62|222|240|1|184|0|0|
62|222|240|1|184|0|0|
62|222|240|1|184|0|0|
62|222|210|1|184|0|0|
62|222|210|1|184|0|0|
62|221|210|1|184|0|0|
62|243|240|1|184|1|0|
62|243|240|1|184|1|0|
62|243|240|1|184|1|0|
62|243|240|1|184|1|0|
62|176|180|1|157|1|0|
62|243|240|1|184|1|0|
62|221|210|1|184|0|0|
62|221|240|1|184|0|0|
62|221|240|1|184|0|0|
62|243|270|1|184|1|0|
62|221|240|1|184|0|0|
62|221|240|1|184|0|0|
62|221|210|1|184|0|0|
62|243|300|1|184|1|0|
62|155|150|1|157|0|0|
62|154|180|1|157|0|0|
62|154|180|1|157|0|0|
62|221|240|1|184|0|0|
62|221|240|1|184|0|0|
62|221|240|1|184|0|0|
62|222|210|1|184|0|0|
62|222|210|1|184|0|0|
62|222|240|1|184|0|0|
62|221|240|1|184|0|0|
62|221|210|1|184|0|0|
62|221|240|1|184|0|0|
62|221|210|1|184|0|0|
62|221|210|1|184|0|0|
62|222|240|1|184|0|0|
62|221|240|1|184|0|0|
62|221|210|1|184|0|0|
62|221|240|1|184|0|0|
62|221|210|1|184|0|0|
62|221|240|1|184|0|0|
62|222|210|1|184|0|0|
62|221|240|1|184|0|0|
62|222|210|1|184|0|0|
62|221|210|1|184|0|0|
62|222|210|1|184|0|0|
62|222|240|1|184|0|0|
62|221|210|1|184|0|0|
62|221|210|1|184|0|0|
62|221|240|1|184|0|0|
62|221|210|1|184|0|0|
62|221|240|1|184|0|0|
62|221|210|1|184|0|0|
62|221|210|1|184|0|0|
62|221|210|1|184|0|0|
62|221|240|1|184|0|0|
62|222|240|1|184|0|0|
62|222|240|1|184|0|0|
62|221|240|1|184|0|0|
62|238|240|2|206|0|0|
62|221|210|1|184|0|0|
62|221|210|1|184|0|0|
62|222|210|1|184|0|0|
62|221|240|1|184|0|0|
62|221|210|1|184|0|0|
62|221|210|1|184|0|0|
62|221|240|1|184|0|0|
62|222|270|1|184|0|0|
62|221|240|1|184|0|0|
62|221|270|1|184|0|0|
62|243|270|1|184|1|0|
62|243|240|1|184|1|0|
62|243|270|1|184|1|0|
62|243|300|1|184|1|0|
62|222|240|1|184|0|0|
62|222|240|1|184|0|0|
62|221|270|1|184|0|0|
62|243|270|1|184|1|0|
62|243|240|1|184|1|0|
62|243|270|1|184|1|0|
62|243|300|1|184|1|0|
62|243|270|1|184|1|0|
62|243|270|1|184|1|0|
62|243|270|1|184|1|0|
62|221|240|1|184|0|0|
62|222|210|1|184|0|0|
62|221|240|1|184|0|0|
62|243|300|1|184|1|0|
62|243|240|1|184|1|0|
62|243|240|1|184|1|0|
62|222|210|1|184|0|0|
62|221|210|1|184|0|0|
62|222|210|1|184|0|0|
62|221|210|1|184|0|0|
62|221|210|1|184|0|0|
62|243|240|1|184|1|0|
62|243|240|1|184|1|0|
62|243|240|1|184|1|0|
62|176|180|1|157|1|0|
62|243|240|1|184|1|0|
62|243|240|1|184|1|0|
62|243|240|1|184|1|0|
62|243|240|1|184|1|0|
62|176|180|1|157|1|0|
62|243|240|1|184|1|0|
62|243|240|1|184|1|0|
62|243|210|1|184|1|0|
62|258|270|2|206|1|0|
62|222|210|1|184|0|0|
62|163|150|1|157|0|0|
62|221|210|1|184|0|0|
62|221|210|1|184|0|0|
62|243|240|1|184|1|0|
62|221|210|1|184|0|0|
62|221|210|1|184|0|0|
62|222|210|1|184|0|0|
62|222|240|1|184|0|0|
62|222|210|1|184|0|0|
62|222|240|1|184|0|0|
62|222|210|1|184|0|0|
62|222|210|1|184|0|0|
62|222|240|1|184|0|0|
62|222|240|1|184|0|0|
62|221|240|1|184|0|0|
62|221|240|1|184|0|0|
62|222|210|1|184|0|0|
62|222|240|1|184|0|0|
62|222|210|1|184|0|0|
62|222|240|1|184|0|0|
62|222|210|1|184|0|0|
62|222|210|1|184|0|0|
62|222|240|1|184|0|0|
62|222|210|1|184|0|0|
62|221|210|1|184|0|0|
62|222|210|1|184|0|0|
62|222|210|1|184|0|0|
62|222|240|1|184|0|0|
62|222|240|1|184|0|0|
62|222|210|1|184|0|0|
62|222|240|1|184|0|0|
62|222|210|1|184|0|0|
62|222|210|1|184|0|0|
62|222|210|1|184|0|0|
62|222|210|1|184|0|0|
62|222|240|1|184|0|0|
62|222|240|1|184|0|0|
62|154|120|1|157|0|0|
62|155|150|1|157|0|0|
62|222|240|1|184|0|0|
62|243|270|1|184|1|0|
62|243|270|1|184|1|0|
62|243|240|1|184|1|0|
62|243|240|1|184|1|0|
62|243|240|1|184|1|0|
62|243|240|1|184|1|0|
62|254|270|2|206|1|0|
62|243|270|1|184|1|0|
62|176|180|1|157|1|0|
62|243|270|1|184|1|0|
62|176|210|1|157|1|0|
62|243|240|1|184|1|0|
62|243|270|1|184|1|0|
62|176|210|1|157|1|0|
62|243|300|1|184|1|0|
62|243|270|1|184|1|0|
62|243|300|1|184|1|0|
62|176|180|1|157|1|0|
62|176|210|1|157|1|0|
62|176|180|1|157|1|0|
62|243|240|1|184|1|0|
62|243|240|1|184|1|0|
62|243|240|1|184|1|0|
62|243|270|1|184|1|0|
62|243|240|1|184|1|0|
62|243|270|1|184|1|0|
62|243|240|1|184|1|0|
62|221|210|1|184|0|0|
62|243|270|1|184|1|0|
62|222|210|1|184|0|0|
62|155|150|1|157|0|0|
62|155|150|1|157|0|0|
62|155|180|1|157|0|0|
62|221|210|1|184|0|0|
62|221|240|1|184|0|0|
62|221|240|1|184|0|0|
62|221|210|1|184|0|0|
62|243|240|1|184|1|0|
62|176|210|1|157|1|0|
62|176|180|1|157|1|0|
62|243|270|1|184|1|0|
62|243|270|1|184|1|0|
62|222|240|1|184|0|0|
62|155|180|1|157|0|0|
62|222|270|1|184|0|0|
62|221|240|1|184|0|0|
62|221|240|1|184|0|0|
62|221|240|1|184|0|0|
62|221|240|1|184|0|0|
62|222|240|1|184|0|0|
62|221|210|1|184|0|0|
62|155|150|1|157|0|0|
62|154|150|1|157|0|0|
62|221|210|1|184|0|0|
62|221|210|1|184|0|0|
62|222|240|1|184|0|0|
62|221|210|1|184|0|0|
62|221|210|1|184|0|0|
62|155|150|1|157|0|0|
62|155|150|1|157|0|0|
62|155|150|1|157|0|0|
62|222|210|1|184|0|0|
62|222|240|1|184|0|0|
62|154|150|1|157|0|0|
62|222|210|1|184|0|0|
62|221|210|1|184|0|0|
62|222|210|1|184|0|0|
62|221|240|1|184|0|0|
62|236|240|2|206|0|0|
62|222|240|1|184|0|0|
62|221|210|1|184|0|0|
62|155|150|1|157|0|0|
62|221|210|1|184|0|0|
62|222|210|1|184|0|0|
62|222|210|1|184|0|0|
62|222|210|1|184|0|0|
62|222|210|1|184|0|0|
62|222|240|1|184|0|0|
62|222|210|1|184|0|0|
62|221|240|1|184|0|0|
62|155|120|1|157|0|0|
62|221|210|1|184|0|0|
62|221|210|1|184|0|0|
62|221|210|1|184|0|0|
62|221|240|1|184|0|0|
62|221|210|1|184|0|0|
62|221|210|1|184|0|0|
62|221|210|1|184|0|0|
62|222|240|1|184|0|0|
62|229|210|2|204|0|0|
62|221|240|1|184|0|0|
62|222|210|1|184|0|0|
62|221|210|1|184|0|0|
62|221|210|1|184|0|0|
62|236|240|2|206|0|0|
62|222|240|1|184|0|0|
62|222|210|1|184|0|0|
62|221|240|1|184|0|0|
62|222|240|1|184|0|0|
62|221|240|1|184|0|0|
62|184|180|1|157|0|0|
62|222|240|1|184|0|0|
62|154|120|1|157|0|0|
62|154|180|1|157|0|0|
62|154|150|1|157|0|0|
62|222|240|1|184|0|0|
62|221|240|1|184|0|0|
62|222|210|1|184|0|0|
62|222|240|1|184|0|0|
62|222|240|1|184|0|0|
62|222|210|1|184|0|0|
62|222|210|1|184|0|0|
62|222|240|1|184|0|0|
62|222|210|1|184|0|0|
62|222|240|1|184|0|0|
62|222|240|1|184|0|0|
62|221|210|1|184|0|0|
62|222|210|1|184|0|0|
62|222|240|1|184|0|0|
62|221|210|1|184|0|0|
62|229|210|2|204|0|0|
62|155|150|1|157|0|0|
62|222|240|1|184|0|0|
62|221|240|1|184|0|0|
62|221|240|1|184|0|0|
62|222|210|1|184|0|0|
62|154|150|1|157|0|0|
62|154|150|1|157|0|0|
62|222|210|1|184|0|0|
62|154|180|1|157|0|0|
62|155|120|1|157|0|0|
62|243|240|1|184|1|0|
62|221|210|1|184|0|0|
62|243|240|1|184|1|0|
62|176|180|1|157|1|0|
62|243|240|1|184|1|0|
62|222|240|1|184|0|0|
62|243|240|1|184|1|0|
62|254|270|2|206|1|0|
62|221|210|1|184|0|0|
62|221|240|1|184|0|0|
62|221|180|1|184|0|0|
62|221|210|1|184|0|0|
62|221|210|1|184|0|0|
62|221|240|1|184|0|0|
62|233|240|2|206|0|0|
62|221|240|1|184|0|0|
62|222|240|1|184|0|0|
62|222|240|1|184|0|0|
62|222|240|1|184|0|0|
62|221|240|1|184|0|0|
62|221|210|1|184|0|0|
62|222|210|1|184|0|0|
62|221|210|1|184|0|0|
62|221|240|1|184|0|0|
62|221|240|1|184|0|0|
62|221|240|1|184|0|0|
62|221|210|1|184|0|0|
62|221|240|1|184|0|0|
62|221|240|1|184|0|0|
62|222|240|1|184|0|0|
62|222|210|1|184|0|0|
62|222|210|1|184|0|0|
62|237|240|2|206|0|0|
62|221|240|1|184|0|0|
62|221|240|1|184|0|0|
62|222|240|1|184|0|0|
62|221|210|1|184|0|0|
62|154|150|1|157|0|0|
62|221|240|1|184|0|0|
62|222|240|1|184|0|0|
62|222|240|1|184|0|0|
62|221|240|1|184|0|0|
62|221|210|1|184|0|0|
62|221|210|1|184|0|0|
62|221|210|1|184|0|0|
62|221|240|1|184|0|0|
62|222|240|1|184|0|0|
62|221|210|1|184|0|0|
62|243|240|1|184|1|0|
62|243|270|1|184|1|0|
62|243|270|1|184|1|0|
62|243|270|1|184|1|0|
62|243|270|1|184|1|0|
62|243|240|1|184|1|0|
62|243|300|1|184|1|0|
62|243|270|1|184|1|0|
62|243|270|1|184|1|0|
62|243|270|1|184|1|0|
62|243|240|1|184|1|0|
62|243|270|1|184|1|0|
62|243|240|1|184|1|0|
62|243|240|1|184|1|0|
62|243|240|1|184|1|0|
62|222|240|1|184|0|0|
62|243|240|1|184|1|0|
62|243|240|1|184|1|0|
62|243|240|1|184|1|0|
62|243|240|1|184|1|0|
62|243|240|1|184|1|0|
62|243|240|1|184|1|0|
62|243|240|1|184|1|0|
62|243|240|1|184|1|0|
62|243|240|1|184|1|0|
62|243|240|1|184|1|0|
62|243|240|1|184|1|0|
62|236|210|2|206|0|0|
62|222|240|1|184|0|0|
62|221|210|1|184|0|0|
62|221|210|1|184|0|0|
62|221|240|1|184|0|0|
62|221|240|1|184|0|0|
62|221|240|1|184|0|0|
62|221|210|1|184|0|0|
62|221|240|1|184|0|0|
62|221|210|1|184|0|0|
62|221|240|1|184|0|0|
62|222|210|1|184|0|0|
62|221|240|1|184|0|0|
62|221|210|1|184|0|0|
62|221|240|1|184|0|0|
62|221|240|1|184|0|0|
62|222|240|1|184|0|0|
62|221|210|1|184|0|0|
62|155|150|1|157|0|0|
62|221|210|1|184|0|0|
62|229|270|2|204|0|0|
62|221|210|1|184|0|0|
62|221|210|1|184|0|0|
62|222|240|1|184|0|0|
62|222|240|1|184|0|0|
62|222|240|1|184|0|0|
62|222|240|1|184|0|0|
62|222|270|1|184|0|0|
62|238|240|2|206|0|0|
62|222|210|1|184|0|0|
62|222|210|1|184|0|0|
62|222|210|1|184|0|0|
62|222|210|1|184|0|0|
62|222|240|1|184|0|0|
62|222|240|1|184|0|0|
62|222|240|1|184|0|0|
62|222|240|1|184|0|0|
62|222|210|1|184|0|0|
62|222|210|1|184|0|0|
62|222|210|1|184|0|0|
62|222|240|1|184|0|0|
62|222|240|1|184|0|0|
62|222|240|1|184|0|0|
62|222|210|1|184|0|0|
62|154|150|1|157|0|0|
62|221|210|1|184|0|0|
62|222|210|1|184|0|0|
62|222|240|1|184|0|0|
62|222|240|1|184|0|0|
62|221|270|1|184|0|0|
62|243|270|1|184|1|0|
62|222|240|1|184|0|0|
62|222|240|1|184|0|0|
62|243|240|1|184|1|0|
62|243|270|1|184|1|0|
62|243|240|1|184|1|0|
62|243|270|1|184|1|0|
62|243|240|1|184|1|0|
62|243|210|1|184|1|0|
62|243|240|1|184|1|0|
62|243|270|1|184|1|0|
62|243|240|1|184|1|0|
62|243|240|1|184|1|0|
62|243|240|1|184|1|0|
62|243|240|1|184|1|0|
62|176|150|1|157|1|0|
62|243|240|1|184|1|0|
62|243|240|1|184|1|0|
62|176|180|1|157|1|0|
62|243|240|1|184|1|0|
62|243|240|1|184|1|0|
62|243|240|1|184|1|0|
62|243|240|1|184|1|0|
62|243|240|1|184|1|0|
62|176|180|1|157|1|0|
62|243|240|1|184|1|0|
62|154|120|1|157|0|0|
62|154|150|1|157|0|0|
62|154|120|1|157|0|0|
62|222|240|1|184|0|0|
62|222|240|1|184|0|0|
62|222|240|1|184|0|0|
62|154|150|1|157|0|0|
62|154|150|1|157|0|0|
62|222|240|1|184|0|0|
62|155|150|1|157|0|0|
62|155|150|1|157|0|0|
62|155|150|1|157|0|0|
62|222|210|1|184|0|0|
62|222|240|1|184|0|0|
62|222|210|1|184|0|0|
62|222|240|1|184|0|0|
62|155|150|1|157|0|0|
62|155|180|1|157|0|0|
62|222|240|1|184|0|0|
62|221|240|1|184|0|0|
62|221|210|1|184|0|0|
62|222|240|1|184|0|0|
62|221|210|1|184|0|0|
62|221|240|1|184|0|0|
62|221|240|1|184|0|0|
62|221|240|1|184|0|0|
62|222|240|1|184|0|0|
62|243|270|1|184|1|0|
62|222|240|1|184|0|0|
62|222|210|1|184|0|0|
62|221|210|1|184|0|0|
62|221|210|1|184|0|0|
62|222|240|1|184|0|0|
62|221|240|1|184|0|0|
62|221|240|1|184|0|0|
62|233|210|2|206|0|0|
62|222|240|1|184|0|0|
62|222|210|1|184|0|0|
62|222|240|1|184|0|0|
62|155|150|1|157|0|0|
62|155|180|1|157|0|0|
62|155|150|1|157|0|0|
62|155|150|1|157|0|0|
62|222|210|1|184|0|0|
62|222|210|1|184|0|0|
62|222|210|1|184|0|0|
62|222|210|1|184|0|0|
62|221|210|1|184|0|0|
62|222|240|1|184|0|0|
62|222|210|1|184|0|0|
62|222|240|1|184|0|0|
62|222|210|1|184|0|0|
62|222|240|1|184|0|0|
62|243|240|1|184|1|0|
62|243|240|1|184|1|0|
62|243|240|1|184|1|0|
62|243|240|1|184|1|0|
62|222|210|1|184|0|0|
62|222|210|1|184|0|0|
62|222|210|1|184|0|0|
62|243|240|1|184|1|0|
62|222|210|1|184|0|0|
62|222|210|1|184|0|0|
62|222|240|1|184|0|0|
62|222|240|1|184|0|0|
62|222|240|1|184|0|0|
62|222|210|1|184|0|0|
62|222|210|1|184|0|0|
62|176|180|1|157|1|0|
62|243|240|1|184|1|0|
62|243|240|1|184|1|0|
62|243|240|1|184|1|0|
62|243|270|1|184|1|0|
62|221|210|1|184|0|0|
62|243|240|1|184|1|0|
62|243|240|1|184|1|0|
62|243|240|1|184|1|0|
62|243|240|1|184|1|0|
62|222|210|1|184|0|0|
62|222|210|1|184|0|0|
62|222|210|1|184|0|0|
62|221|240|1|184|0|0|
62|221|240|1|184|0|0|
62|221|210|1|184|0|0|
62|243|270|1|184|1|0|
62|243|240|1|184|1|0|
62|243|240|1|184|1|0|
62|243|240|1|184|1|0|
62|243|240|1|184|1|0|
62|243|240|1|184|1|0|
62|243|270|1|184|1|0|
62|222|210|1|184|0|0|
62|221|240|1|184|0|0|
62|221|210|1|184|0|0|
62|221|210|1|184|0|0|
62|221|210|1|184|0|0|
62|221|240|1|184|0|0|
62|221|240|1|184|0|0|
62|221|210|1|184|0|0|
62|221|210|1|184|0|0|
62|222|210|1|184|0|0|
62|154|150|1|157|0|0|
62|155|150|1|157|0|0|
62|221|240|1|184|0|0|
62|229|270|2|204|0|0|
62|221|210|1|184|0|0|
62|222|210|1|184|0|0|
62|221|210|1|184|0|0|
62|222|240|1|184|0|0|
62|154|150|1|157|0|0|
62|154|150|1|157|0|0|
62|221|270|1|184|0|0|
62|221|270|1|184|0|0|
62|155|180|1|157|0|0|
62|154|150|1|157|0|0|
62|154|150|1|157|0|0|
62|222|270|1|184|0|0|
62|222|270|1|184|0|0|
62|222|240|1|184|0|0|
62|222|270|1|184|0|0|
62|222|270|1|184|0|0|
62|222|240|1|184|0|0|
62|222|240|1|184|0|0|
62|222|240|1|184|0|0|
62|222|270|1|184|0|0|
62|222|270|1|184|0|0|
62|222|240|1|184|0|0|
62|222|240|1|184|0|0|
62|222|240|1|184|0|0|
62|221|240|1|184|0|0|
62|222|240|1|184|0|0|
62|222|210|1|184|0|0|
62|222|210|1|184|0|0|
62|221|240|1|184|0|0|
62|222|240|1|184|0|0|
62|222|210|1|184|0|0|
62|222|240|1|184|0|0|
62|222|210|1|184|0|0|
62|222|240|1|184|0|0|
62|221|210|1|184|0|0|
62|221|210|1|184|0|0|
62|221|210|1|184|0|0|
62|222|240|1|184|0|0|
62|222|240|1|184|0|0|
62|222|240|1|184|0|0|
62|222|210|1|184|0|0|
62|221|210|1|184|0|0|
62|222|210|1|184|0|0|
62|222|210|1|184|0|0|
62|222|240|1|184|0|0|
62|222|210|1|184|0|0|
62|222|210|1|184|0|0|
62|222|240|1|184|0|0|
62|221|240|1|184|0|0|
62|221|210|1|184|0|0|
62|237|240|2|206|0|0|
62|155|150|1|157|0|0|
62|221|210|1|184|0|0|
62|221|210|1|184|0|0|
62|222|240|1|184|0|0|
62|155|120|1|157|0|0|
62|155|180|1|157|0|0|
62|229|240|2|204|0|0|
62|222|240|1|184|0|0|
62|222|210|1|184|0|0|
62|222|210|1|184|0|0|
62|222|240|1|184|0|0|
62|222|210|1|184|0|0|
62|222|240|1|184|0|0|
62|222|210|1|184|0|0|
62|222|210|1|184|0|0|
62|222|210|1|184|0|0|
62|222|210|1|184|0|0|
62|155|150|1|157|0|0|
62|176|150|1|157|1|0|
62|222|240|1|184|0|0|
62|222|210|1|184|0|0|
62|155|150|1|157|0|0|
62|222|180|1|184|0|0|
62|222|240|1|184|0|0|
62|221|180|1|184|0|0|
62|221|180|1|184|0|0|
62|221|210|1|184|0|0|
62|222|240|1|184|0|0|
62|222|240|1|184|0|0|
62|222|210|1|184|0|0|
62|222|210|1|184|0|0|
62|222|210|1|184|0|0|
62|221|180|1|184|0|0|
62|222|210|1|184|0|0|
62|222|210|1|184|0|0|
62|155|150|1|157|0|0|
62|222|210|1|184|0|0|
62|222|210|1|184|0|0|
62|222|240|1|184|0|0|
62|222|240|1|184|0|0|
62|222|240|1|184|0|0|
62|222|210|1|184|0|0|
62|222|210|1|184|0|0|
62|222|240|1|184|0|0|
62|222|240|1|184|0|0|
62|222|240|1|184|0|0|
62|221|210|1|184|0|0|
62|243|240|1|184|1|0|
62|243|240|1|184|1|0|
62|243|240|1|184|1|0|
62|243|240|1|184|1|0|
62|177|180|1|157|1|0|
62|243|240|1|184|1|0|
62|243|240|1|184|1|0|
62|243|240|1|184|1|0|
62|221|210|1|184|0|0|
