INSTRUCTIONS_RETIRED|CYCLES|UNKNOWN|LD_BLOCKS.STORE_FORWARD|UOPS_EXECUTED.CORE|BR_MISP_RETIRED.ALL_BRANCHES|UOPS_ISSUED.SINGLE_MUL|
137|369|330|1|261|0|0|
137|229|240|1|234|0|0|
137|354|360|1|261|0|0|
137|230|270|1|234|0|0|
137|296|270|1|261|0|0|
137|296|300|1|261|0|0|
137|296|300|1|261|0|0|
137|229|270|1|234|0|0|
137|296|300|1|261|0|0|
137|296|300|1|261|0|0|
137|229|240|1|234|0|0|
137|295|330|1|261|0|0|
137|228|240|1|234|0|0|
137|228|240|1|234|0|0|
137|228|240|1|234|0|0|
137|228|210|1|234|0|0|
137|228|270|1|234|0|0|
137|228|210|1|234|0|0|
137|228|240|1|234|0|0|
137|228|240|1|234|0|0|
137|228|240|1|234|0|0|
137|228|240|1|234|0|0|
137|228|270|1|234|0|0|
137|228|240|1|234|0|0|
137|228|240|1|234|0|0|
137|228|240|1|234|0|0|
137|228|210|1|234|0|0|
137|229|210|1|234|0|0|
137|229|210|1|234|0|0|
137|228|210|1|234|0|0|
137|228|240|1|234|0|0|
137|228|270|1|234|0|0|
137|228|240|1|234|0|0|
137|295|300|1|261|0|0|
137|228|210|1|234|0|0|
137|228|210|1|234|0|0|
137|295|300|1|261|0|0|
137|228|210|1|234|0|0|
137|228|210|1|234|0|0|
137|295|300|1|261|0|0|
137|295|300|1|261|0|0|
137|228|240|1|234|0|0|
137|228|210|1|234|0|0|
137|228|210|1|234|0|0|
137|228|240|1|234|0|0|
137|228|210|1|234|0|0|
137|228|210|1|234|0|0|
137|295|270|1|261|0|0|
137|228|210|1|234|0|0|
137|228|270|1|234|0|0|
137|228|270|1|234|0|0|
137|228|240|1|234|0|0|
137|228|240|1|234|0|0|
137|228|210|1|234|0|0|
137|229|210|1|234|0|0|
137|228|210|1|234|0|0|
137|229|240|1|234|0|0|
137|229|210|1|234|0|0|
137|296|300|1|261|0|0|
137|229|210|1|234|0|0|
137|228|240|1|234|0|0|
137|296|300|1|261|0|0|
137|229|240|1|234|0|0|
137|296|270|1|261|0|0|
137|296|270|1|261|0|0|
137|296|270|1|261|0|0|
137|229|240|1|234|0|0|
137|296|300|1|261|0|0|
137|296|300|1|261|0|0|
137|229|240|1|234|0|0|
137|229|210|1|234|0|0|
137|296|270|1|261|0|0|
137|229|210|1|234|0|0|
137|228|210|1|234|0|0|
137|228|240|1|234|0|0|
137|228|210|1|234|0|0|
137|229|210|1|234|0|0|
137|228|210|1|234|0|0|
137|228|210|1|234|0|0|
137|228|240|1|234|0|0|
137|228|210|1|234|0|0|
137|228|240|1|234|0|0|
137|295|270|1|261|0|0|
137|228|210|1|234|0|0|
137|228|210|1|234|0|0|
137|228|210|1|234|0|0|
137|228|210|1|234|0|0|
137|228|210|1|234|0|0|
137|228|210|1|234|0|0|
137|228|210|1|234|0|0|
137|228|210|1|234|0|0|
137|228|210|1|234|0|0|
137|228|210|1|234|0|0|
137|228|210|1|234|0|0|
137|228|210|1|234|0|0|
137|228|210|1|234|0|0|
137|228|210|1|234|0|0|
137|228|210|1|234|0|0|
137|228|210|1|234|0|0|
137|228|240|1|234|0|0|
137|228|240|1|234|0|0|
137|228|210|1|234|0|0|
137|228|210|1|234|0|0|
137|228|210|1|234|0|0|
137|228|210|1|234|0|0|
137|228|240|1|234|0|0|
137|228|210|1|234|0|0|
137|228|210|1|234|0|0|
137|228|240|1|234|0|0|
137|228|210|1|234|0|0|
137|228|210|1|234|0|0|
137|228|210|1|234|0|0|
137|228|210|1|234|0|0|
137|295|300|1|261|0|0|
137|229|240|1|234|0|0|
137|229|270|1|234|0|0|
137|235|240|1|234|0|0|
137|427|420|1|230|1|0|
137|252|270|1|232|1|0|
137|251|270|1|232|1|0|
137|318|360|1|259|1|0|
137|301|300|1|261|0|0|
137|301|270|1|261|0|0|
137|302|300|1|261|0|0|
137|302|300|1|261|0|0|
137|302|330|1|261|0|0|
137|302|330|1|259|0|0|
137|302|300|1|259|0|0|
137|302|300|1|259|0|0|
137|302|300|1|259|0|0|
137|302|300|1|259|0|0|
137|302|270|1|259|0|0|
137|302|270|1|259|0|0|
137|302|330|1|259|0|0|
137|302|300|1|259|0|0|
137|302|270|1|259|0|0|
137|302|300|1|259|0|0|
137|302|300|1|259|0|0|
137|302|300|1|259|0|0|
137|302|270|1|259|0|0|
137|302|300|1|259|0|0|
137|228|210|1|234|0|0|
137|296|270|1|259|0|0|
137|295|300|1|261|0|0|
137|295|330|1|261|0|0|
137|295|270|1|261|0|0|
137|295|330|1|261|0|0|
137|295|300|1|261|0|0|
137|296|270|1|259|0|0|
137|296|300|1|259|0|0|
137|296|300|1|259|0|0|
137|296|270|1|259|0|0|
137|296|270|1|259|0|0|
137|296|270|1|259|0|0|
137|296|300|1|259|0|0|
137|296|300|1|259|0|0|
137|296|330|1|259|0|0|
137|296|300|1|259|0|0|
137|296|300|1|259|0|0|
137|296|300|1|259|0|0|
137|296|300|1|259|0|0|
137|296|300|1|259|0|0|
137|297|330|1|259|0|0|
137|296|270|1|259|0|0|
137|296|300|1|259|0|0|
137|296|270|1|259|0|0|
137|295|270|1|261|0|0|
137|229|210|1|234|0|0|
137|296|270|1|261|0|0|
137|229|270|1|234|0|0|
137|229|240|1|234|0|0|
137|229|240|1|234|0|0|
137|295|330|1|261|0|0|
137|250|240|1|232|1|0|
137|228|210|1|234|0|0|
137|228|210|1|234|0|0|
137|295|270|1|261|0|0|
137|228|240|1|234|0|0|
137|228|210|1|234|0|0|
137|228|240|1|234|0|0|
137|228|210|1|234|0|0|
137|296|270|1|261|0|0|
137|228|240|1|234|0|0|
137|228|210|1|234|0|0|
137|229|210|1|234|0|0|
137|228|210|1|234|0|0|
137|229|240|1|234|0|0|
137|228|270|1|234|0|0|
137|228|240|1|234|0|0|
137|228|210|1|234|0|0|
137|228|240|1|234|0|0|
137|228|210|1|234|0|0|
137|229|210|1|234|0|0|
137|228|210|1|234|0|0|
137|228|210|1|234|0|0|
137|228|240|1|234|0|0|
137|228|270|1|234|0|0|
137|228|210|1|234|0|0|
137|295|300|1|261|0|0|
137|228|210|1|234|0|0|
137|295|300|1|261|0|0|
137|228|210|1|234|0|0|
137|229|210|1|234|0|0|
137|317|300|1|259|1|0|
137|296|300|1|261|0|0|
137|296|300|1|261|0|0|
137|230|210|1|234|0|0|
137|230|240|1|234|0|0|
137|229|240|1|234|0|0|
137|229|210|1|234|0|0|
137|230|210|1|234|0|0|
137|229|210|1|234|0|0|
137|296|330|1|261|0|0|
137|296|270|1|261|0|0|
137|229|210|1|234|0|0|
137|228|240|1|234|0|0|
137|228|210|1|234|0|0|
137|228|240|1|234|0|0|
137|228|240|1|234|0|0|
137|228|240|1|234|0|0|
137|228|240|1|234|0|0|
137|295|300|1|261|0|0|
137|228|240|1|234|0|0|
137|228|210|1|234|0|0|
137|228|240|1|234|0|0|
137|311|270|1|276|0|0|
137|296|270|1|261|0|0|
137|296|270|1|261|0|0|
137|228|240|1|234|0|0|
137|296|270|1|261|0|0|
137|295|300|1|261|0|0|
137|295|270|1|261|0|0|
137|296|300|1|261|0|0|
137|295|270|1|261|0|0|
137|228|210|1|234|0|0|
137|295|300|1|261|0|0|
137|228|210|1|234|0|0|
137|228|240|1|234|0|0|
137|295|270|1|261|0|0|
137|295|330|1|261|0|0|
137|295|300|1|261|0|0|
137|295|300|1|261|0|0|
137|228|210|1|234|0|0|
137|228|210|1|234|0|0|
137|228|210|1|234|0|0|
137|228|210|1|234|0|0|
137|296|270|1|261|0|0|
137|295|270|1|261|0|0|
137|228|210|1|234|0|0|
137|295|300|1|261|0|0|
137|228|240|1|234|0|0|
137|228|210|1|234|0|0|
137|295|300|1|261|0|0|
137|295|300|1|261|0|0|
137|295|270|1|261|0|0|
137|229|210|1|234|0|0|
137|296|270|1|261|0|0|
137|296|300|1|261|0|0|
137|228|210|1|234|0|0|
137|295|300|1|261|0|0|
137|295|300|1|261|0|0|
137|295|330|1|261|0|0|
137|228|270|1|234|0|0|
137|295|300|1|261|0|0|
137|295|270|1|261|0|0|
137|295|270|1|261|0|0|
137|228|210|1|234|0|0|
137|295|270|1|261|0|0|
137|228|240|1|234|0|0|
137|228|210|1|234|0|0|
137|295|300|1|261|0|0|
137|295|270|1|261|0|0|
137|295|270|1|261|0|0|
137|295|300|1|261|0|0|
137|295|270|1|261|0|0|
137|295|270|1|261|0|0|
137|228|240|1|234|0|0|
137|295|300|1|261|0|0|
137|295|300|1|261|0|0|
137|296|270|1|261|0|0|
137|228|210|1|234|0|0|
137|228|240|1|234|0|0|
137|295|300|1|261|0|0|
137|295|300|1|261|0|0|
137|295|300|1|261|0|0|
137|295|270|1|261|0|0|
137|295|300|1|261|0|0|
137|295|300|1|261|0|0|
137|295|300|1|261|0|0|
137|396|390|1|261|0|0|
137|296|300|1|261|0|0|
137|296|300|1|261|0|0|
137|296|300|1|261|0|0|
137|296|330|1|261|0|0|
137|317|300|1|259|1|0|
137|317|300|1|259|1|0|
137|251|270|1|232|1|0|
137|318|300|1|259|1|0|
137|318|300|1|259|1|0|
137|318|300|1|259|1|0|
137|318|300|1|259|1|0|
137|318|330|1|259|1|0|
137|318|300|1|259|1|0|
137|251|240|1|232|1|0|
137|318|330|1|259|1|0|
137|251|240|1|232|1|0|
137|318|300|1|259|1|0|
137|251|240|1|232|1|0|
137|237|270|1|234|0|0|
137|296|300|1|261|0|0|
137|296|270|1|261|0|0|
137|296|300|1|261|0|0|
137|229|210|1|234|0|0|
137|296|330|1|261|0|0|
137|296|300|1|261|0|0|
137|296|270|1|261|0|0|
137|295|300|1|261|0|0|
137|295|300|1|261|0|0|
137|229|210|1|234|0|0|
137|228|270|1|234|0|0|
137|295|330|1|261|0|0|
137|311|300|1|276|0|0|
137|407|420|1|230|1|0|
137|235|240|1|234|0|0|
137|235|210|1|234|0|0|
137|229|240|1|234|0|0|
137|296|270|1|261|0|0|
137|229|270|1|234|0|0|
137|295|270|1|261|0|0|
137|228|210|1|234|0|0|
137|230|210|1|234|0|0|
137|295|450|1|261|0|0|
137|302|360|1|261|0|0|
137|295|270|1|261|0|0|
137|228|300|1|234|0|0|
137|296|330|1|261|0|0|
137|296|330|1|261|0|0|
137|230|330|1|234|0|0|
137|296|360|1|261|0|0|
137|295|360|1|261|0|0|
137|230|300|1|234|0|0|
137|296|360|1|261|0|0|
137|296|360|1|261|0|0|
137|296|300|1|261|0|0|
137|229|210|1|234|0|0|
137|251|240|1|232|1|0|
137|251|240|1|232|1|0|
137|252|240|1|232|1|0|
137|251|240|1|232|1|0|
137|251|240|1|232|1|0|
137|295|300|1|261|0|0|
137|295|270|1|261|0|0|
137|295|300|1|261|0|0|
137|295|330|1|261|0|0|
137|295|270|1|261|0|0|
137|295|270|1|261|0|0|
137|295|300|1|261|0|0|
137|295|270|1|261|0|0|
137|295|300|1|261|0|0|
137|295|270|1|261|0|0|
137|295|300|1|261|0|0|
137|295|300|1|261|0|0|
137|296|270|1|259|0|0|
137|296|300|1|259|0|0|
137|295|270|1|261|0|0|
137|296|300|1|259|0|0|
137|295|300|1|261|0|0|
137|296|360|1|259|0|0|
137|296|330|1|259|0|0|
137|296|300|1|259|0|0|
137|302|360|1|259|0|0|
137|296|330|1|259|0|0|
137|296|330|1|259|0|0|
137|296|360|1|259|0|0|
137|296|300|1|259|0|0|
137|296|300|1|259|0|0|
137|296|300|1|259|0|0|
137|296|330|1|259|0|0|
137|296|300|1|259|0|0|
137|295|300|1|261|0|0|
137|296|300|1|259|0|0|
137|295|330|1|261|0|0|
137|295|300|1|261|0|0|
137|295|330|1|261|0|0|
137|295|300|1|261|0|0|
137|295|300|1|261|0|0|
137|295|330|1|261|0|0|
137|302|330|1|261|0|0|
137|302|330|1|261|0|0|
137|302|300|1|259|0|0|
137|302|300|1|259|0|0|
137|296|270|1|259|0|0|
137|296|270|1|259|0|0|
137|296|300|1|259|0|0|
137|296|300|1|259|0|0|
137|296|300|1|259|0|0|
137|296|270|1|259|0|0|
137|296|270|1|259|0|0|
137|296|300|1|259|0|0|
137|296|300|1|259|0|0|
137|296|270|1|259|0|0|
137|302|300|1|259|0|0|
137|296|300|1|259|0|0|
137|251|240|1|232|1|0|
137|228|210|1|234|0|0|
137|295|330|1|261|0|0|
137|251|240|1|232|1|0|
137|251|240|1|232|1|0|
137|296|300|1|259|0|0|
137|295|300|1|261|0|0|
137|295|270|1|261|0|0|
137|251|240|1|232|1|0|
137|301|300|1|261|0|0|
137|301|300|1|261|0|0|
137|251|270|1|232|1|0|
137|295|270|1|261|0|0|
137|251|270|1|232|1|0|
137|295|300|1|261|0|0|
137|251|240|1|232|1|0|
137|296|300|1|259|0|0|
137|295|300|1|261|0|0|
137|295|300|1|261|0|0|
137|296|270|1|259|0|0|
137|295|300|1|261|0|0|
137|295|330|1|261|0|0|
137|296|270|1|259|0|0|
137|295|300|1|261|0|0|
137|296|330|1|259|0|0|
137|295|300|1|261|0|0|
137|295|270|1|261|0|0|
137|296|300|1|259|0|0|
137|295|270|1|261|0|0|
137|301|330|1|261|0|0|
137|296|300|1|259|0|0|
137|296|300|1|259|0|0|
137|296|270|1|259|0|0|
137|296|300|1|259|0|0|
137|296|300|1|259|0|0|
137|302|300|1|259|0|0|
137|302|300|1|259|0|0|
137|302|330|1|259|0|0|
137|302|330|1|259|0|0|
137|302|300|1|259|0|0|
137|296|300|1|259|0|0|
137|296|300|1|259|0|0|
137|295|300|1|261|0|0|
137|295|270|1|261|0|0|
137|296|300|1|259|0|0|
137|302|300|1|259|0|0|
137|302|330|1|259|0|0|
137|302|330|1|259|0|0|
137|302|270|1|259|0|0|
137|302|300|1|259|0|0|
137|302|300|1|259|0|0|
137|302|330|1|259|0|0|
137|296|330|1|259|0|0|
137|296|270|1|259|0|0|
137|257|240|1|232|1|0|
137|295|330|1|261|0|0|
137|295|300|1|261|0|0|
137|295|270|1|261|0|0|
137|296|300|1|259|0|0|
137|296|300|1|259|0|0|
137|295|270|1|261|0|0|
137|295|300|1|261|0|0|
137|295|300|1|261|0|0|
137|295|270|1|261|0|0|
137|295|300|1|261|0|0|
137|295|330|1|261|0|0|
137|296|300|1|259|0|0|
137|295|270|1|261|0|0|
137|296|270|1|259|0|0|
137|296|300|1|259|0|0|
137|317|300|1|274|0|0|
137|251|240|1|232|1|0|
137|251|240|1|232|1|0|
137|295|300|1|261|0|0|
137|295|300|1|261|0|0|
137|296|300|1|259|0|0|
137|295|270|1|261|0|0|
137|295|300|1|261|0|0|
137|251|270|1|232|1|0|
137|295|270|1|261|0|0|
137|295|300|1|261|0|0|
137|295|300|1|261|0|0|
137|295|300|1|261|0|0|
137|296|330|1|259|0|0|
137|229|240|1|232|0|0|
137|228|240|1|234|0|0|
137|295|300|1|261|0|0|
137|296|330|1|259|0|0|
137|296|300|1|259|0|0|
137|296|270|1|259|0|0|
137|296|300|1|259|0|0|
137|295|270|1|261|0|0|
137|295|300|1|261|0|0|
137|296|300|1|259|0|0|
137|296|270|1|259|0|0|
137|295|300|1|261|0|0|
137|419|420|1|230|1|0|
137|318|330|1|259|1|0|
137|295|270|1|261|0|0|
137|296|300|1|259|0|0|
137|251|240|1|232|1|0|
137|295|330|1|261|0|0|
137|252|270|1|232|1|0|
137|251|240|1|232|1|0|
137|251|240|1|232|1|0|
137|251|270|1|232|1|0|
137|251|240|1|232|1|0|
137|251|240|1|232|1|0|
137|251|240|1|232|1|0|
137|252|240|1|232|1|0|
137|295|270|1|261|0|0|
137|296|300|1|259|0|0|
137|295|300|1|261|0|0|
137|295|300|1|261|0|0|
137|295|270|1|261|0|0|
137|295|300|1|261|0|0|
137|296|300|1|259|0|0|
137|296|300|1|259|0|0|
137|296|300|1|259|0|0|
137|296|300|1|259|0|0|
137|296|270|1|259|0|0|
137|296|270|1|259|0|0|
137|301|300|1|261|0|0|
137|296|270|1|259|0|0|
137|296|300|1|259|0|0|
137|296|300|1|259|0|0|
137|296|300|1|259|0|0|
137|296|300|1|259|0|0|
137|296|300|1|259|0|0|
137|296|270|1|259|0|0|
137|296|330|1|259|0|0|
137|296|270|1|259|0|0|
137|296|300|1|259|0|0|
137|296|270|1|259|0|0|
137|317|360|1|259|1|0|
137|403|420|1|232|0|0|
137|295|300|1|261|0|0|
137|295|300|1|261|0|0|
137|296|300|1|259|0|0|
137|295|300|1|261|0|0|
137|296|330|1|259|0|0|
137|296|270|1|259|0|0|
137|295|300|1|261|0|0|
137|304|330|1|269|0|0|
137|295|300|1|261|0|0|
137|295|300|1|261|0|0|
137|295|300|1|261|0|0|
137|296|300|1|259|0|0|
137|295|300|1|261|0|0|
137|295|270|1|261|0|0|
137|295|270|1|261|0|0|
137|302|330|1|259|0|0|
137|296|300|1|261|0|0|
137|229|210|1|234|0|0|
137|297|300|1|261|0|0|
137|230|240|1|234|0|0|
137|296|270|1|261|0|0|
137|229|210|1|234|0|0|
137|296|270|1|261|0|0|
137|229|240|1|234|0|0|
137|296|300|1|261|0|0|
137|230|210|1|234|0|0|
137|318|330|1|259|1|0|
137|296|270|1|261|0|0|
137|318|330|1|259|1|0|
137|318|300|1|259|1|0|
137|251|240|1|232|1|0|
137|318|300|1|259|1|0|
137|251|240|1|232|1|0|
137|251|240|1|232|1|0|
137|317|330|1|259|1|0|
137|295|300|1|261|0|0|
137|295|300|1|261|0|0|
137|229|240|1|234|0|0|
137|228|240|1|234|0|0|
137|235|240|1|234|0|0|
137|295|300|1|261|0|0|
137|228|210|1|234|0|0|
137|295|270|1|261|0|0|
137|228|210|1|234|0|0|
137|295|300|1|261|0|0|
137|295|300|1|261|0|0|
137|228|210|1|234|0|0|
137|295|300|1|261|0|0|
137|229|210|1|234|0|0|
137|296|300|1|261|0|0|
137|228|210|1|234|0|0|
137|295|300|1|261|0|0|
137|229|240|1|234|0|0|
137|228|210|1|234|0|0|
137|295|270|1|261|0|0|
137|295|300|1|261|0|0|
137|295|300|1|261|0|0|
137|295|300|1|261|0|0|
137|295|300|1|261|0|0|
137|228|240|1|234|0|0|
137|228|240|1|234|0|0|
137|296|300|1|261|0|0|
137|296|300|1|261|0|0|
137|230|240|1|234|0|0|
137|229|270|1|234|0|0|
137|296|270|1|261|0|0|
137|296|300|1|261|0|0|
137|229|210|1|234|0|0|
137|296|270|1|261|0|0|
137|296|300|1|261|0|0|
137|296|300|1|261|0|0|
137|229|240|1|234|0|0|
137|296|300|1|261|0|0|
137|295|300|1|261|0|0|
137|228|240|1|234|0|0|
137|228|210|1|234|0|0|
137|229|210|1|234|0|0|
137|296|300|1|261|0|0|
137|229|240|1|234|0|0|
137|296|300|1|261|0|0|
137|230|270|1|232|0|0|
137|229|270|1|234|0|0|
137|296|300|1|261|0|0|
137|296|270|1|261|0|0|
137|295|300|1|261|0|0|
137|228|240|1|234|0|0|
137|296|300|1|261|0|0|
137|295|270|1|261|0|0|
137|296|300|1|261|0|0|
137|295|330|1|261|0|0|
137|295|270|1|261|0|0|
137|295|300|1|261|0|0|
137|295|300|1|261|0|0|
137|295|300|1|261|0|0|
137|295|270|1|261|0|0|
137|295|300|1|261|0|0|
137|295|270|1|261|0|0|
137|295|270|1|261|0|0|
137|228|240|1|234|0|0|
137|228|240|1|234|0|0|
137|295|300|1|261|0|0|
137|228|240|1|234|0|0|
137|295|270|1|261|0|0|
137|228|210|1|234|0|0|
137|295|300|1|261|0|0|
137|295|300|1|261|0|0|
137|295|300|1|261|0|0|
137|295|300|1|261|0|0|
137|295|270|1|261|0|0|
137|295|300|1|261|0|0|
137|295|300|1|261|0|0|
137|295|270|1|261|0|0|
137|229|270|1|232|0|0|
137|295|300|1|261|0|0|
137|228|210|1|234|0|0|
137|295|270|1|261|0|0|
137|229|210|1|232|0|0|
137|295|300|1|261|0|0|
137|295|300|1|261|0|0|
137|228|210|1|234|0|0|
137|295|300|1|261|0|0|
137|295|300|1|261|0|0|
137|305|300|1|269|0|0|
137|228|210|1|234|0|0|
137|228|270|1|234|0|0|
137|228|240|1|234|0|0|
137|228|210|1|234|0|0|
137|228|240|1|234|0|0|
137|228|240|1|234|0|0|
137|228|240|1|234|0|0|
137|295|270|1|261|0|0|
137|295|270|1|261|0|0|
137|228|210|1|234|0|0|
137|228|240|1|234|0|0|
137|295|300|1|261|0|0|
137|295|300|1|261|0|0|
137|296|270|1|261|0|0|
137|229|240|1|232|0|0|
137|228|210|1|234|0|0|
137|228|210|1|234|0|0|
137|228|210|1|234|0|0|
137|228|210|1|234|0|0|
137|295|300|1|261|0|0|
137|295|300|1|261|0|0|
137|295|300|1|261|0|0|
137|229|210|1|234|0|0|
137|368|360|1|259|1|0|
137|318|330|1|259|1|0|
137|251|240|1|232|1|0|
137|435|420|1|259|1|0|
137|251|240|1|232|1|0|
137|318|300|1|259|1|0|
137|318|300|1|259|1|0|
137|318|300|1|259|1|0|
137|318|330|1|259|1|0|
137|318|300|1|259|1|0|
137|370|360|1|259|1|0|
137|318|300|1|259|1|0|
137|251|240|1|232|1|0|
137|318|300|1|259|1|0|
137|318|300|1|259|1|0|
137|318|330|1|259|1|0|
137|318|300|1|259|1|0|
137|318|300|1|259|1|0|
137|318|300|1|259|1|0|
137|318|300|1|259|1|0|
137|251|240|1|232|1|0|
137|251|240|1|232|1|0|
137|229|210|1|234|0|0|
137|296|330|1|261|0|0|
137|296|270|1|261|0|0|
137|296|300|1|261|0|0|
137|296|270|1|259|0|0|
137|295|270|1|261|0|0|
137|296|270|1|261|0|0|
137|296|270|1|261|0|0|
137|295|300|1|261|0|0|
137|295|300|1|261|0|0|
137|405|390|1|232|0|0|
137|228|270|1|234|0|0|
137|228|270|1|234|0|0|
137|228|270|1|234|0|0|
137|295|270|1|261|0|0|
137|295|300|1|261|0|0|
137|295|270|1|261|0|0|
137|295|330|1|261|0|0|
137|295|300|1|261|0|0|
137|295|300|1|261|0|0|
137|295|270|1|261|0|0|
137|295|300|1|261|0|0|
137|295|300|1|261|0|0|
137|295|300|1|261|0|0|
137|295|300|1|261|0|0|
137|295|300|1|261|0|0|
137|228|210|1|234|0|0|
137|295|300|1|261|0|0|
137|295|300|1|261|0|0|
137|228|240|1|234|0|0|
137|295|300|1|261|0|0|
137|228|210|1|234|0|0|
137|295|300|1|261|0|0|
137|295|270|1|261|0|0|
137|296|300|1|261|0|0|
137|296|270|1|261|0|0|
137|295|270|1|261|0|0|
137|228|240|1|234|0|0|
137|228|210|1|234|0|0|
137|296|300|1|259|0|0|
137|228|240|1|234|0|0|
137|295|300|1|261|0|0|
137|228|240|1|234|0|0|
137|228|210|1|234|0|0|
137|228|210|1|234|0|0|
137|228|270|1|234|0|0|
137|229|240|1|234|0|0|
137|228|210|1|234|0|0|
137|229|210|1|234|0|0|
137|295|300|1|261|0|0|
137|228|210|1|234|0|0|
137|318|330|1|259|1|0|
137|318|300|1|259|1|0|
137|250|240|1|232|1|0|
137|317|330|1|259|1|0|
137|317|330|1|259|1|0|
137|295|270|1|261|0|0|
137|295|270|1|261|0|0|
137|296|300|1|261|0|0|
137|295|300|1|261|0|0|
137|295|270|1|261|0|0|
137|295|300|1|261|0|0|
137|228|240|1|234|0|0|
137|295|300|1|261|0|0|
137|295|300|1|261|0|0|
137|229|240|1|234|0|0|
137|229|240|1|234|0|0|
137|296|270|1|261|0|0|
137|295|300|1|261|0|0|
137|228|210|1|234|0|0|
137|295|270|1|261|0|0|
137|295|270|1|261|0|0|
137|228|240|1|234|0|0|
137|228|240|1|234|0|0|
137|295|270|1|261|0|0|
137|229|240|1|234|0|0|
137|296|270|1|261|0|0|
137|296|300|1|261|0|0|
137|229|240|1|234|0|0|
137|296|300|1|261|0|0|
137|296|300|1|261|0|0|
137|229|240|1|234|0|0|
137|228|210|1|234|0|0|
137|295|270|1|261|0|0|
137|295|300|1|261|0|0|
137|295|300|1|261|0|0|
137|296|300|1|261|0|0|
137|230|240|1|234|0|0|
137|296|300|1|261|0|0|
137|295|300|1|261|0|0|
137|228|240|1|234|0|0|
137|228|240|1|234|0|0|
137|228|210|1|234|0|0|
137|295|270|1|261|0|0|
137|228|210|1|234|0|0|
137|295|300|1|261|0|0|
137|295|300|1|261|0|0|
137|228|240|1|234|0|0|
137|295|330|1|261|0|0|
137|228|210|1|234|0|0|
137|228|210|1|234|0|0|
137|228|240|1|234|0|0|
137|295|300|1|261|0|0|
137|228|240|1|234|0|0|
137|295|300|1|261|0|0|
137|295|300|1|261|0|0|
137|228|240|1|234|0|0|
137|228|270|1|234|0|0|
137|228|210|1|234|0|0|
137|228|270|1|234|0|0|
137|295|270|1|261|0|0|
137|229|210|1|234|0|0|
137|295|270|1|261|0|0|
137|228|210|1|234|0|0|
137|295|270|1|261|0|0|
137|296|270|1|261|0|0|
137|228|240|1|234|0|0|
137|295|270|1|261|0|0|
137|228|240|1|234|0|0|
137|228|270|1|234|0|0|
137|228|210|1|234|0|0|
137|295|300|1|261|0|0|
137|228|210|1|234|0|0|
137|295|270|1|261|0|0|
137|229|210|1|234|0|0|
137|228|210|1|234|0|0|
137|295|300|1|261|0|0|
137|295|300|1|261|0|0|
137|296|270|1|261|0|0|
137|228|210|1|234|0|0|
137|228|240|1|234|0|0|
137|228|240|1|234|0|0|
137|295|300|1|261|0|0|
137|228|210|1|234|0|0|
137|295|300|1|261|0|0|
137|228|210|1|234|0|0|
137|295|300|1|261|0|0|
137|229|210|1|234|0|0|
137|229|210|1|234|0|0|
137|295|300|1|261|0|0|
137|228|210|1|234|0|0|
137|295|270|1|261|0|0|
137|296|300|1|261|0|0|
137|231|210|1|232|0|0|
137|229|210|1|232|0|0|
137|296|300|1|261|0|0|
137|295|300|1|261|0|0|
137|229|240|1|232|0|0|
137|229|210|1|232|0|0|
137|229|210|1|232|0|0|
137|295|270|1|261|0|0|
137|229|210|1|232|0|0|
137|229|270|1|232|0|0|
137|295|300|1|261|0|0|
137|295|300|1|261|0|0|
137|235|240|1|232|0|0|
137|229|210|1|232|0|0|
137|229|240|1|232|0|0|
137|229|210|1|232|0|0|
137|229|210|1|232|0|0|
137|229|240|1|232|0|0|
137|295|330|1|261|0|0|
137|229|210|1|232|0|0|
137|229|240|1|232|0|0|
137|228|210|1|234|0|0|
137|296|270|1|259|0|0|
137|228|210|1|234|0|0|
137|295|300|1|261|0|0|
137|295|300|1|261|0|0|
137|228|210|1|234|0|0|
137|295|270|1|261|0|0|
137|228|210|1|234|0|0|
137|228|240|1|234|0|0|
137|228|210|1|234|0|0|
137|229|240|1|234|0|0|
137|228|210|1|234|0|0|
137|295|300|1|261|0|0|
137|228|240|1|234|0|0|
137|228|210|1|234|0|0|
137|295|330|1|261|0|0|
137|228|210|1|234|0|0|
137|228|210|1|234|0|0|
137|295|270|1|261|0|0|
137|228|210|1|234|0|0|
137|228|210|1|234|0|0|
137|295|270|1|261|0|0|
137|228|240|1|234|0|0|
137|296|300|1|259|0|0|
137|295|270|1|261|0|0|
137|228|210|1|234|0|0|
137|228|210|1|234|0|0|
137|228|240|1|234|0|0|
137|229|240|1|234|0|0|
137|295|270|1|261|0|0|
137|228|210|1|234|0|0|
137|228|210|1|234|0|0|
137|295|300|1|261|0|0|
137|228|240|1|234|0|0|
137|228|210|1|234|0|0|
137|229|210|1|234|0|0|
137|228|210|1|234|0|0|
137|228|270|1|234|0|0|
137|295|270|1|261|0|0|
137|228|210|1|234|0|0|
137|228|270|1|234|0|0|
137|228|240|1|234|0|0|
137|295|270|1|261|0|0|
137|228|240|1|234|0|0|
137|228|210|1|234|0|0|
137|228|240|1|234|0|0|
137|229|210|1|234|0|0|
137|229|240|1|234|0|0|
137|228|210|1|234|0|0|
137|296|270|1|261|0|0|
137|295|300|1|261|0|0|
137|228|240|1|234|0|0|
137|228|240|1|234|0|0|
137|228|240|1|234|0|0|
137|228|210|1|234|0|0|
137|295|270|1|261|0|0|
137|297|300|1|261|0|0|
137|229|240|1|234|0|0|
137|296|270|1|261|0|0|
137|296|300|1|261|0|0|
137|229|210|1|234|0|0|
137|229|240|1|234|0|0|
137|228|210|1|234|0|0|
137|228|210|1|234|0|0|
137|295|270|1|261|0|0|
137|296|270|1|261|0|0|
137|313|330|1|270|0|0|
137|296|300|1|261|0|0|
137|296|300|1|259|0|0|
137|296|300|1|261|0|0|
137|296|300|1|261|0|0|
137|296|300|1|261|0|0|
137|295|300|1|261|0|0|
137|228|240|1|234|0|0|
137|296|300|1|261|0|0|
137|296|300|1|261|0|0|
137|230|240|1|234|0|0|
137|296|300|1|261|0|0|
137|296|270|1|261|0|0|
137|229|240|1|234|0|0|
137|229|210|1|234|0|0|
137|295|270|1|261|0|0|
137|304|300|1|269|0|0|
137|228|240|1|234|0|0|
137|295|300|1|261|0|0|
137|295|270|1|261|0|0|
137|295|300|1|261|0|0|
137|295|330|1|261|0|0|
137|229|240|1|234|0|0|
137|229|210|1|234|0|0|
137|251|240|1|232|1|0|
137|228|240|1|234|0|0|
137|296|300|1|261|0|0|
137|303|300|1|261|0|0|
137|318|330|1|259|1|0|
137|296|300|1|261|0|0|
137|296|300|1|261|0|0|
137|229|210|1|234|0|0|
137|251|270|1|232|1|0|
137|228|240|1|234|0|0|
137|295|270|1|261|0|0|
137|295|300|1|261|0|0|
137|295|300|1|261|0|0|
137|296|330|1|261|0|0|
137|295|300|1|261|0|0|
137|295|270|1|261|0|0|
137|295|300|1|261|0|0|
137|295|300|1|261|0|0|
137|296|300|1|261|0|0|
137|295|300|1|261|0|0|
137|295|300|1|261|0|0|
137|228|210|1|234|0|0|
137|229|240|1|232|0|0|
137|295|270|1|261|0|0|
137|295|330|1|261|0|0|
137|295|300|1|261|0|0|
137|297|300|1|261|0|0|
137|230|210|1|232|0|0|
137|229|210|1|232|0|0|
137|229|270|1|232|0|0|
137|228|240|1|234|0|0|
137|295|300|1|261|0|0|
137|296|300|1|261|0|0|
137|296|300|1|261|0|0|
137|230|210|1|234|0|0|
137|296|300|1|261|0|0|
137|229|210|1|234|0|0|
137|296|300|1|261|0|0|
137|296|300|1|261|0|0|
