INSTRUCTIONS_RETIRED|CYCLES|UNKNOWN|LD_BLOCKS.STORE_FORWARD|UOPS_EXECUTED.CORE|BR_MISP_RETIRED.ALL_BRANCHES|UOPS_ISSUED.SINGLE_MUL|
124|381|360|1|246|1|0|
124|306|300|1|246|1|0|
124|305|300|1|246|1|0|
124|305|330|1|246|1|0|
124|305|330|1|246|1|0|
124|238|240|1|219|1|0|
124|305|330|1|246|1|0|
124|305|300|1|246|1|0|
124|414|420|1|217|1|0|
124|306|300|1|246|1|0|
124|354|360|1|247|1|0|
124|305|300|1|246|1|0|
124|374|360|1|247|1|0|
124|238|240|1|219|1|0|
124|305|300|1|246|1|0|
124|238|270|1|219|1|0|
124|305|300|1|246|1|0|
124|238|240|1|219|1|0|
124|239|240|1|219|1|0|
124|305|300|1|246|1|0|
124|305|300|1|246|1|0|
124|238|240|1|219|1|0|
124|239|240|1|219|1|0|
124|305|300|1|246|1|0|
124|306|300|1|246|1|0|
124|702|690|1|246|1|0|
124|305|300|1|246|1|0|
124|306|330|1|246|1|0|
124|305|300|1|246|1|0|
124|305|300|1|246|1|0|
124|410|420|1|247|1|0|
124|305|330|1|246|1|0|
124|400|390|1|247|1|0|
124|370|360|1|246|1|0|
124|346|330|1|218|1|0|
124|284|300|1|246|0|0|
124|238|240|1|219|1|0|
124|305|300|1|246|1|0|
124|238|240|1|219|1|0|
124|305|300|1|246|1|0|
124|239|270|1|219|1|0|
124|456|450|1|247|1|0|
124|355|390|1|247|1|0|
124|305|300|1|246|1|0|
124|488|510|2|330|1|0|
124|239|240|1|219|1|0|
124|305|300|1|246|1|0|
124|239|210|1|219|1|0|
124|356|390|1|247|1|0|
124|305|300|1|246|1|0|
124|305|330|1|246|1|0|
124|238|240|1|219|1|0|
124|305|300|1|246|1|0|
124|239|240|1|219|1|0|
124|305|300|1|246|1|0|
124|239|240|1|219|1|0|
124|305|330|1|246|1|0|
124|305|300|1|246|1|0|
124|239|240|1|219|1|0|
124|239|270|1|219|1|0|
124|305|300|1|246|1|0|
124|239|240|1|219|1|0|
124|239|240|1|219|1|0|
124|239|240|1|219|1|0|
124|240|240|1|219|1|0|
124|305|300|1|246|1|0|
124|239|240|1|219|1|0|
124|305|300|1|246|1|0|
124|239|240|1|219|1|0|
124|238|240|1|219|1|0|
124|392|390|1|247|1|0|
124|306|330|1|246|1|0|
124|348|390|1|247|1|0|
124|305|300|1|246|1|0|
124|239|210|1|219|1|0|
124|238|240|1|219|1|0|
124|390|390|1|247|1|0|
124|238|240|1|219|1|0|
124|306|300|1|246|1|0|
124|239|240|1|219|1|0|
124|238|270|1|219|1|0|
124|238|240|1|219|1|0|
124|305|300|1|246|1|0|
124|305|300|1|246|1|0|
124|305|300|1|246|1|0|
124|216|240|1|219|0|0|
124|284|270|1|246|0|0|
124|216|240|1|219|0|0|
124|371|360|1|247|0|0|
124|283|270|1|246|0|0|
124|284|270|1|246|0|0|
124|239|270|1|219|1|0|
124|306|300|1|246|1|0|
124|238|240|1|219|1|0|
124|305|300|1|246|1|0|
124|216|210|1|219|0|0|
124|284|270|1|246|0|0|
124|216|210|1|219|0|0|
124|284|270|1|246|0|0|
124|216|180|1|219|0|0|
124|284|300|1|246|0|0|
124|217|210|1|219|0|0|
124|284|300|1|246|0|0|
124|216|210|1|219|0|0|
124|284|270|1|246|0|0|
124|284|300|1|246|0|0|
124|283|270|1|246|0|0|
124|284|240|1|246|0|0|
124|283|270|1|246|0|0|
124|306|300|1|246|1|0|
124|306|300|1|246|1|0|
124|305|300|1|246|1|0|
124|305|300|1|246|1|0|
124|238|210|1|219|1|0|
124|305|300|1|246|1|0|
124|305|300|1|246|1|0|
124|305|300|1|246|1|0|
124|305|300|1|246|1|0|
124|238|240|1|219|1|0|
124|305|300|1|246|1|0|
124|238|210|1|219|1|0|
124|305|300|1|246|1|0|
124|239|240|1|219|1|0|
124|217|240|1|219|0|0|
124|217|210|1|219|0|0|
124|284|270|1|246|0|0|
124|216|210|1|219|0|0|
124|217|210|1|219|0|0|
124|284|270|1|246|0|0|
124|216|210|1|219|0|0|
124|216|210|1|219|0|0|
124|283|300|1|246|0|0|
124|216|210|1|219|0|0|
124|216|240|1|219|0|0|
124|216|240|1|219|0|0|
124|217|210|1|219|0|0|
124|217|210|1|219|0|0|
124|217|240|1|219|0|0|
124|217|180|1|219|0|0|
124|284|300|1|246|0|0|
124|217|240|1|219|0|0|
124|217|240|1|219|0|0|
124|1078|1080|1|247|1|0|
124|239|240|1|219|1|0|
124|216|210|1|219|0|0|
124|283|300|1|246|0|0|
124|216|210|1|219|0|0|
124|284|270|1|246|0|0|
124|216|210|1|219|0|0|
124|216|240|1|219|0|0|
124|283|270|1|246|0|0|
124|283|300|1|246|0|0|
124|340|330|1|247|0|0|
124|283|300|1|246|0|0|
124|283|300|1|246|0|0|
124|216|210|1|219|0|0|
124|216|210|1|219|0|0|
124|216|180|1|219|0|0|
124|216|240|1|219|0|0|
124|239|240|1|219|1|0|
124|305|300|1|246|1|0|
124|486|510|1|247|1|0|
124|305|300|1|246|1|0|
124|305|300|1|246|1|0|
124|238|240|1|219|1|0|
124|373|360|1|246|0|0|
124|217|210|1|219|0|0|
124|217|240|1|219|0|0|
124|216|240|1|219|0|0|
124|216|240|1|219|0|0|
124|216|210|1|219|0|0|
124|284|300|1|246|0|0|
124|217|210|1|219|0|0|
124|216|210|1|219|0|0|
124|285|300|1|246|0|0|
124|217|210|1|219|0|0|
124|217|240|1|219|0|0|
124|217|180|1|219|0|0|
124|568|600|1|218|0|0|
124|217|180|1|219|0|0|
124|217|210|1|219|0|0|
124|217|210|1|219|0|0|
124|217|210|1|219|0|0|
124|217|210|1|219|0|0|
124|217|210|1|219|0|0|
124|217|210|1|219|0|0|
124|217|210|1|219|0|0|
124|217|210|1|219|0|0|
124|216|210|1|219|0|0|
124|217|210|1|219|0|0|
124|216|240|1|219|0|0|
124|216|210|1|219|0|0|
124|217|210|1|219|0|0|
124|216|240|1|219|0|0|
124|217|240|1|219|0|0|
124|216|210|1|219|0|0|
124|217|210|1|219|0|0|
124|216|210|1|219|0|0|
124|216|240|1|219|0|0|
124|239|240|1|219|1|0|
124|239|210|1|219|1|0|
124|257|240|1|219|1|0|
124|238|270|1|219|1|0|
124|239|240|1|219|1|0|
124|239|240|1|219|1|0|
124|538|540|1|247|1|0|
124|238|240|1|219|1|0|
124|392|390|1|247|1|0|
124|305|300|1|246|1|0|
124|342|330|1|246|0|0|
124|283|270|1|246|0|0|
124|216|210|1|219|0|0|
124|305|300|1|246|1|0|
124|305|300|1|246|1|0|
124|305|300|1|246|1|0|
124|305|330|1|246|1|0|
124|393|390|1|218|1|0|
124|305|300|1|246|1|0|
124|238|240|1|219|1|0|
124|305|300|1|246|1|0|
124|306|330|1|246|1|0|
124|238|240|1|219|1|0|
124|305|300|1|246|1|0|
124|305|300|1|246|1|0|
124|238|270|1|219|1|0|
124|238|240|1|219|1|0|
124|392|390|1|247|1|0|
124|305|330|1|246|1|0|
124|238|240|1|219|1|0|
124|389|390|1|247|1|0|
124|238|210|1|219|1|0|
124|305|300|1|246|1|0|
124|239|210|1|219|1|0|
124|305|300|1|246|1|0|
124|305|300|1|246|1|0|
124|238|240|1|219|1|0|
124|305|300|1|246|1|0|
124|239|240|1|219|1|0|
124|305|300|1|246|1|0|
124|238|210|1|219|1|0|
124|410|390|1|246|1|0|
124|239|270|1|219|1|0|
124|239|240|1|219|1|0|
124|305|300|1|246|1|0|
124|239|240|1|219|1|0|
124|305|300|1|246|1|0|
124|306|300|1|246|1|0|
124|305|330|1|246|1|0|
124|216|240|1|219|0|0|
124|216|210|1|219|0|0|
124|217|210|1|219|0|0|
124|216|210|1|219|0|0|
124|217|210|1|219|0|0|
124|217|240|1|219|0|0|
124|217|210|1|219|0|0|
124|217|240|1|219|0|0|
124|217|210|1|219|0|0|
124|217|180|1|219|0|0|
124|217|210|1|219|0|0|
124|217|210|1|219|0|0|
124|216|210|1|219|0|0|
124|216|210|1|219|0|0|
124|217|240|1|219|0|0|
124|217|210|1|219|0|0|
124|216|210|1|219|0|0|
124|216|210|1|219|0|0|
124|217|210|1|219|0|0|
124|217|210|1|219|0|0|
124|216|210|1|219|0|0|
124|216|240|1|219|0|0|
124|217|240|1|219|0|0|
124|217|240|1|219|0|0|
124|216|210|1|219|0|0|
124|283|270|1|246|0|0|
124|283|270|1|246|0|0|
124|283|270|1|246|0|0|
124|284|330|1|246|0|0|
124|284|300|1|246|0|0|
124|283|270|1|246|0|0|
124|283|300|1|246|0|0|
124|283|270|1|246|0|0|
124|283|270|1|246|0|0|
124|283|300|1|246|0|0|
124|283|270|1|246|0|0|
124|216|210|1|219|0|0|
124|284|270|1|246|0|0|
124|305|300|1|246|1|0|
124|305|300|1|246|1|0|
124|305|300|1|246|1|0|
124|305|300|1|246|1|0|
124|239|240|1|219|1|0|
124|305|300|1|246|1|0|
124|305|300|1|246|1|0|
124|350|360|1|247|1|0|
124|305|300|1|246|1|0|
124|305|300|1|246|1|0|
124|394|420|1|247|1|0|
124|305|300|1|246|1|0|
124|355|360|1|247|1|0|
124|305|300|1|246|1|0|
124|388|390|1|247|1|0|
124|239|240|1|219|1|0|
124|305|300|1|246|1|0|
124|239|240|1|219|1|0|
124|284|270|1|246|0|0|
124|283|270|1|246|0|0|
124|283|300|1|246|0|0|
124|239|240|1|219|1|0|
124|305|300|1|246|1|0|
124|394|420|1|247|1|0|
124|306|360|1|246|1|0|
124|305|300|1|246|1|0|
124|346|330|1|247|1|0|
124|408|420|1|246|1|0|
124|306|300|1|246|1|0|
124|305|300|1|246|1|0|
124|305|330|1|246|1|0|
124|305|300|1|246|1|0|
124|305|300|1|246|1|0|
124|391|360|1|246|1|0|
124|238|240|1|219|1|0|
124|238|240|1|219|1|0|
124|217|210|1|219|0|0|
124|217|210|1|219|0|0|
124|217|240|1|219|0|0|
124|217|210|1|219|0|0|
124|218|240|1|219|0|0|
124|284|270|1|246|0|0|
124|216|210|1|219|0|0|
124|283|270|1|246|0|0|
124|283|270|1|246|0|0|
124|283|300|1|246|0|0|
124|284|300|1|246|0|0|
124|284|270|1|246|0|0|
124|284|300|1|246|0|0|
124|283|300|1|246|0|0|
124|283|300|1|246|0|0|
124|284|270|1|246|0|0|
124|284|270|1|246|0|0|
124|283|270|1|246|0|0|
124|284|300|1|246|0|0|
124|284|270|1|246|0|0|
124|283|270|1|246|0|0|
124|284|270|1|246|0|0|
124|284|270|1|246|0|0|
124|283|300|1|246|0|0|
124|283|270|1|246|0|0|
124|283|270|1|246|0|0|
124|216|210|1|219|0|0|
124|216|210|1|219|0|0|
124|239|270|1|219|1|0|
124|305|270|1|246|1|0|
124|305|270|1|246|1|0|
124|305|300|1|246|1|0|
124|305|300|1|246|1|0|
124|305|300|1|246|1|0|
124|305|300|1|246|1|0|
124|305|300|1|246|1|0|
124|305|330|1|246|1|0|
124|305|330|1|246|1|0|
124|306|300|1|246|1|0|
124|305|300|1|246|1|0|
124|305|300|1|246|1|0|
124|239|240|1|219|1|0|
124|305|300|1|246|1|0|
124|347|360|1|247|1|0|
124|306|300|1|246|1|0|
124|305|360|1|246|1|0|
124|306|300|1|246|1|0|
124|306|300|1|246|1|0|
124|305|300|1|246|1|0|
124|305|300|1|246|1|0|
124|305|300|1|246|1|0|
124|306|330|1|246|1|0|
124|305|300|1|246|1|0|
124|283|300|1|246|0|0|
124|284|270|1|246|0|0|
124|283|270|1|246|0|0|
124|305|330|1|246|1|0|
124|283|270|1|246|0|0|
124|283|270|1|246|0|0|
124|283|270|1|246|0|0|
124|217|210|1|219|0|0|
124|283|300|1|246|0|0|
124|283|270|1|246|0|0|
124|283|300|1|246|0|0|
124|283|270|1|246|0|0|
124|217|210|1|219|0|0|
124|284|270|1|246|0|0|
124|283|300|1|246|0|0|
124|284|300|1|246|0|0|
124|299|300|1|260|0|0|
124|284|270|1|246|0|0|
124|283|270|1|246|0|0|
124|284|240|1|246|0|0|
124|284|270|1|246|0|0|
124|284|300|1|246|0|0|
124|284|270|1|246|0|0|
124|284|300|1|246|0|0|
124|285|270|1|246|0|0|
124|284|300|1|246|0|0|
124|284|270|1|246|0|0|
124|284|300|1|246|0|0|
124|284|270|1|246|0|0|
124|284|270|1|246|0|0|
124|284|270|1|246|0|0|
124|284|270|1|246|0|0|
124|284|270|1|246|0|0|
124|284|270|1|246|0|0|
124|293|300|1|254|0|0|
124|284|270|1|246|0|0|
124|285|300|1|246|0|0|
124|358|390|1|247|0|0|
124|284|270|1|246|0|0|
124|410|390|1|246|1|0|
124|305|300|1|246|1|0|
124|305|300|1|246|1|0|
124|238|240|1|219|1|0|
124|413|420|1|217|1|0|
124|394|390|1|247|1|0|
124|238|240|1|219|1|0|
124|283|300|1|246|0|0|
124|283|270|1|246|0|0|
124|283|300|1|246|0|0|
124|283|300|1|246|0|0|
124|328|330|1|218|0|0|
124|284|300|1|246|0|0|
124|216|210|1|219|0|0|
124|337|360|1|247|0|0|
124|324|300|1|247|0|0|
124|216|210|1|219|0|0|
124|216|210|1|219|0|0|
124|284|270|1|246|0|0|
124|283|270|1|246|0|0|
124|284|300|1|246|0|0|
124|216|240|1|219|0|0|
124|298|300|1|261|0|0|
124|306|300|1|246|1|0|
124|348|360|1|247|1|0|
124|305|300|1|246|1|0|
124|305|300|1|246|1|0|
124|305|300|1|246|1|0|
124|305|300|1|246|1|0|
124|238|270|1|219|1|0|
124|238|240|1|219|1|0|
124|216|210|1|219|0|0|
124|216|210|1|219|0|0|
124|217|210|1|219|0|0|
124|217|210|1|219|0|0|
124|217|210|1|219|0|0|
124|217|210|1|219|0|0|
124|217|240|1|219|0|0|
124|217|240|1|219|0|0|
124|284|270|1|246|0|0|
124|284|270|1|246|0|0|
124|305|300|1|246|1|0|
124|305|300|1|246|1|0|
124|305|300|1|246|1|0|
124|285|300|1|246|0|0|
124|217|240|1|219|0|0|
124|391|390|1|217|0|0|
124|305|330|1|246|1|0|
124|306|300|1|246|1|0|
124|305|330|1|246|1|0|
124|306|360|1|246|1|0|
124|305|300|1|246|1|0|
124|305|330|1|246|1|0|
124|305|300|1|246|1|0|
124|305|330|1|246|1|0|
124|305|300|1|246|1|0|
124|305|300|1|246|1|0|
124|408|390|1|246|1|0|
124|305|300|1|246|1|0|
124|305|300|1|246|1|0|
124|305|300|1|246|1|0|
124|306|300|1|246|1|0|
124|408|420|1|246|1|0|
124|305|300|1|246|1|0|
124|305|300|1|246|1|0|
124|305|300|1|246|1|0|
124|305|300|1|246|1|0|
124|238|240|1|219|1|0|
124|238|240|1|219|1|0|
124|216|210|1|219|0|0|
124|216|210|1|219|0|0|
124|216|210|1|219|0|0|
124|331|330|1|218|0|0|
124|216|240|1|219|0|0|
124|423|450|1|246|0|0|
124|216|210|1|219|0|0|
124|216|210|1|219|0|0|
124|284|240|1|246|0|0|
124|216|180|1|219|0|0|
124|283|300|1|246|0|0|
124|216|210|1|219|0|0|
124|283|270|1|246|0|0|
124|216|240|1|219|0|0|
124|216|210|1|219|0|0|
124|284|270|1|246|0|0|
124|216|210|1|219|0|0|
124|216|210|1|219|0|0|
124|326|360|1|218|0|0|
124|216|210|1|219|0|0|
124|324|330|1|218|0|0|
124|216|210|1|219|0|0|
124|326|360|1|218|0|0|
124|216|210|1|219|0|0|
124|377|330|1|218|0|0|
124|216|210|1|219|0|0|
124|216|210|1|219|0|0|
124|216|240|1|219|0|0|
124|216|240|1|219|0|0|
124|216|240|1|219|0|0|
124|216|210|1|219|0|0|
124|216|210|1|219|0|0|
124|216|240|1|219|0|0|
124|216|240|1|219|0|0|
124|283|270|1|246|0|0|
124|394|420|1|218|1|0|
124|240|240|1|219|1|0|
124|305|300|1|246|1|0|
124|305|300|1|246|1|0|
124|238|240|1|219|1|0|
124|239|240|1|219|1|0|
124|217|210|1|219|0|0|
124|306|330|1|246|1|0|
124|305|300|1|246|1|0|
124|305|300|1|246|1|0|
124|305|300|1|246|1|0|
124|305|300|1|246|1|0|
124|305|300|1|246|1|0|
124|305|300|1|246|1|0|
124|305|300|1|246|1|0|
124|238|240|1|219|1|0|
124|305|300|1|246|1|0|
124|321|300|1|262|1|0|
124|283|270|1|246|0|0|
124|284|270|1|246|0|0|
124|217|210|1|219|0|0|
124|284|270|1|246|0|0|
124|283|300|1|246|0|0|
124|284|270|1|246|0|0|
124|283|300|1|246|0|0|
124|284|270|1|246|0|0|
124|216|240|1|219|0|0|
124|216|210|1|219|0|0|
124|216|240|1|219|0|0|
124|283|240|1|246|0|0|
124|239|240|1|219|1|0|
124|238|210|1|219|1|0|
124|305|300|1|246|1|0|
124|239|240|1|219|1|0|
124|394|390|1|247|1|0|
124|305|300|1|246|1|0|
124|238|240|1|219|1|0|
124|238|240|1|219|1|0|
124|238|240|1|219|1|0|
124|392|390|1|247|1|0|
124|305|300|1|246|1|0|
124|400|390|1|247|1|0|
124|385|360|1|247|1|0|
124|349|330|1|247|1|0|
124|306|300|1|246|1|0|
124|306|300|1|246|1|0|
124|319|330|1|258|1|0|
124|306|300|1|246|1|0|
124|306|300|1|246|1|0|
124|239|240|1|219|1|0|
124|306|300|1|246|1|0|
124|362|360|1|247|1|0|
124|305|300|1|246|1|0|
124|305|300|1|246|1|0|
124|238|240|1|219|1|0|
124|305|300|1|246|1|0|
124|306|300|1|246|1|0|
124|305|330|1|246|1|0|
124|305|300|1|246|1|0|
124|305|300|1|246|1|0|
124|305|300|1|246|1|0|
124|305|300|1|246|1|0|
124|305|300|1|246|1|0|
124|305|330|1|246|1|0|
124|252|240|1|219|1|0|
124|306|300|1|246|1|0|
124|239|240|1|219|1|0|
124|305|300|1|246|1|0|
124|387|420|1|246|1|0|
124|239|240|1|219|1|0|
124|321|360|1|262|1|0|
124|305|300|1|246|1|0|
124|305|300|1|246|1|0|
124|305|300|1|246|1|0|
124|305|300|1|246|1|0|
124|305|300|1|246|1|0|
124|305|300|1|246|1|0|
124|305|300|1|246|1|0|
124|239|240|1|219|1|0|
124|284|270|1|246|0|0|
124|216|210|1|219|0|0|
124|283|270|1|246|0|0|
124|283|270|1|246|0|0|
124|217|210|1|219|0|0|
124|216|210|1|219|0|0|
124|239|240|1|219|1|0|
124|305|300|1|246|1|0|
124|305|300|1|246|1|0|
124|314|300|1|254|1|0|
124|284|270|1|246|0|0|
124|216|240|1|219|0|0|
124|305|300|1|246|1|0|
124|239|240|1|219|1|0|
124|305|330|1|246|1|0|
124|216|210|1|219|0|0|
124|284|270|1|246|0|0|
124|216|210|1|219|0|0|
124|216|240|1|219|0|0|
124|216|240|1|219|0|0|
124|216|210|1|219|0|0|
124|216|210|1|219|0|0|
124|216|210|1|219|0|0|
124|216|210|1|219|0|0|
124|306|360|1|246|1|0|
124|305|300|1|246|1|0|
124|305|330|1|246|1|0|
124|305|300|1|246|1|0|
124|239|210|1|219|1|0|
124|378|360|1|247|1|0|
124|305|300|1|246|1|0|
124|387|390|1|247|1|0|
124|305|300|1|246|1|0|
124|305|300|1|246|1|0|
124|305|300|1|246|1|0|
124|305|300|1|246|1|0|
124|305|300|1|246|1|0|
124|371|390|1|247|0|0|
124|283|300|1|246|0|0|
124|283|270|1|246|0|0|
124|452|450|1|247|0|0|
124|368|360|1|247|0|0|
124|283|300|1|246|0|0|
124|216|210|1|219|0|0|
124|283|300|1|246|0|0|
124|283|300|1|246|0|0|
124|239|240|1|219|1|0|
124|305|300|1|246|1|0|
124|238|210|1|219|1|0|
124|238|240|1|219|1|0|
124|305|300|1|246|1|0|
124|305|300|1|246|1|0|
124|305|300|1|246|1|0|
124|238|240|1|219|1|0|
124|238|240|1|219|1|0|
124|305|300|1|246|1|0|
124|305|300|1|246|1|0|
124|305|300|1|246|1|0|
124|305|300|1|246|1|0|
124|305|300|1|246|1|0|
124|305|330|1|246|1|0|
124|305|300|1|246|1|0|
124|305|300|1|246|1|0|
124|305|300|1|246|1|0|
124|305|300|1|246|1|0|
124|305|300|1|246|1|0|
124|305|300|1|246|1|0|
124|305|300|1|246|1|0|
124|346|360|1|247|1|0|
124|305|300|1|246|1|0|
124|239|240|1|219|1|0|
124|353|330|1|247|1|0|
124|305|300|1|246|1|0|
124|305|300|1|246|1|0|
124|305|300|1|246|1|0|
124|305|300|1|246|1|0|
124|217|240|1|219|0|0|
124|216|210|1|219|0|0|
124|240|240|1|219|1|0|
124|305|330|1|246|1|0|
124|305|300|1|246|1|0|
124|305|300|1|246|1|0|
124|306|300|1|246|1|0|
124|386|390|1|247|1|0|
124|239|240|1|219|1|0|
124|446|450|1|247|1|0|
124|305|300|1|246|1|0|
124|305|300|1|246|1|0|
124|238|240|1|219|1|0|
124|238|270|1|219|1|0|
124|305|300|1|246|1|0|
124|305|300|1|246|1|0|
124|305|300|1|246|1|0|
124|305|300|1|246|1|0|
124|305|300|1|246|1|0|
124|305|330|1|246|1|0|
124|305|300|1|246|1|0|
124|238|270|1|219|1|0|
124|217|180|1|219|0|0|
124|217|240|1|219|0|0|
124|217|240|1|219|0|0|
124|284|270|1|246|0|0|
124|284|270|1|246|0|0|
124|283|270|1|246|0|0|
124|217|210|1|219|0|0|
124|284|270|1|246|0|0|
124|284|270|1|246|0|0|
124|284|270|1|246|0|0|
124|284|270|1|246|0|0|
124|284|270|1|246|0|0|
124|284|300|1|246|0|0|
124|284|270|1|246|0|0|
124|283|300|1|246|0|0|
124|284|270|1|246|0|0|
124|283|300|1|246|0|0|
124|284|270|1|246|0|0|
124|284|270|1|246|0|0|
124|284|270|1|246|0|0|
124|284|300|1|246|0|0|
124|283|330|1|246|0|0|
124|216|240|1|219|0|0|
124|283|270|1|246|0|0|
124|217|240|1|219|0|0|
124|284|270|1|246|0|0|
124|239|240|1|219|1|0|
124|389|390|1|247|1|0|
124|305|300|1|246|1|0|
124|490|480|1|247|1|0|
124|360|360|1|247|1|0|
124|305|300|1|246|1|0|
124|239|240|1|219|1|0|
124|305|330|1|246|1|0|
124|239|210|1|219|1|0|
124|348|330|1|218|1|0|
124|305|300|1|246|1|0|
124|305|300|1|246|1|0|
124|239|210|1|219|1|0|
124|283|300|1|246|0|0|
124|239|240|1|219|1|0|
124|306|300|1|246|1|0|
124|305|330|1|246|1|0|
124|442|450|1|247|1|0|
124|348|390|1|247|1|0|
124|239|210|1|219|1|0|
124|305|300|1|246|1|0|
124|238|240|1|219|1|0|
124|238|270|1|219|1|0|
124|217|210|1|219|0|0|
124|216|240|1|219|0|0|
124|216|210|1|219|0|0|
124|216|210|1|219|0|0|
124|216|240|1|219|0|0|
124|283|270|1|246|0|0|
124|216|210|1|219|0|0|
124|217|210|1|219|0|0|
124|284|300|1|246|0|0|
124|283|300|1|246|0|0|
124|284|270|1|246|0|0|
124|239|240|1|219|1|0|
124|305|300|1|246|1|0|
124|305|300|1|246|1|0|
124|305|300|1|246|1|0|
124|217|180|1|219|0|0|
124|239|240|1|219|1|0|
124|305|300|1|246|1|0|
124|305|300|1|246|1|0|
124|239|240|1|219|1|0|
124|305|300|1|246|1|0|
124|305|330|1|246|1|0|
124|238|240|1|219|1|0|
124|305|300|1|246|1|0|
124|238|270|1|219|1|0|
124|386|420|1|247|1|0|
124|1171|1170|1|247|1|0|
124|239|240|1|219|1|0|
124|305|330|1|246|1|0|
124|305|300|1|246|1|0|
124|392|390|1|247|1|0|
124|305|300|1|246|1|0|
124|216|210|1|219|0|0|
124|217|210|1|219|0|0|
124|216|240|1|219|0|0|
124|216|240|1|219|0|0|
124|217|210|1|219|0|0|
124|217|210|1|219|0|0|
124|216|240|1|219|0|0|
124|217|210|1|219|0|0|
124|216|210|1|219|0|0|
124|335|300|1|247|0|0|
124|284|300|1|246|0|0|
124|216|210|1|219|0|0|
124|216|210|1|219|0|0|
124|284|270|1|246|0|0|
124|284|270|1|246|0|0|
124|284|270|1|246|0|0|
124|283|300|1|246|0|0|
124|283|270|1|246|0|0|
124|284|270|1|246|0|0|
124|306|360|1|246|1|0|
124|305|300|1|246|1|0|
124|305|300|1|246|1|0|
124|305|330|1|246|1|0|
124|305|300|1|246|1|0|
124|305|330|1|246|1|0|
124|239|240|1|219|1|0|
124|305|330|1|246|1|0|
124|238|240|1|219|1|0|
124|238|240|1|219|1|0|
124|283|300|1|246|0|0|
124|216|240|1|219|0|0|
124|305|300|1|246|1|0|
124|240|240|1|219|1|0|
124|305|300|1|246|1|0|
124|239|240|1|219|1|0|
124|305|300|1|246|1|0|
124|239|240|1|219|1|0|
124|348|360|1|247|1|0|
124|305|300|1|246|1|0|
124|348|390|1|247|1|0|
124|305|300|1|246|1|0|
124|305|300|1|246|1|0|
124|305|300|1|246|1|0|
124|305|300|1|246|1|0|
124|305|300|1|246|1|0|
124|305|300|1|246|1|0|
124|305|300|1|246|1|0|
124|305|300|1|246|1|0|
124|305|300|1|246|1|0|
124|305|300|1|246|1|0|
124|305|300|1|246|1|0|
124|305|330|1|246|1|0|
124|238|240|1|219|1|0|
124|305|300|1|246|1|0|
124|305|300|1|246|1|0|
124|305|300|1|246|1|0|
124|305|330|1|246|1|0|
124|306|330|1|246|1|0|
124|305|300|1|246|1|0|
124|305|330|1|246|1|0|
124|238|240|1|219|1|0|
124|217|240|1|219|0|0|
124|217|210|1|219|0|0|
124|217|210|1|219|0|0|
124|377|360|1|217|0|0|
124|284|270|1|246|0|0|
124|217|210|1|219|0|0|
124|217|180|1|219|0|0|
124|217|210|1|219|0|0|
124|217|240|1|219|0|0|
124|368|330|1|218|0|0|
124|400|390|1|218|0|0|
124|284|270|1|246|0|0|
124|284|330|1|246|0|0|
124|239|240|1|219|1|0|
124|378|390|1|247|1|0|
124|283|270|1|246|0|0|
124|305|300|1|246|1|0|
124|239|240|1|219|1|0|
124|1419|1410|1|247|1|0|
124|306|300|1|246|1|0|
124|305|330|1|246|1|0|
124|347|330|1|247|1|0|
124|305|300|1|246|1|0|
124|305|300|1|246|1|0|
124|305|300|1|246|1|0|
124|305|300|1|246|1|0|
124|216|240|1|219|0|0|
124|283|270|1|246|0|0|
124|284|270|1|246|0|0|
124|216|210|1|219|0|0|
124|284|300|1|246|0|0|
124|305|300|1|246|1|0|
124|238|240|1|219|1|0|
124|305|300|1|246|1|0|
124|305|300|1|246|1|0|
124|305|300|1|246|1|0|
124|283|270|1|246|0|0|
124|283|300|1|246|0|0|
124|239|240|1|219|1|0|
124|217|240|1|219|0|0|
124|284|270|1|246|0|0|
124|283|300|1|246|0|0|
124|216|210|1|219|0|0|
124|283|270|1|246|0|0|
124|239|210|1|219|1|0|
124|238|240|1|219|1|0|
124|413|420|1|246|1|0|
124|305|300|1|246|1|0|
124|305|330|1|246|1|0|
124|305|300|1|246|1|0|
124|239|240|1|219|1|0|
124|306|300|1|246|1|0|
124|240|240|1|219|1|0|
124|305|300|1|246|1|0|
124|305|300|1|246|1|0|
124|238|240|1|219|1|0|
124|239|240|1|219|1|0|
124|305|300|1|246|1|0|
124|238|240|1|219|1|0|
124|239|240|1|219|1|0|
124|240|270|1|219|1|0|
124|305|300|1|246|1|0|
124|239|240|1|219|1|0|
124|305|330|1|246|1|0|
124|240|240|1|219|1|0|
124|305|330|1|246|1|0|
124|239|270|1|219|1|0|
124|305|300|1|246|1|0|
124|238|240|1|219|1|0|
124|238|210|1|219|1|0|
124|216|210|1|219|0|0|
124|283|270|1|246|0|0|
124|285|270|1|246|0|0|
124|217|240|1|219|0|0|
124|283|270|1|246|0|0|
124|239|240|1|219|1|0|
124|305|300|1|246|1|0|
124|305|300|1|246|1|0|
124|239|270|1|219|1|0|
124|305|300|1|246|1|0|
124|239|240|1|219|1|0|
124|305|300|1|246|1|0|
124|305|300|1|246|1|0|
124|305|300|1|246|1|0|
124|239|240|1|219|1|0|
124|305|300|1|246|1|0|
124|305|300|1|246|1|0|
124|283|270|1|246|0|0|
124|283|300|1|246|0|0|
124|284|300|1|246|0|0|
124|305|300|1|246|1|0|
124|305|300|1|246|1|0|
124|238|210|1|219|1|0|
124|306|300|1|246|1|0|
124|305|300|1|246|1|0|
124|305|270|1|246|1|0|
124|305|300|1|246|1|0|
124|305|300|1|246|1|0|
124|305|300|1|246|1|0|
124|305|300|1|246|1|0|
124|1032|1020|1|247|1|0|
124|479|480|1|218|1|0|
124|350|360|1|247|1|0|
124|305|300|1|246|1|0|
124|690|660|1|247|1|0|
124|396|390|1|247|1|0|
124|356|360|1|247|1|0|
124|305|300|1|246|1|0|
124|482|480|1|217|1|0|
124|305|300|1|246|1|0|
124|305|300|1|246|1|0|
124|305|300|1|246|1|0|
124|284|300|1|246|0|0|
124|283|270|1|246|0|0|
124|283|300|1|246|0|0|
124|284|300|1|246|0|0|
124|284|270|1|246|0|0|
124|284|270|1|246|0|0|
124|284|300|1|246|0|0|
124|216|180|1|219|0|0|
124|283|270|1|246|0|0|
124|216|210|1|219|0|0|
124|216|210|1|219|0|0|
124|284|300|1|246|0|0|
124|217|210|1|219|0|0|
124|217|210|1|219|0|0|
124|283|300|1|246|0|0|
124|217|210|1|219|0|0|
124|217|240|1|219|0|0|
124|217|210|1|219|0|0|
124|284|270|1|246|0|0|
124|284|300|1|246|0|0|
124|284|300|1|246|0|0|
124|217|210|1|219|0|0|
124|217|210|1|219|0|0|
124|284|270|1|246|0|0|
124|284|270|1|246|0|0|
124|284|270|1|246|0|0|
124|283|270|1|246|0|0|
124|284|270|1|246|0|0|
124|217|240|1|219|0|0|
124|217|240|1|219|0|0|
124|284|300|1|246|0|0|
124|284|270|1|246|0|0|
124|283|270|1|246|0|0|
124|284|300|1|246|0|0|
124|284|300|1|246|0|0|
124|283|300|1|246|0|0|
124|283|300|1|246|0|0|
124|285|270|1|246|0|0|
124|284|270|1|246|0|0|
124|325|300|1|247|0|0|
124|283|300|1|246|0|0|
124|216|180|1|219|0|0|
124|217|210|1|219|0|0|
124|217|210|1|219|0|0|
124|284|300|1|246|0|0|
124|217|210|1|219|0|0|
124|217|210|1|219|0|0|
124|283|270|1|246|0|0|
124|284|270|1|246|0|0|
124|305|300|1|246|1|0|
124|216|210|1|219|0|0|
