INSTRUCTIONS_RETIRED|CYCLES|UNKNOWN|LD_BLOCKS.STORE_FORWARD|UOPS_EXECUTED.CORE|BR_MISP_RETIRED.ALL_BRANCHES|UOPS_ISSUED.SINGLE_MUL|
136|416|390|1|229|1|0|
136|228|270|1|233|0|0|
136|228|210|1|233|0|0|
136|227|210|1|233|0|0|
136|227|210|1|233|0|0|
136|295|300|1|260|0|0|
136|295|300|1|260|0|0|
136|295|300|1|260|0|0|
136|295|330|1|260|0|0|
136|227|210|1|233|0|0|
136|228|270|1|233|0|0|
136|227|210|1|233|0|0|
136|294|270|1|260|0|0|
136|227|210|1|233|0|0|
136|227|270|1|233|0|0|
136|227|240|1|233|0|0|
136|227|240|1|233|0|0|
136|294|270|1|260|0|0|
136|294|270|1|260|0|0|
136|227|210|1|233|0|0|
136|294|300|1|260|0|0|
136|227|210|1|233|0|0|
136|228|210|1|233|0|0|
136|294|300|1|260|0|0|
136|227|240|1|233|0|0|
136|227|240|1|233|0|0|
136|227|240|1|233|0|0|
136|228|210|1|233|0|0|
136|227|240|1|233|0|0|
136|294|300|1|260|0|0|
136|227|240|1|233|0|0|
136|227|240|1|233|0|0|
136|294|270|1|260|0|0|
136|227|210|1|233|0|0|
136|228|240|1|233|0|0|
136|294|270|1|260|0|0|
136|294|300|1|260|0|0|
136|227|270|1|233|0|0|
136|227|210|1|233|0|0|
136|227|210|1|233|0|0|
136|227|240|1|233|0|0|
136|227|240|1|233|0|0|
136|227|210|1|233|0|0|
136|227|210|1|233|0|0|
136|227|240|1|233|0|0|
136|227|210|1|233|0|0|
136|227|240|1|233|0|0|
136|227|210|1|233|0|0|
136|227|240|1|233|0|0|
136|227|210|1|233|0|0|
136|227|210|1|233|0|0|
136|227|270|1|233|0|0|
136|227|210|1|233|0|0|
136|227|210|1|233|0|0|
136|227|240|1|233|0|0|
136|227|210|1|233|0|0|
136|227|210|1|233|0|0|
136|294|300|1|260|0|0|
136|227|240|1|233|0|0|
136|227|210|1|233|0|0|
136|227|210|1|233|0|0|
136|227|240|1|233|0|0|
136|227|210|1|233|0|0|
136|227|210|1|233|0|0|
136|227|210|1|233|0|0|
136|227|210|1|233|0|0|
136|227|210|1|233|0|0|
136|227|210|1|233|0|0|
136|227|240|1|233|0|0|
136|227|270|1|233|0|0|
136|227|210|1|233|0|0|
136|294|270|1|260|0|0|
136|316|300|1|258|1|0|
136|294|270|1|260|0|0|
136|227|240|1|233|0|0|
136|227|240|1|233|0|0|
136|227|210|1|233|0|0|
136|227|210|1|233|0|0|
136|227|240|1|233|0|0|
136|227|240|1|233|0|0|
136|294|270|1|260|0|0|
136|227|240|1|233|0|0|
136|227|240|1|233|0|0|
136|227|240|1|233|0|0|
136|294|300|1|260|0|0|
136|227|210|1|233|0|0|
136|227|240|1|233|0|0|
136|227|240|1|233|0|0|
136|227|210|1|233|0|0|
136|227|240|1|233|0|0|
136|294|300|1|260|0|0|
136|303|300|1|268|0|0|
136|227|210|1|233|0|0|
136|227|240|1|233|0|0|
136|227|210|1|233|0|0|
136|294|270|1|260|0|0|
136|402|390|1|231|0|0|
136|294|300|1|260|0|0|
136|294|300|1|260|0|0|
136|227|240|1|233|0|0|
136|294|300|1|260|0|0|
136|294|270|1|260|0|0|
136|228|240|1|233|0|0|
136|227|210|1|233|0|0|
136|227|270|1|233|0|0|
136|227|210|1|233|0|0|
136|228|210|1|233|0|0|
136|295|270|1|260|0|0|
136|295|300|1|260|0|0|
136|294|300|1|260|0|0|
136|295|330|1|260|0|0|
136|294|270|1|260|0|0|
136|227|210|1|233|0|0|
136|227|240|1|233|0|0|
136|294|300|1|260|0|0|
136|295|300|1|260|0|0|
136|296|300|1|260|0|0|
136|310|300|1|274|0|0|
136|295|300|1|260|0|0|
136|296|300|1|260|0|0|
136|295|270|1|260|0|0|
136|294|270|1|260|0|0|
136|294|270|1|260|0|0|
136|294|270|1|260|0|0|
136|294|270|1|260|0|0|
136|294|270|1|260|0|0|
136|294|300|1|260|0|0|
136|294|270|1|260|0|0|
136|301|330|1|260|0|0|
136|294|270|1|260|0|0|
136|228|210|1|233|0|0|
136|295|300|1|258|0|0|
136|227|210|1|233|0|0|
136|294|300|1|260|0|0|
136|227|210|1|233|0|0|
136|227|210|1|233|0|0|
136|234|240|1|233|0|0|
136|294|300|1|260|0|0|
136|295|270|1|260|0|0|
136|228|210|1|233|0|0|
136|294|270|1|260|0|0|
136|317|300|1|258|1|0|
136|317|300|1|258|1|0|
136|317|300|1|258|1|0|
136|250|240|1|231|1|0|
136|295|300|1|260|0|0|
136|295|270|1|260|0|0|
136|295|300|1|260|0|0|
136|250|240|1|231|1|0|
136|228|240|1|233|0|0|
136|295|300|1|260|0|0|
136|295|330|1|260|0|0|
136|295|270|1|260|0|0|
136|295|270|1|260|0|0|
136|301|270|1|260|0|0|
136|295|300|1|260|0|0|
136|301|330|1|260|0|0|
136|295|270|1|260|0|0|
136|301|300|1|260|0|0|
136|296|300|1|260|0|0|
136|311|300|1|276|0|0|
136|295|270|1|260|0|0|
136|295|270|1|260|0|0|
136|295|300|1|260|0|0|
136|295|270|1|260|0|0|
136|295|270|1|260|0|0|
136|228|240|1|233|0|0|
136|227|210|1|233|0|0|
136|227|240|1|233|0|0|
136|227|210|1|233|0|0|
136|228|240|1|233|0|0|
136|295|270|1|260|0|0|
136|295|300|1|260|0|0|
136|295|300|1|260|0|0|
136|227|210|1|233|0|0|
136|295|330|1|260|0|0|
136|295|270|1|260|0|0|
136|227|240|1|233|0|0|
136|227|240|1|233|0|0|
136|227|240|1|233|0|0|
136|295|300|1|260|0|0|
136|228|210|1|233|0|0|
136|228|210|1|233|0|0|
136|227|270|1|233|0|0|
136|227|210|1|233|0|0|
136|306|300|1|270|0|0|
136|228|210|1|233|0|0|
136|294|270|1|260|0|0|
136|294|270|1|260|0|0|
136|227|210|1|233|0|0|
136|227|240|1|233|0|0|
136|227|210|1|233|0|0|
136|294|270|1|260|0|0|
136|294|300|1|260|0|0|
136|328|330|1|269|1|0|
136|322|330|1|258|1|0|
136|322|300|1|258|1|0|
136|322|330|1|258|1|0|
136|322|330|1|258|1|0|
136|322|300|1|258|1|0|
136|322|300|1|258|1|0|
136|322|300|1|258|1|0|
136|337|330|1|273|1|0|
136|322|330|1|258|1|0|
136|322|300|1|258|1|0|
136|322|300|1|258|1|0|
136|322|300|1|258|1|0|
136|322|330|1|258|1|0|
136|322|330|1|258|1|0|
136|322|330|1|258|1|0|
136|322|330|1|258|1|0|
136|322|300|1|258|1|0|
136|322|330|1|258|1|0|
136|322|330|1|258|1|0|
136|417|420|1|258|1|0|
136|294|330|1|260|0|0|
136|294|270|1|260|0|0|
136|294|300|1|260|0|0|
136|294|270|1|260|0|0|
136|294|270|1|260|0|0|
136|309|330|1|275|0|0|
136|295|270|1|258|0|0|
136|294|300|1|260|0|0|
136|250|240|1|231|1|0|
136|294|300|1|260|0|0|
136|294|270|1|260|0|0|
136|295|300|1|258|0|0|
136|294|270|1|260|0|0|
136|294|270|1|260|0|0|
136|294|300|1|260|0|0|
136|295|300|1|258|0|0|
136|294|300|1|260|0|0|
136|295|300|1|258|0|0|
136|294|270|1|260|0|0|
136|294|330|1|260|0|0|
136|294|300|1|260|0|0|
136|294|270|1|260|0|0|
136|294|270|1|260|0|0|
136|294|330|1|260|0|0|
136|294|300|1|260|0|0|
136|294|330|1|260|0|0|
136|294|300|1|260|0|0|
136|295|300|1|258|0|0|
136|294|300|1|260|0|0|
136|294|330|1|260|0|0|
136|294|270|1|260|0|0|
136|294|270|1|260|0|0|
136|294|330|1|260|0|0|
136|294|300|1|260|0|0|
136|295|300|1|258|0|0|
136|295|300|1|258|0|0|
136|295|300|1|258|0|0|
136|295|300|1|258|0|0|
136|295|300|1|258|0|0|
136|295|300|1|258|0|0|
136|301|300|1|258|0|0|
136|301|300|1|258|0|0|
136|301|300|1|258|0|0|
136|301|300|1|258|0|0|
136|301|300|1|258|0|0|
136|301|300|1|258|0|0|
136|301|300|1|258|0|0|
136|301|300|1|258|0|0|
136|302|300|1|258|0|0|
136|301|300|1|258|0|0|
136|301|300|1|258|0|0|
136|301|300|1|258|0|0|
136|301|330|1|258|0|0|
136|301|300|1|258|0|0|
136|250|240|1|231|1|0|
136|250|300|1|231|1|0|
136|250|240|1|231|1|0|
136|316|300|1|258|1|0|
136|294|300|1|260|0|0|
136|294|300|1|260|0|0|
136|294|300|1|260|0|0|
136|227|210|1|233|0|0|
136|295|300|1|258|0|0|
136|294|270|1|260|0|0|
136|294|300|1|260|0|0|
136|294|270|1|260|0|0|
136|250|240|1|231|1|0|
136|295|300|1|258|0|0|
136|294|300|1|260|0|0|
136|295|300|1|258|0|0|
136|294|270|1|260|0|0|
136|295|300|1|258|0|0|
136|295|300|1|258|0|0|
136|295|300|1|258|0|0|
136|295|300|1|258|0|0|
136|295|270|1|258|0|0|
136|295|270|1|258|0|0|
136|294|270|1|260|0|0|
136|294|270|1|260|0|0|
136|294|300|1|260|0|0|
136|250|270|1|231|1|0|
136|295|300|1|258|0|0|
136|294|300|1|260|0|0|
136|294|270|1|260|0|0|
136|295|270|1|258|0|0|
136|294|300|1|260|0|0|
136|294|270|1|260|0|0|
136|250|240|1|231|1|0|
136|301|300|1|258|0|0|
136|300|300|1|260|0|0|
136|301|300|1|258|0|0|
136|294|330|1|260|0|0|
136|294|300|1|260|0|0|
136|294|270|1|260|0|0|
136|294|270|1|260|0|0|
136|295|270|1|258|0|0|
136|294|300|1|260|0|0|
136|295|300|1|258|0|0|
136|295|270|1|258|0|0|
136|295|270|1|258|0|0|
136|295|300|1|258|0|0|
136|295|300|1|258|0|0|
136|301|300|1|258|0|0|
136|295|300|1|258|0|0|
136|295|300|1|258|0|0|
136|295|300|1|258|0|0|
136|295|300|1|258|0|0|
136|301|300|1|258|0|0|
136|301|300|1|258|0|0|
136|301|270|1|258|0|0|
136|301|270|1|258|0|0|
136|301|300|1|258|0|0|
136|301|300|1|258|0|0|
136|301|270|1|258|0|0|
136|301|300|1|258|0|0|
136|301|300|1|260|0|0|
136|235|240|1|231|0|0|
136|301|300|1|258|0|0|
136|295|300|1|258|0|0|
136|295|270|1|258|0|0|
136|295|300|1|258|0|0|
136|295|270|1|258|0|0|
136|295|300|1|258|0|0|
136|295|300|1|258|0|0|
136|250|240|1|231|1|0|
136|295|270|1|258|0|0|
136|295|300|1|258|0|0|
136|294|300|1|260|0|0|
136|295|300|1|258|0|0|
136|294|300|1|260|0|0|
136|294|300|1|260|0|0|
136|295|300|1|258|0|0|
136|250|240|1|231|1|0|
136|316|300|1|258|1|0|
136|294|270|1|260|0|0|
136|294|270|1|260|0|0|
136|250|270|1|231|1|0|
136|294|270|1|260|0|0|
136|250|240|1|231|1|0|
136|250|240|1|231|1|0|
136|250|270|1|231|1|0|
136|316|330|1|258|1|0|
136|250|240|1|231|1|0|
136|294|300|1|260|0|0|
136|300|300|1|260|0|0|
136|408|420|1|260|0|0|
136|294|300|1|260|0|0|
136|250|240|1|231|1|0|
136|294|270|1|260|0|0|
136|294|300|1|260|0|0|
136|295|300|1|258|0|0|
136|295|270|1|258|0|0|
136|317|300|1|258|1|0|
136|316|300|1|258|1|0|
136|250|240|1|231|1|0|
136|294|270|1|260|0|0|
136|295|300|1|258|0|0|
136|250|240|1|231|1|0|
136|294|300|1|260|0|0|
136|294|270|1|260|0|0|
136|294|300|1|260|0|0|
136|294|300|1|260|0|0|
136|294|300|1|260|0|0|
136|294|270|1|260|0|0|
136|294|270|1|260|0|0|
136|294|300|1|260|0|0|
136|294|270|1|260|0|0|
136|294|300|1|260|0|0|
136|295|300|1|258|0|0|
136|295|330|1|258|0|0|
136|301|300|1|258|0|0|
136|294|300|1|260|0|0|
136|301|300|1|260|0|0|
136|395|390|1|260|0|0|
136|227|210|1|233|0|0|
136|295|300|1|258|0|0|
136|294|270|1|260|0|0|
136|295|270|1|258|0|0|
136|295|300|1|260|0|0|
136|295|270|1|258|0|0|
136|301|330|1|258|0|0|
136|301|270|1|258|0|0|
136|301|300|1|260|0|0|
136|398|390|1|258|0|0|
136|294|330|1|260|0|0|
136|294|300|1|260|0|0|
136|295|270|1|258|0|0|
136|301|270|1|260|0|0|
136|300|300|1|260|0|0|
136|295|270|1|258|0|0|
136|301|300|1|260|0|0|
136|300|330|1|260|0|0|
136|301|300|1|260|0|0|
136|301|300|1|260|0|0|
136|295|300|1|258|0|0|
136|294|300|1|260|0|0|
136|294|300|1|260|0|0|
136|294|300|1|260|0|0|
136|294|300|1|260|0|0|
136|294|300|1|260|0|0|
136|294|300|1|260|0|0|
136|294|270|1|260|0|0|
136|294|300|1|260|0|0|
136|294|300|1|260|0|0|
136|294|270|1|260|0|0|
136|295|300|1|260|0|0|
136|295|300|1|260|0|0|
136|306|330|1|270|0|0|
136|295|270|1|260|0|0|
136|295|300|1|258|0|0|
136|301|300|1|258|0|0|
136|301|300|1|260|0|0|
136|294|300|1|260|0|0|
136|295|300|1|258|0|0|
136|294|270|1|260|0|0|
136|295|300|1|258|0|0|
136|294|270|1|260|0|0|
136|227|210|1|233|0|0|
136|295|300|1|260|0|0|
136|301|300|1|260|0|0|
136|367|360|1|260|0|0|
136|294|300|1|260|0|0|
136|295|300|1|258|0|0|
136|294|300|1|260|0|0|
136|294|300|1|260|0|0|
136|295|300|1|258|0|0|
136|295|300|1|258|0|0|
136|295|300|1|258|0|0|
136|294|270|1|260|0|0|
136|294|300|1|260|0|0|
136|294|270|1|260|0|0|
136|294|300|1|260|0|0|
136|301|300|1|260|0|0|
136|228|240|1|231|0|0|
136|234|240|1|231|0|0|
136|228|240|1|231|0|0|
136|249|270|1|231|1|0|
136|316|300|1|258|1|0|
136|316|300|1|258|1|0|
136|255|240|1|231|1|0|
136|322|300|1|258|1|0|
136|322|330|1|258|1|0|
136|316|300|1|258|1|0|
136|316|300|1|258|1|0|
136|316|330|1|258|1|0|
136|322|330|1|258|1|0|
136|316|300|1|258|1|0|
136|316|300|1|258|1|0|
136|316|300|1|258|1|0|
136|294|270|1|260|0|0|
136|301|300|1|260|0|0|
136|301|300|1|260|0|0|
136|301|300|1|260|0|0|
136|295|300|1|258|0|0|
136|295|330|1|258|0|0|
136|294|300|1|260|0|0|
136|295|300|1|258|0|0|
136|301|270|1|260|0|0|
136|301|300|1|260|0|0|
136|250|240|1|231|1|0|
136|295|270|1|258|0|0|
136|294|270|1|260|0|0|
136|295|300|1|258|0|0|
136|227|210|1|233|0|0|
136|251|240|1|231|1|0|
136|250|240|1|231|1|0|
136|294|300|1|260|0|0|
136|301|270|1|258|0|0|
136|401|390|1|260|0|0|
136|295|270|1|258|0|0|
136|295|300|1|258|0|0|
136|301|270|1|258|0|0|
136|359|360|1|260|0|0|
136|301|330|1|260|0|0|
136|294|300|1|260|0|0|
136|301|300|1|260|0|0|
136|301|300|1|258|0|0|
136|233|240|1|233|0|0|
136|295|300|1|260|0|0|
136|380|360|1|258|1|0|
136|235|210|1|233|0|0|
136|228|270|1|233|0|0|
136|228|210|1|233|0|0|
136|301|300|1|260|0|0|
136|295|270|1|260|0|0|
136|351|330|1|260|0|0|
136|402|390|1|260|0|0|
136|294|300|1|260|0|0|
136|295|270|1|260|0|0|
136|228|210|1|233|0|0|
136|295|300|1|260|0|0|
136|295|270|1|260|0|0|
136|295|300|1|260|0|0|
136|294|270|1|260|0|0|
136|227|210|1|233|0|0|
136|227|240|1|233|0|0|
136|294|300|1|260|0|0|
136|294|300|1|260|0|0|
136|227|210|1|233|0|0|
136|294|270|1|260|0|0|
136|295|300|1|260|0|0|
136|228|210|1|233|0|0|
136|295|300|1|260|0|0|
136|294|300|1|260|0|0|
136|294|300|1|260|0|0|
136|227|210|1|233|0|0|
136|294|330|1|260|0|0|
136|295|300|1|260|0|0|
136|228|270|1|233|0|0|
136|228|210|1|233|0|0|
136|295|270|1|260|0|0|
136|295|270|1|260|0|0|
136|228|210|1|233|0|0|
136|294|270|1|260|0|0|
136|294|300|1|260|0|0|
136|250|240|1|231|1|0|
136|249|240|1|231|1|0|
136|227|240|1|233|0|0|
136|294|270|1|260|0|0|
136|316|300|1|258|1|0|
136|250|240|1|231|1|0|
136|249|240|1|231|1|0|
136|249|240|1|231|1|0|
136|249|240|1|231|1|0|
136|249|240|1|231|1|0|
136|227|210|1|233|0|0|
136|227|240|1|233|0|0|
136|227|240|1|233|0|0|
136|294|270|1|260|0|0|
136|227|240|1|233|0|0|
136|227|270|1|233|0|0|
136|233|210|1|233|0|0|
136|294|300|1|260|0|0|
136|227|240|1|233|0|0|
136|228|240|1|233|0|0|
136|227|210|1|233|0|0|
136|227|210|1|233|0|0|
136|227|240|1|233|0|0|
136|227|210|1|233|0|0|
136|227|210|1|233|0|0|
136|227|240|1|233|0|0|
136|227|210|1|233|0|0|
136|227|240|1|233|0|0|
136|294|270|1|260|0|0|
136|227|210|1|233|0|0|
136|249|240|1|231|1|0|
136|249|240|1|231|1|0|
136|249|240|1|231|1|0|
136|249|240|1|231|1|0|
136|316|300|1|258|1|0|
136|390|390|1|258|1|0|
136|227|240|1|233|0|0|
136|228|210|1|233|0|0|
136|228|210|1|233|0|0|
136|228|210|1|233|0|0|
136|227|240|1|233|0|0|
136|227|210|1|233|0|0|
136|227|210|1|233|0|0|
136|227|210|1|233|0|0|
136|227|210|1|233|0|0|
136|227|210|1|233|0|0|
136|294|270|1|260|0|0|
136|227|210|1|233|0|0|
136|227|210|1|233|0|0|
136|227|210|1|233|0|0|
136|227|210|1|233|0|0|
136|294|270|1|260|0|0|
136|227|270|1|233|0|0|
136|227|240|1|233|0|0|
136|227|240|1|233|0|0|
136|294|300|1|260|0|0|
136|227|210|1|233|0|0|
136|294|300|1|260|0|0|
136|227|240|1|233|0|0|
136|227|240|1|233|0|0|
136|227|240|1|233|0|0|
136|227|210|1|233|0|0|
136|227|240|1|233|0|0|
136|227|240|1|233|0|0|
136|249|240|1|231|1|0|
136|249|240|1|231|1|0|
136|249|240|1|231|1|0|
136|249|240|1|231|1|0|
136|249|240|1|231|1|0|
136|249|240|1|231|1|0|
136|249|240|1|231|1|0|
136|322|330|1|258|1|0|
136|249|240|1|231|1|0|
136|249|300|1|231|1|0|
136|249|240|1|231|1|0|
136|316|300|1|258|1|0|
136|295|300|1|258|0|0|
136|228|210|1|231|0|0|
136|228|240|1|231|0|0|
136|227|240|1|233|0|0|
136|295|300|1|258|0|0|
136|227|210|1|233|0|0|
136|250|240|1|231|1|0|
136|250|240|1|231|1|0|
136|250|240|1|231|1|0|
136|250|240|1|231|1|0|
136|294|330|1|260|0|0|
136|300|300|1|260|0|0|
136|251|270|1|231|1|0|
136|250|240|1|231|1|0|
136|295|270|1|258|0|0|
136|294|330|1|260|0|0|
136|294|270|1|260|0|0|
136|235|210|1|231|0|0|
136|228|210|1|231|0|0|
136|227|240|1|233|0|0|
136|294|270|1|260|0|0|
136|294|300|1|260|0|0|
136|228|240|1|233|0|0|
136|227|210|1|233|0|0|
136|227|210|1|233|0|0|
136|294|300|1|260|0|0|
136|294|300|1|260|0|0|
136|294|270|1|260|0|0|
136|228|270|1|231|0|0|
136|227|210|1|233|0|0|
136|294|270|1|260|0|0|
136|295|270|1|260|0|0|
136|228|240|1|233|0|0|
136|227|240|1|233|0|0|
136|227|240|1|233|0|0|
136|228|210|1|233|0|0|
136|294|270|1|260|0|0|
136|227|240|1|233|0|0|
136|228|210|1|231|0|0|
136|294|270|1|260|0|0|
136|227|210|1|233|0|0|
136|294|300|1|260|0|0|
136|294|300|1|260|0|0|
136|294|300|1|260|0|0|
136|294|300|1|260|0|0|
136|294|270|1|260|0|0|
136|227|210|1|233|0|0|
136|227|240|1|233|0|0|
136|294|300|1|260|0|0|
136|227|240|1|233|0|0|
136|228|210|1|233|0|0|
136|228|240|1|233|0|0|
136|227|210|1|233|0|0|
136|227|210|1|233|0|0|
136|227|240|1|233|0|0|
136|294|270|1|260|0|0|
136|294|300|1|260|0|0|
136|294|270|1|260|0|0|
136|227|210|1|233|0|0|
136|294|300|1|260|0|0|
136|227|240|1|233|0|0|
136|227|210|1|233|0|0|
136|294|270|1|260|0|0|
136|295|300|1|258|0|0|
136|294|300|1|260|0|0|
136|294|300|1|260|0|0|
136|294|300|1|260|0|0|
136|228|210|1|231|0|0|
136|228|240|1|233|0|0|
136|294|270|1|260|0|0|
136|227|240|1|233|0|0|
136|294|300|1|260|0|0|
136|295|300|1|260|0|0|
136|294|300|1|260|0|0|
136|227|210|1|233|0|0|
136|227|210|1|233|0|0|
136|294|300|1|260|0|0|
136|227|210|1|233|0|0|
136|227|210|1|233|0|0|
136|294|300|1|260|0|0|
136|227|210|1|233|0|0|
136|227|210|1|233|0|0|
136|227|210|1|233|0|0|
136|295|300|1|260|0|0|
136|229|210|1|233|0|0|
136|294|300|1|260|0|0|
136|227|210|1|233|0|0|
136|294|270|1|260|0|0|
136|227|210|1|233|0|0|
136|301|270|1|260|0|0|
136|227|210|1|233|0|0|
136|228|210|1|233|0|0|
136|294|330|1|260|0|0|
136|294|300|1|260|0|0|
136|294|270|1|260|0|0|
136|294|300|1|260|0|0|
136|227|240|1|233|0|0|
136|295|300|1|260|0|0|
136|295|300|1|260|0|0|
136|295|300|1|260|0|0|
136|228|240|1|233|0|0|
136|228|270|1|233|0|0|
136|228|210|1|233|0|0|
136|227|210|1|233|0|0|
136|294|270|1|260|0|0|
136|227|210|1|233|0|0|
136|228|210|1|233|0|0|
136|294|270|1|260|0|0|
136|294|300|1|260|0|0|
136|294|270|1|260|0|0|
136|227|240|1|233|0|0|
136|321|300|1|231|0|0|
136|294|270|1|260|0|0|
136|228|210|1|233|0|0|
136|294|270|1|260|0|0|
136|294|300|1|260|0|0|
136|227|210|1|233|0|0|
136|295|300|1|260|0|0|
136|294|270|1|260|0|0|
136|295|270|1|260|0|0|
136|296|300|1|260|0|0|
136|295|270|1|260|0|0|
136|228|270|1|233|0|0|
136|228|210|1|233|0|0|
136|228|210|1|233|0|0|
136|295|300|1|260|0|0|
136|295|300|1|260|0|0|
136|295|270|1|260|0|0|
136|228|240|1|233|0|0|
136|229|240|1|233|0|0|
136|296|300|1|258|0|0|
136|295|300|1|260|0|0|
136|295|270|1|260|0|0|
136|295|270|1|260|0|0|
136|294|300|1|260|0|0|
136|294|270|1|260|0|0|
136|294|270|1|260|0|0|
136|250|270|1|231|1|0|
136|316|330|1|258|1|0|
136|294|300|1|260|0|0|
136|294|270|1|260|0|0|
136|294|270|1|260|0|0|
136|227|240|1|233|0|0|
136|294|270|1|260|0|0|
136|294|300|1|260|0|0|
136|294|270|1|260|0|0|
136|295|300|1|260|0|0|
136|228|240|1|233|0|0|
136|228|210|1|233|0|0|
136|228|240|1|233|0|0|
136|295|300|1|260|0|0|
136|229|210|1|233|0|0|
136|295|300|1|260|0|0|
136|302|330|1|260|0|0|
136|302|330|1|260|0|0|
136|295|300|1|260|0|0|
136|294|300|1|260|0|0|
136|294|270|1|260|0|0|
136|295|270|1|260|0|0|
136|295|300|1|260|0|0|
136|228|210|1|233|0|0|
136|294|270|1|260|0|0|
136|295|300|1|260|0|0|
136|228|210|1|233|0|0|
136|229|210|1|233|0|0|
136|228|210|1|233|0|0|
136|295|330|1|260|0|0|
136|295|300|1|260|0|0|
136|295|300|1|260|0|0|
136|228|240|1|233|0|0|
136|228|210|1|233|0|0|
136|295|300|1|260|0|0|
136|228|210|1|233|0|0|
136|295|300|1|260|0|0|
136|317|300|1|282|0|0|
136|295|270|1|260|0|0|
136|295|300|1|260|0|0|
136|228|210|1|233|0|0|
136|295|300|1|260|0|0|
136|317|330|1|258|1|0|
136|317|300|1|258|1|0|
136|317|300|1|258|1|0|
136|317|330|1|258|1|0|
136|317|300|1|258|1|0|
136|317|300|1|258|1|0|
136|318|330|1|258|1|0|
136|317|330|1|258|1|0|
136|306|300|1|270|0|0|
136|295|300|1|260|0|0|
136|295|300|1|260|0|0|
136|295|300|1|260|0|0|
136|295|270|1|260|0|0|
136|229|240|1|233|0|0|
136|228|240|1|233|0|0|
136|295|270|1|260|0|0|
136|295|300|1|260|0|0|
136|295|300|1|260|0|0|
136|296|300|1|260|0|0|
136|301|270|1|260|0|0|
136|295|300|1|260|0|0|
136|228|240|1|233|0|0|
136|295|270|1|260|0|0|
136|295|300|1|260|0|0|
136|295|300|1|260|0|0|
136|295|300|1|260|0|0|
136|228|210|1|233|0|0|
136|295|330|1|260|0|0|
136|294|300|1|260|0|0|
136|295|330|1|260|0|0|
136|295|330|1|260|0|0|
136|295|300|1|260|0|0|
136|295|300|1|258|0|0|
136|228|210|1|231|0|0|
136|294|300|1|260|0|0|
136|294|300|1|260|0|0|
136|294|270|1|260|0|0|
136|294|270|1|260|0|0|
136|294|330|1|260|0|0|
136|295|300|1|258|0|0|
136|295|300|1|258|0|0|
136|228|210|1|233|0|0|
136|294|270|1|260|0|0|
136|294|270|1|260|0|0|
136|250|270|1|231|1|0|
136|350|360|1|258|0|0|
136|295|270|1|258|0|0|
136|228|240|1|231|0|0|
136|228|240|1|231|0|0|
136|294|270|1|260|0|0|
136|257|240|1|231|1|0|
136|300|300|1|260|0|0|
136|301|330|1|260|0|0|
136|294|300|1|260|0|0|
136|294|300|1|260|0|0|
136|294|300|1|260|0|0|
136|294|300|1|260|0|0|
136|301|300|1|260|0|0|
136|294|270|1|260|0|0|
136|294|300|1|260|0|0|
136|295|300|1|258|0|0|
136|295|270|1|258|0|0|
136|294|300|1|260|0|0|
136|317|300|1|258|1|0|
136|300|300|1|260|0|0|
136|301|300|1|260|0|0|
136|300|300|1|260|0|0|
136|301|300|1|260|0|0|
136|301|300|1|260|0|0|
136|294|270|1|260|0|0|
136|294|270|1|260|0|0|
136|301|300|1|260|0|0|
136|250|240|1|231|1|0|
136|316|330|1|258|1|0|
136|250|240|1|231|1|0|
136|294|300|1|260|0|0|
136|250|240|1|231|1|0|
136|250|270|1|231|1|0|
136|295|300|1|258|0|0|
136|294|300|1|260|0|0|
136|294|300|1|260|0|0|
136|393|390|1|231|0|0|
136|234|240|1|233|0|0|
136|294|300|1|260|0|0|
136|228|210|1|233|0|0|
136|295|300|1|258|0|0|
136|294|300|1|260|0|0|
136|250|300|1|231|1|0|
136|294|300|1|260|0|0|
136|319|330|1|278|0|0|
136|235|210|1|231|0|0|
136|250|240|1|231|1|0|
136|294|300|1|260|0|0|
136|294|300|1|260|0|0|
136|250|270|1|231|1|0|
136|301|300|1|260|0|0|
136|233|240|1|233|0|0|
136|301|300|1|260|0|0|
136|235|240|1|233|0|0|
136|301|300|1|258|0|0|
136|301|300|1|260|0|0|
136|301|300|1|258|0|0|
136|294|300|1|260|0|0|
136|294|300|1|260|0|0|
136|301|270|1|260|0|0|
136|251|270|1|231|1|0|
136|294|270|1|260|0|0|
136|317|330|1|258|1|0|
136|301|300|1|260|0|0|
136|294|270|1|260|0|0|
136|301|300|1|260|0|0|
136|301|330|1|260|0|0|
136|301|270|1|260|0|0|
136|294|300|1|260|0|0|
136|301|330|1|260|0|0|
136|294|270|1|260|0|0|
136|294|300|1|260|0|0|
136|295|270|1|258|0|0|
136|294|270|1|260|0|0|
136|294|300|1|260|0|0|
136|295|270|1|258|0|0|
136|521|480|2|356|0|0|
136|294|300|1|260|0|0|
136|295|330|1|260|0|0|
136|295|270|1|258|0|0|
136|294|300|1|260|0|0|
136|295|270|1|258|0|0|
136|294|300|1|260|0|0|
136|295|270|1|258|0|0|
136|311|270|1|274|0|0|
136|294|300|1|260|0|0|
136|294|330|1|260|0|0|
136|228|210|1|233|0|0|
136|294|300|1|260|0|0|
136|295|300|1|258|0|0|
136|295|300|1|258|0|0|
136|295|300|1|258|0|0|
136|295|270|1|258|0|0|
136|295|270|1|258|0|0|
136|311|300|1|274|0|0|
136|295|300|1|258|0|0|
136|228|240|1|233|0|0|
136|295|330|1|258|0|0|
136|294|300|1|260|0|0|
136|294|270|1|260|0|0|
136|295|300|1|258|0|0|
136|295|300|1|258|0|0|
136|295|270|1|258|0|0|
136|295|300|1|258|0|0|
136|295|330|1|258|0|0|
136|295|330|1|258|0|0|
136|295|300|1|258|0|0|
136|295|270|1|258|0|0|
136|295|300|1|258|0|0|
136|295|300|1|258|0|0|
136|295|300|1|258|0|0|
136|295|300|1|258|0|0|
136|295|270|1|258|0|0|
136|295|270|1|258|0|0|
136|295|300|1|258|0|0|
136|295|300|1|258|0|0|
136|295|300|1|258|0|0|
136|295|300|1|258|0|0|
136|294|300|1|260|0|0|
136|294|300|1|260|0|0|
136|294|270|1|260|0|0|
136|295|330|1|258|0|0|
136|350|330|1|260|0|0|
136|295|270|1|258|0|0|
136|1226|1170|1|258|0|0|
136|295|270|1|258|0|0|
136|295|300|1|258|0|0|
136|295|270|1|258|0|0|
136|295|270|1|258|0|0|
136|295|300|1|258|0|0|
136|295|300|1|258|0|0|
136|295|300|1|258|0|0|
136|295|300|1|258|0|0|
136|295|270|1|258|0|0|
136|227|240|1|233|0|0|
136|295|300|1|260|0|0|
136|294|300|1|260|0|0|
136|294|300|1|260|0|0|
136|295|300|1|258|0|0|
136|295|300|1|258|0|0|
136|295|270|1|258|0|0|
136|295|270|1|258|0|0|
136|295|270|1|258|0|0|
136|295|330|1|258|0|0|
136|295|270|1|258|0|0|
136|295|270|1|258|0|0|
136|295|270|1|258|0|0|
136|294|300|1|260|0|0|
136|294|300|1|260|0|0|
136|295|270|1|258|0|0|
136|294|300|1|260|0|0|
136|295|300|1|258|0|0|
136|295|300|1|258|0|0|
136|295|270|1|258|0|0|
136|295|300|1|258|0|0|
136|295|300|1|258|0|0|
136|295|300|1|258|0|0|
136|305|300|1|266|0|0|
136|295|270|1|258|0|0|
136|295|270|1|258|0|0|
136|295|300|1|258|0|0|
136|295|300|1|258|0|0|
136|295|330|1|258|0|0|
136|295|270|1|258|0|0|
136|295|270|1|258|0|0|
136|295|300|1|258|0|0|
136|295|330|1|258|0|0|
136|295|300|1|258|0|0|
136|295|300|1|258|0|0|
136|402|420|1|231|0|0|
