INSTRUCTIONS_RETIRED|CYCLES|UNKNOWN|LD_BLOCKS.STORE_FORWARD|UOPS_EXECUTED.CORE|BR_MISP_RETIRED.ALL_BRANCHES|UOPS_ISSUED.SINGLE_MUL|
213|647|630|1|335|1|0|
213|419|450|1|335|1|0|
213|419|450|1|335|1|0|
213|419|450|1|335|1|0|
213|419|420|1|335|1|0|
213|419|420|1|335|1|0|
213|434|450|1|335|1|0|
213|434|420|1|335|1|0|
213|434|450|1|335|1|0|
213|434|450|1|335|1|0|
213|419|510|1|335|1|0|
213|419|570|1|335|1|0|
213|419|450|1|335|1|0|
213|419|540|1|335|1|0|
213|397|390|1|335|0|0|
213|397|360|1|335|0|0|
213|419|450|1|335|1|0|
213|397|390|1|335|0|0|
213|397|420|1|335|0|0|
213|397|420|1|335|0|0|
213|397|450|1|335|0|0|
213|412|600|1|335|0|0|
213|397|540|1|335|0|0|
213|397|450|1|335|0|0|
213|396|510|1|335|0|0|
213|397|540|1|335|0|0|
213|397|480|1|335|0|0|
213|397|480|1|335|0|0|
213|396|450|1|335|0|0|
213|397|450|1|335|0|0|
213|397|420|1|335|0|0|
213|397|450|1|335|0|0|
213|397|420|1|335|0|0|
213|412|450|1|335|0|0|
213|412|480|1|335|0|0|
213|412|450|1|335|0|0|
213|412|420|1|335|0|0|
213|412|450|1|335|0|0|
213|412|450|1|335|0|0|
213|412|450|1|335|0|0|
213|410|420|1|335|0|0|
213|344|390|1|306|0|0|
213|412|420|1|335|0|0|
213|412|420|1|335|0|0|
213|344|360|1|306|0|0|
213|344|360|1|306|0|0|
213|412|450|1|335|0|0|
213|344|390|1|306|0|0|
213|344|390|1|306|0|0|
213|412|420|1|335|0|0|
213|412|420|1|335|0|0|
213|397|360|1|335|0|0|
213|397|390|1|335|0|0|
213|397|390|1|335|0|0|
213|412|420|1|335|0|0|
213|397|390|1|335|0|0|
213|397|390|1|335|0|0|
213|397|390|1|335|0|0|
213|329|330|1|306|0|0|
213|397|390|1|335|0|0|
213|397|420|1|335|0|0|
213|397|390|1|335|0|0|
213|396|390|1|335|0|0|
213|397|390|1|335|0|0|
213|412|390|1|335|0|0|
213|412|420|1|335|0|0|
213|412|420|1|335|0|0|
213|410|390|1|335|0|0|
213|412|420|1|335|0|0|
213|412|390|1|335|0|0|
213|412|420|1|335|0|0|
213|412|420|1|335|0|0|
213|412|420|1|335|0|0|
213|425|450|1|347|0|0|
213|342|360|1|306|0|0|
213|484|540|1|335|0|0|
213|342|360|1|306|0|0|
213|410|450|1|335|0|0|
213|342|390|1|306|0|0|
213|342|390|1|306|0|0|
213|410|390|1|335|0|0|
213|410|420|1|335|0|0|
213|396|420|1|335|0|0|
213|412|450|1|335|0|0|
213|434|450|1|335|1|0|
213|434|480|1|335|1|0|
213|366|390|1|306|1|0|
213|366|390|1|306|1|0|
213|366|420|1|306|1|0|
213|434|450|1|335|1|0|
213|434|450|1|335|1|0|
213|434|390|1|335|1|0|
213|419|420|1|335|1|0|
213|434|390|1|335|1|0|
213|434|420|1|335|1|0|
213|366|360|1|306|1|0|
213|366|360|1|306|1|0|
213|364|390|1|306|1|0|
213|419|420|1|335|1|0|
213|434|420|1|335|1|0|
213|434|420|1|335|1|0|
213|419|420|1|335|1|0|
213|434|420|1|335|1|0|
213|434|420|1|335|1|0|
213|366|360|1|306|1|0|
213|434|420|1|335|1|0|
213|419|420|1|335|1|0|
213|419|420|1|335|1|0|
213|419|420|1|335|1|0|
213|419|390|1|335|1|0|
213|419|420|1|335|1|0|
213|419|420|1|335|1|0|
213|419|390|1|335|1|0|
213|419|450|1|335|1|0|
213|419|420|1|335|1|0|
213|419|420|1|335|1|0|
213|397|420|1|335|0|0|
213|397|420|1|335|0|0|
213|397|390|1|335|0|0|
213|410|390|1|335|0|0|
213|328|330|1|306|0|0|
213|342|300|1|306|0|0|
213|342|360|1|306|0|0|
213|410|420|1|335|0|0|
213|410|420|1|335|0|0|
213|412|420|1|335|0|0|
213|396|390|1|335|0|0|
213|328|330|1|306|0|0|
213|396|390|1|335|0|0|
213|396|390|1|335|0|0|
213|397|390|1|335|0|0|
213|396|390|1|335|0|0|
213|397|420|1|335|0|0|
213|396|390|1|335|0|0|
213|396|420|1|335|0|0|
213|397|390|1|335|0|0|
213|396|360|1|335|0|0|
213|396|390|1|335|0|0|
213|397|390|1|335|0|0|
213|397|390|1|335|0|0|
213|396|420|1|335|0|0|
213|396|420|1|335|0|0|
213|396|420|1|335|0|0|
213|396|390|1|335|0|0|
213|328|330|1|306|0|0|
213|328|330|1|306|0|0|
213|396|420|1|335|0|0|
213|396|390|1|335|0|0|
213|396|390|1|335|0|0|
213|397|390|1|335|0|0|
213|396|420|1|335|0|0|
213|396|390|1|335|0|0|
213|396|390|1|335|0|0|
213|396|390|1|335|0|0|
213|396|390|1|335|0|0|
213|396|390|1|335|0|0|
213|396|420|1|335|0|0|
213|396|390|1|335|0|0|
213|396|390|1|335|0|0|
213|396|420|1|335|0|0|
213|396|420|1|335|0|0|
213|396|450|1|335|0|0|
213|328|360|1|306|0|0|
213|396|420|1|335|0|0|
213|434|480|1|335|1|0|
213|351|360|1|306|1|0|
213|419|420|1|335|1|0|
213|351|360|1|306|1|0|
213|397|420|1|335|0|0|
213|396|420|1|335|0|0|
213|397|420|1|335|0|0|
213|396|420|1|335|0|0|
213|396|420|1|335|0|0|
213|410|450|1|335|0|0|
213|412|450|1|335|0|0|
214|1048|1110|1|560|1|0|
213|434|480|1|335|1|0|
213|419|450|1|335|1|0|
213|419|450|1|335|1|0|
213|419|420|1|335|1|0|
213|434|450|1|335|1|0|
213|432|480|1|335|1|0|
213|419|450|1|335|1|0|
213|419|450|1|335|1|0|
213|396|420|1|335|0|0|
213|419|450|1|335|1|0|
213|419|450|1|335|1|0|
213|419|450|1|335|1|0|
213|420|450|1|335|1|0|
213|419|450|1|335|1|0|
213|396|420|1|335|0|0|
213|397|420|1|335|0|0|
213|397|420|1|335|0|0|
213|412|420|1|335|0|0|
213|410|420|1|335|0|0|
213|410|420|1|335|0|0|
213|412|450|1|335|0|0|
213|342|360|1|306|0|0|
213|410|390|1|335|0|0|
213|342|360|1|306|0|0|
213|410|420|1|335|0|0|
213|410|420|1|335|0|0|
213|410|480|1|335|0|0|
213|396|450|1|335|0|0|
213|328|390|1|306|0|0|
213|328|390|1|306|0|0|
213|396|450|1|335|0|0|
213|412|420|1|335|0|0|
213|396|420|1|335|0|0|
213|328|330|1|306|0|0|
213|384|390|1|335|0|0|
213|396|390|1|335|0|0|
213|396|420|1|335|0|0|
213|396|390|1|335|0|0|
213|328|330|1|306|0|0|
213|328|330|1|306|0|0|
213|396|390|1|335|0|0|
213|396|390|1|335|0|0|
213|397|390|1|335|0|0|
213|397|420|1|335|0|0|
213|329|300|1|306|0|0|
213|419|480|1|335|1|0|
213|660|660|1|335|1|0|
213|351|330|1|306|1|0|
213|431|510|1|335|1|0|
213|419|480|1|335|1|0|
213|419|450|1|335|1|0|
213|419|450|1|335|1|0|
213|351|390|1|306|1|0|
213|419|450|1|335|1|0|
213|419|450|1|335|1|0|
213|419|450|1|335|1|0|
213|419|450|1|335|1|0|
213|419|450|1|335|1|0|
213|419|480|1|335|1|0|
213|419|450|1|335|1|0|
213|419|450|1|335|1|0|
213|419|480|1|335|1|0|
213|419|450|1|335|1|0|
213|419|450|1|335|1|0|
213|419|450|1|335|1|0|
213|419|450|1|335|1|0|
213|419|450|1|335|1|0|
213|419|480|1|335|1|0|
213|397|450|1|335|0|0|
213|397|450|1|335|0|0|
213|412|450|1|335|0|0|
213|344|390|1|306|0|0|
213|412|450|1|335|0|0|
213|344|390|1|306|0|0|
213|412|450|1|335|0|0|
213|410|450|1|335|0|0|
213|342|390|1|306|0|0|
213|412|450|1|335|0|0|
213|410|450|1|335|0|0|
213|396|420|1|335|0|0|
213|419|450|1|335|1|0|
213|419|420|1|335|1|0|
213|434|450|1|335|1|0|
213|366|390|1|306|1|0|
213|366|390|1|306|1|0|
213|419|450|1|335|1|0|
213|419|420|1|335|1|0|
213|396|420|1|335|0|0|
213|397|420|1|335|0|0|
213|328|330|1|306|0|0|
213|351|390|1|306|1|0|
213|351|390|1|306|1|0|
213|434|420|1|335|1|0|
213|434|450|1|335|1|0|
213|434|450|1|335|1|0|
213|412|450|1|335|0|0|
213|398|420|1|335|0|0|
213|419|420|1|335|1|0|
213|419|390|1|335|1|0|
213|419|420|1|335|1|0|
213|396|390|1|335|0|0|
213|419|420|1|335|1|0|
213|419|450|1|335|1|0|
213|419|420|1|335|1|0|
213|419|390|1|335|1|0|
213|419|420|1|335|1|0|
213|351|330|1|306|1|0|
213|419|420|1|335|1|0|
213|397|390|1|335|0|0|
213|419|420|1|335|1|0|
213|419|420|1|335|1|0|
213|419|420|1|335|1|0|
213|419|390|1|335|1|0|
213|419|420|1|335|1|0|
213|419|420|1|335|1|0|
213|419|390|1|335|1|0|
213|419|420|1|335|1|0|
213|419|420|1|335|1|0|
213|396|390|1|335|0|0|
213|419|450|1|335|1|0|
213|434|450|1|335|1|0|
213|434|420|1|335|1|0|
213|366|390|1|306|1|0|
213|434|450|1|335|1|0|
213|434|450|1|335|1|0|
213|419|450|1|335|1|0|
213|434|450|1|335|1|0|
213|434|480|1|335|1|0|
213|434|450|1|335|1|0|
213|434|480|1|335|1|0|
213|434|480|1|335|1|0|
213|396|420|1|335|0|0|
213|396|420|1|335|0|0|
213|397|420|1|335|0|0|
213|397|420|1|335|0|0|
213|396|420|1|335|0|0|
213|396|450|1|335|0|0|
213|396|450|1|335|0|0|
213|419|450|1|335|1|0|
213|419|480|1|335|1|0|
213|419|450|1|335|1|0|
213|419|480|1|335|1|0|
213|419|450|1|335|1|0|
213|419|450|1|335|1|0|
213|419|450|1|335|1|0|
213|419|450|1|335|1|0|
213|419|480|1|335|1|0|
213|396|420|1|335|0|0|
213|419|450|1|335|1|0|
213|351|390|1|306|1|0|
213|351|360|1|306|1|0|
213|419|480|1|335|1|0|
213|419|450|1|335|1|0|
213|419|450|1|335|1|0|
213|419|420|1|335|1|0|
213|419|450|1|335|1|0|
213|571|600|1|475|1|0|
213|419|450|1|335|1|0|
213|419|450|1|335|1|0|
213|434|450|1|335|1|0|
213|410|420|1|335|0|0|
213|412|420|1|335|0|0|
213|410|420|1|335|0|0|
213|410|450|1|335|0|0|
213|396|390|1|335|0|0|
213|410|420|1|335|0|0|
213|410|480|1|335|0|0|
213|412|480|1|335|0|0|
213|412|480|1|335|0|0|
213|342|390|1|306|0|0|
213|410|450|1|335|0|0|
213|412|480|1|335|0|0|
213|412|510|1|335|0|0|
213|410|480|1|335|0|0|
213|396|450|1|335|0|0|
213|396|480|1|335|0|0|
213|396|450|1|335|0|0|
213|397|420|1|335|0|0|
213|342|390|1|306|0|0|
213|412|480|1|335|0|0|
213|412|450|1|335|0|0|
213|410|480|1|335|0|0|
213|410|480|1|335|0|0|
213|342|390|1|306|0|0|
213|410|450|1|335|0|0|
213|410|480|1|335|0|0|
213|412|450|1|335|0|0|
213|410|450|1|335|0|0|
213|410|450|1|335|0|0|
213|410|450|1|335|0|0|
213|410|450|1|335|0|0|
213|410|480|1|335|0|0|
213|329|360|1|306|0|0|
213|397|450|1|335|0|0|
213|587|690|1|475|0|0|
213|410|480|1|335|0|0|
213|343|420|1|306|0|0|
213|343|420|1|306|0|0|
213|410|480|1|335|0|0|
213|397|450|1|335|0|0|
213|397|450|1|335|0|0|
213|396|450|1|335|0|0|
213|396|450|1|335|0|0|
213|396|450|1|335|0|0|
213|397|450|1|335|0|0|
213|397|420|1|335|0|0|
213|397|420|1|335|0|0|
213|329|330|1|306|0|0|
213|397|420|1|335|0|0|
213|396|420|1|335|0|0|
213|396|420|1|335|0|0|
213|396|390|1|335|0|0|
213|396|390|1|335|0|0|
213|328|360|1|306|0|0|
213|396|360|1|335|0|0|
213|397|420|1|335|0|0|
213|397|420|1|335|0|0|
213|397|420|1|335|0|0|
213|397|390|1|335|0|0|
213|396|390|1|335|0|0|
213|329|360|1|306|0|0|
213|397|390|1|335|0|0|
213|396|390|1|335|0|0|
213|397|420|1|335|0|0|
213|396|390|1|335|0|0|
213|396|420|1|335|0|0|
213|396|390|1|335|0|0|
213|396|420|1|335|0|0|
213|396|420|1|335|0|0|
213|397|420|1|335|0|0|
213|396|420|1|335|0|0|
213|328|360|1|306|0|0|
213|396|390|1|335|0|0|
213|397|420|1|335|0|0|
213|396|450|1|335|0|0|
213|396|420|1|335|0|0|
213|396|420|1|335|0|0|
213|396|420|1|335|0|0|
213|410|450|1|335|0|0|
213|604|660|1|468|0|0|
213|517|570|1|335|0|0|
213|342|360|1|306|0|0|
213|410|450|1|335|0|0|
213|410|390|1|335|0|0|
213|412|420|1|335|0|0|
213|412|390|1|335|0|0|
213|410|390|1|335|0|0|
213|410|390|1|335|0|0|
213|410|420|1|335|0|0|
213|410|420|1|335|0|0|
213|410|390|1|335|0|0|
213|434|420|1|335|1|0|
213|412|420|1|335|0|0|
213|434|420|1|335|1|0|
213|419|420|1|335|1|0|
213|419|420|1|335|1|0|
213|419|420|1|335|1|0|
213|434|420|1|335|1|0|
213|434|450|1|335|1|0|
213|351|360|1|306|1|0|
213|419|420|1|335|1|0|
213|419|420|1|335|1|0|
213|412|420|1|335|0|0|
213|412|450|1|335|0|0|
213|419|480|1|335|1|0|
213|397|480|1|335|0|0|
213|396|450|1|335|0|0|
213|396|450|1|335|0|0|
213|396|480|1|335|0|0|
213|397|450|1|335|0|0|
213|396|450|1|335|0|0|
213|396|480|1|335|0|0|
213|396|450|1|335|0|0|
213|412|480|1|335|0|0|
213|410|480|1|335|0|0|
213|410|480|1|335|0|0|
213|397|450|1|335|0|0|
213|396|450|1|335|0|0|
213|397|480|1|335|0|0|
213|397|450|1|335|0|0|
213|397|480|1|335|0|0|
213|412|450|1|335|0|0|
213|397|450|1|335|0|0|
213|397|450|1|335|0|0|
213|397|420|1|335|0|0|
213|397|420|1|335|0|0|
213|397|420|1|335|0|0|
213|397|420|1|335|0|0|
213|419|450|1|335|1|0|
213|419|450|1|335|1|0|
213|397|420|1|335|0|0|
213|397|420|1|335|0|0|
213|397|450|1|335|0|0|
213|397|420|1|335|0|0|
213|397|450|1|335|0|0|
213|397|420|1|335|0|0|
213|397|420|1|335|0|0|
213|397|420|1|335|0|0|
213|397|420|1|335|0|0|
213|397|420|1|335|0|0|
213|397|420|1|335|0|0|
213|397|420|1|335|0|0|
213|397|420|1|335|0|0|
213|419|420|1|335|1|0|
213|419|420|1|335|1|0|
213|419|450|1|335|1|0|
213|419|450|1|335|1|0|
213|419|450|1|335|1|0|
213|419|450|1|335|1|0|
213|351|390|1|306|1|0|
213|419|450|1|335|1|0|
213|419|450|1|335|1|0|
213|419|450|1|335|1|0|
213|419|450|1|335|1|0|
213|419|450|1|335|1|0|
213|419|450|1|335|1|0|
213|396|420|1|335|0|0|
213|397|420|1|335|0|0|
213|396|420|1|335|0|0|
213|396|420|1|335|0|0|
213|396|420|1|335|0|0|
213|396|420|1|335|0|0|
213|396|420|1|335|0|0|
213|396|450|1|335|0|0|
213|396|420|1|335|0|0|
213|396|420|1|335|0|0|
213|410|450|1|335|0|0|
213|342|360|1|306|0|0|
213|396|420|1|335|0|0|
213|396|450|1|335|0|0|
213|396|420|1|335|0|0|
213|396|420|1|335|0|0|
213|397|450|1|335|0|0|
213|396|450|1|335|0|0|
213|396|420|1|335|0|0|
213|397|450|1|335|0|0|
213|397|420|1|335|0|0|
213|396|450|1|335|0|0|
213|396|450|1|335|0|0|
213|397|420|1|335|0|0|
213|397|450|1|335|0|0|
213|396|450|1|335|0|0|
213|328|360|1|306|0|0|
213|396|450|1|335|0|0|
213|351|390|1|306|1|0|
213|419|450|1|335|1|0|
213|419|450|1|335|1|0|
213|434|480|1|335|1|0|
213|434|480|1|335|1|0|
213|434|480|1|335|1|0|
213|434|450|1|335|1|0|
213|434|480|1|335|1|0|
213|434|480|1|335|1|0|
213|419|480|1|335|1|0|
213|351|390|1|306|1|0|
213|351|390|1|306|1|0|
213|419|420|1|335|1|0|
213|419|480|1|335|1|0|
213|419|450|1|335|1|0|
213|419|480|1|335|1|0|
213|419|480|1|335|1|0|
213|396|420|1|335|0|0|
213|396|420|1|335|0|0|
213|419|480|1|335|1|0|
213|419|480|1|335|1|0|
213|419|450|1|335|1|0|
213|419|480|1|335|1|0|
213|419|480|1|335|1|0|
213|351|390|1|306|1|0|
213|351|360|1|306|1|0|
213|351|390|1|306|1|0|
213|419|420|1|335|1|0|
213|419|450|1|335|1|0|
213|351|360|1|306|1|0|
213|419|450|1|335|1|0|
213|432|450|1|335|1|0|
213|903|900|1|335|0|0|
213|396|420|1|335|0|0|
213|602|600|1|335|0|0|
213|396|420|1|335|0|0|
213|419|390|1|335|1|0|
213|419|420|1|335|1|0|
213|419|450|1|335|1|0|
213|419|420|1|335|1|0|
213|396|390|1|335|0|0|
213|419|390|1|335|1|0|
213|419|420|1|335|1|0|
213|419|420|1|335|1|0|
213|419|420|1|335|1|0|
213|419|420|1|335|1|0|
213|1132|1110|1|335|1|0|
213|366|360|1|306|1|0|
213|342|360|1|306|0|0|
213|629|630|1|335|0|0|
213|396|420|1|335|0|0|
213|396|390|1|335|0|0|
213|396|420|1|335|0|0|
213|397|390|1|335|0|0|
213|397|390|1|335|0|0|
213|396|390|1|335|0|0|
213|396|390|1|335|0|0|
213|397|390|1|335|0|0|
213|396|390|1|335|0|0|
213|396|390|1|335|0|0|
213|396|420|1|335|0|0|
213|396|390|1|335|0|0|
213|396|420|1|335|0|0|
213|329|330|1|306|0|0|
213|329|330|1|306|0|0|
213|409|420|1|335|0|0|
213|342|330|1|306|0|0|
213|329|330|1|306|0|0|
213|410|390|1|335|0|0|
213|412|390|1|335|0|0|
213|412|420|1|335|0|0|
213|412|420|1|335|0|0|
213|434|450|1|335|1|0|
213|419|420|1|335|1|0|
213|419|390|1|335|1|0|
213|419|420|1|335|1|0|
213|329|360|1|306|0|0|
213|434|420|1|335|1|0|
213|432|450|1|335|1|0|
213|364|360|1|306|1|0|
213|351|360|1|306|1|0|
213|419|450|1|335|1|0|
213|419|450|1|335|1|0|
213|419|450|1|335|1|0|
213|419|450|1|335|1|0|
213|419|450|1|335|1|0|
213|419|450|1|335|1|0|
213|419|450|1|335|1|0|
213|419|480|1|335|1|0|
213|419|480|1|335|1|0|
213|419|450|1|335|1|0|
213|419|450|1|335|1|0|
213|419|450|1|335|1|0|
213|419|450|1|335|1|0|
213|419|480|1|335|1|0|
213|419|450|1|335|1|0|
213|419|450|1|335|1|0|
213|396|420|1|335|0|0|
213|396|420|1|335|0|0|
213|397|390|1|335|0|0|
213|396|420|1|335|0|0|
213|410|450|1|335|0|0|
213|410|480|1|335|0|0|
213|410|450|1|335|0|0|
213|410|450|1|335|0|0|
213|412|480|1|335|0|0|
213|344|390|1|306|0|0|
213|341|360|1|306|0|0|
213|410|450|1|335|0|0|
213|432|480|1|335|1|0|
213|419|480|1|335|1|0|
213|419|480|1|335|1|0|
213|419|450|1|335|1|0|
213|434|480|1|335|1|0|
213|434|480|1|335|1|0|
213|434|480|1|335|1|0|
213|434|480|1|335|1|0|
213|434|480|1|335|1|0|
213|419|450|1|335|1|0|
213|419|450|1|335|1|0|
213|419|450|1|335|1|0|
213|419|480|1|335|1|0|
213|351|390|1|306|1|0|
213|419|480|1|335|1|0|
213|351|330|1|306|1|0|
213|419|450|1|335|1|0|
213|419|420|1|335|1|0|
213|419|450|1|335|1|0|
213|419|390|1|335|1|0|
213|419|450|1|335|1|0|
213|419|450|1|335|1|0|
213|419|450|1|335|1|0|
213|419|390|1|335|1|0|
213|419|420|1|335|1|0|
213|419|450|1|335|1|0|
213|419|390|1|335|1|0|
213|419|450|1|335|1|0|
213|419|390|1|335|1|0|
213|419|450|1|335|1|0|
213|419|450|1|335|1|0|
213|434|450|1|335|1|0|
213|434|480|1|335|1|0|
213|434|420|1|335|1|0|
213|434|450|1|335|1|0|
213|419|450|1|335|1|0|
213|419|450|1|335|1|0|
213|419|420|1|335|1|0|
213|419|420|1|335|1|0|
213|419|420|1|335|1|0|
213|419|420|1|335|1|0|
213|419|420|1|335|1|0|
213|419|420|1|335|1|0|
213|419|390|1|335|1|0|
213|419|420|1|335|1|0|
213|419|450|1|335|1|0|
213|419|390|1|335|1|0|
213|419|420|1|335|1|0|
213|419|450|1|335|1|0|
213|419|420|1|335|1|0|
213|434|450|1|335|1|0|
213|419|450|1|335|1|0|
213|419|420|1|335|1|0|
213|419|420|1|335|1|0|
213|419|420|1|335|1|0|
213|419|390|1|335|1|0|
213|419|420|1|335|1|0|
213|419|450|1|335|1|0|
213|419|420|1|335|1|0|
213|419|420|1|335|1|0|
213|419|420|1|335|1|0|
213|351|330|1|306|1|0|
213|434|450|1|335|1|0|
213|419|390|1|335|1|0|
213|419|390|1|335|1|0|
213|419|420|1|335|1|0|
213|419|420|1|335|1|0|
213|419|420|1|335|1|0|
213|419|420|1|335|1|0|
213|419|420|1|335|1|0|
213|419|420|1|335|1|0|
213|419|420|1|335|1|0|
213|419|420|1|335|1|0|
213|419|450|1|335|1|0|
213|434|450|1|335|1|0|
213|419|420|1|335|1|0|
213|419|390|1|335|1|0|
213|419|420|1|335|1|0|
213|419|420|1|335|1|0|
213|419|420|1|335|1|0|
213|419|420|1|335|1|0|
213|419|450|1|335|1|0|
213|419|420|1|335|1|0|
213|419|420|1|335|1|0|
213|351|360|1|306|1|0|
213|419|420|1|335|1|0|
213|419|420|1|335|1|0|
213|351|360|1|306|1|0|
213|351|360|1|306|1|0|
213|419|450|1|335|1|0|
213|419|420|1|335|1|0|
213|419|420|1|335|1|0|
213|419|390|1|335|1|0|
213|419|420|1|335|1|0|
213|419|420|1|335|1|0|
213|419|420|1|335|1|0|
213|419|420|1|335|1|0|
213|406|420|1|335|1|0|
213|419|390|1|335|1|0|
213|419|390|1|335|1|0|
213|419|390|1|335|1|0|
213|419|420|1|335|1|0|
213|396|390|1|335|0|0|
213|396|390|1|335|0|0|
213|419|420|1|335|1|0|
213|419|450|1|335|1|0|
213|419|390|1|335|1|0|
213|419|390|1|335|1|0|
213|419|420|1|335|1|0|
213|419|420|1|335|1|0|
213|434|450|1|335|1|0|
213|352|360|1|306|1|0|
213|420|420|1|335|1|0|
213|435|450|1|335|1|0|
213|366|360|1|306|1|0|
213|419|420|1|335|1|0|
213|419|390|1|335|1|0|
213|419|390|1|335|1|0|
213|419|420|1|335|1|0|
213|351|360|1|306|1|0|
213|434|420|1|335|1|0|
213|434|420|1|335|1|0|
213|419|420|1|335|1|0|
213|419|420|1|335|1|0|
213|419|420|1|335|1|0|
213|396|390|1|335|0|0|
213|434|450|1|335|1|0|
213|434|450|1|335|1|0|
213|419|420|1|335|1|0|
213|351|330|1|306|1|0|
213|419|420|1|335|1|0|
213|419|480|1|335|1|0|
213|419|450|1|335|1|0|
213|419|420|1|335|1|0|
213|434|480|1|335|1|0|
213|419|450|1|335|1|0|
213|351|390|1|306|1|0|
213|431|480|1|346|1|0|
213|419|480|1|335|1|0|
213|419|450|1|335|1|0|
213|419|450|1|335|1|0|
213|419|450|1|335|1|0|
213|419|420|1|335|1|0|
213|419|450|1|335|1|0|
213|419|450|1|335|1|0|
213|351|390|1|306|1|0|
213|419|450|1|335|1|0|
213|419|450|1|335|1|0|
213|419|450|1|335|1|0|
213|419|420|1|335|1|0|
213|419|450|1|335|1|0|
213|351|390|1|306|1|0|
213|419|420|1|335|1|0|
213|419|450|1|335|1|0|
213|419|450|1|335|1|0|
213|419|420|1|335|1|0|
213|434|450|1|335|1|0|
213|434|480|1|335|1|0|
213|419|450|1|335|1|0|
213|419|420|1|335|1|0|
213|419|450|1|335|1|0|
213|419|450|1|335|1|0|
213|419|450|1|335|1|0|
213|419|420|1|335|1|0|
213|419|450|1|335|1|0|
213|419|450|1|335|1|0|
213|419|450|1|335|1|0|
213|434|450|1|335|1|0|
213|434|450|1|335|1|0|
213|419|450|1|335|1|0|
213|419|450|1|335|1|0|
213|419|450|1|335|1|0|
213|419|450|1|335|1|0|
213|396|450|1|335|0|0|
213|419|480|1|335|1|0|
213|434|480|1|335|1|0|
213|434|480|1|335|1|0|
213|434|480|1|335|1|0|
213|434|480|1|335|1|0|
213|434|480|1|335|1|0|
213|434|510|1|335|1|0|
213|434|480|1|335|1|0|
213|434|480|1|335|1|0|
213|434|480|1|335|1|0|
213|419|480|1|335|1|0|
213|419|480|1|335|1|0|
213|419|450|1|335|1|0|
213|419|480|1|335|1|0|
213|419|420|1|335|1|0|
213|419|480|1|335|1|0|
213|434|480|1|335|1|0|
213|446|480|1|335|1|0|
213|419|480|1|335|1|0|
213|419|480|1|335|1|0|
213|434|480|1|335|1|0|
213|470|540|1|306|0|0|
213|397|420|1|335|0|0|
213|397|450|1|335|0|0|
213|412|450|1|335|0|0|
213|397|420|1|335|0|0|
213|397|420|1|335|0|0|
213|412|450|1|335|0|0|
213|397|450|1|335|0|0|
213|351|390|1|306|1|0|
213|351|390|1|306|1|0|
213|329|360|1|306|0|0|
213|397|450|1|335|0|0|
213|419|450|1|335|1|0|
213|329|360|1|306|0|0|
213|397|420|1|335|0|0|
213|397|420|1|335|0|0|
213|397|420|1|335|0|0|
213|397|420|1|335|0|0|
213|329|360|1|306|0|0|
213|410|420|1|335|0|0|
213|412|450|1|335|0|0|
213|344|360|1|306|0|0|
213|344|360|1|306|0|0|
213|397|420|1|335|0|0|
213|397|390|1|335|0|0|
213|397|390|1|335|0|0|
213|397|420|1|335|0|0|
213|397|390|1|335|0|0|
213|397|390|1|335|0|0|
213|412|420|1|335|0|0|
213|344|360|1|306|0|0|
213|412|390|1|335|0|0|
213|329|330|1|306|0|0|
213|397|390|1|335|0|0|
213|397|360|1|335|0|0|
213|396|390|1|335|0|0|
213|352|360|1|306|1|0|
213|420|420|1|335|1|0|
213|419|420|1|335|1|0|
213|432|420|1|335|1|0|
213|434|450|1|335|1|0|
213|434|420|1|335|1|0|
213|434|450|1|335|1|0|
213|434|450|1|335|1|0|
213|434|420|1|335|1|0|
213|419|390|1|335|1|0|
213|434|420|1|335|1|0|
213|434|420|1|335|1|0|
213|412|420|1|335|0|0|
213|412|420|1|335|0|0|
213|412|420|1|335|0|0|
213|397|390|1|335|0|0|
213|397|390|1|335|0|0|
213|397|390|1|335|0|0|
213|397|390|1|335|0|0|
213|329|330|1|306|0|0|
213|410|420|1|335|0|0|
213|412|420|1|335|0|0|
213|410|420|1|335|0|0|
213|412|390|1|335|0|0|
213|412|420|1|335|0|0|
213|412|420|1|335|0|0|
213|329|330|1|306|0|0|
213|328|330|1|306|0|0|
213|328|300|1|306|0|0|
213|397|390|1|335|0|0|
213|329|330|1|306|0|0|
213|351|360|1|306|1|0|
213|351|360|1|306|1|0|
213|351|330|1|306|1|0|
213|351|360|1|306|1|0|
213|366|390|1|306|1|0|
213|419|420|1|335|1|0|
213|396|390|1|335|0|0|
213|352|360|1|306|1|0|
213|420|420|1|335|1|0|
213|420|420|1|335|1|0|
213|419|420|1|335|1|0|
213|420|390|1|335|1|0|
213|420|420|1|335|1|0|
213|419|390|1|335|1|0|
213|434|420|1|335|1|0|
213|351|330|1|306|1|0|
213|419|420|1|335|1|0|
213|419|420|1|335|1|0|
213|419|390|1|335|1|0|
213|419|450|1|335|1|0|
213|419|420|1|335|1|0|
213|419|420|1|335|1|0|
213|419|420|1|335|1|0|
213|419|450|1|335|1|0|
213|419|420|1|335|1|0|
213|419|420|1|335|1|0|
213|419|450|1|335|1|0|
213|419|450|1|335|1|0|
213|419|480|1|335|1|0|
213|419|450|1|335|1|0|
213|419|420|1|335|1|0|
213|419|450|1|335|1|0|
213|419|450|1|335|1|0|
213|419|420|1|335|1|0|
213|419|450|1|335|1|0|
213|419|450|1|335|1|0|
213|419|450|1|335|1|0|
213|351|360|1|306|1|0|
213|419|420|1|335|1|0|
213|419|450|1|335|1|0|
213|434|450|1|335|1|0|
213|434|480|1|335|1|0|
213|419|450|1|335|1|0|
213|419|450|1|335|1|0|
213|419|450|1|335|1|0|
213|419|450|1|335|1|0|
213|419|450|1|335|1|0|
213|434|450|1|335|1|0|
213|419|420|1|335|1|0|
213|419|420|1|335|1|0|
213|419|420|1|335|1|0|
213|419|390|1|335|1|0|
213|419|420|1|335|1|0|
213|419|420|1|335|1|0|
213|419|420|1|335|1|0|
213|419|450|1|335|1|0|
213|419|420|1|335|1|0|
213|419|420|1|335|1|0|
213|419|420|1|335|1|0|
213|419|420|1|335|1|0|
213|434|450|1|335|1|0|
213|419|420|1|335|1|0|
213|419|420|1|335|1|0|
213|329|330|1|306|0|0|
213|397|390|1|335|0|0|
213|396|420|1|335|0|0|
213|419|420|1|335|1|0|
213|419|420|1|335|1|0|
213|419|420|1|335|1|0|
213|434|450|1|335|1|0|
213|434|420|1|335|1|0|
213|434|480|1|335|1|0|
213|396|420|1|335|0|0|
213|397|420|1|335|0|0|
213|434|480|1|335|1|0|
213|410|420|1|335|0|0|
213|410|450|1|335|0|0|
213|344|360|1|306|0|0|
213|419|480|1|335|1|0|
213|434|450|1|335|1|0|
213|397|450|1|335|0|0|
213|396|390|1|335|0|0|
213|396|420|1|335|0|0|
213|397|420|1|335|0|0|
213|396|420|1|335|0|0|
213|397|420|1|335|0|0|
213|396|420|1|335|0|0|
213|396|420|1|335|0|0|
213|410|420|1|335|0|0|
213|397|450|1|335|0|0|
213|397|420|1|335|0|0|
213|397|420|1|335|0|0|
213|397|450|1|335|0|0|
213|396|390|1|335|0|0|
213|396|390|1|335|0|0|
213|397|360|1|335|0|0|
213|397|390|1|335|0|0|
213|412|420|1|335|0|0|
213|412|390|1|335|0|0|
213|397|390|1|335|0|0|
213|397|360|1|335|0|0|
213|397|390|1|335|0|0|
213|397|390|1|335|0|0|
213|397|420|1|335|0|0|
213|397|390|1|335|0|0|
213|397|360|1|335|0|0|
213|412|420|1|335|0|0|
213|396|390|1|335|0|0|
213|396|390|1|335|0|0|
