INSTRUCTIONS_RETIRED|CYCLES|UNKNOWN|LD_BLOCKS.STORE_FORWARD|UOPS_EXECUTED.CORE|BR_MISP_RETIRED.ALL_BRANCHES|UOPS_ISSUED.SINGLE_MUL|
107|288|300|1|229|1|0|
107|288|330|1|229|1|0|
107|266|270|1|229|0|0|
107|267|270|1|229|0|0|
107|266|270|1|229|0|0|
107|266|240|1|229|0|0|
107|266|270|1|229|0|0|
107|266|240|1|229|0|0|
107|266|270|1|229|0|0|
107|267|240|1|229|0|0|
107|266|270|1|229|0|0|
107|267|240|1|229|0|0|
107|267|300|1|229|0|0|
107|267|270|1|229|0|0|
107|267|270|1|229|0|0|
107|267|240|1|229|0|0|
107|267|270|1|229|0|0|
107|266|270|1|229|0|0|
107|266|240|1|229|0|0|
107|267|270|1|229|0|0|
107|267|300|1|229|0|0|
107|288|300|1|229|1|0|
107|200|180|1|202|0|0|
107|200|210|1|202|0|0|
107|200|210|1|202|0|0|
107|200|210|1|202|0|0|
107|199|180|1|202|0|0|
107|288|270|1|229|1|0|
107|288|300|1|229|1|0|
107|295|270|1|229|1|0|
107|267|240|1|229|0|0|
107|266|270|1|229|0|0|
107|266|240|1|229|0|0|
107|267|270|1|229|0|0|
107|266|270|1|229|0|0|
107|267|270|1|229|0|0|
107|199|240|1|202|0|0|
107|267|270|1|229|0|0|
107|199|180|1|202|0|0|
107|266|270|1|229|0|0|
107|199|180|1|202|0|0|
107|266|240|1|229|0|0|
107|267|270|1|229|0|0|
107|267|300|1|229|0|0|
107|269|270|1|229|0|0|
107|267|270|1|229|0|0|
107|267|270|1|229|0|0|
107|266|270|1|229|0|0|
107|267|300|1|229|0|0|
107|267|270|1|229|0|0|
107|267|270|1|229|0|0|
107|267|300|1|229|0|0|
107|267|270|1|229|0|0|
107|266|270|1|229|0|0|
107|266|300|1|229|0|0|
107|266|300|1|229|0|0|
107|267|300|1|229|0|0|
107|266|270|1|229|0|0|
107|267|270|1|229|0|0|
107|267|270|1|229|0|0|
107|266|240|1|229|0|0|
107|200|240|1|202|0|0|
107|200|180|1|202|0|0|
107|267|270|1|229|0|0|
107|267|270|1|229|0|0|
107|199|180|1|202|0|0|
107|266|270|1|229|0|0|
107|199|180|1|202|0|0|
107|266|270|1|229|0|0|
107|267|270|1|229|0|0|
107|267|270|1|229|0|0|
107|266|240|1|229|0|0|
107|267|300|1|229|0|0|
107|266|270|1|229|0|0|
107|266|240|1|229|0|0|
107|267|300|1|229|0|0|
107|266|270|1|229|0|0|
107|266|270|1|229|0|0|
107|266|270|1|229|0|0|
107|199|210|1|202|0|0|
107|266|270|1|229|0|0|
107|200|180|1|202|0|0|
107|266|240|1|229|0|0|
107|266|270|1|229|0|0|
107|266|240|1|229|0|0|
107|266|270|1|229|0|0|
107|266|270|1|229|0|0|
107|267|270|1|229|0|0|
107|267|270|1|229|0|0|
107|200|180|1|202|0|0|
107|267|270|1|229|0|0|
107|267|240|1|229|0|0|
107|266|240|1|229|0|0|
107|266|300|1|229|0|0|
107|266|270|1|229|0|0|
107|266|270|1|229|0|0|
107|267|300|1|229|0|0|
107|267|270|1|229|0|0|
107|267|270|1|229|0|0|
107|267|240|1|229|0|0|
107|266|270|1|229|0|0|
107|267|240|1|229|0|0|
107|266|270|1|229|0|0|
107|267|240|1|229|0|0|
107|266|240|1|229|0|0|
107|267|270|1|229|0|0|
107|266|270|1|229|0|0|
107|266|300|1|229|0|0|
107|267|270|1|229|0|0|
107|269|270|1|229|0|0|
107|266|270|1|229|0|0|
107|267|240|1|229|0|0|
107|267|270|1|229|0|0|
107|267|300|1|229|0|0|
107|199|180|1|202|0|0|
107|267|270|1|229|0|0|
107|266|270|1|229|0|0|
107|200|210|1|202|0|0|
107|267|300|1|229|0|0|
107|266|300|1|229|0|0|
107|266|270|1|229|0|0|
107|266|300|1|229|0|0|
107|266|300|1|229|0|0|
107|266|300|1|229|0|0|
107|199|210|1|202|0|0|
107|199|210|1|202|0|0|
107|267|300|1|229|0|0|
107|266|300|1|229|0|0|
107|267|300|1|229|0|0|
107|267|300|1|229|0|0|
107|199|210|1|202|0|0|
107|200|210|1|202|0|0|
107|200|240|1|202|0|0|
107|199|240|1|202|0|0|
107|267|270|1|229|0|0|
107|267|300|1|229|0|0|
107|266|240|1|229|0|0|
107|267|270|1|229|0|0|
107|266|270|1|229|0|0|
107|267|300|1|229|0|0|
107|266|270|1|229|0|0|
107|266|300|1|229|0|0|
107|266|300|1|229|0|0|
107|266|270|1|229|0|0|
107|266|300|1|229|0|0|
107|266|300|1|229|0|0|
107|266|300|1|229|0|0|
107|266|240|1|229|0|0|
107|267|240|1|229|0|0|
107|267|270|1|229|0|0|
107|200|210|1|202|0|0|
107|267|270|1|229|0|0|
107|267|270|1|229|0|0|
107|200|210|1|202|0|0|
107|200|210|1|202|0|0|
107|267|300|1|229|0|0|
107|200|240|1|202|0|0|
107|200|210|1|202|0|0|
107|269|330|1|229|0|0|
107|267|300|1|229|0|0|
107|266|270|1|229|0|0|
107|267|270|1|229|0|0|
107|200|180|1|202|0|0|
107|267|270|1|229|0|0|
107|200|180|1|202|0|0|
107|267|270|1|229|0|0|
107|266|300|1|229|0|0|
107|266|270|1|229|0|0|
107|266|240|1|229|0|0|
107|267|270|1|229|0|0|
107|267|270|1|229|0|0|
107|267|270|1|229|0|0|
107|267|270|1|229|0|0|
107|267|270|1|229|0|0|
107|267|270|1|229|0|0|
107|267|240|1|229|0|0|
107|267|270|1|229|0|0|
107|267|270|1|229|0|0|
107|267|270|1|229|0|0|
107|267|270|1|229|0|0|
107|267|270|1|229|0|0|
107|267|240|1|229|0|0|
107|267|270|1|229|0|0|
107|199|210|1|202|0|0|
107|267|240|1|229|0|0|
107|267|270|1|229|0|0|
107|267|270|1|229|0|0|
107|267|270|1|229|0|0|
107|266|270|1|229|0|0|
107|266|270|1|229|0|0|
107|266|300|1|229|0|0|
107|266|270|1|229|0|0|
107|266|270|1|229|0|0|
107|267|270|1|229|0|0|
107|267|270|1|229|0|0|
107|267|270|1|229|0|0|
107|267|270|1|229|0|0|
107|266|270|1|229|0|0|
107|266|270|1|229|0|0|
107|267|270|1|229|0|0|
107|266|300|1|229|0|0|
107|199|180|1|202|0|0|
107|200|210|1|202|0|0|
107|266|270|1|229|0|0|
107|267|270|1|229|0|0|
107|266|270|1|229|0|0|
107|266|240|1|229|0|0|
107|267|270|1|229|0|0|
107|267|300|1|229|0|0|
107|266|300|1|229|0|0|
107|266|300|1|229|0|0|
107|200|240|1|202|0|0|
107|266|270|1|229|0|0|
107|268|300|1|229|0|0|
107|266|300|1|229|0|0|
107|266|270|1|229|0|0|
107|288|270|1|229|1|0|
107|221|210|1|202|1|0|
107|200|240|1|202|0|0|
107|267|300|1|229|0|0|
107|266|240|1|229|0|0|
107|266|300|1|229|0|0|
107|267|300|1|229|0|0|
107|266|270|1|229|0|0|
107|267|270|1|229|0|0|
107|266|300|1|229|0|0|
107|266|300|1|229|0|0|
107|266|300|1|229|0|0|
107|266|270|1|229|0|0|
107|266|300|1|229|0|0|
107|267|270|1|229|0|0|
107|267|270|1|229|0|0|
107|266|300|1|229|0|0|
107|266|300|1|229|0|0|
107|267|270|1|229|0|0|
107|267|270|1|229|0|0|
107|267|300|1|229|0|0|
107|267|270|1|229|0|0|
107|267|270|1|229|0|0|
107|267|300|1|229|0|0|
107|200|240|1|202|0|0|
107|267|300|1|229|0|0|
107|268|270|1|229|0|0|
107|266|270|1|229|0|0|
107|267|270|1|229|0|0|
107|267|300|1|229|0|0|
107|199|210|1|202|0|0|
107|266|270|1|229|0|0|
107|266|270|1|229|0|0|
107|267|240|1|229|0|0|
107|267|300|1|229|0|0|
107|267|270|1|229|0|0|
107|266|270|1|229|0|0|
107|266|270|1|229|0|0|
107|266|270|1|229|0|0|
107|200|210|1|202|0|0|
107|200|210|1|202|0|0|
107|200|210|1|202|0|0|
107|200|180|1|202|0|0|
107|200|210|1|202|0|0|
107|267|270|1|229|0|0|
107|268|270|1|229|0|0|
107|267|270|1|229|0|0|
107|200|240|1|202|0|0|
107|200|180|1|202|0|0|
107|200|210|1|202|0|0|
107|267|300|1|229|0|0|
107|267|270|1|229|0|0|
107|267|270|1|229|0|0|
107|267|300|1|229|0|0|
107|267|270|1|229|0|0|
107|200|240|1|202|0|0|
107|268|270|1|229|0|0|
107|267|270|1|229|0|0|
107|267|240|1|229|0|0|
107|267|270|1|229|0|0|
107|267|240|1|229|0|0|
107|267|240|1|229|0|0|
107|267|240|1|229|0|0|
107|267|300|1|229|0|0|
107|267|240|1|229|0|0|
107|267|270|1|229|0|0|
107|267|300|1|229|0|0|
107|267|270|1|229|0|0|
107|267|270|1|229|0|0|
107|267|270|1|229|0|0|
107|266|270|1|229|0|0|
107|267|270|1|229|0|0|
107|269|300|1|229|0|0|
107|267|300|1|229|0|0|
107|267|240|1|229|0|0|
107|266|270|1|229|0|0|
107|200|180|1|202|0|0|
107|267|270|1|229|0|0|
107|267|300|1|229|0|0|
107|267|270|1|229|0|0|
107|267|300|1|229|0|0|
107|267|300|1|229|0|0|
107|267|300|1|229|0|0|
107|267|300|1|229|0|0|
107|267|300|1|229|0|0|
107|267|300|1|229|0|0|
107|267|300|1|229|0|0|
107|267|270|1|229|0|0|
107|267|270|1|229|0|0|
107|267|300|1|229|0|0|
107|267|300|1|229|0|0|
107|267|300|1|229|0|0|
107|267|270|1|229|0|0|
107|267|300|1|229|0|0|
107|267|270|1|229|0|0|
107|267|270|1|229|0|0|
107|269|300|1|229|0|0|
107|267|270|1|229|0|0|
107|267|240|1|229|0|0|
107|267|300|1|229|0|0|
107|267|270|1|229|0|0|
107|267|300|1|229|0|0|
107|200|210|1|202|0|0|
107|200|210|1|202|0|0|
107|200|180|1|202|0|0|
107|267|240|1|229|0|0|
107|268|270|1|229|0|0|
107|267|270|1|229|0|0|
107|267|270|1|229|0|0|
107|266|300|1|229|0|0|
107|266|270|1|229|0|0|
107|266|270|1|229|0|0|
107|266|300|1|229|0|0|
107|267|240|1|229|0|0|
107|267|270|1|229|0|0|
107|267|270|1|229|0|0|
107|267|240|1|229|0|0|
107|267|270|1|229|0|0|
107|267|270|1|229|0|0|
107|267|270|1|229|0|0|
107|267|270|1|229|0|0|
107|267|300|1|229|0|0|
107|267|270|1|229|0|0|
107|267|270|1|229|0|0|
107|267|300|1|229|0|0|
107|267|270|1|229|0|0|
107|267|270|1|229|0|0|
107|267|270|1|229|0|0|
107|267|300|1|229|0|0|
107|267|270|1|229|0|0|
107|267|240|1|229|0|0|
107|267|240|1|229|0|0|
107|267|270|1|229|0|0|
107|267|240|1|229|0|0|
107|267|270|1|229|0|0|
107|267|270|1|229|0|0|
107|267|270|1|229|0|0|
107|267|270|1|229|0|0|
107|267|270|1|229|0|0|
107|267|270|1|229|0|0|
107|267|240|1|229|0|0|
107|267|270|1|229|0|0|
107|267|240|1|229|0|0|
107|268|240|1|229|0|0|
107|267|270|1|229|0|0|
107|267|270|1|229|0|0|
107|267|300|1|229|0|0|
107|267|240|1|229|0|0|
107|267|270|1|229|0|0|
107|267|240|1|229|0|0|
107|267|270|1|229|0|0|
107|267|300|1|229|0|0|
107|267|270|1|229|0|0|
107|267|270|1|229|0|0|
107|267|240|1|229|0|0|
107|267|240|1|229|0|0|
107|267|240|1|229|0|0|
107|267|240|1|229|0|0|
107|267|270|1|229|0|0|
107|267|270|1|229|0|0|
107|267|300|1|229|0|0|
107|267|240|1|229|0|0|
107|267|270|1|229|0|0|
107|267|240|1|229|0|0|
107|267|270|1|229|0|0|
107|267|270|1|229|0|0|
107|267|270|1|229|0|0|
107|267|300|1|229|0|0|
107|267|270|1|229|0|0|
107|267|270|1|229|0|0|
107|267|270|1|229|0|0|
107|267|240|1|229|0|0|
107|267|240|1|229|0|0|
107|267|270|1|229|0|0|
107|267|300|1|229|0|0|
107|267|270|1|229|0|0|
107|267|270|1|229|0|0|
107|267|270|1|229|0|0|
107|267|270|1|229|0|0|
107|267|240|1|229|0|0|
107|267|240|1|229|0|0|
107|267|300|1|229|0|0|
107|267|300|1|229|0|0|
107|268|240|1|229|0|0|
107|267|270|1|229|0|0|
107|267|240|1|229|0|0|
107|267|270|1|229|0|0|
107|267|270|1|229|0|0|
107|267|270|1|229|0|0|
107|267|240|1|229|0|0|
107|267|270|1|229|0|0|
107|267|270|1|229|0|0|
107|267|270|1|229|0|0|
107|267|270|1|229|0|0|
107|267|270|1|229|0|0|
107|267|240|1|229|0|0|
107|267|240|1|229|0|0|
107|267|240|1|229|0|0|
107|267|240|1|229|0|0|
107|267|240|1|229|0|0|
107|267|300|1|229|0|0|
107|267|240|1|229|0|0|
107|267|240|1|229|0|0|
107|267|270|1|229|0|0|
107|267|270|1|229|0|0|
107|267|270|1|229|0|0|
107|267|270|1|229|0|0|
107|267|270|1|229|0|0|
107|267|240|1|229|0|0|
107|267|270|1|229|0|0|
107|267|270|1|229|0|0|
107|267|270|1|229|0|0|
107|267|270|1|229|0|0|
107|267|270|1|229|0|0|
107|267|270|1|229|0|0|
107|267|270|1|229|0|0|
107|269|270|1|229|0|0|
107|267|270|1|229|0|0|
107|267|240|1|229|0|0|
107|267|270|1|229|0|0|
107|267|300|1|229|0|0|
107|267|270|1|229|0|0|
107|267|270|1|229|0|0|
107|267|270|1|229|0|0|
107|267|300|1|229|0|0|
107|267|240|1|229|0|0|
107|267|270|1|229|0|0|
107|267|270|1|229|0|0|
107|267|270|1|229|0|0|
107|267|270|1|229|0|0|
107|267|240|1|229|0|0|
107|267|270|1|229|0|0|
107|267|270|1|229|0|0|
107|267|270|1|229|0|0|
107|267|240|1|229|0|0|
107|267|300|1|229|0|0|
107|267|240|1|229|0|0|
107|267|270|1|229|0|0|
107|267|240|1|229|0|0|
107|267|270|1|229|0|0|
107|267|270|1|229|0|0|
107|267|270|1|229|0|0|
107|267|270|1|229|0|0|
107|267|270|1|229|0|0|
107|267|270|1|229|0|0|
107|267|270|1|229|0|0|
107|267|270|1|229|0|0|
107|267|300|1|229|0|0|
107|267|240|1|229|0|0|
107|267|240|1|229|0|0|
107|267|270|1|229|0|0|
107|267|270|1|229|0|0|
107|267|270|1|229|0|0|
107|266|240|1|229|0|0|
107|267|240|1|229|0|0|
107|267|240|1|229|0|0|
107|267|300|1|229|0|0|
107|267|300|1|229|0|0|
107|267|240|1|229|0|0|
107|267|270|1|229|0|0|
107|267|300|1|229|0|0|
107|267|240|1|229|0|0|
107|267|270|1|229|0|0|
107|267|270|1|229|0|0|
107|267|240|1|229|0|0|
107|267|240|1|229|0|0|
107|267|240|1|229|0|0|
107|267|270|1|229|0|0|
107|267|270|1|229|0|0|
107|267|300|1|229|0|0|
107|267|240|1|229|0|0|
107|267|270|1|229|0|0|
107|267|270|1|229|0|0|
107|267|270|1|229|0|0|
107|267|240|1|229|0|0|
107|267|300|1|229|0|0|
107|267|270|1|229|0|0|
107|267|270|1|229|0|0|
107|267|270|1|229|0|0|
107|267|270|1|229|0|0|
107|267|270|1|229|0|0|
107|267|270|1|229|0|0|
107|267|240|1|229|0|0|
107|267|270|1|229|0|0|
107|267|270|1|229|0|0|
107|267|270|1|229|0|0|
107|267|240|1|229|0|0|
107|267|270|1|229|0|0|
107|267|270|1|229|0|0|
107|267|300|1|229|0|0|
107|267|240|1|229|0|0|
107|267|270|1|229|0|0|
107|267|240|1|229|0|0|
107|267|240|1|229|0|0|
107|267|240|1|229|0|0|
107|267|240|1|229|0|0|
107|267|270|1|229|0|0|
107|267|240|1|229|0|0|
107|267|240|1|229|0|0|
107|267|270|1|229|0|0|
107|267|270|1|229|0|0|
107|267|240|1|229|0|0|
107|267|270|1|229|0|0|
107|267|240|1|229|0|0|
107|267|240|1|229|0|0|
107|267|270|1|229|0|0|
107|267|240|1|229|0|0|
107|267|300|1|229|0|0|
107|267|240|1|229|0|0|
107|267|240|1|229|0|0|
107|267|300|1|229|0|0|
107|267|240|1|229|0|0|
107|267|270|1|229|0|0|
107|267|240|1|229|0|0|
107|267|240|1|229|0|0|
107|267|300|1|229|0|0|
107|267|300|1|229|0|0|
107|267|270|1|229|0|0|
107|267|300|1|229|0|0|
107|267|270|1|229|0|0|
107|267|240|1|229|0|0|
107|267|270|1|229|0|0|
107|267|300|1|229|0|0|
107|268|270|1|229|0|0|
107|267|270|1|229|0|0|
107|267|270|1|229|0|0|
107|267|300|1|229|0|0|
108|899|900|1|465|0|0|
107|382|420|1|229|1|0|
107|266|270|1|229|0|0|
107|267|270|1|229|0|0|
107|267|270|1|229|0|0|
107|267|270|1|229|0|0|
107|266|270|1|229|0|0|
107|267|240|1|229|0|0|
107|266|270|1|229|0|0|
107|282|240|1|244|0|0|
107|199|210|1|202|0|0|
107|266|240|1|229|0|0|
107|199|180|1|202|0|0|
107|266|270|1|229|0|0|
107|267|240|1|229|0|0|
107|267|270|1|229|0|0|
107|267|240|1|229|0|0|
107|266|270|1|229|0|0|
107|200|210|1|202|0|0|
107|200|240|1|202|0|0|
107|200|180|1|202|0|0|
107|200|210|1|202|0|0|
107|266|330|1|229|0|0|
107|267|300|1|229|0|0|
107|267|300|1|229|0|0|
107|266|300|1|229|0|0|
107|199|180|1|202|0|0|
107|266|270|1|229|0|0|
107|266|270|1|229|0|0|
107|267|270|1|229|0|0|
107|267|270|1|229|0|0|
107|267|270|1|229|0|0|
107|199|210|1|202|0|0|
107|199|180|1|202|0|0|
107|200|180|1|202|0|0|
107|199|210|1|202|0|0|
107|200|240|1|202|0|0|
107|266|270|1|229|0|0|
107|199|180|1|202|0|0|
107|222|210|1|202|1|0|
107|222|270|1|202|1|0|
107|288|300|1|229|1|0|
107|288|300|1|229|1|0|
107|288|270|1|229|1|0|
107|221|210|1|202|1|0|
107|288|300|1|229|1|0|
107|267|270|1|229|0|0|
107|266|240|1|229|0|0|
107|267|270|1|229|0|0|
107|268|240|1|229|0|0|
107|267|270|1|229|0|0|
107|266|270|1|229|0|0|
107|266|270|1|229|0|0|
107|268|270|1|229|0|0|
107|266|240|1|229|0|0|
107|267|270|1|229|0|0|
107|200|180|1|202|0|0|
107|200|180|1|202|0|0|
107|266|240|1|229|0|0|
107|200|180|1|202|0|0|
107|267|240|1|229|0|0|
107|266|240|1|229|0|0|
107|267|300|1|229|0|0|
107|200|210|1|202|0|0|
107|266|240|1|229|0|0|
107|200|180|1|202|0|0|
107|266|240|1|229|0|0|
107|267|270|1|229|0|0|
107|222|210|1|202|1|0|
107|222|210|1|202|1|0|
107|222|210|1|202|1|0|
107|222|210|1|202|1|0|
107|222|210|1|202|1|0|
107|222|240|1|202|1|0|
107|266|270|1|229|0|0|
107|266|300|1|229|0|0|
107|266|270|1|229|0|0|
107|266|300|1|229|0|0|
107|222|210|1|202|1|0|
107|266|270|1|229|0|0|
107|266|270|1|229|0|0|
107|266|240|1|229|0|0|
107|266|270|1|229|0|0|
107|266|270|1|229|0|0|
107|266|270|1|229|0|0|
107|266|270|1|229|0|0|
107|266|270|1|229|0|0|
107|266|270|1|229|0|0|
107|326|330|1|229|0|0|
107|266|270|1|229|0|0|
107|267|270|1|229|0|0|
107|1387|1410|1|229|0|0|
107|267|270|1|229|0|0|
107|267|240|1|229|0|0|
107|200|210|1|202|0|0|
107|200|180|1|202|0|0|
107|200|210|1|202|0|0|
107|200|180|1|202|0|0|
107|266|270|1|229|0|0|
107|267|270|1|229|0|0|
107|267|270|1|229|0|0|
107|267|270|1|229|0|0|
107|266|270|1|229|0|0|
107|200|210|1|202|0|0|
107|266|240|1|229|0|0|
107|269|240|1|229|0|0|
107|200|210|1|202|0|0|
107|267|270|1|229|0|0|
107|267|240|1|229|0|0|
107|267|270|1|229|0|0|
107|333|360|1|229|0|0|
107|200|210|1|202|0|0|
107|199|210|1|202|0|0|
107|266|270|1|229|0|0|
107|266|270|1|229|0|0|
107|266|240|1|229|0|0|
107|266|270|1|229|0|0|
107|266|270|1|229|0|0|
107|266|240|1|229|0|0|
107|266|240|1|229|0|0|
107|267|270|1|229|0|0|
107|199|180|1|202|0|0|
107|200|210|1|202|0|0|
107|266|240|1|229|0|0|
107|266|240|1|229|0|0|
107|266|270|1|229|0|0|
107|268|270|1|229|0|0|
107|266|270|1|229|0|0|
107|267|270|1|229|0|0|
107|267|270|1|229|0|0|
107|267|300|1|229|0|0|
107|266|240|1|229|0|0|
107|266|270|1|229|0|0|
107|266|270|1|229|0|0|
107|267|270|1|229|0|0|
107|266|270|1|229|0|0|
107|266|240|1|229|0|0|
107|199|180|1|202|0|0|
107|267|300|1|229|0|0|
107|267|300|1|229|0|0|
107|267|240|1|229|0|0|
107|266|270|1|229|0|0|
107|266|270|1|229|0|0|
107|266|270|1|229|0|0|
107|266|240|1|229|0|0|
107|267|270|1|229|0|0|
107|266|240|1|229|0|0|
107|266|270|1|229|0|0|
107|266|270|1|229|0|0|
107|266|240|1|229|0|0|
107|267|270|1|229|0|0|
107|267|270|1|229|0|0|
107|267|240|1|229|0|0|
107|266|240|1|229|0|0|
107|266|270|1|229|0|0|
107|199|240|1|202|0|0|
107|200|210|1|202|0|0|
107|266|270|1|229|0|0|
107|199|240|1|202|0|0|
107|266|270|1|229|0|0|
107|200|240|1|202|0|0|
107|266|270|1|229|0|0|
107|266|270|1|229|0|0|
107|200|240|1|202|0|0|
107|266|330|1|229|0|0|
107|266|300|1|229|0|0|
107|266|300|1|229|0|0|
107|266|270|1|229|0|0|
107|267|300|1|229|0|0|
107|267|270|1|229|0|0|
107|199|210|1|202|0|0|
107|266|300|1|229|0|0|
107|267|240|1|229|0|0|
107|266|240|1|229|0|0|
107|266|300|1|229|0|0|
107|266|270|1|229|0|0|
107|266|270|1|229|0|0|
107|267|270|1|229|0|0|
107|267|270|1|229|0|0|
107|266|270|1|229|0|0|
107|266|270|1|229|0|0|
107|200|180|1|202|0|0|
107|199|210|1|202|0|0|
107|267|240|1|229|0|0|
107|266|240|1|229|0|0|
107|266|270|1|229|0|0|
107|266|270|1|229|0|0|
107|267|270|1|229|0|0|
107|199|240|1|202|0|0|
107|266|300|1|229|0|0|
107|199|180|1|202|0|0|
107|266|240|1|229|0|0|
107|267|270|1|229|0|0|
107|199|210|1|202|0|0|
107|199|210|1|202|0|0|
107|266|300|1|229|0|0|
107|266|330|1|229|0|0|
107|266|270|1|229|0|0|
107|266|270|1|229|0|0|
107|267|270|1|229|0|0|
107|266|330|1|229|0|0|
107|266|300|1|229|0|0|
107|266|270|1|229|0|0|
107|266|270|1|229|0|0|
107|267|300|1|229|0|0|
107|266|300|1|229|0|0|
107|267|330|1|229|0|0|
107|267|330|1|229|0|0|
107|267|330|1|229|0|0|
107|267|270|1|229|0|0|
107|200|180|1|202|0|0|
107|267|270|1|229|0|0|
107|267|270|1|229|0|0|
107|200|210|1|202|0|0|
107|267|270|1|229|0|0|
107|267|270|1|229|0|0|
107|267|270|1|229|0|0|
107|267|270|1|229|0|0|
107|267|270|1|229|0|0|
107|200|210|1|202|0|0|
107|200|180|1|202|0|0|
107|266|270|1|229|0|0|
107|200|240|1|202|0|0|
107|267|270|1|229|0|0|
107|267|270|1|229|0|0|
107|267|240|1|229|0|0|
107|267|270|1|229|0|0|
107|267|270|1|229|0|0|
107|267|270|1|229|0|0|
107|267|270|1|229|0|0|
107|267|270|1|229|0|0|
107|267|240|1|229|0|0|
107|267|270|1|229|0|0|
107|288|300|1|229|1|0|
107|267|270|1|229|0|0|
107|267|300|1|229|0|0|
107|267|300|1|229|0|0|
107|267|270|1|229|0|0|
107|267|270|1|229|0|0|
107|266|270|1|229|0|0|
107|267|240|1|229|0|0|
107|200|180|1|202|0|0|
107|266|240|1|229|0|0|
107|267|270|1|229|0|0|
107|267|270|1|229|0|0|
107|267|270|1|229|0|0|
107|267|270|1|229|0|0|
107|266|240|1|229|0|0|
107|267|300|1|229|0|0|
107|266|270|1|229|0|0|
107|267|270|1|229|0|0|
107|267|300|1|229|0|0|
107|267|270|1|229|0|0|
107|266|270|1|229|0|0|
107|267|270|1|229|0|0|
107|267|270|1|229|0|0|
107|266|240|1|229|0|0|
107|267|270|1|229|0|0|
107|267|270|1|229|0|0|
107|267|300|1|229|0|0|
107|267|270|1|229|0|0|
107|267|270|1|229|0|0|
107|267|270|1|229|0|0|
107|267|240|1|229|0|0|
107|267|270|1|229|0|0|
107|267|270|1|229|0|0|
107|267|270|1|229|0|0|
107|266|300|1|229|0|0|
107|267|270|1|229|0|0|
107|267|270|1|229|0|0|
107|267|300|1|229|0|0|
107|266|270|1|229|0|0|
107|266|270|1|229|0|0|
107|267|270|1|229|0|0|
107|266|270|1|229|0|0|
107|267|270|1|229|0|0|
107|266|300|1|229|0|0|
107|199|180|1|202|0|0|
107|266|270|1|229|0|0|
107|200|210|1|202|0|0|
107|199|210|1|202|0|0|
107|266|300|1|229|0|0|
107|266|270|1|229|0|0|
107|267|300|1|229|0|0|
107|267|300|1|229|0|0|
107|266|300|1|229|0|0|
107|267|300|1|229|0|0|
107|266|270|1|229|0|0|
107|267|300|1|229|0|0|
107|266|300|1|229|0|0|
107|267|300|1|229|0|0|
107|267|300|1|229|0|0|
107|267|300|1|229|0|0|
107|200|210|1|202|0|0|
107|267|270|1|229|0|0|
107|268|300|1|229|0|0|
107|267|300|1|229|0|0|
107|267|270|1|229|0|0|
107|267|240|1|229|0|0|
107|267|300|1|229|0|0|
107|267|240|1|229|0|0|
107|200|180|1|202|0|0|
107|267|270|1|229|0|0|
107|267|240|1|229|0|0|
107|267|240|1|229|0|0|
107|267|300|1|229|0|0|
107|267|300|1|229|0|0|
107|267|270|1|229|0|0|
107|267|270|1|229|0|0|
107|267|240|1|229|0|0|
107|267|270|1|229|0|0|
107|266|240|1|229|0|0|
107|200|210|1|202|0|0|
107|267|270|1|229|0|0|
107|267|270|1|229|0|0|
107|267|240|1|229|0|0|
107|267|270|1|229|0|0|
107|267|240|1|229|0|0|
107|267|270|1|229|0|0|
107|267|240|1|229|0|0|
107|266|270|1|229|0|0|
107|200|210|1|202|0|0|
107|267|240|1|229|0|0|
107|267|270|1|229|0|0|
107|200|180|1|202|0|0|
107|267|270|1|229|0|0|
107|267|240|1|229|0|0|
107|267|270|1|229|0|0|
107|267|240|1|229|0|0|
107|267|270|1|229|0|0|
107|266|270|1|229|0|0|
107|200|180|1|202|0|0|
107|200|180|1|202|0|0|
107|267|270|1|229|0|0|
107|267|270|1|229|0|0|
107|267|270|1|229|0|0|
107|200|180|1|202|0|0|
107|267|270|1|229|0|0|
107|267|240|1|229|0|0|
107|267|270|1|229|0|0|
107|267|270|1|229|0|0|
107|267|240|1|229|0|0|
107|267|270|1|229|0|0|
107|267|270|1|229|0|0|
107|267|240|1|229|0|0|
107|267|240|1|229|0|0|
107|267|270|1|229|0|0|
107|269|270|1|229|0|0|
107|267|240|1|229|0|0|
107|267|240|1|229|0|0|
107|216|210|1|202|0|0|
107|267|300|1|229|0|0|
107|267|270|1|229|0|0|
107|267|270|1|229|0|0|
107|267|300|1|229|0|0|
107|267|270|1|229|0|0|
107|267|270|1|229|0|0|
107|267|270|1|229|0|0|
107|266|240|1|229|0|0|
107|266|240|1|229|0|0|
107|266|270|1|229|0|0|
107|266|270|1|229|0|0|
107|267|270|1|229|0|0|
107|266|240|1|229|0|0|
107|199|180|1|202|0|0|
107|288|300|1|229|1|0|
107|266|240|1|229|0|0|
107|267|270|1|229|0|0|
107|267|270|1|229|0|0|
107|266|270|1|229|0|0|
107|267|240|1|229|0|0|
107|267|240|1|229|0|0|
107|267|240|1|229|0|0|
107|199|210|1|202|0|0|
107|266|270|1|229|0|0|
107|267|270|1|229|0|0|
107|267|240|1|229|0|0|
107|267|270|1|229|0|0|
107|267|270|1|229|0|0|
107|267|270|1|229|0|0|
107|267|270|1|229|0|0|
107|267|240|1|229|0|0|
107|267|240|1|229|0|0|
107|267|270|1|229|0|0|
107|267|240|1|229|0|0|
107|267|240|1|229|0|0|
107|267|270|1|229|0|0|
107|267|240|1|229|0|0|
107|200|210|1|202|0|0|
107|200|180|1|202|0|0|
107|200|180|1|202|0|0|
107|200|180|1|202|0|0|
107|267|270|1|229|0|0|
107|267|270|1|229|0|0|
107|267|240|1|229|0|0|
107|267|270|1|229|0|0|
107|267|240|1|229|0|0|
107|209|210|1|202|0|0|
107|267|240|1|229|0|0|
107|267|240|1|229|0|0|
107|267|270|1|229|0|0|
107|267|270|1|229|0|0|
107|267|240|1|229|0|0|
107|267|300|1|229|0|0|
107|267|270|1|229|0|0|
107|227|210|1|202|0|0|
107|267|240|1|229|0|0|
107|267|270|1|229|0|0|
107|200|210|1|202|0|0|
107|288|300|1|229|1|0|
107|289|300|1|229|1|0|
107|288|270|1|229|1|0|
107|221|210|1|202|1|0|
107|199|210|1|202|0|0|
107|266|300|1|229|0|0|
107|199|180|1|202|0|0|
107|266|270|1|229|0|0|
107|266|270|1|229|0|0|
107|267|270|1|229|0|0|
107|266|270|1|229|0|0|
107|200|180|1|202|0|0|
107|267|240|1|229|0|0|
107|200|240|1|202|0|0|
107|267|300|1|229|0|0|
107|267|270|1|229|0|0|
107|266|270|1|229|0|0|
107|199|180|1|202|0|0|
107|266|270|1|229|0|0|
107|266|240|1|229|0|0|
107|267|270|1|229|0|0|
107|267|270|1|229|0|0|
107|266|300|1|229|0|0|
107|200|210|1|202|0|0|
107|200|210|1|202|0|0|
107|200|180|1|202|0|0|
107|200|210|1|202|0|0|
107|200|180|1|202|0|0|
107|200|180|1|202|0|0|
107|267|270|1|229|0|0|
107|267|240|1|229|0|0|
107|268|270|1|229|0|0|
107|269|240|1|229|0|0|
107|267|270|1|229|0|0|
107|266|270|1|229|0|0|
107|199|180|1|202|0|0|
107|200|180|1|202|0|0|
107|200|240|1|202|0|0|
107|267|240|1|229|0|0|
107|267|270|1|229|0|0|
107|267|270|1|229|0|0|
107|267|270|1|229|0|0|
107|267|270|1|229|0|0|
107|267|270|1|229|0|0|
107|267|270|1|229|0|0|
107|266|270|1|229|0|0|
107|200|210|1|202|0|0|
107|266|240|1|229|0|0|
