INSTRUCTIONS_RETIRED|CYCLES|UNKNOWN|LD_BLOCKS.STORE_FORWARD|UOPS_EXECUTED.CORE|BR_MISP_RETIRED.ALL_BRANCHES|UOPS_ISSUED.SINGLE_MUL|
108|414|420|1|230|0|0|
108|267|270|1|230|0|0|
108|268|270|1|230|0|0|
108|267|240|1|230|0|0|
108|200|210|1|203|0|0|
108|268|270|1|230|0|0|
108|267|270|1|230|0|0|
108|268|270|1|230|0|0|
108|267|270|1|230|0|0|
108|267|240|1|230|0|0|
108|267|270|1|230|0|0|
108|201|210|1|203|0|0|
108|267|240|1|230|0|0|
108|267|270|1|230|0|0|
108|201|180|1|203|0|0|
108|268|240|1|230|0|0|
108|200|180|1|203|0|0|
108|268|270|1|230|0|0|
108|400|390|1|230|0|0|
108|267|270|1|230|0|0|
108|223|210|1|203|1|0|
108|268|240|1|230|0|0|
108|223|240|1|203|1|0|
108|267|300|1|230|0|0|
108|267|240|1|230|0|0|
108|267|270|1|230|0|0|
108|268|270|1|230|0|0|
108|267|240|1|230|0|0|
108|267|270|1|230|0|0|
108|268|240|1|230|0|0|
108|268|270|1|230|0|0|
108|267|270|1|230|0|0|
108|267|240|1|230|0|0|
108|267|300|1|230|0|0|
108|201|210|1|203|0|0|
108|201|210|1|203|0|0|
108|200|240|1|203|0|0|
108|200|210|1|203|0|0|
108|201|210|1|203|0|0|
108|200|210|1|203|0|0|
108|201|210|1|203|0|0|
108|201|210|1|203|0|0|
108|200|180|1|203|0|0|
108|200|210|1|203|0|0|
108|200|210|1|203|0|0|
108|200|210|1|203|0|0|
108|200|180|1|203|0|0|
108|200|240|1|203|0|0|
108|200|210|1|203|0|0|
108|200|210|1|203|0|0|
108|200|210|1|203|0|0|
108|200|210|1|203|0|0|
108|200|210|1|203|0|0|
108|200|210|1|203|0|0|
108|200|210|1|203|0|0|
108|200|180|1|203|0|0|
108|200|210|1|203|0|0|
108|200|210|1|203|0|0|
108|200|240|1|203|0|0|
108|201|180|1|203|0|0|
108|201|210|1|203|0|0|
108|201|210|1|203|0|0|
108|201|180|1|203|0|0|
108|201|180|1|203|0|0|
108|201|180|1|203|0|0|
108|201|210|1|203|0|0|
108|201|180|1|203|0|0|
108|201|180|1|203|0|0|
108|201|180|1|203|0|0|
108|268|270|1|230|0|0|
108|201|180|1|203|0|0|
108|201|180|1|203|0|0|
108|201|210|1|203|0|0|
108|267|270|1|230|0|0|
108|223|210|1|203|1|0|
108|267|240|1|230|0|0|
108|374|360|1|201|0|0|
108|349|360|1|201|1|0|
108|200|240|1|203|0|0|
108|223|210|1|203|1|0|
108|223|210|1|203|1|0|
108|223|210|1|203|1|0|
108|201|240|1|203|0|0|
108|267|270|1|230|0|0|
108|215|240|1|201|0|0|
108|200|210|1|203|0|0|
108|201|210|1|203|0|0|
108|200|210|1|203|0|0|
108|267|270|1|230|0|0|
108|200|210|1|203|0|0|
108|268|270|1|230|0|0|
108|200|210|1|203|0|0|
108|201|180|1|203|0|0|
108|357|360|1|230|0|0|
108|267|240|1|230|0|0|
108|269|270|1|230|0|0|
108|223|210|1|203|1|0|
108|268|270|1|230|0|0|
108|267|270|1|230|0|0|
108|223|240|1|203|1|0|
108|267|300|1|230|0|0|
108|267|270|1|230|0|0|
108|267|240|1|230|0|0|
108|223|210|1|203|1|0|
108|267|300|1|230|0|0|
108|268|270|1|230|0|0|
108|200|180|1|203|0|0|
108|267|270|1|230|0|0|
108|267|270|1|230|0|0|
108|268|270|1|230|0|0|
108|201|180|1|203|0|0|
108|201|180|1|203|0|0|
108|268|270|1|230|0|0|
108|201|210|1|203|0|0|
108|201|210|1|203|0|0|
108|268|240|1|230|0|0|
108|268|240|1|230|0|0|
108|201|210|1|203|0|0|
108|268|270|1|230|0|0|
108|268|240|1|230|0|0|
108|201|180|1|203|0|0|
108|268|270|1|230|0|0|
108|201|180|1|203|0|0|
108|268|270|1|230|0|0|
108|268|270|1|230|0|0|
108|201|210|1|203|0|0|
108|268|270|1|230|0|0|
108|223|210|1|203|1|0|
108|223|210|1|203|1|0|
108|223|240|1|203|1|0|
108|267|270|1|230|0|0|
108|267|270|1|230|0|0|
108|267|270|1|230|0|0|
108|223|210|1|203|1|0|
108|223|210|1|203|1|0|
108|223|270|1|203|1|0|
108|223|210|1|203|1|0|
108|223|210|1|203|1|0|
108|223|210|1|203|1|0|
108|223|210|1|203|1|0|
108|267|240|1|230|0|0|
108|200|210|1|203|0|0|
108|267|240|1|230|0|0|
108|201|180|1|203|0|0|
108|268|240|1|230|0|0|
108|267|270|1|230|0|0|
108|267|270|1|230|0|0|
108|200|210|1|203|0|0|
108|200|210|1|203|0|0|
108|267|270|1|230|0|0|
108|200|210|1|203|0|0|
108|267|240|1|230|0|0|
108|328|330|1|230|0|0|
108|267|270|1|230|0|0|
108|267|270|1|230|0|0|
108|267|270|1|230|0|0|
108|267|240|1|230|0|0|
108|268|240|1|230|0|0|
108|279|300|1|241|0|0|
108|268|270|1|230|0|0|
108|267|270|1|230|0|0|
108|267|240|1|230|0|0|
108|325|300|1|230|0|0|
108|267|300|1|230|0|0|
108|267|270|1|230|0|0|
108|200|210|1|203|0|0|
108|267|270|1|230|0|0|
108|267|240|1|230|0|0|
108|201|180|1|203|0|0|
108|268|270|1|230|0|0|
108|267|240|1|230|0|0|
108|267|240|1|230|0|0|
108|267|270|1|230|0|0|
108|267|270|1|230|0|0|
108|267|270|1|230|0|0|
108|267|270|1|230|0|0|
108|268|270|1|230|0|0|
108|267|270|1|230|0|0|
108|268|270|1|230|0|0|
108|267|240|1|230|0|0|
108|267|300|1|230|0|0|
108|200|180|1|203|0|0|
108|365|360|1|230|0|0|
108|267|240|1|230|0|0|
108|267|240|1|230|0|0|
108|267|270|1|230|0|0|
108|267|240|1|230|0|0|
108|267|270|1|230|0|0|
108|267|270|1|230|0|0|
108|201|210|1|203|0|0|
108|201|180|1|203|0|0|
108|267|240|1|230|0|0|
108|200|210|1|203|0|0|
108|267|240|1|230|0|0|
108|200|210|1|203|0|0|
108|200|240|1|203|0|0|
108|200|180|1|203|0|0|
108|200|210|1|203|0|0|
108|200|210|1|203|0|0|
108|267|240|1|230|0|0|
108|200|210|1|203|0|0|
108|201|240|1|203|0|0|
108|200|180|1|203|0|0|
108|267|270|1|230|0|0|
108|268|270|1|230|0|0|
108|267|270|1|230|0|0|
108|267|270|1|230|0|0|
108|267|270|1|230|0|0|
108|267|240|1|230|0|0|
108|201|210|1|203|0|0|
108|267|270|1|230|0|0|
108|267|300|1|230|0|0|
108|267|270|1|230|0|0|
108|267|270|1|230|0|0|
108|267|270|1|230|0|0|
108|268|270|1|230|0|0|
108|267|270|1|230|0|0|
108|343|330|1|230|0|0|
108|268|300|1|230|0|0|
108|267|240|1|230|0|0|
108|201|210|1|203|0|0|
108|267|240|1|230|0|0|
108|267|270|1|230|0|0|
108|267|270|1|230|0|0|
108|200|240|1|203|0|0|
108|267|240|1|230|0|0|
108|201|210|1|203|0|0|
108|268|270|1|230|0|0|
108|200|180|1|203|0|0|
108|201|180|1|203|0|0|
108|201|240|1|203|0|0|
108|201|240|1|203|0|0|
108|201|180|1|203|0|0|
108|200|210|1|203|0|0|
108|200|180|1|203|0|0|
108|200|210|1|203|0|0|
108|267|270|1|230|0|0|
108|200|210|1|203|0|0|
108|268|270|1|230|0|0|
108|201|210|1|203|0|0|
108|201|240|1|203|0|0|
108|201|240|1|203|0|0|
108|201|180|1|203|0|0|
108|201|210|1|203|0|0|
108|269|270|1|230|0|0|
108|201|240|1|203|0|0|
108|201|210|1|203|0|0|
108|201|240|1|203|0|0|
108|201|210|1|203|0|0|
108|201|180|1|203|0|0|
108|268|270|1|230|0|0|
108|268|240|1|230|0|0|
108|267|270|1|230|0|0|
108|268|270|1|230|0|0|
108|268|270|1|230|0|0|
108|269|270|1|230|0|0|
108|268|270|1|230|0|0|
108|268|270|1|230|0|0|
108|201|210|1|203|0|0|
108|268|270|1|230|0|0|
108|268|240|1|230|0|0|
108|268|300|1|230|0|0|
108|268|270|1|230|0|0|
108|268|270|1|230|0|0|
108|268|270|1|230|0|0|
108|267|270|1|230|0|0|
108|268|270|1|230|0|0|
108|268|270|1|230|0|0|
108|267|270|1|230|0|0|
108|267|270|1|230|0|0|
108|200|210|1|203|0|0|
108|200|180|1|203|0|0|
108|267|270|1|230|0|0|
108|267|300|1|230|0|0|
108|200|180|1|203|0|0|
108|267|270|1|230|0|0|
108|268|270|1|230|0|0|
108|267|270|1|230|0|0|
108|267|270|1|230|0|0|
108|200|180|1|203|0|0|
108|200|180|1|203|0|0|
108|200|180|1|203|0|0|
108|200|210|1|203|0|0|
108|267|300|1|230|0|0|
108|267|240|1|230|0|0|
108|267|300|1|230|0|0|
108|200|180|1|203|0|0|
108|267|270|1|230|0|0|
108|267|270|1|230|0|0|
108|376|330|1|201|0|0|
108|201|210|1|203|0|0|
108|268|240|1|230|0|0|
108|268|240|1|230|0|0|
108|267|270|1|230|0|0|
108|267|270|1|230|0|0|
108|201|210|1|203|0|0|
108|268|240|1|230|0|0|
108|267|300|1|230|0|0|
108|267|240|1|230|0|0|
108|268|270|1|230|0|0|
108|267|300|1|230|0|0|
108|268|270|1|230|0|0|
108|201|180|1|203|0|0|
108|344|330|1|201|0|0|
108|267|270|1|230|0|0|
108|267|270|1|230|0|0|
108|267|270|1|230|0|0|
108|223|240|1|203|1|0|
108|267|270|1|230|0|0|
108|200|210|1|203|0|0|
108|200|180|1|203|0|0|
108|200|210|1|203|0|0|
108|267|270|1|230|0|0|
108|201|210|1|203|0|0|
108|201|210|1|203|0|0|
108|200|210|1|203|0|0|
108|201|210|1|203|0|0|
108|200|180|1|203|0|0|
108|200|180|1|203|0|0|
108|200|180|1|203|0|0|
108|200|180|1|203|0|0|
108|200|210|1|203|0|0|
108|267|270|1|230|0|0|
108|200|180|1|203|0|0|
108|200|180|1|203|0|0|
108|200|210|1|203|0|0|
108|201|180|1|203|0|0|
108|268|300|1|230|0|0|
108|200|180|1|203|0|0|
108|267|270|1|230|0|0|
108|268|270|1|230|0|0|
108|267|240|1|230|0|0|
108|267|240|1|230|0|0|
108|267|300|1|230|0|0|
108|268|240|1|230|0|0|
108|267|270|1|230|0|0|
108|268|240|1|230|0|0|
108|267|240|1|230|0|0|
108|267|240|1|230|0|0|
108|201|210|1|203|0|0|
108|201|210|1|203|0|0|
108|267|240|1|230|0|0|
108|267|270|1|230|0|0|
108|267|270|1|230|0|0|
108|267|270|1|230|0|0|
108|268|270|1|230|0|0|
108|268|240|1|230|0|0|
108|268|270|1|230|0|0|
108|267|270|1|230|0|0|
108|267|270|1|230|0|0|
108|267|270|1|230|0|0|
108|267|240|1|230|0|0|
108|268|270|1|230|0|0|
108|223|210|1|203|1|0|
108|268|300|1|230|0|0|
108|268|270|1|230|0|0|
108|267|240|1|230|0|0|
108|223|210|1|203|1|0|
108|267|270|1|230|0|0|
108|201|210|1|203|0|0|
108|267|270|1|230|0|0|
108|267|270|1|230|0|0|
108|267|300|1|230|0|0|
108|267|300|1|230|0|0|
108|268|300|1|230|0|0|
108|267|240|1|230|0|0|
108|268|300|1|230|0|0|
108|267|300|1|230|0|0|
108|268|300|1|230|0|0|
108|267|240|1|230|0|0|
108|267|240|1|230|0|0|
108|267|300|1|230|0|0|
108|267|270|1|230|0|0|
108|267|240|1|230|0|0|
108|268|300|1|230|0|0|
108|267|240|1|230|0|0|
108|268|270|1|230|0|0|
108|267|270|1|230|0|0|
108|201|180|1|203|0|0|
108|332|300|1|230|0|0|
108|267|240|1|230|0|0|
108|268|240|1|230|0|0|
108|268|270|1|230|0|0|
108|268|240|1|230|0|0|
108|267|270|1|230|0|0|
108|267|240|1|230|0|0|
108|290|270|1|230|1|0|
108|267|270|1|230|0|0|
108|267|300|1|230|0|0|
108|267|300|1|230|0|0|
108|268|240|1|230|0|0|
108|267|270|1|230|0|0|
108|290|270|1|230|1|0|
108|267|240|1|230|0|0|
108|267|240|1|230|0|0|
108|267|270|1|230|0|0|
108|268|240|1|230|0|0|
108|201|180|1|203|0|0|
108|267|270|1|230|0|0|
108|267|240|1|230|0|0|
108|268|270|1|230|0|0|
108|267|270|1|230|0|0|
108|267|240|1|230|0|0|
108|267|270|1|230|0|0|
108|267|270|1|230|0|0|
108|268|300|1|230|0|0|
108|268|240|1|230|0|0|
108|268|270|1|230|0|0|
108|267|240|1|230|0|0|
108|200|180|1|203|0|0|
108|448|420|1|230|0|0|
108|268|240|1|230|0|0|
108|268|270|1|230|0|0|
108|267|300|1|230|0|0|
108|268|270|1|230|0|0|
108|268|300|1|230|0|0|
108|268|270|1|230|0|0|
108|267|270|1|230|0|0|
108|268|240|1|230|0|0|
108|223|240|1|203|1|0|
108|267|300|1|230|0|0|
108|268|240|1|230|0|0|
108|267|300|1|230|0|0|
108|267|270|1|230|0|0|
108|268|300|1|230|0|0|
108|223|270|1|203|1|0|
108|268|270|1|230|0|0|
108|372|390|1|230|0|0|
108|267|240|1|230|0|0|
108|268|270|1|230|0|0|
108|267|270|1|230|0|0|
108|223|210|1|203|1|0|
108|267|270|1|230|0|0|
108|268|270|1|230|0|0|
108|289|270|1|230|1|0|
108|267|270|1|230|0|0|
108|267|270|1|230|0|0|
108|267|270|1|230|0|0|
108|267|300|1|230|0|0|
108|268|240|1|230|0|0|
108|267|240|1|230|0|0|
108|268|270|1|230|0|0|
108|479|480|1|230|0|0|
108|324|360|1|230|0|0|
108|267|270|1|230|0|0|
108|267|240|1|230|0|0|
108|268|270|1|230|0|0|
108|267|300|1|230|0|0|
108|267|240|1|230|0|0|
108|267|270|1|230|0|0|
108|267|270|1|230|0|0|
108|268|240|1|230|0|0|
108|267|270|1|230|0|0|
108|200|210|1|203|0|0|
108|267|270|1|230|0|0|
108|267|270|1|230|0|0|
108|268|270|1|230|0|0|
108|267|270|1|230|0|0|
108|325|330|1|230|0|0|
108|268|240|1|230|0|0|
108|268|270|1|230|0|0|
108|268|270|1|230|0|0|
108|268|300|1|230|0|0|
108|268|270|1|230|0|0|
108|268|240|1|230|0|0|
108|268|300|1|230|0|0|
108|223|210|1|203|1|0|
108|268|270|1|230|0|0|
108|267|240|1|230|0|0|
108|268|270|1|230|0|0|
108|392|390|1|201|1|0|
108|200|210|1|203|0|0|
108|200|210|1|203|0|0|
108|267|270|1|230|0|0|
108|200|210|1|203|0|0|
108|200|240|1|203|0|0|
108|201|180|1|203|0|0|
108|200|210|1|203|0|0|
108|200|180|1|203|0|0|
108|200|180|1|203|0|0|
108|200|240|1|203|0|0|
108|200|210|1|203|0|0|
108|200|210|1|203|0|0|
108|200|210|1|203|0|0|
108|200|180|1|203|0|0|
108|200|210|1|203|0|0|
108|200|240|1|203|0|0|
108|200|180|1|203|0|0|
108|201|180|1|203|0|0|
108|200|210|1|203|0|0|
108|200|210|1|203|0|0|
108|200|210|1|203|0|0|
108|200|210|1|203|0|0|
108|200|180|1|203|0|0|
108|200|210|1|203|0|0|
108|200|210|1|203|0|0|
108|200|210|1|203|0|0|
108|200|210|1|203|0|0|
108|267|270|1|230|0|0|
108|267|270|1|230|0|0|
108|200|180|1|203|0|0|
108|267|270|1|230|0|0|
108|223|240|1|203|1|0|
108|268|270|1|230|0|0|
108|200|210|1|203|0|0|
108|200|210|1|203|0|0|
108|267|240|1|230|0|0|
108|200|180|1|203|0|0|
108|223|240|1|203|1|0|
108|223|210|1|203|1|0|
108|223|210|1|203|1|0|
108|267|270|1|230|0|0|
108|223|210|1|203|1|0|
108|223|240|1|203|1|0|
108|267|270|1|230|0|0|
108|223|210|1|203|1|0|
108|223|240|1|203|1|0|
108|268|300|1|230|0|0|
108|201|210|1|203|0|0|
108|201|180|1|203|0|0|
108|336|330|1|230|0|0|
108|327|330|1|201|0|0|
108|223|240|1|203|1|0|
108|223|240|1|203|1|0|
108|223|210|1|203|1|0|
108|223|210|1|203|1|0|
108|223|210|1|203|1|0|
108|223|240|1|203|1|0|
108|267|270|1|230|0|0|
108|367|360|1|201|0|0|
108|200|180|1|203|0|0|
108|200|240|1|203|0|0|
108|201|240|1|203|0|0|
108|201|180|1|203|0|0|
108|201|180|1|203|0|0|
108|200|180|1|203|0|0|
108|267|270|1|230|0|0|
108|200|180|1|203|0|0|
108|370|360|1|201|0|0|
108|370|360|1|201|0|0|
108|410|420|1|230|1|0|
108|435|480|1|201|0|0|
108|333|360|1|230|0|0|
108|379|420|1|230|0|0|
108|337|360|1|230|0|0|
108|200|210|1|203|0|0|
108|200|210|1|203|0|0|
108|268|270|1|230|0|0|
108|200|180|1|203|0|0|
108|267|300|1|230|0|0|
108|223|240|1|203|1|0|
108|201|210|1|203|0|0|
108|267|270|1|230|0|0|
108|267|270|1|230|0|0|
108|276|300|1|238|0|0|
108|200|210|1|203|0|0|
108|200|210|1|203|0|0|
108|200|210|1|203|0|0|
108|200|180|1|203|0|0|
108|267|240|1|230|0|0|
108|200|210|1|203|0|0|
108|200|180|1|203|0|0|
108|267|240|1|230|0|0|
108|267|270|1|230|0|0|
108|200|210|1|203|0|0|
108|267|270|1|230|0|0|
108|223|270|1|203|1|0|
108|223|210|1|203|1|0|
108|223|210|1|203|1|0|
108|331|330|1|201|0|0|
108|200|210|1|203|0|0|
108|200|180|1|203|0|0|
108|200|180|1|203|0|0|
108|485|480|1|201|1|0|
108|372|360|1|201|0|0|
108|267|270|1|230|0|0|
108|268|270|1|230|0|0|
108|223|240|1|203|1|0|
108|223|210|1|203|1|0|
108|223|210|1|203|1|0|
108|380|360|1|230|1|0|
108|267|270|1|230|0|0|
108|267|240|1|230|0|0|
108|325|330|1|230|0|0|
108|268|300|1|230|0|0|
108|267|270|1|230|0|0|
108|267|270|1|230|0|0|
108|267|270|1|230|0|0|
108|267|270|1|230|0|0|
108|201|210|1|203|0|0|
108|200|180|1|203|0|0|
108|200|210|1|203|0|0|
108|267|270|1|230|0|0|
108|267|300|1|230|0|0|
108|268|270|1|230|0|0|
108|201|210|1|203|0|0|
108|200|180|1|203|0|0|
108|324|300|1|201|0|0|
108|268|270|1|230|0|0|
108|267|270|1|230|0|0|
108|268|240|1|230|0|0|
108|289|270|1|230|1|0|
108|222|210|1|203|1|0|
108|200|180|1|203|0|0|
108|267|240|1|230|0|0|
108|268|240|1|230|0|0|
108|268|300|1|230|0|0|
108|268|270|1|230|0|0|
108|268|270|1|230|0|0|
108|268|240|1|230|0|0|
108|267|270|1|230|0|0|
108|267|270|1|230|0|0|
108|267|270|1|230|0|0|
108|656|630|1|230|0|0|
108|367|390|1|230|0|0|
108|384|330|1|201|0|0|
108|201|180|1|203|0|0|
108|267|240|1|230|0|0|
108|201|210|1|203|0|0|
108|200|210|1|203|0|0|
108|267|270|1|230|0|0|
108|200|240|1|203|0|0|
108|201|240|1|203|0|0|
108|268|240|1|230|0|0|
108|267|270|1|230|0|0|
108|200|180|1|203|0|0|
108|200|180|1|203|0|0|
108|267|240|1|230|0|0|
108|267|240|1|230|0|0|
108|267|270|1|230|0|0|
108|267|240|1|230|0|0|
108|267|270|1|230|0|0|
108|267|270|1|230|0|0|
108|268|240|1|230|0|0|
108|200|210|1|203|0|0|
108|268|270|1|230|0|0|
108|267|300|1|230|0|0|
108|267|270|1|230|0|0|
108|267|270|1|230|0|0|
108|268|270|1|230|0|0|
108|267|240|1|230|0|0|
108|268|240|1|230|0|0|
108|267|270|1|230|0|0|
108|268|300|1|230|0|0|
108|268|300|1|230|0|0|
108|268|270|1|230|0|0|
108|200|210|1|203|0|0|
108|200|240|1|203|0|0|
108|267|300|1|230|0|0|
108|370|360|1|230|0|0|
108|200|240|1|203|0|0|
108|201|180|1|203|0|0|
108|201|210|1|203|0|0|
108|200|240|1|203|0|0|
108|201|240|1|203|0|0|
108|201|240|1|203|0|0|
108|200|210|1|203|0|0|
108|201|180|1|203|0|0|
108|200|210|1|203|0|0|
108|201|240|1|203|0|0|
108|201|240|1|203|0|0|
108|201|210|1|203|0|0|
108|200|210|1|203|0|0|
108|201|210|1|203|0|0|
108|201|240|1|203|0|0|
108|201|210|1|203|0|0|
108|200|240|1|203|0|0|
108|201|210|1|203|0|0|
108|201|240|1|203|0|0|
108|200|240|1|203|0|0|
108|200|240|1|203|0|0|
108|200|240|1|203|0|0|
108|200|210|1|203|0|0|
108|200|210|1|203|0|0|
108|267|240|1|230|0|0|
108|267|270|1|230|0|0|
108|200|180|1|203|0|0|
108|267|270|1|230|0|0|
108|267|240|1|230|0|0|
108|335|330|1|201|0|0|
108|267|270|1|230|0|0|
108|200|210|1|203|0|0|
108|267|270|1|230|0|0|
108|200|180|1|203|0|0|
108|267|240|1|230|0|0|
108|200|240|1|203|0|0|
108|370|360|1|201|0|0|
108|200|180|1|203|0|0|
108|1036|1020|1|201|0|0|
108|200|240|1|203|0|0|
108|267|270|1|230|0|0|
108|200|180|1|203|0|0|
108|201|210|1|203|0|0|
108|200|180|1|203|0|0|
108|201|210|1|203|0|0|
108|201|240|1|203|0|0|
108|200|210|1|203|0|0|
108|200|180|1|203|0|0|
108|201|210|1|203|0|0|
108|200|180|1|203|0|0|
108|201|210|1|203|0|0|
108|200|180|1|203|0|0|
108|267|300|1|230|0|0|
108|200|180|1|203|0|0|
108|200|210|1|203|0|0|
108|200|180|1|203|0|0|
108|267|270|1|230|0|0|
108|200|180|1|203|0|0|
108|200|180|1|203|0|0|
108|267|240|1|230|0|0|
108|200|240|1|203|0|0|
108|324|330|1|230|0|0|
108|223|210|1|203|1|0|
109|900|900|1|469|0|0|
108|223|210|1|203|1|0|
108|268|240|1|230|0|0|
108|719|720|1|201|1|0|
108|340|330|1|201|1|0|
108|223|270|1|203|1|0|
108|393|420|1|230|0|0|
108|223|240|1|203|1|0|
108|268|300|1|230|0|0|
108|267|270|1|230|0|0|
108|268|270|1|230|0|0|
108|223|240|1|203|1|0|
108|223|240|1|203|1|0|
108|267|240|1|230|0|0|
108|202|180|1|203|0|0|
108|267|240|1|230|0|0|
108|200|240|1|203|0|0|
108|267|330|1|230|0|0|
108|267|300|1|230|0|0|
108|267|270|1|230|0|0|
108|267|300|1|230|0|0|
108|267|270|1|230|0|0|
108|267|270|1|230|0|0|
108|267|270|1|230|0|0|
108|267|270|1|230|0|0|
108|268|270|1|230|0|0|
108|268|270|1|230|0|0|
108|267|300|1|230|0|0|
108|268|270|1|230|0|0|
108|268|270|1|230|0|0|
108|267|270|1|230|0|0|
108|267|240|1|230|0|0|
108|268|300|1|230|0|0|
108|267|270|1|230|0|0|
108|267|270|1|230|0|0|
108|267|300|1|230|0|0|
108|268|270|1|230|0|0|
108|267|300|1|230|0|0|
108|200|240|1|203|0|0|
108|200|210|1|203|0|0|
108|267|270|1|230|0|0|
108|267|300|1|230|0|0|
108|200|210|1|203|0|0|
108|200|240|1|203|0|0|
108|201|210|1|203|0|0|
108|200|210|1|203|0|0|
108|201|210|1|203|0|0|
108|200|210|1|203|0|0|
108|201|180|1|203|0|0|
108|200|210|1|203|0|0|
108|315|360|1|230|0|0|
108|267|300|1|230|0|0|
108|267|270|1|230|0|0|
108|267|300|1|230|0|0|
108|268|270|1|230|0|0|
108|267|270|1|230|0|0|
108|267|270|1|230|0|0|
108|268|300|1|230|0|0|
108|267|270|1|230|0|0|
108|279|270|1|240|0|0|
108|267|270|1|230|0|0|
108|267|270|1|230|0|0|
108|267|300|1|230|0|0|
108|276|270|1|238|0|0|
108|200|210|1|203|0|0|
108|268|300|1|230|0|0|
108|268|300|1|230|0|0|
108|267|270|1|230|0|0|
108|267|270|1|230|0|0|
108|267|270|1|230|0|0|
108|267|270|1|230|0|0|
108|267|240|1|230|0|0|
108|222|210|1|203|1|0|
108|289|300|1|230|1|0|
108|308|330|1|249|1|0|
108|200|180|1|203|0|0|
108|267|270|1|230|0|0|
108|267|270|1|230|0|0|
108|200|240|1|203|0|0|
108|267|300|1|230|0|0|
108|268|270|1|230|0|0|
108|200|210|1|203|0|0|
108|268|270|1|230|0|0|
108|267|270|1|230|0|0|
108|289|270|1|230|1|0|
108|268|270|1|230|0|0|
108|355|330|1|230|0|0|
108|436|450|1|230|0|0|
108|267|270|1|230|0|0|
108|267|240|1|230|0|0|
108|200|180|1|203|0|0|
108|200|180|1|203|0|0|
108|200|180|1|203|0|0|
108|267|240|1|230|0|0|
108|201|210|1|203|0|0|
108|267|270|1|230|0|0|
108|267|300|1|230|0|0|
108|268|300|1|230|0|0|
108|268|270|1|230|0|0|
108|200|210|1|203|0|0|
108|200|210|1|203|0|0|
108|328|330|1|230|0|0|
108|363|360|1|230|0|0|
108|268|270|1|230|0|0|
108|268|240|1|230|0|0|
108|268|270|1|230|0|0|
108|268|240|1|230|0|0|
108|268|270|1|230|0|0|
108|268|270|1|230|0|0|
108|201|180|1|203|0|0|
108|201|210|1|203|0|0|
108|268|240|1|230|0|0|
108|268|270|1|230|0|0|
108|201|180|1|203|0|0|
108|201|180|1|203|0|0|
108|267|270|1|230|0|0|
108|200|180|1|203|0|0|
108|267|270|1|230|0|0|
108|267|270|1|230|0|0|
108|268|270|1|230|0|0|
108|267|240|1|230|0|0|
108|374|390|1|230|0|0|
108|267|270|1|230|0|0|
108|267|270|1|230|0|0|
108|377|390|1|230|0|0|
108|327|360|1|230|0|0|
108|268|240|1|230|0|0|
108|200|210|1|203|0|0|
108|267|240|1|230|0|0|
108|200|180|1|203|0|0|
108|267|240|1|230|0|0|
108|290|300|1|230|1|0|
108|268|270|1|230|0|0|
108|267|270|1|230|0|0|
108|267|240|1|230|0|0|
108|268|240|1|230|0|0|
108|268|270|1|230|0|0|
108|200|180|1|203|0|0|
108|267|240|1|230|0|0|
108|267|270|1|230|0|0|
108|267|270|1|230|0|0|
108|223|240|1|203|1|0|
108|223|210|1|203|1|0|
108|287|270|1|249|0|0|
108|267|300|1|230|0|0|
108|267|270|1|230|0|0|
108|267|270|1|230|0|0|
108|267|300|1|230|0|0|
108|200|180|1|203|0|0|
108|267|270|1|230|0|0|
108|267|270|1|230|0|0|
108|268|270|1|230|0|0|
108|267|270|1|230|0|0|
108|267|240|1|230|0|0|
108|268|270|1|230|0|0|
108|201|180|1|203|0|0|
108|268|270|1|230|0|0|
108|201|210|1|203|0|0|
108|201|240|1|203|0|0|
108|201|180|1|203|0|0|
108|201|210|1|203|0|0|
108|201|210|1|203|0|0|
108|201|240|1|203|0|0|
108|357|360|1|201|0|0|
108|200|210|1|203|0|0|
108|267|300|1|230|0|0|
108|200|240|1|203|0|0|
108|200|180|1|203|0|0|
108|201|210|1|203|0|0|
108|267|240|1|230|0|0|
108|200|210|1|203|0|0|
108|200|210|1|203|0|0|
108|359|330|1|230|0|0|
108|201|210|1|203|0|0|
108|223|240|1|203|1|0|
108|267|270|1|230|0|0|
108|268|270|1|230|0|0|
108|267|270|1|230|0|0|
108|267|240|1|230|0|0|
108|267|270|1|230|0|0|
108|267|240|1|230|0|0|
108|267|240|1|230|0|0|
108|267|270|1|230|0|0|
108|267|270|1|230|0|0|
108|267|270|1|230|0|0|
108|200|210|1|203|0|0|
108|267|270|1|230|0|0|
108|200|210|1|203|0|0|
108|200|180|1|203|0|0|
108|200|210|1|203|0|0|
108|200|210|1|203|0|0|
108|267|270|1|230|0|0|
108|267|240|1|230|0|0|
108|268|240|1|230|0|0|
108|200|180|1|203|0|0|
108|374|360|1|201|0|0|
108|267|240|1|230|0|0|
108|267|240|1|230|0|0|
108|268|270|1|230|0|0|
108|267|270|1|230|0|0|
108|267|270|1|230|0|0|
108|267|300|1|230|0|0|
108|267|300|1|230|0|0|
108|268|270|1|230|0|0|
108|267|270|1|230|0|0|
108|201|210|1|203|0|0|
108|200|210|1|203|0|0|
108|200|180|1|203|0|0|
108|200|180|1|203|0|0|
108|268|270|1|230|0|0|
108|268|270|1|230|0|0|
108|268|300|1|230|0|0|
108|279|270|1|241|0|0|
108|200|180|1|203|0|0|
108|267|270|1|230|0|0|
108|267|270|1|230|0|0|
108|267|300|1|230|0|0|
108|268|270|1|230|0|0|
108|267|270|1|230|0|0|
108|268|270|1|230|0|0|
108|268|270|1|230|0|0|
108|268|300|1|230|0|0|
108|268|270|1|230|0|0|
108|268|270|1|230|0|0|
108|268|270|1|230|0|0|
108|268|270|1|230|0|0|
108|268|270|1|230|0|0|
108|268|270|1|230|0|0|
108|268|270|1|230|0|0|
108|268|270|1|230|0|0|
108|268|270|1|230|0|0|
108|268|270|1|230|0|0|
108|268|270|1|230|0|0|
108|200|180|1|203|0|0|
108|200|210|1|203|0|0|
108|371|390|1|201|0|0|
108|464|450|1|201|0|0|
108|328|300|1|201|0|0|
108|371|360|1|201|0|0|
108|201|180|1|203|0|0|
108|200|240|1|203|0|0|
108|338|330|1|230|0|0|
108|372|390|1|230|0|0|
108|267|270|1|230|0|0|
108|201|210|1|203|0|0|
108|201|180|1|203|0|0|
108|200|180|1|203|0|0|
108|268|240|1|230|0|0|
108|200|180|1|203|0|0|
108|200|240|1|203|0|0|
108|200|180|1|203|0|0|
108|324|330|1|201|0|0|
108|201|180|1|203|0|0|
108|201|240|1|203|0|0|
108|200|180|1|203|0|0|
108|200|210|1|203|0|0|
108|267|270|1|230|0|0|
108|267|270|1|230|0|0|
108|267|240|1|230|0|0|
108|267|270|1|230|0|0|
108|268|240|1|230|0|0|
108|267|270|1|230|0|0|
108|267|270|1|230|0|0|
108|267|270|1|230|0|0|
108|267|240|1|230|0|0|
108|268|270|1|230|0|0|
108|200|210|1|203|0|0|
108|268|240|1|230|0|0|
108|267|270|1|230|0|0|
108|200|180|1|203|0|0|
108|267|300|1|230|0|0|
108|267|270|1|230|0|0|
108|267|240|1|230|0|0|
108|268|270|1|230|0|0|
108|268|240|1|230|0|0|
108|370|360|1|230|0|0|
108|201|210|1|203|0|0|
108|326|330|1|230|0|0|
108|268|240|1|230|0|0|
108|268|240|1|230|0|0|
108|268|240|1|230|0|0|
108|267|270|1|230|0|0|
108|268|270|1|230|0|0|
108|267|240|1|230|0|0|
108|267|300|1|230|0|0|
108|267|270|1|230|0|0|
108|267|300|1|230|0|0|
