INSTRUCTIONS_RETIRED|CYCLES|UNKNOWN|LD_BLOCKS.STORE_FORWARD|UOPS_EXECUTED.CORE|BR_MISP_RETIRED.ALL_BRANCHES|UOPS_ISSUED.SINGLE_MUL|
194|569|570|0|316|1|0|
194|285|270|1|289|0|0|
194|352|420|1|318|0|0|
194|352|420|1|318|0|0|
194|353|450|1|316|0|0|
194|352|420|1|318|0|0|
194|352|390|1|318|0|0|
194|353|360|1|316|0|0|
194|353|450|1|316|0|0|
194|352|420|1|318|0|0|
194|352|420|1|318|0|0|
194|352|420|1|318|0|0|
194|352|450|1|318|0|0|
194|352|420|1|318|0|0|
194|352|420|1|318|0|0|
194|352|450|1|318|0|0|
194|352|450|1|318|0|0|
194|352|450|1|318|0|0|
194|353|420|1|316|0|0|
194|352|450|1|318|0|0|
194|353|420|1|316|0|0|
194|352|420|1|318|0|0|
194|353|450|1|316|0|0|
194|352|450|1|318|0|0|
194|352|390|1|318|0|0|
194|352|420|1|318|0|0|
194|352|390|1|318|0|0|
194|365|390|1|318|0|0|
194|365|390|1|318|0|0|
194|371|480|1|318|0|0|
194|366|450|1|316|0|0|
194|297|390|1|289|0|0|
194|297|390|1|289|0|0|
194|352|450|1|318|0|0|
194|365|480|1|318|0|0|
194|365|450|1|318|0|0|
194|365|450|1|318|0|0|
194|353|420|1|316|0|0|
194|353|450|1|316|0|0|
194|353|390|1|316|0|0|
194|352|420|1|318|0|0|
194|352|420|1|318|0|0|
194|353|420|1|316|0|0|
194|352|420|1|318|0|0|
194|358|420|1|318|0|0|
194|358|450|1|318|0|0|
194|358|390|1|318|0|0|
194|358|420|1|318|0|0|
194|358|330|1|318|0|0|
194|358|360|1|318|0|0|
194|372|330|1|316|0|0|
194|372|390|1|316|0|0|
194|372|360|1|316|0|0|
194|372|450|1|316|0|0|
194|372|450|1|316|0|0|
194|372|390|1|316|0|0|
194|372|360|1|316|0|0|
194|372|360|1|316|0|0|
194|372|390|1|316|0|0|
194|372|360|1|316|0|0|
194|372|390|1|316|0|0|
194|372|360|1|316|0|0|
194|292|300|1|287|0|0|
194|359|360|1|316|0|0|
194|359|360|1|316|0|0|
194|359|360|1|316|0|0|
194|372|360|1|316|0|0|
194|372|360|1|316|0|0|
194|371|360|1|318|0|0|
194|372|390|1|316|0|0|
194|359|360|1|316|0|0|
194|359|360|1|316|0|0|
194|359|360|1|316|0|0|
194|359|360|1|316|0|0|
194|359|360|1|316|0|0|
194|359|330|1|316|0|0|
194|359|360|1|316|0|0|
194|359|360|1|316|0|0|
194|375|390|1|332|0|0|
194|359|360|1|316|0|0|
194|359|360|1|316|0|0|
194|359|360|1|316|0|0|
194|359|360|1|316|0|0|
194|359|360|1|316|0|0|
194|359|390|1|316|0|0|
194|359|360|1|316|0|0|
194|359|360|1|316|0|0|
194|359|360|1|316|0|0|
194|359|330|1|316|0|0|
194|359|360|1|316|0|0|
194|359|360|1|316|0|0|
194|359|390|1|316|0|0|
194|359|390|1|316|0|0|
194|359|360|1|316|0|0|
194|359|390|1|316|0|0|
194|359|360|1|316|0|0|
194|359|390|1|316|0|0|
194|359|360|1|316|0|0|
194|359|360|1|316|0|0|
194|353|360|1|316|0|0|
194|353|330|1|316|0|0|
194|353|360|1|316|0|0|
194|353|330|1|316|0|0|
194|353|330|1|316|0|0|
194|353|360|1|316|0|0|
194|353|360|1|316|0|0|
194|353|390|1|316|0|0|
194|353|330|1|316|0|0|
194|372|360|1|316|0|0|
194|372|360|1|316|0|0|
194|352|360|1|318|0|0|
194|353|360|1|316|0|0|
194|353|330|1|316|0|0|
194|353|360|1|316|0|0|
194|359|390|1|316|0|0|
194|366|420|1|318|0|0|
194|388|480|1|334|0|0|
194|358|450|1|318|0|0|
194|371|450|1|318|0|0|
194|372|450|1|316|0|0|
194|372|480|1|316|0|0|
194|372|480|1|316|0|0|
194|359|390|1|316|0|0|
194|352|420|1|318|0|0|
194|353|390|1|316|0|0|
194|353|420|1|316|0|0|
194|352|390|1|318|0|0|
194|352|390|1|318|0|0|
194|365|450|1|318|0|0|
194|366|450|1|316|0|0|
194|366|450|1|316|0|0|
194|366|420|1|316|0|0|
194|366|420|1|316|0|0|
194|366|420|1|316|0|0|
194|366|450|1|316|0|0|
194|366|420|1|316|0|0|
194|366|420|1|316|0|0|
194|366|420|1|316|0|0|
194|366|420|1|316|0|0|
194|366|420|1|316|0|0|
194|366|420|1|316|0|0|
194|366|390|1|316|0|0|
194|366|450|1|316|0|0|
194|366|420|1|316|0|0|
194|366|450|1|316|0|0|
194|366|450|1|316|0|0|
194|366|420|1|316|0|0|
194|366|450|1|316|0|0|
194|366|420|1|316|0|0|
194|366|450|1|316|0|0|
194|366|450|1|316|0|0|
194|353|390|1|316|0|0|
194|353|420|1|316|0|0|
194|353|420|1|316|0|0|
194|366|450|1|316|0|0|
194|366|420|1|316|0|0|
194|353|420|1|316|0|0|
194|359|450|1|316|0|0|
194|358|420|1|318|0|0|
194|353|390|1|316|0|0|
194|353|420|1|316|0|0|
194|353|420|1|316|0|0|
194|353|390|1|316|0|0|
194|365|420|1|318|0|0|
194|365|420|1|318|0|0|
194|353|360|1|316|0|0|
194|353|360|1|316|0|0|
194|352|360|1|318|0|0|
194|352|360|1|318|0|0|
194|285|300|1|289|0|0|
194|352|360|1|318|0|0|
194|353|390|1|316|0|0|
194|358|390|1|318|0|0|
194|358|420|1|318|0|0|
194|371|390|1|318|0|0|
194|304|300|1|287|0|0|
194|303|330|1|289|0|0|
194|371|390|1|318|0|0|
194|304|300|1|287|0|0|
194|352|390|1|318|0|0|
194|352|360|1|318|0|0|
194|352|360|1|318|0|0|
194|286|300|1|287|0|0|
194|286|300|1|287|0|0|
194|297|330|1|289|0|0|
194|298|300|1|287|0|0|
194|372|360|1|316|0|0|
194|304|300|1|287|0|0|
194|304|270|1|287|0|0|
194|372|360|1|316|0|0|
194|372|360|1|316|0|0|
194|372|390|1|316|0|0|
194|304|300|1|287|0|0|
194|372|390|1|316|0|0|
194|366|360|1|316|0|0|
194|359|360|1|316|0|0|
194|359|360|1|316|0|0|
194|353|330|1|316|0|0|
194|353|330|1|316|0|0|
194|353|360|1|316|0|0|
194|353|330|1|316|0|0|
194|366|390|1|316|0|0|
194|353|360|1|316|0|0|
194|352|360|1|318|0|0|
194|353|360|1|316|0|0|
194|353|360|1|316|0|0|
194|359|360|1|316|0|0|
194|359|390|1|316|0|0|
194|359|390|1|316|0|0|
194|359|360|1|316|0|0|
194|359|390|1|316|0|0|
194|353|360|1|316|0|0|
194|365|390|1|318|0|0|
194|366|390|1|316|0|0|
194|298|330|1|287|0|0|
194|366|390|1|316|0|0|
194|353|390|1|316|0|0|
194|353|360|1|316|0|0|
194|286|300|1|287|0|0|
194|353|360|1|316|0|0|
194|366|390|1|316|0|0|
194|366|420|1|316|0|0|
194|353|360|1|316|0|0|
194|367|390|1|316|0|0|
194|353|420|1|316|0|0|
194|353|390|1|316|0|0|
194|366|420|1|316|0|0|
194|353|390|1|316|0|0|
194|353|360|1|316|0|0|
194|353|390|1|316|0|0|
194|286|300|1|287|0|0|
194|353|360|1|316|0|0|
194|371|390|1|318|0|0|
194|304|330|1|287|0|0|
194|304|270|1|287|0|0|
194|304|300|1|287|0|0|
194|372|390|1|316|0|0|
194|304|300|1|287|0|0|
194|372|390|1|316|0|0|
194|372|360|1|316|0|0|
194|366|360|1|316|0|0|
194|366|360|1|316|0|0|
194|353|360|1|316|0|0|
194|353|330|1|316|0|0|
194|353|360|1|316|0|0|
194|366|390|1|316|0|0|
194|298|270|1|287|0|0|
194|298|300|1|287|0|0|
194|298|300|1|287|0|0|
194|366|390|1|316|0|0|
194|366|360|1|316|0|0|
194|353|330|1|316|0|0|
194|353|360|1|316|0|0|
194|353|360|1|316|0|0|
194|353|330|1|316|0|0|
194|353|390|1|316|0|0|
194|353|420|1|316|0|0|
194|353|420|1|316|0|0|
194|353|390|1|316|0|0|
194|353|420|1|316|0|0|
194|353|390|1|316|0|0|
194|353|390|1|316|0|0|
194|353|420|1|316|0|0|
194|353|420|1|316|0|0|
194|353|360|1|316|0|0|
194|352|390|1|318|0|0|
194|353|360|1|316|0|0|
194|353|360|1|316|0|0|
194|353|390|1|316|0|0|
194|353|360|1|316|0|0|
194|353|390|1|316|0|0|
194|366|420|1|316|0|0|
194|366|390|1|316|0|0|
194|366|420|1|316|0|0|
194|353|390|1|316|0|0|
194|353|420|1|316|0|0|
194|353|420|1|316|0|0|
194|353|360|1|316|0|0|
194|353|360|1|316|0|0|
194|353|420|1|316|0|0|
194|353|360|1|316|0|0|
194|353|360|1|316|0|0|
194|353|360|1|316|0|0|
194|366|390|1|316|0|0|
194|366|420|1|316|0|0|
194|366|420|1|316|0|0|
194|366|420|1|316|0|0|
194|353|360|1|316|0|0|
194|366|390|1|316|0|0|
194|366|390|1|316|0|0|
194|366|420|1|316|0|0|
194|366|390|1|316|0|0|
194|366|360|1|316|0|0|
194|366|390|1|316|0|0|
194|366|390|1|316|0|0|
194|353|390|1|316|0|0|
194|353|390|1|316|0|0|
194|353|390|1|316|0|0|
194|366|420|1|316|0|0|
194|366|420|1|316|0|0|
194|353|390|1|316|0|0|
194|353|420|1|316|0|0|
194|353|390|1|316|0|0|
194|353|360|1|316|0|0|
194|366|390|1|316|0|0|
194|353|360|1|316|0|0|
194|353|360|1|316|0|0|
194|353|360|1|316|0|0|
194|353|330|1|316|0|0|
194|353|360|1|316|0|0|
194|353|390|1|316|0|0|
194|353|330|1|316|0|0|
194|353|360|1|316|0|0|
194|353|330|1|316|0|0|
194|353|330|1|316|0|0|
194|353|330|1|316|0|0|
194|353|360|1|316|0|0|
194|353|330|1|316|0|0|
194|353|330|1|316|0|0|
194|353|330|1|316|0|0|
194|353|330|1|316|0|0|
194|353|330|1|316|0|0|
194|353|360|1|316|0|0|
194|353|330|1|316|0|0|
194|353|330|1|316|0|0|
194|353|330|1|316|0|0|
194|353|330|1|316|0|0|
194|353|330|1|316|0|0|
194|353|330|1|316|0|0|
194|353|360|1|316|0|0|
194|353|360|1|316|0|0|
194|353|330|1|316|0|0|
194|366|390|1|316|0|0|
194|366|420|1|316|0|0|
194|366|360|1|316|0|0|
194|366|390|1|316|0|0|
194|353|360|1|316|0|0|
194|353|390|1|316|0|0|
194|353|330|1|316|0|0|
194|353|360|1|316|0|0|
194|353|360|1|316|0|0|
194|353|360|1|316|0|0|
194|353|360|1|316|0|0|
194|353|390|1|316|0|0|
194|353|360|1|316|0|0|
194|353|330|1|316|0|0|
194|353|360|1|316|0|0|
194|353|390|1|316|0|0|
194|353|390|1|316|0|0|
194|353|390|1|316|0|0|
194|353|390|1|316|0|0|
194|353|390|1|316|0|0|
194|353|390|1|316|0|0|
194|353|390|1|316|0|0|
194|353|360|1|316|0|0|
194|353|390|1|316|0|0|
194|353|390|1|316|0|0|
194|353|360|1|316|0|0|
194|353|360|1|316|0|0|
194|353|330|1|316|0|0|
194|353|330|1|316|0|0|
194|308|300|1|287|1|0|
194|304|300|1|289|0|0|
194|358|360|1|318|0|0|
194|358|360|1|318|0|0|
194|308|300|1|287|1|0|
194|308|300|1|287|1|0|
194|308|300|1|287|1|0|
194|308|300|1|287|1|0|
194|308|330|1|287|1|0|
194|365|360|1|318|0|0|
194|298|300|1|287|0|0|
194|308|300|1|287|1|0|
194|353|360|1|316|0|0|
194|352|360|1|318|0|0|
194|352|330|1|318|0|0|
194|353|360|1|316|0|0|
194|352|360|1|318|0|0|
194|353|330|1|316|0|0|
194|352|390|1|318|0|0|
194|353|420|1|316|0|0|
194|352|390|1|318|0|0|
194|353|420|1|316|0|0|
194|352|420|1|318|0|0|
194|352|390|1|318|0|0|
194|352|390|1|318|0|0|
194|352|420|1|318|0|0|
194|352|420|1|318|0|0|
194|358|420|1|318|0|0|
194|359|420|1|316|0|0|
194|359|420|1|316|0|0|
194|358|390|1|318|0|0|
194|352|420|1|318|0|0|
194|353|390|1|316|0|0|
194|353|420|1|316|0|0|
194|353|390|1|316|0|0|
194|353|390|1|316|0|0|
194|353|420|1|316|0|0|
194|353|450|1|316|0|0|
194|353|390|1|316|0|0|
194|353|420|1|316|0|0|
194|353|390|1|316|0|0|
194|353|450|1|316|0|0|
194|353|420|1|316|0|0|
194|353|420|1|316|0|0|
194|353|420|1|316|0|0|
194|353|420|1|316|0|0|
194|353|420|1|316|0|0|
194|353|390|1|316|0|0|
194|353|390|1|316|0|0|
194|353|450|1|316|0|0|
194|353|420|1|316|0|0|
194|353|420|1|316|0|0|
194|353|420|1|316|0|0|
194|353|420|1|316|0|0|
194|353|390|1|316|0|0|
194|353|420|1|316|0|0|
194|353|420|1|316|0|0|
194|366|450|1|316|0|0|
194|366|450|1|316|0|0|
194|366|450|1|316|0|0|
194|366|330|1|316|0|0|
194|366|330|1|316|0|0|
194|366|390|1|316|0|0|
194|366|360|1|316|0|0|
194|366|330|1|316|0|0|
194|366|390|1|316|0|0|
194|366|360|1|316|0|0|
194|366|330|1|316|0|0|
194|366|390|1|316|0|0|
194|366|360|1|316|0|0|
194|366|330|1|316|0|0|
194|366|390|1|316|0|0|
194|366|360|1|316|0|0|
194|366|330|1|316|0|0|
194|366|330|1|316|0|0|
194|366|390|1|316|0|0|
194|366|330|1|316|0|0|
194|366|330|1|316|0|0|
194|366|330|1|316|0|0|
194|382|360|1|332|0|0|
194|366|390|1|316|0|0|
194|366|390|1|316|0|0|
194|366|360|1|316|0|0|
194|366|330|1|316|0|0|
194|366|360|1|316|0|0|
194|366|360|1|316|0|0|
194|366|330|1|316|0|0|
194|366|390|1|316|0|0|
194|366|360|1|316|0|0|
194|366|360|1|316|0|0|
194|366|330|1|316|0|0|
194|366|390|1|316|0|0|
194|366|330|1|316|0|0|
194|366|360|1|316|0|0|
194|366|390|1|316|0|0|
194|366|360|1|316|0|0|
194|366|330|1|316|0|0|
194|366|330|1|316|0|0|
194|366|360|1|316|0|0|
194|366|330|1|316|0|0|
194|366|330|1|316|0|0|
194|366|390|1|316|0|0|
194|366|330|1|316|0|0|
194|366|330|1|316|0|0|
194|366|330|1|316|0|0|
194|366|330|1|316|0|0|
194|366|360|1|316|0|0|
194|366|330|1|316|0|0|
194|366|330|1|316|0|0|
194|366|330|1|316|0|0|
194|366|360|1|316|0|0|
194|366|330|1|316|0|0|
194|366|360|1|316|0|0|
194|366|330|1|316|0|0|
194|366|330|1|316|0|0|
194|366|330|1|316|0|0|
194|366|360|1|316|0|0|
194|366|390|1|316|0|0|
194|366|360|1|316|0|0|
194|366|390|1|316|0|0|
194|366|390|1|316|0|0|
194|352|330|1|318|0|0|
194|353|360|1|316|0|0|
194|353|330|1|316|0|0|
194|353|360|1|316|0|0|
194|353|330|1|316|0|0|
194|353|330|1|316|0|0|
194|353|330|1|316|0|0|
194|353|330|1|316|0|0|
194|353|330|1|316|0|0|
194|353|330|1|316|0|0|
194|353|330|1|316|0|0|
194|352|360|1|318|0|0|
194|353|390|1|316|0|0|
194|353|360|1|316|0|0|
194|353|330|1|316|0|0|
194|353|360|1|316|0|0|
194|353|330|1|316|0|0|
194|353|330|1|316|0|0|
194|353|330|1|316|0|0|
194|353|330|1|316|0|0|
194|353|360|1|316|0|0|
194|353|330|1|316|0|0|
194|353|330|1|316|0|0|
194|353|330|1|316|0|0|
194|353|330|1|316|0|0|
194|353|360|1|316|0|0|
194|353|330|1|316|0|0|
194|353|330|1|316|0|0|
194|353|330|1|316|0|0|
194|353|330|1|316|0|0|
194|353|360|1|316|0|0|
194|353|330|1|316|0|0|
194|353|330|1|316|0|0|
194|366|390|1|316|0|0|
194|366|360|1|316|0|0|
194|366|360|1|316|0|0|
194|366|330|1|316|0|0|
194|366|360|1|316|0|0|
194|366|330|1|316|0|0|
194|372|390|1|316|0|0|
194|372|390|1|316|0|0|
194|372|390|1|316|0|0|
194|372|360|1|316|0|0|
194|372|390|1|316|0|0|
194|372|360|1|316|0|0|
194|372|360|1|316|0|0|
194|372|390|1|316|0|0|
194|366|330|1|316|0|0|
194|372|390|1|316|0|0|
194|372|390|1|316|0|0|
194|372|330|1|316|0|0|
194|372|390|1|316|0|0|
194|372|390|1|316|0|0|
194|372|330|1|316|0|0|
194|372|390|1|316|0|0|
194|372|360|1|316|0|0|
194|372|390|1|316|0|0|
194|372|330|1|316|0|0|
194|372|330|1|316|0|0|
194|372|390|1|316|0|0|
194|372|390|1|316|0|0|
194|372|330|1|316|0|0|
194|372|360|1|316|0|0|
194|372|390|1|316|0|0|
194|371|360|1|318|0|0|
194|372|390|1|316|0|0|
194|372|390|1|316|0|0|
194|372|360|1|316|0|0|
194|372|330|1|316|0|0|
194|372|330|1|316|0|0|
194|372|330|1|316|0|0|
194|372|330|1|316|0|0|
194|372|360|1|316|0|0|
194|352|330|1|318|0|0|
194|353|360|1|316|0|0|
194|365|330|1|318|0|0|
194|298|300|1|287|0|0|
194|365|390|1|318|0|0|
194|365|330|1|318|0|0|
194|366|360|1|316|0|0|
194|366|360|1|316|0|0|
194|366|360|1|316|0|0|
194|366|330|1|316|0|0|
194|365|360|1|318|0|0|
194|365|390|1|318|0|0|
194|366|360|1|316|0|0|
194|366|360|1|316|0|0|
194|366|360|1|316|0|0|
194|366|330|1|316|0|0|
194|366|390|1|316|0|0|
194|366|360|1|316|0|0|
194|366|360|1|316|0|0|
194|366|360|1|316|0|0|
194|366|360|1|316|0|0|
194|366|360|1|316|0|0|
194|366|330|1|316|0|0|
194|365|360|1|318|0|0|
194|366|360|1|316|0|0|
194|366|360|1|316|0|0|
194|366|390|1|316|0|0|
194|366|390|1|316|0|0|
194|366|330|1|316|0|0|
194|365|360|1|318|0|0|
194|366|360|1|316|0|0|
194|366|360|1|316|0|0|
194|366|390|1|316|0|0|
194|365|360|1|318|0|0|
194|365|360|1|318|0|0|
194|365|360|1|318|0|0|
194|366|360|1|316|0|0|
194|365|390|1|318|0|0|
194|365|360|1|318|0|0|
194|365|360|1|318|0|0|
194|303|330|1|289|0|0|
194|372|390|1|316|0|0|
194|372|390|1|316|0|0|
194|358|390|1|318|0|0|
194|358|360|1|318|0|0|
194|358|360|1|318|0|0|
194|352|330|1|318|0|0|
194|352|390|1|318|0|0|
194|352|360|1|318|0|0|
194|353|360|1|316|0|0|
194|286|300|1|287|0|0|
194|353|330|1|316|0|0|
194|353|450|1|316|0|0|
194|353|360|1|316|0|0|
194|371|390|1|316|0|0|
194|366|390|1|316|0|0|
194|359|390|1|316|0|0|
194|359|360|1|316|0|0|
194|359|360|1|316|0|0|
194|359|390|1|316|0|0|
194|359|360|1|316|0|0|
194|353|360|1|316|0|0|
194|352|330|1|318|0|0|
194|352|450|1|318|0|0|
194|352|330|1|318|0|0|
194|366|450|1|316|0|0|
194|366|420|1|316|0|0|
194|366|450|1|316|0|0|
194|353|360|1|316|0|0|
194|353|450|1|316|0|0|
194|353|450|1|316|0|0|
194|359|450|1|316|0|0|
194|352|330|1|318|0|0|
194|353|420|1|318|0|0|
194|353|420|1|318|0|0|
194|353|360|1|318|0|0|
194|354|360|1|316|0|0|
194|353|360|1|316|0|0|
194|353|390|1|316|0|0|
194|352|360|1|318|0|0|
194|353|420|1|316|0|0|
194|372|390|1|316|0|0|
194|359|390|1|316|0|0|
194|358|390|1|318|0|0|
194|358|420|1|318|0|0|
194|358|390|1|318|0|0|
194|358|420|1|318|0|0|
194|358|360|1|318|0|0|
194|358|360|1|318|0|0|
194|359|390|1|316|0|0|
194|359|390|1|316|0|0|
194|359|360|1|316|0|0|
194|359|420|1|316|0|0|
194|353|360|1|316|0|0|
194|353|420|1|316|0|0|
194|353|330|1|316|0|0|
194|353|360|1|316|0|0|
194|353|330|1|316|0|0|
194|352|360|1|318|0|0|
194|353|360|1|316|0|0|
194|286|270|1|287|0|0|
194|286|300|1|287|0|0|
194|353|390|1|316|0|0|
194|286|270|1|287|0|0|
194|353|330|1|316|0|0|
194|359|360|1|316|0|0|
194|353|360|1|316|0|0|
194|359|390|1|316|0|0|
194|359|330|1|316|0|0|
194|292|300|1|287|0|0|
194|353|330|1|316|0|0|
194|353|360|1|316|0|0|
194|353|330|1|316|0|0|
194|353|360|1|316|0|0|
194|353|360|1|316|0|0|
194|353|330|1|316|0|0|
194|365|390|1|318|0|0|
194|370|360|1|333|0|0|
194|359|360|1|316|0|0|
194|353|330|1|316|0|0|
194|353|330|1|316|0|0|
194|353|360|1|316|0|0|
194|353|390|1|316|0|0|
194|353|330|1|316|0|0|
194|353|360|1|316|0|0|
194|353|390|1|316|0|0|
194|352|360|1|318|0|0|
194|298|300|1|287|0|0|
194|366|390|1|316|0|0|
194|353|360|1|316|0|0|
194|353|330|1|316|0|0|
194|298|300|1|287|0|0|
194|298|300|1|287|0|0|
194|298|300|1|287|0|0|
194|298|300|1|287|0|0|
194|298|300|1|287|0|0|
194|366|360|1|316|0|0|
194|366|390|1|316|0|0|
194|352|390|1|318|0|0|
194|366|390|1|316|0|0|
194|366|390|1|316|0|0|
194|366|390|1|316|0|0|
194|366|360|1|316|0|0|
194|353|360|1|316|0|0|
194|353|390|1|316|0|0|
194|366|360|1|316|0|0|
194|353|360|1|316|0|0|
194|353|360|1|316|0|0|
194|353|390|1|316|0|0|
194|366|390|1|316|0|0|
194|366|360|1|316|0|0|
194|353|360|1|316|0|0|
194|353|390|1|316|0|0|
194|291|270|1|289|0|0|
194|358|360|1|318|0|0|
194|359|360|1|316|0|0|
194|352|360|1|318|0|0|
194|353|330|1|316|0|0|
194|378|420|1|327|0|0|
194|367|390|1|316|0|0|
194|366|360|1|316|0|0|
194|352|330|1|318|0|0|
194|353|390|1|316|0|0|
194|352|330|1|318|0|0|
194|353|360|1|316|0|0|
194|352|360|1|318|0|0|
194|358|360|1|318|0|0|
194|359|360|1|316|0|0|
194|359|330|1|316|0|0|
194|359|360|1|316|0|0|
194|359|330|1|316|0|0|
194|353|360|1|316|0|0|
194|353|360|1|316|0|0|
194|366|330|1|316|0|0|
194|366|360|1|316|0|0|
194|366|360|1|316|0|0|
194|366|390|1|316|0|0|
194|366|360|1|316|0|0|
194|366|390|1|316|0|0|
194|366|330|1|316|0|0|
194|366|330|1|316|0|0|
194|366|360|1|316|0|0|
194|366|360|1|316|0|0|
194|366|360|1|316|0|0|
194|352|420|1|318|0|0|
194|353|390|1|316|0|0|
194|353|360|1|316|0|0|
194|353|360|1|316|0|0|
194|353|390|1|316|0|0|
194|366|390|1|316|0|0|
194|353|420|1|316|0|0|
194|353|390|1|316|0|0|
194|353|360|1|316|0|0|
194|353|420|1|316|0|0|
194|353|420|1|316|0|0|
194|353|420|1|316|0|0|
194|353|390|1|316|0|0|
194|353|360|1|316|0|0|
194|366|390|1|316|0|0|
194|366|390|1|316|0|0|
194|366|420|1|316|0|0|
194|366|390|1|316|0|0|
194|366|390|1|316|0|0|
194|366|420|1|316|0|0|
194|304|330|1|287|0|0|
194|371|420|1|318|0|0|
194|292|300|1|287|0|0|
194|358|360|1|318|0|0|
194|353|390|1|316|0|0|
194|352|390|1|318|0|0|
194|359|360|1|316|0|0|
194|365|390|1|318|0|0|
194|366|360|1|316|0|0|
194|366|390|1|316|0|0|
194|353|390|1|316|0|0|
194|353|390|1|316|0|0|
194|358|390|1|318|0|0|
194|359|360|1|316|0|0|
194|359|360|1|316|0|0|
194|359|360|1|316|0|0|
194|352|390|1|318|0|0|
194|365|360|1|318|0|0|
194|353|360|1|316|0|0|
194|353|360|1|316|0|0|
194|366|390|1|316|0|0|
194|353|360|1|316|0|0|
194|352|420|1|318|0|0|
194|352|360|1|318|0|0|
194|352|360|1|318|0|0|
194|352|420|1|318|0|0|
194|352|390|1|318|0|0|
194|352|360|1|318|0|0|
194|352|360|1|318|0|0|
194|353|360|1|316|0|0|
194|352|420|1|318|0|0|
194|352|360|1|318|0|0|
194|358|420|1|318|0|0|
194|358|360|1|318|0|0|
194|359|420|1|316|0|0|
194|358|420|1|318|0|0|
194|358|390|1|318|0|0|
194|352|360|1|318|0|0|
194|291|330|1|289|0|0|
194|352|420|1|318|0|0|
194|353|390|1|316|0|0|
194|352|360|1|318|0|0|
194|372|420|1|316|0|0|
194|352|390|1|318|0|0|
194|352|360|1|318|0|0|
194|352|360|1|318|0|0|
194|353|390|1|316|0|0|
194|353|360|1|316|0|0|
194|352|360|1|318|0|0|
194|286|270|1|287|0|0|
194|353|360|1|316|0|0|
194|352|360|1|318|0|0|
194|352|360|1|318|0|0|
194|353|390|1|316|0|0|
194|353|360|1|316|0|0|
194|353|390|1|316|0|0|
194|366|390|1|318|0|0|
194|365|390|1|318|0|0|
194|352|360|1|318|0|0|
194|285|300|1|289|0|0|
194|353|420|1|316|0|0|
194|352|390|1|318|0|0|
194|352|360|1|318|0|0|
194|371|390|1|318|0|0|
194|371|420|1|318|0|0|
194|371|420|1|318|0|0|
194|366|420|1|316|0|0|
194|365|390|1|318|0|0|
194|383|450|1|329|0|0|
194|358|420|1|318|0|0|
194|359|420|1|316|0|0|
194|358|420|1|318|0|0|
194|352|360|1|318|0|0|
194|352|360|1|318|0|0|
194|352|420|1|318|0|0|
194|352|360|1|318|0|0|
194|353|420|1|316|0|0|
194|353|390|1|316|0|0|
194|353|420|1|316|0|0|
194|352|390|1|318|0|0|
194|353|360|1|316|0|0|
194|352|390|1|318|0|0|
194|353|360|1|316|0|0|
194|353|390|1|316|0|0|
194|358|360|1|318|0|0|
194|352|360|1|318|0|0|
194|352|360|1|318|0|0|
194|352|390|1|318|0|0|
194|352|360|1|318|0|0|
194|353|390|1|316|0|0|
194|353|390|1|316|0|0|
194|352|360|1|318|0|0|
194|286|300|1|287|0|0|
194|353|390|1|316|0|0|
194|352|390|1|318|0|0|
194|353|390|1|316|0|0|
194|285|330|1|289|0|0|
194|352|420|1|318|0|0|
194|358|420|1|318|0|0|
194|358|360|1|318|0|0|
194|352|360|1|318|0|0|
194|353|390|1|316|0|0|
194|352|360|1|318|0|0|
194|353|390|1|316|0|0|
194|352|420|1|318|0|0|
194|286|300|1|287|0|0|
194|359|360|1|316|0|0|
194|353|360|1|316|0|0|
194|353|390|1|316|0|0|
194|353|360|1|316|0|0|
194|353|390|1|316|0|0|
194|353|360|1|316|0|0|
194|352|360|1|318|0|0|
194|353|390|1|316|0|0|
194|352|360|1|318|0|0|
194|358|360|1|318|0|0|
194|352|390|1|318|0|0|
194|286|330|1|287|0|0|
194|353|330|1|316|0|0|
194|352|360|1|318|0|0|
194|352|360|1|318|0|0|
194|353|390|1|316|0|0|
194|352|390|1|318|0|0|
194|353|360|1|316|0|0|
194|353|390|1|316|0|0|
194|359|390|1|316|0|0|
194|359|360|1|316|0|0|
194|353|360|1|316|0|0|
194|352|330|1|318|0|0|
194|359|390|1|316|0|0|
194|359|360|1|316|0|0|
194|353|360|1|316|0|0|
194|353|360|1|316|0|0|
194|352|360|1|318|0|0|
194|353|390|1|316|0|0|
194|353|360|1|316|0|0|
194|353|390|1|316|0|0|
194|353|360|1|316|0|0|
194|352|360|1|318|0|0|
194|292|330|1|287|0|0|
194|358|360|1|318|0|0|
194|358|360|1|318|0|0|
194|352|360|1|318|0|0|
194|297|330|1|289|0|0|
194|366|390|0|318|0|0|
194|353|360|1|316|0|0|
194|377|360|1|334|0|0|
194|358|330|1|318|0|0|
194|352|330|1|318|0|0|
194|352|360|1|318|0|0|
194|352|390|1|318|0|0|
194|352|360|1|318|0|0|
194|352|390|1|318|0|0|
194|352|360|1|318|0|0|
194|358|390|1|318|0|0|
194|352|360|1|318|0|0|
194|358|390|1|318|0|0|
194|353|360|1|316|0|0|
194|352|360|1|318|0|0|
194|358|390|1|318|0|0|
194|352|360|1|318|0|0|
194|352|420|1|318|0|0|
194|359|360|1|316|0|0|
194|352|360|1|318|0|0|
194|358|360|1|318|0|0|
194|365|390|1|318|0|0|
194|366|390|1|316|0|0|
194|366|360|1|316|0|0|
194|365|390|1|318|0|0|
194|366|390|1|316|0|0|
194|352|390|1|318|0|0|
194|353|360|1|316|0|0|
194|353|420|1|316|0|0|
194|352|390|1|318|0|0|
194|352|390|1|318|0|0|
194|353|360|1|316|0|0|
194|353|360|1|316|0|0|
194|353|360|1|316|0|0|
194|353|360|1|316|0|0|
194|353|420|1|316|0|0|
194|366|390|1|316|0|0|
194|353|420|1|316|0|0|
194|359|360|1|316|0|0|
194|353|360|1|316|0|0|
194|353|360|1|316|0|0|
194|353|420|1|316|0|0|
194|352|420|1|318|0|0|
194|353|390|1|316|0|0|
194|353|360|1|316|0|0|
194|353|420|1|316|0|0|
194|366|420|1|316|0|0|
194|358|390|1|318|0|0|
194|366|450|1|316|0|0|
194|372|450|1|316|0|0|
194|366|420|1|316|0|0|
194|353|420|1|316|0|0|
194|353|420|1|316|0|0|
194|353|420|1|316|0|0|
194|353|390|1|316|0|0|
194|353|390|1|316|0|0|
194|353|420|1|316|0|0|
194|353|420|1|316|0|0|
194|353|420|1|316|0|0|
194|353|420|1|316|0|0|
194|353|420|1|316|0|0|
194|353|420|1|316|0|0|
194|353|390|1|316|0|0|
194|353|390|1|316|0|0|
194|353|390|1|316|0|0|
194|353|360|1|316|0|0|
194|353|390|1|316|0|0|
194|353|420|1|316|0|0|
194|353|420|1|316|0|0|
194|353|420|1|316|0|0|
194|353|420|1|316|0|0|
194|353|420|1|316|0|0|
194|366|330|1|316|0|0|
194|353|360|1|316|0|0|
194|353|360|1|316|0|0|
194|353|360|1|316|0|0|
194|353|360|1|316|0|0|
194|353|360|1|316|0|0|
194|353|360|1|316|0|0|
194|353|360|1|316|0|0|
194|353|360|1|316|0|0|
194|353|360|1|316|0|0|
194|353|360|1|316|0|0|
194|353|360|1|316|0|0|
194|353|360|1|316|0|0|
194|353|360|1|316|0|0|
194|365|360|1|318|0|0|
194|297|300|1|289|0|0|
194|366|360|1|316|0|0|
194|366|360|1|316|0|0|
194|365|360|1|318|0|0|
194|371|360|1|318|0|0|
194|372|360|1|316|0|0|
194|365|390|1|318|0|0|
194|371|450|1|318|0|0|
194|371|450|1|318|0|0|
194|371|450|1|318|0|0|
