INSTRUCTIONS_RETIRED|CYCLES|UNKNOWN|LD_BLOCKS.STORE_FORWARD|UOPS_EXECUTED.CORE|BR_MISP_RETIRED.ALL_BRANCHES|UOPS_ISSUED.SINGLE_MUL|
84|244|240|1|206|0|0|
84|245|240|1|206|0|0|
84|244|270|1|206|0|0|
84|244|270|1|206|0|0|
84|245|240|1|206|0|0|
84|245|240|1|206|0|0|
84|176|180|1|179|0|0|
84|177|180|1|179|0|0|
84|199|210|1|179|1|0|
84|266|300|1|206|1|0|
84|244|240|1|206|0|0|
84|176|180|1|179|0|0|
84|177|150|1|179|0|0|
84|244|240|1|206|0|0|
84|176|180|1|179|0|0|
84|177|180|1|179|0|0|
84|176|150|1|179|0|0|
84|244|240|1|206|0|0|
84|245|270|1|206|0|0|
84|244|240|1|206|0|0|
84|245|240|1|206|0|0|
84|245|210|1|206|0|0|
84|244|240|1|206|0|0|
84|176|150|1|179|0|0|
84|244|240|1|206|0|0|
84|176|210|1|179|0|0|
84|244|240|1|206|0|0|
84|245|240|1|206|0|0|
84|176|180|1|179|0|0|
84|245|270|1|206|0|0|
84|177|180|1|179|0|0|
84|177|180|1|179|0|0|
84|244|240|1|206|0|0|
84|244|240|1|206|0|0|
84|244|240|1|206|0|0|
84|199|240|1|179|1|0|
84|267|300|1|206|1|0|
84|266|270|1|206|1|0|
84|245|240|1|206|0|0|
84|244|240|1|206|0|0|
84|245|240|1|206|0|0|
84|244|240|1|206|0|0|
84|245|270|1|206|0|0|
84|244|270|1|206|0|0|
84|244|210|1|206|0|0|
84|244|240|1|206|0|0|
84|245|240|1|206|0|0|
84|245|270|1|206|0|0|
84|245|270|1|206|0|0|
84|244|240|1|206|0|0|
84|245|210|1|206|0|0|
84|244|240|1|206|0|0|
84|177|150|1|179|0|0|
84|244|240|1|206|0|0|
84|245|270|1|206|0|0|
84|176|150|1|179|0|0|
84|244|240|1|206|0|0|
84|245|270|1|206|0|0|
84|244|240|1|206|0|0|
84|245|210|1|206|0|0|
84|245|240|1|206|0|0|
84|199|210|1|179|1|0|
84|266|270|1|206|1|0|
84|266|270|1|206|1|0|
84|266|240|1|206|1|0|
84|266|270|1|206|1|0|
84|266|270|1|206|1|0|
84|266|270|1|206|1|0|
84|266|270|1|206|1|0|
84|266|270|1|206|1|0|
84|277|330|1|217|1|0|
84|266|300|1|206|1|0|
84|199|210|1|179|1|0|
84|266|270|1|206|1|0|
84|267|270|1|206|1|0|
84|266|270|1|206|1|0|
84|266|270|1|206|1|0|
84|266|330|1|206|1|0|
84|198|210|1|179|1|0|
84|198|210|1|179|1|0|
84|266|270|1|206|1|0|
84|266|270|1|206|1|0|
84|266|330|1|206|1|0|
84|266|270|1|206|1|0|
84|199|210|1|179|1|0|
84|267|300|1|206|1|0|
84|266|270|1|206|1|0|
84|266|300|1|206|1|0|
84|266|330|1|206|1|0|
84|266|300|1|206|1|0|
84|199|210|1|179|1|0|
84|266|330|1|206|1|0|
84|266|270|1|206|1|0|
84|266|270|1|206|1|0|
84|266|270|1|206|1|0|
84|266|270|1|206|1|0|
84|266|270|1|206|1|0|
84|266|240|1|206|1|0|
84|199|210|1|179|1|0|
84|199|180|1|179|1|0|
84|199|240|1|179|1|0|
84|199|180|1|179|1|0|
84|266|270|1|206|1|0|
84|199|210|1|179|1|0|
84|199|240|1|179|1|0|
84|199|210|1|179|1|0|
84|266|270|1|206|1|0|
84|266|270|1|206|1|0|
84|267|270|1|206|1|0|
84|266|270|1|206|1|0|
84|177|180|1|179|0|0|
84|245|240|1|206|0|0|
84|244|270|1|206|0|0|
84|244|240|1|206|0|0|
84|245|240|1|206|0|0|
84|244|240|1|206|0|0|
84|244|240|1|206|0|0|
84|245|240|1|206|0|0|
84|244|270|1|206|0|0|
84|244|270|1|206|0|0|
84|176|180|1|179|0|0|
84|245|270|1|206|0|0|
84|244|270|1|206|0|0|
84|244|300|1|206|0|0|
84|244|240|1|206|0|0|
84|245|240|1|206|0|0|
84|244|270|1|206|0|0|
84|176|180|1|179|0|0|
84|177|180|1|179|0|0|
84|176|180|1|179|0|0|
84|244|270|1|206|0|0|
84|177|180|1|179|0|0|
84|244|270|1|206|0|0|
84|244|270|1|206|0|0|
84|244|240|1|206|0|0|
84|244|270|1|206|0|0|
84|245|270|1|206|0|0|
84|245|300|1|206|0|0|
84|245|270|1|206|0|0|
84|245|240|1|206|0|0|
84|244|270|1|206|0|0|
84|244|270|1|206|0|0|
84|244|270|1|206|0|0|
84|245|240|1|206|0|0|
84|245|240|1|206|0|0|
84|245|270|1|206|0|0|
84|245|270|1|206|0|0|
84|245|210|1|206|0|0|
84|253|240|1|215|0|0|
84|245|240|1|206|0|0|
84|244|240|1|206|0|0|
84|244|240|1|206|0|0|
84|245|240|1|206|0|0|
84|245|240|1|206|0|0|
84|245|240|1|206|0|0|
84|245|240|1|206|0|0|
84|245|240|1|206|0|0|
84|245|240|1|206|0|0|
84|244|240|1|206|0|0|
84|244|240|1|206|0|0|
84|251|270|1|214|0|0|
84|244|240|1|206|0|0|
84|245|270|1|206|0|0|
84|245|240|1|206|0|0|
84|245|240|1|206|0|0|
84|244|300|1|206|0|0|
84|245|270|1|206|0|0|
84|244|240|1|206|0|0|
84|245|300|1|206|0|0|
84|245|270|1|206|0|0|
84|245|270|1|206|0|0|
84|245|270|1|206|0|0|
84|245|300|1|206|0|0|
84|245|270|1|206|0|0|
84|245|240|1|206|0|0|
84|245|240|1|206|0|0|
84|244|300|1|206|0|0|
84|245|240|1|206|0|0|
84|244|270|1|206|0|0|
84|244|240|1|206|0|0|
84|244|210|1|206|0|0|
84|245|270|1|206|0|0|
84|245|240|1|206|0|0|
84|244|240|1|206|0|0|
84|244|240|1|206|0|0|
84|256|240|1|206|0|0|
84|256|240|1|206|0|0|
84|245|270|1|206|0|0|
84|244|240|1|206|0|0|
84|244|240|1|206|0|0|
84|245|240|1|206|0|0|
84|245|240|1|206|0|0|
84|244|210|1|206|0|0|
84|245|240|1|206|0|0|
84|245|240|1|206|0|0|
84|245|240|1|206|0|0|
84|244|240|1|206|0|0|
84|244|210|1|206|0|0|
84|244|240|1|206|0|0|
84|244|270|1|206|0|0|
84|176|150|1|179|0|0|
84|177|180|1|179|0|0|
84|244|240|1|206|0|0|
84|255|240|1|206|0|0|
84|244|240|1|206|0|0|
84|244|270|1|206|0|0|
84|244|270|1|206|0|0|
84|244|240|1|206|0|0|
84|244|270|1|206|0|0|
84|244|240|1|206|0|0|
84|245|240|1|206|0|0|
84|245|240|1|206|0|0|
84|244|240|1|206|0|0|
84|244|240|1|206|0|0|
84|245|240|1|206|0|0|
84|245|240|1|206|0|0|
84|244|240|1|206|0|0|
84|244|240|1|206|0|0|
84|244|210|1|206|0|0|
84|176|180|1|179|0|0|
84|176|150|1|179|0|0|
84|176|180|1|179|0|0|
84|176|180|1|179|0|0|
84|176|150|1|179|0|0|
84|176|180|1|179|0|0|
84|176|180|1|179|0|0|
84|244|240|1|206|0|0|
84|244|270|1|206|0|0|
84|244|240|1|206|0|0|
84|244|240|1|206|0|0|
84|244|270|1|206|0|0|
84|244|240|1|206|0|0|
84|244|240|1|206|0|0|
84|244|240|1|206|0|0|
84|176|180|1|179|0|0|
84|244|240|1|206|0|0|
84|261|270|1|222|0|0|
84|245|270|1|206|0|0|
84|245|240|1|206|0|0|
84|245|240|1|206|0|0|
84|244|240|1|206|0|0|
84|244|240|1|206|0|0|
84|176|150|1|179|0|0|
84|176|180|1|179|0|0|
84|177|180|1|179|0|0|
84|244|210|1|206|0|0|
84|244|240|1|206|0|0|
84|245|270|1|206|0|0|
84|244|240|1|206|0|0|
84|244|240|1|206|0|0|
84|244|240|1|206|0|0|
84|177|210|1|179|0|0|
84|182|180|1|179|0|0|
84|176|180|1|179|0|0|
84|177|180|1|179|0|0|
84|244|240|1|206|0|0|
84|244|210|1|206|0|0|
84|244|240|1|206|0|0|
84|244|270|1|206|0|0|
84|244|240|1|206|0|0|
84|245|300|1|206|0|0|
84|245|240|1|206|0|0|
84|244|270|1|206|0|0|
84|245|240|1|206|0|0|
84|244|240|1|206|0|0|
84|244|240|1|206|0|0|
84|244|270|1|206|0|0|
84|245|240|1|206|0|0|
84|244|240|1|206|0|0|
84|244|240|1|206|0|0|
84|244|240|1|206|0|0|
84|245|240|1|206|0|0|
84|244|240|1|206|0|0|
84|244|240|1|206|0|0|
84|245|240|1|206|0|0|
84|244|240|1|206|0|0|
84|245|240|1|206|0|0|
84|251|270|1|214|0|0|
84|244|240|1|206|0|0|
84|244|240|1|206|0|0|
84|244|240|1|206|0|0|
84|244|240|1|206|0|0|
84|244|240|1|206|0|0|
84|245|240|1|206|0|0|
84|245|240|1|206|0|0|
84|244|240|1|206|0|0|
84|245|270|1|206|0|0|
84|244|240|1|206|0|0|
84|245|270|1|206|0|0|
84|245|240|1|206|0|0|
84|245|270|1|206|0|0|
84|244|240|1|206|0|0|
84|177|180|1|179|0|0|
84|244|240|1|206|0|0|
84|244|240|1|206|0|0|
84|245|240|1|206|0|0|
84|245|270|1|206|0|0|
84|245|270|1|206|0|0|
84|176|210|1|179|0|0|
84|244|270|1|206|0|0|
84|245|270|1|206|0|0|
84|176|180|1|179|0|0|
84|244|300|1|206|0|0|
84|244|240|1|206|0|0|
84|244|270|1|206|0|0|
84|244|300|1|206|0|0|
84|244|240|1|206|0|0|
84|244|270|1|206|0|0|
84|244|240|1|206|0|0|
84|244|300|1|206|0|0|
84|244|240|1|206|0|0|
84|244|300|1|206|0|0|
84|244|240|1|206|0|0|
84|245|270|1|206|0|0|
84|244|240|1|206|0|0|
84|244|270|1|206|0|0|
84|244|270|1|206|0|0|
84|245|270|1|206|0|0|
84|245|300|1|206|0|0|
84|244|240|1|206|0|0|
84|244|240|1|206|0|0|
84|245|270|1|206|0|0|
84|177|180|1|179|0|0|
84|244|270|1|206|0|0|
84|244|270|1|206|0|0|
84|256|270|1|217|0|0|
84|244|270|1|206|0|0|
84|244|270|1|206|0|0|
84|176|210|1|179|0|0|
84|244|240|1|206|0|0|
84|245|270|1|206|0|0|
84|176|180|1|179|0|0|
84|245|240|1|206|0|0|
84|176|180|1|179|0|0|
84|245|300|1|206|0|0|
84|244|240|1|206|0|0|
84|244|240|1|206|0|0|
84|176|210|1|179|0|0|
84|244|240|1|206|0|0|
84|244|300|1|206|0|0|
84|244|270|1|206|0|0|
84|245|300|1|206|0|0|
84|244|240|1|206|0|0|
84|176|180|1|179|0|0|
84|176|180|1|179|0|0|
84|245|240|1|206|0|0|
84|244|240|1|206|0|0|
84|244|270|1|206|0|0|
84|244|270|1|206|0|0|
84|244|270|1|206|0|0|
84|245|300|1|206|0|0|
84|245|240|1|206|0|0|
84|245|270|1|206|0|0|
84|245|270|1|206|0|0|
84|245|270|1|206|0|0|
84|245|270|1|206|0|0|
84|244|210|1|206|0|0|
84|259|270|1|221|0|0|
84|245|240|1|206|0|0|
84|244|240|1|206|0|0|
84|245|240|1|206|0|0|
84|245|240|1|206|0|0|
84|245|240|1|206|0|0|
84|245|240|1|206|0|0|
84|245|240|1|206|0|0|
84|245|270|1|206|0|0|
84|245|240|1|206|0|0|
84|245|240|1|206|0|0|
84|245|240|1|206|0|0|
84|245|240|1|206|0|0|
84|245|240|1|206|0|0|
84|245|240|1|206|0|0|
84|245|240|1|206|0|0|
84|245|210|1|206|0|0|
84|245|240|1|206|0|0|
84|245|240|1|206|0|0|
84|245|240|1|206|0|0|
84|245|270|1|206|0|0|
84|245|240|1|206|0|0|
84|245|240|1|206|0|0|
84|245|240|1|206|0|0|
84|244|240|1|206|0|0|
84|245|270|1|206|0|0|
84|245|240|1|206|0|0|
84|245|240|1|206|0|0|
84|245|240|1|206|0|0|
84|245|210|1|206|0|0|
84|245|240|1|206|0|0|
84|245|240|1|206|0|0|
84|245|240|1|206|0|0|
84|245|240|1|206|0|0|
84|245|240|1|206|0|0|
84|244|240|1|206|0|0|
84|245|240|1|206|0|0|
84|245|240|1|206|0|0|
84|245|270|1|206|0|0|
84|245|240|1|206|0|0|
84|245|240|1|206|0|0|
84|245|240|1|206|0|0|
84|245|240|1|206|0|0|
84|245|210|1|206|0|0|
84|245|210|1|206|0|0|
84|245|240|1|206|0|0|
84|245|240|1|206|0|0|
84|245|270|1|206|0|0|
84|245|240|1|206|0|0|
84|245|270|1|206|0|0|
84|245|240|1|206|0|0|
84|245|240|1|206|0|0|
84|244|240|1|206|0|0|
84|244|270|1|206|0|0|
84|244|240|1|206|0|0|
84|245|210|1|206|0|0|
84|245|240|1|206|0|0|
84|245|270|1|206|0|0|
84|245|240|1|206|0|0|
84|245|240|1|206|0|0|
84|256|240|1|217|0|0|
84|177|180|1|179|0|0|
84|177|180|1|179|0|0|
84|177|150|1|179|0|0|
84|245|270|1|206|0|0|
84|245|270|1|206|0|0|
84|244|270|1|206|0|0|
84|245|270|1|206|0|0|
84|245|240|1|206|0|0|
84|245|240|1|206|0|0|
84|245|270|1|206|0|0|
84|244|240|1|206|0|0|
84|245|240|1|206|0|0|
84|245|240|1|206|0|0|
84|245|240|1|206|0|0|
84|245|240|1|206|0|0|
84|245|270|1|206|0|0|
84|245|240|1|206|0|0|
84|245|270|1|206|0|0|
84|245|300|1|206|0|0|
84|177|180|1|179|0|0|
84|245|240|1|206|0|0|
84|245|300|1|206|0|0|
84|177|180|1|179|0|0|
84|245|270|1|206|0|0|
84|245|270|1|206|0|0|
84|245|270|1|206|0|0|
84|245|270|1|206|0|0|
84|245|240|1|206|0|0|
84|245|270|1|206|0|0|
84|245|270|1|206|0|0|
84|245|240|1|206|0|0|
84|245|240|1|206|0|0|
84|245|240|1|206|0|0|
84|245|240|1|206|0|0|
84|245|240|1|206|0|0|
84|245|270|1|206|0|0|
84|245|240|1|206|0|0|
84|245|270|1|206|0|0|
84|245|210|1|206|0|0|
84|245|240|1|206|0|0|
84|177|150|1|179|0|0|
84|177|180|1|179|0|0|
84|177|180|1|179|0|0|
84|244|270|1|206|0|0|
84|245|240|1|206|0|0|
84|245|240|1|206|0|0|
84|245|240|1|206|0|0|
84|244|270|1|206|0|0|
84|245|300|1|206|0|0|
84|245|240|1|206|0|0|
84|245|270|1|206|0|0|
84|245|270|1|206|0|0|
84|245|270|1|206|0|0|
84|245|270|1|206|0|0|
84|245|270|1|206|0|0|
84|245|240|1|206|0|0|
84|245|270|1|206|0|0|
84|245|300|1|206|0|0|
84|245|270|1|206|0|0|
84|245|300|1|206|0|0|
84|245|240|1|206|0|0|
84|245|270|1|206|0|0|
84|176|210|1|179|0|0|
84|244|240|1|206|0|0|
84|244|270|1|206|0|0|
84|244|240|1|206|0|0|
84|245|240|1|206|0|0|
84|245|240|1|206|0|0|
84|245|210|1|206|0|0|
84|245|240|1|206|0|0|
84|245|210|1|206|0|0|
84|245|210|1|206|0|0|
84|245|210|1|206|0|0|
84|245|240|1|206|0|0|
84|245|240|1|206|0|0|
84|245|240|1|206|0|0|
84|245|240|1|206|0|0|
84|245|240|1|206|0|0|
84|244|270|1|206|0|0|
84|245|240|1|206|0|0|
84|245|240|1|206|0|0|
84|245|270|1|206|0|0|
84|245|270|1|206|0|0|
84|177|180|1|179|0|0|
84|177|180|1|179|0|0|
84|245|240|1|206|0|0|
84|245|240|1|206|0|0|
84|245|240|1|206|0|0|
84|245|240|1|206|0|0|
84|245|240|1|206|0|0|
84|177|180|1|179|0|0|
84|245|240|1|206|0|0|
84|245|270|1|206|0|0|
84|245|270|1|206|0|0|
84|245|240|1|206|0|0|
84|245|270|1|206|0|0|
84|245|270|1|206|0|0|
84|245|270|1|206|0|0|
84|245|240|1|206|0|0|
84|245|240|1|206|0|0|
84|245|270|1|206|0|0|
84|245|240|1|206|0|0|
84|245|240|1|206|0|0|
84|245|270|1|206|0|0|
84|245|240|1|206|0|0|
84|245|240|1|206|0|0|
84|245|270|1|206|0|0|
84|245|240|1|206|0|0|
84|245|270|1|206|0|0|
84|245|240|1|206|0|0|
84|245|300|1|206|0|0|
84|245|270|1|206|0|0|
84|245|270|1|206|0|0|
84|245|210|1|206|0|0|
84|245|240|1|206|0|0|
84|245|240|1|206|0|0|
84|245|210|1|206|0|0|
84|245|240|1|206|0|0|
84|244|240|1|206|0|0|
84|245|240|1|206|0|0|
84|245|240|1|206|0|0|
84|245|240|1|206|0|0|
84|245|240|1|206|0|0|
84|245|240|1|206|0|0|
84|244|240|1|206|0|0|
84|244|240|1|206|0|0|
84|245|270|1|206|0|0|
84|245|240|1|206|0|0|
84|245|240|1|206|0|0|
84|245|240|1|206|0|0|
84|245|240|1|206|0|0|
84|245|240|1|206|0|0|
84|245|240|1|206|0|0|
84|245|240|1|206|0|0|
84|245|270|1|206|0|0|
84|245|240|1|206|0|0|
84|245|240|1|206|0|0|
84|244|270|1|206|0|0|
84|245|270|1|206|0|0|
84|245|240|1|206|0|0|
84|245|270|1|206|0|0|
84|245|240|1|206|0|0|
84|245|240|1|206|0|0|
84|245|240|1|206|0|0|
84|245|240|1|206|0|0|
84|245|240|1|206|0|0|
84|245|240|1|206|0|0|
84|245|270|1|206|0|0|
84|245|240|1|206|0|0|
84|245|240|1|206|0|0|
84|245|240|1|206|0|0|
84|245|240|1|206|0|0|
84|245|240|1|206|0|0|
84|245|240|1|206|0|0|
84|245|240|1|206|0|0|
84|245|210|1|206|0|0|
84|245|240|1|206|0|0|
84|177|180|1|179|0|0|
84|177|150|1|179|0|0|
84|177|180|1|179|0|0|
84|245|270|1|206|0|0|
84|245|240|1|206|0|0|
84|244|240|1|206|0|0|
84|244|210|1|206|0|0|
84|176|180|1|179|0|0|
84|177|180|1|179|0|0|
84|244|240|1|206|0|0|
84|245|240|1|206|0|0|
84|245|240|1|206|0|0|
84|244|240|1|206|0|0|
84|245|270|1|206|0|0|
84|244|270|1|206|0|0|
84|245|240|1|206|0|0|
84|244|210|1|206|0|0|
84|244|240|1|206|0|0|
84|245|240|1|206|0|0|
84|245|240|1|206|0|0|
84|244|240|1|206|0|0|
84|244|240|1|206|0|0|
84|256|240|1|217|0|0|
84|176|180|1|179|0|0|
84|176|180|1|179|0|0|
84|176|210|1|179|0|0|
84|244|240|1|206|0|0|
84|244|270|1|206|0|0|
84|244|270|1|206|0|0|
84|244|270|1|206|0|0|
84|176|150|1|179|0|0|
84|177|180|1|179|0|0|
84|245|240|1|206|0|0|
84|244|240|1|206|0|0|
84|244|270|1|206|0|0|
84|176|180|1|179|0|0|
84|176|180|1|179|0|0|
84|177|210|1|179|0|0|
84|244|210|1|206|0|0|
84|245|240|1|206|0|0|
84|245|240|1|206|0|0|
84|245|270|1|206|0|0|
84|244|270|1|206|0|0|
84|244|240|1|206|0|0|
84|244|240|1|206|0|0|
84|245|240|1|206|0|0|
84|244|270|1|206|0|0|
84|244|240|1|206|0|0|
84|244|210|1|206|0|0|
84|245|240|1|206|0|0|
84|244|240|1|206|0|0|
84|244|270|1|206|0|0|
84|245|240|1|206|0|0|
84|244|240|1|206|0|0|
84|244|240|1|206|0|0|
84|245|270|1|206|0|0|
84|244|270|1|206|0|0|
84|244|240|1|206|0|0|
84|244|240|1|206|0|0|
84|244|240|1|206|0|0|
84|245|240|1|206|0|0|
84|244|240|1|206|0|0|
84|244|240|1|206|0|0|
84|244|240|1|206|0|0|
84|245|240|1|206|0|0|
84|244|240|1|206|0|0|
84|245|240|1|206|0|0|
84|244|240|1|206|0|0|
85|882|900|1|442|0|0|
84|245|270|1|206|0|0|
84|245|270|1|206|0|0|
84|244|240|1|206|0|0|
84|244|240|1|206|0|0|
84|245|240|1|206|0|0|
84|244|240|1|206|0|0|
84|244|240|1|206|0|0|
84|244|240|1|206|0|0|
84|244|240|1|206|0|0|
84|245|240|1|206|0|0|
84|244|270|1|206|0|0|
84|245|270|1|206|0|0|
84|245|240|1|206|0|0|
84|245|240|1|206|0|0|
84|244|270|1|206|0|0|
84|245|240|1|206|0|0|
84|245|210|1|206|0|0|
84|245|240|1|206|0|0|
84|244|210|1|206|0|0|
84|244|240|1|206|0|0|
84|245|270|1|206|0|0|
84|244|270|1|206|0|0|
84|244|240|1|206|0|0|
84|245|270|1|206|0|0|
84|255|240|1|217|0|0|
84|244|270|1|206|0|0|
84|244|240|1|206|0|0|
84|245|240|1|206|0|0|
84|244|270|1|206|0|0|
84|245|270|1|206|0|0|
84|244|270|1|206|0|0|
84|244|240|1|206|0|0|
84|244|240|1|206|0|0|
84|244|240|1|206|0|0|
84|244|240|1|206|0|0|
84|245|210|1|206|0|0|
84|245|240|1|206|0|0|
84|245|270|1|206|0|0|
84|245|240|1|206|0|0|
84|245|240|1|206|0|0|
84|244|240|1|206|0|0|
84|244|240|1|206|0|0|
84|244|240|1|206|0|0|
84|244|240|1|206|0|0|
84|245|270|1|206|0|0|
84|176|180|1|179|0|0|
84|244|270|1|206|0|0|
84|244|270|1|206|0|0|
84|245|240|1|206|0|0|
84|245|270|1|206|0|0|
84|244|270|1|206|0|0|
84|244|270|1|206|0|0|
84|245|240|1|206|0|0|
84|244|270|1|206|0|0|
84|244|240|1|206|0|0|
84|176|180|1|179|0|0|
84|244|270|1|206|0|0|
84|245|240|1|206|0|0|
84|244|300|1|206|0|0|
84|245|270|1|206|0|0|
84|245|270|1|206|0|0|
84|245|240|1|206|0|0|
84|245|270|1|206|0|0|
84|245|240|1|206|0|0|
84|245|270|1|206|0|0|
84|244|210|1|206|0|0|
84|244|210|1|206|0|0|
84|245|210|1|206|0|0|
84|244|270|1|206|0|0|
84|245|270|1|206|0|0|
84|244|240|1|206|0|0|
84|244|240|1|206|0|0|
84|244|240|1|206|0|0|
84|244|240|1|206|0|0|
84|245|240|1|206|0|0|
84|244|210|1|206|0|0|
84|244|240|1|206|0|0|
84|244|240|1|206|0|0|
84|245|270|1|206|0|0|
84|244|270|1|206|0|0|
84|244|240|1|206|0|0|
84|245|240|1|206|0|0|
84|245|240|1|206|0|0|
84|245|270|1|206|0|0|
84|244|270|1|206|0|0|
84|245|240|1|206|0|0|
84|245|240|1|206|0|0|
84|245|300|1|206|0|0|
84|244|270|1|206|0|0|
84|245|240|1|206|0|0|
84|244|270|1|206|0|0|
84|244|240|1|206|0|0|
84|245|270|1|206|0|0|
84|245|270|1|206|0|0|
84|244|240|1|206|0|0|
84|244|300|1|206|0|0|
84|244|240|1|206|0|0|
84|244|240|1|206|0|0|
84|245|270|1|206|0|0|
84|244|240|1|206|0|0|
84|244|270|1|206|0|0|
84|245|270|1|206|0|0|
84|245|270|1|206|0|0|
84|244|240|1|206|0|0|
84|244|240|1|206|0|0|
84|245|270|1|206|0|0|
84|176|150|1|179|0|0|
84|244|240|1|206|0|0|
84|245|240|1|206|0|0|
84|244|270|1|206|0|0|
84|244|240|1|206|0|0|
84|245|240|1|206|0|0|
84|245|240|1|206|0|0|
84|245|270|1|206|0|0|
84|245|210|1|206|0|0|
84|244|240|1|206|0|0|
84|245|240|1|206|0|0|
84|245|270|1|206|0|0|
84|244|240|1|206|0|0|
84|244|270|1|206|0|0|
84|244|240|1|206|0|0|
84|245|270|1|206|0|0|
84|245|270|1|206|0|0|
84|244|270|1|206|0|0|
84|244|270|1|206|0|0|
84|245|240|1|206|0|0|
84|244|270|1|206|0|0|
84|244|270|1|206|0|0|
84|244|240|1|206|0|0|
84|244|270|1|206|0|0|
84|244|240|1|206|0|0|
84|244|270|1|206|0|0|
84|245|270|1|206|0|0|
84|245|240|1|206|0|0|
84|245|270|1|206|0|0|
84|244|240|1|206|0|0|
84|245|240|1|206|0|0|
84|244|270|1|206|0|0|
84|244|270|1|206|0|0|
84|244|240|1|206|0|0|
84|176|210|1|179|0|0|
84|176|210|1|179|0|0|
84|177|180|1|179|0|0|
84|245|240|1|206|0|0|
84|176|180|1|179|0|0|
84|244|240|1|206|0|0|
84|244|240|1|206|0|0|
84|244|210|1|206|0|0|
84|245|270|1|206|0|0|
84|245|270|1|206|0|0|
84|245|240|1|206|0|0|
84|245|210|1|206|0|0|
84|245|240|1|206|0|0|
84|245|240|1|206|0|0|
84|245|240|1|206|0|0|
84|245|240|1|206|0|0|
84|245|240|1|206|0|0|
84|245|240|1|206|0|0|
84|245|240|1|206|0|0|
84|260|270|1|221|0|0|
84|245|240|1|206|0|0|
84|245|240|1|206|0|0|
84|245|240|1|206|0|0|
84|245|240|1|206|0|0|
84|244|240|1|206|0|0|
84|244|240|1|206|0|0|
84|245|240|1|206|0|0|
84|245|240|1|206|0|0|
84|244|240|1|206|0|0|
84|244|240|1|206|0|0|
84|177|150|1|179|0|0|
84|177|180|1|179|0|0|
84|177|180|1|179|0|0|
84|177|210|1|179|0|0|
84|177|180|1|179|0|0|
84|245|240|1|206|0|0|
84|245|210|1|206|0|0|
84|245|240|1|206|0|0|
84|245|240|1|206|0|0|
84|177|180|1|179|0|0|
84|245|240|1|206|0|0|
84|245|270|1|206|0|0|
84|177|180|1|179|0|0|
84|177|210|1|179|0|0|
84|177|150|1|179|0|0|
84|245|210|1|206|0|0|
84|177|180|1|179|0|0|
84|177|180|1|179|0|0|
84|245|210|1|206|0|0|
84|245|240|1|206|0|0|
84|245|240|1|206|0|0|
84|245|270|1|206|0|0|
84|177|210|1|179|0|0|
84|244|210|1|206|0|0|
84|177|210|1|179|0|0|
84|245|210|1|206|0|0|
84|245|270|1|206|0|0|
84|177|150|1|179|0|0|
84|245|270|1|206|0|0|
84|245|210|1|206|0|0|
84|245|210|1|206|0|0|
84|245|270|1|206|0|0|
84|245|240|1|206|0|0|
84|245|240|1|206|0|0|
84|245|240|1|206|0|0|
84|245|240|1|206|0|0|
84|245|240|1|206|0|0|
84|245|240|1|206|0|0|
84|245|240|1|206|0|0|
84|245|240|1|206|0|0|
84|260|240|1|221|0|0|
84|245|270|1|206|0|0|
84|245|240|1|206|0|0|
84|245|240|1|206|0|0|
84|245|270|1|206|0|0|
84|244|240|1|206|0|0|
84|176|150|1|179|0|0|
84|244|240|1|206|0|0|
84|245|270|1|206|0|0|
84|245|240|1|206|0|0|
84|177|150|1|179|0|0|
84|177|180|1|179|0|0|
84|177|180|1|179|0|0|
84|245|270|1|206|0|0|
84|245|240|1|206|0|0|
84|177|180|1|179|0|0|
84|177|180|1|179|0|0|
84|177|180|1|179|0|0|
84|177|180|1|179|0|0|
84|245|270|1|206|0|0|
84|245|240|1|206|0|0|
84|177|150|1|179|0|0|
84|177|150|1|179|0|0|
84|177|180|1|179|0|0|
84|245|240|1|206|0|0|
84|245|240|1|206|0|0|
84|177|210|1|179|0|0|
84|176|180|1|179|0|0|
84|245|270|1|206|0|0|
84|244|240|1|206|0|0|
84|176|150|1|179|0|0|
84|245|270|1|206|0|0|
84|245|270|1|206|0|0|
84|245|240|1|206|0|0|
84|245|240|1|206|0|0|
84|245|240|1|206|0|0|
84|245|240|1|206|0|0|
84|245|210|1|206|0|0|
84|245|240|1|206|0|0|
84|245|240|1|206|0|0|
84|245|240|1|206|0|0|
84|245|240|1|206|0|0|
84|245|240|1|206|0|0|
84|245|240|1|206|0|0|
84|245|240|1|206|0|0|
84|245|270|1|206|0|0|
84|245|210|1|206|0|0|
84|245|240|1|206|0|0|
84|245|240|1|206|0|0|
84|245|210|1|206|0|0|
84|244|240|1|206|0|0|
84|245|240|1|206|0|0|
84|245|240|1|206|0|0|
84|244|240|1|206|0|0|
84|244|270|1|206|0|0|
84|245|240|1|206|0|0|
84|177|150|1|179|0|0|
84|177|180|1|179|0|0|
84|245|240|1|206|0|0|
84|245|240|1|206|0|0|
84|245|240|1|206|0|0|
84|177|180|1|179|0|0|
84|177|180|1|179|0|0|
84|245|210|1|206|0|0|
84|245|270|1|206|0|0|
84|245|240|1|206|0|0|
84|245|270|1|206|0|0|
84|177|210|1|179|0|0|
84|177|150|1|179|0|0|
84|245|240|1|206|0|0|
84|177|210|1|179|0|0|
84|245|270|1|206|0|0|
84|245|240|1|206|0|0|
84|177|180|1|179|0|0|
84|177|180|1|179|0|0|
84|177|180|1|179|0|0|
84|245|210|1|206|0|0|
84|245|270|1|206|0|0|
84|176|180|1|179|0|0|
84|244|240|1|206|0|0|
84|176|150|1|179|0|0|
84|176|210|1|179|0|0|
84|244|210|1|206|0|0|
84|176|150|1|179|0|0|
84|245|240|1|206|0|0|
84|244|270|1|206|0|0|
84|245|270|1|206|0|0|
84|244|270|1|206|0|0|
84|244|210|1|206|0|0|
84|245|210|1|206|0|0|
84|245|210|1|206|0|0|
84|245|210|1|206|0|0|
84|245|210|1|206|0|0|
84|177|150|1|179|0|0|
84|245|210|1|206|0|0|
84|177|150|1|179|0|0|
84|177|180|1|179|0|0|
84|245|270|1|206|0|0|
84|245|270|1|206|0|0|
84|244|240|1|206|0|0|
84|244|240|1|206|0|0|
84|183|180|1|179|0|0|
84|176|180|1|179|0|0|
84|177|180|1|179|0|0|
84|245|240|1|206|0|0|
84|244|240|1|206|0|0|
84|244|240|1|206|0|0|
84|244|240|1|206|0|0|
84|258|240|1|220|0|0|
84|244|240|1|206|0|0|
84|245|270|1|206|0|0|
84|244|210|1|206|0|0|
84|245|240|1|206|0|0|
84|285|300|1|206|0|0|
84|245|270|1|206|0|0|
84|176|180|1|179|0|0|
84|245|270|1|206|0|0|
84|177|180|1|179|0|0|
84|245|210|1|206|0|0|
84|245|240|1|206|0|0|
84|245|240|1|206|0|0|
84|244|240|1|206|0|0|
84|177|180|1|179|0|0|
84|245|240|1|206|0|0|
84|177|180|1|179|0|0|
84|245|210|1|206|0|0|
84|177|210|1|179|0|0|
84|177|180|1|179|0|0|
84|244|210|1|206|0|0|
84|245|240|1|206|0|0|
84|177|180|1|179|0|0|
84|245|270|1|206|0|0|
84|199|180|1|179|1|0|
84|199|180|1|179|1|0|
84|266|270|1|206|1|0|
84|199|210|1|179|1|0|
84|199|210|1|179|1|0|
84|266|240|1|206|1|0|
84|267|270|1|206|1|0|
84|266|270|1|206|1|0|
84|245|240|1|206|0|0|
84|244|240|1|206|0|0|
84|244|240|1|206|0|0|
84|244|210|1|206|0|0|
84|245|240|1|206|0|0|
84|244|240|1|206|0|0|
