INSTRUCTIONS_RETIRED|CYCLES|UNKNOWN|LD_BLOCKS.STORE_FORWARD|UOPS_EXECUTED.CORE|BR_MISP_RETIRED.ALL_BRANCHES|UOPS_ISSUED.SINGLE_MUL|
73|254|270|1|195|1|0|
73|231|240|1|197|0|0|
73|232|240|1|195|0|0|
73|232|240|1|195|0|0|
73|232|270|1|195|0|0|
73|231|270|1|197|0|0|
73|231|240|1|197|0|0|
73|232|240|1|195|0|0|
73|231|270|1|197|0|0|
73|231|270|1|197|0|0|
73|231|210|1|197|0|0|
73|231|240|1|197|0|0|
73|232|240|1|195|0|0|
73|231|240|1|197|0|0|
73|231|240|1|197|0|0|
73|231|240|1|197|0|0|
73|231|270|1|197|0|0|
73|232|240|1|195|0|0|
73|231|240|1|197|0|0|
73|231|240|1|197|0|0|
73|232|240|1|195|0|0|
73|231|240|1|197|0|0|
73|231|240|1|197|0|0|
73|232|240|1|195|0|0|
73|231|210|1|197|0|0|
73|232|240|1|195|0|0|
73|231|210|1|197|0|0|
73|232|270|1|195|0|0|
73|232|270|1|195|0|0|
73|231|270|1|197|0|0|
73|231|240|1|197|0|0|
73|165|180|1|168|0|0|
73|231|240|1|197|0|0|
73|165|180|1|168|0|0|
73|231|240|1|197|0|0|
73|232|240|1|195|0|0|
73|232|240|1|195|0|0|
73|231|240|1|197|0|0|
73|232|240|1|195|0|0|
73|232|270|1|195|0|0|
73|232|270|1|195|0|0|
73|232|240|1|195|0|0|
73|232|240|1|195|0|0|
73|232|270|1|195|0|0|
73|232|270|1|195|0|0|
73|232|270|1|195|0|0|
73|165|180|1|168|0|0|
73|232|240|1|195|0|0|
73|232|210|1|195|0|0|
73|232|270|1|195|0|0|
73|165|180|1|168|0|0|
73|165|180|1|168|0|0|
73|165|180|1|168|0|0|
73|232|240|1|195|0|0|
73|165|180|1|168|0|0|
73|232|240|1|195|0|0|
73|165|180|1|168|0|0|
73|232|240|1|195|0|0|
73|165|180|1|168|0|0|
73|232|240|1|195|0|0|
73|165|150|1|168|0|0|
73|165|180|1|168|0|0|
73|232|210|1|195|0|0|
73|232|270|1|195|0|0|
73|231|240|1|197|0|0|
73|232|270|1|195|0|0|
73|232|240|1|195|0|0|
73|232|240|1|195|0|0|
73|268|270|1|218|1|0|
73|231|210|1|197|0|0|
73|232|240|1|195|0|0|
73|231|240|1|197|0|0|
73|232|240|1|195|0|0|
73|232|240|1|195|0|0|
73|231|240|1|197|0|0|
73|231|240|1|197|0|0|
73|231|210|1|197|0|0|
73|164|150|1|170|0|0|
73|232|240|1|195|0|0|
73|164|180|1|170|0|0|
73|232|210|1|195|0|0|
73|231|240|1|197|0|0|
73|165|180|1|168|0|0|
73|165|210|1|168|0|0|
73|253|270|1|195|1|0|
73|231|270|1|197|0|0|
73|231|270|1|197|0|0|
73|232|240|1|195|0|0|
73|231|240|1|197|0|0|
73|232|240|1|195|0|0|
73|231|240|1|197|0|0|
73|232|210|1|195|0|0|
73|231|240|1|197|0|0|
73|231|270|1|197|0|0|
73|232|240|1|195|0|0|
73|232|240|1|195|0|0|
73|232|240|1|195|0|0|
73|232|240|1|195|0|0|
73|232|240|1|195|0|0|
73|232|240|1|195|0|0|
73|231|240|1|197|0|0|
73|232|210|1|195|0|0|
73|232|270|1|195|0|0|
73|231|240|1|197|0|0|
73|232|240|1|195|0|0|
73|232|240|1|195|0|0|
73|232|270|1|195|0|0|
73|232|240|1|195|0|0|
73|232|270|1|195|0|0|
73|232|270|1|195|0|0|
73|232|270|1|195|0|0|
73|232|270|1|195|0|0|
73|232|270|1|195|0|0|
73|232|270|1|195|0|0|
73|232|270|1|195|0|0|
73|232|240|1|195|0|0|
73|232|240|1|195|0|0|
73|232|270|1|195|0|0|
73|232|270|1|195|0|0|
73|232|270|1|195|0|0|
73|165|180|1|168|0|0|
73|165|210|1|168|0|0|
73|231|240|1|197|0|0|
73|165|210|1|168|0|0|
73|232|270|1|195|0|0|
73|232|240|1|195|0|0|
73|232|240|1|195|0|0|
73|232|300|1|195|0|0|
73|231|240|1|197|0|0|
73|232|270|1|195|0|0|
73|232|270|1|195|0|0|
73|232|270|1|195|0|0|
73|232|240|1|195|0|0|
73|232|210|1|195|0|0|
73|232|240|1|195|0|0|
73|232|240|1|195|0|0|
73|247|240|1|218|0|0|
73|232|240|1|195|0|0|
73|232|240|1|195|0|0|
73|232|210|1|195|0|0|
73|232|210|1|195|0|0|
73|232|240|1|195|0|0|
73|232|210|1|195|0|0|
73|232|240|1|195|0|0|
73|232|210|1|195|0|0|
73|232|210|1|195|0|0|
73|165|180|1|168|0|0|
73|232|240|1|195|0|0|
73|232|210|1|195|0|0|
73|232|210|1|195|0|0|
73|232|210|1|195|0|0|
73|232|240|1|195|0|0|
73|232|240|1|195|0|0|
73|232|270|1|195|0|0|
73|232|210|1|195|0|0|
73|232|240|1|195|0|0|
73|232|210|1|195|0|0|
73|246|240|1|213|0|0|
73|232|240|1|195|0|0|
73|232|210|1|195|0|0|
73|232|240|1|195|0|0|
73|232|270|1|195|0|0|
73|232|210|1|195|0|0|
73|232|270|1|195|0|0|
73|232|210|1|195|0|0|
73|232|270|1|195|0|0|
73|232|210|1|195|0|0|
73|232|240|1|195|0|0|
73|232|270|1|195|0|0|
73|165|180|1|168|0|0|
73|165|150|1|168|0|0|
73|165|150|1|168|0|0|
73|232|210|1|195|0|0|
73|232|210|1|195|0|0|
73|165|180|1|168|0|0|
73|165|150|1|168|0|0|
73|165|180|1|168|0|0|
73|165|180|1|168|0|0|
73|165|180|1|168|0|0|
73|165|150|1|168|0|0|
73|165|210|1|168|0|0|
73|232|210|1|195|0|0|
73|232|240|1|195|0|0|
73|232|240|1|195|0|0|
73|232|210|1|195|0|0|
73|232|240|1|195|0|0|
73|232|210|1|195|0|0|
73|232|210|1|195|0|0|
73|232|210|1|195|0|0|
73|232|240|1|195|0|0|
73|232|240|1|195|0|0|
73|232|240|1|195|0|0|
73|231|240|1|197|0|0|
73|231|210|1|197|0|0|
73|231|240|1|197|0|0|
73|165|180|1|168|0|0|
73|232|210|1|195|0|0|
73|232|210|1|195|0|0|
73|165|180|1|168|0|0|
73|232|210|1|195|0|0|
73|165|150|1|168|0|0|
73|165|210|1|168|0|0|
73|165|180|1|168|0|0|
73|165|150|1|168|0|0|
73|165|180|1|168|0|0|
73|165|150|1|168|0|0|
73|165|150|1|168|0|0|
73|165|150|1|168|0|0|
73|165|150|1|168|0|0|
73|232|240|1|195|0|0|
73|232|240|1|195|0|0|
73|232|210|1|195|0|0|
73|165|150|1|168|0|0|
73|232|270|1|195|0|0|
73|232|240|1|195|0|0|
73|165|150|1|168|0|0|
73|165|150|1|168|0|0|
73|232|240|1|195|0|0|
73|165|180|1|168|0|0|
73|232|210|1|195|0|0|
73|165|150|1|168|0|0|
73|232|210|1|195|0|0|
73|232|240|1|195|0|0|
73|232|210|1|195|0|0|
73|232|210|1|195|0|0|
73|232|210|1|195|0|0|
73|232|210|1|195|0|0|
73|232|210|1|195|0|0|
73|232|210|1|195|0|0|
73|232|240|1|195|0|0|
73|232|210|1|195|0|0|
73|232|240|1|195|0|0|
73|232|210|1|195|0|0|
73|232|210|1|195|0|0|
73|232|240|1|195|0|0|
73|232|240|1|195|0|0|
73|232|270|1|195|0|0|
73|231|240|1|197|0|0|
73|231|270|1|197|0|0|
73|232|240|1|195|0|0|
73|232|240|1|195|0|0|
73|231|210|1|197|0|0|
73|231|240|1|197|0|0|
73|164|210|1|170|0|0|
73|165|150|1|168|0|0|
73|164|180|1|170|0|0|
73|164|150|1|170|0|0|
73|231|210|1|197|0|0|
73|164|180|1|170|0|0|
73|231|210|1|197|0|0|
73|231|210|1|197|0|0|
73|231|240|1|197|0|0|
73|232|210|1|195|0|0|
73|231|270|1|197|0|0|
73|231|270|1|197|0|0|
73|232|210|1|195|0|0|
73|231|240|1|197|0|0|
73|231|210|1|197|0|0|
73|231|210|1|197|0|0|
73|231|210|1|197|0|0|
73|231|240|1|197|0|0|
73|231|210|1|197|0|0|
73|231|210|1|197|0|0|
73|165|150|1|168|0|0|
73|231|210|1|197|0|0|
73|164|180|1|170|0|0|
73|231|210|1|197|0|0|
73|231|210|1|197|0|0|
73|165|180|1|168|0|0|
73|231|240|1|197|0|0|
73|231|210|1|197|0|0|
73|164|150|1|170|0|0|
73|231|240|1|197|0|0|
73|164|150|1|170|0|0|
73|232|210|1|195|0|0|
73|231|210|1|197|0|0|
73|164|150|1|170|0|0|
73|232|240|1|195|0|0|
73|231|240|1|197|0|0|
73|165|150|1|168|0|0|
73|232|210|1|195|0|0|
73|231|210|1|197|0|0|
73|232|210|1|195|0|0|
73|231|240|1|197|0|0|
73|231|240|1|197|0|0|
73|232|240|1|195|0|0|
73|231|240|1|197|0|0|
73|231|210|1|197|0|0|
73|165|150|1|170|0|0|
73|166|180|1|170|0|0|
73|231|240|1|197|0|0|
73|165|180|1|168|0|0|
73|232|240|1|195|0|0|
73|165|150|1|168|0|0|
73|165|150|1|168|0|0|
73|231|240|1|197|0|0|
73|164|180|1|170|0|0|
73|165|150|1|168|0|0|
73|232|240|1|195|0|0|
73|231|210|1|197|0|0|
73|164|180|1|170|0|0|
73|164|150|1|170|0|0|
73|232|240|1|195|0|0|
73|232|240|1|195|0|0|
73|418|390|2|228|0|0|
73|232|240|1|195|0|0|
73|231|270|1|197|0|0|
73|165|180|1|168|0|0|
73|231|210|1|197|0|0|
73|232|240|1|195|0|0|
73|231|210|1|197|0|0|
73|231|240|1|197|0|0|
73|164|150|1|170|0|0|
73|165|180|1|168|0|0|
73|164|150|1|170|0|0|
73|165|150|1|168|0|0|
73|164|180|1|170|0|0|
73|231|240|1|197|0|0|
73|165|180|1|168|0|0|
73|231|210|1|197|0|0|
73|231|240|1|197|0|0|
73|232|210|1|197|0|0|
73|231|210|1|197|0|0|
73|231|240|1|197|0|0|
73|231|240|1|197|0|0|
73|231|240|1|197|0|0|
73|231|240|1|197|0|0|
73|231|210|1|197|0|0|
73|231|210|1|197|0|0|
73|165|150|1|168|0|0|
73|231|210|1|197|0|0|
73|242|240|1|208|0|0|
73|165|150|1|170|0|0|
73|232|210|1|195|0|0|
73|231|240|1|197|0|0|
73|231|240|1|197|0|0|
73|232|270|1|195|0|0|
73|231|240|1|197|0|0|
73|231|240|1|197|0|0|
73|231|210|1|197|0|0|
73|231|240|1|197|0|0|
73|165|180|1|170|0|0|
73|231|210|1|197|0|0|
73|233|240|1|195|0|0|
73|232|240|1|195|0|0|
73|165|150|1|168|0|0|
73|165|150|1|168|0|0|
73|232|210|1|195|0|0|
73|231|210|1|197|0|0|
73|231|210|1|197|0|0|
73|165|150|1|170|0|0|
73|232|240|1|195|0|0|
73|232|240|1|195|0|0|
73|232|240|1|195|0|0|
73|244|240|1|210|0|0|
73|231|270|1|197|0|0|
73|165|180|1|170|0|0|
73|165|180|1|170|0|0|
73|253|240|1|195|1|0|
73|165|150|1|170|0|0|
73|165|150|1|170|0|0|
73|232|210|1|195|0|0|
73|232|210|1|195|0|0|
73|232|210|1|195|0|0|
73|231|210|1|197|0|0|
73|231|270|1|197|0|0|
73|231|210|1|197|0|0|
73|232|240|1|195|0|0|
73|231|240|1|197|0|0|
73|231|210|1|197|0|0|
73|231|210|1|197|0|0|
73|231|210|1|197|0|0|
73|231|210|1|197|0|0|
73|231|210|1|197|0|0|
73|231|240|1|197|0|0|
73|231|210|1|197|0|0|
73|248|270|1|219|0|0|
73|231|240|1|197|0|0|
73|231|210|1|197|0|0|
73|231|210|1|197|0|0|
73|232|210|1|195|0|0|
73|231|240|1|197|0|0|
73|231|270|1|197|0|0|
73|232|270|1|195|0|0|
73|231|240|1|197|0|0|
73|231|240|1|197|0|0|
73|231|240|1|197|0|0|
73|231|240|1|197|0|0|
73|165|150|1|168|0|0|
73|164|180|1|170|0|0|
73|231|240|1|197|0|0|
73|231|240|1|197|0|0|
73|231|240|1|197|0|0|
73|232|240|1|195|0|0|
73|231|240|1|197|0|0|
73|232|240|1|195|0|0|
73|232|240|1|195|0|0|
73|232|240|1|195|0|0|
73|231|270|1|197|0|0|
73|232|210|1|195|0|0|
73|231|240|1|197|0|0|
73|232|210|1|195|0|0|
73|231|270|1|197|0|0|
73|231|240|1|197|0|0|
73|232|240|1|195|0|0|
73|232|240|1|195|0|0|
73|232|240|1|195|0|0|
73|232|210|1|195|0|0|
73|232|240|1|195|0|0|
73|232|210|1|195|0|0|
73|232|270|1|195|0|0|
73|232|240|1|195|0|0|
73|232|270|1|195|0|0|
73|232|270|1|195|0|0|
73|232|270|1|195|0|0|
73|232|270|1|195|0|0|
73|232|240|1|195|0|0|
73|232|270|1|195|0|0|
73|231|240|1|197|0|0|
73|231|270|1|197|0|0|
73|231|240|1|197|0|0|
73|231|240|1|197|0|0|
73|232|240|1|195|0|0|
73|231|270|1|197|0|0|
73|231|270|1|197|0|0|
73|231|240|1|197|0|0|
73|232|240|1|195|0|0|
73|232|240|1|195|0|0|
73|231|270|1|197|0|0|
73|231|240|1|197|0|0|
73|231|240|1|197|0|0|
73|231|240|1|197|0|0|
73|242|240|1|208|0|0|
73|231|240|1|197|0|0|
73|231|210|1|197|0|0|
73|232|240|1|195|0|0|
73|232|270|1|195|0|0|
73|232|210|1|195|0|0|
73|232|210|1|195|0|0|
73|232|240|1|195|0|0|
73|165|180|1|168|0|0|
73|165|150|1|168|0|0|
73|232|240|1|195|0|0|
73|232|210|1|195|0|0|
73|232|210|1|195|0|0|
73|232|210|1|195|0|0|
73|232|210|1|195|0|0|
73|232|210|1|195|0|0|
73|232|240|1|195|0|0|
73|232|240|1|195|0|0|
73|232|240|1|195|0|0|
73|232|240|1|195|0|0|
73|232|210|1|195|0|0|
73|232|240|1|195|0|0|
73|232|210|1|195|0|0|
73|232|240|1|195|0|0|
73|231|240|1|197|0|0|
73|232|240|1|195|0|0|
73|232|210|1|195|0|0|
73|165|180|1|168|0|0|
73|232|240|1|195|0|0|
73|232|210|1|195|0|0|
73|232|240|1|195|0|0|
73|232|270|1|195|0|0|
73|232|240|1|195|0|0|
73|232|270|1|195|0|0|
73|232|270|1|195|0|0|
73|232|270|1|195|0|0|
73|165|180|1|168|0|0|
73|232|210|1|195|0|0|
73|232|210|1|195|0|0|
73|232|270|1|195|0|0|
73|232|270|1|195|0|0|
73|165|210|1|168|0|0|
73|232|240|1|195|0|0|
73|232|270|1|195|0|0|
73|232|240|1|195|0|0|
73|232|240|1|195|0|0|
73|232|240|1|195|0|0|
73|232|240|1|195|0|0|
73|232|270|1|195|0|0|
73|232|270|1|195|0|0|
73|232|240|1|195|0|0|
73|232|240|1|195|0|0|
73|232|240|1|195|0|0|
73|232|240|1|195|0|0|
73|232|240|1|195|0|0|
73|232|240|1|195|0|0|
73|165|180|1|168|0|0|
73|165|150|1|168|0|0|
73|232|240|1|195|0|0|
73|232|270|1|195|0|0|
73|232|270|1|195|0|0|
73|232|240|1|195|0|0|
73|232|270|1|195|0|0|
73|232|210|1|195|0|0|
73|232|240|1|195|0|0|
73|232|240|1|195|0|0|
73|232|270|1|195|0|0|
73|232|240|1|195|0|0|
73|232|240|1|195|0|0|
73|232|240|1|195|0|0|
73|232|240|1|195|0|0|
73|240|240|1|203|0|0|
73|232|240|1|195|0|0|
73|232|240|1|195|0|0|
73|232|240|1|195|0|0|
73|231|240|1|197|0|0|
73|245|300|1|208|0|0|
73|232|270|1|195|0|0|
73|165|180|1|168|0|0|
73|232|240|1|195|0|0|
73|232|270|1|195|0|0|
73|232|270|1|195|0|0|
73|232|270|1|195|0|0|
73|165|180|1|168|0|0|
73|165|180|1|168|0|0|
73|165|180|1|168|0|0|
73|165|180|1|168|0|0|
73|165|150|1|168|0|0|
73|232|270|1|195|0|0|
73|165|180|1|168|0|0|
73|232|270|1|195|0|0|
73|232|270|1|195|0|0|
73|232|210|1|195|0|0|
73|232|270|1|195|0|0|
73|232|240|1|195|0|0|
73|231|270|1|197|0|0|
73|232|240|1|195|0|0|
73|164|180|1|170|0|0|
73|164|180|1|170|0|0|
73|231|270|1|197|0|0|
73|231|270|1|197|0|0|
73|231|270|1|197|0|0|
73|232|240|1|195|0|0|
73|231|240|1|197|0|0|
73|232|210|1|195|0|0|
73|232|210|1|195|0|0|
73|232|210|1|195|0|0|
73|232|240|1|195|0|0|
73|232|270|1|195|0|0|
73|232|240|1|195|0|0|
73|232|240|1|195|0|0|
73|232|240|1|195|0|0|
73|232|210|1|195|0|0|
73|231|210|1|197|0|0|
73|231|240|1|197|0|0|
73|231|240|1|197|0|0|
73|232|210|1|195|0|0|
73|232|210|1|195|0|0|
73|231|240|1|197|0|0|
73|232|240|1|195|0|0|
73|232|270|1|195|0|0|
73|232|240|1|195|0|0|
73|231|210|1|197|0|0|
73|232|210|1|195|0|0|
73|231|270|1|197|0|0|
73|232|240|1|195|0|0|
73|262|270|1|195|1|0|
73|231|240|1|197|0|0|
73|231|240|1|197|0|0|
73|232|240|1|195|0|0|
73|231|210|1|197|0|0|
73|231|240|1|197|0|0|
73|231|210|1|197|0|0|
73|231|270|1|197|0|0|
73|231|210|1|197|0|0|
73|232|270|1|195|0|0|
73|231|240|1|197|0|0|
73|231|210|1|197|0|0|
73|233|240|1|195|0|0|
73|232|270|1|195|0|0|
73|231|210|1|197|0|0|
73|232|240|1|195|0|0|
73|231|270|1|197|0|0|
73|231|210|1|197|0|0|
73|231|240|1|197|0|0|
73|231|210|1|197|0|0|
73|232|240|1|195|0|0|
73|232|240|1|195|0|0|
73|232|210|1|195|0|0|
73|232|240|1|195|0|0|
73|232|210|1|195|0|0|
73|231|240|1|197|0|0|
73|164|180|1|170|0|0|
73|232|210|1|195|0|0|
73|232|240|1|195|0|0|
73|232|210|1|195|0|0|
73|231|240|1|197|0|0|
73|231|270|1|197|0|0|
73|232|240|1|195|0|0|
73|231|240|1|197|0|0|
73|164|180|1|170|0|0|
73|164|150|1|170|0|0|
73|231|240|1|197|0|0|
73|165|150|1|168|0|0|
73|164|150|1|170|0|0|
73|164|180|1|170|0|0|
73|231|240|1|197|0|0|
73|231|270|1|197|0|0|
73|164|180|1|170|0|0|
73|164|180|1|170|0|0|
73|231|240|1|197|0|0|
73|231|270|1|197|0|0|
73|231|240|1|197|0|0|
73|232|270|1|195|0|0|
73|231|240|1|197|0|0|
73|231|270|1|197|0|0|
73|231|270|1|197|0|0|
73|186|210|1|168|1|0|
73|232|300|1|195|0|0|
73|231|240|1|197|0|0|
73|231|240|1|197|0|0|
73|231|240|1|197|0|0|
73|232|210|1|195|0|0|
73|231|240|1|197|0|0|
73|232|240|1|195|0|0|
73|231|240|1|197|0|0|
73|231|210|1|197|0|0|
73|232|240|1|195|0|0|
73|231|240|1|197|0|0|
73|232|240|1|195|0|0|
73|232|240|1|195|0|0|
73|232|240|1|195|0|0|
73|231|210|1|197|0|0|
73|231|210|1|197|0|0|
73|231|210|1|197|0|0|
73|231|210|1|197|0|0|
73|232|210|1|195|0|0|
73|231|210|1|197|0|0|
73|232|240|1|195|0|0|
73|232|210|1|195|0|0|
73|232|240|1|195|0|0|
73|231|240|1|197|0|0|
73|232|210|1|195|0|0|
73|231|210|1|197|0|0|
73|231|210|1|197|0|0|
73|232|240|1|195|0|0|
73|232|240|1|195|0|0|
73|232|210|1|195|0|0|
73|231|240|1|197|0|0|
73|232|210|1|195|0|0|
73|232|270|1|195|0|0|
73|232|270|1|195|0|0|
73|232|270|1|195|0|0|
73|232|240|1|195|0|0|
73|232|240|1|195|0|0|
73|231|240|1|197|0|0|
73|232|240|1|195|0|0|
73|232|240|1|195|0|0|
73|232|240|1|195|0|0|
73|232|240|1|195|0|0|
73|232|240|1|195|0|0|
73|232|240|1|195|0|0|
73|232|240|1|195|0|0|
73|231|270|1|197|0|0|
73|232|240|1|195|0|0|
73|231|210|1|197|0|0|
73|231|210|1|197|0|0|
73|232|240|1|195|0|0|
73|232|240|1|195|0|0|
73|231|270|1|197|0|0|
73|232|240|1|195|0|0|
73|231|210|1|197|0|0|
73|231|210|1|197|0|0|
73|231|210|1|197|0|0|
73|232|240|1|195|0|0|
73|232|240|1|195|0|0|
73|232|270|1|195|0|0|
73|231|210|1|197|0|0|
73|231|240|1|197|0|0|
73|231|240|1|197|0|0|
73|231|240|1|197|0|0|
73|231|240|1|197|0|0|
73|231|240|1|197|0|0|
73|231|240|1|197|0|0|
73|232|240|1|195|0|0|
73|231|240|1|197|0|0|
73|231|240|1|197|0|0|
73|231|240|1|197|0|0|
73|231|270|1|197|0|0|
73|166|210|1|168|0|0|
73|164|180|1|170|0|0|
73|232|240|1|195|0|0|
73|253|270|1|195|1|0|
73|164|150|1|170|0|0|
73|232|270|1|195|0|0|
73|231|270|1|197|0|0|
73|231|240|1|197|0|0|
73|231|240|1|197|0|0|
73|165|180|1|168|0|0|
73|165|150|1|168|0|0|
73|231|240|1|197|0|0|
73|231|240|1|197|0|0|
73|232|270|1|195|0|0|
73|231|210|1|197|0|0|
73|232|240|1|195|0|0|
73|231|210|1|197|0|0|
73|231|240|1|197|0|0|
73|246|270|1|220|0|0|
73|231|240|1|197|0|0|
73|232|240|1|195|0|0|
73|232|240|1|195|0|0|
73|232|210|1|195|0|0|
73|232|210|1|195|0|0|
73|232|240|1|195|0|0|
73|231|210|1|197|0|0|
73|231|240|1|197|0|0|
73|231|240|1|197|0|0|
73|231|240|1|197|0|0|
73|231|240|1|197|0|0|
73|231|210|1|197|0|0|
73|231|270|1|197|0|0|
73|232|270|1|195|0|0|
73|231|240|1|197|0|0|
73|232|270|1|195|0|0|
73|231|240|1|197|0|0|
73|232|240|1|195|0|0|
73|232|240|1|195|0|0|
73|232|240|1|195|0|0|
73|232|270|1|195|0|0|
73|232|300|1|195|0|0|
73|232|270|1|195|0|0|
73|232|270|1|195|0|0|
73|232|270|1|195|0|0|
73|165|210|1|168|0|0|
73|165|210|1|168|0|0|
73|165|150|1|168|0|0|
73|165|150|1|168|0|0|
73|165|180|1|168|0|0|
73|231|270|1|197|0|0|
73|165|150|1|168|0|0|
73|231|270|1|197|0|0|
73|231|210|1|197|0|0|
73|231|210|1|197|0|0|
73|232|240|1|195|0|0|
73|232|240|1|195|0|0|
73|231|210|1|197|0|0|
73|232|270|1|195|0|0|
73|232|240|1|195|0|0|
73|231|240|1|197|0|0|
73|231|210|1|197|0|0|
73|232|210|1|195|0|0|
73|232|240|1|195|0|0|
73|231|240|1|197|0|0|
73|232|240|1|195|0|0|
73|232|240|1|195|0|0|
73|231|240|1|197|0|0|
73|231|210|1|197|0|0|
73|231|240|1|197|0|0|
73|164|150|1|170|0|0|
73|318|300|1|168|0|0|
73|251|240|2|226|0|0|
73|231|270|1|197|0|0|
73|232|240|1|195|0|0|
73|231|240|1|197|0|0|
73|165|210|1|168|0|0|
73|231|240|1|197|0|0|
73|231|270|1|197|0|0|
73|231|240|1|197|0|0|
73|165|180|1|168|0|0|
73|165|210|1|168|0|0|
73|231|270|1|197|0|0|
73|164|180|1|170|0|0|
73|231|240|1|197|0|0|
73|164|180|1|170|0|0|
73|231|240|1|197|0|0|
73|231|240|1|197|0|0|
73|231|270|1|197|0|0|
73|231|270|1|197|0|0|
73|232|240|1|195|0|0|
73|231|240|1|197|0|0|
73|231|240|1|197|0|0|
73|231|240|1|197|0|0|
73|232|270|1|195|0|0|
73|165|150|1|168|0|0|
73|232|210|1|195|0|0|
73|232|210|1|195|0|0|
73|232|240|1|195|0|0|
73|232|270|1|195|0|0|
73|231|240|1|197|0|0|
73|231|210|1|197|0|0|
73|231|270|1|197|0|0|
73|231|270|1|197|0|0|
73|232|240|1|195|0|0|
73|165|150|1|168|0|0|
73|242|270|1|208|0|0|
73|231|240|1|197|0|0|
73|242|240|1|208|0|0|
73|231|240|1|197|0|0|
73|231|270|1|197|0|0|
73|231|240|1|197|0|0|
73|231|240|1|197|0|0|
73|231|240|1|197|0|0|
73|231|270|1|197|0|0|
73|232|270|1|195|0|0|
73|231|240|1|197|0|0|
73|231|270|1|197|0|0|
73|231|240|1|197|0|0|
73|165|180|1|168|0|0|
73|232|240|1|195|0|0|
73|231|240|1|197|0|0|
73|231|270|1|197|0|0|
73|232|240|1|195|0|0|
73|232|240|1|195|0|0|
73|232|240|1|195|0|0|
73|231|240|1|197|0|0|
73|232|270|1|195|0|0|
73|165|180|1|168|0|0|
73|231|270|1|197|0|0|
73|232|270|1|195|0|0|
73|231|240|1|197|0|0|
73|232|240|1|195|0|0|
73|232|210|1|195|0|0|
73|232|270|1|195|0|0|
73|232|270|1|195|0|0|
73|232|240|1|195|0|0|
73|231|210|1|197|0|0|
73|231|240|1|197|0|0|
73|232|270|1|195|0|0|
73|232|270|1|195|0|0|
73|233|270|1|195|0|0|
73|232|240|1|195|0|0|
73|232|240|1|195|0|0|
73|232|240|1|195|0|0|
73|232|240|1|195|0|0|
73|232|270|1|195|0|0|
73|232|270|1|195|0|0|
73|232|240|1|195|0|0|
73|165|180|1|168|0|0|
73|165|210|1|168|0|0|
73|232|240|1|195|0|0|
73|165|180|1|168|0|0|
73|165|150|1|168|0|0|
73|232|270|1|195|0|0|
73|165|150|1|168|0|0|
73|165|180|1|168|0|0|
73|165|150|1|168|0|0|
73|232|270|1|195|0|0|
73|232|270|1|195|0|0|
73|232|270|1|195|0|0|
73|232|240|1|195|0|0|
73|232|240|1|195|0|0|
73|232|300|1|195|0|0|
73|165|150|1|168|0|0|
73|232|270|1|195|0|0|
73|232|240|1|195|0|0|
73|232|270|1|195|0|0|
73|232|270|1|195|0|0|
73|232|240|1|195|0|0|
73|232|210|1|195|0|0|
73|232|240|1|195|0|0|
73|231|210|1|197|0|0|
73|231|210|1|197|0|0|
73|232|210|1|195|0|0|
73|232|210|1|195|0|0|
73|232|240|1|195|0|0|
73|232|240|1|195|0|0|
73|232|210|1|195|0|0|
73|232|210|1|195|0|0|
73|232|210|1|195|0|0|
73|232|210|1|195|0|0|
73|232|240|1|195|0|0|
73|232|240|1|195|0|0|
73|232|210|1|195|0|0|
73|232|240|1|195|0|0|
73|232|210|1|195|0|0|
73|231|240|1|197|0|0|
73|232|240|1|195|0|0|
73|232|240|1|195|0|0|
73|231|240|1|197|0|0|
73|231|240|1|197|0|0|
73|232|240|1|195|0|0|
73|232|270|1|197|0|0|
73|164|180|1|170|0|0|
73|231|240|1|197|0|0|
73|232|240|1|195|0|0|
73|231|270|1|197|0|0|
73|232|240|1|195|0|0|
73|232|240|1|195|0|0|
73|231|270|1|197|0|0|
73|232|240|1|195|0|0|
73|231|240|1|197|0|0|
73|231|270|1|197|0|0|
73|231|270|1|197|0|0|
73|232|240|1|195|0|0|
73|231|210|1|197|0|0|
73|231|240|1|197|0|0|
73|231|210|1|197|0|0|
73|232|240|1|195|0|0|
73|231|210|1|197|0|0|
73|253|240|1|195|1|0|
73|232|240|1|195|0|0|
73|231|240|1|197|0|0|
73|231|240|1|197|0|0|
73|231|240|1|197|0|0|
73|232|240|1|195|0|0|
73|231|210|1|197|0|0|
73|231|210|1|197|0|0|
73|231|240|1|197|0|0|
73|232|240|1|195|0|0|
73|232|270|1|195|0|0|
73|232|240|1|195|0|0|
73|231|210|1|197|0|0|
73|239|210|1|205|0|0|
73|231|210|1|197|0|0|
73|231|210|1|197|0|0|
73|231|240|1|197|0|0|
73|231|210|1|197|0|0|
73|231|210|1|197|0|0|
73|232|240|1|195|0|0|
73|231|210|1|197|0|0|
73|232|240|1|195|0|0|
73|231|210|1|197|0|0|
73|231|210|1|197|0|0|
73|232|240|1|195|0|0|
73|232|240|1|195|0|0|
73|232|240|1|195|0|0|
73|231|210|1|197|0|0|
73|231|210|1|197|0|0|
73|231|240|1|197|0|0|
73|232|240|1|195|0|0|
73|231|240|1|197|0|0|
73|231|270|1|197|0|0|
73|231|240|1|197|0|0|
73|231|210|1|197|0|0|
73|231|240|1|197|0|0|
73|231|240|1|197|0|0|
73|231|270|1|197|0|0|
73|244|240|1|195|0|0|
73|231|240|1|197|0|0|
73|231|240|1|197|0|0|
73|231|270|1|197|0|0|
73|231|240|1|197|0|0|
73|232|240|1|195|0|0|
73|231|240|1|197|0|0|
73|231|240|1|197|0|0|
73|231|240|1|197|0|0|
73|231|240|1|197|0|0|
73|232|240|1|195|0|0|
73|232|240|1|195|0|0|
73|232|210|1|195|0|0|
73|232|270|1|195|0|0|
73|232|210|1|195|0|0|
73|232|210|1|195|0|0|
73|232|270|1|195|0|0|
73|232|210|1|195|0|0|
73|231|240|1|197|0|0|
73|242|240|1|208|0|0|
73|232|270|1|195|0|0|
73|232|270|1|195|0|0|
73|232|210|1|195|0|0|
73|165|150|1|168|0|0|
73|165|180|1|168|0|0|
73|232|240|1|195|0|0|
73|232|240|1|195|0|0|
73|165|150|1|168|0|0|
73|232|240|1|195|0|0|
73|232|270|1|195|0|0|
73|231|240|1|197|0|0|
73|232|270|1|195|0|0|
73|165|150|1|168|0|0|
73|165|180|1|168|0|0|
73|165|210|1|168|0|0|
73|165|150|1|168|0|0|
73|232|270|1|195|0|0|
73|232|270|1|195|0|0|
73|232|270|1|195|0|0|
73|231|210|1|197|0|0|
73|232|210|1|195|0|0|
73|232|270|1|195|0|0|
73|231|240|1|197|0|0|
73|232|270|1|195|0|0|
73|232|240|1|195|0|0|
73|231|240|1|197|0|0|
73|231|210|1|197|0|0|
73|232|240|1|195|0|0|
73|232|210|1|195|0|0|
73|165|150|1|168|0|0|
73|164|150|1|170|0|0|
73|164|150|1|170|0|0|
73|165|150|1|168|0|0|
73|240|240|1|206|0|0|
73|232|210|1|195|0|0|
73|231|210|1|197|0|0|
73|231|210|1|197|0|0|
73|231|240|1|197|0|0|
73|232|240|1|195|0|0|
73|232|240|1|195|0|0|
73|165|150|1|168|0|0|
73|232|210|1|195|0|0|
73|232|210|1|195|0|0|
73|232|240|1|195|0|0|
73|232|210|1|195|0|0|
73|253|240|1|195|1|0|
73|232|270|1|195|0|0|
73|232|240|1|195|0|0|
73|165|180|1|168|0|0|
73|165|180|1|168|0|0|
73|232|210|1|195|0|0|
