INSTRUCTIONS_RETIRED|CYCLES|UNKNOWN|LD_BLOCKS.STORE_FORWARD|UOPS_EXECUTED.CORE|BR_MISP_RETIRED.ALL_BRANCHES|UOPS_ISSUED.SINGLE_MUL|
212|739|720|1|334|0|0|
212|408|420|1|334|0|0|
212|341|300|1|305|0|0|
212|341|360|1|305|0|0|
212|341|330|1|305|0|0|
212|340|330|1|305|0|0|
212|396|390|1|334|0|0|
212|395|390|1|334|0|0|
212|327|330|1|305|0|0|
212|328|330|1|305|0|0|
212|328|330|1|305|0|0|
212|328|330|1|305|0|0|
212|328|330|1|305|0|0|
212|327|300|1|305|0|0|
212|328|330|1|305|0|0|
212|327|300|1|305|0|0|
212|396|390|1|334|0|0|
212|411|420|1|334|0|0|
212|409|420|1|334|0|0|
212|409|420|1|334|0|0|
212|409|360|1|334|0|0|
212|343|360|1|305|0|0|
212|411|390|1|334|0|0|
212|409|420|1|334|0|0|
212|343|360|1|305|0|0|
212|343|360|1|305|0|0|
212|411|390|1|334|0|0|
212|411|420|1|334|0|0|
212|412|420|1|334|0|0|
212|343|330|1|305|0|0|
212|341|330|1|305|0|0|
212|411|420|1|334|0|0|
212|409|420|1|334|0|0|
212|341|330|1|305|0|0|
212|411|390|1|334|0|0|
212|409|420|1|334|0|0|
212|411|390|1|334|0|0|
212|409|420|1|334|0|0|
212|409|420|1|334|0|0|
212|409|390|1|334|0|0|
212|341|330|1|305|0|0|
212|409|390|1|334|0|0|
212|408|420|1|334|0|0|
212|411|420|1|334|0|0|
212|395|390|1|334|0|0|
212|395|360|1|334|0|0|
212|396|420|1|334|0|0|
212|395|390|1|334|0|0|
212|395|390|1|334|0|0|
212|395|390|1|334|0|0|
212|395|390|1|334|0|0|
212|396|390|1|334|0|0|
212|396|390|1|334|0|0|
212|396|390|1|334|0|0|
212|328|330|1|305|0|0|
212|396|420|1|334|0|0|
212|396|390|1|334|0|0|
212|396|390|1|334|0|0|
212|396|390|1|334|0|0|
212|396|390|1|334|0|0|
212|396|390|1|334|0|0|
212|396|390|1|334|0|0|
212|396|390|1|334|0|0|
212|396|420|1|334|0|0|
212|396|390|1|334|0|0|
212|396|420|1|334|0|0|
212|396|390|1|334|0|0|
212|396|390|1|334|0|0|
212|396|390|1|334|0|0|
212|328|330|1|305|0|0|
212|328|300|1|305|0|0|
212|396|390|1|334|0|0|
212|396|390|1|334|0|0|
212|396|390|1|334|0|0|
212|396|390|1|334|0|0|
212|397|390|1|334|0|0|
212|395|390|1|334|0|0|
212|396|420|1|334|0|0|
212|328|300|1|305|0|0|
212|409|390|1|334|0|0|
212|341|360|1|305|0|0|
212|341|360|1|305|0|0|
212|341|300|1|305|0|0|
212|341|330|1|305|0|0|
212|409|390|1|334|0|0|
212|409|420|1|334|0|0|
212|341|360|1|305|0|0|
212|409|420|1|334|0|0|
212|409|390|1|334|0|0|
212|411|390|1|334|0|0|
212|411|390|1|334|0|0|
212|327|330|1|305|0|0|
212|411|420|1|334|0|0|
212|341|360|1|305|0|0|
212|395|390|1|334|0|0|
212|342|360|1|305|0|0|
212|327|330|1|305|0|0|
212|395|390|1|334|0|0|
212|395|420|1|334|0|0|
212|341|330|1|305|0|0|
212|409|390|1|334|0|0|
212|409|420|1|334|0|0|
212|409|390|1|334|0|0|
212|409|390|1|334|0|0|
212|409|390|1|334|0|0|
212|409|420|1|334|0|0|
212|409|420|1|334|0|0|
212|411|390|1|334|0|0|
212|411|420|1|334|0|0|
212|409|360|1|334|0|0|
212|341|330|1|305|0|0|
212|409|390|1|334|0|0|
212|409|420|1|334|0|0|
212|409|390|1|334|0|0|
212|409|420|1|334|0|0|
212|409|420|1|334|0|0|
212|409|420|1|334|0|0|
212|409|360|1|334|0|0|
212|409|420|1|334|0|0|
212|409|390|1|334|0|0|
212|328|330|1|305|0|0|
212|328|390|1|305|0|0|
212|327|330|1|305|0|0|
212|340|330|1|305|0|0|
212|341|330|1|305|0|0|
212|409|420|1|334|0|0|
212|341|360|1|305|0|0|
212|409|420|1|334|0|0|
212|566|570|1|334|0|0|
212|409|510|1|334|0|0|
212|395|510|1|334|0|0|
212|409|480|1|334|0|0|
212|409|450|1|334|0|0|
212|395|450|1|334|0|0|
212|341|390|1|305|0|0|
212|473|540|1|334|0|0|
212|409|390|1|334|0|0|
212|395|390|1|334|0|0|
212|409|420|1|334|0|0|
212|411|510|1|334|0|0|
212|411|480|1|334|0|0|
212|409|480|1|334|0|0|
212|396|390|1|334|0|0|
212|395|450|1|334|0|0|
212|396|390|1|334|0|0|
212|395|450|1|334|0|0|
212|395|450|1|334|0|0|
212|408|480|1|334|0|0|
212|411|480|1|334|0|0|
212|395|420|1|334|0|0|
212|395|390|1|334|0|0|
212|395|390|1|334|0|0|
212|396|420|1|334|0|0|
212|396|390|1|334|0|0|
212|395|390|1|334|0|0|
212|395|420|1|334|0|0|
212|395|390|1|334|0|0|
212|396|420|1|334|0|0|
212|396|390|1|334|0|0|
212|395|390|1|334|0|0|
212|395|360|1|334|0|0|
212|395|420|1|334|0|0|
212|395|390|1|334|0|0|
212|409|420|1|334|0|0|
212|411|420|1|334|0|0|
212|344|330|1|305|0|0|
212|395|360|1|334|0|0|
212|395|390|1|334|0|0|
212|395|390|1|334|0|0|
212|395|390|1|334|0|0|
212|395|360|1|334|0|0|
212|396|390|1|334|0|0|
212|396|390|1|334|0|0|
212|411|390|1|350|0|0|
212|409|390|1|334|0|0|
212|411|390|1|334|0|0|
212|341|360|1|305|0|0|
212|409|390|1|334|0|0|
212|409|390|1|334|0|0|
212|395|360|1|334|0|0|
212|395|390|1|334|0|0|
212|396|420|1|334|0|0|
212|395|390|1|334|0|0|
212|395|390|1|334|0|0|
212|395|390|1|334|0|0|
212|395|390|1|334|0|0|
212|395|420|1|334|0|0|
212|395|420|1|334|0|0|
212|395|390|1|334|0|0|
212|395|390|1|334|0|0|
212|395|390|1|334|0|0|
212|395|360|1|334|0|0|
212|327|300|1|305|0|0|
212|396|390|1|334|0|0|
212|395|390|1|334|0|0|
212|396|390|1|334|0|0|
212|396|390|1|334|0|0|
212|396|390|1|334|0|0|
212|395|360|1|334|0|0|
212|395|420|1|334|0|0|
212|396|390|1|334|0|0|
212|395|390|1|334|0|0|
212|395|390|1|334|0|0|
212|395|390|1|334|0|0|
212|395|420|1|334|0|0|
212|396|360|1|334|0|0|
212|411|420|1|349|0|0|
212|395|390|1|334|0|0|
212|396|390|1|334|0|0|
212|396|360|1|334|0|0|
212|395|420|1|334|0|0|
212|396|390|1|334|0|0|
212|395|390|1|334|0|0|
212|396|390|1|334|0|0|
212|396|390|1|334|0|0|
212|396|420|1|334|0|0|
212|396|390|1|334|0|0|
212|396|390|1|334|0|0|
212|396|420|1|334|0|0|
212|396|390|1|334|0|0|
212|328|300|1|305|0|0|
212|341|330|1|305|0|0|
212|397|390|1|334|0|0|
212|396|390|1|334|0|0|
212|395|390|1|334|0|0|
212|412|420|1|334|0|0|
212|412|390|1|334|0|0|
212|411|420|1|334|0|0|
212|411|420|1|334|0|0|
212|396|360|1|334|0|0|
212|396|390|1|334|0|0|
212|396|390|1|334|0|0|
212|396|390|1|334|0|0|
212|396|390|1|334|0|0|
212|396|420|1|334|0|0|
212|396|420|1|334|0|0|
212|396|420|1|334|0|0|
212|396|390|1|334|0|0|
212|395|390|1|334|0|0|
212|395|420|1|334|0|0|
212|396|390|1|334|0|0|
212|395|390|1|334|0|0|
212|395|390|1|334|0|0|
212|395|360|1|334|0|0|
212|395|390|1|334|0|0|
212|395|390|1|334|0|0|
212|395|390|1|334|0|0|
212|395|390|1|334|0|0|
212|395|420|1|334|0|0|
212|396|390|1|334|0|0|
212|327|330|1|305|0|0|
212|395|480|1|334|0|0|
212|395|480|1|334|0|0|
212|395|450|1|334|0|0|
212|395|480|1|334|0|0|
212|396|480|1|334|0|0|
212|396|480|1|334|0|0|
212|395|480|1|334|0|0|
212|395|480|1|334|0|0|
212|411|540|1|334|0|0|
212|411|480|1|334|0|0|
212|396|480|1|334|0|0|
212|396|510|1|334|0|0|
212|328|420|1|305|0|0|
212|396|510|1|334|0|0|
212|409|510|1|334|0|0|
212|395|450|1|334|0|0|
212|395|510|1|334|0|0|
212|395|480|1|334|0|0|
212|395|420|1|334|0|0|
212|396|420|1|334|0|0|
212|395|420|1|334|0|0|
212|396|420|1|334|0|0|
212|396|420|1|334|0|0|
212|395|390|1|334|0|0|
212|395|420|1|334|0|0|
212|395|420|1|334|0|0|
212|395|420|1|334|0|0|
212|395|420|1|334|0|0|
212|395|420|1|334|0|0|
212|395|420|1|334|0|0|
212|395|360|1|334|0|0|
212|395|420|1|334|0|0|
212|395|390|1|334|0|0|
212|396|420|1|334|0|0|
212|396|390|1|334|0|0|
212|395|360|1|334|0|0|
212|395|390|1|334|0|0|
212|396|420|1|334|0|0|
212|395|420|1|334|0|0|
212|411|420|1|334|0|0|
212|408|450|1|334|0|0|
212|409|480|1|334|0|0|
212|409|450|1|334|0|0|
212|396|450|1|334|0|0|
212|395|420|1|334|0|0|
212|395|450|1|334|0|0|
212|395|420|1|334|0|0|
212|411|450|1|334|0|0|
212|395|420|1|334|0|0|
212|395|450|1|334|0|0|
212|395|450|1|334|0|0|
212|395|450|1|334|0|0|
212|395|450|1|334|0|0|
212|395|420|1|334|0|0|
212|395|420|1|334|0|0|
212|409|450|1|334|0|0|
212|409|480|1|334|0|0|
212|340|360|1|305|0|0|
212|408|450|1|334|0|0|
212|411|480|1|334|0|0|
212|409|450|1|334|0|0|
212|411|450|1|334|0|0|
212|409|450|1|334|0|0|
212|409|450|1|334|0|0|
212|409|450|1|334|0|0|
212|411|450|1|334|0|0|
212|409|450|1|334|0|0|
212|409|480|1|334|0|0|
212|409|450|1|334|0|0|
212|409|450|1|334|0|0|
212|409|450|1|334|0|0|
212|409|450|1|334|0|0|
212|411|480|1|334|0|0|
212|409|450|1|334|0|0|
212|409|450|1|334|0|0|
212|409|450|1|334|0|0|
212|409|450|1|334|0|0|
212|409|450|1|334|0|0|
212|411|450|1|334|0|0|
212|409|450|1|334|0|0|
212|408|450|1|334|0|0|
212|409|480|1|334|0|0|
212|409|510|1|334|0|0|
212|409|480|1|334|0|0|
212|3045|3720|1|594|0|0|
212|409|480|1|334|0|0|
212|409|480|1|334|0|0|
212|409|510|1|334|0|0|
212|411|480|1|334|0|0|
212|409|480|1|334|0|0|
212|409|510|1|334|0|0|
212|409|510|1|334|0|0|
212|411|510|1|334|0|0|
212|409|480|1|334|0|0|
212|409|480|1|334|0|0|
212|395|480|1|334|0|0|
212|395|450|1|334|0|0|
212|396|450|1|334|0|0|
212|396|480|1|334|0|0|
212|395|450|1|334|0|0|
212|396|480|1|334|0|0|
212|396|480|1|334|0|0|
212|396|480|1|334|0|0|
212|396|480|1|334|0|0|
212|405|510|1|342|0|0|
212|396|480|1|334|0|0|
212|396|450|1|334|0|0|
212|396|510|1|334|0|0|
212|396|480|1|334|0|0|
212|396|480|1|334|0|0|
212|396|480|1|334|0|0|
212|396|480|1|334|0|0|
212|396|480|1|334|0|0|
212|396|480|1|334|0|0|
212|396|450|1|334|0|0|
212|396|480|1|334|0|0|
212|396|480|1|334|0|0|
212|396|480|1|334|0|0|
212|396|480|1|334|0|0|
212|396|480|1|334|0|0|
212|396|480|1|334|0|0|
212|396|480|1|334|0|0|
212|396|480|1|334|0|0|
212|396|480|1|334|0|0|
212|396|480|1|334|0|0|
212|396|510|1|334|0|0|
212|396|450|1|334|0|0|
212|396|450|1|334|0|0|
212|396|480|1|334|0|0|
212|396|480|1|334|0|0|
212|396|480|1|334|0|0|
212|396|480|1|334|0|0|
212|396|480|1|334|0|0|
212|396|540|1|334|0|0|
212|396|480|1|334|0|0|
212|396|480|1|334|0|0|
212|396|480|1|334|0|0|
212|537|690|1|334|0|0|
212|411|450|1|334|0|0|
212|411|450|1|334|0|0|
212|411|450|1|334|0|0|
212|411|450|1|334|0|0|
212|411|450|1|334|0|0|
212|411|450|1|334|0|0|
212|411|450|1|334|0|0|
212|411|450|1|334|0|0|
212|411|450|1|334|0|0|
212|411|480|1|334|0|0|
212|411|450|1|334|0|0|
212|411|420|1|334|0|0|
212|411|420|1|334|0|0|
212|411|420|1|334|0|0|
212|411|390|1|334|0|0|
212|411|420|1|334|0|0|
212|411|360|1|334|0|0|
212|411|390|1|334|0|0|
212|409|390|1|334|0|0|
212|411|390|1|334|0|0|
212|411|390|1|334|0|0|
212|411|390|1|334|0|0|
212|411|390|1|334|0|0|
212|411|390|1|334|0|0|
212|411|420|1|334|0|0|
212|411|390|1|334|0|0|
212|411|420|1|334|0|0|
212|411|390|1|334|0|0|
212|409|390|1|334|0|0|
212|409|390|1|334|0|0|
212|411|420|1|334|0|0|
212|412|390|1|334|0|0|
212|548|540|1|334|0|0|
212|884|870|1|305|0|0|
212|409|420|1|334|0|0|
212|341|360|1|305|0|0|
212|341|360|1|305|0|0|
212|341|360|1|305|0|0|
212|411|420|1|334|0|0|
212|343|330|1|305|0|0|
212|343|360|1|305|0|0|
212|409|420|1|334|0|0|
212|411|360|1|334|0|0|
212|343|330|1|305|0|0|
212|343|330|1|305|0|0|
212|341|300|1|305|0|0|
212|343|330|1|305|0|0|
212|411|360|1|334|0|0|
212|343|360|1|305|0|0|
212|341|330|1|305|0|0|
212|341|330|1|305|0|0|
212|343|330|1|305|0|0|
212|343|330|1|305|0|0|
212|343|330|1|305|0|0|
212|343|330|1|305|0|0|
212|341|360|1|305|0|0|
212|409|420|1|334|0|0|
212|411|420|1|334|0|0|
212|341|300|1|305|0|0|
212|411|390|1|334|0|0|
212|341|330|1|305|0|0|
212|411|420|1|334|0|0|
212|411|420|1|334|0|0|
212|409|420|1|334|0|0|
212|328|330|1|305|0|0|
212|395|420|1|334|0|0|
212|396|420|1|334|0|0|
212|396|390|1|334|0|0|
212|577|570|1|334|0|0|
212|328|330|1|305|0|0|
212|327|330|1|305|0|0|
212|395|390|1|334|0|0|
212|328|330|1|305|0|0|
212|396|390|1|334|0|0|
212|395|390|1|334|0|0|
212|328|330|1|305|0|0|
212|395|390|1|334|0|0|
212|409|390|1|334|0|0|
212|411|420|1|334|0|0|
212|412|420|1|334|0|0|
212|411|390|1|334|0|0|
212|411|420|1|334|0|0|
212|411|390|1|334|0|0|
212|327|330|1|305|0|0|
212|341|330|1|305|0|0|
212|343|330|1|305|0|0|
212|343|360|1|305|0|0|
212|410|390|1|334|0|0|
212|409|390|1|334|0|0|
212|409|420|1|334|0|0|
212|411|390|1|334|0|0|
212|409|390|1|334|0|0|
212|411|420|1|334|0|0|
212|343|330|1|305|0|0|
212|411|420|1|334|0|0|
212|409|420|1|334|0|0|
212|409|420|1|334|0|0|
212|409|420|1|334|0|0|
212|341|360|1|305|0|0|
212|409|420|1|334|0|0|
212|328|330|1|305|0|0|
212|395|390|1|334|0|0|
212|396|390|1|334|0|0|
212|395|390|1|334|0|0|
212|839|840|1|334|0|0|
212|1153|1140|1|334|0|0|
212|395|420|1|334|0|0|
212|557|570|1|334|0|0|
212|395|390|1|334|0|0|
212|395|390|1|334|0|0|
212|395|390|1|334|0|0|
212|395|390|1|334|0|0|
212|395|360|1|334|0|0|
212|395|390|1|334|0|0|
212|395|390|1|334|0|0|
212|395|390|1|334|0|0|
212|395|390|1|334|0|0|
212|396|390|1|334|0|0|
212|395|420|1|334|0|0|
212|395|390|1|334|0|0|
212|409|420|1|334|0|0|
212|409|420|1|334|0|0|
212|411|420|1|334|0|0|
212|409|390|1|334|0|0|
212|409|390|1|334|0|0|
212|411|390|1|334|0|0|
212|395|390|1|334|0|0|
212|327|300|1|305|0|0|
212|327|330|1|305|0|0|
212|395|390|1|334|0|0|
212|396|390|1|334|0|0|
212|395|390|1|334|0|0|
212|395|420|1|334|0|0|
212|412|420|1|334|0|0|
212|395|420|1|334|0|0|
212|395|390|1|334|0|0|
212|395|420|1|334|0|0|
212|626|630|1|334|0|0|
212|395|390|1|334|0|0|
212|395|390|1|334|0|0|
212|711|720|1|334|0|0|
212|396|420|1|334|0|0|
212|396|390|1|334|0|0|
212|395|390|1|334|0|0|
212|395|390|1|334|0|0|
212|395|390|1|334|0|0|
212|395|390|1|334|0|0|
212|396|360|1|334|0|0|
212|411|420|1|334|0|0|
212|411|420|1|334|0|0|
212|411|420|1|334|0|0|
212|411|420|1|334|0|0|
212|409|420|1|334|0|0|
212|409|420|1|334|0|0|
212|409|420|1|334|0|0|
212|409|420|1|334|0|0|
212|411|480|1|334|0|0|
212|409|420|1|334|0|0|
212|409|390|1|334|0|0|
212|411|420|1|334|0|0|
212|409|360|1|334|0|0|
212|409|450|1|334|0|0|
212|411|420|1|334|0|0|
212|411|420|1|334|0|0|
212|409|420|1|334|0|0|
212|411|390|1|334|0|0|
212|409|420|1|334|0|0|
212|396|480|1|334|0|0|
212|395|420|1|334|0|0|
212|395|420|1|334|0|0|
212|395|450|1|334|0|0|
212|395|450|1|334|0|0|
212|395|480|1|334|0|0|
212|396|450|1|334|0|0|
212|396|450|1|334|0|0|
212|574|630|1|334|0|0|
212|408|450|1|334|0|0|
212|411|480|1|334|0|0|
212|409|480|1|334|0|0|
212|409|450|1|334|0|0|
212|680|750|1|334|0|0|
212|395|450|1|334|0|0|
212|396|420|1|334|0|0|
212|395|450|1|334|0|0|
212|395|450|1|334|0|0|
212|411|420|1|334|0|0|
212|409|450|1|334|0|0|
212|395|450|1|334|0|0|
212|341|360|1|305|0|0|
212|409|420|1|334|0|0|
212|411|360|1|334|0|0|
212|411|390|1|334|0|0|
212|396|390|1|334|0|0|
212|395|390|1|334|0|0|
212|396|390|1|334|0|0|
212|409|420|1|334|0|0|
212|411|390|1|334|0|0|
212|395|390|1|334|0|0|
212|396|390|1|334|0|0|
212|395|390|1|334|0|0|
212|395|390|1|334|0|0|
212|396|390|1|334|0|0|
212|395|390|1|334|0|0|
212|396|390|1|334|0|0|
212|396|390|1|334|0|0|
212|395|420|1|334|0|0|
212|396|390|1|334|0|0|
212|395|390|1|334|0|0|
212|395|420|1|334|0|0|
212|395|390|1|334|0|0|
212|396|420|1|334|0|0|
212|395|390|1|334|0|0|
212|632|600|1|334|0|0|
212|396|390|1|334|0|0|
212|395|390|1|334|0|0|
212|395|390|1|334|0|0|
212|395|390|1|334|0|0|
212|396|390|1|334|0|0|
212|395|360|1|334|0|0|
212|395|420|1|334|0|0|
212|396|390|1|334|0|0|
212|395|360|1|334|0|0|
212|395|420|1|334|0|0|
212|395|390|1|334|0|0|
212|395|390|1|334|0|0|
212|396|390|1|334|0|0|
212|395|390|1|334|0|0|
212|409|390|1|334|0|0|
212|396|390|1|334|0|0|
212|395|390|1|334|0|0|
212|396|420|1|334|0|0|
212|395|390|1|334|0|0|
212|396|390|1|334|0|0|
212|396|390|1|334|0|0|
212|396|390|1|334|0|0|
212|395|390|1|334|0|0|
212|396|360|1|334|0|0|
212|395|390|1|334|0|0|
212|395|390|1|334|0|0|
212|395|390|1|334|0|0|
212|395|420|1|334|0|0|
212|396|420|1|334|0|0|
212|396|390|1|334|0|0|
212|397|420|1|334|0|0|
212|396|390|1|334|0|0|
212|409|420|1|334|0|0|
212|396|390|1|334|0|0|
212|395|420|1|334|0|0|
212|395|360|1|334|0|0|
212|395|390|1|334|0|0|
212|396|390|1|334|0|0|
212|396|390|1|334|0|0|
212|395|390|1|334|0|0|
212|395|420|1|334|0|0|
212|395|360|1|334|0|0|
212|411|420|1|334|0|0|
212|411|390|1|334|0|0|
212|1052|1020|1|334|0|0|
212|411|420|1|334|0|0|
212|909|990|1|345|0|0|
212|411|450|1|334|0|0|
212|412|420|1|334|0|0|
212|496|570|1|334|0|0|
212|491|510|1|334|0|0|
212|609|630|1|334|0|0|
212|396|420|1|334|0|0|
212|396|420|1|334|0|0|
212|396|420|1|334|0|0|
212|396|420|1|334|0|0|
212|396|420|1|334|0|0|
212|396|420|1|334|0|0|
212|396|450|1|334|0|0|
212|396|450|1|334|0|0|
212|396|450|1|334|0|0|
212|396|450|1|334|0|0|
212|396|450|1|334|0|0|
212|395|450|1|334|0|0|
212|395|450|1|334|0|0|
212|396|420|1|334|0|0|
212|396|420|1|334|0|0|
212|396|450|1|334|0|0|
212|411|480|1|334|0|0|
212|411|450|1|334|0|0|
212|411|480|1|334|0|0|
212|396|450|1|334|0|0|
212|396|420|1|334|0|0|
212|396|450|1|334|0|0|
212|396|420|1|334|0|0|
212|396|390|1|334|0|0|
212|396|450|1|334|0|0|
212|396|390|1|334|0|0|
212|384|360|1|334|0|0|
212|952|1050|1|334|0|0|
212|396|450|1|334|0|0|
212|499|570|1|334|0|0|
212|396|450|1|334|0|0|
212|397|480|1|334|0|0|
212|397|480|1|334|0|0|
212|466|510|1|334|0|0|
212|329|390|1|305|0|0|
212|329|390|1|305|0|0|
212|476|510|1|305|0|0|
212|343|360|1|305|0|0|
212|343|390|1|305|0|0|
212|411|480|1|334|0|0|
212|411|420|1|334|0|0|
212|411|450|1|334|0|0|
212|411|450|1|334|0|0|
212|411|480|1|334|0|0|
212|411|450|1|334|0|0|
212|343|360|1|305|0|0|
212|343|360|1|305|0|0|
212|343|360|1|305|0|0|
212|343|330|1|305|0|0|
212|411|420|1|334|0|0|
212|396|420|1|334|0|0|
212|396|390|1|334|0|0|
212|396|390|1|334|0|0|
212|396|390|1|334|0|0|
212|396|390|1|334|0|0|
212|396|390|1|334|0|0|
212|396|390|1|334|0|0|
212|396|390|1|334|0|0|
212|395|420|1|334|0|0|
212|396|390|1|334|0|0|
212|396|390|1|334|0|0|
212|396|390|1|334|0|0|
212|396|420|1|334|0|0|
212|395|390|1|334|0|0|
212|396|390|1|334|0|0|
212|396|390|1|334|0|0|
212|328|330|1|305|0|0|
212|408|390|1|334|0|0|
212|395|420|1|334|0|0|
212|396|390|1|334|0|0|
212|1039|1140|1|305|0|0|
212|1224|1350|1|334|0|0|
212|409|450|1|334|0|0|
212|527|570|1|334|0|0|
212|340|360|1|305|0|0|
212|409|450|1|334|0|0|
212|409|450|1|334|0|0|
212|411|480|1|334|0|0|
212|343|360|1|305|0|0|
212|341|390|1|305|0|0|
212|342|360|1|305|0|0|
212|409|420|1|334|0|0|
212|410|450|1|334|0|0|
212|343|390|1|305|0|0|
212|395|450|1|334|0|0|
212|395|390|1|334|0|0|
212|328|330|1|305|0|0|
212|396|390|1|334|0|0|
212|396|420|1|334|0|0|
212|396|390|1|334|0|0|
212|395|390|1|334|0|0|
212|395|390|1|334|0|0|
212|408|420|1|334|0|0|
212|409|420|1|334|0|0|
212|411|420|1|334|0|0|
212|411|390|1|334|0|0|
212|411|420|1|334|0|0|
212|411|390|1|334|0|0|
212|411|420|1|334|0|0|
212|341|330|1|305|0|0|
212|343|330|1|305|0|0|
212|396|390|1|334|0|0|
212|748|750|1|334|0|0|
212|633|630|1|343|0|0|
212|411|420|1|334|0|0|
212|396|420|1|334|0|0|
212|581|630|1|334|0|0|
212|396|420|1|334|0|0|
212|341|390|1|305|0|0|
212|396|420|1|334|0|0|
212|395|420|1|334|0|0|
212|383|390|1|334|0|0|
212|389|420|1|334|0|0|
212|383|360|1|334|0|0|
212|383|390|1|334|0|0|
212|384|390|1|334|0|0|
212|384|420|1|334|0|0|
212|383|390|1|334|0|0|
212|383|390|1|334|0|0|
212|384|390|1|334|0|0|
212|384|390|1|334|0|0|
212|384|390|1|334|0|0|
212|384|390|1|334|0|0|
212|384|390|1|334|0|0|
212|384|390|1|334|0|0|
212|384|360|1|334|0|0|
212|384|330|1|334|0|0|
212|384|390|1|334|0|0|
212|384|390|1|334|0|0|
212|384|390|1|334|0|0|
212|384|390|1|334|0|0|
212|384|360|1|334|0|0|
212|384|420|1|334|0|0|
212|396|390|1|334|0|0|
212|396|390|1|334|0|0|
212|396|420|1|334|0|0|
212|628|630|1|334|0|0|
212|533|510|1|334|0|0|
212|384|360|1|334|0|0|
212|383|360|1|334|0|0|
212|383|390|1|334|0|0|
212|383|360|1|334|0|0|
212|383|360|1|334|0|0|
212|383|390|1|334|0|0|
212|384|360|1|334|0|0|
212|384|360|1|334|0|0|
212|384|360|1|334|0|0|
212|384|360|1|334|0|0|
212|384|360|1|334|0|0|
212|384|390|1|334|0|0|
212|384|360|1|334|0|0|
212|384|390|1|334|0|0|
212|385|360|1|334|0|0|
212|384|360|1|334|0|0|
212|384|360|1|334|0|0|
212|384|390|1|334|0|0|
212|384|360|1|334|0|0|
212|384|360|1|334|0|0|
212|384|360|1|334|0|0|
212|384|360|1|334|0|0|
212|384|360|1|334|0|0|
212|384|360|1|334|0|0|
212|384|360|1|334|0|0|
212|384|360|1|334|0|0|
212|385|390|1|334|0|0|
212|384|360|1|334|0|0|
212|384|360|1|334|0|0|
212|384|390|1|334|0|0|
212|385|360|1|334|0|0|
212|384|360|1|334|0|0|
212|384|360|1|334|0|0|
212|384|390|1|334|0|0|
212|384|390|1|334|0|0|
212|384|390|1|334|0|0|
212|384|360|1|334|0|0|
212|384|420|1|334|0|0|
212|384|390|1|334|0|0|
212|384|390|1|334|0|0|
212|384|360|1|334|0|0|
212|384|360|1|334|0|0|
212|384|390|1|334|0|0|
212|674|690|1|334|0|0|
212|384|390|1|334|0|0|
212|384|360|1|334|0|0|
212|384|390|1|334|0|0|
212|384|390|1|334|0|0|
212|384|390|1|334|0|0|
212|384|360|1|334|0|0|
212|384|360|1|334|0|0|
212|384|390|1|334|0|0|
212|384|360|1|334|0|0|
212|384|390|1|334|0|0|
212|384|360|1|334|0|0|
212|384|360|1|334|0|0|
212|384|390|1|334|0|0|
212|384|360|1|334|0|0|
212|384|390|1|334|0|0|
212|384|360|1|334|0|0|
212|384|360|1|334|0|0|
212|384|360|1|334|0|0|
212|384|360|1|334|0|0|
212|384|390|1|334|0|0|
212|384|390|1|334|0|0|
212|384|360|1|334|0|0|
212|384|390|1|334|0|0|
212|384|390|1|334|0|0|
212|384|360|1|334|0|0|
212|384|390|1|334|0|0|
212|384|360|1|334|0|0|
212|384|390|1|334|0|0|
212|385|390|1|334|0|0|
212|384|360|1|334|0|0|
212|384|360|1|334|0|0|
212|384|390|1|334|0|0|
212|384|360|1|334|0|0|
212|384|390|1|334|0|0|
212|384|360|1|334|0|0|
212|384|390|1|334|0|0|
212|411|390|1|334|0|0|
212|411|420|1|334|0|0|
212|396|390|1|334|0|0|
212|396|390|1|334|0|0|
212|396|390|1|334|0|0|
212|396|360|1|334|0|0|
212|396|420|1|334|0|0|
212|397|390|1|334|0|0|
212|396|390|1|334|0|0|
212|396|390|1|334|0|0|
212|396|420|1|334|0|0|
212|396|390|1|334|0|0|
212|396|390|1|334|0|0|
212|396|390|1|334|0|0|
212|580|600|1|305|0|0|
212|328|330|1|305|0|0|
212|328|330|1|305|0|0|
212|328|360|1|305|0|0|
212|328|300|1|305|0|0|
212|328|360|1|305|0|0|
212|328|330|1|305|0|0|
212|396|420|1|334|0|0|
212|395|420|1|334|0|0|
212|395|420|1|334|0|0|
212|395|390|1|334|0|0|
212|395|390|1|334|0|0|
212|395|360|1|334|0|0|
212|405|360|1|342|0|0|
212|396|390|1|334|0|0|
212|395|390|1|334|0|0|
212|395|390|1|334|0|0|
212|505|480|1|334|0|0|
212|396|420|1|334|0|0|
212|395|390|1|334|0|0|
212|395|390|1|334|0|0|
212|409|420|1|334|0|0|
212|411|420|1|334|0|0|
212|411|420|1|334|0|0|
212|395|390|1|334|0|0|
212|395|420|1|334|0|0|
212|745|780|1|334|0|0|
212|917|930|1|334|0|0|
212|395|390|1|334|0|0|
212|395|420|1|334|0|0|
212|1649|1590|1|305|0|0|
212|343|330|1|305|0|0|
212|341|360|1|305|0|0|
212|411|420|1|334|0|0|
212|409|420|1|334|0|0|
212|409|420|1|334|0|0|
212|409|420|1|334|0|0|
212|409|420|1|334|0|0|
212|411|360|1|334|0|0|
212|410|390|1|334|0|0|
212|409|420|1|334|0|0|
212|409|420|1|334|0|0|
212|411|390|1|334|0|0|
212|409|390|1|334|0|0|
212|409|420|1|334|0|0|
212|411|420|1|334|0|0|
212|410|420|1|334|0|0|
212|411|480|1|334|0|0|
212|395|450|1|334|0|0|
212|395|450|1|334|0|0|
212|395|450|1|334|0|0|
212|395|450|1|334|0|0|
212|395|480|1|334|0|0|
212|395|450|1|334|0|0|
212|395|420|1|334|0|0|
212|395|420|1|334|0|0|
212|396|390|1|334|0|0|
212|395|420|1|334|0|0|
212|395|420|1|334|0|0|
212|395|450|1|334|0|0|
212|395|450|1|334|0|0|
212|395|450|1|334|0|0|
212|396|450|1|334|0|0|
212|395|450|1|334|0|0|
212|396|390|1|334|0|0|
212|808|900|1|334|0|0|
212|888|960|1|334|0|0|
212|395|450|1|334|0|0|
212|517|570|1|334|0|0|
212|383|360|1|334|0|0|
212|395|390|1|334|0|0|
212|396|390|1|334|0|0|
212|395|360|1|334|0|0|
212|384|360|1|334|0|0|
212|383|390|1|334|0|0|
212|383|360|1|334|0|0|
212|383|360|1|334|0|0|
212|384|360|1|334|0|0|
212|383|390|1|334|0|0|
212|384|360|1|334|0|0|
212|384|360|1|334|0|0|
212|384|360|1|334|0|0|
212|384|390|1|334|0|0|
212|384|360|1|334|0|0|
212|384|390|1|334|0|0|
212|383|360|1|334|0|0|
212|384|390|1|334|0|0|
212|384|360|1|334|0|0|
212|384|390|1|334|0|0|
212|384|420|1|334|0|0|
212|396|390|1|334|0|0|
212|384|360|1|334|0|0|
212|384|390|1|334|0|0|
212|384|390|1|334|0|0|
212|384|420|1|334|0|0|
212|384|390|1|334|0|0|
212|385|420|1|334|0|0|
212|384|420|1|334|0|0|
212|384|360|1|334|0|0|
212|384|420|1|334|0|0|
212|384|360|1|334|0|0|
212|1300|1320|1|334|0|0|
212|384|330|1|334|0|0|
212|384|390|1|334|0|0|
212|384|360|1|334|0|0|
212|396|390|1|334|0|0|
212|396|390|1|334|0|0|
212|412|420|1|350|0|0|
212|384|360|1|334|0|0|
212|384|360|1|334|0|0|
212|384|390|1|334|0|0|
212|384|360|1|334|0|0|
212|384|360|1|334|0|0|
212|396|390|1|334|0|0|
