INSTRUCTIONS_RETIRED|CYCLES|UNKNOWN|LD_BLOCKS.STORE_FORWARD|UOPS_EXECUTED.CORE|BR_MISP_RETIRED.ALL_BRANCHES|UOPS_ISSUED.SINGLE_MUL|
85|245|270|1|207|0|0|
85|245|240|1|207|0|0|
85|245|240|1|207|0|0|
85|245|240|1|207|0|0|
85|245|210|1|207|0|0|
85|245|240|1|207|0|0|
85|246|270|1|207|0|0|
85|245|240|1|207|0|0|
85|245|240|1|207|0|0|
85|245|270|1|207|0|0|
85|245|240|1|207|0|0|
85|245|270|1|207|0|0|
85|245|240|1|207|0|0|
85|246|240|1|207|0|0|
85|245|240|1|207|0|0|
85|246|270|1|207|0|0|
85|246|240|1|207|0|0|
85|246|270|1|207|0|0|
85|246|240|1|207|0|0|
85|246|240|1|207|0|0|
85|246|240|1|207|0|0|
85|246|270|1|207|0|0|
85|246|270|1|207|0|0|
85|246|240|1|207|0|0|
85|246|270|1|207|0|0|
85|246|270|1|207|0|0|
85|246|270|1|207|0|0|
85|246|270|1|207|0|0|
85|246|210|1|207|0|0|
85|246|240|1|207|0|0|
85|246|240|1|207|0|0|
85|246|270|1|207|0|0|
85|246|240|1|207|0|0|
85|246|240|1|207|0|0|
85|246|240|1|207|0|0|
85|246|240|1|207|0|0|
85|246|240|1|207|0|0|
85|246|240|1|207|0|0|
85|246|240|1|207|0|0|
85|246|270|1|207|0|0|
85|246|270|1|207|0|0|
85|246|240|1|207|0|0|
85|246|240|1|207|0|0|
85|246|240|1|207|0|0|
85|246|240|1|207|0|0|
85|246|270|1|207|0|0|
85|246|270|1|207|0|0|
85|246|270|1|207|0|0|
85|246|240|1|207|0|0|
85|246|270|1|207|0|0|
85|246|240|1|207|0|0|
85|246|270|1|207|0|0|
85|246|240|1|207|0|0|
85|246|270|1|207|0|0|
85|246|210|1|207|0|0|
85|246|210|1|207|0|0|
85|246|240|1|207|0|0|
85|246|240|1|207|0|0|
85|246|210|1|207|0|0|
85|246|240|1|207|0|0|
85|246|270|1|207|0|0|
85|246|240|1|207|0|0|
85|246|270|1|207|0|0|
85|246|240|1|207|0|0|
85|246|270|1|207|0|0|
85|246|240|1|207|0|0|
85|246|270|1|207|0|0|
85|246|240|1|207|0|0|
85|246|240|1|207|0|0|
85|246|270|1|207|0|0|
85|246|240|1|207|0|0|
85|257|270|1|218|0|0|
85|246|240|1|207|0|0|
85|246|240|1|207|0|0|
85|246|270|1|207|0|0|
85|246|270|1|207|0|0|
85|246|240|1|207|0|0|
85|246|240|1|207|0|0|
85|246|270|1|207|0|0|
85|246|240|1|207|0|0|
85|246|240|1|207|0|0|
85|246|240|1|207|0|0|
85|246|270|1|207|0|0|
85|246|270|1|207|0|0|
85|246|210|1|207|0|0|
85|246|270|1|207|0|0|
85|246|240|1|207|0|0|
85|246|240|1|207|0|0|
85|246|240|1|207|0|0|
85|246|240|1|207|0|0|
85|246|240|1|207|0|0|
85|246|240|1|207|0|0|
85|246|240|1|207|0|0|
85|246|270|1|207|0|0|
85|246|240|1|207|0|0|
85|246|240|1|207|0|0|
85|246|270|1|207|0|0|
85|246|270|1|207|0|0|
85|246|240|1|207|0|0|
85|246|240|1|207|0|0|
85|246|270|1|207|0|0|
85|246|240|1|207|0|0|
85|246|270|1|207|0|0|
85|246|270|1|207|0|0|
85|246|240|1|207|0|0|
85|246|270|1|207|0|0|
85|246|270|1|207|0|0|
85|259|240|1|220|0|0|
85|246|270|1|207|0|0|
85|246|240|1|207|0|0|
85|246|240|1|207|0|0|
85|246|270|1|207|0|0|
85|246|270|1|207|0|0|
85|246|270|1|207|0|0|
85|246|240|1|207|0|0|
85|246|270|1|207|0|0|
85|246|240|1|207|0|0|
85|246|240|1|207|0|0|
85|246|240|1|207|0|0|
85|246|270|1|207|0|0|
85|246|240|1|207|0|0|
85|246|240|1|207|0|0|
85|246|270|1|207|0|0|
85|200|210|1|180|1|0|
85|246|270|1|207|0|0|
85|245|270|1|207|0|0|
85|245|240|1|207|0|0|
85|245|210|1|207|0|0|
85|178|180|1|180|0|0|
85|245|300|1|207|0|0|
85|177|150|1|180|0|0|
85|177|180|1|180|0|0|
85|245|270|1|207|0|0|
85|245|240|1|207|0|0|
85|245|270|1|207|0|0|
85|245|270|1|207|0|0|
85|245|240|1|207|0|0|
85|178|210|1|180|0|0|
85|178|180|1|180|0|0|
85|178|150|1|180|0|0|
85|246|360|1|207|0|0|
85|246|240|1|207|0|0|
85|178|180|1|180|0|0|
85|177|180|1|180|0|0|
85|246|270|1|207|0|0|
85|178|180|1|180|0|0|
85|177|180|1|180|0|0|
85|177|210|1|180|0|0|
85|177|150|1|180|0|0|
85|245|240|1|207|0|0|
85|245|240|1|207|0|0|
85|245|240|1|207|0|0|
85|246|270|1|207|0|0|
85|246|240|1|207|0|0|
85|200|210|1|180|1|0|
85|245|240|1|207|0|0|
85|200|180|1|180|1|0|
85|200|210|1|180|1|0|
85|200|180|1|180|1|0|
85|245|270|1|207|0|0|
85|245|240|1|207|0|0|
85|246|240|1|207|0|0|
85|245|240|1|207|0|0|
85|245|240|1|207|0|0|
85|245|270|1|207|0|0|
85|245|270|1|207|0|0|
85|178|180|1|180|0|0|
85|200|180|1|180|1|0|
85|246|240|1|207|0|0|
85|245|270|1|207|0|0|
85|246|270|1|207|0|0|
85|246|270|1|207|0|0|
85|178|180|1|180|0|0|
85|245|300|1|207|0|0|
85|245|240|1|207|0|0|
85|245|270|1|207|0|0|
85|245|270|1|207|0|0|
85|268|300|1|207|1|0|
85|245|270|1|207|0|0|
85|246|240|1|207|0|0|
85|200|210|1|180|1|0|
85|268|270|1|207|1|0|
85|200|240|1|180|1|0|
85|200|210|1|180|1|0|
85|267|270|1|207|1|0|
85|245|240|1|207|0|0|
85|200|210|1|180|1|0|
85|246|270|1|207|0|0|
85|200|180|1|180|1|0|
85|245|240|1|207|0|0|
85|246|240|1|207|0|0|
85|268|270|1|207|1|0|
85|246|270|1|207|0|0|
85|245|270|1|207|0|0|
85|245|240|1|207|0|0|
85|246|240|1|207|0|0|
85|245|240|1|207|0|0|
85|245|270|1|207|0|0|
85|245|240|1|207|0|0|
85|245|240|1|207|0|0|
85|246|270|1|207|0|0|
85|245|240|1|207|0|0|
85|245|210|1|207|0|0|
85|246|240|1|207|0|0|
85|246|240|1|207|0|0|
85|246|270|1|207|0|0|
85|246|210|1|207|0|0|
85|246|270|1|207|0|0|
85|245|270|1|207|0|0|
85|245|270|1|207|0|0|
85|245|240|1|207|0|0|
85|246|240|1|207|0|0|
85|246|270|1|207|0|0|
85|246|240|1|207|0|0|
85|246|300|1|207|0|0|
85|246|240|1|207|0|0|
85|246|240|1|207|0|0|
85|200|210|1|180|1|0|
85|246|270|1|207|0|0|
85|245|240|1|207|0|0|
85|245|300|1|207|0|0|
85|177|210|1|180|0|0|
85|246|240|1|207|0|0|
85|246|240|1|207|0|0|
85|200|210|1|180|1|0|
85|245|240|1|207|0|0|
85|245|270|1|207|0|0|
85|200|180|1|180|1|0|
85|246|240|1|207|0|0|
85|245|270|1|207|0|0|
85|246|240|1|207|0|0|
85|268|270|1|207|1|0|
85|245|240|1|207|0|0|
85|246|240|1|207|0|0|
85|262|240|1|224|0|0|
85|245|240|1|207|0|0|
85|246|240|1|207|0|0|
85|245|270|1|207|0|0|
85|246|270|1|207|0|0|
85|245|240|1|207|0|0|
85|245|270|1|207|0|0|
85|245|240|1|207|0|0|
85|245|240|1|207|0|0|
85|246|270|1|207|0|0|
85|177|210|1|180|0|0|
85|177|180|1|180|0|0|
85|245|300|1|207|0|0|
85|178|210|1|180|0|0|
85|245|270|1|207|0|0|
85|245|270|1|207|0|0|
85|245|240|1|207|0|0|
85|245|240|1|207|0|0|
85|245|240|1|207|0|0|
85|246|270|1|207|0|0|
85|178|180|1|180|0|0|
85|177|180|1|180|0|0|
85|177|180|1|180|0|0|
85|178|210|1|180|0|0|
85|178|150|1|180|0|0|
85|177|180|1|180|0|0|
85|246|270|1|207|0|0|
85|245|270|1|207|0|0|
85|246|240|1|207|0|0|
85|257|240|1|218|0|0|
85|246|240|1|207|0|0|
85|246|270|1|207|0|0|
85|246|240|1|207|0|0|
85|246|270|1|207|0|0|
85|246|240|1|207|0|0|
85|246|240|1|207|0|0|
85|246|240|1|207|0|0|
85|246|240|1|207|0|0|
85|246|240|1|207|0|0|
85|246|240|1|207|0|0|
85|246|270|1|207|0|0|
85|246|270|1|207|0|0|
85|246|210|1|207|0|0|
85|246|210|1|207|0|0|
85|246|240|1|207|0|0|
85|245|240|1|207|0|0|
85|246|240|1|207|0|0|
85|246|240|1|207|0|0|
85|246|210|1|207|0|0|
85|246|240|1|207|0|0|
85|246|240|1|207|0|0|
85|246|240|1|207|0|0|
85|246|240|1|207|0|0|
85|246|240|1|207|0|0|
85|246|240|1|207|0|0|
85|246|240|1|207|0|0|
85|246|210|1|207|0|0|
85|246|240|1|207|0|0|
85|246|240|1|207|0|0|
85|246|210|1|207|0|0|
85|246|240|1|207|0|0|
85|246|210|1|207|0|0|
85|246|240|1|207|0|0|
85|246|240|1|207|0|0|
85|246|210|1|207|0|0|
85|246|240|1|207|0|0|
85|246|240|1|207|0|0|
85|245|240|1|207|0|0|
85|245|240|1|207|0|0|
85|246|240|1|207|0|0|
85|246|240|1|207|0|0|
85|245|240|1|207|0|0|
85|246|270|1|207|0|0|
85|246|270|1|207|0|0|
85|246|240|1|207|0|0|
85|246|240|1|207|0|0|
85|246|270|1|207|0|0|
85|246|240|1|207|0|0|
85|246|270|1|207|0|0|
85|246|270|1|207|0|0|
85|246|270|1|207|0|0|
85|246|270|1|207|0|0|
85|246|270|1|207|0|0|
85|246|300|1|207|0|0|
85|246|240|1|207|0|0|
85|246|270|1|207|0|0|
85|246|270|1|207|0|0|
85|246|240|1|207|0|0|
85|245|240|1|207|0|0|
85|245|240|1|207|0|0|
85|177|210|1|180|0|0|
85|245|270|1|207|0|0|
85|245|270|1|207|0|0|
85|245|300|1|207|0|0|
85|245|270|1|207|0|0|
85|246|300|1|207|0|0|
85|246|300|1|207|0|0|
85|245|300|1|207|0|0|
85|246|270|1|207|0|0|
85|246|270|1|207|0|0|
85|253|270|1|215|0|0|
85|245|270|1|207|0|0|
85|246|270|1|207|0|0|
85|245|270|1|207|0|0|
85|245|240|1|207|0|0|
85|245|300|1|207|0|0|
85|245|240|1|207|0|0|
85|246|270|1|207|0|0|
85|245|240|1|207|0|0|
85|246|300|1|207|0|0|
85|245|270|1|207|0|0|
85|246|300|1|207|0|0|
85|246|270|1|207|0|0|
85|246|240|1|207|0|0|
85|245|270|1|207|0|0|
85|245|240|1|207|0|0|
85|245|240|1|207|0|0|
85|245|270|1|207|0|0|
85|246|270|1|207|0|0|
85|245|210|1|207|0|0|
85|245|270|1|207|0|0|
85|245|240|1|207|0|0|
85|245|240|1|207|0|0|
85|245|270|1|207|0|0|
85|246|240|1|207|0|0|
85|245|270|1|207|0|0|
85|245|240|1|207|0|0|
85|246|270|1|207|0|0|
85|245|240|1|207|0|0|
85|245|270|1|207|0|0|
85|245|270|1|207|0|0|
85|245|240|1|207|0|0|
85|245|240|1|207|0|0|
85|245|270|1|207|0|0|
85|246|270|1|207|0|0|
85|246|240|1|207|0|0|
85|246|240|1|207|0|0|
85|178|180|1|180|0|0|
85|177|180|1|180|0|0|
85|246|240|1|207|0|0|
85|246|240|1|207|0|0|
85|245|300|1|207|0|0|
85|178|210|1|180|0|0|
85|178|210|1|180|0|0|
85|245|270|1|207|0|0|
85|245|270|1|207|0|0|
85|245|270|1|207|0|0|
85|245|270|1|207|0|0|
85|245|270|1|207|0|0|
85|245|240|1|207|0|0|
85|246|300|1|207|0|0|
85|245|240|1|207|0|0|
85|256|270|1|218|0|0|
85|246|270|1|207|0|0|
85|245|270|1|207|0|0|
85|177|180|1|180|0|0|
85|178|210|1|180|0|0|
85|245|270|1|207|0|0|
85|178|210|1|180|0|0|
85|178|180|1|180|0|0|
85|245|270|1|207|0|0|
85|246|240|1|207|0|0|
85|245|240|1|207|0|0|
85|245|270|1|207|0|0|
85|245|270|1|207|0|0|
85|252|270|1|215|0|0|
85|245|240|1|207|0|0|
85|245|270|1|207|0|0|
85|177|180|1|180|0|0|
85|245|240|1|207|0|0|
85|245|270|1|207|0|0|
85|245|240|1|207|0|0|
85|245|270|1|207|0|0|
85|245|240|1|207|0|0|
85|246|240|1|207|0|0|
85|245|240|1|207|0|0|
85|245|240|1|207|0|0|
85|245|240|1|207|0|0|
85|177|180|1|180|0|0|
85|177|210|1|180|0|0|
85|246|240|1|207|0|0|
85|245|240|1|207|0|0|
85|177|150|1|180|0|0|
85|178|180|1|180|0|0|
85|177|180|1|180|0|0|
85|177|180|1|180|0|0|
85|177|180|1|180|0|0|
85|177|180|1|180|0|0|
85|177|180|1|180|0|0|
85|177|180|1|180|0|0|
85|245|240|1|207|0|0|
85|245|240|1|207|0|0|
85|245|240|1|207|0|0|
85|245|270|1|207|0|0|
85|246|270|1|207|0|0|
85|245|270|1|207|0|0|
85|246|210|1|207|0|0|
85|246|240|1|207|0|0|
85|245|240|1|207|0|0|
85|246|270|1|207|0|0|
85|178|210|1|180|0|0|
85|246|270|1|207|0|0|
85|245|270|1|207|0|0|
85|246|270|1|207|0|0|
85|261|240|1|223|0|0|
85|245|240|1|207|0|0|
85|245|240|1|207|0|0|
85|245|240|1|207|0|0|
85|246|270|1|207|0|0|
85|246|270|1|207|0|0|
85|177|150|1|180|0|0|
85|258|240|1|207|0|0|
85|177|150|1|180|0|0|
85|178|180|1|180|0|0|
85|178|180|1|180|0|0|
85|178|210|1|180|0|0|
85|177|180|1|180|0|0|
85|177|180|1|180|0|0|
85|177|180|1|180|0|0|
85|245|210|1|207|0|0|
85|178|150|1|180|0|0|
85|246|240|1|207|0|0|
85|245|240|1|207|0|0|
85|200|210|1|180|1|0|
85|245|240|1|207|0|0|
85|245|240|1|207|0|0|
85|200|210|1|180|1|0|
85|246|270|1|207|0|0|
85|177|180|1|180|0|0|
85|177|180|1|180|0|0|
85|177|180|1|180|0|0|
85|246|210|1|207|0|0|
85|245|240|1|207|0|0|
85|245|240|1|207|0|0|
85|246|210|1|207|0|0|
85|245|210|1|207|0|0|
85|245|240|1|207|0|0|
85|245|210|1|207|0|0|
85|245|210|1|207|0|0|
85|246|240|1|207|0|0|
85|177|150|1|180|0|0|
85|177|150|1|180|0|0|
85|245|270|1|207|0|0|
85|245|240|1|207|0|0|
85|245|240|1|207|0|0|
85|246|240|1|207|0|0|
85|245|270|1|207|0|0|
85|246|240|1|207|0|0|
85|245|240|1|207|0|0|
85|245|210|1|207|0|0|
85|245|240|1|207|0|0|
85|177|210|1|180|0|0|
85|246|210|1|207|0|0|
85|200|180|1|180|1|0|
85|200|180|1|180|1|0|
85|200|210|1|180|1|0|
85|245|240|1|207|0|0|
85|200|180|1|180|1|0|
85|245|240|1|207|0|0|
85|261|270|1|223|0|0|
85|245|270|1|207|0|0|
85|245|240|1|207|0|0|
85|245|240|1|207|0|0|
85|245|240|1|207|0|0|
85|246|270|1|207|0|0|
85|246|240|1|207|0|0|
85|246|270|1|207|0|0|
85|246|270|1|207|0|0|
85|245|240|1|207|0|0|
85|245|240|1|207|0|0|
85|245|240|1|207|0|0|
85|245|240|1|207|0|0|
85|245|240|1|207|0|0|
85|245|270|1|207|0|0|
85|258|240|1|220|0|0|
85|245|240|1|207|0|0|
85|245|240|1|207|0|0|
85|245|270|1|207|0|0|
85|246|240|1|207|0|0|
85|246|270|1|207|0|0|
85|245|210|1|207|0|0|
85|245|270|1|207|0|0|
85|245|270|1|207|0|0|
85|245|270|1|207|0|0|
85|245|240|1|207|0|0|
85|257|270|1|218|0|0|
85|246|240|1|207|0|0|
85|245|300|1|207|0|0|
85|245|270|1|207|0|0|
85|246|300|1|207|0|0|
85|245|270|1|207|0|0|
85|246|240|1|207|0|0|
85|245|210|1|207|0|0|
85|245|240|1|207|0|0|
85|245|240|1|207|0|0|
85|245|240|1|207|0|0|
85|245|270|1|207|0|0|
85|178|150|1|180|0|0|
85|246|270|1|207|0|0|
85|246|210|1|207|0|0|
85|245|270|1|207|0|0|
85|246|270|1|207|0|0|
85|246|270|1|207|0|0|
85|245|240|1|207|0|0|
85|245|240|1|207|0|0|
85|245|240|1|207|0|0|
85|261|270|1|223|0|0|
85|246|210|1|207|0|0|
85|246|270|1|207|0|0|
85|246|210|1|207|0|0|
85|246|210|1|207|0|0|
85|246|240|1|207|0|0|
85|246|240|1|207|0|0|
85|246|240|1|207|0|0|
85|245|240|1|207|0|0|
85|246|270|1|207|0|0|
85|245|240|1|207|0|0|
85|246|240|1|207|0|0|
85|245|240|1|207|0|0|
85|246|270|1|207|0|0|
85|245|270|1|207|0|0|
85|246|300|1|207|0|0|
85|245|270|1|207|0|0|
85|245|270|1|207|0|0|
85|245|270|1|207|0|0|
85|246|420|1|207|0|0|
85|246|240|1|207|0|0|
85|246|240|1|207|0|0|
85|246|240|1|207|0|0|
85|246|240|1|207|0|0|
85|246|240|1|207|0|0|
85|246|270|1|207|0|0|
85|246|300|1|207|0|0|
85|246|270|1|207|0|0|
85|245|270|1|207|0|0|
85|245|270|1|207|0|0|
85|246|270|1|207|0|0|
85|245|240|1|207|0|0|
85|245|270|1|207|0|0|
85|245|270|1|207|0|0|
85|245|240|1|207|0|0|
85|246|270|1|207|0|0|
85|246|270|1|207|0|0|
85|246|270|1|207|0|0|
85|246|240|1|207|0|0|
85|246|270|1|207|0|0|
85|246|270|1|207|0|0|
85|245|270|1|207|0|0|
85|200|210|1|180|1|0|
85|267|270|1|207|1|0|
85|267|270|1|207|1|0|
85|200|180|1|180|1|0|
85|200|210|1|180|1|0|
85|200|210|1|180|1|0|
85|200|180|1|180|1|0|
85|246|240|1|207|0|0|
85|246|270|1|207|0|0|
85|178|240|1|180|0|0|
85|200|210|1|180|1|0|
85|200|300|1|180|1|0|
85|246|360|1|207|0|0|
85|245|390|1|207|0|0|
85|245|360|1|207|0|0|
85|200|330|1|180|1|0|
85|200|180|1|180|1|0|
85|246|390|1|207|0|0|
85|178|210|1|180|0|0|
85|245|240|1|207|0|0|
85|245|270|1|207|0|0|
85|200|300|1|180|1|0|
85|246|270|1|207|0|0|
85|200|210|1|180|1|0|
85|177|210|1|180|0|0|
85|245|270|1|207|0|0|
85|245|270|1|207|0|0|
85|245|300|1|207|0|0|
85|245|240|1|207|0|0|
85|246|240|1|207|0|0|
85|246|270|1|207|0|0|
85|200|210|1|180|1|0|
85|245|300|1|207|0|0|
85|200|240|1|180|1|0|
85|246|270|1|207|0|0|
85|177|180|1|180|0|0|
85|178|150|1|180|0|0|
85|177|180|1|180|0|0|
85|177|210|1|180|0|0|
85|178|210|1|180|0|0|
85|245|270|1|207|0|0|
85|178|180|1|180|0|0|
85|245|270|1|207|0|0|
85|245|240|1|207|0|0|
85|245|270|1|207|0|0|
85|177|150|1|180|0|0|
85|177|150|1|180|0|0|
85|245|240|1|207|0|0|
85|245|240|1|207|0|0|
85|177|150|1|180|0|0|
85|245|240|1|207|0|0|
85|246|210|1|207|0|0|
85|177|210|1|180|0|0|
85|177|180|1|180|0|0|
85|178|150|1|180|0|0|
85|178|180|1|180|0|0|
85|177|180|1|180|0|0|
85|178|150|1|180|0|0|
85|179|150|1|180|0|0|
85|245|240|1|207|0|0|
85|178|150|1|180|0|0|
85|178|180|1|180|0|0|
85|178|180|1|180|0|0|
85|177|150|1|180|0|0|
85|177|150|1|180|0|0|
85|177|150|1|180|0|0|
85|245|240|1|207|0|0|
85|246|270|1|207|0|0|
85|200|210|1|180|1|0|
85|245|240|1|207|0|0|
85|245|240|1|207|0|0|
85|245|240|1|207|0|0|
85|245|240|1|207|0|0|
85|200|210|1|180|1|0|
85|246|240|1|207|0|0|
85|200|240|1|180|1|0|
85|200|210|1|180|1|0|
85|245|240|1|207|0|0|
85|245|270|1|207|0|0|
85|246|240|1|207|0|0|
85|245|210|1|207|0|0|
85|178|180|1|180|0|0|
85|200|210|1|180|1|0|
85|268|270|1|207|1|0|
85|246|240|1|207|0|0|
85|246|240|1|207|0|0|
85|246|270|1|207|0|0|
85|245|210|1|207|0|0|
85|200|210|1|180|1|0|
85|245|240|1|207|0|0|
85|200|180|1|180|1|0|
85|200|180|1|180|1|0|
85|267|240|1|207|1|0|
85|246|270|1|207|0|0|
85|245|210|1|207|0|0|
85|245|240|1|207|0|0|
85|245|210|1|207|0|0|
85|246|240|1|207|0|0|
85|245|240|1|207|0|0|
85|200|210|1|180|1|0|
85|245|210|1|207|0|0|
85|245|240|1|207|0|0|
85|200|180|1|180|1|0|
85|245|240|1|207|0|0|
85|245|240|1|207|0|0|
85|200|210|1|180|1|0|
85|246|240|1|207|0|0|
85|245|270|1|207|0|0|
85|268|270|1|207|1|0|
85|245|240|1|207|0|0|
85|200|180|1|180|1|0|
85|245|210|1|207|0|0|
85|245|240|1|207|0|0|
85|245|240|1|207|0|0|
85|245|240|1|207|0|0|
85|245|270|1|207|0|0|
85|200|180|1|180|1|0|
85|245|240|1|207|0|0|
85|245|240|1|207|0|0|
85|177|150|1|180|0|0|
85|177|180|1|180|0|0|
85|178|180|1|180|0|0|
85|178|180|1|180|0|0|
85|245|240|1|207|0|0|
85|245|270|1|207|0|0|
85|268|270|1|207|1|0|
85|200|240|1|180|1|0|
85|246|240|1|207|0|0|
85|246|270|1|207|0|0|
85|245|240|1|207|0|0|
85|245|240|1|207|0|0|
85|245|240|1|207|0|0|
85|245|240|1|207|0|0|
85|245|240|1|207|0|0|
85|245|240|1|207|0|0|
85|245|270|1|207|0|0|
85|200|210|1|180|1|0|
85|245|240|1|207|0|0|
85|245|240|1|207|0|0|
85|245|240|1|207|0|0|
85|268|270|1|207|1|0|
85|246|240|1|207|0|0|
85|245|240|1|207|0|0|
85|246|240|1|207|0|0|
85|246|240|1|207|0|0|
85|246|210|1|207|0|0|
85|246|240|1|207|0|0|
85|245|270|1|207|0|0|
85|246|270|1|207|0|0|
85|245|240|1|207|0|0|
85|245|210|1|207|0|0|
85|245|270|1|207|0|0|
85|245|240|1|207|0|0|
85|245|240|1|207|0|0|
85|245|240|1|207|0|0|
85|245|270|1|207|0|0|
85|177|180|1|180|0|0|
85|245|240|1|207|0|0|
85|178|210|1|180|0|0|
85|177|180|1|180|0|0|
85|245|270|1|207|0|0|
85|246|240|1|207|0|0|
85|246|240|1|207|0|0|
85|246|240|1|207|0|0|
85|178|150|1|180|0|0|
85|245|270|1|207|0|0|
85|245|270|1|207|0|0|
85|177|180|1|180|0|0|
85|245|270|1|207|0|0|
85|245|270|1|207|0|0|
85|246|270|1|207|0|0|
85|246|270|1|207|0|0|
85|246|270|1|207|0|0|
85|246|270|1|207|0|0|
85|246|240|1|207|0|0|
85|246|240|1|207|0|0|
85|261|270|1|222|0|0|
85|246|270|1|207|0|0|
85|245|240|1|207|0|0|
85|246|240|1|207|0|0|
85|245|270|1|207|0|0|
85|246|240|1|207|0|0|
85|245|270|1|207|0|0|
85|245|240|1|207|0|0|
85|246|270|1|207|0|0|
85|245|240|1|207|0|0|
85|245|240|1|207|0|0|
85|245|300|1|207|0|0|
85|245|270|1|207|0|0|
85|245|270|1|207|0|0|
85|177|180|1|180|0|0|
85|178|180|1|180|0|0|
85|245|270|1|207|0|0|
85|245|240|1|207|0|0|
85|245|270|1|207|0|0|
85|245|270|1|207|0|0|
85|245|270|1|207|0|0|
85|246|300|1|207|0|0|
85|246|270|1|207|0|0|
85|246|270|1|207|0|0|
85|246|270|1|207|0|0|
85|178|210|1|180|0|0|
85|245|270|1|207|0|0|
85|246|270|1|207|0|0|
85|245|270|1|207|0|0|
85|245|270|1|207|0|0|
85|246|270|1|207|0|0|
85|178|210|1|180|0|0|
85|177|180|1|180|0|0|
85|245|270|1|207|0|0|
85|178|180|1|180|0|0|
85|246|240|1|207|0|0|
85|246|240|1|207|0|0|
85|245|240|1|207|0|0|
85|246|270|1|207|0|0|
85|246|240|1|207|0|0|
85|246|210|1|207|0|0|
85|246|240|1|207|0|0|
85|246|240|1|207|0|0|
85|178|180|1|180|0|0|
85|245|240|1|207|0|0|
85|246|240|1|207|0|0|
85|246|240|1|207|0|0|
85|246|240|1|207|0|0|
85|245|240|1|207|0|0|
85|246|240|1|207|0|0|
85|246|240|1|207|0|0|
85|246|240|1|207|0|0|
85|246|240|1|207|0|0|
85|246|240|1|207|0|0|
85|245|240|1|207|0|0|
85|177|150|1|180|0|0|
85|245|300|1|207|0|0|
85|246|240|1|207|0|0|
85|245|270|1|207|0|0|
85|245|270|1|207|0|0|
85|246|270|1|207|0|0|
85|246|240|1|207|0|0|
85|245|240|1|207|0|0|
85|246|240|1|207|0|0|
85|178|210|1|180|0|0|
85|178|180|1|180|0|0|
85|245|270|1|207|0|0|
85|178|180|1|180|0|0|
85|245|240|1|207|0|0|
85|178|180|1|180|0|0|
85|246|270|1|207|0|0|
85|178|210|1|180|0|0|
85|178|180|1|180|0|0|
85|177|210|1|180|0|0|
85|177|180|1|180|0|0|
85|178|210|1|180|0|0|
85|177|180|1|180|0|0|
85|245|240|1|207|0|0|
85|177|150|1|180|0|0|
85|245|240|1|207|0|0|
85|245|240|1|207|0|0|
85|246|270|1|207|0|0|
85|246|240|1|207|0|0|
85|246|240|1|207|0|0|
85|245|240|1|207|0|0|
85|246|240|1|207|0|0|
85|246|240|1|207|0|0|
85|261|270|1|222|0|0|
85|246|240|1|207|0|0|
85|246|270|1|207|0|0|
85|246|270|1|207|0|0|
85|246|240|1|207|0|0|
85|246|240|1|207|0|0|
85|246|210|1|207|0|0|
85|246|240|1|207|0|0|
85|246|210|1|207|0|0|
85|246|270|1|207|0|0|
85|246|210|1|207|0|0|
85|246|240|1|207|0|0|
85|200|240|1|180|1|0|
85|245|270|1|207|0|0|
85|178|150|1|180|0|0|
85|246|240|1|207|0|0|
85|246|270|1|207|0|0|
85|245|240|1|207|0|0|
85|245|270|1|207|0|0|
85|177|180|1|180|0|0|
85|178|180|1|180|0|0|
85|177|180|1|180|0|0|
85|177|150|1|180|0|0|
85|245|270|1|207|0|0|
85|178|210|1|180|0|0|
85|246|270|1|207|0|0|
85|246|240|1|207|0|0|
85|178|180|1|180|0|0|
85|178|150|1|180|0|0|
85|246|270|1|207|0|0|
85|246|210|1|207|0|0|
85|246|240|1|207|0|0|
85|246|210|1|207|0|0|
85|178|180|1|180|0|0|
85|246|240|1|207|0|0|
85|246|240|1|207|0|0|
85|245|270|1|207|0|0|
85|178|180|1|180|0|0|
85|178|150|1|180|0|0|
85|246|240|1|207|0|0|
85|246|270|1|207|0|0|
85|246|240|1|207|0|0|
85|246|240|1|207|0|0|
85|246|240|1|207|0|0|
85|246|210|1|207|0|0|
85|246|270|1|207|0|0|
85|246|210|1|207|0|0|
85|246|240|1|207|0|0|
85|178|180|1|180|0|0|
85|246|210|1|207|0|0|
85|246|210|1|207|0|0|
85|246|210|1|207|0|0|
85|246|270|1|207|0|0|
85|200|180|1|180|1|0|
85|245|270|1|207|0|0|
85|200|210|1|180|1|0|
85|200|210|1|180|1|0|
85|245|270|1|207|0|0|
85|245|270|1|207|0|0|
85|246|270|1|207|0|0|
85|246|240|1|207|0|0|
85|246|240|1|207|0|0|
85|245|270|1|207|0|0|
85|246|240|1|207|0|0|
85|246|240|1|207|0|0|
85|178|180|1|180|0|0|
85|246|240|1|207|0|0|
85|246|240|1|207|0|0|
85|246|240|1|207|0|0|
85|178|150|1|180|0|0|
85|246|240|1|207|0|0|
85|246|240|1|207|0|0|
85|246|240|1|207|0|0|
85|246|240|1|207|0|0|
85|246|210|1|207|0|0|
85|246|270|1|207|0|0|
85|246|240|1|207|0|0|
85|246|210|1|207|0|0|
85|246|240|1|207|0|0|
85|246|240|1|207|0|0|
85|246|210|1|207|0|0|
85|245|240|1|207|0|0|
85|177|150|1|180|0|0|
85|177|180|1|180|0|0|
85|178|150|1|180|0|0|
85|178|150|1|180|0|0|
85|178|180|1|180|0|0|
85|246|210|1|207|0|0|
85|246|240|1|207|0|0|
85|178|210|1|180|0|0|
85|178|150|1|180|0|0|
85|178|150|1|180|0|0|
85|246|210|1|207|0|0|
85|246|240|1|207|0|0|
85|246|240|1|207|0|0|
85|178|180|1|180|0|0|
85|246|210|1|207|0|0|
85|246|270|1|207|0|0|
85|200|210|1|180|1|0|
85|246|240|1|207|0|0|
85|178|150|1|180|0|0|
85|178|180|1|180|0|0|
85|177|180|1|180|0|0|
85|377|390|1|207|0|0|
85|245|240|1|207|0|0|
85|245|240|1|207|0|0|
85|177|180|1|180|0|0|
85|178|180|1|180|0|0|
85|177|150|1|180|0|0|
85|177|210|1|180|0|0|
85|245|210|1|207|0|0|
85|178|180|1|180|0|0|
85|177|210|1|180|0|0|
85|177|150|1|180|0|0|
85|177|150|1|180|0|0|
85|178|150|1|180|0|0|
85|246|270|1|207|0|0|
85|178|180|1|180|0|0|
85|178|180|1|180|0|0|
85|246|240|1|207|0|0|
85|178|180|1|180|0|0|
85|178|180|1|180|0|0|
85|178|210|1|180|0|0|
85|178|180|1|180|0|0|
85|246|240|1|207|0|0|
85|245|210|1|207|0|0|
85|245|210|1|207|0|0|
85|246|210|1|207|0|0|
85|246|210|1|207|0|0|
85|245|210|1|207|0|0|
85|246|240|1|207|0|0|
85|245|210|1|207|0|0|
85|245|240|1|207|0|0|
85|245|210|1|207|0|0|
85|245|240|1|207|0|0|
85|245|240|1|207|0|0|
85|245|240|1|207|0|0|
85|246|210|1|207|0|0|
85|246|240|1|207|0|0|
85|246|270|1|207|0|0|
85|200|210|1|180|1|0|
85|177|150|1|180|0|0|
85|246|240|1|207|0|0|
85|245|240|1|207|0|0|
85|246|240|1|207|0|0|
85|177|180|1|180|0|0|
85|177|210|1|180|0|0|
85|246|240|1|207|0|0|
85|177|150|1|180|0|0|
85|246|210|1|207|0|0|
85|246|240|1|207|0|0|
85|257|270|1|218|0|0|
85|178|180|1|180|0|0|
85|245|240|1|207|0|0|
85|246|240|1|207|0|0|
