INSTRUCTIONS_RETIRED|CYCLES|UNKNOWN|LD_BLOCKS.STORE_FORWARD|UOPS_EXECUTED.CORE|BR_MISP_RETIRED.ALL_BRANCHES|UOPS_ISSUED.SLOW_LEA|
13|298|192|0|126|1|103|
13|254|208|0|111|1|103|
13|254|240|0|111|1|103|
13|242|240|0|107|1|102|
13|243|240|0|108|1|103|
13|243|240|0|108|1|103|
13|243|240|0|108|1|103|
13|243|256|0|108|1|103|
13|394|400|0|158|1|103|
13|243|240|0|108|1|103|
13|262|272|0|114|1|103|
13|296|320|0|580|1|36|
13|283|240|0|508|1|29|
13|400|368|0|160|1|103|
13|254|256|0|113|1|103|
13|249|240|0|110|1|103|
13|310|256|0|267|1|52|
13|245|256|0|108|1|103|
13|242|240|0|107|1|103|
13|248|256|0|109|1|103|
13|244|240|0|108|1|103|
13|244|256|0|108|1|103|
13|242|240|0|107|1|102|
13|243|240|0|108|1|103|
13|242|240|0|107|1|102|
13|243|240|0|108|1|103|
13|243|224|0|108|1|103|
13|242|224|0|107|1|103|
13|241|224|0|107|1|103|
13|254|224|0|111|1|103|
13|246|240|0|109|1|103|
13|282|192|0|121|1|103|
13|279|208|0|120|1|103|
13|274|208|0|118|1|103|
13|274|208|0|118|1|103|
13|245|240|0|108|1|103|
13|243|256|0|108|1|103|
13|244|240|0|108|1|103|
13|1266|1264|0|160|1|103|
13|242|240|0|107|1|102|
13|242|224|0|107|1|103|
13|247|256|0|109|1|103|
13|242|256|0|107|1|102|
13|245|256|0|108|1|103|
13|243|256|0|108|1|103|
13|242|240|0|107|1|103|
13|247|240|0|109|1|103|
13|245|256|0|108|1|102|
13|255|256|0|112|1|103|
13|243|240|0|108|1|103|
13|246|256|0|109|1|103|
13|243|240|0|108|1|103|
13|243|240|0|108|1|103|
13|243|224|0|108|1|103|
13|243|240|0|108|1|103|
13|243|256|0|108|1|103|
13|245|240|0|108|1|103|
13|245|240|0|108|1|103|
13|245|240|0|108|1|102|
13|245|240|0|108|1|103|
13|245|240|0|108|1|103|
13|245|256|0|108|1|103|
13|242|240|0|107|1|102|
13|243|240|0|108|1|102|
13|242|240|0|107|1|102|
13|244|256|0|108|1|103|
13|243|240|0|108|1|103|
13|243|224|0|108|1|103|
13|244|240|0|108|1|103|
13|243|240|0|108|1|103|
13|243|256|0|108|1|103|
13|243|240|0|108|1|103|
13|244|256|0|108|1|103|
13|243|240|0|108|1|103|
13|248|240|0|109|1|103|
13|243|256|0|108|1|103|
13|246|240|0|109|1|103|
13|246|240|0|109|1|103|
13|242|256|0|107|1|102|
13|245|256|0|108|1|103|
13|242|256|0|107|1|102|
13|245|256|0|108|1|103|
13|242|256|0|107|1|102|
13|272|272|0|117|1|103|
13|243|240|0|108|1|103|
13|246|240|0|109|1|103|
13|243|240|0|108|1|102|
13|245|256|0|108|1|103|
13|243|240|0|108|1|103|
13|243|224|0|108|1|103|
13|242|240|0|107|1|103|
13|243|256|0|108|1|103|
13|245|240|0|108|1|103|
13|243|240|0|108|1|103|
13|246|240|0|109|1|103|
13|247|256|0|109|1|103|
13|245|256|0|108|1|103|
13|246|256|0|109|1|103|
13|246|256|0|109|1|103|
13|242|240|0|107|1|103|
13|243|240|0|108|1|103|
13|245|240|0|108|1|103|
13|246|240|0|109|1|103|
13|246|256|0|109|1|103|
13|243|240|0|108|1|103|
13|243|240|0|108|1|103|
13|243|240|0|108|1|103|
13|242|256|0|107|1|103|
13|243|224|0|108|1|103|
13|243|240|0|108|1|103|
13|245|240|0|108|1|103|
13|243|240|0|108|1|103|
13|246|256|0|109|1|103|
13|243|256|0|108|1|103|
13|243|240|0|108|1|103|
13|242|240|0|107|1|102|
13|246|240|0|109|1|103|
13|243|240|0|108|1|103|
13|247|240|0|109|1|103|
13|243|224|0|108|1|103|
13|243|240|0|108|1|102|
13|244|256|0|108|1|103|
13|245|240|0|108|1|103|
13|243|240|0|108|1|103|
13|243|240|0|108|1|103|
13|245|240|0|108|1|102|
13|246|256|0|109|1|103|
13|243|256|0|108|1|103|
13|243|240|0|108|1|103|
13|243|240|0|108|1|103|
13|245|256|0|108|1|103|
13|248|240|0|109|1|103|
13|246|256|0|109|1|103|
13|245|240|0|108|1|103|
13|242|240|0|107|1|103|
13|246|256|0|109|1|103|
13|243|256|0|108|1|103|
13|245|240|0|108|1|103|
13|248|240|0|109|1|103|
13|242|240|0|107|1|103|
13|243|240|0|108|1|102|
13|242|224|0|107|1|102|
13|248|256|0|109|1|103|
13|244|256|0|108|1|103|
13|243|256|0|108|1|103|
13|245|240|0|108|1|103|
13|244|240|0|108|1|103|
13|245|240|0|108|1|103|
13|247|256|0|109|1|103|
13|243|256|0|108|1|103|
13|246|240|0|109|1|103|
13|243|224|0|108|1|103|
13|302|288|0|109|1|103|
13|242|256|0|107|1|102|
13|379|384|0|153|1|103|
13|243|240|0|108|1|103|
13|243|240|0|108|1|103|
13|246|240|0|109|1|103|
13|437|448|0|160|1|103|
13|244|256|0|108|1|103|
13|243|240|0|108|1|102|
13|246|240|0|108|1|103|
13|243|256|0|108|1|103|
13|243|240|0|108|1|103|
13|244|240|0|108|1|103|
13|243|240|0|108|1|103|
13|242|240|0|107|1|103|
13|245|240|0|108|1|103|
13|243|256|0|108|1|103|
13|245|240|0|108|1|102|
13|242|256|0|107|1|103|
13|245|240|0|108|1|103|
13|245|224|0|108|1|102|
13|243|256|0|108|1|103|
13|245|224|0|108|1|103|
13|242|240|0|107|1|102|
13|243|240|0|108|1|103|
13|243|240|0|108|1|103|
13|243|240|0|108|1|103|
13|243|224|0|108|1|103|
13|243|240|0|108|1|103|
13|245|256|0|108|1|103|
13|248|240|0|109|1|103|
13|243|240|0|108|1|103|
13|248|256|0|109|1|103|
13|242|240|0|107|1|102|
13|242|256|0|107|1|102|
13|242|256|0|107|1|103|
13|243|240|0|108|1|103|
13|245|240|0|108|1|103|
13|246|256|0|109|1|103|
13|245|256|0|108|1|103|
13|245|240|0|108|1|103|
13|247|240|0|109|1|103|
13|243|256|0|108|1|103|
13|242|256|0|107|1|103|
13|243|240|0|108|1|102|
13|243|240|0|108|1|103|
13|244|256|0|108|1|103|
13|243|256|0|108|1|103|
13|245|256|0|108|1|103|
13|243|256|0|108|1|103|
13|245|224|0|108|1|103|
13|245|256|0|108|1|103|
13|243|240|0|108|1|103|
13|246|224|0|109|1|103|
13|243|240|0|108|1|103|
13|245|240|0|108|1|102|
13|246|256|0|109|1|103|
13|247|256|0|109|1|103|
13|246|240|0|109|1|103|
13|243|240|0|108|1|103|
13|243|224|0|108|1|103|
13|246|256|0|109|1|103|
13|242|240|0|107|1|103|
13|243|240|0|108|1|103|
13|246|240|0|109|1|103|
13|243|240|0|108|1|103|
13|246|240|0|108|1|103|
13|243|240|0|108|1|103|
13|246|256|0|109|1|103|
13|242|240|0|107|1|102|
13|244|256|0|108|1|103|
13|243|240|0|108|1|102|
13|243|240|0|108|1|103|
13|242|256|0|107|1|102|
13|245|240|0|108|1|103|
13|243|240|0|108|1|103|
13|244|240|0|108|1|103|
13|242|240|0|107|1|102|
13|242|240|0|107|1|102|
13|242|256|0|107|1|102|
13|248|240|0|109|1|103|
13|242|240|0|107|1|102|
13|242|256|0|107|1|102|
13|242|240|0|107|1|102|
13|303|304|0|128|1|103|
13|243|240|0|108|1|103|
13|243|256|0|108|1|103|
13|243|240|0|108|1|103|
13|246|240|0|109|1|103|
13|243|240|0|108|1|103|
13|243|240|0|108|1|103|
13|242|256|0|107|1|102|
13|243|240|0|108|1|103|
13|242|240|0|107|1|103|
13|242|240|0|107|1|102|
13|243|240|0|108|1|103|
13|243|240|0|108|1|102|
13|272|272|0|117|1|103|
13|247|240|0|109|1|103|
13|245|240|0|108|1|103|
13|246|240|0|109|1|103|
13|246|240|0|109|1|103|
13|245|240|0|108|1|103|
13|246|256|0|109|1|103|
13|243|256|0|108|1|103|
13|243|240|0|108|1|102|
13|245|256|0|108|1|103|
13|245|256|0|108|1|103|
13|243|240|0|108|1|103|
13|245|240|0|108|1|103|
13|245|240|0|108|1|103|
13|245|256|0|108|1|103|
13|321|320|0|134|1|103|
13|246|256|0|109|1|103|
13|243|240|0|108|1|103|
13|242|256|0|107|1|103|
13|242|256|0|107|1|102|
13|242|240|0|107|1|103|
13|243|240|0|108|1|103|
13|245|256|0|108|1|103|
13|242|240|0|107|1|102|
13|247|240|0|109|1|103|
13|242|240|0|107|1|103|
13|243|224|0|108|1|103|
13|242|240|0|107|1|102|
13|246|240|0|109|1|103|
13|246|240|0|109|1|103|
13|243|256|0|108|1|103|
13|242|224|0|107|1|102|
13|245|240|0|108|1|103|
13|245|240|0|108|1|103|
13|243|240|0|108|1|103|
13|248|240|0|109|1|103|
13|242|224|0|107|1|102|
13|246|240|0|109|1|103|
13|242|240|0|107|1|103|
13|243|240|0|108|1|103|
13|243|224|0|108|1|103|
13|245|240|0|108|1|103|
13|244|240|0|108|1|103|
13|247|240|0|109|1|103|
13|242|240|0|107|1|102|
13|243|240|0|108|1|103|
13|243|224|0|108|1|103|
13|242|240|0|107|1|103|
13|243|240|0|108|1|103|
13|242|256|0|107|1|102|
13|243|224|0|108|1|103|
13|242|240|0|107|1|103|
13|243|240|0|108|1|103|
13|245|256|0|108|1|103|
13|243|240|0|108|1|103|
13|242|256|0|107|1|103|
13|242|240|0|107|1|102|
13|243|240|0|108|1|103|
13|243|240|0|108|1|103|
13|242|240|0|107|1|103|
13|242|240|0|107|1|103|
13|243|224|0|108|1|103|
13|243|256|0|108|1|103|
13|243|256|0|108|1|102|
13|304|304|0|128|1|103|
13|243|240|0|108|1|103|
13|243|240|0|108|1|103|
13|244|240|0|108|1|103|
13|242|224|0|107|1|102|
13|246|240|0|109|1|103|
13|243|240|0|108|1|103|
13|244|256|0|108|1|103|
13|243|240|0|108|1|103|
13|243|240|0|108|1|102|
13|243|240|0|108|1|103|
13|245|256|0|108|1|103|
13|243|240|0|108|1|103|
13|244|240|0|108|1|103|
13|243|240|0|108|1|103|
13|242|240|0|107|1|102|
13|243|240|0|108|1|103|
13|246|240|0|109|1|103|
13|245|256|0|108|1|102|
13|246|256|0|109|1|103|
13|243|256|0|108|1|103|
13|246|240|0|109|1|103|
13|243|240|0|108|1|103|
13|248|240|0|109|1|103|
13|247|256|0|109|1|103|
13|243|256|0|108|1|103|
13|246|256|0|109|1|103|
13|243|240|0|108|1|103|
13|245|240|0|108|1|103|
13|243|240|0|108|1|103|
13|242|240|0|107|1|102|
13|243|256|0|108|1|103|
13|248|224|0|109|1|103|
13|249|240|0|110|1|103|
13|243|224|0|108|1|103|
13|244|256|0|108|1|103|
13|242|240|0|107|1|103|
13|245|240|0|108|1|103|
13|243|240|0|108|1|103|
13|245|256|0|108|1|103|
13|248|256|0|109|1|103|
13|246|240|0|109|1|103|
13|243|224|0|108|1|103|
13|243|240|0|108|1|103|
13|243|240|0|108|1|103|
13|246|240|0|109|1|103|
13|243|224|0|108|1|103|
13|246|256|0|109|1|103|
13|246|240|0|109|1|103|
13|242|240|0|107|1|103|
13|242|240|0|107|1|102|
13|243|240|0|108|1|103|
13|243|240|0|108|1|103|
13|243|240|0|108|1|103|
13|243|240|0|108|1|102|
13|243|256|0|108|1|103|
13|243|240|0|108|1|103|
13|243|256|0|108|1|103|
13|245|224|0|108|1|102|
13|243|256|0|108|1|103|
13|245|256|0|108|1|103|
13|243|256|0|108|1|103|
13|242|240|0|107|1|103|
13|243|240|0|108|1|102|
13|243|256|0|108|1|103|
13|243|240|0|108|1|103|
13|242|240|0|107|1|102|
13|245|256|0|108|1|102|
13|242|256|0|107|1|102|
13|247|240|0|109|1|103|
13|247|240|0|109|1|103|
13|245|256|0|108|1|102|
13|273|272|0|118|1|103|
13|243|240|0|108|1|103|
13|243|240|0|108|1|103|
13|243|240|0|108|1|102|
13|242|240|0|107|1|103|
13|243|240|0|108|1|103|
13|241|240|0|107|1|103|
13|243|240|0|108|1|103|
13|249|240|0|109|1|103|
13|243|240|0|108|1|103|
13|243|256|0|108|1|103|
13|243|240|0|108|1|103|
13|244|240|0|108|1|103|
13|242|224|0|107|1|103|
13|243|240|0|108|1|103|
13|246|240|0|109|1|103|
13|245|256|0|108|1|103|
13|243|256|0|108|1|103|
13|244|256|0|108|1|103|
13|243|240|0|108|1|103|
13|245|240|0|108|1|103|
13|249|256|0|109|1|103|
13|246|240|0|109|1|103|
13|242|240|0|107|1|102|
13|243|240|0|108|1|103|
13|244|224|0|108|1|103|
13|242|240|0|107|1|102|
13|243|240|0|108|1|103|
13|246|240|0|109|1|103|
13|246|240|0|109|1|103|
13|277|272|0|119|1|103|
13|243|240|0|108|1|103|
13|243|240|0|108|1|103|
13|243|256|0|108|1|103|
13|246|240|0|109|1|103|
13|250|224|0|110|1|103|
13|251|224|0|110|1|103|
13|246|240|0|109|1|103|
13|356|368|0|145|1|103|
13|245|224|0|108|1|102|
13|242|240|0|107|1|102|
13|242|240|0|107|1|102|
13|245|240|0|108|1|103|
13|243|240|0|108|1|102|
13|282|272|0|121|1|103|
13|247|240|0|109|1|103|
13|243|240|0|108|1|103|
13|242|256|0|107|1|102|
13|244|240|0|108|1|103|
13|243|240|0|108|1|103|
13|243|240|0|108|1|103|
13|244|256|0|108|1|103|
13|243|240|0|108|1|103|
13|243|240|0|108|1|103|
13|243|240|0|108|1|103|
13|242|240|0|107|1|102|
13|245|256|0|108|1|102|
13|242|240|0|107|1|103|
13|243|240|0|108|1|103|
13|246|256|0|109|1|103|
13|243|256|0|108|1|103|
13|243|224|0|107|1|103|
13|242|240|0|107|1|102|
13|243|240|0|108|1|103|
13|246|240|0|109|1|103|
13|242|240|0|107|1|103|
13|243|240|0|108|1|103|
13|243|240|0|108|1|103|
13|242|256|0|107|1|102|
13|243|256|0|108|1|102|
13|242|240|0|107|1|102|
13|244|240|0|108|1|103|
13|243|256|0|108|1|103|
13|242|256|0|107|1|102|
13|245|240|0|108|1|103|
13|245|256|0|108|1|103|
13|243|240|0|108|1|103|
13|243|240|0|108|1|103|
13|242|256|0|107|1|103|
13|247|256|0|109|1|103|
13|243|240|0|108|1|103|
13|352|352|0|144|1|103|
13|245|240|0|108|1|103|
13|252|256|0|171|1|48|
13|345|352|0|142|1|103|
13|243|240|0|108|1|103|
13|245|240|0|108|1|103|
13|243|240|0|108|1|103|
13|245|240|0|108|1|102|
13|243|240|0|108|1|103|
13|248|256|0|109|1|103|
13|241|240|0|107|1|103|
13|242|240|0|107|1|102|
13|267|272|0|116|1|103|
13|243|240|0|108|1|103|
13|243|240|0|108|1|103|
13|242|240|0|107|1|103|
13|252|224|0|111|1|103|
13|245|240|0|108|1|103|
13|243|256|0|108|1|103|
13|246|240|0|109|1|103|
13|245|240|0|108|1|102|
13|243|240|0|108|1|103|
13|243|256|0|108|1|103|
13|243|240|0|108|1|103|
13|244|240|0|108|1|103|
13|245|256|0|108|1|103|
13|248|256|0|109|1|103|
13|246|256|0|109|1|103|
13|243|240|0|108|1|103|
13|243|224|0|108|1|103|
13|242|256|0|107|1|102|
13|243|240|0|108|1|103|
13|243|240|0|108|1|103|
13|242|256|0|107|1|103|
13|243|240|0|108|1|103|
13|243|240|0|108|1|103|
13|244|256|0|108|1|103|
13|243|240|0|108|1|103|
13|245|240|0|108|1|103|
13|243|224|0|108|1|103|
13|283|256|0|477|1|24|
13|293|224|0|405|1|36|
13|277|208|0|156|1|56|
13|271|208|0|117|1|103|
13|271|192|0|117|1|103|
13|243|224|0|108|1|103|
13|242|240|0|107|1|103|
13|244|256|0|108|1|103|
13|244|240|0|108|1|103|
13|246|240|0|109|1|103|
13|245|240|0|108|1|103|
13|245|240|0|108|1|103|
13|242|256|0|107|1|103|
13|251|256|0|110|1|103|
13|243|240|0|108|1|103|
13|242|240|0|107|1|102|
13|247|256|0|109|1|103|
13|242|256|0|107|1|103|
13|244|240|0|108|1|103|
13|243|256|0|108|1|103|
13|331|320|0|137|1|103|
13|243|240|0|108|1|103|
13|243|240|0|108|1|103|
13|245|256|0|108|1|103|
13|242|240|0|107|1|102|
13|245|224|0|108|1|103|
13|243|256|0|108|1|103|
13|245|256|0|108|1|103|
13|243|224|0|108|1|103|
13|245|240|0|108|1|103|
13|243|256|0|108|1|103|
13|246|256|0|109|1|103|
13|243|240|0|108|1|103|
13|245|240|0|108|1|103|
13|245|240|0|108|1|103|
13|248|240|0|109|1|103|
13|243|240|0|108|1|103|
13|245|240|0|108|1|103|
13|242|240|0|107|1|102|
13|242|256|0|107|1|103|
13|242|240|0|107|1|103|
13|243|240|0|108|1|103|
13|243|256|0|108|1|103|
13|245|256|0|108|1|103|
13|242|240|0|107|1|103|
13|243|256|0|108|1|102|
13|243|256|0|108|1|103|
13|246|240|0|109|1|103|
13|243|240|0|108|1|103|
13|242|240|0|107|1|102|
13|243|256|0|108|1|103|
13|242|224|0|107|1|102|
13|242|240|0|107|1|102|
13|245|240|0|108|1|103|
13|243|240|0|108|1|102|
13|244|256|0|108|1|103|
13|245|240|0|108|1|103|
13|299|256|0|126|1|103|
13|246|256|0|109|1|103|
13|246|240|0|109|1|103|
13|246|240|0|109|1|103|
13|245|240|0|108|1|103|
13|243|240|0|108|1|103|
13|243|240|0|108|1|103|
13|242|240|0|107|1|102|
13|602|608|0|160|1|103|
13|243|224|0|108|1|103|
13|243|240|0|108|1|103|
13|243|256|0|108|1|103|
13|328|304|0|136|1|103|
13|243|224|0|108|1|103|
13|245|256|0|108|1|103|
13|243|256|0|108|1|103|
13|246|240|0|109|1|103|
13|246|256|0|109|1|103|
13|243|256|0|108|1|103|
13|245|240|0|108|1|103|
13|243|256|0|108|1|103|
13|242|240|0|107|1|103|
13|243|240|0|108|1|103|
13|243|256|0|108|1|103|
13|245|256|0|108|1|103|
13|243|240|0|108|1|103|
13|245|256|0|108|1|103|
13|242|240|0|107|1|102|
13|242|240|0|107|1|102|
13|246|240|0|109|1|103|
13|276|272|0|119|1|103|
13|243|240|0|108|1|103|
13|243|240|0|108|1|103|
13|243|240|0|108|1|103|
13|243|256|0|108|1|102|
13|246|240|0|109|1|103|
13|242|256|0|107|1|102|
13|243|224|0|108|1|103|
13|243|240|0|108|1|103|
13|243|240|0|108|1|103|
13|243|256|0|108|1|103|
13|243|256|0|108|1|103|
13|246|256|0|109|1|103|
13|242|224|0|107|1|102|
13|245|240|0|108|1|103|
13|242|256|0|107|1|102|
13|245|256|0|108|1|103|
13|246|240|0|109|1|103|
13|242|224|0|107|1|102|
13|247|256|0|109|1|103|
13|242|256|0|107|1|102|
13|242|256|0|107|1|102|
13|243|224|0|108|1|102|
13|245|256|0|108|1|103|
13|246|240|0|109|1|103|
13|243|256|0|108|1|103|
13|245|256|0|108|1|102|
13|243|240|0|108|1|102|
13|246|256|0|109|1|103|
13|243|240|0|108|1|103|
13|244|240|0|108|1|103|
13|249|256|0|109|1|103|
13|245|240|0|108|1|103|
13|245|240|0|108|1|103|
13|243|256|0|108|1|103|
13|246|240|0|109|1|103|
13|243|240|0|108|1|103|
13|246|256|0|109|1|103|
13|243|240|0|108|1|103|
13|243|240|0|108|1|103|
13|242|256|0|107|1|103|
13|242|224|0|107|1|102|
13|243|240|0|108|1|103|
13|243|240|0|108|1|103|
13|246|256|0|109|1|103|
13|243|256|0|108|1|103|
13|244|256|0|108|1|103|
13|244|240|0|108|1|103|
13|244|224|0|108|1|103|
13|246|240|0|109|1|103|
13|244|240|0|108|1|103|
13|244|256|0|108|1|103|
13|246|240|0|109|1|103|
13|242|240|0|107|1|103|
13|245|240|0|108|1|103|
13|243|256|0|108|1|103|
13|243|240|0|108|1|103|
13|243|240|0|108|1|103|
13|242|240|0|107|1|103|
13|242|256|0|107|1|102|
13|243|240|0|108|1|103|
13|243|240|0|108|1|103|
13|245|256|0|108|1|103|
13|246|240|0|109|1|103|
13|242|256|0|107|1|102|
13|246|240|0|109|1|103|
13|243|240|0|108|1|103|
13|247|240|0|109|1|103|
13|246|240|0|109|1|103|
13|242|256|0|107|1|102|
13|245|240|0|108|1|102|
13|246|256|0|109|1|103|
13|243|240|0|108|1|103|
13|245|256|0|108|1|103|
13|245|240|0|108|1|102|
13|246|256|0|109|1|103|
13|246|240|0|109|1|103|
13|243|240|0|108|1|103|
13|243|240|0|108|1|103|
13|243|256|0|108|1|103|
13|244|240|0|108|1|103|
13|243|240|0|108|1|103|
13|243|240|0|108|1|103|
13|244|240|0|108|1|103|
13|243|240|0|108|1|103|
13|243|240|0|108|1|103|
13|243|224|0|108|1|103|
13|247|256|0|109|1|103|
13|243|240|0|108|1|103|
13|245|240|0|108|1|103|
13|441|448|0|160|1|103|
13|246|256|0|109|1|103|
13|245|240|0|108|1|103|
13|246|240|0|109|1|103|
13|248|256|0|109|1|103|
13|243|240|0|108|1|103|
13|242|224|0|107|1|102|
13|242|224|0|107|1|103|
13|242|240|0|107|1|103|
13|245|256|0|108|1|103|
13|245|240|0|108|1|103|
13|245|240|0|108|1|102|
13|245|240|0|108|1|103|
13|243|240|0|108|1|103|
13|246|240|0|109|1|103|
13|242|240|0|107|1|102|
13|245|240|0|108|1|103|
13|242|240|0|107|1|102|
13|243|240|0|108|1|103|
13|243|240|0|108|1|103|
13|245|256|0|108|1|103|
13|243|240|0|108|1|103|
13|245|256|0|108|1|103|
13|248|256|0|109|1|103|
13|245|256|0|108|1|103|
13|248|256|0|109|1|103|
13|245|240|0|108|1|103|
13|244|256|0|108|1|103|
13|246|240|0|109|1|103|
13|244|256|0|108|1|103|
13|245|240|0|108|1|103|
13|245|256|0|108|1|103|
13|243|240|0|108|1|103|
13|242|240|0|107|1|103|
13|246|240|0|109|1|103|
13|246|256|0|109|1|103|
13|246|240|0|109|1|103|
13|245|256|0|108|1|103|
13|243|240|0|108|1|103|
13|242|240|0|107|1|103|
13|245|240|0|108|1|103|
13|243|256|0|108|1|103|
13|245|256|0|108|1|103|
13|243|240|0|108|1|103|
13|247|240|0|109|1|103|
13|243|240|0|108|1|103|
13|246|240|0|109|1|103|
13|243|240|0|108|1|103|
13|247|256|0|109|1|103|
13|243|256|0|108|1|103|
13|242|240|0|107|1|102|
13|242|224|0|107|1|103|
13|243|224|0|108|1|103|
13|244|240|0|108|1|103|
13|242|240|0|107|1|102|
13|243|240|0|108|1|103|
13|243|240|0|108|1|103|
13|245|240|0|108|1|103|
13|242|256|0|107|1|102|
13|242|240|0|107|1|102|
13|246|240|0|109|1|103|
13|243|240|0|108|1|103|
13|243|240|0|108|1|103|
13|243|256|0|108|1|103|
13|245|256|0|108|1|103|
13|245|256|0|108|1|103|
13|243|240|0|108|1|103|
13|243|240|0|108|1|103|
13|243|240|0|108|1|103|
13|243|240|0|108|1|103|
13|242|240|0|107|1|102|
13|248|256|0|109|1|103|
13|243|256|0|108|1|103|
13|246|256|0|109|1|103|
13|243|240|0|108|1|103|
13|243|240|0|108|1|103|
13|268|272|0|116|1|103|
13|244|240|0|108|1|103|
13|242|256|0|107|1|103|
13|245|256|0|108|1|103|
13|243|256|0|108|1|103|
13|243|240|0|108|1|103|
13|244|240|0|108|1|103|
13|243|256|0|108|1|103|
13|244|256|0|108|1|103|
13|243|256|0|108|1|103|
13|243|256|0|108|1|102|
13|242|224|0|107|1|102|
13|247|256|0|109|1|103|
13|245|256|0|108|1|103|
13|243|240|0|108|1|102|
13|243|240|0|108|1|102|
13|243|240|0|108|1|103|
13|244|240|0|108|1|103|
13|243|240|0|108|1|103|
13|243|240|0|108|1|103|
13|243|240|0|108|1|103|
13|243|240|0|108|1|103|
13|243|240|0|108|1|103|
13|243|240|0|108|1|103|
13|246|240|0|109|1|103|
13|243|256|0|108|1|103|
13|245|240|0|108|1|103|
13|242|256|0|107|1|103|
13|244|240|0|108|1|103|
13|243|256|0|108|1|103|
13|245|256|0|108|1|103|
13|243|224|0|108|1|103|
13|243|256|0|108|1|103|
13|242|256|0|107|1|102|
13|247|256|0|109|1|103|
13|246|256|0|109|1|103|
13|246|256|0|109|1|103|
13|245|256|0|108|1|103|
13|245|240|0|108|1|103|
13|247|256|0|109|1|103|
13|243|240|0|108|1|103|
13|243|240|0|108|1|102|
13|243|256|0|108|1|103|
13|243|240|0|108|1|103|
13|247|256|0|109|1|103|
13|242|240|0|107|1|103|
13|243|240|0|108|1|102|
13|243|224|0|108|1|103|
13|243|240|0|108|1|103|
13|244|240|0|108|1|103|
13|244|240|0|108|1|103|
13|243|256|0|108|1|103|
13|428|416|0|160|1|103|
13|242|240|0|107|1|102|
13|247|240|0|109|1|103|
13|243|256|0|108|1|103|
13|246|240|0|109|1|103|
13|243|240|0|108|1|103|
13|242|256|0|107|1|103|
13|243|256|0|108|1|103|
13|242|240|0|107|1|102|
13|243|240|0|108|1|103|
13|245|240|0|108|1|103|
13|242|240|0|107|1|103|
13|242|240|0|107|1|102|
13|243|224|0|108|1|103|
13|243|240|0|108|1|103|
13|246|240|0|109|1|103|
13|242|240|0|107|1|102|
13|243|240|0|108|1|103|
13|243|256|0|108|1|103|
13|246|240|0|109|1|103|
13|243|240|0|108|1|102|
13|243|240|0|108|1|103|
13|447|432|0|160|1|103|
13|243|240|0|108|1|103|
13|243|256|0|108|1|103|
13|244|240|0|108|1|103|
13|244|240|0|108|1|103|
13|244|256|0|108|1|103|
13|243|240|0|108|1|103|
13|246|224|0|109|1|103|
13|379|384|0|153|1|103|
13|243|240|0|108|1|103|
13|245|240|0|108|1|103|
13|243|240|0|108|1|103|
13|243|240|0|108|1|103|
13|243|240|0|108|1|103|
13|242|240|0|107|1|102|
13|242|224|0|107|1|103|
13|242|256|0|107|1|103|
13|243|240|0|108|1|103|
13|243|240|0|108|1|103|
13|243|240|0|108|1|103|
13|242|240|0|107|1|103|
13|242|240|0|107|1|102|
13|243|240|0|108|1|103|
13|243|240|0|108|1|103|
13|244|240|0|108|1|103|
13|243|240|0|108|1|103|
13|243|240|0|108|1|103|
13|242|240|0|107|1|102|
13|242|240|0|107|1|103|
13|243|240|0|108|1|103|
13|333|336|0|138|1|103|
13|245|240|0|108|1|103|
13|245|240|0|108|1|102|
13|250|240|0|110|1|103|
13|245|256|0|108|1|103|
13|245|256|0|108|1|103|
13|245|240|0|108|1|103|
13|247|256|0|109|1|103|
13|244|240|0|108|1|103|
13|243|240|0|108|1|103|
13|243|240|0|108|1|103|
13|244|240|0|108|1|103|
13|242|240|0|107|1|102|
13|243|256|0|108|1|103|
13|242|240|0|107|1|102|
13|243|256|0|108|1|103|
13|244|240|0|108|1|103|
13|243|240|0|108|1|102|
13|243|240|0|108|1|103|
13|245|224|0|108|1|103|
13|243|240|0|108|1|103|
13|245|240|0|108|1|103|
13|245|240|0|108|1|103|
13|245|256|0|108|1|103|
13|243|240|0|108|1|103|
13|242|240|0|107|1|102|
13|242|240|0|107|1|103|
13|242|256|0|107|1|102|
13|244|224|0|108|1|103|
13|245|256|0|108|1|103|
13|243|240|0|108|1|103|
13|245|240|0|108|1|103|
13|248|256|0|109|1|103|
13|247|256|0|109|1|103|
13|243|240|0|108|1|103|
13|245|256|0|108|1|102|
13|242|224|0|107|1|102|
13|245|240|0|108|1|103|
13|246|240|0|109|1|103|
13|243|224|0|108|1|103|
13|245|240|0|108|1|103|
13|243|256|0|108|1|103|
13|242|224|0|107|1|102|
13|246|240|0|109|1|103|
13|246|240|0|109|1|103|
13|245|240|0|108|1|103|
13|246|224|0|109|1|103|
13|246|240|0|109|1|103|
13|243|240|0|108|1|103|
13|245|240|0|108|1|103|
13|243|256|0|108|1|103|
13|245|240|0|108|1|103|
13|244|240|0|108|1|103|
13|243|240|0|108|1|102|
13|243|240|0|108|1|103|
13|251|256|0|110|1|103|
13|243|240|0|108|1|102|
13|246|240|0|109|1|103|
13|243|240|0|108|1|103|
13|243|240|0|108|1|103|
13|243|240|0|108|1|103|
13|242|240|0|107|1|103|
13|241|224|0|107|1|103|
13|243|240|0|108|1|103|
13|249|256|0|211|1|50|
13|264|224|0|115|1|103|
13|262|208|0|114|1|103|
13|299|288|0|368|1|45|
13|259|240|0|113|1|103|
13|243|240|0|108|1|102|
13|243|256|0|108|1|102|
13|243|256|0|108|1|103|
13|246|240|0|109|1|103|
13|243|256|0|108|1|103|
13|243|224|0|108|1|102|
13|244|240|0|108|1|103|
13|243|240|0|108|1|103|
13|245|240|0|108|1|103|
13|246|256|0|109|1|103|
13|242|256|0|107|1|103|
13|245|256|0|108|1|103|
13|244|256|0|108|1|103|
13|245|240|0|108|1|103|
13|244|240|0|108|1|103|
13|244|240|0|108|1|103|
13|244|240|0|108|1|103|
13|245|256|0|108|1|103|
13|245|240|0|108|1|103|
13|250|240|0|109|1|103|
13|243|256|0|108|1|103|
13|243|240|0|108|1|103|
13|243|240|0|108|1|103|
13|243|224|0|108|1|102|
13|242|240|0|107|1|103|
13|242|224|0|107|1|102|
13|246|240|0|109|1|103|
13|242|256|0|107|1|102|
13|245|256|0|108|1|103|
13|243|240|0|108|1|103|
13|243|240|0|108|1|103|
13|245|240|0|108|1|103|
13|242|240|0|107|1|102|
13|243|240|0|108|1|103|
13|247|240|0|109|1|103|
13|243|240|0|108|1|103|
13|242|240|0|107|1|102|
13|365|368|0|148|1|103|
13|388|400|0|156|1|103|
13|243|240|0|108|1|103|
13|242|256|0|107|1|103|
13|242|240|0|107|1|102|
13|242|240|0|107|1|102|
13|245|240|0|108|1|103|
13|246|240|0|109|1|103|
13|246|240|0|109|1|103|
13|246|256|0|109|1|103|
13|243|240|0|108|1|103|
13|245|240|0|108|1|103|
13|242|240|0|107|1|103|
13|243|256|0|108|1|103|
13|243|256|0|108|1|103|
13|243|240|0|108|1|103|
13|242|256|0|107|1|103|
13|246|240|0|108|1|103|
13|247|240|0|109|1|103|
13|243|240|0|108|1|103|
13|243|256|0|108|1|103|
13|243|240|0|108|1|103|
13|243|240|0|108|1|103|
13|243|240|0|108|1|103|
13|243|240|0|108|1|103|
13|245|256|0|108|1|103|
13|245|240|0|108|1|102|
13|243|256|0|108|1|103|
13|242|240|0|107|1|102|
13|243|240|0|108|1|103|
13|243|240|0|108|1|103|
