INSTRUCTIONS_RETIRED|CYCLES|UNKNOWN|LD_BLOCKS.STORE_FORWARD|UOPS_EXECUTED.CORE|BR_MISP_RETIRED.ALL_BRANCHES|UOPS_ISSUED.SLOW_LEA|
13|280|208|0|119|1|116|
13|279|208|0|119|1|116|
13|258|240|0|112|1|108|
13|250|240|0|109|1|104|
13|250|256|0|109|1|104|
13|249|256|0|109|1|106|
13|266|272|0|114|1|84|
13|248|240|0|108|1|104|
13|248|240|0|108|1|104|
13|250|240|0|109|1|104|
13|248|240|0|108|1|104|
13|301|304|0|142|1|66|
13|301|192|0|126|1|124|
13|269|208|0|115|1|112|
13|586|448|0|170|1|116|
13|273|224|0|117|1|112|
13|259|224|0|112|1|108|
13|245|256|0|107|1|104|
13|248|224|0|108|1|104|
13|248|240|0|108|1|104|
13|249|240|0|109|1|106|
13|249|256|0|109|1|106|
13|249|256|0|109|1|106|
13|247|256|0|108|1|104|
13|249|240|0|109|1|106|
13|246|256|0|108|1|104|
13|248|256|0|108|1|104|
13|249|256|0|109|1|104|
13|249|256|0|109|1|106|
13|249|240|0|109|1|106|
13|248|240|0|108|1|104|
13|246|256|0|107|1|104|
13|250|240|0|109|1|104|
13|245|240|0|107|1|102|
13|248|240|0|108|1|104|
13|246|240|0|108|1|104|
13|246|240|0|108|1|102|
13|248|240|0|108|1|104|
13|246|240|0|108|1|104|
13|246|256|0|108|1|104|
13|245|240|0|107|1|104|
13|245|240|0|107|1|102|
13|315|304|0|131|1|126|
13|246|240|0|108|1|104|
13|246|256|0|108|1|104|
13|246|224|0|108|1|104|
13|246|240|0|108|1|104|
13|245|256|0|107|1|102|
13|246|256|0|108|1|104|
13|248|256|0|108|1|104|
13|248|240|0|108|1|104|
13|247|240|0|108|1|106|
13|246|240|0|108|1|104|
13|250|256|0|109|1|104|
13|246|256|0|108|1|104|
13|250|240|0|109|1|104|
13|246|240|0|108|1|104|
13|248|240|0|108|1|104|
13|246|240|0|108|1|104|
13|410|400|0|162|1|128|
13|246|256|0|108|1|104|
13|246|240|0|108|1|104|
13|249|240|0|108|1|104|
13|249|256|0|109|1|106|
13|251|256|0|109|1|106|
13|246|240|0|108|1|104|
13|247|256|0|108|1|104|
13|246|256|0|108|1|104|
13|248|240|0|108|1|104|
13|250|256|0|109|1|104|
13|250|256|0|109|1|106|
13|248|240|0|108|1|104|
13|246|256|0|108|1|104|
13|248|256|0|108|1|104|
13|245|240|0|107|1|102|
13|245|240|0|107|1|104|
13|246|256|0|108|1|104|
13|246|240|0|108|1|104|
13|249|256|0|109|1|106|
13|251|256|0|109|1|104|
13|249|240|0|109|1|106|
13|248|256|0|108|1|104|
13|248|240|0|108|1|104|
13|248|256|0|108|1|104|
13|249|256|0|109|1|106|
13|250|240|0|109|1|104|
13|249|240|0|109|1|106|
13|246|256|0|108|1|104|
13|248|256|0|108|1|102|
13|262|208|0|113|1|108|
13|259|224|0|112|1|106|
13|260|224|0|112|1|108|
13|251|224|0|109|1|104|
13|246|256|0|108|1|104|
13|246|240|0|108|1|104|
13|246|256|0|108|1|104|
13|246|256|0|108|1|104|
13|246|256|0|108|1|104|
13|249|256|0|109|1|104|
13|248|256|0|108|1|104|
13|254|256|0|110|1|104|
13|339|288|0|128|1|72|
13|313|240|0|127|1|124|
13|277|208|0|118|1|114|
13|271|224|0|116|1|112|
13|271|224|0|116|1|114|
13|258|224|0|112|1|108|
13|248|256|0|108|1|104|
13|246|240|0|108|1|104|
13|249|240|0|109|1|106|
13|246|240|0|108|1|104|
13|246|240|0|108|1|104|
13|247|256|0|108|1|106|
13|246|240|0|108|1|104|
13|249|256|0|109|1|106|
13|249|256|0|108|1|104|
13|249|256|0|109|1|104|
13|246|240|0|108|1|104|
13|246|256|0|108|1|104|
13|246|256|0|108|1|104|
13|246|256|0|108|1|102|
13|246|240|0|108|1|104|
13|246|240|0|108|1|104|
13|248|240|0|108|1|104|
13|247|240|0|108|1|104|
13|250|256|0|109|1|106|
13|246|240|0|108|1|104|
13|249|256|0|109|1|106|
13|249|240|0|109|1|104|
13|248|224|0|108|1|104|
13|248|256|0|108|1|104|
13|246|240|0|108|1|104|
13|245|240|0|107|1|102|
13|248|240|0|108|1|104|
13|245|240|0|107|1|102|
13|245|256|0|107|1|102|
13|245|240|0|107|1|102|
13|248|256|0|108|1|102|
13|251|240|0|109|1|104|
13|248|240|0|108|1|104|
13|246|256|0|108|1|104|
13|246|256|0|108|1|104|
13|245|240|0|107|1|104|
13|245|240|0|107|1|102|
13|246|256|0|108|1|104|
13|245|256|0|107|1|102|
13|246|256|0|108|1|102|
13|246|240|0|108|1|102|
13|248|240|0|108|1|104|
13|246|256|0|108|1|104|
13|245|256|0|107|1|102|
13|247|256|0|108|1|104|
13|246|256|0|108|1|104|
13|248|256|0|108|1|104|
13|246|256|0|108|1|104|
13|246|240|0|108|1|104|
13|246|256|0|108|1|102|
13|247|240|0|108|1|106|
13|246|256|0|108|1|104|
13|246|256|0|108|1|104|
13|246|240|0|108|1|102|
13|246|240|0|107|1|104|
13|247|256|0|108|1|106|
13|246|240|0|108|1|104|
13|246|240|0|108|1|104|
13|249|256|0|109|1|104|
13|246|240|0|108|1|104|
13|245|256|0|107|1|102|
13|264|272|0|114|1|108|
13|248|240|0|108|1|104|
13|249|256|0|109|1|104|
13|246|240|0|108|1|104|
13|248|240|0|108|1|104|
13|246|240|0|108|1|104|
13|245|240|0|107|1|104|
13|246|240|0|108|1|104|
13|250|240|0|109|1|104|
13|246|240|0|108|1|104|
13|260|256|0|221|0|1|
13|246|240|0|108|1|104|
13|248|256|0|108|1|104|
13|249|240|0|109|1|106|
13|248|256|0|108|1|102|
13|250|240|0|109|1|104|
13|246|256|0|108|1|104|
13|249|240|0|109|1|106|
13|246|256|0|108|1|104|
13|250|256|0|109|1|104|
13|249|256|0|109|1|106|
13|246|240|0|108|1|104|
13|248|240|0|108|1|104|
13|249|256|0|108|1|104|
13|250|256|0|109|1|106|
13|248|256|0|108|1|104|
13|248|240|0|108|1|104|
13|248|256|0|108|1|102|
13|246|240|0|107|1|102|
13|248|256|0|108|1|104|
13|246|240|0|108|1|104|
13|248|240|0|108|1|104|
13|251|240|0|109|1|106|
13|245|240|0|107|1|102|
13|248|256|0|108|1|104|
13|245|256|0|107|1|102|
13|248|256|0|108|1|104|
13|250|256|0|109|1|106|
13|251|240|0|109|1|106|
13|246|240|0|108|1|104|
13|246|240|0|108|1|104|
13|244|256|0|107|1|102|
13|635|496|0|227|1|78|
13|270|208|0|116|1|112|
13|248|256|0|108|1|104|
13|248|240|0|108|1|104|
13|248|240|0|108|1|104|
13|248|256|0|108|1|104|
13|246|240|0|108|1|104|
13|246|256|0|108|1|104|
13|245|240|0|107|1|104|
13|245|240|0|107|1|104|
13|248|256|0|108|1|104|
13|246|256|0|108|1|104|
13|249|240|0|109|1|104|
13|245|256|0|107|1|102|
13|249|256|0|109|1|106|
13|246|256|0|108|1|104|
13|248|256|0|108|1|104|
13|246|256|0|108|1|104|
13|246|256|0|108|1|104|
13|246|256|0|108|1|104|
13|246|240|0|108|1|104|
13|246|240|0|108|1|104|
13|247|240|0|108|1|106|
13|249|240|0|109|1|106|
13|245|256|0|107|1|102|
13|246|240|0|108|1|104|
13|248|256|0|108|1|106|
13|246|240|0|108|1|104|
13|246|256|0|108|1|104|
13|249|256|0|109|1|106|
13|247|224|0|108|1|104|
13|246|240|0|108|1|104|
13|246|240|0|108|1|104|
13|245|256|0|107|1|102|
13|246|240|0|108|1|104|
13|246|240|0|108|1|104|
13|246|256|0|108|1|104|
13|246|240|0|108|1|104|
13|245|256|0|107|1|102|
13|248|240|0|108|1|104|
13|246|256|0|108|1|104|
13|249|240|0|109|1|106|
13|246|240|0|108|1|104|
13|246|240|0|108|1|104|
13|249|256|0|109|1|104|
13|268|272|0|232|1|48|
13|259|240|0|112|1|106|
13|251|240|0|109|1|104|
13|253|240|0|110|1|104|
13|245|256|0|107|1|104|
13|248|240|0|108|1|104|
13|246|240|0|108|1|104|
13|246|240|0|108|1|104|
13|247|240|0|108|1|102|
13|246|240|0|108|1|104|
13|246|240|0|108|1|104|
13|246|256|0|108|1|104|
13|249|256|0|108|1|104|
13|245|256|0|107|1|104|
13|249|256|0|109|1|106|
13|246|256|0|108|1|104|
13|245|240|0|107|1|104|
13|250|240|0|109|1|104|
13|246|256|0|108|1|104|
13|246|240|0|108|1|104|
13|246|256|0|108|1|104|
13|247|240|0|108|1|106|
13|249|240|0|109|1|104|
13|248|240|0|108|1|104|
13|245|240|0|107|1|102|
13|248|240|0|108|1|104|
13|246|240|0|108|1|104|
13|249|256|0|109|1|106|
13|250|256|0|109|1|104|
13|248|240|0|108|1|104|
13|248|240|0|108|1|102|
13|245|256|0|107|1|104|
13|248|240|0|108|1|104|
13|245|256|0|107|1|102|
13|246|240|0|108|1|104|
13|248|256|0|108|1|104|
13|249|240|0|109|1|104|
13|247|240|0|108|1|106|
13|247|240|0|108|1|106|
13|245|240|0|107|1|104|
13|245|256|0|107|1|104|
13|247|256|0|108|1|106|
13|246|240|0|108|1|104|
13|248|240|0|108|1|104|
13|246|240|0|108|1|104|
13|246|240|0|108|1|104|
13|246|256|0|108|1|104|
13|245|256|0|107|1|102|
13|286|288|0|121|1|116|
13|245|240|0|107|1|102|
13|246|240|0|108|1|104|
13|246|240|0|108|1|104|
13|246|240|0|108|1|104|
13|275|272|0|109|1|106|
13|246|256|0|108|1|104|
13|246|240|0|108|1|104|
13|249|256|0|109|1|104|
13|248|256|0|108|1|104|
13|248|256|0|108|1|104|
13|245|240|0|107|1|102|
13|246|240|0|108|1|104|
13|247|240|0|108|1|104|
13|305|304|0|127|1|122|
13|248|256|0|108|1|104|
13|246|256|0|108|1|104|
13|248|256|0|108|1|104|
13|248|256|0|108|1|104|
13|246|240|0|108|1|104|
13|247|240|0|108|1|106|
13|249|240|0|109|1|106|
13|246|240|0|108|1|104|
13|247|256|0|108|1|104|
13|246|256|0|108|1|104|
13|246|256|0|108|1|104|
13|249|240|0|108|1|104|
13|251|256|0|109|1|104|
13|251|240|0|109|1|106|
13|245|240|0|107|1|102|
13|246|240|0|108|1|102|
13|245|240|0|107|1|104|
13|249|240|0|109|1|106|
13|248|240|0|108|1|104|
13|246|256|0|108|1|104|
13|247|240|0|108|1|104|
13|247|240|0|108|1|104|
13|246|256|0|108|1|104|
13|248|240|0|108|1|104|
13|245|240|0|107|1|102|
13|246|256|0|108|1|104|
13|246|240|0|108|1|104|
13|246|240|0|108|1|104|
13|246|256|0|108|1|104|
13|245|256|0|107|1|104|
13|246|224|0|108|1|104|
13|246|240|0|108|1|104|
13|245|256|0|107|1|102|
13|245|240|0|107|1|102|
13|245|256|0|107|1|104|
13|246|240|0|108|1|104|
13|246|240|0|108|1|104|
13|246|240|0|108|1|104|
13|247|256|0|108|1|104|
13|247|240|0|108|1|106|
13|247|256|0|108|1|106|
13|246|240|0|108|1|104|
13|246|240|0|108|1|102|
13|247|256|0|108|1|104|
13|247|256|0|108|1|106|
13|248|256|0|108|1|104|
13|248|256|0|108|1|104|
13|246|240|0|108|1|104|
13|249|256|0|109|1|106|
13|246|240|0|108|1|104|
13|246|240|0|108|1|104|
13|249|240|0|109|1|104|
13|251|256|0|109|1|104|
13|247|240|0|108|1|106|
13|248|240|0|108|1|104|
13|248|256|0|108|1|104|
13|246|240|0|108|1|102|
13|245|256|0|107|1|102|
13|245|240|0|107|1|102|
13|246|256|0|108|1|104|
13|252|240|0|109|1|104|
13|246|240|0|108|1|104|
13|248|256|0|108|1|104|
13|248|256|0|108|1|104|
13|247|240|0|108|1|102|
13|249|224|0|109|1|104|
13|245|240|0|107|1|102|
13|248|256|0|108|1|104|
13|245|240|0|107|1|104|
13|268|272|0|111|1|108|
13|246|256|0|108|1|104|
13|246|240|0|108|1|104|
13|246|240|0|108|1|104|
13|248|256|0|108|1|104|
13|246|240|0|108|1|102|
13|246|256|0|108|1|104|
13|246|240|0|108|1|104|
13|248|256|0|108|1|104|
13|245|256|0|107|1|104|
13|248|256|0|108|1|104|
13|245|256|0|107|1|102|
13|246|256|0|108|1|104|
13|246|256|0|108|1|104|
13|245|240|0|107|1|102|
13|249|256|0|109|1|106|
13|245|240|0|107|1|104|
13|245|240|0|107|1|104|
13|248|256|0|108|1|104|
13|246|256|0|108|1|104|
13|249|256|0|109|1|106|
13|245|256|0|107|1|104|
13|246|256|0|108|1|104|
13|246|256|0|108|1|104|
13|248|256|0|108|1|104|
13|248|256|0|108|1|104|
13|245|240|0|107|1|104|
13|250|256|0|109|1|104|
13|246|256|0|108|1|104|
13|250|240|0|109|1|104|
13|246|256|0|108|1|104|
13|246|256|0|108|1|104|
13|246|240|0|108|1|104|
13|247|256|0|108|1|106|
13|245|240|0|107|1|104|
13|246|256|0|108|1|104|
13|248|256|0|108|1|104|
13|250|256|0|109|1|104|
13|247|256|0|108|1|104|
13|245|240|0|107|1|104|
13|246|240|0|108|1|104|
13|246|240|0|108|1|104|
13|245|256|0|107|1|104|
13|246|240|0|108|1|104|
13|245|240|0|107|1|102|
13|249|256|0|109|1|106|
13|258|256|0|112|1|108|
13|249|240|0|109|1|104|
13|248|256|0|108|1|104|
13|250|240|0|109|1|104|
13|246|240|0|108|1|104|
13|246|256|0|108|1|104|
13|248|256|0|108|1|102|
13|246|256|0|108|1|104|
13|246|240|0|108|1|104|
13|245|240|0|107|1|104|
13|248|256|0|108|1|104|
13|278|272|0|428|1|34|
13|285|256|0|486|1|40|
13|299|224|0|282|1|51|
13|274|208|0|117|1|114|
13|275|208|0|117|1|112|
13|264|208|0|114|1|108|
13|262|208|0|113|1|108|
13|246|240|0|108|1|104|
13|250|240|0|109|1|104|
13|247|256|0|108|1|104|
13|249|240|0|109|1|104|
13|246|240|0|108|1|104|
13|246|240|0|108|1|104|
13|330|336|0|136|1|128|
13|246|240|0|108|1|104|
13|245|240|0|107|1|102|
13|248|240|0|108|1|104|
13|245|256|0|107|1|102|
13|247|224|0|108|1|104|
13|246|256|0|108|1|104|
13|245|240|0|107|1|102|
13|246|240|0|108|1|104|
13|338|336|0|138|1|132|
13|246|240|0|108|1|104|
13|246|256|0|108|1|104|
13|250|240|0|109|1|104|
13|247|256|0|108|1|104|
13|246|256|0|108|1|104|
13|246|256|0|108|1|104|
13|246|240|0|108|1|104|
13|246|240|0|108|1|104|
13|247|240|0|108|1|104|
13|246|240|0|108|1|104|
13|246|240|0|108|1|104|
13|248|256|0|108|1|104|
13|249|240|0|109|1|104|
13|246|240|0|108|1|104|
13|246|256|0|108|1|104|
13|247|256|0|108|1|106|
13|249|256|0|109|1|104|
13|245|256|0|107|1|102|
13|246|240|0|108|1|104|
13|249|256|0|109|1|106|
13|246|240|0|108|1|102|
13|247|240|0|108|1|102|
13|246|256|0|108|1|104|
13|246|240|0|108|1|104|
13|245|256|0|107|1|102|
13|247|256|0|108|1|104|
13|246|240|0|108|1|104|
13|246|240|0|108|1|104|
13|249|240|0|109|1|106|
13|251|256|0|109|1|106|
13|248|256|0|108|1|104|
13|248|240|0|108|1|104|
13|442|432|0|173|1|128|
13|248|240|0|108|1|102|
13|245|240|0|107|1|102|
13|245|240|0|107|1|102|
13|248|256|0|108|1|104|
13|248|256|0|108|1|104|
13|247|240|0|108|1|102|
13|247|256|0|108|1|106|
13|246|240|0|108|1|104|
13|248|256|0|108|1|104|
13|247|240|0|108|1|104|
13|246|256|0|108|1|104|
13|246|240|0|108|1|104|
13|245|240|0|107|1|102|
13|249|240|0|109|1|104|
13|245|256|0|107|1|104|
13|246|240|0|108|1|104|
13|246|240|0|108|1|104|
13|247|256|0|108|1|104|
13|247|256|0|108|1|102|
13|245|256|0|107|1|102|
13|247|240|0|108|1|106|
13|246|240|0|108|1|104|
13|247|256|0|108|1|104|
13|246|256|0|108|1|104|
13|245|240|0|107|1|102|
13|249|256|0|109|1|104|
13|246|240|0|107|1|104|
13|250|256|0|109|1|104|
13|248|240|0|108|1|104|
13|246|240|0|108|1|104|
13|247|240|0|108|1|104|
13|247|256|0|108|1|106|
13|248|224|0|108|1|104|
13|248|240|0|108|1|104|
13|249|256|0|109|1|104|
13|250|240|0|109|1|104|
13|248|240|0|108|1|104|
13|246|240|0|108|1|104|
13|248|240|0|108|1|104|
13|248|240|0|108|1|104|
13|250|256|0|109|1|104|
13|248|240|0|108|1|104|
13|249|256|0|109|1|106|
13|248|256|0|108|1|102|
13|246|240|0|107|1|102|
13|248|256|0|108|1|104|
13|246|240|0|108|1|104|
13|245|224|0|107|1|104|
13|249|240|0|109|1|104|
13|248|256|0|108|1|104|
13|245|256|0|107|1|102|
13|250|256|0|109|1|104|
13|246|256|0|107|1|102|
13|246|240|0|108|1|104|
13|246|256|0|108|1|104|
13|245|240|0|107|1|102|
13|248|240|0|108|1|104|
13|246|256|0|108|1|104|
13|246|256|0|108|1|104|
13|246|240|0|108|1|104|
13|248|256|0|108|1|106|
13|247|240|0|108|1|104|
13|245|256|0|107|1|102|
13|246|240|0|108|1|104|
13|246|240|0|108|1|104|
13|247|240|0|108|1|106|
13|246|240|0|108|1|104|
13|246|256|0|108|1|104|
13|249|240|0|109|1|106|
13|246|240|0|108|1|104|
13|249|240|0|109|1|106|
13|246|240|0|108|1|104|
13|246|256|0|108|1|104|
13|246|240|0|108|1|104|
13|247|240|0|108|1|104|
13|245|240|0|107|1|102|
13|245|240|0|107|1|102|
13|249|256|0|109|1|104|
13|245|240|0|107|1|104|
13|246|240|0|108|1|104|
13|246|256|0|108|1|104|
13|245|240|0|107|1|104|
13|249|256|0|108|1|104|
13|248|240|0|108|1|104|
13|250|256|0|109|1|104|
13|246|240|0|108|1|104|
13|249|256|0|109|1|104|
13|251|240|0|109|1|106|
13|245|240|0|107|1|102|
13|249|240|0|109|1|106|
13|248|240|0|108|1|104|
13|250|240|0|109|1|104|
13|246|240|0|108|1|104|
13|249|256|0|109|1|106|
13|249|240|0|109|1|106|
13|251|256|0|109|1|104|
13|245|240|0|107|1|102|
13|250|240|0|109|1|104|
13|248|240|0|108|1|104|
13|247|240|0|108|1|104|
13|246|240|0|108|1|104|
13|248|256|0|108|1|104|
13|249|240|0|109|1|106|
13|246|240|0|108|1|104|
13|246|256|0|108|1|104|
13|246|256|0|108|1|104|
13|249|256|0|109|1|106|
13|247|224|0|108|1|104|
13|246|256|0|108|1|104|
13|246|224|0|108|1|104|
13|246|240|0|108|1|104|
13|247|256|0|108|1|104|
13|245|256|0|107|1|104|
13|246|240|0|108|1|104|
13|246|240|0|108|1|104|
13|246|240|0|108|1|104|
13|245|240|0|107|1|104|
13|245|240|0|107|1|102|
13|246|256|0|108|1|104|
13|246|240|0|108|1|104|
13|249|240|0|109|1|104|
13|250|256|0|109|1|104|
13|248|256|0|108|1|104|
13|245|240|0|107|1|102|
13|245|240|0|107|1|102|
13|246|256|0|108|1|102|
13|246|224|0|108|1|104|
13|320|320|0|132|1|128|
13|250|256|0|109|1|104|
13|246|240|0|108|1|102|
13|270|208|0|116|1|114|
13|264|240|0|114|1|108|
13|264|224|0|114|1|108|
13|246|256|0|108|1|104|
13|250|240|0|109|1|104|
13|246|240|0|108|1|102|
13|246|240|0|108|1|104|
13|245|256|0|107|1|102|
13|246|240|0|108|1|104|
13|245|240|0|107|1|102|
13|245|240|0|107|1|104|
13|250|240|0|109|1|104|
13|249|256|0|109|1|106|
13|248|256|0|108|1|104|
13|250|256|0|109|1|104|
13|250|256|0|109|1|104|
13|246|240|0|108|1|104|
13|246|240|0|108|1|104|
13|247|240|0|108|1|106|
13|271|272|0|112|1|108|
13|248|256|0|108|1|104|
13|247|256|0|108|1|106|
13|246|256|0|108|1|104|
13|250|240|0|109|1|106|
13|246|240|0|108|1|104|
13|248|240|0|108|1|104|
13|246|240|0|108|1|104|
13|245|256|0|107|1|104|
13|244|256|0|107|1|104|
13|246|240|0|108|1|104|
13|247|256|0|108|1|106|
13|246|256|0|108|1|104|
13|248|256|0|108|1|104|
13|245|256|0|107|1|104|
13|246|256|0|108|1|104|
13|246|240|0|108|1|104|
13|249|240|0|109|1|106|
13|246|240|0|108|1|104|
13|251|256|0|109|1|106|
13|248|256|0|108|1|104|
13|249|240|0|109|1|106|
13|249|240|0|109|1|106|
13|249|240|0|109|1|104|
13|248|256|0|108|1|104|
13|248|256|0|108|1|104|
13|251|256|0|109|1|104|
13|246|256|0|108|1|102|
13|246|256|0|108|1|104|
13|245|240|0|107|1|102|
13|289|208|0|119|1|116|
13|321|272|0|307|1|35|
13|305|272|0|148|1|59|
13|263|240|0|113|1|110|
13|263|208|0|113|1|108|
13|250|240|0|109|1|104|
13|244|240|0|107|1|104|
13|245|256|0|107|1|104|
13|245|256|0|107|1|104|
13|244|240|0|107|1|102|
13|247|256|0|108|1|104|
13|246|240|0|108|1|104|
13|246|240|0|108|1|104|
13|246|240|0|108|1|104|
13|246|256|0|108|1|102|
13|246|256|0|108|1|104|
13|252|240|0|110|1|104|
13|252|240|0|110|1|104|
13|246|240|0|108|1|104|
13|246|256|0|108|1|102|
13|245|240|0|107|1|102|
13|246|256|0|108|1|104|
13|246|240|0|108|1|104|
13|245|240|0|107|1|104|
13|245|240|0|107|1|102|
13|245|240|0|107|1|102|
13|246|240|0|108|1|104|
13|247|240|0|108|1|106|
13|249|240|0|109|1|106|
13|248|240|0|108|1|104|
13|248|240|0|108|1|104|
13|246|240|0|108|1|104|
13|246|240|0|108|1|104|
13|246|240|0|108|1|104|
13|248|256|0|108|1|104|
13|246|240|0|108|1|104|
13|249|256|0|109|1|104|
13|248|240|0|108|1|104|
13|248|240|0|108|1|104|
13|248|240|0|108|1|104|
13|246|240|0|108|1|104|
13|248|256|0|108|1|104|
13|246|224|0|108|1|104|
13|249|256|0|109|1|104|
13|247|256|0|108|1|106|
13|245|224|0|107|1|104|
13|246|240|0|108|1|104|
13|246|240|0|108|1|104|
13|246|256|0|108|1|104|
13|245|256|0|107|1|104|
13|246|240|0|108|1|104|
13|245|240|0|107|1|102|
13|246|240|0|108|1|104|
13|245|240|0|107|1|102|
13|246|256|0|108|1|104|
13|248|240|0|108|1|104|
13|245|240|0|107|1|104|
13|247|240|0|108|1|106|
13|245|240|0|107|1|102|
13|250|240|0|109|1|104|
13|246|240|0|108|1|104|
13|246|256|0|108|1|104|
13|261|208|0|113|1|110|
13|249|240|0|109|1|104|
13|250|240|0|109|1|104|
13|247|240|0|108|1|102|
13|245|256|0|107|1|104|
13|246|256|0|108|1|104|
13|245|240|0|107|1|102|
13|245|240|0|107|1|102|
13|250|256|0|109|1|104|
13|249|256|0|109|1|106|
13|248|240|0|108|1|104|
13|248|240|0|108|1|104|
13|248|240|0|108|1|104|
13|244|256|0|107|1|104|
13|265|224|0|114|1|110|
13|284|224|0|121|1|116|
13|255|208|0|111|1|108|
13|248|256|0|108|1|104|
13|245|240|0|107|1|102|
13|249|256|0|109|1|106|
13|246|224|0|108|1|104|
13|247|240|0|108|1|104|
13|246|256|0|108|1|104|
13|253|256|0|110|1|106|
13|247|240|0|108|1|106|
13|250|240|0|109|1|104|
13|245|256|0|107|1|102|
13|246|256|0|108|1|104|
13|247|240|0|108|1|106|
13|247|240|0|108|1|104|
13|248|256|0|108|1|104|
13|246|256|0|108|1|104|
13|248|240|0|108|1|104|
13|249|240|0|109|1|106|
13|251|240|0|109|1|104|
13|248|240|0|108|1|104|
13|248|256|0|108|1|104|
13|248|256|0|108|1|104|
13|246|240|0|108|1|104|
13|249|256|0|109|1|104|
13|246|240|0|108|1|104|
13|249|240|0|109|1|106|
13|245|240|0|107|1|104|
13|257|256|0|108|1|104|
13|246|240|0|108|1|104|
13|245|240|0|107|1|102|
13|278|288|0|406|1|36|
13|245|256|0|107|1|104|
13|246|240|0|108|1|104|
13|247|240|0|108|1|106|
13|246|256|0|108|1|104|
13|245|240|0|107|1|102|
13|248|256|0|108|1|102|
13|245|240|0|107|1|102|
13|246|240|0|108|1|104|
13|248|240|0|108|1|104|
13|245|240|0|107|1|102|
13|250|256|0|109|1|104|
13|248|240|0|108|1|104|
13|246|256|0|108|1|104|
13|249|240|0|109|1|104|
13|246|240|0|108|1|102|
13|249|256|0|109|1|106|
13|245|240|0|107|1|102|
13|246|256|0|108|1|104|
13|249|240|0|109|1|104|
13|246|240|0|108|1|104|
13|246|240|0|108|1|104|
13|246|256|0|108|1|104|
13|246|240|0|108|1|104|
13|245|256|0|107|1|104|
13|249|240|0|109|1|106|
13|246|240|0|108|1|104|
13|246|224|0|108|1|102|
13|248|240|0|108|1|104|
13|246|256|0|108|1|104|
13|246|256|0|108|1|104|
13|246|240|0|108|1|104|
13|246|256|0|108|1|104|
13|246|240|0|108|1|104|
13|245|256|0|107|1|102|
13|245|256|0|107|1|102|
13|247|256|0|108|1|104|
13|246|240|0|108|1|104|
13|246|256|0|108|1|104|
13|246|240|0|108|1|104|
13|246|240|0|108|1|104|
13|246|224|0|108|1|102|
13|248|256|0|108|1|104|
13|286|288|0|121|1|116|
13|247|240|0|108|1|106|
13|245|256|0|107|1|104|
13|247|256|0|108|1|104|
13|248|256|0|108|1|104|
13|246|256|0|108|1|104|
13|246|256|0|108|1|104|
13|246|240|0|108|1|104|
13|246|256|0|108|1|104|
13|246|240|0|108|1|104|
13|245|240|0|107|1|102|
13|248|240|0|108|1|102|
13|246|240|0|108|1|104|
13|246|240|0|108|1|104|
13|246|240|0|108|1|104|
13|245|256|0|107|1|104|
13|246|256|0|108|1|104|
13|248|256|0|108|1|104|
13|246|256|0|108|1|104|
13|249|240|0|109|1|106|
13|248|256|0|108|1|104|
13|246|240|0|108|1|104|
13|245|256|0|107|1|102|
13|246|240|0|107|1|104|
13|248|256|0|108|1|104|
13|246|256|0|108|1|104|
13|245|240|0|107|1|102|
13|251|240|0|109|1|104|
13|245|240|0|108|1|104|
13|246|240|0|108|1|104|
13|245|240|0|107|1|102|
13|246|256|0|108|1|104|
13|246|240|0|107|1|104|
13|246|240|0|108|1|104|
13|245|240|0|107|1|102|
13|245|240|0|107|1|102|
13|246|256|0|108|1|102|
13|246|240|0|108|1|104|
13|247|240|0|108|1|106|
13|246|240|0|108|1|104|
13|249|256|0|109|1|104|
13|247|256|0|108|1|104|
13|246|256|0|108|1|104|
13|248|240|0|108|1|104|
13|247|240|0|108|1|106|
13|245|240|0|107|1|104|
13|246|256|0|108|1|102|
13|246|240|0|108|1|104|
13|246|240|0|108|1|104|
13|249|240|0|109|1|104|
13|251|240|0|109|1|104|
13|246|256|0|108|1|104|
13|248|240|0|108|1|104|
13|246|256|0|108|1|104|
13|250|256|0|109|1|104|
13|246|240|0|108|1|104|
13|245|256|0|107|1|102|
13|348|336|0|142|1|132|
13|245|240|0|107|1|104|
13|246|240|0|108|1|104|
13|248|256|0|108|1|104|
13|246|240|0|108|1|104|
13|245|240|0|107|1|102|
13|251|256|0|109|1|104|
13|245|256|0|107|1|102|
13|250|256|0|109|1|104|
13|250|256|0|109|1|104|
13|247|240|0|108|1|104|
13|249|256|0|109|1|104|
13|249|240|0|109|1|106|
13|246|240|0|108|1|104|
13|245|256|0|107|1|104|
13|245|240|0|107|1|104|
13|246|256|0|108|1|104|
13|246|240|0|108|1|104|
13|245|240|0|107|1|102|
13|250|256|0|109|1|104|
13|249|240|0|109|1|106|
13|246|256|0|108|1|104|
13|245|240|0|107|1|102|
13|245|240|0|107|1|104|
13|248|240|0|108|1|104|
13|246|240|0|108|1|104|
13|246|256|0|108|1|104|
13|248|256|0|108|1|104|
13|250|256|0|109|1|104|
13|250|256|0|109|1|106|
13|308|256|0|128|1|124|
13|276|208|0|118|1|116|
13|274|208|0|117|1|112|
13|360|256|0|174|1|70|
13|278|208|0|118|1|116|
13|273|208|0|117|1|112|
13|252|240|0|110|1|104|
13|244|240|0|107|1|104|
13|246|240|0|108|1|104|
13|246|256|0|108|1|104|
13|247|256|0|108|1|106|
13|246|256|0|108|1|104|
13|246|240|0|108|1|104|
13|245|240|0|107|1|102|
13|246|256|0|108|1|104|
13|245|256|0|107|1|102|
13|246|256|0|108|1|104|
13|246|240|0|107|1|102|
13|246|256|0|108|1|104|
13|249|256|0|109|1|106|
13|246|256|0|108|1|104|
13|247|256|0|108|1|104|
13|244|240|0|107|1|102|
13|308|240|0|128|1|122|
13|272|208|0|116|1|112|
13|272|208|0|116|1|112|
13|277|208|0|118|1|116|
13|274|208|0|117|1|112|
13|277|208|0|118|1|114|
13|277|208|0|118|1|114|
13|314|240|0|130|1|128|
13|280|192|0|119|1|114|
13|278|192|0|118|1|116|
13|246|240|0|108|1|102|
13|248|256|0|108|1|104|
13|245|240|0|107|1|104|
13|247|256|0|108|1|104|
13|247|240|0|108|1|106|
13|246|240|0|108|1|104|
13|248|256|0|108|1|104|
13|248|256|0|108|1|104|
13|245|240|0|107|1|102|
13|246|256|0|108|1|104|
13|248|256|0|108|1|104|
13|245|256|0|107|1|102|
13|246|256|0|108|1|104|
13|246|240|0|108|1|104|
13|247|256|0|108|1|106|
13|248|256|0|108|1|102|
13|245|256|0|107|1|102|
13|248|240|0|108|1|104|
13|245|256|0|107|1|102|
13|249|256|0|109|1|104|
13|251|240|0|109|1|106|
13|246|240|0|108|1|104|
13|245|240|0|107|1|102|
13|400|400|0|159|1|132|
13|246|240|0|108|1|102|
13|245|240|0|107|1|102|
13|246|240|0|108|1|104|
13|246|240|0|108|1|104|
13|245|240|0|107|1|104|
13|246|240|0|108|1|102|
13|246|256|0|108|1|104|
13|246|256|0|108|1|104|
13|370|368|0|149|1|128|
13|248|240|0|109|1|104|
13|245|256|0|107|1|102|
13|249|256|0|109|1|106|
13|249|240|0|109|1|106|
13|249|240|0|109|1|104|
13|248|256|0|108|1|104|
13|245|256|0|107|1|102|
13|246|240|0|108|1|104|
13|246|240|0|108|1|104|
13|246|256|0|108|1|102|
13|246|240|0|108|1|104|
13|248|256|0|108|1|104|
13|249|256|0|109|1|104|
13|245|240|0|108|1|104|
13|246|256|0|108|1|104|
13|248|256|0|108|1|104|
13|246|240|0|108|1|104|
