INSTRUCTIONS_RETIRED|CYCLES|UNKNOWN|LD_BLOCKS.STORE_FORWARD|UOPS_EXECUTED.CORE|BR_MISP_RETIRED.ALL_BRANCHES|UOPS_ISSUED.SLOW_LEA|
13|312|192|0|131|1|126|
13|259|240|0|113|1|108|
13|263|240|0|114|1|108|
13|255|240|0|112|1|108|
13|242|240|0|107|1|102|
13|242|256|0|107|1|102|
13|245|256|0|108|1|102|
13|242|240|0|107|1|102|
13|245|240|0|108|1|104|
13|243|240|0|108|1|104|
13|255|240|0|112|1|108|
13|246|256|0|108|1|104|
13|245|240|0|108|1|104|
13|312|288|0|365|1|48|
14|1181|1120|0|562|1|66|
13|256|224|0|112|1|108|
13|245|256|0|108|1|102|
13|242|240|0|107|1|104|
13|242|240|0|107|1|104|
13|245|256|0|108|1|104|
13|245|256|0|108|1|104|
13|256|224|0|112|1|108|
13|257|224|0|112|1|106|
13|243|240|0|108|1|104|
13|243|240|0|108|1|104|
13|243|256|0|108|1|104|
13|243|240|0|108|1|102|
13|244|256|0|108|1|104|
13|243|256|0|108|1|104|
13|246|240|0|109|1|106|
13|242|256|0|107|1|102|
13|243|256|0|107|1|104|
13|243|240|0|108|1|104|
13|242|224|0|107|1|102|
13|243|224|0|108|1|104|
13|243|240|0|108|1|102|
13|242|240|0|107|1|102|
13|243|256|0|108|1|102|
13|266|272|0|273|1|47|
13|254|240|0|111|1|108|
13|466|400|0|181|1|128|
13|242|256|0|107|1|102|
13|245|240|0|108|1|104|
13|242|224|0|107|1|102|
13|247|240|0|109|1|106|
13|245|240|0|108|1|104|
13|284|272|0|121|1|118|
13|244|240|0|108|1|106|
13|245|240|0|108|1|104|
13|244|240|0|108|1|104|
13|246|240|0|109|1|106|
13|242|240|0|107|1|102|
13|247|256|0|109|1|104|
13|243|240|0|108|1|104|
13|243|240|0|108|1|104|
13|248|240|0|109|1|106|
13|242|224|0|107|1|102|
13|243|240|0|108|1|104|
13|243|240|0|108|1|102|
13|244|256|0|108|1|106|
13|243|240|0|108|1|104|
13|242|256|0|107|1|102|
13|242|256|0|107|1|104|
13|245|240|0|108|1|102|
13|243|240|0|108|1|104|
13|245|240|0|108|1|104|
13|243|240|0|108|1|104|
13|243|256|0|108|1|102|
13|243|240|0|108|1|104|
13|243|240|0|108|1|104|
13|244|256|0|108|1|106|
13|245|256|0|108|1|104|
13|245|240|0|108|1|104|
13|244|240|0|108|1|106|
13|243|240|0|108|1|104|
13|242|240|0|107|1|102|
13|246|256|0|109|1|104|
13|245|256|0|108|1|104|
13|243|256|0|108|1|104|
13|243|240|0|108|1|104|
13|242|224|0|107|1|104|
13|245|256|0|108|1|104|
13|242|240|0|107|1|102|
13|245|256|0|108|1|104|
13|243|256|0|108|1|104|
13|245|256|0|108|1|104|
13|242|240|0|107|1|102|
13|248|256|0|109|1|106|
13|243|256|0|108|1|104|
13|242|256|0|107|1|102|
13|246|256|0|109|1|106|
13|243|240|0|108|1|104|
13|243|240|0|108|1|104|
13|247|240|0|109|1|104|
13|243|240|0|108|1|102|
13|245|240|0|108|1|104|
13|243|256|0|108|1|104|
13|246|256|0|109|1|106|
13|242|240|0|107|1|102|
13|243|240|0|108|1|104|
13|243|240|0|108|1|104|
13|247|240|0|109|1|104|
13|246|240|0|109|1|104|
13|245|256|0|108|1|102|
13|245|256|0|108|1|104|
13|247|256|0|109|1|104|
13|245|240|0|108|1|102|
13|313|320|0|131|1|128|
13|243|240|0|108|1|104|
13|243|256|0|108|1|104|
13|243|240|0|108|1|104|
13|243|240|0|108|1|102|
13|243|240|0|108|1|102|
13|243|240|0|108|1|104|
13|243|256|0|108|1|104|
13|245|240|0|108|1|102|
13|243|240|0|108|1|102|
13|243|240|0|108|1|104|
13|244|224|0|108|1|106|
13|244|256|0|108|1|106|
13|245|240|0|108|1|104|
13|246|240|0|109|1|104|
13|245|240|0|108|1|104|
13|243|240|0|108|1|104|
13|246|240|0|109|1|106|
13|315|320|0|132|1|126|
13|243|240|0|108|1|104|
13|245|240|0|108|1|104|
13|243|256|0|108|1|104|
13|244|240|0|108|1|104|
13|244|256|0|108|1|106|
13|243|240|0|108|1|104|
13|245|240|0|108|1|104|
13|246|240|0|109|1|106|
13|242|240|0|107|1|104|
13|242|256|0|107|1|102|
13|242|240|0|107|1|102|
13|243|240|0|108|1|104|
13|273|208|0|118|1|116|
13|254|224|0|111|1|106|
13|255|208|0|112|1|108|
13|250|240|0|110|1|106|
13|242|256|0|107|1|102|
13|246|256|0|109|1|104|
13|419|416|0|166|1|128|
13|244|240|0|108|1|106|
13|245|240|0|108|1|104|
13|247|240|0|109|1|104|
13|247|240|0|109|1|104|
13|248|256|0|109|1|106|
13|243|240|0|108|1|104|
13|243|240|0|108|1|104|
13|243|256|0|108|1|104|
13|242|256|0|107|1|104|
13|243|240|0|108|1|104|
13|248|240|0|109|1|106|
13|243|240|0|108|1|104|
13|245|256|0|108|1|102|
13|242|240|0|107|1|102|
13|243|240|0|108|1|104|
13|243|240|0|108|1|104|
13|246|240|0|109|1|104|
13|242|240|0|107|1|104|
13|243|240|0|108|1|104|
13|245|256|0|108|1|104|
13|245|240|0|108|1|102|
13|248|224|0|109|1|104|
13|243|256|0|108|1|104|
13|242|240|0|107|1|102|
13|245|240|0|108|1|104|
13|244|240|0|108|1|106|
13|243|224|0|108|1|104|
13|244|240|0|108|1|106|
13|243|256|0|108|1|104|
13|244|240|0|108|1|104|
13|242|240|0|107|1|102|
13|242|256|0|107|1|102|
13|243|240|0|108|1|104|
13|244|240|0|108|1|106|
13|343|336|0|141|1|128|
13|243|240|0|108|1|104|
13|243|240|0|108|1|104|
13|243|240|0|108|1|104|
13|242|256|0|107|1|104|
13|245|256|0|108|1|104|
13|243|240|0|108|1|104|
13|243|240|0|108|1|104|
13|242|240|0|107|1|104|
13|242|240|0|107|1|104|
13|243|224|0|108|1|104|
13|244|240|0|108|1|106|
13|243|240|0|108|1|104|
13|244|240|0|108|1|104|
13|243|256|0|108|1|104|
13|243|240|0|108|1|104|
13|244|240|0|108|1|106|
13|242|240|0|107|1|104|
13|243|240|0|108|1|104|
13|243|224|0|108|1|104|
13|243|240|0|108|1|104|
13|243|240|0|108|1|102|
13|242|224|0|107|1|104|
13|243|240|0|108|1|104|
13|244|240|0|108|1|106|
13|242|240|0|107|1|102|
13|246|256|0|109|1|104|
13|246|256|0|109|1|104|
13|243|240|0|108|1|104|
13|243|240|0|108|1|104|
13|243|256|0|108|1|104|
13|246|240|0|108|1|104|
13|245|256|0|108|1|104|
13|245|256|0|108|1|104|
13|245|240|0|108|1|104|
13|245|240|0|108|1|104|
13|243|224|0|108|1|104|
13|246|240|0|109|1|106|
13|243|240|0|108|1|104|
13|243|240|0|108|1|104|
13|243|240|0|108|1|102|
13|244|256|0|108|1|106|
13|242|256|0|107|1|102|
13|247|240|0|109|1|104|
13|245|256|0|108|1|104|
13|245|256|0|108|1|104|
13|243|240|0|108|1|104|
13|243|240|0|108|1|104|
13|242|240|0|107|1|104|
13|246|240|0|109|1|104|
13|245|240|0|108|1|104|
13|243|240|0|108|1|104|
13|246|256|0|109|1|106|
13|243|256|0|108|1|102|
13|243|240|0|108|1|104|
13|248|240|0|109|1|106|
13|243|224|0|108|1|104|
13|242|240|0|107|1|104|
13|242|256|0|107|1|104|
13|242|256|0|107|1|102|
13|243|240|0|108|1|104|
13|243|240|0|108|1|104|
13|243|256|0|108|1|104|
13|242|224|0|107|1|102|
13|247|240|0|109|1|104|
13|243|240|0|108|1|104|
13|246|240|0|109|1|104|
13|242|224|0|107|1|102|
13|243|256|0|108|1|104|
13|245|256|0|108|1|104|
13|242|256|0|107|1|104|
13|330|336|0|137|1|128|
13|242|224|0|107|1|102|
13|243|224|0|108|1|104|
13|243|240|0|108|1|104|
13|246|256|0|109|1|104|
13|243|240|0|108|1|104|
13|244|240|0|108|1|106|
13|243|240|0|108|1|104|
13|245|240|0|108|1|104|
13|242|240|0|107|1|104|
13|244|240|0|108|1|106|
13|243|240|0|108|1|104|
13|245|256|0|108|1|104|
13|242|224|0|107|1|104|
13|245|240|0|108|1|104|
13|243|224|0|108|1|104|
13|246|240|0|109|1|106|
13|243|256|0|108|1|104|
13|243|240|0|108|1|104|
13|243|256|0|108|1|104|
13|243|256|0|108|1|104|
13|242|240|0|107|1|102|
13|245|224|0|108|1|102|
13|243|240|0|108|1|104|
13|243|240|0|108|1|104|
13|243|240|0|108|1|104|
13|243|224|0|108|1|104|
13|241|256|0|107|1|104|
13|243|240|0|108|1|104|
13|242|224|0|107|1|102|
13|242|224|0|107|1|102|
13|243|256|0|108|1|104|
13|242|256|0|107|1|102|
13|243|256|0|108|1|104|
13|244|256|0|108|1|104|
13|243|256|0|108|1|102|
13|245|240|0|108|1|104|
13|245|256|0|108|1|104|
13|243|240|0|108|1|104|
13|243|224|0|108|1|104|
13|243|240|0|108|1|104|
13|242|240|0|107|1|102|
13|243|224|0|108|1|104|
13|243|240|0|108|1|104|
13|242|240|0|107|1|102|
13|243|240|0|108|1|104|
13|243|256|0|108|1|104|
13|246|224|0|109|1|106|
13|242|240|0|107|1|104|
13|243|256|0|108|1|104|
13|244|256|0|108|1|106|
13|242|240|0|107|1|102|
13|246|240|0|109|1|104|
13|243|240|0|108|1|104|
13|245|240|0|108|1|104|
13|247|256|0|109|1|104|
13|242|240|0|107|1|104|
13|243|256|0|108|1|104|
13|243|240|0|108|1|104|
13|243|240|0|108|1|104|
13|246|256|0|109|1|104|
13|243|256|0|108|1|104|
13|243|256|0|108|1|104|
13|243|240|0|108|1|104|
13|243|256|0|108|1|104|
13|243|240|0|108|1|104|
13|243|240|0|108|1|104|
13|243|240|0|108|1|104|
13|243|240|0|108|1|104|
13|243|240|0|108|1|102|
13|242|224|0|107|1|102|
13|243|240|0|108|1|104|
13|245|256|0|108|1|104|
13|245|256|0|108|1|104|
13|245|240|0|108|1|104|
13|243|240|0|108|1|104|
13|243|224|0|108|1|104|
13|243|240|0|108|1|104|
13|243|240|0|108|1|104|
13|243|224|0|108|1|102|
13|243|224|0|108|1|104|
13|244|240|0|108|1|106|
13|243|240|0|108|1|104|
13|243|240|0|108|1|104|
13|243|256|0|108|1|104|
13|243|256|0|108|1|104|
13|243|224|0|108|1|104|
13|245|256|0|108|1|104|
13|245|240|0|108|1|104|
13|245|240|0|108|1|104|
13|243|240|0|108|1|104|
13|243|224|0|108|1|104|
13|242|256|0|107|1|102|
13|245|256|0|108|1|104|
13|243|256|0|108|1|102|
13|244|240|0|108|1|106|
13|245|240|0|108|1|102|
13|246|240|0|109|1|106|
13|245|240|0|108|1|104|
13|242|240|0|107|1|102|
13|242|240|0|107|1|102|
13|243|256|0|108|1|104|
13|247|240|0|109|1|104|
13|243|240|0|108|1|104|
13|243|240|0|108|1|104|
13|243|256|0|108|1|104|
13|243|256|0|108|1|104|
13|242|224|0|107|1|102|
13|244|256|0|108|1|104|
13|241|240|0|107|1|104|
13|247|240|0|109|1|104|
13|245|256|0|108|1|104|
13|243|240|0|108|1|104|
13|246|256|0|109|1|104|
13|246|240|0|109|1|104|
13|243|256|0|108|1|104|
13|243|240|0|108|1|104|
13|242|240|0|107|1|102|
13|242|240|0|107|1|102|
13|244|256|0|108|1|106|
13|243|240|0|108|1|104|
13|243|240|0|108|1|104|
13|242|256|0|107|1|104|
13|242|240|0|107|1|104|
13|243|256|0|108|1|104|
13|243|240|0|108|1|104|
13|260|256|0|113|1|110|
13|268|272|0|116|1|112|
13|243|256|0|108|1|104|
13|245|240|0|108|1|104|
13|242|256|0|107|1|102|
13|246|240|0|109|1|104|
13|245|240|0|108|1|104|
13|245|256|0|108|1|104|
13|245|256|0|108|1|104|
13|243|224|0|108|1|102|
13|247|256|0|109|1|104|
13|245|256|0|108|1|104|
13|241|224|0|107|1|104|
13|243|240|0|108|1|104|
13|243|256|0|108|1|104|
13|242|240|0|107|1|102|
13|246|256|0|109|1|106|
13|242|240|0|107|1|102|
13|242|240|0|107|1|104|
13|243|256|0|108|1|104|
13|243|240|0|108|1|104|
13|244|240|0|108|1|106|
13|243|256|0|108|1|104|
13|242|240|0|107|1|104|
13|243|256|0|108|1|104|
13|242|256|0|107|1|102|
13|401|400|0|160|1|128|
13|245|256|0|108|1|104|
13|243|256|0|108|1|104|
13|243|256|0|108|1|104|
13|243|240|0|108|1|104|
13|242|240|0|107|1|102|
13|243|224|0|108|1|104|
13|367|352|0|236|1|53|
13|243|240|0|108|1|104|
13|250|240|0|110|1|106|
13|265|208|0|115|1|112|
13|328|272|0|179|1|45|
13|271|208|0|117|1|112|
13|274|208|0|118|1|116|
13|276|208|0|119|1|114|
13|265|208|0|115|1|112|
13|287|224|0|262|1|66|
13|296|224|0|361|1|54|
13|294|224|0|464|1|37|
13|289|208|0|346|1|67|
13|274|208|0|118|1|116|
13|273|208|0|118|1|116|
13|261|240|0|114|1|108|
13|245|240|0|108|1|104|
13|244|240|0|108|1|106|
13|246|240|0|109|1|106|
13|243|240|0|108|1|104|
13|242|240|0|107|1|102|
13|243|224|0|108|1|104|
13|244|240|0|108|1|104|
13|243|240|0|108|1|104|
13|246|256|0|109|1|106|
13|243|256|0|108|1|104|
13|243|256|0|108|1|104|
13|248|256|0|109|1|106|
13|245|240|0|108|1|104|
13|246|240|0|109|1|106|
13|242|240|0|107|1|104|
13|245|256|0|108|1|104|
13|245|256|0|108|1|104|
13|245|256|0|108|1|104|
13|243|240|0|108|1|104|
13|243|240|0|108|1|104|
13|243|256|0|108|1|104|
13|245|240|0|108|1|104|
13|246|256|0|109|1|106|
13|245|240|0|108|1|104|
13|246|240|0|109|1|106|
13|243|256|0|108|1|104|
13|255|256|0|112|1|108|
13|246|240|0|109|1|104|
13|243|256|0|108|1|104|
13|246|240|0|109|1|106|
13|242|240|0|107|1|102|
13|242|240|0|107|1|104|
13|242|240|0|107|1|104|
13|243|240|0|108|1|104|
13|242|240|0|107|1|102|
13|243|256|0|108|1|104|
13|245|240|0|108|1|102|
13|245|240|0|108|1|104|
13|243|240|0|108|1|104|
13|243|256|0|108|1|104|
13|243|256|0|108|1|104|
13|245|256|0|108|1|104|
13|243|256|0|108|1|104|
13|243|240|0|108|1|104|
13|243|256|0|108|1|104|
13|243|256|0|108|1|104|
13|243|256|0|108|1|104|
13|245|240|0|108|1|104|
13|245|256|0|108|1|104|
13|245|240|0|108|1|104|
13|245|240|0|108|1|104|
13|243|240|0|108|1|104|
13|247|256|0|109|1|104|
13|245|240|0|108|1|104|
13|245|240|0|108|1|104|
13|243|240|0|108|1|104|
13|243|224|0|108|1|104|
13|242|240|0|107|1|102|
13|242|240|0|107|1|102|
13|245|240|0|108|1|104|
13|246|256|0|109|1|106|
13|245|240|0|108|1|104|
13|245|256|0|108|1|102|
13|257|256|0|112|1|108|
13|242|240|0|107|1|102|
13|245|240|0|108|1|104|
13|243|256|0|108|1|104|
13|242|256|0|107|1|104|
13|244|240|0|108|1|106|
13|243|240|0|108|1|104|
13|242|256|0|107|1|104|
13|242|240|0|107|1|102|
13|243|256|0|108|1|104|
13|333|320|0|138|1|128|
13|244|240|0|108|1|106|
13|242|256|0|107|1|104|
13|242|240|0|107|1|102|
13|243|240|0|108|1|104|
13|242|240|0|107|1|102|
13|243|240|0|108|1|104|
13|245|240|0|108|1|102|
13|244|240|0|108|1|106|
13|245|240|0|108|1|104|
13|245|256|0|108|1|104|
13|243|224|0|108|1|104|
13|245|240|0|108|1|104|
13|245|240|0|108|1|104|
13|245|256|0|108|1|104|
13|246|256|0|109|1|104|
13|243|240|0|108|1|104|
13|245|240|0|108|1|104|
13|244|240|0|108|1|106|
13|243|256|0|108|1|102|
13|242|240|0|107|1|104|
13|245|240|0|108|1|104|
13|242|256|0|107|1|102|
13|243|240|0|108|1|104|
13|242|256|0|107|1|102|
13|243|256|0|108|1|102|
13|242|256|0|107|1|104|
13|242|224|0|107|1|102|
13|243|240|0|108|1|104|
13|243|256|0|108|1|104|
13|243|224|0|108|1|104|
13|243|240|0|108|1|104|
13|242|240|0|107|1|104|
13|244|240|0|108|1|104|
13|243|240|0|108|1|104|
13|243|240|0|108|1|104|
13|243|224|0|108|1|104|
13|245|240|0|108|1|104|
13|242|256|0|107|1|102|
13|245|256|0|108|1|104|
13|242|224|0|107|1|102|
13|244|240|0|108|1|106|
13|243|224|0|108|1|104|
13|243|240|0|108|1|104|
13|288|272|0|123|1|118|
13|242|224|0|107|1|102|
13|242|240|0|107|1|102|
13|245|256|0|108|1|104|
13|245|240|0|108|1|104|
13|242|256|0|107|1|102|
13|243|240|0|108|1|104|
13|243|240|0|108|1|102|
13|242|240|0|107|1|102|
13|243|240|0|108|1|104|
13|246|224|0|109|1|106|
13|242|240|0|107|1|104|
13|293|304|0|124|1|120|
13|242|256|0|107|1|102|
13|242|256|0|107|1|102|
13|246|256|0|109|1|104|
13|243|240|0|108|1|104|
13|246|256|0|109|1|106|
13|246|240|0|109|1|106|
13|242|240|0|107|1|104|
13|245|256|0|108|1|102|
13|243|256|0|108|1|104|
13|244|256|0|108|1|106|
13|243|224|0|108|1|104|
13|242|256|0|107|1|102|
13|242|256|0|107|1|102|
13|243|240|0|108|1|104|
13|248|256|0|109|1|106|
13|242|240|0|107|1|102|
13|245|224|0|108|1|104|
13|243|256|0|108|1|104|
13|245|240|0|108|1|104|
13|243|256|0|108|1|104|
13|243|240|0|108|1|102|
13|242|240|0|107|1|104|
13|243|240|0|108|1|104|
13|246|224|0|109|1|106|
13|242|224|0|107|1|104|
13|243|240|0|108|1|104|
13|243|240|0|108|1|104|
13|243|240|0|108|1|104|
13|245|240|0|108|1|104|
13|243|240|0|108|1|104|
13|243|240|0|108|1|104|
13|243|240|0|108|1|104|
13|243|240|0|108|1|104|
13|247|240|0|109|1|106|
13|408|400|0|163|1|130|
13|245|240|0|108|1|104|
13|243|224|0|108|1|104|
13|243|256|0|108|1|104|
13|245|240|0|108|1|104|
13|243|240|0|108|1|104|
13|242|240|0|107|1|102|
13|243|240|0|108|1|104|
13|243|240|0|108|1|104|
13|226|224|0|59|0|4|
13|243|240|0|108|1|104|
13|307|304|0|129|1|124|
13|242|256|0|107|1|104|
13|243|256|0|108|1|104|
13|243|240|0|108|1|104|
13|245|256|0|108|1|104|
13|243|256|0|108|1|104|
13|246|240|0|109|1|104|
13|242|224|0|107|1|102|
13|243|224|0|108|1|104|
13|243|240|0|108|1|104|
13|243|256|0|108|1|104|
13|242|240|0|107|1|104|
13|242|256|0|107|1|102|
13|242|256|0|107|1|102|
13|245|240|0|108|1|104|
13|243|240|0|107|1|104|
13|242|240|0|107|1|102|
13|244|256|0|108|1|106|
13|242|240|0|107|1|102|
13|272|256|0|141|1|51|
13|245|256|0|108|1|104|
13|249|240|0|110|1|104|
13|246|224|0|109|1|106|
13|245|224|0|108|1|104|
13|245|256|0|108|1|104|
13|243|240|0|108|1|104|
13|243|240|0|108|1|104|
13|245|240|0|108|1|104|
13|246|240|0|109|1|106|
13|242|240|0|107|1|104|
13|242|240|0|107|1|102|
13|243|240|0|108|1|104|
13|244|240|0|108|1|106|
13|292|304|0|351|1|40|
13|261|208|0|114|1|108|
13|244|240|0|108|1|106|
13|243|240|0|108|1|102|
13|242|224|0|107|1|102|
13|243|240|0|108|1|104|
13|243|224|0|108|1|104|
13|242|256|0|107|1|104|
13|246|256|0|109|1|106|
13|242|240|0|107|1|102|
13|280|288|0|253|1|23|
13|662|592|0|310|1|62|
13|270|208|0|117|1|114|
13|243|240|0|108|1|104|
13|245|256|0|108|1|104|
13|245|240|0|108|1|104|
13|243|240|0|108|1|104|
13|245|240|0|108|1|104|
13|245|240|0|108|1|104|
13|242|256|0|107|1|104|
13|245|240|0|108|1|104|
13|242|256|0|107|1|102|
13|246|224|0|109|1|106|
13|243|240|0|108|1|104|
13|245|256|0|108|1|104|
13|243|224|0|108|1|104|
13|243|256|0|108|1|104|
13|243|240|0|108|1|104|
13|242|256|0|107|1|104|
13|243|240|0|108|1|104|
13|245|240|0|108|1|104|
13|242|240|0|107|1|102|
13|243|256|0|108|1|104|
13|274|272|0|118|1|116|
13|243|256|0|108|1|104|
13|243|240|0|108|1|104|
13|243|240|0|108|1|104|
13|243|240|0|108|1|104|
13|303|304|0|128|1|124|
13|242|240|0|107|1|102|
13|243|240|0|108|1|104|
13|243|240|0|108|1|104|
13|245|240|0|108|1|104|
13|243|240|0|108|1|104|
13|243|240|0|108|1|104|
13|242|256|0|107|1|104|
13|242|256|0|107|1|102|
13|243|240|0|108|1|104|
13|245|240|0|108|1|104|
13|242|240|0|107|1|104|
13|243|240|0|108|1|102|
13|243|240|0|108|1|104|
13|243|240|0|108|1|104|
13|246|240|0|109|1|106|
13|243|240|0|108|1|104|
13|248|256|0|109|1|104|
13|244|256|0|108|1|106|
13|243|240|0|108|1|104|
13|246|256|0|109|1|104|
13|247|240|0|109|1|106|
13|243|240|0|108|1|104|
13|242|240|0|107|1|102|
13|246|240|0|109|1|104|
13|246|256|0|109|1|104|
13|245|240|0|108|1|104|
13|245|256|0|108|1|104|
13|245|240|0|108|1|104|
13|246|240|0|109|1|104|
13|245|256|0|108|1|104|
13|243|240|0|108|1|104|
13|246|240|0|109|1|106|
13|242|256|0|107|1|104|
13|242|224|0|107|1|104|
13|243|240|0|108|1|104|
13|243|256|0|108|1|104|
13|245|256|0|108|1|104|
13|248|240|0|109|1|106|
13|243|240|0|108|1|104|
13|245|240|0|108|1|104|
13|243|240|0|108|1|104|
13|245|256|0|108|1|104|
13|242|240|0|107|1|104|
13|247|240|0|109|1|104|
13|243|240|0|108|1|104|
13|243|240|0|108|1|104|
13|243|256|0|108|1|104|
13|243|240|0|108|1|104|
13|242|256|0|107|1|102|
13|244|240|0|108|1|106|
13|244|240|0|108|1|104|
13|328|320|0|136|1|128|
13|243|240|0|108|1|104|
13|243|240|0|108|1|104|
13|245|256|0|108|1|104|
13|248|240|0|109|1|106|
13|245|256|0|108|1|104|
13|243|240|0|108|1|104|
13|245|240|0|108|1|104|
13|242|256|0|107|1|104|
13|243|240|0|108|1|104|
13|243|256|0|108|1|104|
13|243|240|0|108|1|104|
13|244|240|0|108|1|106|
13|243|224|0|108|1|102|
13|244|224|0|108|1|106|
13|243|240|0|108|1|104|
13|243|224|0|108|1|104|
13|249|256|0|110|1|104|
13|243|256|0|108|1|102|
13|242|224|0|107|1|102|
13|242|224|0|107|1|102|
13|246|240|0|109|1|104|
13|244|240|0|108|1|106|
13|243|240|0|108|1|104|
13|242|240|0|107|1|102|
13|243|240|0|108|1|104|
13|243|240|0|108|1|102|
13|246|240|0|109|1|104|
13|243|256|0|108|1|104|
13|243|240|0|108|1|104|
13|242|240|0|107|1|102|
13|245|256|0|108|1|104|
13|243|256|0|108|1|104|
13|243|256|0|108|1|104|
13|243|240|0|108|1|104|
13|246|240|0|109|1|104|
13|244|240|0|108|1|104|
13|243|240|0|108|1|104|
13|242|256|0|107|1|102|
13|243|256|0|108|1|104|
13|245|240|0|108|1|104|
13|246|240|0|109|1|106|
13|245|240|0|108|1|104|
13|245|256|0|108|1|104|
13|243|240|0|108|1|104|
13|243|240|0|108|1|104|
13|243|240|0|108|1|104|
13|246|256|0|109|1|106|
13|243|256|0|108|1|102|
13|246|240|0|109|1|104|
13|245|256|0|108|1|104|
13|243|240|0|108|1|104|
13|243|240|0|108|1|104|
13|246|240|0|109|1|106|
13|242|240|0|107|1|102|
13|245|240|0|108|1|104|
13|245|240|0|108|1|104|
13|246|224|0|109|1|106|
13|246|240|0|109|1|106|
13|246|240|0|109|1|106|
13|243|240|0|108|1|104|
13|247|256|0|109|1|104|
13|243|240|0|108|1|104|
13|246|240|0|109|1|106|
13|243|240|0|108|1|104|
13|242|240|0|107|1|104|
13|243|240|0|108|1|102|
13|245|256|0|108|1|104|
13|243|240|0|108|1|104|
13|243|240|0|108|1|104|
13|243|224|0|108|1|104|
13|243|240|0|108|1|104|
13|242|240|0|107|1|102|
13|243|240|0|108|1|104|
13|243|224|0|108|1|102|
13|243|240|0|108|1|104|
13|244|240|0|108|1|106|
13|243|224|0|108|1|104|
13|245|240|0|108|1|102|
13|242|240|0|107|1|104|
13|243|240|0|108|1|104|
13|248|240|0|109|1|106|
13|243|240|0|108|1|104|
13|244|240|0|108|1|104|
13|243|256|0|108|1|104|
13|245|240|0|108|1|104|
13|245|224|0|108|1|104|
13|246|256|0|109|1|104|
13|248|256|0|109|1|106|
13|245|256|0|108|1|104|
13|243|224|0|108|1|104|
13|246|256|0|109|1|104|
13|242|240|0|107|1|104|
13|243|256|0|108|1|104|
13|243|256|0|108|1|104|
13|245|256|0|108|1|104|
13|246|240|0|109|1|104|
13|242|240|0|107|1|102|
13|244|240|0|108|1|106|
13|243|240|0|108|1|104|
13|243|224|0|108|1|102|
13|247|256|0|109|1|106|
13|245|240|0|108|1|104|
13|243|240|0|108|1|104|
13|246|240|0|109|1|104|
13|242|240|0|107|1|104|
13|243|224|0|108|1|104|
13|243|256|0|108|1|104|
13|243|240|0|108|1|104|
13|243|256|0|108|1|102|
13|243|240|0|108|1|104|
13|245|256|0|108|1|104|
13|243|240|0|108|1|104|
13|247|256|0|109|1|104|
13|243|240|0|108|1|102|
13|244|240|0|108|1|106|
13|244|240|0|108|1|106|
13|243|240|0|108|1|104|
13|246|240|0|109|1|104|
13|243|256|0|108|1|104|
13|243|256|0|108|1|104|
13|243|240|0|108|1|104|
13|243|240|0|108|1|104|
13|242|240|0|107|1|102|
13|243|224|0|108|1|104|
13|247|240|0|109|1|104|
13|243|256|0|108|1|104|
13|241|240|0|107|1|104|
13|247|240|0|109|1|104|
13|245|240|0|108|1|104|
13|243|224|0|108|1|104|
13|246|240|0|109|1|106|
13|243|224|0|108|1|104|
13|246|240|0|109|1|106|
13|245|256|0|108|1|104|
13|242|240|0|107|1|104|
13|243|240|0|108|1|104|
13|246|240|0|109|1|106|
13|243|240|0|108|1|104|
13|242|240|0|107|1|102|
13|245|256|0|108|1|104|
13|243|240|0|108|1|104|
13|245|256|0|108|1|104|
13|243|256|0|108|1|104|
13|243|240|0|108|1|102|
13|245|256|0|108|1|104|
13|242|240|0|107|1|102|
13|245|256|0|108|1|104|
13|242|240|0|107|1|102|
13|246|240|0|109|1|104|
13|243|240|0|108|1|104|
13|243|256|0|108|1|104|
13|243|256|0|108|1|104|
13|243|256|0|108|1|104|
13|243|256|0|108|1|104|
13|243|240|0|108|1|104|
13|242|224|0|107|1|102|
13|243|240|0|108|1|102|
13|243|256|0|108|1|104|
13|246|256|0|109|1|106|
13|243|240|0|108|1|104|
13|244|224|0|108|1|106|
13|243|240|0|108|1|104|
13|243|240|0|108|1|104|
13|243|240|0|108|1|104|
13|243|224|0|108|1|104|
13|243|240|0|108|1|102|
13|243|240|0|108|1|102|
13|245|240|0|108|1|104|
13|242|240|0|107|1|102|
13|243|240|0|108|1|104|
13|242|240|0|107|1|104|
13|243|256|0|108|1|104|
13|242|256|0|107|1|102|
13|246|256|0|109|1|106|
13|243|240|0|108|1|104|
13|245|240|0|108|1|104|
13|246|256|0|109|1|106|
13|243|256|0|108|1|104|
13|245|256|0|108|1|104|
13|248|240|0|109|1|104|
13|246|240|0|109|1|106|
13|242|256|0|107|1|102|
13|242|224|0|107|1|102|
13|244|240|0|108|1|104|
13|245|240|0|108|1|104|
13|243|256|0|108|1|104|
13|243|240|0|108|1|104|
13|243|240|0|108|1|102|
13|243|240|0|108|1|104|
13|243|256|0|108|1|104|
13|243|240|0|108|1|104|
13|242|256|0|107|1|102|
13|246|256|0|109|1|104|
13|245|256|0|108|1|104|
13|245|256|0|108|1|104|
13|243|240|0|108|1|104|
13|242|224|0|107|1|104|
13|243|240|0|108|1|104|
13|243|240|0|108|1|104|
13|243|256|0|108|1|104|
13|245|240|0|108|1|104|
13|242|256|0|107|1|102|
13|243|224|0|108|1|104|
13|243|240|0|108|1|104|
13|243|240|0|108|1|104|
13|242|240|0|107|1|102|
13|246|240|0|109|1|106|
13|243|240|0|108|1|104|
13|243|240|0|108|1|102|
13|244|240|0|108|1|104|
13|243|240|0|108|1|104|
13|242|240|0|107|1|102|
13|242|256|0|107|1|102|
13|246|256|0|109|1|106|
13|243|240|0|108|1|104|
13|247|240|0|109|1|104|
13|248|256|0|109|1|106|
13|247|240|0|109|1|106|
13|242|256|0|107|1|102|
13|243|240|0|108|1|104|
13|243|240|0|108|1|104|
13|243|224|0|108|1|102|
13|244|240|0|108|1|104|
13|245|240|0|108|1|104|
13|242|240|0|107|1|102|
13|243|240|0|108|1|104|
13|245|240|0|108|1|104|
13|245|256|0|108|1|104|
13|245|240|0|108|1|104|
13|245|256|0|108|1|104|
13|242|240|0|107|1|102|
13|245|256|0|108|1|104|
13|245|240|0|108|1|104|
13|243|240|0|108|1|104|
13|246|240|0|109|1|104|
13|242|240|0|107|1|102|
13|242|240|0|107|1|102|
13|245|240|0|108|1|104|
13|243|240|0|108|1|104|
13|243|224|0|108|1|104|
13|243|240|0|108|1|104|
13|243|240|0|108|1|104|
13|242|224|0|107|1|102|
13|245|256|0|108|1|102|
13|242|240|0|107|1|104|
13|242|240|0|107|1|102|
13|243|224|0|108|1|104|
13|242|256|0|107|1|104|
13|243|240|0|108|1|104|
13|245|240|0|108|1|104|
13|243|240|0|108|1|104|
13|242|240|0|107|1|102|
13|242|240|0|107|1|104|
13|242|256|0|107|1|104|
13|243|256|0|108|1|104|
13|243|240|0|108|1|104|
13|243|240|0|108|1|104|
13|243|240|0|108|1|102|
13|242|256|0|107|1|102|
13|243|256|0|108|1|104|
13|244|240|0|108|1|106|
13|242|240|0|107|1|104|
13|362|368|0|147|1|128|
13|243|240|0|108|1|104|
13|246|240|0|109|1|106|
13|243|224|0|108|1|104|
13|242|256|0|107|1|102|
13|244|256|0|108|1|106|
13|242|240|0|107|1|102|
13|243|224|0|108|1|104|
13|242|240|0|107|1|104|
13|244|256|0|108|1|104|
13|243|240|0|108|1|104|
13|245|256|0|108|1|104|
13|242|256|0|107|1|104|
13|242|240|0|107|1|102|
