INSTRUCTIONS_RETIRED|CYCLES|UNKNOWN|LD_BLOCKS.STORE_FORWARD|UOPS_EXECUTED.CORE|BR_MISP_RETIRED.ALL_BRANCHES|UOPS_ISSUED.SLOW_LEA|
13|311|176|0|62|1|7|
13|249|240|0|62|1|7|
13|252|224|0|62|1|7|
13|268|256|0|87|1|6|
13|243|240|0|62|1|7|
13|243|240|0|62|1|7|
13|246|240|0|62|1|7|
13|244|240|0|62|1|7|
13|248|240|0|62|1|7|
13|244|240|0|62|1|7|
13|281|256|0|480|1|2|
13|292|224|0|186|1|3|
13|291|224|0|62|1|7|
13|284|192|0|62|1|7|
13|732|512|0|62|1|7|
13|333|240|0|62|1|7|
13|268|208|0|62|1|7|
13|256|224|0|62|1|7|
13|257|240|0|62|1|7|
13|249|256|0|62|1|7|
13|243|240|0|62|1|7|
13|244|240|0|62|1|7|
13|244|224|0|62|1|7|
13|245|256|0|62|1|7|
13|242|240|0|62|1|7|
13|244|240|0|62|1|7|
13|245|240|0|62|1|7|
13|246|256|0|62|1|7|
13|254|256|0|62|1|7|
13|243|256|0|62|1|7|
13|244|240|0|62|1|7|
13|244|240|0|62|1|7|
13|247|240|0|62|1|7|
13|246|240|0|62|1|7|
13|244|240|0|62|1|7|
13|244|256|0|62|1|7|
13|245|240|0|62|1|7|
13|245|256|0|62|1|7|
13|244|256|0|62|1|7|
13|248|256|0|62|1|7|
13|245|256|0|62|1|7|
13|249|256|0|62|1|7|
13|244|256|0|62|1|7|
13|244|256|0|62|1|7|
13|245|240|0|62|1|7|
13|244|240|0|62|1|7|
13|244|224|0|62|1|7|
13|246|240|0|62|1|7|
13|244|240|0|62|1|7|
13|243|256|0|62|1|7|
13|246|240|0|62|1|7|
13|362|288|0|62|1|7|
13|268|208|0|62|1|7|
13|250|224|0|62|1|7|
13|243|240|0|62|1|7|
13|243|240|0|62|1|7|
13|245|240|0|62|1|7|
13|244|256|0|62|1|7|
13|244|224|0|62|1|7|
13|247|256|0|62|1|7|
13|246|240|0|62|1|7|
13|244|256|0|62|1|7|
13|246|240|0|62|1|7|
13|247|256|0|62|1|7|
13|247|256|0|62|1|7|
13|243|256|0|62|1|7|
13|244|240|0|62|1|7|
13|459|448|0|62|1|7|
13|245|256|0|62|1|7|
13|257|256|0|62|1|7|
13|246|240|0|62|1|7|
13|247|240|0|62|1|7|
13|244|224|0|62|1|7|
13|245|240|0|62|1|7|
13|244|256|0|62|1|7|
13|243|240|0|62|1|7|
13|247|240|0|62|1|7|
13|244|256|0|62|1|7|
13|245|240|0|62|1|7|
13|244|240|0|62|1|7|
13|244|240|0|62|1|7|
13|245|256|0|62|1|7|
13|244|256|0|62|1|7|
13|244|240|0|62|1|7|
13|244|224|0|62|1|7|
13|243|224|0|62|1|7|
13|244|256|0|62|1|7|
13|244|240|0|62|1|7|
13|244|240|0|62|1|7|
13|244|256|0|62|1|7|
13|245|240|0|62|1|7|
13|245|240|0|62|1|7|
13|244|240|0|62|1|7|
13|246|240|0|62|1|7|
13|244|256|0|62|1|7|
13|244|256|0|62|1|7|
13|244|240|0|62|1|7|
13|327|320|0|62|1|7|
13|322|320|0|62|1|7|
13|245|256|0|62|1|7|
13|244|240|0|62|1|7|
13|244|240|0|62|1|7|
13|243|224|0|62|1|7|
13|244|256|0|62|1|7|
13|247|256|0|62|1|7|
13|244|240|0|62|1|7|
13|246|240|0|62|1|7|
13|244|240|0|62|1|7|
13|244|240|0|62|1|7|
13|245|240|0|62|1|7|
13|243|240|0|62|1|7|
13|246|240|0|62|1|7|
13|244|240|0|62|1|7|
13|245|240|0|62|1|7|
13|244|256|0|62|1|7|
13|245|240|0|62|1|7|
13|243|240|0|62|1|7|
13|244|240|0|62|1|7|
13|245|240|0|62|1|7|
13|243|224|0|62|1|7|
13|244|256|0|62|1|7|
13|244|240|0|62|1|7|
13|243|240|0|62|1|7|
13|255|208|0|62|1|7|
13|243|240|0|62|1|7|
13|246|256|0|62|1|7|
13|245|256|0|62|1|7|
13|246|256|0|62|1|7|
13|245|240|0|62|1|7|
13|246|240|0|62|1|7|
13|246|240|0|62|1|7|
13|246|240|0|62|1|7|
13|247|224|0|62|1|7|
13|248|240|0|62|1|7|
13|244|240|0|62|1|7|
13|249|240|0|62|1|7|
13|247|224|0|62|1|7|
13|249|256|0|62|1|7|
13|243|240|0|62|1|7|
13|420|416|0|62|1|7|
13|250|240|0|62|1|7|
13|243|240|0|62|1|7|
13|244|240|0|62|1|7|
13|244|256|0|62|1|7|
13|243|240|0|62|1|7|
13|244|240|0|62|1|7|
13|246|240|0|62|1|7|
13|243|240|0|62|1|7|
13|244|240|0|62|1|7|
13|245|240|0|62|1|7|
13|245|256|0|62|1|7|
13|244|256|0|62|1|7|
13|244|224|0|62|1|7|
13|244|256|0|62|1|7|
13|245|240|0|62|1|7|
13|244|240|0|62|1|7|
13|244|240|0|62|1|7|
13|244|256|0|62|1|7|
13|461|448|0|62|1|7|
13|244|224|0|62|1|7|
13|244|240|0|62|1|7|
13|245|240|0|62|1|7|
13|245|240|0|62|1|7|
13|247|256|0|62|1|7|
13|249|256|0|62|1|7|
13|245|240|0|62|1|7|
13|244|224|0|62|1|7|
13|245|240|0|62|1|7|
13|246|240|0|62|1|7|
13|246|240|0|62|1|7|
13|244|240|0|62|1|7|
13|247|240|0|62|1|7|
13|244|224|0|62|1|7|
13|244|240|0|62|1|7|
13|244|240|0|62|1|7|
13|244|256|0|62|1|7|
13|244|256|0|62|1|7|
13|244|256|0|62|1|7|
13|247|256|0|62|1|7|
13|244|240|0|62|1|7|
13|248|256|0|62|1|7|
13|245|256|0|62|1|7|
13|246|240|0|62|1|7|
13|244|256|0|62|1|7|
13|245|256|0|62|1|7|
13|244|224|0|62|1|7|
13|245|240|0|62|1|7|
13|246|240|0|62|1|7|
13|244|240|0|62|1|7|
13|243|256|0|62|1|7|
13|297|304|0|62|1|7|
13|446|432|0|62|1|7|
13|243|240|0|62|1|7|
13|246|240|0|62|1|7|
13|248|240|0|62|1|7|
13|246|240|0|62|1|7|
13|244|240|0|62|1|7|
13|246|240|0|62|1|7|
13|245|240|0|62|1|7|
13|245|240|0|62|1|7|
13|243|224|0|62|1|7|
13|246|256|0|62|1|7|
13|243|240|0|62|1|7|
13|245|240|0|62|1|7|
13|244|240|0|62|1|7|
13|244|240|0|62|1|7|
13|244|240|0|62|1|7|
13|245|256|0|62|1|7|
13|243|240|0|62|1|7|
13|246|256|0|62|1|7|
13|243|256|0|62|1|7|
13|247|240|0|62|1|7|
13|248|256|0|62|1|7|
13|244|240|0|62|1|7|
13|246|240|0|62|1|7|
13|243|240|0|62|1|7|
13|244|240|0|62|1|7|
13|247|224|0|62|1|7|
13|247|256|0|62|1|7|
13|244|256|0|62|1|7|
13|244|240|0|62|1|7|
13|245|240|0|62|1|7|
13|244|240|0|62|1|7|
13|244|240|0|62|1|7|
13|244|240|0|62|1|7|
13|244|256|0|62|1|7|
13|243|256|0|62|1|7|
13|243|240|0|62|1|7|
13|244|240|0|62|1|7|
13|244|240|0|62|1|7|
13|245|256|0|62|1|7|
13|244|240|0|62|1|7|
13|244|240|0|62|1|7|
13|243|240|0|62|1|7|
13|245|256|0|62|1|7|
13|246|240|0|62|1|7|
13|247|240|0|62|1|7|
13|244|256|0|62|1|7|
13|245|256|0|62|1|7|
13|244|256|0|62|1|7|
13|243|240|0|62|1|7|
13|245|240|0|62|1|7|
13|243|240|0|62|1|7|
13|244|240|0|62|1|7|
13|247|240|0|62|1|7|
13|244|240|0|62|1|7|
13|246|256|0|62|1|7|
13|244|240|0|62|1|7|
13|244|256|0|62|1|7|
13|244|240|0|62|1|7|
13|248|240|0|62|1|7|
13|244|256|0|62|1|7|
13|250|240|0|62|1|7|
13|243|240|0|62|1|7|
13|247|240|0|62|1|7|
13|244|240|0|62|1|7|
13|245|256|0|62|1|7|
13|244|240|0|62|1|7|
13|244|240|0|62|1|7|
13|247|256|0|62|1|7|
13|243|256|0|62|1|7|
13|244|256|0|62|1|7|
13|244|224|0|62|1|7|
13|244|256|0|62|1|7|
13|244|240|0|62|1|7|
13|244|256|0|62|1|7|
13|244|240|0|62|1|7|
13|243|240|0|62|1|7|
13|245|240|0|62|1|7|
13|244|256|0|62|1|7|
13|262|272|0|205|1|4|
13|244|240|0|62|1|7|
13|305|304|0|62|1|7|
13|244|240|0|62|1|7|
13|244|240|0|62|1|7|
13|247|256|0|62|1|7|
13|246|240|0|62|1|7|
13|246|240|0|62|1|7|
13|246|256|0|62|1|7|
13|281|208|0|62|1|7|
13|279|192|0|62|1|7|
13|279|192|0|62|1|7|
13|256|224|0|62|1|7|
13|256|224|0|62|1|7|
13|250|240|0|62|1|7|
13|247|224|0|62|1|7|
13|243|256|0|62|1|7|
13|244|256|0|62|1|7|
13|244|256|0|62|1|7|
13|244|240|0|62|1|7|
13|245|256|0|62|1|7|
13|247|240|0|62|1|7|
13|267|272|0|62|1|7|
13|244|256|0|62|1|7|
13|244|240|0|62|1|7|
13|243|240|0|62|1|7|
13|247|256|0|62|1|7|
13|244|240|0|62|1|7|
13|244|224|0|62|1|7|
13|243|240|0|62|1|7|
13|243|240|0|62|1|7|
13|246|240|0|62|1|7|
13|244|240|0|62|1|7|
13|244|240|0|62|1|7|
13|250|240|0|62|1|7|
13|244|240|0|62|1|7|
13|244|224|0|62|1|7|
13|245|240|0|62|1|7|
13|243|240|0|62|1|7|
13|438|432|0|62|1|7|
13|248|256|0|62|1|7|
13|248|256|0|62|1|7|
13|248|240|0|62|1|7|
13|245|240|0|62|1|7|
13|244|240|0|62|1|7|
13|244|256|0|62|1|7|
13|244|240|0|62|1|7|
13|245|240|0|62|1|7|
13|246|240|0|62|1|7|
13|247|256|0|62|1|7|
13|244|256|0|62|1|7|
13|247|240|0|62|1|7|
13|245|256|0|62|1|7|
13|243|240|0|62|1|7|
13|244|240|0|62|1|7|
13|250|224|0|62|1|7|
13|243|240|0|62|1|7|
13|246|256|0|62|1|7|
13|244|240|0|62|1|7|
13|247|240|0|62|1|7|
13|243|256|0|62|1|7|
13|247|256|0|62|1|7|
13|244|256|0|62|1|7|
13|244|240|0|62|1|7|
13|243|240|0|62|1|7|
13|245|256|0|62|1|7|
13|246|240|0|62|1|7|
13|248|240|0|62|1|7|
13|244|240|0|62|1|7|
13|243|224|0|62|1|7|
13|244|240|0|62|1|7|
13|243|240|0|62|1|7|
13|244|240|0|62|1|7|
13|296|304|0|62|1|7|
13|249|256|0|62|1|7|
13|244|256|0|62|1|7|
13|246|240|0|62|1|7|
13|243|240|0|62|1|7|
13|245|240|0|62|1|7|
13|260|256|0|62|1|7|
13|246|256|0|62|1|7|
13|247|240|0|62|1|7|
13|248|240|0|62|1|7|
13|246|256|0|62|1|7|
13|246|240|0|62|1|7|
13|244|256|0|62|1|7|
13|246|256|0|62|1|7|
13|244|240|0|62|1|7|
13|247|240|0|62|1|7|
13|244|240|0|62|1|7|
13|247|240|0|62|1|7|
13|244|256|0|62|1|7|
13|243|240|0|62|1|7|
13|246|256|0|62|1|7|
13|243|240|0|62|1|7|
13|244|256|0|62|1|7|
13|243|240|0|62|1|7|
13|243|240|0|62|1|7|
13|244|240|0|62|1|7|
13|246|256|0|62|1|7|
13|243|256|0|62|1|7|
13|244|240|0|62|1|7|
13|243|240|0|62|1|7|
13|243|240|0|62|1|7|
13|244|240|0|62|1|7|
13|244|256|0|62|1|7|
13|243|240|0|62|1|7|
13|244|240|0|62|1|7|
13|244|240|0|62|1|7|
13|247|256|0|62|1|7|
13|245|224|0|62|1|7|
13|244|240|0|62|1|7|
13|244|240|0|62|1|7|
13|245|240|0|62|1|7|
13|244|240|0|62|1|7|
13|244|224|0|62|1|7|
13|244|240|0|62|1|7|
13|245|240|0|62|1|7|
13|245|256|0|62|1|7|
13|244|256|0|62|1|7|
13|244|256|0|62|1|7|
13|243|240|0|62|1|7|
13|350|336|0|62|1|7|
13|244|256|0|62|1|7|
13|243|240|0|62|1|7|
13|244|256|0|62|1|7|
13|244|240|0|62|1|7|
13|244|240|0|62|1|7|
13|659|656|0|62|1|7|
13|244|240|0|62|1|7|
13|244|256|0|62|1|7|
13|244|240|0|62|1|7|
13|245|256|0|62|1|7|
13|243|240|0|62|1|7|
13|244|240|0|62|1|7|
13|244|240|0|62|1|7|
13|244|256|0|62|1|7|
13|244|240|0|62|1|7|
13|244|240|0|62|1|7|
13|246|256|0|62|1|7|
13|248|240|0|62|1|7|
13|244|256|0|62|1|7|
13|247|240|0|62|1|7|
13|244|256|0|62|1|7|
13|243|256|0|62|1|7|
13|244|240|0|62|1|7|
13|244|240|0|62|1|7|
13|496|496|0|62|1|7|
13|244|256|0|62|1|7|
13|245|240|0|62|1|7|
13|244|224|0|62|1|7|
13|244|240|0|62|1|7|
13|243|256|0|62|1|7|
13|244|256|0|62|1|7|
13|246|240|0|62|1|7|
13|249|240|0|62|1|7|
13|247|240|0|62|1|7|
13|246|240|0|62|1|7|
13|249|240|0|62|1|7|
13|244|240|0|62|1|7|
13|246|240|0|62|1|7|
13|243|256|0|62|1|7|
13|243|256|0|62|1|7|
13|245|256|0|62|1|7|
13|245|240|0|62|1|7|
13|247|240|0|62|1|7|
13|247|256|0|62|1|7|
13|245|256|0|62|1|7|
13|243|240|0|62|1|7|
13|244|256|0|62|1|7|
13|249|240|0|62|1|7|
13|277|272|0|114|1|6|
13|247|256|0|62|1|7|
13|243|256|0|62|1|7|
13|246|256|0|62|1|7|
13|243|256|0|62|1|7|
13|246|256|0|62|1|7|
13|244|240|0|62|1|7|
13|244|240|0|62|1|7|
13|243|240|0|62|1|7|
13|244|240|0|62|1|7|
13|243|240|0|62|1|7|
13|244|256|0|62|1|7|
13|245|240|0|62|1|7|
13|245|240|0|62|1|7|
13|244|256|0|62|1|7|
13|430|416|0|62|1|7|
13|244|256|0|62|1|7|
13|244|240|0|62|1|7|
13|244|256|0|62|1|7|
13|246|256|0|62|1|7|
13|244|256|0|62|1|7|
13|246|240|0|62|1|7|
13|244|240|0|62|1|7|
13|244|240|0|62|1|7|
13|244|240|0|62|1|7|
13|243|224|0|62|1|7|
13|244|256|0|62|1|7|
13|243|256|0|62|1|7|
13|244|256|0|62|1|7|
13|244|240|0|62|1|7|
13|244|256|0|62|1|7|
13|246|256|0|62|1|7|
13|244|240|0|62|1|7|
13|247|256|0|62|1|7|
13|244|240|0|62|1|7|
13|244|240|0|62|1|7|
13|243|256|0|62|1|7|
13|244|240|0|62|1|7|
13|243|240|0|62|1|7|
13|244|256|0|62|1|7|
13|244|240|0|62|1|7|
13|243|240|0|62|1|7|
13|248|240|0|62|1|7|
13|243|256|0|62|1|7|
13|244|240|0|62|1|7|
13|244|256|0|62|1|7|
13|247|240|0|62|1|7|
13|243|240|0|62|1|7|
13|387|384|0|62|1|7|
13|245|240|0|62|1|7|
13|243|224|0|62|1|7|
13|246|240|0|62|1|7|
13|243|256|0|62|1|7|
13|335|336|0|369|1|5|
13|271|256|0|520|1|2|
13|447|336|0|323|1|1|
13|282|224|0|62|1|7|
13|275|208|0|62|1|7|
13|272|208|0|62|1|7|
13|246|240|0|62|1|7|
13|243|224|0|62|1|7|
13|243|256|0|62|1|7|
13|245|224|0|62|1|7|
13|242|240|0|62|1|7|
13|244|240|0|62|1|7|
13|244|240|0|62|1|7|
13|247|240|0|62|1|7|
13|243|240|0|62|1|7|
13|246|256|0|62|1|7|
13|246|256|0|62|1|7|
13|247|256|0|62|1|7|
13|248|256|0|62|1|7|
13|247|256|0|62|1|7|
13|244|224|0|62|1|7|
13|249|256|0|62|1|7|
13|244|240|0|62|1|7|
13|248|240|0|62|1|7|
13|246|240|0|62|1|7|
13|245|256|0|62|1|7|
13|245|240|0|62|1|7|
13|243|240|0|62|1|7|
13|246|240|0|62|1|7|
13|244|240|0|62|1|7|
13|244|240|0|62|1|7|
13|244|240|0|62|1|7|
13|244|240|0|62|1|7|
13|245|256|0|62|1|7|
13|245|240|0|62|1|7|
13|244|240|0|62|1|7|
13|244|240|0|62|1|7|
13|244|240|0|62|1|7|
13|268|256|0|62|1|7|
13|245|256|0|62|1|7|
13|244|240|0|62|1|7|
13|244|240|0|62|1|7|
13|246|240|0|62|1|7|
13|247|256|0|62|1|7|
13|249|256|0|62|1|7|
13|262|240|0|64|1|7|
13|246|256|0|62|1|7|
13|248|240|0|62|1|7|
13|244|224|0|62|1|7|
13|244|224|0|62|1|7|
13|244|240|0|62|1|7|
13|244|240|0|62|1|7|
13|245|240|0|62|1|7|
13|245|256|0|62|1|7|
13|244|240|0|62|1|7|
13|243|240|0|62|1|7|
13|243|240|0|62|1|7|
13|245|240|0|62|1|7|
13|243|256|0|62|1|7|
13|244|256|0|62|1|7|
13|246|256|0|62|1|7|
13|244|256|0|62|1|7|
13|247|240|0|62|1|7|
13|244|240|0|62|1|7|
13|243|256|0|62|1|7|
13|248|256|0|62|1|7|
13|247|240|0|62|1|7|
13|244|240|0|62|1|7|
13|244|240|0|62|1|7|
13|243|240|0|62|1|7|
13|245|240|0|62|1|7|
13|244|240|0|62|1|7|
13|244|240|0|62|1|7|
13|243|224|0|62|1|7|
13|244|224|0|62|1|7|
13|245|256|0|62|1|7|
13|244|240|0|62|1|7|
13|244|240|0|62|1|7|
13|244|240|0|62|1|7|
13|243|240|0|62|1|7|
13|246|256|0|62|1|7|
13|244|240|0|62|1|7|
13|243|240|0|62|1|7|
13|244|240|0|62|1|7|
13|244|256|0|62|1|7|
13|244|240|0|62|1|7|
13|243|240|0|62|1|7|
13|246|256|0|62|1|7|
13|243|256|0|62|1|7|
13|248|256|0|62|1|7|
13|248|256|0|62|1|7|
13|246|240|0|62|1|7|
13|245|256|0|62|1|7|
13|244|240|0|62|1|7|
13|244|240|0|62|1|7|
13|244|240|0|62|1|7|
13|245|256|0|62|1|7|
13|245|240|0|62|1|7|
13|245|256|0|62|1|7|
13|245|240|0|62|1|7|
13|244|240|0|62|1|7|
13|243|256|0|62|1|7|
13|244|240|0|62|1|7|
13|243|240|0|62|1|7|
13|243|256|0|62|1|7|
13|243|240|0|62|1|7|
13|244|256|0|62|1|7|
13|247|224|0|62|1|7|
13|244|256|0|62|1|7|
13|244|240|0|62|1|7|
13|243|256|0|62|1|7|
13|261|272|0|62|1|7|
13|244|256|0|62|1|7|
13|244|240|0|62|1|7|
13|244|240|0|62|1|7|
13|244|240|0|62|1|7|
13|245|240|0|62|1|7|
13|244|240|0|62|1|7|
13|243|240|0|62|1|7|
13|246|240|0|62|1|7|
13|248|240|0|62|1|7|
13|245|240|0|62|1|7|
13|247|240|0|62|1|7|
13|244|240|0|62|1|7|
13|245|240|0|62|1|7|
13|244|256|0|62|1|7|
13|246|240|0|62|1|7|
13|243|256|0|62|1|7|
13|243|240|0|62|1|7|
13|244|256|0|62|1|7|
13|244|240|0|62|1|7|
13|244|240|0|62|1|7|
13|244|240|0|62|1|7|
13|244|256|0|62|1|7|
13|244|240|0|62|1|7|
13|244|240|0|62|1|7|
13|244|240|0|62|1|7|
13|247|240|0|62|1|7|
13|247|256|0|62|1|7|
13|243|256|0|62|1|7|
13|246|240|0|62|1|7|
13|244|256|0|62|1|7|
13|245|240|0|62|1|7|
13|244|240|0|62|1|7|
13|244|256|0|62|1|7|
13|247|240|0|62|1|7|
13|244|240|0|62|1|7|
13|247|256|0|62|1|7|
13|244|256|0|62|1|7|
13|243|240|0|62|1|7|
13|245|256|0|62|1|7|
13|246|256|0|62|1|7|
13|244|256|0|62|1|7|
13|247|240|0|62|1|7|
13|248|256|0|62|1|7|
13|247|240|0|62|1|7|
13|247|240|0|62|1|7|
13|246|240|0|62|1|7|
13|243|256|0|62|1|7|
13|248|256|0|62|1|7|
13|245|256|0|62|1|7|
13|246|240|0|62|1|7|
13|243|240|0|62|1|7|
13|247|240|0|62|1|7|
13|249|256|0|62|1|7|
13|246|240|0|62|1|7|
13|244|256|0|62|1|7|
13|246|240|0|62|1|7|
13|245|240|0|62|1|7|
13|246|256|0|62|1|7|
13|244|256|0|62|1|7|
13|244|240|0|62|1|7|
13|247|240|0|62|1|7|
13|247|256|0|62|1|7|
13|244|224|0|62|1|7|
13|244|240|0|62|1|7|
13|243|240|0|62|1|7|
13|247|240|0|62|1|7|
13|243|240|0|62|1|7|
13|244|256|0|62|1|7|
13|244|240|0|62|1|7|
13|243|240|0|62|1|7|
13|245|240|0|62|1|7|
13|249|256|0|62|1|7|
13|244|240|0|62|1|7|
13|244|240|0|62|1|7|
13|244|240|0|62|1|7|
13|244|256|0|62|1|7|
13|243|240|0|62|1|7|
13|244|240|0|62|1|7|
13|244|256|0|62|1|7|
13|245|240|0|62|1|7|
13|244|240|0|62|1|7|
13|244|256|0|62|1|7|
13|246|256|0|62|1|7|
13|245|256|0|62|1|7|
13|246|224|0|62|1|7|
13|244|240|0|62|1|7|
13|246|240|0|62|1|7|
13|244|240|0|62|1|7|
13|263|272|0|62|1|7|
13|244|240|0|62|1|7|
13|246|256|0|62|1|7|
13|246|240|0|62|1|7|
13|245|256|0|62|1|7|
13|368|384|0|62|1|7|
13|246|256|0|62|1|7|
13|244|256|0|62|1|7|
13|244|256|0|62|1|7|
13|244|256|0|62|1|7|
13|244|240|0|62|1|7|
13|243|240|0|62|1|7|
13|244|240|0|62|1|7|
13|244|240|0|62|1|7|
13|243|240|0|62|1|7|
13|244|256|0|62|1|7|
13|244|256|0|62|1|7|
13|245|240|0|62|1|7|
13|248|256|0|62|1|7|
13|244|240|0|62|1|7|
13|244|240|0|62|1|7|
13|244|240|0|62|1|7|
13|245|240|0|62|1|7|
13|243|240|0|62|1|7|
13|243|240|0|62|1|7|
13|243|240|0|62|1|7|
13|244|240|0|62|1|7|
13|243|240|0|62|1|7|
13|244|240|0|62|1|7|
13|244|256|0|62|1|7|
13|244|240|0|62|1|7|
13|243|240|0|62|1|7|
13|244|240|0|62|1|7|
13|246|240|0|62|1|7|
13|244|240|0|62|1|7|
13|247|256|0|62|1|7|
13|250|240|0|62|1|7|
13|246|240|0|62|1|7|
13|248|240|0|62|1|7|
13|244|240|0|62|1|7|
13|248|240|0|62|1|7|
13|246|240|0|62|1|7|
13|244|256|0|62|1|7|
13|243|240|0|62|1|7|
13|247|240|0|62|1|7|
13|278|272|0|62|1|7|
13|248|256|0|62|1|7|
13|247|240|0|62|1|7|
13|249|256|0|62|1|7|
13|331|336|0|62|1|7|
13|244|240|0|62|1|7|
13|372|368|0|62|1|7|
13|248|224|0|62|1|7|
13|246|256|0|62|1|7|
13|244|256|0|62|1|7|
13|243|240|0|62|1|7|
13|244|240|0|62|1|7|
13|243|240|0|62|1|7|
13|244|240|0|62|1|7|
13|244|240|0|62|1|7|
13|244|240|0|62|1|7|
13|244|240|0|62|1|7|
13|243|240|0|62|1|7|
13|244|256|0|62|1|7|
13|243|240|0|62|1|7|
13|244|240|0|62|1|7|
13|247|256|0|62|1|7|
13|262|256|0|147|1|7|
13|300|240|0|377|1|2|
13|298|224|0|274|1|1|
13|285|224|0|174|1|7|
13|298|224|0|251|1|5|
13|310|224|0|498|1|3|
13|347|272|0|104|1|5|
13|272|208|0|62|1|7|
13|283|208|0|62|1|7|
13|265|208|0|62|1|7|
13|247|240|0|62|1|7|
13|242|240|0|62|1|7|
13|267|272|0|401|1|5|
13|327|272|0|200|1|4|
13|400|400|0|62|1|7|
13|247|240|0|62|1|7|
13|248|256|0|62|1|7|
13|248|256|0|62|1|7|
13|246|240|0|62|1|7|
13|411|416|0|62|1|7|
13|244|256|0|62|1|7|
13|243|256|0|62|1|7|
13|250|240|0|62|1|7|
13|249|256|0|62|1|7|
13|472|480|0|62|1|7|
13|248|256|0|62|1|7|
13|244|240|0|62|1|7|
13|244|240|0|62|1|7|
13|243|224|0|62|1|7|
13|244|240|0|62|1|7|
13|243|240|0|62|1|7|
13|246|256|0|62|1|7|
13|244|256|0|62|1|7|
13|244|224|0|62|1|7|
13|244|240|0|62|1|7|
13|245|240|0|62|1|7|
13|244|256|0|62|1|7|
13|243|240|0|62|1|7|
13|248|256|0|62|1|7|
13|244|240|0|62|1|7|
13|245|224|0|62|1|7|
13|244|240|0|62|1|7|
13|244|240|0|62|1|7|
13|251|256|0|62|1|7|
13|244|240|0|62|1|7|
13|244|224|0|62|1|7|
13|244|240|0|62|1|7|
13|245|240|0|62|1|7|
13|245|256|0|62|1|7|
13|247|240|0|62|1|7|
13|246|256|0|62|1|7|
13|243|256|0|62|1|7|
13|245|256|0|62|1|7|
13|243|240|0|62|1|7|
13|244|240|0|62|1|7|
13|246|256|0|62|1|7|
13|244|240|0|62|1|7|
13|351|352|0|62|1|7|
13|244|256|0|62|1|7|
13|244|240|0|62|1|7|
13|244|240|0|62|1|7|
13|246|256|0|62|1|7|
13|244|240|0|62|1|7|
13|245|240|0|62|1|7|
13|244|240|0|62|1|7|
13|244|240|0|62|1|7|
13|244|224|0|62|1|7|
13|244|256|0|62|1|7|
13|244|240|0|62|1|7|
13|246|256|0|62|1|7|
13|246|240|0|62|1|7|
13|243|256|0|62|1|7|
13|244|240|0|62|1|7|
13|243|256|0|62|1|7|
13|244|256|0|62|1|7|
13|246|240|0|62|1|7|
13|244|256|0|62|1|7|
13|245|256|0|62|1|7|
13|243|256|0|62|1|7|
13|246|256|0|62|1|7|
13|244|240|0|62|1|7|
13|243|240|0|62|1|7|
13|244|240|0|62|1|7|
13|243|240|0|62|1|7|
13|243|240|0|62|1|7|
13|244|256|0|62|1|7|
13|244|240|0|62|1|7|
13|246|240|0|62|1|7|
13|250|256|0|64|1|7|
13|244|256|0|62|1|7|
13|432|432|0|62|1|7|
13|246|240|0|62|1|7|
13|247|240|0|62|1|7|
13|247|256|0|62|1|7|
13|243|240|0|62|1|7|
13|247|240|0|62|1|7|
13|243|240|0|62|1|7|
13|247|256|0|62|1|7|
13|244|240|0|62|1|7|
13|243|240|0|62|1|7|
13|244|240|0|62|1|7|
13|245|256|0|62|1|7|
13|247|240|0|62|1|7|
13|244|240|0|62|1|7|
13|244|240|0|62|1|7|
13|243|256|0|62|1|7|
13|249|256|0|62|1|7|
13|244|256|0|62|1|7|
13|294|288|0|62|1|7|
13|243|240|0|62|1|7|
13|245|256|0|62|1|7|
13|244|256|0|62|1|7|
13|244|240|0|62|1|7|
13|245|256|0|62|1|7|
13|244|240|0|62|1|7|
13|286|288|0|257|2|3|
13|324|240|0|210|2|3|
13|464|336|0|62|1|7|
13|278|208|0|62|1|7|
13|279|208|0|62|1|7|
13|277|192|0|62|1|7|
13|317|224|0|502|1|3|
13|294|208|0|206|1|3|
13|279|192|0|62|1|7|
13|296|224|0|113|1|5|
13|282|208|0|62|1|7|
13|280|208|0|62|1|7|
13|298|224|0|215|1|2|
13|297|240|0|109|1|5|
13|278|192|0|62|1|7|
13|261|224|0|62|1|7|
13|262|208|0|62|1|7|
13|245|256|0|62|1|7|
13|277|208|0|62|1|7|
13|274|208|0|62|1|7|
13|244|240|0|62|1|7|
13|244|256|0|62|1|7|
13|246|240|0|62|1|7|
13|244|256|0|62|1|7|
13|247|240|0|62|1|7|
13|244|240|0|62|1|7|
13|244|240|0|62|1|7|
13|245|256|0|62|1|7|
13|244|256|0|62|1|7|
13|244|256|0|62|1|7|
13|246|240|0|62|1|7|
13|243|240|0|62|1|7|
13|248|240|0|62|1|7|
13|248|240|0|62|1|7|
13|244|240|0|62|1|7|
13|229|224|0|59|0|4|
13|256|224|0|62|1|7|
13|244|240|0|62|1|7|
13|245|240|0|62|1|7|
13|244|256|0|62|1|7|
13|245|256|0|62|1|7|
13|245|240|0|62|1|7|
13|245|256|0|62|1|7|
13|244|256|0|62|1|7|
13|243|240|0|62|1|7|
13|312|256|0|70|1|7|
13|508|384|0|62|1|7|
13|514|384|0|128|1|7|
13|269|224|0|62|1|7|
13|266|208|0|62|1|7|
13|256|240|0|62|1|7|
13|244|240|0|62|1|7|
13|244|256|0|62|1|7|
13|250|224|0|62|1|7|
13|460|464|0|62|1|7|
13|244|240|0|62|1|7|
13|244|224|0|62|1|7|
13|244|240|0|62|1|7|
13|244|240|0|62|1|7|
13|243|256|0|62|1|7|
13|246|256|0|62|1|7|
13|246|240|0|62|1|7|
13|247|256|0|62|1|7|
13|246|240|0|62|1|7|
13|247|240|0|62|1|7|
13|243|240|0|62|1|7|
13|244|240|0|62|1|7|
13|244|240|0|62|1|7|
13|244|256|0|62|1|7|
13|243|240|0|62|1|7|
13|244|256|0|62|1|7|
13|244|240|0|62|1|7|
13|243|240|0|62|1|7|
13|259|272|0|62|1|7|
13|244|256|0|62|1|7|
13|244|240|0|62|1|7|
13|244|256|0|62|1|7|
13|245|256|0|62|1|7|
13|246|256|0|62|1|7|
13|243|240|0|62|1|7|
13|246|240|0|62|1|7|
13|246|240|0|62|1|7|
13|247|240|0|62|1|7|
13|243|240|0|62|1|7|
13|244|240|0|62|1|7|
13|245|240|0|62|1|7|
13|228|224|0|59|0|4|
13|243|240|0|62|1|7|
13|247|256|0|62|1|7|
13|243|240|0|62|1|7|
13|247|256|0|62|1|7|
13|244|224|0|62|1|7|
13|246|240|0|62|1|7|
13|244|240|0|62|1|7|
13|245|240|0|62|1|7|
13|245|256|0|62|1|7|
13|244|224|0|62|1|7|
13|244|256|0|62|1|7|
13|244|256|0|62|1|7|
13|245|256|0|62|1|7|
13|246|240|0|62|1|7|
13|244|240|0|62|1|7|
13|248|240|0|62|1|7|
13|245|240|0|62|1|7|
13|249|240|0|62|1|7|
13|249|256|0|62|1|7|
13|246|240|0|62|1|7|
13|244|256|0|62|1|7|
13|247|256|0|62|1|7|
13|244|240|0|62|1|7|
13|245|240|0|62|1|7|
13|244|224|0|62|1|7|
13|256|256|0|155|1|3|
13|246|256|0|62|1|7|
13|246|240|0|62|1|7|
13|244|240|0|62|1|7|
13|247|256|0|62|1|7|
13|357|352|0|62|1|7|
13|244|256|0|62|1|7|
13|244|256|0|62|1|7|
13|243|240|0|62|1|7|
13|244|256|0|62|1|7|
13|244|240|0|62|1|7|
13|244|240|0|62|1|7|
