INSTRUCTIONS_RETIRED|CYCLES|UNKNOWN|LD_BLOCKS.STORE_FORWARD|UOPS_EXECUTED.CORE|BR_MISP_RETIRED.ALL_BRANCHES|UOPS_ISSUED.SLOW_LEA|
13|294|192|0|124|1|92|
13|351|240|0|439|1|30|
13|268|224|0|115|1|92|
13|267|208|0|115|1|92|
13|270|208|0|116|1|92|
13|251|240|0|110|1|92|
13|245|240|0|107|1|92|
13|246|240|0|108|1|92|
13|246|240|0|108|1|92|
13|245|240|0|107|1|92|
13|273|272|0|317|1|46|
13|251|224|0|109|1|92|
13|275|256|0|327|1|63|
13|245|224|0|107|1|92|
13|246|256|0|108|1|92|
13|246|240|0|108|1|92|
13|245|256|0|107|1|92|
13|247|240|0|108|1|92|
13|246|256|0|108|1|92|
13|248|256|0|108|1|92|
13|254|256|0|110|1|92|
13|246|240|0|108|1|92|
13|330|320|0|136|1|92|
13|249|240|0|109|1|92|
13|250|240|0|109|1|92|
13|250|256|0|109|1|92|
13|246|256|0|108|1|92|
13|245|256|0|107|1|92|
13|246|240|0|108|1|92|
13|245|256|0|107|1|92|
13|246|256|0|108|1|92|
13|246|240|0|108|1|92|
13|250|256|0|109|1|92|
13|245|240|0|107|1|92|
13|249|256|0|109|1|92|
13|248|240|0|108|1|92|
13|248|240|0|108|1|92|
13|246|240|0|108|1|92|
13|246|256|0|108|1|92|
13|246|256|0|108|1|92|
13|245|224|0|107|1|92|
13|251|240|0|109|1|92|
13|248|256|0|108|1|92|
13|248|240|0|108|1|92|
13|248|256|0|108|1|92|
13|248|240|0|108|1|92|
13|245|224|0|107|1|92|
13|249|256|0|109|1|92|
13|245|240|0|107|1|92|
13|246|240|0|108|1|92|
13|246|240|0|108|1|92|
13|246|240|0|108|1|92|
13|246|240|0|108|1|92|
13|245|240|0|107|1|92|
13|245|240|0|107|1|92|
13|245|256|0|107|1|92|
13|248|240|0|108|1|92|
13|246|240|0|108|1|92|
13|246|240|0|108|1|92|
13|246|240|0|108|1|92|
13|246|240|0|108|1|92|
13|246|256|0|108|1|92|
13|245|256|0|107|1|92|
13|246|256|0|108|1|92|
13|246|256|0|108|1|92|
13|246|256|0|108|1|92|
13|246|256|0|108|1|92|
13|246|240|0|108|1|92|
13|245|240|0|107|1|92|
13|246|240|0|108|1|92|
13|249|240|0|109|1|92|
13|251|240|0|109|1|92|
13|246|240|0|108|1|92|
13|245|240|0|107|1|92|
13|245|240|0|107|1|92|
13|245|256|0|107|1|92|
13|246|240|0|108|1|92|
13|265|272|0|136|1|64|
13|246|240|0|108|1|92|
13|246|256|0|108|1|92|
13|246|256|0|108|1|92|
13|246|256|0|108|1|92|
13|246|240|0|108|1|92|
13|246|240|0|108|1|92|
13|246|240|0|108|1|92|
13|300|304|0|126|1|92|
13|246|240|0|108|1|92|
13|245|240|0|107|1|92|
13|245|240|0|107|1|92|
13|246|240|0|108|1|92|
13|246|256|0|108|1|92|
13|246|256|0|108|1|92|
13|246|256|0|108|1|92|
13|246|256|0|108|1|92|
13|246|240|0|108|1|92|
13|245|240|0|107|1|92|
13|279|208|0|119|1|92|
13|279|208|0|119|1|92|
13|279|208|0|119|1|92|
13|252|240|0|110|1|92|
13|246|240|0|108|1|92|
13|246|240|0|108|1|92|
13|246|240|0|108|1|92|
13|248|256|0|108|1|92|
13|246|240|0|108|1|92|
13|248|240|0|108|1|92|
13|245|256|0|107|1|92|
13|248|256|0|108|1|92|
13|246|240|0|108|1|92|
13|246|240|0|108|1|92|
13|246|240|0|108|1|92|
13|245|256|0|107|1|92|
13|248|256|0|108|1|92|
13|249|240|0|109|1|92|
13|248|256|0|108|1|92|
13|246|256|0|108|1|92|
13|245|240|0|107|1|92|
13|249|240|0|109|1|92|
13|245|256|0|107|1|92|
13|247|256|0|108|1|92|
13|245|256|0|107|1|92|
13|246|256|0|108|1|92|
13|250|256|0|109|1|92|
13|245|240|0|107|1|92|
13|246|256|0|108|1|92|
13|245|224|0|107|1|92|
13|356|352|0|144|1|92|
13|245|256|0|107|1|92|
13|246|240|0|108|1|92|
13|246|256|0|108|1|92|
13|246|240|0|108|1|92|
13|246|256|0|108|1|92|
13|249|256|0|109|1|92|
13|247|240|0|108|1|92|
13|246|256|0|108|1|92|
13|246|256|0|108|1|92|
13|247|256|0|108|1|92|
13|247|256|0|108|1|92|
13|247|256|0|108|1|92|
13|253|240|0|110|1|92|
13|246|256|0|108|1|92|
13|245|256|0|107|1|92|
13|246|256|0|108|1|92|
13|246|240|0|108|1|92|
13|248|240|0|108|1|92|
13|248|240|0|108|1|92|
13|245|240|0|107|1|92|
13|248|224|0|108|1|92|
13|246|256|0|108|1|92|
13|246|240|0|108|1|92|
13|245|240|0|107|1|92|
13|246|240|0|108|1|92|
13|246|240|0|108|1|92|
13|246|240|0|108|1|92|
13|245|256|0|107|1|92|
13|246|240|0|108|1|92|
13|246|256|0|108|1|92|
13|246|240|0|108|1|92|
13|246|256|0|108|1|92|
13|247|240|0|108|1|92|
13|246|256|0|108|1|92|
13|246|256|0|108|1|92|
13|245|256|0|107|1|92|
13|246|240|0|108|1|92|
13|247|224|0|108|1|92|
13|246|240|0|108|1|92|
13|246|256|0|108|1|92|
13|247|256|0|108|1|92|
13|245|240|0|107|1|92|
13|249|240|0|109|1|92|
13|246|240|0|108|1|92|
13|251|256|0|109|1|92|
13|248|240|0|108|1|92|
13|246|256|0|108|1|92|
13|246|240|0|108|1|92|
13|248|256|0|108|1|92|
13|248|240|0|108|1|92|
13|246|240|0|108|1|92|
13|249|240|0|109|1|92|
13|251|240|0|109|1|92|
13|249|256|0|109|1|92|
13|245|240|0|107|1|92|
13|245|256|0|107|1|92|
13|245|256|0|107|1|92|
13|245|240|0|107|1|92|
13|245|256|0|107|1|92|
13|249|256|0|109|1|92|
13|246|240|0|108|1|92|
13|250|240|0|109|1|92|
13|246|240|0|108|1|92|
13|246|240|0|108|1|92|
13|249|256|0|109|1|92|
13|246|256|0|108|1|92|
13|246|240|0|108|1|92|
13|247|256|0|108|1|92|
13|247|256|0|108|1|92|
13|247|240|0|108|1|92|
13|245|240|0|107|1|92|
13|248|240|0|108|1|92|
13|245|256|0|107|1|92|
13|252|240|0|110|1|92|
13|248|256|0|108|1|92|
13|246|240|0|108|1|92|
13|248|240|0|108|1|92|
13|248|256|0|108|1|92|
13|246|240|0|108|1|92|
13|246|240|0|108|1|92|
13|246|256|0|108|1|92|
13|247|256|0|108|1|92|
13|245|256|0|107|1|92|
13|251|256|0|109|1|92|
13|248|256|0|108|1|92|
13|245|256|0|107|1|92|
13|248|256|0|108|1|92|
13|248|256|0|108|1|92|
13|249|240|0|109|1|92|
13|249|240|0|109|1|92|
13|245|256|0|107|1|92|
13|246|240|0|108|1|92|
13|246|256|0|108|1|92|
13|247|240|0|108|1|92|
13|245|256|0|107|1|92|
13|246|240|0|108|1|92|
13|247|240|0|108|1|92|
13|247|240|0|108|1|92|
13|245|240|0|107|1|92|
13|246|256|0|108|1|92|
13|246|240|0|108|1|92|
13|250|240|0|109|1|92|
13|245|240|0|107|1|92|
13|245|256|0|107|1|92|
13|246|240|0|108|1|92|
13|246|240|0|108|1|92|
13|251|256|0|109|1|92|
13|246|256|0|108|1|92|
13|250|240|0|109|1|92|
13|246|256|0|108|1|92|
13|246|240|0|108|1|92|
13|246|256|0|108|1|92|
13|246|256|0|108|1|92|
13|245|240|0|107|1|92|
13|245|240|0|107|1|92|
13|245|256|0|107|1|92|
13|245|240|0|107|1|92|
13|246|256|0|108|1|92|
13|246|256|0|108|1|92|
13|246|240|0|108|1|92|
13|246|256|0|108|1|92|
13|246|256|0|108|1|92|
13|246|240|0|108|1|92|
13|246|240|0|108|1|92|
13|362|368|0|146|1|92|
13|254|224|0|110|1|92|
13|252|240|0|110|1|92|
13|249|256|0|109|1|92|
13|246|256|0|108|1|92|
13|245|256|0|107|1|92|
13|246|256|0|108|1|92|
13|249|256|0|109|1|92|
13|248|256|0|108|1|92|
13|245|240|0|107|1|92|
13|271|272|0|689|1|30|
13|255|256|0|155|1|71|
13|265|224|0|114|1|92|
13|258|240|0|112|1|92|
13|246|256|0|108|1|92|
13|245|240|0|107|1|92|
13|246|256|0|108|1|92|
13|246|256|0|108|1|92|
13|246|256|0|108|1|92|
13|250|256|0|109|1|92|
13|245|256|0|107|1|92|
13|246|240|0|108|1|92|
13|246|240|0|108|1|92|
13|245|240|0|107|1|92|
13|248|240|0|108|1|92|
13|419|384|0|149|1|92|
13|252|240|0|110|1|92|
13|252|240|0|110|1|92|
13|246|256|0|108|1|92|
13|246|240|0|108|1|92|
13|246|256|0|108|1|92|
13|244|256|0|107|1|92|
13|245|256|0|107|1|92|
13|246|240|0|108|1|92|
13|246|256|0|108|1|92|
13|246|256|0|108|1|92|
13|246|256|0|108|1|92|
13|245|240|0|107|1|92|
13|248|240|0|108|1|92|
13|245|240|0|107|1|92|
13|245|240|0|107|1|92|
13|246|256|0|108|1|92|
13|246|240|0|108|1|92|
13|247|256|0|108|1|92|
13|245|256|0|107|1|92|
13|245|256|0|107|1|92|
13|305|304|0|127|1|92|
13|246|256|0|108|1|92|
13|249|240|0|109|1|92|
13|246|240|0|108|1|92|
13|247|256|0|108|1|92|
13|245|240|0|107|1|92|
13|246|240|0|108|1|92|
13|245|240|0|107|1|92|
13|245|224|0|107|1|92|
13|245|256|0|107|1|92|
13|246|240|0|108|1|92|
13|262|256|0|113|1|92|
13|273|192|0|117|1|92|
13|285|224|0|336|1|18|
13|273|208|0|117|1|92|
13|274|208|0|117|1|92|
13|276|224|0|118|1|92|
13|274|208|0|117|1|92|
13|246|256|0|108|1|92|
13|261|272|0|113|1|92|
13|246|240|0|108|1|92|
13|245|240|0|107|1|92|
13|245|240|0|107|1|92|
13|246|256|0|108|1|92|
13|248|240|0|108|1|92|
13|246|240|0|108|1|92|
13|248|256|0|108|1|92|
13|246|224|0|108|1|92|
13|245|256|0|107|1|92|
13|246|224|0|108|1|92|
13|245|240|0|107|1|92|
13|246|240|0|108|1|92|
13|248|256|0|108|1|92|
13|245|256|0|107|1|92|
13|245|256|0|107|1|92|
13|246|256|0|108|1|92|
13|246|256|0|108|1|92|
13|246|240|0|108|1|92|
13|246|256|0|108|1|92|
13|246|240|0|108|1|92|
13|246|256|0|108|1|92|
13|315|304|0|131|1|92|
13|246|256|0|108|1|92|
13|247|240|0|108|1|92|
13|246|240|0|108|1|92|
13|246|240|0|108|1|92|
13|246|256|0|108|1|92|
13|246|256|0|108|1|92|
13|247|256|0|108|1|92|
13|247|256|0|108|1|92|
13|249|256|0|109|1|92|
13|248|256|0|108|1|92|
13|246|256|0|108|1|92|
13|247|256|0|108|1|92|
13|249|240|0|109|1|92|
13|247|256|0|108|1|92|
13|245|240|0|107|1|92|
13|246|256|0|108|1|92|
13|246|256|0|108|1|92|
13|246|256|0|108|1|92|
13|246|240|0|108|1|92|
13|247|256|0|108|1|92|
13|250|256|0|109|1|92|
13|245|224|0|107|1|92|
13|250|256|0|109|1|92|
13|246|256|0|108|1|92|
13|246|256|0|108|1|92|
13|246|240|0|108|1|92|
13|246|256|0|108|1|92|
13|247|256|0|108|1|92|
13|247|240|0|108|1|92|
13|246|256|0|108|1|92|
13|247|240|0|108|1|92|
13|245|240|0|107|1|92|
13|248|256|0|108|1|92|
13|245|240|0|107|1|92|
13|250|240|0|109|1|92|
13|249|256|0|109|1|92|
13|250|240|0|109|1|92|
13|249|240|0|109|1|92|
13|247|256|0|108|1|92|
13|248|256|0|108|1|92|
13|246|240|0|108|1|92|
13|248|256|0|108|1|92|
13|246|240|0|108|1|92|
13|245|256|0|107|1|92|
13|246|240|0|108|1|92|
13|249|240|0|109|1|92|
13|245|240|0|107|1|92|
13|244|256|0|107|1|92|
13|249|240|0|109|1|92|
13|246|256|0|108|1|92|
13|250|240|0|109|1|92|
13|248|256|0|108|1|92|
13|248|240|0|108|1|92|
13|246|240|0|108|1|92|
13|246|240|0|108|1|92|
13|245|256|0|107|1|92|
13|245|240|0|107|1|92|
13|246|256|0|108|1|92|
13|246|240|0|108|1|92|
13|246|256|0|108|1|92|
13|246|240|0|108|1|92|
13|246|256|0|108|1|92|
13|246|256|0|108|1|92|
13|245|240|0|107|1|92|
13|248|256|0|108|1|92|
13|246|256|0|108|1|92|
13|246|240|0|108|1|92|
13|245|240|0|107|1|92|
13|245|256|0|107|1|92|
13|245|240|0|107|1|92|
13|245|256|0|107|1|92|
13|248|240|0|108|1|92|
13|246|256|0|108|1|92|
13|248|240|0|108|1|92|
13|245|256|0|107|1|92|
13|249|256|0|109|1|92|
13|248|256|0|108|1|92|
13|245|240|0|107|1|92|
13|248|240|0|108|1|92|
13|245|240|0|107|1|92|
13|247|256|0|108|1|92|
13|247|256|0|108|1|92|
13|246|240|0|108|1|92|
13|245|224|0|107|1|92|
13|246|256|0|108|1|92|
13|249|256|0|109|1|92|
13|250|256|0|109|1|92|
13|245|256|0|107|1|92|
13|246|256|0|108|1|92|
13|248|256|0|108|1|92|
13|246|256|0|108|1|92|
13|249|240|0|109|1|92|
13|248|256|0|108|1|92|
13|246|256|0|108|1|92|
13|249|256|0|109|1|92|
13|245|240|0|107|1|92|
13|247|256|0|108|1|92|
13|246|240|0|108|1|92|
13|246|240|0|108|1|92|
13|246|240|0|108|1|92|
13|246|240|0|108|1|92|
13|247|256|0|108|1|92|
13|246|240|0|108|1|92|
13|246|256|0|108|1|92|
13|246|240|0|108|1|92|
13|248|240|0|108|1|92|
13|247|256|0|108|1|92|
13|246|256|0|108|1|92|
13|246|256|0|108|1|92|
13|246|240|0|108|1|92|
13|246|256|0|108|1|92|
13|246|240|0|108|1|92|
13|246|240|0|108|1|92|
13|246|256|0|108|1|92|
13|245|256|0|107|1|92|
13|248|256|0|108|1|92|
13|246|240|0|108|1|92|
13|246|240|0|108|1|92|
13|246|256|0|108|1|92|
13|246|256|0|108|1|92|
13|246|240|0|108|1|92|
13|246|240|0|108|1|92|
13|246|256|0|108|1|92|
13|245|256|0|107|1|92|
13|246|256|0|108|1|92|
13|245|256|0|107|1|92|
13|246|240|0|108|1|92|
13|247|256|0|108|1|92|
13|245|240|0|107|1|92|
13|245|256|0|107|1|92|
13|245|240|0|107|1|92|
13|246|256|0|108|1|92|
13|248|240|0|108|1|92|
13|245|240|0|107|1|92|
13|361|352|0|146|1|92|
13|246|240|0|108|1|92|
13|246|240|0|108|1|92|
13|246|256|0|108|1|92|
13|246|256|0|108|1|92|
13|245|240|0|107|1|92|
13|380|384|0|149|1|92|
13|246|240|0|108|1|92|
13|248|240|0|108|1|92|
13|246|256|0|108|1|92|
13|246|240|0|108|1|92|
13|246|240|0|108|1|92|
13|245|240|0|107|1|92|
13|342|336|0|140|1|92|
13|245|256|0|107|1|92|
13|249|240|0|109|1|92|
13|245|240|0|107|1|92|
13|422|416|0|149|1|92|
13|246|240|0|108|1|92|
13|247|256|0|108|1|92|
13|246|256|0|108|1|92|
13|248|256|0|108|1|92|
13|248|256|0|108|1|92|
13|246|240|0|108|1|92|
13|251|256|0|109|1|92|
13|249|256|0|109|1|92|
13|246|240|0|108|1|92|
13|245|240|0|107|1|92|
13|245|240|0|107|1|92|
13|249|256|0|109|1|92|
13|249|256|0|109|1|92|
13|248|240|0|108|1|92|
13|246|240|0|108|1|92|
13|249|256|0|109|1|92|
13|245|224|0|107|1|92|
13|249|240|0|109|1|92|
13|246|256|0|108|1|92|
13|249|256|0|109|1|92|
13|246|240|0|108|1|92|
13|246|240|0|108|1|92|
13|246|240|0|108|1|92|
13|246|240|0|108|1|92|
13|246|240|0|108|1|92|
13|245|256|0|107|1|92|
13|246|240|0|108|1|92|
13|343|336|0|140|1|92|
13|246|256|0|108|1|92|
13|245|256|0|107|1|92|
13|247|240|0|108|1|92|
13|246|256|0|108|1|92|
13|246|256|0|108|1|92|
13|247|240|0|108|1|92|
13|246|256|0|108|1|92|
13|247|240|0|108|1|92|
13|248|240|0|108|1|92|
13|249|256|0|109|1|92|
13|248|256|0|108|1|92|
13|248|240|0|108|1|92|
13|247|240|0|108|1|92|
13|247|240|0|108|1|92|
13|246|256|0|108|1|92|
13|246|256|0|108|1|92|
13|245|240|0|107|1|92|
13|247|240|0|108|1|92|
13|245|256|0|107|1|92|
13|248|256|0|108|1|92|
13|246|256|0|108|1|92|
13|246|240|0|108|1|92|
13|246|256|0|108|1|92|
13|246|240|0|108|1|92|
13|249|240|0|109|1|92|
13|245|240|0|107|1|92|
13|246|240|0|108|1|92|
13|245|240|0|107|1|92|
13|246|224|0|108|1|92|
13|246|256|0|108|1|92|
13|246|240|0|108|1|92|
13|245|240|0|107|1|92|
13|245|256|0|107|1|92|
13|431|432|0|149|1|92|
13|246|240|0|108|1|92|
13|246|240|0|108|1|92|
13|246|240|0|108|1|92|
13|246|256|0|108|1|92|
13|248|240|0|108|1|92|
13|246|256|0|108|1|92|
13|245|240|0|107|1|92|
13|246|240|0|108|1|92|
13|248|240|0|108|1|92|
13|246|240|0|108|1|92|
13|247|240|0|108|1|92|
13|245|256|0|107|1|92|
13|246|240|0|108|1|92|
13|247|240|0|108|1|92|
13|246|256|0|108|1|92|
13|245|224|0|107|1|92|
13|246|240|0|108|1|92|
13|246|256|0|108|1|92|
13|245|240|0|107|1|92|
13|247|256|0|108|1|92|
13|245|256|0|107|1|92|
13|246|256|0|108|1|92|
13|247|240|0|108|1|92|
13|246|240|0|108|1|92|
13|247|224|0|108|1|92|
13|248|256|0|108|1|92|
13|246|256|0|108|1|92|
13|248|240|0|108|1|92|
13|246|256|0|108|1|92|
13|246|240|0|108|1|92|
13|245|240|0|107|1|92|
13|246|256|0|108|1|92|
13|245|240|0|107|1|92|
13|248|256|0|108|1|92|
13|246|240|0|108|1|92|
13|249|256|0|109|1|92|
13|246|240|0|108|1|92|
13|245|256|0|107|1|92|
13|245|240|0|107|1|92|
13|246|256|0|108|1|92|
13|246|256|0|108|1|92|
13|246|240|0|108|1|92|
13|246|256|0|108|1|92|
13|245|240|0|107|1|92|
13|245|240|0|107|1|92|
13|246|240|0|108|1|92|
13|246|240|0|108|1|92|
13|246|240|0|108|1|92|
13|246|256|0|108|1|92|
13|248|240|0|108|1|92|
13|248|240|0|108|1|92|
13|248|240|0|108|1|92|
13|246|256|0|108|1|92|
13|246|240|0|108|1|92|
13|247|240|0|108|1|92|
13|254|240|0|110|1|92|
13|250|256|0|109|1|92|
13|248|256|0|108|1|92|
13|248|240|0|108|1|92|
13|288|288|0|122|1|92|
13|245|240|0|107|1|92|
13|245|240|0|107|1|92|
13|246|240|0|108|1|92|
13|245|240|0|107|1|92|
13|246|256|0|108|1|92|
13|246|256|0|108|1|92|
13|245|224|0|107|1|92|
13|251|256|0|109|1|92|
13|246|256|0|108|1|92|
13|245|240|0|107|1|92|
13|246|240|0|108|1|92|
13|246|256|0|108|1|92|
13|245|256|0|107|1|92|
13|246|256|0|108|1|92|
13|246|240|0|108|1|92|
13|246|240|0|108|1|92|
13|245|240|0|107|1|92|
13|245|224|0|107|1|92|
13|246|240|0|108|1|92|
13|246|240|0|108|1|92|
13|246|240|0|108|1|92|
13|248|256|0|108|1|92|
13|245|240|0|107|1|92|
13|245|240|0|107|1|92|
13|245|240|0|107|1|92|
13|248|256|0|108|1|92|
13|245|240|0|107|1|92|
13|245|256|0|107|1|92|
13|246|240|0|108|1|92|
13|247|256|0|108|1|92|
13|246|240|0|107|1|92|
13|245|240|0|107|1|92|
13|246|240|0|108|1|92|
13|246|256|0|108|1|92|
13|245|256|0|107|1|92|
13|245|240|0|107|1|92|
13|245|240|0|107|1|92|
13|245|256|0|107|1|92|
13|246|240|0|108|1|92|
13|246|240|0|108|1|92|
13|334|336|0|137|1|92|
13|244|240|0|107|1|92|
13|245|240|0|107|1|92|
13|249|240|0|109|1|92|
13|247|240|0|108|1|92|
13|249|240|0|109|1|92|
13|246|240|0|108|1|92|
13|245|240|0|107|1|92|
13|246|240|0|108|1|92|
13|246|240|0|108|1|92|
13|246|240|0|108|1|92|
13|249|240|0|109|1|92|
13|248|256|0|108|1|92|
13|249|240|0|109|1|92|
13|245|240|0|107|1|92|
13|246|240|0|108|1|92|
13|246|240|0|108|1|92|
13|247|240|0|108|1|92|
13|248|240|0|108|1|92|
13|246|256|0|108|1|92|
13|246|240|0|108|1|92|
13|248|256|0|108|1|92|
13|246|240|0|108|1|92|
13|246|240|0|108|1|92|
13|246|240|0|108|1|92|
13|246|240|0|108|1|92|
13|245|256|0|107|1|92|
13|246|240|0|108|1|92|
13|245|256|0|107|1|92|
13|245|256|0|107|1|92|
13|247|256|0|108|1|92|
13|245|256|0|107|1|92|
13|246|240|0|108|1|92|
13|246|256|0|108|1|92|
13|467|464|0|149|1|92|
13|246|240|0|108|1|92|
13|245|256|0|107|1|92|
13|249|256|0|109|1|92|
13|245|256|0|107|1|92|
13|246|240|0|108|1|92|
13|246|240|0|108|1|92|
13|245|240|0|107|1|92|
13|246|240|0|108|1|92|
13|246|256|0|108|1|92|
13|249|256|0|109|1|92|
13|245|256|0|107|1|92|
13|249|240|0|109|1|92|
13|245|240|0|107|1|92|
13|246|256|0|108|1|92|
13|246|240|0|108|1|92|
13|246|256|0|108|1|92|
13|246|256|0|108|1|92|
13|249|256|0|109|1|92|
13|249|256|0|109|1|92|
13|248|240|0|108|1|92|
13|246|240|0|108|1|92|
13|248|256|0|108|1|92|
13|249|240|0|109|1|92|
13|246|224|0|108|1|92|
13|246|256|0|108|1|92|
13|366|352|0|148|1|92|
13|246|256|0|108|1|92|
13|246|256|0|108|1|92|
13|248|240|0|108|1|92|
13|245|240|0|107|1|92|
13|245|256|0|107|1|92|
13|245|256|0|107|1|92|
13|246|240|0|108|1|92|
13|248|256|0|108|1|92|
13|245|256|0|107|1|92|
13|245|240|0|107|1|92|
13|250|240|0|109|1|92|
13|246|256|0|108|1|92|
13|246|256|0|108|1|92|
13|250|256|0|109|1|92|
13|246|256|0|108|1|92|
13|249|256|0|109|1|92|
13|246|240|0|108|1|92|
13|245|224|0|107|1|92|
13|246|240|0|108|1|92|
13|245|240|0|107|1|92|
13|246|240|0|108|1|92|
13|246|240|0|108|1|92|
13|269|256|0|374|1|38|
13|249|256|0|109|1|92|
13|283|240|0|173|1|56|
13|283|208|0|120|1|92|
13|277|208|0|118|1|92|
13|259|240|0|112|1|92|
13|251|224|0|109|1|92|
13|245|256|0|107|1|92|
13|246|240|0|108|1|92|
13|247|256|0|108|1|92|
13|245|240|0|107|1|92|
13|245|240|0|107|1|92|
13|246|256|0|108|1|92|
13|248|256|0|108|1|92|
13|249|256|0|109|1|92|
13|249|256|0|109|1|92|
13|245|240|0|107|1|92|
13|247|256|0|108|1|92|
13|246|240|0|108|1|92|
13|248|256|0|108|1|92|
13|245|240|0|107|1|92|
13|244|256|0|107|1|92|
13|263|208|0|113|1|92|
13|246|224|0|108|1|92|
13|248|240|0|108|1|92|
13|248|240|0|108|1|92|
13|245|240|0|107|1|92|
13|245|240|0|107|1|92|
13|246|256|0|108|1|92|
13|249|240|0|109|1|92|
13|246|240|0|108|1|92|
13|252|240|0|110|1|92|
13|264|224|0|114|1|92|
13|246|256|0|108|1|92|
13|284|240|0|250|1|43|
13|295|240|0|240|1|70|
13|283|224|0|360|1|40|
13|286|240|0|359|1|29|
13|277|224|0|396|1|45|
13|294|256|0|456|1|35|
13|279|240|0|423|1|38|
13|324|288|0|169|1|63|
13|396|336|0|390|1|42|
13|281|224|0|376|1|54|
13|281|240|0|167|1|35|
13|261|224|0|114|1|72|
13|282|240|0|148|1|63|
13|296|208|0|185|1|38|
13|290|208|0|175|1|66|
13|284|208|0|403|0|1|
13|303|208|0|261|1|70|
13|424|288|0|242|1|54|
13|312|208|0|371|1|38|
13|393|224|0|437|1|40|
13|344|208|0|136|1|72|
13|318|192|0|436|1|42|
13|339|192|0|174|1|70|
13|329|208|0|128|1|50|
13|331|192|0|796|1|30|
13|322|176|0|200|1|79|
13|348|224|0|276|1|31|
13|312|192|0|254|1|61|
13|324|208|0|623|1|32|
13|329|208|0|257|1|53|
13|317|208|0|269|1|33|
13|334|208|0|219|1|40|
13|320|192|0|319|1|51|
13|334|208|0|120|1|60|
13|387|240|0|597|1|40|
13|328|192|0|393|1|67|
13|317|192|0|378|1|61|
13|326|208|0|192|1|68|
13|332|192|0|441|1|52|
13|346|208|0|373|1|52|
13|354|240|0|259|1|45|
13|318|192|0|130|1|68|
13|359|240|0|221|1|63|
13|321|192|0|250|1|70|
13|322|192|0|296|1|47|
13|333|192|0|348|1|47|
13|338|192|0|576|1|26|
13|357|208|0|720|1|38|
13|347|208|0|591|1|27|
13|322|208|0|443|1|37|
13|331|208|0|395|1|48|
13|321|208|0|638|1|31|
13|332|192|0|658|1|34|
13|328|224|0|271|1|41|
13|339|192|0|439|1|23|
13|341|224|0|554|1|41|
13|489|288|0|351|1|38|
13|332|224|0|632|1|34|
13|340|208|0|220|1|41|
13|341|192|0|479|1|39|
13|309|176|0|151|0|0|
13|328|208|0|139|1|39|
13|329|208|0|241|1|66|
13|336|208|0|315|1|58|
13|339|192|0|357|1|58|
13|327|192|0|335|1|52|
13|316|192|0|166|1|64|
13|323|208|0|594|1|34|
13|375|224|0|204|1|84|
13|503|336|0|459|1|47|
13|322|192|0|141|1|76|
13|304|192|0|139|1|72|
13|355|208|0|282|1|41|
13|317|208|0|307|1|44|
13|488|288|0|284|1|37|
13|317|176|0|199|1|72|
13|505|304|0|477|1|39|
13|351|208|0|350|1|44|
13|346|192|0|681|1|33|
13|337|208|0|412|1|65|
13|340|224|0|271|1|63|
13|306|192|0|308|1|60|
13|353|224|0|286|1|68|
13|309|176|0|239|1|76|
13|414|272|0|194|1|60|
13|327|224|0|205|1|54|
13|369|256|0|293|1|56|
13|319|208|0|451|1|28|
13|469|304|0|239|1|46|
13|331|192|0|449|1|42|
13|336|208|0|436|1|58|
13|334|192|0|174|1|72|
13|321|208|0|403|1|45|
13|356|208|0|256|1|36|
13|338|224|0|202|1|57|
13|343|192|0|503|1|35|
13|315|208|0|353|1|33|
13|335|192|0|247|1|30|
13|334|192|0|519|1|36|
13|306|208|0|423|1|36|
13|344|240|0|215|1|50|
13|348|192|0|651|1|32|
13|327|192|0|279|1|35|
13|316|192|0|376|1|32|
13|312|208|0|166|1|66|
13|314|208|0|426|1|33|
13|318|192|0|280|1|35|
13|352|224|0|108|1|40|
13|450|288|0|636|1|23|
13|315|192|0|231|1|70|
13|318|208|0|249|1|61|
13|344|208|0|623|1|35|
13|301|192|0|126|1|92|
13|308|176|0|128|1|92|
13|305|192|0|127|1|92|
13|267|208|0|115|1|92|
13|256|224|0|111|1|92|
13|256|224|0|111|1|92|
13|246|240|0|108|1|92|
13|248|256|0|108|1|92|
13|248|256|0|108|1|92|
13|245|256|0|107|1|92|
13|246|256|0|108|1|92|
13|250|256|0|109|1|92|
13|246|240|0|108|1|92|
13|251|256|0|109|1|92|
13|245|256|0|107|1|92|
13|248|240|0|108|1|92|
13|246|256|0|108|1|92|
13|246|256|0|108|1|92|
13|245|256|0|107|1|92|
13|246|240|0|108|1|92|
13|251|240|0|109|1|92|
13|256|240|0|111|1|92|
13|246|240|0|108|1|92|
13|246|256|0|108|1|92|
13|247|240|0|108|1|92|
13|246|240|0|108|1|92|
13|246|256|0|108|1|92|
13|246|240|0|108|1|92|
13|247|256|0|108|1|92|
13|246|240|0|108|1|92|
13|246|240|0|108|1|92|
13|246|256|0|108|1|92|
13|245|256|0|107|1|92|
13|246|240|0|108|1|92|
13|246|256|0|108|1|92|
13|248|240|0|108|1|92|
13|248|240|0|108|1|92|
13|248|256|0|108|1|92|
13|246|256|0|108|1|92|
13|248|240|0|108|1|92|
13|245|240|0|107|1|92|
13|246|240|0|108|1|92|
13|248|240|0|108|1|92|
13|245|224|0|107|1|92|
13|248|256|0|108|1|92|
13|244|256|0|107|1|92|
13|246|240|0|108|1|92|
13|246|256|0|108|1|92|
13|245|224|0|107|1|92|
13|249|240|0|109|1|92|
13|258|224|0|112|1|92|
13|245|224|0|107|1|92|
13|246|240|0|108|1|92|
13|246|256|0|107|1|92|
13|246|224|0|108|1|92|
13|246|256|0|108|1|92|
13|275|240|0|391|1|37|
13|289|224|0|122|1|92|
13|261|208|0|113|1|92|
13|256|224|0|111|1|92|
13|259|240|0|112|1|92|
13|246|240|0|108|1|92|
13|249|256|0|109|1|92|
13|247|256|0|108|1|92|
13|248|240|0|108|1|92|
13|246|256|0|108|1|92|
13|251|240|0|109|1|92|
13|246|240|0|108|1|92|
13|245|224|0|107|1|92|
13|246|240|0|108|1|92|
13|268|256|0|170|1|66|
13|247|256|0|108|1|92|
13|246|240|0|108|1|92|
13|247|256|0|108|1|92|
13|250|256|0|109|1|92|
13|247|256|0|108|1|92|
13|247|256|0|108|1|92|
13|392|400|0|149|1|92|
13|246|240|0|108|1|92|
13|249|240|0|109|1|92|
13|246|256|0|107|1|92|
13|249|240|0|109|1|92|
13|246|240|0|108|1|92|
13|245|240|0|107|1|92|
13|244|256|0|107|1|92|
13|246|256|0|108|1|92|
13|248|256|0|108|1|92|
13|245|240|0|107|1|92|
13|248|240|0|108|1|92|
13|446|448|0|149|1|92|
13|246|256|0|108|1|92|
13|247|240|0|108|1|92|
13|246|256|0|108|1|92|
13|247|240|0|108|1|92|
13|247|240|0|108|1|92|
13|246|240|0|108|1|92|
13|464|464|0|149|1|92|
13|249|256|0|109|1|92|
13|249|256|0|109|1|92|
13|246|240|0|108|1|92|
13|249|240|0|109|1|92|
13|245|240|0|107|1|92|
13|246|256|0|108|1|92|
13|246|240|0|108|1|92|
13|246|224|0|108|1|92|
13|248|256|0|108|1|92|
13|245|240|0|107|1|92|
13|246|240|0|108|1|92|
13|246|240|0|108|1|92|
13|245|240|0|107|1|92|
13|249|256|0|109|1|92|
13|246|256|0|108|1|92|
13|245|256|0|107|1|92|
13|245|240|0|107|1|92|
13|250|240|0|109|1|92|
13|246|240|0|108|1|92|
13|248|256|0|108|1|92|
13|246|240|0|108|1|92|
