INSTRUCTIONS_RETIRED|CYCLES|UNKNOWN|LD_BLOCKS.STORE_FORWARD|UOPS_EXECUTED.CORE|BR_MISP_RETIRED.ALL_BRANCHES|UOPS_ISSUED.SLOW_LEA|
13|282|208|0|120|1|116|
13|247|256|0|108|1|106|
13|244|240|0|107|1|104|
13|244|240|0|107|1|102|
13|246|256|0|108|1|104|
13|285|288|0|351|1|57|
13|244|240|0|107|1|102|
13|244|256|0|107|1|104|
13|245|240|0|108|1|104|
13|247|240|0|108|1|104|
13|245|240|0|108|1|104|
13|255|272|0|111|1|108|
13|266|288|0|115|1|110|
13|288|256|0|532|1|51|
13|277|208|0|118|1|114|
13|276|224|0|118|1|114|
13|244|256|0|107|1|104|
13|244|240|0|107|1|102|
13|245|256|0|107|1|104|
13|246|256|0|108|1|106|
13|247|256|0|108|1|104|
13|247|256|0|108|1|104|
13|249|224|0|109|1|104|
13|249|240|0|109|1|104|
13|725|720|0|179|1|122|
13|246|256|0|108|1|104|
13|246|240|0|108|1|102|
13|247|256|0|108|1|104|
13|245|256|0|108|1|104|
13|244|240|0|107|1|102|
13|246|240|0|108|1|104|
13|245|224|0|108|1|102|
13|249|256|0|109|1|106|
13|246|240|0|108|1|104|
13|247|240|0|108|1|104|
13|245|240|0|108|1|104|
13|248|240|0|108|1|104|
13|245|224|0|108|1|104|
13|247|240|0|108|1|104|
13|244|240|0|107|1|102|
13|247|240|0|108|1|104|
13|245|240|0|108|1|104|
13|247|256|0|108|1|104|
13|245|240|0|108|1|104|
13|247|240|0|108|1|104|
13|245|240|0|108|1|104|
13|247|256|0|108|1|104|
13|249|256|0|109|1|104|
13|251|240|0|109|1|104|
13|245|256|0|107|1|102|
13|248|256|0|108|1|104|
13|247|240|0|108|1|104|
13|248|256|0|108|1|104|
13|244|256|0|107|1|102|
13|247|240|0|108|1|104|
13|245|240|0|108|1|104|
13|245|256|0|108|1|104|
13|245|256|0|108|1|104|
13|246|256|0|108|1|104|
13|247|240|0|108|1|106|
13|245|256|0|108|1|104|
13|245|256|0|108|1|102|
13|245|240|0|108|1|104|
13|245|240|0|108|1|104|
13|247|240|0|108|1|104|
13|248|256|0|108|1|104|
13|250|240|0|109|1|104|
13|265|256|0|148|1|59|
13|284|224|0|205|1|67|
13|274|240|0|269|1|36|
13|279|192|0|119|1|114|
13|277|208|0|118|1|116|
13|260|224|0|113|1|108|
13|264|224|0|114|1|108|
13|245|240|0|108|1|104|
13|249|256|0|109|1|104|
13|249|240|0|109|1|104|
13|246|240|0|108|1|104|
13|245|256|0|108|1|104|
13|245|240|0|108|1|104|
13|250|224|0|109|1|106|
13|248|240|0|109|1|106|
13|245|256|0|108|1|104|
13|245|256|0|108|1|104|
13|251|256|0|109|1|104|
13|246|256|0|108|1|104|
13|246|240|0|108|1|104|
13|250|240|0|109|1|104|
13|244|240|0|107|1|104|
13|248|256|0|109|1|106|
13|263|256|0|285|1|44|
13|252|256|0|110|1|104|
13|249|256|0|109|1|104|
13|245|240|0|107|1|104|
13|245|256|0|108|1|104|
13|247|240|0|108|1|106|
13|246|256|0|108|1|104|
13|246|240|0|108|1|102|
13|245|240|0|108|1|102|
13|378|336|0|209|1|52|
13|249|256|0|109|1|104|
13|246|240|0|108|1|104|
13|251|240|0|109|1|106|
13|249|256|0|109|1|104|
13|245|256|0|108|1|104|
13|246|256|0|108|1|104|
13|245|256|0|107|1|102|
13|244|240|0|107|1|102|
13|246|240|0|108|1|104|
13|244|240|0|107|1|104|
13|248|256|0|109|1|106|
13|245|240|0|108|1|104|
13|266|272|0|299|1|44|
13|303|304|0|109|1|106|
13|245|240|0|108|1|104|
13|247|240|0|108|1|104|
13|244|240|0|107|1|102|
13|247|256|0|108|1|102|
13|247|256|0|108|1|104|
13|246|240|0|108|1|104|
13|249|240|0|109|1|104|
13|247|240|0|108|1|104|
13|248|224|0|108|1|102|
13|245|224|0|108|1|104|
13|245|240|0|108|1|104|
13|246|240|0|108|1|104|
13|244|240|0|107|1|102|
13|247|240|0|108|1|104|
13|245|256|0|108|1|104|
13|247|240|0|108|1|106|
13|246|240|0|108|1|104|
13|248|224|0|108|1|104|
13|248|240|0|108|1|104|
13|248|240|0|109|1|106|
13|245|240|0|108|1|104|
13|246|256|0|108|1|104|
13|245|240|0|108|1|104|
13|248|240|0|109|1|106|
13|245|240|0|107|1|102|
13|245|256|0|107|1|104|
13|251|256|0|109|1|106|
13|245|240|0|107|1|102|
13|246|240|0|108|1|106|
13|245|240|0|107|1|104|
13|244|256|0|107|1|104|
13|245|240|0|108|1|104|
13|245|240|0|108|1|104|
13|245|240|0|108|1|104|
13|245|256|0|108|1|102|
13|246|240|0|108|1|104|
13|245|256|0|108|1|104|
13|244|240|0|107|1|102|
13|249|256|0|109|1|104|
13|250|256|0|109|1|106|
13|248|240|0|109|1|106|
13|244|256|0|107|1|102|
13|424|416|0|167|1|122|
13|244|256|0|107|1|104|
13|246|256|0|108|1|106|
13|245|240|0|108|1|104|
13|246|256|0|108|1|106|
13|245|256|0|108|1|102|
13|246|256|0|108|1|106|
13|248|256|0|108|1|104|
13|245|240|0|108|1|104|
13|247|256|0|108|1|104|
13|244|240|0|107|1|104|
13|247|240|0|108|1|104|
13|244|256|0|107|1|102|
13|246|256|0|108|1|104|
13|248|256|0|108|1|102|
13|245|240|0|108|1|104|
13|246|256|0|108|1|106|
13|245|240|0|108|1|104|
13|244|224|0|107|1|102|
13|561|576|0|179|1|122|
13|248|240|0|108|1|104|
13|245|240|0|108|1|104|
13|246|256|0|108|1|104|
13|245|256|0|107|1|104|
13|248|240|0|109|1|106|
13|245|240|0|108|1|104|
13|249|240|0|109|1|104|
13|245|240|0|107|1|104|
13|246|256|0|108|1|104|
13|245|256|0|108|1|104|
13|246|240|0|108|1|104|
13|246|240|0|108|1|106|
13|246|256|0|108|1|106|
13|245|240|0|108|1|104|
13|245|224|0|108|1|104|
13|246|240|0|108|1|104|
13|246|240|0|108|1|104|
13|245|256|0|108|1|104|
13|245|256|0|108|1|104|
13|248|240|0|108|1|104|
13|245|240|0|108|1|104|
13|250|240|0|109|1|106|
13|244|240|0|107|1|102|
13|245|256|0|108|1|104|
13|248|240|0|109|1|106|
13|249|256|0|109|1|104|
13|245|240|0|108|1|104|
13|245|240|0|108|1|104|
13|245|240|0|108|1|104|
13|245|256|0|108|1|104|
13|323|320|0|134|1|122|
13|245|256|0|108|1|104|
13|245|240|0|108|1|104|
13|247|240|0|108|1|104|
13|248|256|0|109|1|104|
13|245|256|0|108|1|104|
13|245|240|0|108|1|104|
13|245|256|0|108|1|104|
13|247|224|0|108|1|104|
13|246|240|0|108|1|104|
13|247|256|0|108|1|104|
13|245|240|0|108|1|104|
13|245|224|0|107|1|104|
13|248|256|0|109|1|106|
13|245|240|0|107|1|102|
13|249|256|0|109|1|104|
13|244|256|0|107|1|104|
13|248|240|0|109|1|104|
13|246|240|0|108|1|104|
13|245|240|0|108|1|104|
13|246|240|0|108|1|104|
13|407|400|0|161|1|122|
13|246|256|0|108|1|104|
13|248|256|0|108|1|104|
13|244|240|0|107|1|104|
13|245|256|0|108|1|104|
13|244|240|0|107|1|102|
13|245|240|0|108|1|104|
13|247|256|0|108|1|104|
13|245|256|0|107|1|104|
13|245|256|0|108|1|104|
13|244|256|0|107|1|102|
13|245|240|0|108|1|104|
13|244|256|0|107|1|102|
13|245|256|0|107|1|104|
13|246|256|0|108|1|104|
13|245|240|0|108|1|104|
13|247|256|0|108|1|104|
13|247|240|0|108|1|104|
13|245|240|0|108|1|104|
13|245|256|0|107|1|102|
13|247|240|0|108|1|106|
13|246|256|0|108|1|106|
13|282|208|0|120|1|116|
13|276|208|0|118|1|116|
13|275|208|0|118|1|116|
13|253|240|0|110|1|104|
13|245|256|0|108|1|104|
13|245|240|0|108|1|104|
13|246|240|0|108|1|104|
13|245|256|0|108|1|104|
13|245|240|0|108|1|104|
13|246|256|0|108|1|104|
13|245|256|0|107|1|104|
13|245|240|0|108|1|104|
13|246|240|0|108|1|104|
13|246|240|0|108|1|104|
13|244|224|0|107|1|104|
13|244|224|0|107|1|102|
13|247|256|0|108|1|104|
13|244|240|0|107|1|102|
13|247|256|0|108|1|106|
13|244|240|0|107|1|104|
13|247|240|0|108|1|104|
13|245|240|0|108|1|104|
13|249|256|0|109|1|104|
13|248|240|0|109|1|106|
13|245|240|0|108|1|104|
13|248|240|0|109|1|106|
13|245|256|0|108|1|104|
13|244|240|0|107|1|104|
13|245|240|0|108|1|104|
13|251|240|0|109|1|106|
13|244|256|0|107|1|104|
13|245|240|0|108|1|102|
13|245|240|0|107|1|104|
13|246|240|0|108|1|104|
13|245|240|0|108|1|104|
13|245|256|0|107|1|102|
13|245|256|0|108|1|104|
13|245|256|0|108|1|104|
13|246|256|0|108|1|104|
13|245|240|0|108|1|104|
13|245|240|0|108|1|104|
13|245|240|0|107|1|104|
13|247|240|0|108|1|104|
13|245|240|0|108|1|104|
13|245|240|0|107|1|102|
13|245|240|0|108|1|102|
13|244|224|0|107|1|102|
13|246|256|0|108|1|106|
13|245|240|0|108|1|104|
13|246|240|0|108|1|102|
13|248|256|0|108|1|104|
13|246|256|0|108|1|104|
13|245|256|0|108|1|104|
13|279|256|0|112|2|108|
13|258|224|0|112|1|108|
13|251|240|0|110|1|104|
13|247|256|0|108|1|106|
13|245|240|0|108|1|104|
13|249|240|0|109|1|106|
13|245|240|0|108|1|104|
13|245|240|0|108|1|104|
13|245|240|0|108|1|104|
13|247|256|0|108|1|106|
13|245|240|0|108|1|104|
13|245|240|0|108|1|104|
13|245|256|0|108|1|104|
13|246|240|0|108|1|104|
13|300|304|0|126|1|120|
13|245|256|0|108|1|104|
13|246|240|0|108|1|106|
13|247|240|0|108|1|104|
13|246|256|0|108|1|104|
13|245|256|0|108|1|102|
13|246|240|0|108|1|104|
13|281|272|0|120|1|116|
13|245|256|0|108|1|102|
13|228|208|0|59|0|4|
13|248|240|0|109|1|106|
13|248|256|0|109|1|106|
13|248|240|0|109|1|106|
13|244|240|0|107|1|104|
13|350|352|0|142|1|122|
13|245|240|0|108|1|104|
13|245|240|0|108|1|104|
13|245|240|0|108|1|104|
13|244|240|0|107|1|102|
13|249|240|0|109|1|106|
13|244|224|0|107|1|102|
13|248|256|0|108|1|104|
13|244|240|0|107|1|104|
13|247|240|0|108|1|104|
13|244|256|0|107|1|102|
13|245|240|0|108|1|104|
13|246|240|0|108|1|104|
13|245|240|0|108|1|104|
13|245|240|0|108|1|104|
13|244|256|0|107|1|102|
13|244|240|0|107|1|102|
13|245|256|0|108|1|104|
13|245|240|0|108|1|104|
13|248|256|0|109|1|104|
13|246|240|0|108|1|104|
13|246|240|0|108|1|104|
13|249|256|0|109|1|104|
13|244|240|0|107|1|102|
13|248|240|0|109|1|106|
13|248|256|0|109|1|104|
13|247|256|0|108|1|104|
13|248|256|0|109|1|106|
13|247|224|0|108|1|104|
13|248|256|0|109|1|104|
13|246|240|0|108|1|102|
13|245|240|0|108|1|104|
13|244|240|0|107|1|102|
13|248|256|0|109|1|106|
13|246|256|0|108|1|104|
13|249|224|0|109|1|106|
13|246|240|0|108|1|104|
13|246|240|0|108|1|104|
13|245|256|0|108|1|104|
13|247|256|0|108|1|104|
13|247|240|0|108|1|104|
13|246|240|0|108|1|104|
13|246|240|0|108|1|104|
13|247|240|0|108|1|104|
13|247|240|0|108|1|106|
13|247|256|0|108|1|104|
13|247|240|0|108|1|104|
13|248|256|0|109|1|104|
13|249|256|0|109|1|104|
13|249|240|0|109|1|104|
13|245|240|0|108|1|104|
13|244|240|0|107|1|102|
13|246|256|0|108|1|106|
13|245|256|0|108|1|104|
13|250|256|0|109|1|106|
13|244|256|0|107|1|102|
13|249|240|0|109|1|106|
13|244|224|0|107|1|104|
13|245|240|0|107|1|102|
13|246|224|0|108|1|104|
13|245|256|0|108|1|104|
13|245|240|0|107|1|104|
13|245|240|0|108|1|104|
13|245|256|0|108|1|104|
13|245|256|0|108|1|104|
13|248|240|0|109|1|104|
13|245|256|0|108|1|104|
13|248|256|0|109|1|106|
13|251|256|0|110|1|104|
13|245|240|0|108|1|104|
13|247|256|0|108|1|106|
13|275|272|0|118|1|116|
13|245|240|0|108|1|104|
13|248|256|0|109|1|106|
13|245|256|0|108|1|104|
13|246|224|0|108|1|104|
13|247|240|0|108|1|104|
13|245|256|0|108|1|104|
13|245|240|0|108|1|104|
13|251|256|0|109|1|106|
13|246|240|0|108|1|104|
13|245|240|0|108|1|104|
13|247|256|0|108|1|104|
13|247|256|0|108|1|104|
13|248|256|0|108|1|104|
13|247|256|0|108|1|104|
13|249|256|0|109|1|106|
13|248|256|0|108|1|104|
13|247|240|0|108|1|102|
13|246|256|0|108|1|104|
13|245|256|0|108|1|104|
13|245|256|0|107|1|104|
13|246|240|0|108|1|104|
13|282|288|0|120|1|116|
13|248|256|0|109|1|106|
13|248|256|0|109|1|106|
13|247|256|0|108|1|104|
13|247|256|0|108|1|104|
13|247|240|0|108|1|104|
13|248|256|0|108|1|104|
13|245|240|0|108|1|104|
13|244|240|0|107|1|102|
13|246|256|0|108|1|104|
13|245|256|0|108|1|104|
13|245|256|0|108|1|104|
13|245|256|0|108|1|104|
13|245|256|0|108|1|104|
13|245|256|0|108|1|104|
13|245|240|0|108|1|104|
13|245|240|0|108|1|104|
13|247|240|0|108|1|102|
13|246|256|0|108|1|106|
13|394|400|0|157|1|122|
13|246|256|0|108|1|104|
13|247|240|0|108|1|104|
13|245|240|0|108|1|102|
13|245|240|0|108|1|104|
13|249|256|0|109|1|106|
13|247|256|0|108|1|104|
13|246|256|0|108|1|104|
13|247|240|0|108|1|104|
13|246|240|0|108|1|104|
13|247|256|0|108|1|104|
13|245|256|0|108|1|102|
13|245|240|0|108|1|104|
13|247|240|0|108|1|104|
13|249|240|0|109|1|104|
13|414|400|0|164|1|122|
13|246|240|0|108|1|104|
13|247|256|0|108|1|104|
13|245|240|0|108|1|104|
13|245|224|0|107|1|102|
13|244|240|0|107|1|102|
13|246|224|0|108|1|104|
13|245|256|0|108|1|104|
13|248|240|0|109|1|104|
13|245|240|0|107|1|102|
13|251|240|0|109|1|106|
13|246|240|0|108|1|104|
13|246|240|0|108|1|104|
13|248|256|0|108|1|104|
13|245|256|0|108|1|104|
13|244|240|0|107|1|102|
13|245|240|0|108|1|104|
13|245|240|0|107|1|102|
13|246|240|0|108|1|104|
13|246|240|0|108|1|106|
13|252|240|0|110|1|104|
13|246|240|0|108|1|106|
13|248|256|0|109|1|104|
13|246|256|0|108|1|104|
13|245|256|0|108|1|104|
13|245|240|0|108|1|104|
13|244|240|0|107|1|104|
13|245|256|0|108|1|104|
13|245|256|0|108|1|104|
13|272|272|0|211|1|37|
13|245|256|0|107|1|104|
13|245|240|0|108|1|104|
13|258|224|0|112|1|108|
13|244|240|0|107|1|102|
13|245|224|0|108|1|102|
13|246|256|0|108|1|106|
13|247|256|0|108|1|106|
13|245|256|0|108|1|104|
13|245|240|0|108|1|104|
13|245|240|0|108|1|102|
13|248|256|0|108|1|104|
13|244|256|0|107|1|102|
13|245|256|0|107|1|102|
13|244|240|0|107|1|104|
13|247|240|0|108|1|104|
13|245|256|0|108|1|104|
13|246|256|0|108|1|104|
13|245|240|0|108|1|104|
13|246|256|0|108|1|104|
13|248|224|0|108|1|104|
13|246|256|0|108|1|104|
13|247|256|0|108|1|102|
13|289|288|0|297|2|36|
13|301|224|0|436|1|40|
13|273|208|0|117|1|112|
13|266|208|0|115|1|112|
13|271|224|0|116|1|112|
13|256|240|0|111|1|108|
13|246|256|0|108|1|104|
13|246|240|0|108|1|104|
13|244|240|0|107|1|102|
13|247|256|0|108|1|104|
13|245|256|0|108|1|102|
13|248|240|0|109|1|106|
13|249|240|0|109|1|104|
13|244|240|0|107|1|104|
13|246|256|0|108|1|104|
13|248|256|0|109|1|106|
13|247|240|0|108|1|104|
13|247|240|0|108|1|106|
13|244|240|0|107|1|102|
13|248|240|0|108|1|104|
13|246|240|0|108|1|104|
13|246|240|0|108|1|106|
13|246|256|0|108|1|104|
13|245|256|0|108|1|104|
13|246|240|0|108|1|104|
13|248|240|0|109|1|106|
13|248|256|0|108|1|104|
13|244|240|0|107|1|104|
13|248|256|0|109|1|106|
13|246|240|0|108|1|104|
13|248|224|0|108|1|104|
13|248|256|0|108|1|104|
13|248|240|0|109|1|106|
13|247|256|0|108|1|104|
13|249|256|0|109|1|106|
13|247|240|0|108|1|104|
13|245|240|0|108|1|104|
13|246|240|0|108|1|104|
13|245|240|0|107|1|102|
13|245|240|0|108|1|104|
13|245|240|0|107|1|102|
13|246|240|0|108|1|104|
13|245|240|0|108|1|104|
13|247|256|0|108|1|104|
13|249|256|0|109|1|104|
13|247|224|0|108|1|104|
13|248|256|0|108|1|104|
13|249|256|0|109|1|106|
13|245|256|0|108|1|104|
13|246|240|0|108|1|104|
13|245|240|0|108|1|104|
13|249|224|0|109|1|104|
13|245|256|0|108|1|104|
13|245|256|0|107|1|104|
13|245|224|0|108|1|104|
13|246|240|0|108|1|104|
13|250|256|0|109|1|106|
13|248|240|0|108|1|102|
13|246|240|0|108|1|104|
13|247|256|0|108|1|104|
13|250|256|0|109|1|106|
13|247|256|0|108|1|104|
13|246|256|0|108|1|104|
13|278|272|0|236|1|36|
13|245|256|0|108|1|104|
13|245|256|0|108|1|104|
13|246|256|0|108|1|104|
13|246|240|0|108|1|104|
13|246|256|0|108|1|106|
13|249|240|0|109|1|106|
13|248|256|0|108|1|104|
13|250|256|0|109|1|104|
13|245|240|0|107|1|102|
13|249|240|0|109|1|104|
13|248|240|0|109|1|106|
13|248|256|0|108|1|104|
13|249|240|0|109|1|104|
13|247|240|0|108|1|104|
13|250|240|0|109|1|106|
13|247|256|0|108|1|104|
13|247|256|0|108|1|104|
13|245|240|0|108|1|104|
13|249|240|0|109|1|104|
13|247|240|0|108|1|104|
13|251|240|0|109|1|106|
13|247|256|0|108|1|104|
13|245|240|0|108|1|104|
13|245|240|0|108|1|104|
13|249|224|0|109|1|106|
13|245|240|0|108|1|104|
13|244|256|0|107|1|102|
13|245|240|0|108|1|104|
13|244|240|0|107|1|102|
13|245|240|0|108|1|104|
13|244|240|0|107|1|102|
13|248|240|0|109|1|106|
13|250|256|0|109|1|106|
13|245|256|0|108|1|104|
13|245|256|0|108|1|104|
13|245|240|0|107|1|102|
13|245|240|0|108|1|104|
13|244|240|0|107|1|104|
13|244|240|0|107|1|102|
13|244|240|0|107|1|102|
13|248|256|0|109|1|106|
13|247|256|0|108|1|104|
13|246|240|0|108|1|104|
13|248|240|0|109|1|106|
13|248|240|0|108|1|104|
13|248|240|0|109|1|104|
13|246|256|0|108|1|102|
13|246|256|0|108|1|104|
13|248|240|0|108|1|104|
13|247|240|0|108|1|104|
13|247|240|0|108|1|104|
13|247|240|0|108|1|106|
13|333|336|0|137|1|122|
13|245|240|0|108|1|104|
13|246|240|0|108|1|104|
13|246|256|0|108|1|104|
13|245|240|0|108|1|104|
13|245|240|0|108|1|104|
13|247|240|0|108|1|104|
13|245|240|0|107|1|104|
13|248|256|0|108|1|104|
13|246|256|0|108|1|104|
13|245|240|0|108|1|104|
13|245|240|0|108|1|102|
13|246|256|0|108|1|104|
13|245|256|0|108|1|104|
13|247|256|0|108|1|104|
13|247|240|0|108|1|104|
13|248|224|0|108|1|104|
13|253|224|0|110|1|104|
13|249|256|0|109|1|106|
13|245|240|0|108|1|104|
13|250|240|0|109|1|104|
13|245|240|0|108|1|104|
13|249|256|0|109|1|106|
13|246|240|0|108|1|104|
13|245|240|0|108|1|104|
13|246|256|0|108|1|104|
13|245|240|0|108|1|104|
13|247|256|0|108|1|104|
13|244|240|0|107|1|104|
13|247|256|0|108|1|104|
13|247|240|0|108|1|106|
13|244|256|0|107|1|102|
13|249|240|0|109|1|106|
13|248|240|0|109|1|104|
13|245|256|0|108|1|102|
13|246|240|0|108|1|106|
13|247|256|0|108|1|104|
13|249|256|0|109|1|104|
13|246|256|0|108|1|104|
13|247|240|0|108|1|104|
13|245|240|0|108|1|104|
13|246|256|0|108|1|106|
13|244|240|0|107|1|102|
13|245|240|0|108|1|104|
13|244|256|0|107|1|102|
13|245|240|0|107|1|102|
13|248|240|0|109|1|106|
13|245|256|0|107|1|104|
13|247|256|0|108|1|104|
13|245|240|0|108|1|104|
13|247|256|0|108|1|104|
13|247|240|0|108|1|104|
13|250|240|0|109|1|104|
13|245|256|0|108|1|104|
13|245|240|0|107|1|102|
13|245|256|0|108|1|104|
13|245|256|0|108|1|102|
13|247|240|0|108|1|104|
13|244|224|0|107|1|102|
13|244|256|0|107|1|104|
13|246|224|0|108|1|104|
13|245|256|0|108|1|104|
13|245|256|0|108|1|104|
13|245|240|0|108|1|104|
13|247|240|0|108|1|102|
13|245|240|0|108|1|104|
13|246|240|0|108|1|104|
13|245|240|0|108|1|104|
13|249|256|0|109|1|104|
13|248|256|0|108|1|104|
13|246|256|0|108|1|104|
13|249|256|0|109|1|104|
13|245|240|0|108|1|104|
13|247|256|0|108|1|104|
13|248|240|0|108|1|104|
13|244|240|0|107|1|102|
13|248|240|0|109|1|106|
13|244|240|0|107|1|104|
13|246|240|0|108|1|104|
13|246|240|0|108|1|104|
13|245|240|0|108|1|104|
13|245|240|0|108|1|102|
13|247|256|0|108|1|104|
13|246|240|0|108|1|104|
13|245|240|0|108|1|104|
13|246|240|0|108|1|104|
13|250|256|0|109|1|104|
13|245|256|0|108|1|104|
13|246|256|0|108|1|104|
13|245|240|0|108|1|104|
13|245|256|0|107|1|102|
13|244|240|0|107|1|104|
13|245|240|0|108|1|104|
13|245|256|0|108|1|104|
13|245|240|0|108|1|104|
13|246|240|0|108|1|102|
13|245|256|0|108|1|104|
13|248|256|0|108|1|104|
13|245|256|0|108|1|104|
13|248|256|0|109|1|104|
13|248|256|0|108|1|104|
13|247|240|0|108|1|104|
13|248|256|0|108|1|104|
13|248|256|0|109|1|106|
13|244|256|0|107|1|104|
13|247|240|0|108|1|104|
13|245|240|0|108|1|104|
13|245|256|0|108|1|102|
13|244|240|0|107|1|102|
13|250|240|0|109|1|104|
13|245|240|0|108|1|104|
13|245|240|0|108|1|104|
13|247|256|0|108|1|104|
13|245|224|0|107|1|104|
13|246|256|0|108|1|104|
13|245|256|0|108|1|104|
13|244|224|0|107|1|102|
13|245|256|0|108|1|104|
13|248|240|0|109|1|106|
13|321|320|0|133|1|122|
13|267|256|0|108|2|102|
13|246|240|0|108|1|104|
13|244|240|0|107|1|102|
13|246|256|0|108|1|104|
13|245|240|0|108|1|104|
13|245|256|0|107|1|104|
13|247|240|0|108|1|106|
13|245|240|0|107|1|102|
13|245|256|0|108|1|104|
13|285|272|0|121|1|118|
13|268|224|0|115|1|110|
13|274|208|0|117|1|114|
13|246|240|0|108|1|104|
13|252|240|0|110|1|104|
13|245|240|0|108|1|104|
13|245|240|0|108|1|104|
13|246|240|0|108|1|104|
13|245|240|0|108|1|104|
13|246|256|0|108|1|104|
13|245|240|0|108|1|104|
13|244|256|0|107|1|102|
13|244|240|0|107|1|104|
13|266|256|0|268|1|54|
13|252|224|0|110|1|104|
13|251|240|0|110|1|104|
13|245|240|0|108|1|104|
13|246|240|0|108|1|104|
13|555|544|0|179|1|122|
13|244|256|0|107|1|102|
13|248|240|0|108|1|104|
13|246|256|0|108|1|104|
13|245|240|0|108|1|104|
13|248|256|0|108|1|104|
13|246|256|0|108|1|104|
13|248|256|0|108|1|104|
13|244|240|0|107|1|104|
13|245|240|0|108|1|104|
13|245|256|0|107|1|102|
13|248|240|0|109|1|104|
13|248|256|0|109|1|104|
13|246|240|0|108|1|106|
13|247|256|0|108|1|104|
13|250|240|0|109|1|104|
13|244|240|0|107|1|102|
13|246|240|0|108|1|104|
13|246|240|0|108|1|106|
13|246|256|0|108|1|106|
13|247|256|0|108|1|106|
13|244|240|0|107|1|104|
13|247|256|0|108|1|104|
13|245|240|0|107|1|102|
13|293|304|0|124|1|120|
13|246|256|0|108|1|102|
13|246|240|0|108|1|102|
13|245|240|0|108|1|104|
13|245|240|0|108|1|104|
13|244|240|0|107|1|102|
13|249|256|0|109|1|104|
13|249|256|0|109|1|104|
13|245|256|0|108|1|104|
13|245|240|0|108|1|104|
13|245|256|0|108|1|104|
13|247|256|0|108|1|104|
13|245|240|0|108|1|104|
13|251|256|0|109|1|106|
13|245|240|0|108|1|104|
13|245|240|0|108|1|104|
13|245|240|0|108|1|104|
13|244|240|0|107|1|102|
13|246|256|0|108|1|106|
13|244|240|0|107|1|102|
13|245|256|0|108|1|104|
13|244|240|0|107|1|102|
13|246|240|0|108|1|106|
13|244|240|0|107|1|104|
13|249|256|0|109|1|106|
13|245|240|0|108|1|104|
13|249|256|0|109|1|104|
13|247|240|0|108|1|102|
13|248|256|0|108|1|104|
13|248|256|0|108|1|104|
13|247|240|0|108|1|106|
13|249|240|0|109|1|104|
13|249|256|0|109|1|104|
13|244|240|0|107|1|102|
13|248|256|0|109|1|106|
13|248|256|0|109|1|106|
13|245|240|0|108|1|102|
13|244|256|0|107|1|104|
13|246|256|0|108|1|104|
13|244|256|0|107|1|102|
13|245|240|0|108|1|104|
13|249|240|0|109|1|104|
13|245|240|0|108|1|104|
13|249|256|0|109|1|106|
13|245|256|0|107|1|102|
13|248|240|0|109|1|106|
13|246|256|0|108|1|104|
13|246|256|0|108|1|104|
13|245|240|0|108|1|104|
13|244|256|0|107|1|102|
13|247|256|0|108|1|104|
13|247|240|0|108|1|106|
13|246|240|0|108|1|104|
13|245|256|0|108|1|104|
13|245|224|0|108|1|104|
13|245|240|0|108|1|104|
13|248|256|0|108|1|104|
13|246|240|0|108|1|104|
13|246|240|0|108|1|104|
13|249|240|0|109|1|104|
13|249|256|0|109|1|106|
13|246|256|0|108|1|104|
13|246|256|0|108|1|104|
13|244|240|0|107|1|104|
13|245|240|0|108|1|104|
13|246|240|0|108|1|104|
13|563|560|0|179|1|122|
13|245|240|0|108|1|104|
13|250|256|0|109|1|104|
13|262|256|0|167|1|63|
13|245|256|0|108|1|104|
13|248|256|0|109|1|106|
13|246|256|0|108|1|106|
13|245|240|0|108|1|104|
13|245|240|0|108|1|104|
13|246|256|0|108|1|106|
13|246|224|0|108|1|104|
13|248|256|0|109|1|106|
13|245|256|0|108|1|104|
13|246|240|0|108|1|104|
13|245|240|0|108|1|104|
13|244|256|0|107|1|102|
13|245|240|0|108|1|104|
13|244|240|0|107|1|102|
13|246|240|0|108|1|102|
13|245|240|0|108|1|104|
13|246|240|0|108|1|104|
13|245|240|0|107|1|102|
13|244|240|0|107|1|104|
13|249|256|0|109|1|104|
13|247|240|0|108|1|104|
13|248|240|0|109|1|106|
13|249|256|0|109|1|104|
13|245|256|0|108|1|104|
13|245|256|0|108|1|104|
13|245|240|0|108|1|104|
13|245|256|0|107|1|102|
13|245|240|0|108|1|102|
13|245|240|0|108|1|104|
13|248|240|0|108|1|104|
13|245|256|0|108|1|104|
13|247|256|0|108|1|104|
13|244|240|0|107|1|104|
13|247|256|0|108|1|104|
13|247|240|0|108|1|104|
13|248|256|0|109|1|106|
13|247|240|0|108|1|102|
13|247|256|0|108|1|104|
13|248|256|0|108|1|104|
13|247|240|0|108|1|104|
13|246|240|0|108|1|104|
13|248|256|0|109|1|106|
13|246|256|0|108|1|104|
13|246|256|0|108|1|104|
13|244|256|0|107|1|102|
13|248|240|0|109|1|104|
13|245|240|0|108|1|104|
13|247|224|0|108|1|104|
13|245|240|0|108|1|104|
13|244|256|0|107|1|102|
13|247|240|0|108|1|104|
13|246|256|0|108|1|104|
13|244|224|0|107|1|102|
13|247|240|0|108|1|104|
13|318|320|0|132|1|122|
13|247|256|0|108|1|104|
13|244|256|0|107|1|102|
13|244|240|0|107|1|104|
13|247|240|0|108|1|106|
13|245|240|0|108|1|104|
13|245|240|0|107|1|102|
13|248|256|0|109|1|104|
13|248|256|0|109|1|104|
13|246|240|0|108|1|104|
13|247|240|0|108|1|104|
13|251|256|0|109|1|106|
13|245|240|0|108|1|104|
13|247|256|0|108|1|104|
13|248|256|0|108|1|104|
13|251|256|0|109|1|106|
13|284|288|0|234|1|44|
13|246|240|0|108|1|102|
13|248|240|0|109|1|106|
13|251|256|0|109|1|106|
13|247|240|0|108|1|104|
13|244|240|0|107|1|104|
13|421|432|0|166|1|122|
13|245|240|0|108|1|104|
13|248|256|0|109|1|106|
13|244|240|0|107|1|102|
13|246|256|0|108|1|106|
13|245|240|0|107|1|102|
13|245|240|0|108|1|104|
13|245|240|0|108|1|104|
13|245|240|0|108|1|104|
13|245|240|0|107|1|104|
13|245|240|0|108|1|104|
13|245|240|0|108|1|104|
13|248|256|0|108|1|104|
13|247|240|0|108|1|104|
13|248|240|0|109|1|106|
13|247|240|0|108|1|104|
13|249|240|0|109|1|106|
13|245|240|0|108|1|104|
13|248|256|0|108|1|104|
13|245|240|0|108|1|104|
13|247|240|0|108|1|104|
13|245|256|0|108|1|104|
13|245|240|0|108|1|104|
13|245|240|0|108|1|104|
13|245|256|0|108|1|104|
13|245|256|0|108|1|104|
13|246|256|0|108|1|104|
13|245|224|0|107|1|102|
13|246|256|0|108|1|104|
13|244|224|0|107|1|102|
13|246|256|0|108|1|104|
13|245|240|0|108|1|104|
13|245|224|0|108|1|104|
13|246|240|0|108|1|104|
13|245|240|0|107|1|102|
13|246|240|0|108|1|104|
13|245|240|0|108|1|104|
13|247|256|0|108|1|104|
13|249|240|0|109|1|104|
13|248|240|0|108|1|104|
13|246|256|0|108|1|104|
13|353|352|0|144|1|122|
13|246|240|0|108|1|102|
13|250|256|0|109|1|104|
13|245|256|0|108|1|104|
13|563|560|0|179|1|122|
13|245|256|0|107|1|104|
13|246|240|0|108|1|102|
13|246|240|0|108|1|104|
13|245|240|0|108|1|104|
13|248|256|0|108|1|104|
13|245|224|0|107|1|104|
13|246|240|0|108|1|104|
13|245|256|0|108|1|104|
13|246|240|0|108|1|104|
13|247|256|0|108|1|104|
13|245|256|0|107|1|102|
13|247|240|0|108|1|104|
