INSTRUCTIONS_RETIRED|CYCLES|UNKNOWN|LD_BLOCKS.STORE_FORWARD|UOPS_EXECUTED.CORE|BR_MISP_RETIRED.ALL_BRANCHES|UOPS_ISSUED.SLOW_LEA|
13|297|192|0|125|1|122|
13|257|224|0|111|1|106|
13|258|224|0|112|1|108|
13|258|208|0|112|1|108|
13|245|256|0|107|1|104|
13|246|240|0|108|1|104|
13|269|256|0|115|1|110|
13|327|240|0|271|1|52|
13|299|224|0|388|1|42|
13|250|240|0|109|1|106|
13|270|256|0|108|1|102|
13|246|240|0|108|1|104|
13|266|288|0|609|1|29|
13|297|256|0|125|1|120|
13|272|224|0|116|1|112|
13|275|208|0|117|1|112|
13|252|240|0|110|1|104|
13|246|240|0|108|1|104|
13|246|256|0|108|1|104|
13|248|240|0|108|1|104|
13|248|256|0|108|1|104|
13|245|240|0|107|1|102|
13|248|256|0|108|1|104|
13|278|256|0|118|1|116|
13|338|288|0|154|1|58|
13|264|208|0|114|1|108|
13|357|288|0|145|1|130|
13|246|240|0|108|1|102|
13|245|256|0|107|1|104|
13|249|256|0|109|1|106|
13|245|224|0|107|1|102|
13|246|240|0|108|1|104|
13|246|256|0|108|1|104|
13|245|256|0|108|1|102|
13|248|256|0|108|1|104|
13|251|256|0|109|1|106|
13|247|256|0|108|1|106|
13|245|224|0|107|1|102|
13|246|240|0|108|1|104|
13|247|256|0|108|1|106|
13|247|240|0|108|1|106|
13|245|256|0|107|1|104|
13|246|240|0|108|1|102|
13|245|256|0|107|1|104|
13|248|256|0|108|1|104|
13|248|256|0|108|1|104|
13|248|240|0|109|1|104|
13|248|240|0|108|1|104|
13|248|256|0|108|1|104|
13|246|240|0|108|1|104|
13|246|240|0|108|1|104|
13|246|240|0|108|1|104|
13|246|240|0|108|1|104|
13|246|256|0|108|1|104|
13|246|256|0|108|1|104|
13|249|240|0|109|1|104|
13|245|256|0|107|1|102|
13|250|240|0|109|1|104|
13|251|256|0|109|1|104|
13|275|272|0|118|1|114|
13|246|240|0|108|1|104|
13|247|240|0|108|1|106|
13|248|240|0|108|1|104|
13|246|240|0|108|1|104|
13|246|256|0|108|1|104|
13|246|256|0|108|1|104|
13|248|256|0|108|1|104|
13|269|272|0|324|1|28|
13|246|240|0|108|1|102|
13|247|240|0|108|1|106|
13|245|240|0|107|1|104|
13|245|240|0|107|1|104|
13|246|256|0|108|1|102|
13|246|240|0|108|1|104|
13|246|256|0|108|1|104|
13|249|256|0|109|1|106|
13|270|224|0|116|1|112|
13|268|208|0|115|1|112|
13|246|240|0|108|1|104|
13|247|256|0|108|1|104|
13|246|240|0|108|1|104|
13|246|240|0|108|1|104|
13|246|240|0|108|1|104|
13|245|240|0|108|1|102|
13|245|240|0|108|1|102|
13|246|240|0|108|1|104|
13|246|256|0|108|1|104|
13|246|240|0|108|1|104|
13|245|256|0|107|1|102|
13|246|256|0|108|1|104|
13|246|240|0|108|1|104|
13|247|240|0|108|1|104|
13|245|240|0|107|1|104|
13|246|256|0|108|1|104|
13|245|224|0|107|1|102|
13|245|240|0|107|1|102|
13|245|256|0|107|1|104|
13|246|240|0|108|1|104|
13|248|256|0|108|1|104|
13|245|256|0|107|1|104|
13|308|304|0|129|1|124|
13|245|240|0|107|1|102|
13|249|240|0|109|1|106|
13|246|240|0|108|1|104|
13|246|240|0|108|1|104|
13|245|256|0|108|1|102|
13|246|240|0|108|1|104|
13|246|240|0|108|1|104|
13|246|256|0|108|1|104|
13|246|240|0|108|1|104|
13|248|256|0|108|1|104|
13|251|256|0|109|1|106|
13|246|256|0|108|1|104|
13|245|256|0|107|1|104|
13|245|256|0|107|1|104|
13|246|240|0|108|1|104|
13|248|240|0|108|1|104|
13|245|256|0|107|1|102|
13|245|240|0|107|1|104|
13|246|256|0|108|1|104|
13|248|240|0|108|1|104|
13|248|256|0|108|1|104|
13|246|240|0|108|1|104|
13|247|256|0|108|1|104|
13|248|240|0|108|1|104|
13|248|240|0|108|1|104|
13|248|240|0|108|1|104|
13|304|304|0|501|1|7|
13|248|240|0|108|1|104|
13|246|240|0|108|1|104|
13|246|256|0|108|1|104|
13|247|240|0|108|1|106|
13|247|240|0|108|1|104|
13|247|256|0|108|1|106|
13|246|256|0|108|1|104|
13|246|240|0|108|1|104|
13|247|240|0|108|1|106|
13|247|256|0|108|1|104|
13|247|256|0|108|1|106|
13|287|304|0|231|1|42|
13|248|256|0|108|1|104|
13|248|256|0|108|1|104|
13|248|240|0|108|1|104|
13|248|240|0|108|1|104|
13|249|256|0|109|1|104|
13|246|256|0|108|1|104|
13|245|240|0|107|1|102|
13|246|256|0|108|1|104|
13|246|240|0|108|1|104|
13|289|304|0|348|1|34|
13|299|240|0|162|1|62|
13|296|240|0|127|1|68|
13|249|256|0|109|1|104|
13|321|320|0|133|1|128|
13|246|256|0|108|1|104|
13|245|240|0|107|1|102|
13|256|256|0|111|1|106|
13|246|240|0|108|1|104|
13|246|256|0|108|1|104|
13|246|240|0|108|1|104|
13|246|256|0|108|1|104|
13|246|240|0|108|1|104|
13|246|256|0|108|1|104|
13|246|256|0|108|1|104|
13|246|256|0|108|1|104|
13|246|240|0|108|1|102|
13|245|224|0|108|1|104|
13|280|272|0|119|1|116|
13|246|240|0|108|1|104|
13|248|240|0|108|1|104|
13|247|256|0|108|1|104|
13|246|256|0|108|1|104|
13|246|240|0|108|1|104|
13|246|240|0|108|1|104|
13|246|256|0|108|1|104|
13|246|240|0|108|1|102|
13|247|256|0|108|1|106|
13|259|272|0|112|1|106|
13|245|240|0|107|1|102|
13|245|240|0|107|1|104|
13|246|256|0|108|1|104|
13|246|256|0|108|1|104|
13|248|256|0|108|1|104|
13|244|256|0|107|1|104|
13|246|240|0|108|1|104|
13|246|256|0|108|1|104|
13|246|256|0|108|1|104|
13|246|256|0|108|1|104|
13|245|256|0|107|1|104|
13|246|240|0|108|1|104|
13|245|256|0|107|1|102|
13|246|240|0|108|1|102|
13|245|256|0|107|1|104|
13|246|240|0|108|1|104|
13|248|240|0|108|1|104|
13|248|256|0|108|1|104|
13|245|256|0|107|1|104|
13|251|240|0|109|1|104|
13|246|256|0|108|1|104|
13|246|256|0|108|1|104|
13|246|240|0|108|1|104|
13|261|272|0|110|1|104|
13|246|240|0|108|1|104|
13|248|240|0|108|1|104|
13|246|256|0|108|1|104|
13|248|240|0|109|1|104|
13|247|256|0|108|1|104|
13|248|240|0|108|1|104|
13|246|256|0|108|1|104|
13|246|256|0|108|1|104|
13|244|240|0|107|1|102|
13|246|240|0|108|1|104|
13|249|240|0|109|1|106|
13|246|240|0|108|1|104|
13|245|240|0|107|1|104|
13|245|240|0|107|1|104|
13|248|256|0|108|1|104|
13|246|240|0|108|1|104|
13|245|240|0|107|1|102|
13|247|240|0|108|1|104|
13|251|256|0|109|1|106|
13|246|240|0|108|1|104|
13|250|240|0|109|1|104|
13|249|240|0|109|1|104|
13|248|240|0|108|1|104|
13|248|240|0|108|1|104|
13|249|240|0|109|1|106|
13|246|240|0|108|1|104|
13|248|240|0|108|1|102|
13|245|240|0|107|1|102|
13|250|256|0|109|1|104|
13|348|352|0|142|1|128|
13|249|240|0|109|1|104|
13|245|240|0|107|1|102|
13|248|256|0|108|1|104|
13|246|240|0|108|1|104|
13|247|256|0|108|1|102|
13|245|256|0|107|1|102|
13|250|256|0|109|1|104|
13|250|240|0|109|1|104|
13|246|240|0|108|1|104|
13|248|256|0|108|1|102|
13|246|256|0|108|1|104|
13|246|240|0|108|1|104|
13|245|240|0|107|1|102|
13|246|240|0|108|1|104|
13|273|272|0|231|1|38|
13|248|256|0|108|1|104|
13|245|224|0|107|1|102|
13|247|240|0|108|1|106|
13|245|240|0|107|1|104|
13|245|240|0|107|1|104|
13|246|240|0|108|1|104|
13|246|240|0|108|1|104|
13|248|240|0|108|1|104|
13|246|240|0|108|1|104|
13|248|256|0|108|1|104|
13|246|240|0|108|1|104|
13|247|256|0|108|1|106|
13|246|256|0|108|1|102|
13|246|256|0|108|1|102|
13|245|240|0|107|1|102|
13|249|240|0|109|1|106|
13|248|240|0|108|1|104|
13|251|256|0|109|1|104|
13|249|256|0|109|1|104|
13|245|256|0|107|1|102|
13|249|256|0|109|1|106|
13|245|256|0|107|1|104|
13|248|256|0|108|1|104|
13|248|240|0|108|1|104|
13|248|256|0|108|1|104|
13|246|240|0|108|1|104|
13|247|256|0|108|1|106|
13|246|240|0|108|1|104|
13|246|240|0|108|1|104|
13|246|240|0|108|1|104|
13|246|240|0|108|1|104|
13|245|240|0|107|1|104|
13|246|240|0|108|1|104|
13|246|256|0|108|1|104|
13|248|240|0|108|1|104|
13|246|256|0|108|1|104|
13|245|256|0|107|1|102|
13|246|240|0|108|1|104|
13|245|256|0|107|1|102|
13|247|256|0|108|1|104|
13|245|240|0|107|1|104|
13|247|256|0|108|1|104|
13|248|240|0|108|1|104|
13|246|240|0|108|1|104|
13|252|240|0|110|1|104|
13|454|432|0|177|1|128|
13|248|240|0|108|1|104|
13|248|256|0|108|1|102|
13|249|240|0|109|1|106|
13|246|240|0|108|1|104|
13|248|256|0|108|1|104|
13|245|256|0|108|1|104|
13|246|240|0|108|1|104|
13|246|256|0|108|1|104|
13|245|224|0|107|1|102|
13|249|256|0|109|1|104|
13|250|256|0|109|1|104|
13|246|240|0|108|1|104|
13|245|256|0|107|1|102|
13|248|256|0|108|1|104|
13|246|240|0|108|1|104|
13|277|208|0|118|1|116|
13|264|240|0|114|1|108|
13|264|224|0|114|1|108|
13|261|208|0|113|1|108|
13|246|256|0|108|1|104|
13|249|240|0|109|1|106|
13|248|256|0|108|1|104|
13|246|240|0|108|1|104|
13|247|256|0|108|1|104|
13|248|256|0|108|1|104|
13|245|240|0|107|1|102|
13|246|240|0|108|1|104|
13|249|224|0|109|1|104|
13|248|256|0|108|1|102|
13|245|240|0|107|1|102|
13|459|464|0|179|1|130|
13|249|256|0|109|1|106|
13|245|240|0|107|1|104|
13|246|240|0|108|1|104|
13|424|416|0|167|1|128|
13|248|256|0|108|1|104|
13|246|256|0|108|1|104|
13|245|256|0|107|1|104|
13|246|240|0|108|1|104|
13|246|256|0|108|1|104|
13|246|240|0|108|1|104|
13|246|256|0|108|1|104|
13|246|240|0|108|1|104|
13|246|256|0|108|1|104|
13|377|368|0|151|1|130|
13|245|240|0|107|1|104|
13|246|240|0|108|1|104|
13|246|240|0|108|1|104|
13|248|240|0|108|1|104|
13|246|240|0|108|1|104|
13|245|256|0|107|1|104|
13|248|240|0|108|1|104|
13|246|256|0|108|1|104|
13|248|256|0|108|1|104|
13|249|240|0|109|1|106|
13|248|240|0|108|1|104|
13|248|240|0|108|1|104|
13|245|240|0|107|1|102|
13|245|240|0|107|1|104|
13|245|224|0|107|1|104|
13|246|256|0|108|1|104|
13|246|256|0|108|1|104|
13|249|240|0|109|1|106|
13|245|256|0|107|1|102|
13|248|256|0|108|1|102|
13|246|240|0|108|1|104|
13|246|256|0|108|1|104|
13|245|256|0|107|1|104|
13|244|240|0|107|1|104|
13|246|240|0|108|1|104|
13|246|240|0|108|1|104|
13|246|240|0|108|1|104|
13|245|240|0|107|1|104|
13|248|256|0|108|1|104|
13|248|256|0|108|1|104|
13|245|240|0|107|1|104|
13|251|256|0|109|1|104|
13|246|240|0|108|1|104|
13|246|240|0|108|1|104|
13|245|240|0|107|1|102|
13|245|256|0|107|1|102|
13|244|240|0|107|1|104|
13|248|240|0|108|1|104|
13|245|240|0|107|1|102|
13|245|240|0|107|1|102|
13|245|256|0|107|1|102|
13|244|256|0|107|1|102|
13|248|256|0|108|1|104|
13|248|256|0|108|1|104|
13|246|240|0|108|1|104|
13|247|256|0|108|1|106|
13|246|240|0|108|1|104|
13|249|240|0|109|1|106|
13|246|240|0|108|1|104|
13|249|256|0|109|1|106|
13|245|256|0|107|1|102|
13|245|256|0|107|1|102|
13|248|240|0|108|1|104|
13|245|256|0|107|1|104|
13|246|256|0|108|1|104|
13|246|240|0|108|1|104|
13|246|240|0|108|1|104|
13|246|240|0|108|1|104|
13|248|240|0|108|1|102|
13|246|240|0|108|1|104|
13|247|256|0|108|1|106|
13|245|256|0|107|1|102|
13|245|240|0|107|1|102|
13|245|240|0|107|1|104|
13|246|240|0|108|1|104|
13|246|256|0|108|1|104|
13|248|240|0|108|1|102|
13|245|224|0|107|1|104|
13|278|272|0|306|1|43|
13|276|272|0|118|1|116|
13|273|224|0|114|1|108|
13|274|208|0|117|1|114|
13|270|208|0|116|1|112|
13|254|240|0|110|1|104|
13|254|240|0|110|1|104|
13|249|256|0|109|1|104|
13|245|240|0|107|1|104|
13|251|256|0|109|1|106|
13|246|256|0|108|1|104|
13|246|240|0|108|1|104|
13|245|240|0|107|1|104|
13|246|240|0|108|1|104|
13|246|256|0|108|1|104|
13|246|240|0|108|1|104|
13|250|240|0|109|1|104|
13|245|256|0|107|1|104|
13|246|256|0|108|1|104|
13|245|256|0|107|1|102|
13|245|240|0|107|1|102|
13|245|240|0|107|1|102|
13|266|256|0|342|1|60|
13|248|240|0|108|1|104|
13|247|240|0|108|1|106|
13|247|256|0|108|1|106|
13|244|256|0|107|1|104|
13|244|240|0|107|1|104|
13|244|256|0|107|1|104|
13|247|240|0|108|1|106|
13|250|256|0|109|1|104|
13|248|240|0|108|1|104|
13|245|240|0|107|1|102|
13|248|256|0|108|1|104|
13|244|256|0|107|1|104|
13|248|240|0|108|1|104|
13|244|240|0|107|1|104|
13|246|256|0|108|1|104|
13|246|240|0|108|1|104|
13|246|256|0|108|1|104|
13|245|240|0|107|1|104|
13|247|240|0|108|1|104|
13|245|240|0|107|1|102|
13|248|240|0|108|1|104|
13|246|240|0|108|1|104|
13|249|256|0|109|1|106|
13|246|256|0|108|1|104|
13|246|256|0|108|1|104|
13|247|240|0|108|1|106|
13|245|240|0|107|1|104|
13|245|256|0|107|1|104|
13|246|240|0|108|1|104|
13|245|240|0|107|1|102|
13|245|240|0|107|1|102|
13|245|256|0|107|1|104|
13|246|240|0|108|1|104|
13|246|240|0|108|1|104|
13|246|256|0|108|1|104|
13|245|240|0|108|1|104|
13|247|240|0|108|1|104|
13|246|256|0|108|1|104|
13|248|256|0|108|1|104|
13|245|256|0|108|1|104|
13|246|256|0|108|1|104|
13|245|256|0|107|1|102|
13|248|240|0|108|1|104|
13|245|256|0|107|1|102|
13|245|240|0|107|1|104|
13|246|256|0|108|1|102|
13|246|240|0|108|1|104|
13|248|256|0|108|1|104|
13|246|240|0|108|1|104|
13|414|400|0|164|1|128|
13|246|256|0|108|1|104|
13|246|256|0|108|1|104|
13|245|240|0|107|1|102|
13|245|240|0|107|1|102|
13|246|240|0|108|1|104|
13|246|240|0|108|1|104|
13|246|240|0|108|1|104|
13|249|240|0|109|1|104|
13|245|224|0|107|1|104|
13|246|240|0|108|1|104|
13|290|288|0|122|1|116|
13|246|256|0|108|1|104|
13|246|240|0|108|1|104|
13|246|256|0|108|1|104|
13|246|240|0|108|1|104|
13|246|240|0|108|1|104|
13|246|256|0|108|1|102|
13|245|256|0|107|1|104|
13|246|256|0|108|1|104|
13|258|240|0|109|1|106|
13|246|240|0|108|1|102|
13|247|256|0|108|1|104|
13|246|256|0|108|1|104|
13|245|256|0|107|1|102|
13|246|256|0|108|1|104|
13|294|256|0|498|1|42|
13|725|560|0|289|1|72|
13|323|272|0|197|1|68|
13|312|240|0|545|1|36|
13|332|240|0|588|1|31|
13|345|256|0|214|1|72|
13|325|256|0|345|1|44|
13|307|240|0|296|1|40|
13|279|208|0|119|1|116|
13|282|208|0|120|1|114|
13|269|208|0|115|1|112|
13|268|224|0|115|1|112|
13|255|240|0|111|1|106|
13|249|256|0|109|1|106|
13|249|240|0|109|1|104|
13|244|256|0|107|1|104|
13|246|256|0|108|1|104|
13|249|256|0|109|1|106|
13|246|240|0|108|1|104|
13|246|240|0|108|1|104|
13|245|240|0|107|1|102|
13|246|240|0|108|1|104|
13|246|240|0|108|1|104|
13|247|240|0|108|1|106|
13|256|256|0|108|1|104|
13|260|208|0|112|1|108|
13|264|208|0|114|1|108|
13|249|240|0|109|1|106|
13|245|240|0|107|1|102|
13|248|256|0|108|1|104|
13|248|256|0|108|1|104|
13|246|256|0|108|1|104|
13|248|256|0|108|1|102|
13|246|240|0|108|1|104|
13|249|256|0|109|1|106|
13|246|240|0|108|1|104|
13|246|256|0|108|1|104|
13|245|256|0|107|1|104|
13|247|256|0|108|1|104|
13|246|256|0|108|1|104|
13|247|240|0|108|1|106|
13|245|256|0|107|1|102|
13|245|240|0|107|1|102|
13|246|240|0|108|1|104|
13|246|240|0|108|1|104|
13|246|240|0|108|1|104|
13|246|240|0|108|1|104|
13|246|256|0|108|1|104|
13|245|240|0|107|1|102|
13|245|256|0|107|1|102|
13|247|256|0|108|1|104|
13|245|240|0|107|1|104|
13|250|256|0|109|1|104|
13|246|240|0|108|1|104|
13|245|256|0|107|1|102|
13|245|240|0|107|1|104|
13|246|256|0|108|1|104|
13|246|240|0|108|1|104|
13|246|240|0|108|1|104|
13|246|240|0|108|1|104|
13|247|224|0|108|1|104|
13|246|240|0|108|1|104|
13|246|240|0|108|1|104|
13|246|240|0|108|1|104|
13|246|224|0|108|1|102|
13|248|240|0|108|1|104|
13|246|240|0|108|1|104|
13|245|240|0|107|1|102|
13|245|240|0|107|1|104|
13|245|256|0|107|1|102|
13|249|256|0|109|1|106|
13|246|256|0|108|1|104|
13|246|256|0|108|1|104|
13|246|240|0|108|1|104|
13|246|240|0|108|1|104|
13|248|256|0|108|1|104|
13|251|256|0|109|1|104|
13|250|256|0|109|1|104|
13|249|240|0|109|1|106|
13|246|240|0|108|1|104|
13|249|256|0|109|1|106|
13|245|256|0|107|1|104|
13|249|240|0|109|1|106|
13|246|240|0|108|1|104|
13|246|240|0|108|1|104|
13|248|240|0|108|1|104|
13|244|240|0|107|1|102|
13|246|240|0|108|1|104|
13|246|240|0|108|1|104|
13|245|240|0|107|1|102|
13|246|224|0|108|1|104|
13|246|256|0|108|1|104|
13|245|240|0|107|1|102|
13|247|240|0|108|1|106|
13|246|240|0|108|1|104|
13|245|256|0|107|1|104|
13|246|240|0|108|1|104|
13|246|256|0|108|1|104|
13|246|240|0|108|1|104|
13|246|240|0|108|1|104|
13|246|240|0|108|1|104|
13|248|256|0|108|1|104|
13|245|240|0|107|1|102|
13|245|256|0|107|1|102|
13|437|448|0|171|1|126|
13|245|256|0|107|1|102|
13|245|240|0|107|1|102|
13|246|256|0|108|1|104|
13|249|240|0|109|1|104|
13|246|256|0|108|1|104|
13|249|240|0|109|1|106|
13|246|240|0|108|1|104|
13|249|256|0|109|1|104|
13|246|240|0|108|1|104|
13|245|240|0|107|1|102|
13|246|240|0|108|1|104|
13|250|240|0|109|1|104|
13|246|240|0|108|1|104|
13|246|256|0|108|1|104|
13|247|256|0|108|1|106|
13|245|240|0|107|1|102|
13|246|240|0|108|1|104|
13|248|240|0|108|1|104|
13|246|240|0|108|1|104|
13|260|272|0|112|1|108|
13|247|256|0|108|1|106|
13|246|240|0|108|1|104|
13|247|240|0|108|1|106|
13|246|256|0|108|1|104|
13|246|240|0|108|1|104|
13|247|256|0|108|1|106|
13|245|240|0|107|1|102|
13|247|256|0|108|1|106|
13|246|256|0|108|1|104|
13|247|240|0|108|1|104|
13|248|256|0|108|1|102|
13|248|240|0|108|1|104|
13|246|240|0|108|1|104|
13|245|240|0|107|1|102|
13|246|240|0|108|1|104|
13|248|256|0|108|1|104|
13|248|256|0|108|1|104|
13|248|240|0|108|1|104|
13|246|240|0|108|1|104|
13|245|240|0|107|1|102|
13|250|256|0|109|1|104|
13|246|256|0|108|1|104|
13|246|256|0|108|1|102|
13|246|240|0|108|1|104|
13|246|256|0|108|1|104|
13|364|368|0|147|1|132|
13|248|240|0|108|1|104|
13|246|256|0|108|1|102|
13|246|256|0|108|1|104|
13|246|240|0|108|1|104|
13|246|256|0|108|1|104|
13|251|256|0|109|1|104|
13|246|256|0|108|1|102|
13|246|240|0|108|1|104|
13|248|256|0|108|1|104|
13|246|256|0|108|1|104|
13|262|256|0|110|1|104|
13|246|240|0|108|1|104|
13|248|240|0|108|1|104|
13|246|240|0|108|1|104|
13|246|240|0|108|1|104|
13|245|256|0|107|1|104|
13|248|256|0|108|1|104|
13|248|256|0|108|1|104|
13|249|256|0|109|1|106|
13|244|256|0|107|1|104|
13|245|240|0|107|1|102|
13|246|256|0|108|1|104|
13|246|240|0|108|1|104|
13|251|240|0|109|1|106|
13|251|256|0|109|1|104|
13|248|240|0|108|1|104|
13|246|256|0|108|1|104|
13|247|256|0|108|1|104|
13|245|256|0|107|1|104|
13|249|256|0|109|1|106|
13|246|240|0|108|1|104|
13|248|240|0|108|1|104|
13|248|240|0|109|1|106|
13|246|240|0|108|1|104|
13|248|240|0|108|1|104|
13|245|256|0|107|1|102|
13|248|256|0|108|1|104|
13|246|240|0|108|1|102|
13|246|240|0|108|1|104|
13|246|240|0|108|1|104|
13|246|256|0|108|1|104|
13|249|240|0|109|1|106|
13|245|240|0|107|1|102|
13|246|240|0|108|1|104|
13|249|256|0|109|1|106|
13|251|256|0|109|1|106|
13|251|240|0|109|1|104|
13|538|544|0|185|1|132|
13|246|256|0|108|1|104|
13|459|464|0|179|1|130|
13|245|240|0|107|1|104|
13|369|368|0|108|1|104|
13|245|240|0|107|1|102|
13|246|240|0|108|1|104|
13|246|240|0|108|1|104|
13|248|240|0|108|1|102|
13|251|256|0|109|1|106|
13|248|240|0|108|1|104|
13|251|256|0|109|1|106|
13|249|256|0|109|1|104|
13|248|256|0|108|1|104|
13|247|256|0|108|1|106|
13|245|240|0|107|1|102|
13|245|256|0|107|1|104|
13|247|240|0|108|1|104|
13|246|256|0|108|1|104|
13|246|256|0|108|1|104|
13|246|240|0|108|1|104|
13|245|256|0|107|1|104|
13|245|240|0|107|1|102|
13|245|224|0|107|1|102|
13|249|240|0|109|1|106|
13|248|256|0|108|1|104|
13|246|256|0|108|1|104|
13|246|240|0|108|1|104|
13|249|240|0|109|1|106|
13|245|240|0|107|1|102|
13|246|240|0|108|1|104|
13|246|240|0|108|1|104|
13|246|240|0|108|1|104|
13|247|240|0|108|1|106|
13|245|240|0|108|1|102|
13|248|256|0|108|1|104|
13|246|240|0|108|1|104|
13|246|256|0|108|1|104|
13|246|240|0|108|1|104|
13|246|256|0|108|1|104|
13|245|256|0|107|1|102|
13|245|240|0|107|1|102|
13|248|256|0|108|1|102|
13|245|256|0|107|1|104|
13|246|240|0|108|1|104|
13|246|240|0|108|1|104|
13|246|256|0|108|1|104|
13|245|240|0|107|1|104|
13|248|256|0|108|1|104|
13|245|240|0|107|1|102|
13|250|256|0|109|1|104|
13|245|240|0|107|1|102|
13|244|240|0|107|1|104|
13|246|240|0|108|1|104|
13|245|256|0|107|1|102|
13|246|240|0|108|1|104|
13|245|224|0|107|1|104|
13|245|240|0|107|1|104|
13|281|256|0|119|1|114|
13|295|240|0|583|1|34|
13|327|240|0|344|1|40|
13|324|240|0|314|1|50|
13|313|224|0|493|1|26|
13|327|240|0|317|1|35|
13|271|224|0|116|1|114|
13|272|224|0|116|1|114|
13|280|240|0|325|1|36|
13|268|224|0|112|1|108|
13|270|208|0|116|1|112|
13|246|240|0|108|1|104|
13|245|240|0|107|1|102|
13|246|240|0|108|1|104|
13|246|240|0|108|1|104|
13|245|256|0|107|1|102|
13|246|240|0|108|1|104|
13|867|864|0|185|1|132|
13|246|256|0|108|1|104|
13|245|240|0|107|1|102|
13|245|240|0|107|1|102|
13|271|272|0|116|1|114|
13|246|256|0|108|1|102|
13|248|240|0|108|1|104|
13|288|240|0|246|1|32|
13|264|240|0|114|1|108|
13|280|208|0|119|1|116|
13|262|224|0|113|1|108|
13|266|240|0|114|1|108|
13|254|240|0|110|1|104|
13|246|256|0|108|1|104|
13|247|240|0|108|1|104|
13|248|256|0|108|1|104|
13|251|256|0|109|1|106|
13|250|240|0|109|1|104|
13|245|240|0|107|1|104|
13|250|256|0|109|1|104|
13|246|256|0|108|1|104|
13|246|240|0|108|1|104|
13|245|256|0|107|1|104|
13|246|240|0|108|1|104|
13|248|240|0|108|1|104|
13|246|240|0|108|1|104|
13|246|240|0|108|1|104|
13|246|256|0|108|1|104|
13|245|240|0|107|1|102|
13|245|256|0|107|1|102|
13|248|240|0|108|1|104|
13|248|240|0|108|1|104|
13|264|240|0|111|1|106|
13|246|240|0|108|1|104|
13|246|240|0|108|1|104|
13|246|240|0|108|1|104|
13|248|240|0|108|1|104|
13|245|240|0|107|1|102|
13|246|240|0|108|1|104|
13|246|240|0|108|1|104|
13|269|256|0|283|1|37|
13|251|256|0|109|1|104|
13|262|256|0|113|1|108|
13|276|208|0|118|1|114|
13|260|208|0|113|1|110|
13|263|240|0|113|1|110|
13|246|256|0|108|1|102|
13|246|240|0|108|1|104|
13|246|240|0|108|1|104|
13|245|224|0|108|1|102|
13|246|240|0|108|1|104|
13|246|240|0|108|1|104|
13|245|240|0|107|1|102|
13|250|240|0|109|1|106|
13|248|240|0|108|1|104|
13|465|464|0|181|1|130|
13|247|256|0|108|1|104|
13|245|256|0|108|1|104|
13|246|240|0|108|1|104|
13|285|288|0|121|1|118|
13|246|240|0|108|1|104|
13|246|256|0|108|1|102|
13|245|240|0|107|1|104|
13|249|240|0|109|1|106|
13|245|240|0|107|1|102|
13|245|256|0|107|1|102|
13|249|256|0|109|1|106|
13|246|240|0|108|1|104|
13|246|240|0|108|1|104|
13|246|256|0|108|1|104|
13|245|240|0|107|1|104|
13|247|256|0|108|1|104|
13|246|240|0|108|1|104|
13|247|256|0|108|1|106|
13|248|240|0|108|1|104|
13|246|240|0|108|1|104|
13|245|256|0|107|1|102|
13|245|240|0|107|1|102|
13|246|240|0|108|1|104|
13|425|416|0|167|1|128|
13|246|256|0|108|1|102|
13|246|240|0|108|1|104|
13|246|256|0|108|1|104|
13|246|256|0|108|1|104|
13|245|256|0|107|1|104|
13|246|256|0|108|1|104|
13|288|288|0|122|1|116|
13|248|240|0|108|1|102|
13|246|256|0|108|1|102|
13|245|240|0|107|1|102|
13|246|240|0|108|1|104|
13|247|240|0|108|1|106|
13|246|240|0|108|1|104|
13|246|240|0|108|1|104|
13|246|240|0|108|1|104|
13|254|272|0|111|1|106|
13|246|240|0|108|1|104|
13|258|256|0|109|1|104|
13|246|240|0|108|1|104|
13|248|240|0|108|1|104|
13|249|256|0|109|1|106|
13|245|240|0|107|1|104|
13|244|256|0|107|1|104|
13|245|240|0|107|1|102|
13|246|256|0|108|1|104|
13|246|240|0|108|1|104|
13|246|240|0|108|1|104|
13|246|240|0|108|1|104|
13|246|240|0|108|1|104|
13|248|240|0|108|1|104|
13|245|240|0|107|1|104|
13|249|240|0|109|1|106|
13|246|256|0|108|1|104|
13|246|256|0|108|1|104|
13|249|224|0|109|1|106|
13|250|256|0|109|1|106|
13|248|256|0|108|1|104|
13|245|256|0|107|1|102|
13|246|224|0|108|1|104|
13|248|240|0|108|1|104|
13|249|256|0|109|1|106|
13|248|240|0|108|1|104|
13|245|240|0|107|1|102|
13|246|256|0|108|1|102|
13|245|240|0|108|1|104|
13|245|256|0|107|1|102|
13|245|240|0|107|1|102|
13|246|240|0|108|1|104|
13|246|240|0|108|1|102|
13|246|256|0|108|1|104|
13|246|256|0|108|1|104|
13|348|352|0|142|1|128|
13|246|240|0|108|1|104|
13|250|256|0|109|1|106|
13|245|240|0|107|1|102|
13|246|240|0|108|1|104|
13|246|240|0|108|1|104|
13|245|256|0|107|1|104|
13|248|240|0|108|1|104|
13|248|240|0|108|1|104|
13|248|240|0|108|1|104|
13|245|240|0|107|1|102|
13|245|240|0|108|1|104|
13|246|240|0|108|1|104|
13|246|240|0|108|1|104|
13|246|256|0|108|1|104|
13|245|240|0|108|1|102|
13|245|240|0|107|1|102|
13|246|256|0|108|1|104|
13|246|240|0|108|1|104|
13|248|240|0|109|1|104|
13|249|240|0|109|1|106|
13|248|240|0|108|1|104|
13|249|256|0|109|1|106|
13|248|240|0|108|1|104|
13|251|256|0|109|1|104|
13|248|240|0|108|1|104|
13|246|240|0|108|1|104|
13|248|256|0|108|1|104|
13|246|240|0|108|1|104|
13|247|240|0|108|1|104|
13|246|256|0|108|1|104|
13|244|240|0|107|1|104|
13|246|256|0|108|1|104|
13|248|240|0|108|1|102|
13|248|256|0|108|1|104|
13|245|240|0|107|1|102|
13|248|256|0|108|1|102|
13|244|256|0|107|1|104|
13|248|256|0|108|1|104|
13|246|256|0|108|1|104|
13|246|240|0|108|1|104|
13|246|240|0|108|1|104|
13|248|256|0|108|1|104|
13|246|256|0|108|1|102|
13|245|240|0|107|1|102|
13|245|240|0|107|1|102|
13|245|240|0|107|1|104|
13|252|256|0|110|1|104|
13|246|256|0|108|1|104|
13|246|240|0|108|1|104|
13|246|240|0|108|1|102|
13|245|240|0|107|1|104|
13|248|256|0|108|1|104|
13|246|240|0|108|1|104|
13|246|240|0|108|1|104|
13|248|240|0|108|1|104|
13|246|240|0|108|1|104|
13|248|256|0|108|1|104|
13|246|256|0|108|1|104|
13|246|240|0|108|1|102|
13|244|240|0|107|1|104|
13|246|240|0|108|1|104|
13|248|240|0|108|1|104|
13|246|240|0|108|1|104|
13|246|256|0|108|1|104|
13|245|256|0|107|1|102|
13|246|240|0|108|1|104|
13|248|256|0|108|1|104|
13|248|256|0|108|1|104|
13|249|256|0|109|1|106|
13|245|256|0|107|1|102|
13|247|240|0|108|1|106|
13|248|240|0|108|1|104|
13|250|256|0|109|1|104|
13|246|240|0|108|1|104|
13|248|240|0|108|1|104|
13|247|240|0|108|1|106|
13|245|240|0|107|1|102|
13|246|240|0|108|1|104|
13|246|256|0|108|1|104|
13|247|256|0|108|1|106|
13|393|400|0|157|1|128|
13|250|256|0|109|1|104|
13|248|240|0|108|1|104|
13|248|256|0|108|1|104|
13|246|240|0|108|1|104|
13|251|256|0|109|1|104|
13|251|256|0|109|1|106|
13|245|256|0|107|1|102|
13|246|240|0|108|1|104|
13|246|240|0|108|1|104|
13|250|256|0|109|1|104|
