INSTRUCTIONS_RETIRED|CYCLES|UNKNOWN|LD_BLOCKS.STORE_FORWARD|UOPS_EXECUTED.CORE|BR_MISP_RETIRED.ALL_BRANCHES|UOPS_ISSUED.SLOW_LEA|
13|333|208|0|715|1|30|
13|328|208|0|780|1|32|
13|336|224|0|402|1|36|
13|300|192|0|127|1|124|
13|296|192|0|125|1|120|
13|301|192|0|127|1|124|
13|267|224|0|116|1|112|
13|248|240|0|109|1|104|
13|245|256|0|108|1|104|
13|245|256|0|108|1|104|
13|243|224|0|108|1|104|
13|242|240|0|107|1|104|
13|258|256|0|108|1|104|
13|243|240|0|108|1|104|
13|265|272|0|202|1|45|
13|280|272|0|120|1|108|
13|276|272|0|119|1|116|
13|243|256|0|108|1|104|
13|243|240|0|108|1|104|
13|243|224|0|108|1|102|
13|243|240|0|108|1|102|
13|243|256|0|108|1|104|
13|243|240|0|108|1|104|
13|243|240|0|108|1|104|
13|244|256|0|108|1|104|
13|958|976|0|179|1|126|
13|245|240|0|108|1|104|
13|243|240|0|108|1|104|
13|280|288|0|345|1|32|
13|277|240|0|458|1|29|
13|265|208|0|115|1|112|
13|244|240|0|108|1|104|
13|241|240|0|107|1|104|
13|270|256|0|112|1|108|
13|243|240|0|108|1|104|
13|243|240|0|108|1|104|
13|245|256|0|108|1|104|
13|244|256|0|108|1|106|
13|244|240|0|108|1|104|
13|243|240|0|108|1|104|
13|247|240|0|109|1|104|
13|242|240|0|107|1|104|
13|242|240|0|107|1|102|
13|242|256|0|107|1|102|
13|242|256|0|107|1|102|
13|243|256|0|108|1|104|
13|243|224|0|108|1|104|
13|243|240|0|108|1|104|
13|243|240|0|108|1|104|
13|243|256|0|108|1|104|
13|242|256|0|107|1|102|
13|242|240|0|107|1|104|
13|243|240|0|108|1|104|
13|243|240|0|108|1|104|
13|242|224|0|107|1|104|
13|1049|1056|0|181|1|128|
13|243|240|0|108|1|104|
13|242|256|0|107|1|104|
13|242|224|0|107|1|102|
13|246|256|0|109|1|104|
13|245|256|0|108|1|104|
13|246|256|0|109|1|106|
13|243|256|0|108|1|104|
13|242|240|0|107|1|102|
13|243|256|0|108|1|104|
13|245|240|0|108|1|104|
13|254|272|0|111|1|106|
13|243|240|0|108|1|104|
13|243|240|0|108|1|102|
13|243|240|0|108|1|104|
13|243|240|0|108|1|104|
13|243|240|0|108|1|104|
13|242|256|0|107|1|104|
13|245|240|0|108|1|104|
13|243|256|0|108|1|104|
13|245|256|0|108|1|104|
13|243|240|0|108|1|102|
13|427|432|0|169|1|130|
13|245|256|0|108|1|104|
13|271|272|0|340|1|34|
13|310|224|0|369|1|43|
13|272|208|0|117|1|112|
13|367|288|0|146|1|116|
13|291|224|0|312|1|32|
13|312|240|0|378|1|38|
13|272|208|0|117|1|112|
13|272|208|0|117|1|112|
13|270|208|0|117|1|112|
13|241|240|0|107|1|104|
13|245|240|0|108|1|104|
13|241|256|0|107|1|104|
13|241|224|0|107|1|104|
13|245|240|0|108|1|104|
13|244|240|0|108|1|106|
13|241|256|0|107|1|104|
13|247|256|0|109|1|104|
13|242|240|0|107|1|102|
13|248|240|0|109|1|106|
13|242|256|0|107|1|102|
13|247|256|0|109|1|106|
13|243|256|0|108|1|102|
13|345|352|0|143|1|50|
13|272|208|0|117|1|112|
13|273|208|0|118|1|116|
13|272|208|0|117|1|114|
13|275|208|0|118|1|116|
13|242|256|0|107|1|102|
13|242|256|0|107|1|102|
13|246|240|0|109|1|106|
13|242|240|0|107|1|102|
13|243|240|0|108|1|104|
13|243|240|0|108|1|104|
13|243|240|0|108|1|104|
13|245|240|0|108|1|104|
13|242|224|0|107|1|102|
13|245|224|0|108|1|104|
13|242|240|0|107|1|102|
13|282|288|0|121|1|116|
13|243|240|0|108|1|104|
13|242|224|0|107|1|102|
13|243|224|0|108|1|104|
13|243|240|0|108|1|104|
13|244|240|0|108|1|104|
13|247|240|0|109|1|104|
13|247|240|0|109|1|104|
13|243|240|0|108|1|104|
13|243|240|0|108|1|102|
13|242|240|0|107|1|102|
13|243|240|0|108|1|104|
13|266|256|0|141|1|56|
13|242|256|0|107|1|102|
13|243|240|0|108|1|102|
13|242|240|0|107|1|102|
13|243|240|0|108|1|104|
13|242|240|0|107|1|102|
13|246|240|0|109|1|106|
13|243|224|0|108|1|102|
13|245|240|0|108|1|104|
13|243|240|0|108|1|104|
13|244|256|0|108|1|104|
13|341|336|0|115|1|108|
13|243|256|0|108|1|104|
13|245|240|0|108|1|104|
13|243|256|0|108|1|104|
13|246|256|0|109|1|104|
13|243|240|0|108|1|104|
13|245|256|0|108|1|104|
13|242|240|0|107|1|102|
13|245|224|0|108|1|104|
13|243|256|0|108|1|104|
13|243|240|0|108|1|104|
13|242|256|0|107|1|102|
13|243|240|0|108|1|104|
13|242|240|0|107|1|102|
13|243|224|0|108|1|104|
13|244|240|0|108|1|106|
13|242|240|0|107|1|102|
13|243|224|0|108|1|104|
13|242|240|0|107|1|104|
13|243|240|0|108|1|104|
13|245|240|0|108|1|104|
13|243|240|0|108|1|104|
13|246|240|0|109|1|106|
13|246|256|0|109|1|106|
13|242|240|0|107|1|102|
13|248|256|0|109|1|106|
13|244|256|0|108|1|104|
13|242|240|0|107|1|102|
13|243|240|0|108|1|104|
13|242|256|0|107|1|102|
13|243|240|0|108|1|104|
13|243|256|0|108|1|104|
13|243|240|0|108|1|104|
13|242|224|0|107|1|102|
13|243|240|0|108|1|104|
13|243|256|0|108|1|102|
13|246|240|0|109|1|104|
13|243|240|0|108|1|104|
13|243|256|0|108|1|104|
13|247|256|0|109|1|104|
13|243|240|0|108|1|104|
13|244|256|0|108|1|106|
13|243|240|0|108|1|104|
13|244|224|0|108|1|106|
13|242|240|0|107|1|104|
13|242|240|0|107|1|104|
13|242|240|0|107|1|102|
13|243|256|0|108|1|104|
13|243|256|0|108|1|104|
13|382|384|0|154|1|126|
13|246|240|0|109|1|106|
13|242|240|0|107|1|104|
13|251|240|0|110|1|104|
13|243|240|0|108|1|104|
13|243|240|0|108|1|104|
13|246|240|0|109|1|106|
13|242|240|0|107|1|102|
13|243|256|0|108|1|102|
13|246|240|0|109|1|106|
13|242|240|0|107|1|102|
13|377|384|0|152|1|128|
13|243|240|0|108|1|104|
13|243|256|0|108|1|104|
13|243|256|0|108|1|104|
13|242|240|0|107|1|102|
13|246|240|0|109|1|104|
13|243|240|0|108|1|104|
13|246|256|0|109|1|106|
13|243|256|0|108|1|104|
13|242|256|0|107|1|104|
13|243|256|0|108|1|104|
13|242|240|0|107|1|102|
13|245|240|0|108|1|104|
13|243|240|0|108|1|104|
13|243|256|0|108|1|102|
13|243|256|0|108|1|102|
13|242|240|0|107|1|102|
13|243|256|0|108|1|104|
13|247|256|0|109|1|104|
13|255|256|0|108|1|104|
13|245|256|0|108|1|104|
13|243|224|0|108|1|104|
13|243|256|0|108|1|104|
13|248|256|0|109|1|104|
13|243|240|0|108|1|104|
13|245|240|0|108|1|104|
13|243|240|0|108|1|104|
13|243|240|0|108|1|104|
13|242|256|0|107|1|104|
13|243|240|0|108|1|104|
13|242|240|0|107|1|102|
13|242|256|0|107|1|102|
13|242|240|0|107|1|104|
13|242|240|0|107|1|104|
13|243|256|0|108|1|104|
13|243|256|0|108|1|104|
13|243|224|0|108|1|104|
13|243|240|0|108|1|102|
13|242|240|0|107|1|104|
13|243|240|0|108|1|104|
13|243|256|0|108|1|104|
13|244|224|0|108|1|104|
13|244|224|0|108|1|104|
13|244|240|0|108|1|106|
13|245|256|0|108|1|104|
13|243|256|0|108|1|104|
13|243|240|0|108|1|102|
13|245|256|0|108|1|104|
13|245|224|0|108|1|104|
13|243|240|0|108|1|104|
13|244|240|0|108|1|104|
13|245|240|0|108|1|104|
13|245|240|0|108|1|104|
13|249|240|0|110|1|104|
13|245|256|0|108|1|104|
13|243|240|0|108|1|102|
13|246|256|0|109|1|106|
13|243|240|0|108|1|104|
13|243|240|0|108|1|104|
13|246|240|0|108|1|104|
13|242|240|0|107|1|102|
13|243|224|0|108|1|104|
13|243|240|0|108|1|104|
13|244|240|0|108|1|104|
13|243|256|0|108|1|104|
13|242|256|0|107|1|102|
13|243|240|0|108|1|104|
13|243|256|0|108|1|104|
13|242|240|0|107|1|102|
13|247|240|0|109|1|104|
13|344|336|0|141|1|126|
13|244|240|0|108|1|106|
13|242|240|0|107|1|104|
13|242|240|0|107|1|104|
13|243|256|0|108|1|104|
13|243|240|0|108|1|104|
13|243|256|0|108|1|104|
13|243|240|0|108|1|104|
13|252|240|0|111|1|106|
13|249|240|0|110|1|104|
13|243|256|0|108|1|104|
13|384|384|0|155|1|128|
13|242|240|0|107|1|102|
13|243|256|0|108|1|104|
13|243|240|0|108|1|104|
13|242|256|0|107|1|104|
13|242|256|0|107|1|104|
13|242|240|0|107|1|102|
13|245|240|0|108|1|104|
13|243|224|0|108|1|104|
13|242|240|0|107|1|104|
13|246|256|0|109|1|106|
13|243|240|0|108|1|104|
13|245|240|0|108|1|104|
13|337|352|0|139|1|128|
13|247|240|0|109|1|104|
13|246|240|0|109|1|106|
13|243|240|0|108|1|104|
13|245|240|0|108|1|104|
13|268|272|0|176|1|62|
13|243|224|0|108|1|104|
13|242|240|0|107|1|102|
13|245|240|0|108|1|104|
13|242|240|0|107|1|104|
13|243|240|0|108|1|104|
13|243|240|0|108|1|104|
13|453|448|0|178|1|128|
13|242|256|0|107|1|104|
13|243|224|0|108|1|102|
13|246|240|0|109|1|106|
13|243|256|0|108|1|104|
13|245|256|0|108|1|104|
13|243|256|0|108|1|104|
13|243|240|0|108|1|104|
13|242|240|0|107|1|102|
13|243|224|0|108|1|104|
13|242|224|0|107|1|104|
13|246|240|0|109|1|104|
13|246|240|0|109|1|106|
13|247|256|0|109|1|104|
13|243|240|0|108|1|104|
13|243|240|0|108|1|104|
13|243|240|0|108|1|104|
13|242|240|0|107|1|102|
13|243|256|0|108|1|104|
13|243|240|0|108|1|104|
13|244|240|0|108|1|104|
13|243|240|0|108|1|104|
13|243|240|0|108|1|104|
13|243|240|0|108|1|104|
13|243|224|0|108|1|102|
13|243|256|0|108|1|104|
13|244|224|0|108|1|106|
13|243|240|0|108|1|104|
13|242|256|0|107|1|104|
13|246|240|0|109|1|106|
13|243|240|0|108|1|104|
13|243|240|0|108|1|104|
13|242|240|0|107|1|102|
13|266|224|0|115|1|112|
13|259|208|0|113|1|108|
13|261|208|0|114|1|108|
13|252|240|0|111|1|106|
13|265|272|0|233|1|70|
13|252|224|0|111|1|106|
13|243|224|0|108|1|104|
13|243|240|0|108|1|104|
13|242|240|0|107|1|102|
13|246|224|0|109|1|106|
13|243|240|0|108|1|104|
13|245|256|0|108|1|104|
13|243|240|0|108|1|104|
13|245|240|0|108|1|104|
13|242|240|0|107|1|104|
13|242|224|0|107|1|102|
13|243|240|0|108|1|104|
13|243|240|0|108|1|104|
13|243|240|0|108|1|104|
13|243|240|0|108|1|104|
13|243|224|0|108|1|104|
13|243|224|0|108|1|104|
13|246|240|0|109|1|104|
13|242|240|0|107|1|102|
13|242|240|0|107|1|102|
13|242|240|0|107|1|104|
13|245|224|0|108|1|104|
13|242|240|0|107|1|102|
13|243|240|0|108|1|104|
13|243|240|0|108|1|104|
13|244|240|0|108|1|106|
13|245|240|0|108|1|104|
13|246|240|0|109|1|106|
13|245|240|0|108|1|104|
13|243|256|0|108|1|104|
13|245|240|0|108|1|104|
13|242|240|0|107|1|102|
13|246|256|0|109|1|106|
13|242|256|0|107|1|102|
13|243|240|0|108|1|104|
13|244|240|0|108|1|104|
13|242|240|0|107|1|102|
13|245|240|0|108|1|104|
13|243|240|0|108|1|104|
13|246|240|0|109|1|106|
13|242|240|0|107|1|102|
13|242|256|0|107|1|102|
13|243|240|0|108|1|104|
13|243|240|0|108|1|104|
13|242|240|0|107|1|104|
13|242|256|0|107|1|102|
13|242|240|0|107|1|102|
13|242|240|0|107|1|102|
13|242|256|0|107|1|104|
13|276|192|0|119|1|116|
13|277|192|0|119|1|116|
13|255|224|0|112|1|106|
13|255|224|0|112|1|108|
13|243|240|0|108|1|104|
13|243|240|0|108|1|104|
13|243|240|0|108|1|104|
13|246|240|0|109|1|106|
13|246|256|0|109|1|104|
13|246|240|0|109|1|106|
13|245|256|0|108|1|104|
13|245|240|0|108|1|104|
13|246|240|0|109|1|104|
13|248|240|0|109|1|106|
13|244|256|0|108|1|106|
13|242|256|0|107|1|102|
13|242|240|0|107|1|102|
13|243|256|0|108|1|104|
13|243|240|0|108|1|104|
13|247|240|0|109|1|104|
13|246|240|0|109|1|106|
13|243|240|0|108|1|104|
13|242|224|0|107|1|102|
13|243|256|0|108|1|104|
13|249|240|0|110|1|104|
13|243|240|0|108|1|104|
13|242|224|0|107|1|104|
13|243|240|0|108|1|104|
13|245|240|0|108|1|104|
13|243|240|0|108|1|104|
13|246|240|0|109|1|106|
13|245|240|0|108|1|104|
13|246|240|0|109|1|106|
13|245|240|0|108|1|104|
13|243|256|0|108|1|102|
13|245|256|0|108|1|104|
13|242|256|0|107|1|102|
13|246|240|0|109|1|106|
13|242|240|0|107|1|104|
13|242|256|0|107|1|104|
13|243|256|0|108|1|104|
13|242|256|0|107|1|102|
13|243|240|0|108|1|104|
13|246|256|0|109|1|106|
13|246|256|0|109|1|106|
13|243|256|0|108|1|104|
13|243|240|0|108|1|104|
13|243|240|0|108|1|104|
13|243|240|0|108|1|104|
13|243|240|0|108|1|104|
13|243|256|0|108|1|104|
13|242|240|0|107|1|104|
13|270|272|0|233|1|50|
13|255|208|0|112|1|108|
13|449|448|0|176|1|128|
13|243|240|0|108|1|104|
13|245|240|0|108|1|104|
13|243|256|0|108|1|104|
13|248|256|0|109|1|106|
13|243|240|0|108|1|104|
13|243|240|0|108|1|104|
13|245|240|0|108|1|102|
13|243|240|0|108|1|104|
13|243|240|0|108|1|104|
13|242|240|0|107|1|102|
13|246|256|0|109|1|104|
13|243|240|0|108|1|104|
13|245|240|0|108|1|104|
13|243|240|0|108|1|104|
13|248|240|0|109|1|104|
13|242|240|0|107|1|104|
13|273|256|0|304|1|40|
13|257|224|0|112|1|108|
13|243|256|0|108|1|102|
13|242|240|0|107|1|102|
13|243|240|0|108|1|104|
13|242|240|0|107|1|102|
13|243|240|0|108|1|104|
13|246|256|0|109|1|104|
13|243|240|0|108|1|104|
13|245|240|0|108|1|104|
13|243|256|0|108|1|104|
13|246|240|0|109|1|104|
13|241|240|0|107|1|104|
13|243|240|0|108|1|104|
13|243|240|0|108|1|104|
13|243|240|0|108|1|104|
13|246|256|0|109|1|104|
13|244|240|0|108|1|104|
13|242|240|0|107|1|102|
13|243|240|0|108|1|104|
13|243|240|0|108|1|104|
13|243|240|0|108|1|104|
13|242|256|0|107|1|102|
13|245|240|0|108|1|104|
13|242|224|0|107|1|102|
13|246|240|0|109|1|104|
13|247|256|0|109|1|104|
13|242|240|0|107|1|102|
13|243|240|0|108|1|104|
13|243|240|0|108|1|104|
13|243|256|0|108|1|102|
13|245|240|0|108|1|104|
13|243|240|0|108|1|104|
13|243|256|0|108|1|104|
13|243|240|0|108|1|104|
13|243|256|0|108|1|104|
13|364|352|0|148|1|130|
13|243|224|0|108|1|104|
13|243|256|0|108|1|104|
13|242|240|0|107|1|104|
13|242|224|0|107|1|102|
13|246|256|0|109|1|106|
13|242|240|0|107|1|102|
13|242|240|0|107|1|104|
13|244|240|0|108|1|106|
13|243|240|0|108|1|104|
13|243|240|0|108|1|104|
13|246|240|0|109|1|106|
13|248|240|0|109|1|104|
13|246|240|0|109|1|104|
13|242|256|0|107|1|102|
13|243|240|0|108|1|104|
13|243|256|0|108|1|104|
13|246|256|0|109|1|106|
13|242|240|0|107|1|102|
13|242|256|0|107|1|102|
13|243|256|0|108|1|104|
13|243|240|0|108|1|102|
13|244|256|0|108|1|106|
13|242|256|0|107|1|102|
13|244|256|0|108|1|106|
13|242|240|0|107|1|102|
13|243|240|0|108|1|104|
13|243|240|0|108|1|104|
13|243|240|0|108|1|104|
13|245|256|0|108|1|104|
13|246|240|0|109|1|106|
13|242|240|0|107|1|104|
13|427|432|0|169|1|128|
13|242|256|0|107|1|102|
13|243|240|0|108|1|104|
13|262|272|0|111|1|108|
13|243|256|0|108|1|104|
13|245|240|0|108|1|104|
13|321|336|0|134|1|132|
13|244|240|0|108|1|104|
13|244|256|0|108|1|104|
13|243|240|0|108|1|104|
13|361|352|0|147|1|128|
13|243|240|0|108|1|104|
13|244|240|0|108|1|104|
13|244|240|0|108|1|106|
13|246|256|0|109|1|106|
13|246|256|0|109|1|106|
13|247|256|0|109|1|104|
13|245|240|0|108|1|104|
13|243|256|0|108|1|104|
13|243|240|0|108|1|104|
13|243|240|0|108|1|104|
13|242|224|0|107|1|104|
13|242|240|0|107|1|102|
13|243|240|0|108|1|104|
13|245|240|0|108|1|104|
13|245|240|0|108|1|104|
13|248|224|0|109|1|104|
13|242|224|0|107|1|102|
13|243|240|0|108|1|104|
13|242|224|0|107|1|102|
13|245|256|0|108|1|104|
13|245|240|0|108|1|104|
13|245|224|0|108|1|104|
13|246|256|0|109|1|106|
13|244|256|0|108|1|106|
13|245|240|0|108|1|104|
13|242|224|0|107|1|102|
13|245|240|0|108|1|104|
13|243|224|0|108|1|102|
13|244|240|0|108|1|104|
13|243|240|0|108|1|104|
13|243|240|0|108|1|104|
13|244|240|0|108|1|104|
13|400|400|0|160|1|126|
13|244|256|0|108|1|106|
13|243|240|0|108|1|104|
13|242|240|0|107|1|102|
13|242|256|0|107|1|102|
13|242|256|0|107|1|102|
13|243|240|0|108|1|104|
13|243|240|0|108|1|104|
13|245|240|0|108|1|104|
13|245|256|0|108|1|104|
13|242|240|0|107|1|102|
13|243|240|0|108|1|104|
13|242|256|0|107|1|104|
13|253|256|0|111|1|106|
13|243|224|0|108|1|104|
13|243|256|0|108|1|104|
13|243|240|0|108|1|104|
13|244|240|0|108|1|104|
13|242|240|0|107|1|104|
13|242|256|0|107|1|102|
13|243|256|0|108|1|104|
13|243|256|0|108|1|102|
13|243|240|0|108|1|104|
13|242|240|0|107|1|102|
13|248|224|0|109|1|104|
13|243|240|0|108|1|104|
13|286|288|0|365|1|38|
13|264|208|0|115|1|112|
13|267|208|0|116|1|114|
13|259|208|0|113|1|108|
13|247|240|0|109|1|104|
13|243|240|0|108|1|104|
13|243|256|0|108|1|104|
13|242|240|0|107|1|104|
13|246|256|0|109|1|104|
13|246|240|0|109|1|106|
13|248|240|0|109|1|106|
13|243|256|0|108|1|104|
13|242|240|0|107|1|104|
13|242|224|0|107|1|102|
13|250|224|0|110|1|104|
13|243|240|0|108|1|104|
13|258|240|0|113|1|108|
13|270|288|0|165|1|66|
13|279|208|0|120|1|116|
13|277|192|0|119|1|116|
13|255|240|0|112|1|108|
13|246|240|0|109|1|104|
13|242|240|0|107|1|104|
13|243|240|0|108|1|104|
13|243|240|0|108|1|104|
13|243|256|0|108|1|102|
13|244|240|0|108|1|106|
13|244|240|0|108|1|106|
13|243|240|0|108|1|104|
13|245|240|0|108|1|104|
13|246|256|0|109|1|104|
13|245|256|0|108|1|104|
13|255|256|0|108|1|104|
13|242|224|0|107|1|102|
13|243|240|0|108|1|104|
13|243|240|0|108|1|104|
13|245|240|0|108|1|104|
13|246|256|0|109|1|106|
13|243|224|0|108|1|104|
13|243|256|0|108|1|102|
13|243|240|0|108|1|104|
13|243|240|0|108|1|104|
13|242|256|0|107|1|102|
13|244|240|0|108|1|104|
13|243|240|0|108|1|104|
13|388|384|0|156|1|126|
13|244|240|0|108|1|106|
13|243|240|0|108|1|102|
13|282|176|0|121|1|116|
13|286|192|0|122|1|120|
13|274|208|0|118|1|116|
13|255|208|0|112|1|106|
13|253|240|0|111|1|108|
13|245|240|0|108|1|104|
13|248|240|0|109|1|106|
13|243|240|0|108|1|102|
13|243|256|0|108|1|104|
13|245|240|0|108|1|104|
13|242|240|0|107|1|102|
13|261|272|0|109|1|104|
13|243|240|0|108|1|104|
13|243|256|0|108|1|104|
13|243|224|0|108|1|104|
13|243|240|0|108|1|104|
13|244|240|0|108|1|104|
13|242|240|0|107|1|102|
13|245|256|0|108|1|104|
13|243|240|0|108|1|104|
13|256|272|0|107|1|104|
13|243|240|0|108|1|104|
13|243|240|0|108|1|104|
13|244|240|0|108|1|106|
13|242|240|0|107|1|102|
13|243|256|0|108|1|102|
13|243|240|0|108|1|104|
13|247|256|0|109|1|104|
13|243|240|0|108|1|104|
13|242|224|0|107|1|104|
13|242|256|0|107|1|102|
13|243|240|0|108|1|104|
13|243|224|0|108|1|104|
13|243|224|0|108|1|104|
13|245|240|0|108|1|104|
13|243|256|0|108|1|104|
13|242|224|0|107|1|102|
13|247|256|0|109|1|104|
13|246|240|0|109|1|104|
13|243|240|0|108|1|104|
13|243|240|0|108|1|104|
13|243|240|0|108|1|104|
13|244|240|0|108|1|104|
13|242|240|0|107|1|104|
13|243|224|0|108|1|104|
13|243|240|0|108|1|104|
13|243|256|0|108|1|104|
13|247|256|0|109|1|104|
13|242|224|0|107|1|102|
13|246|224|0|109|1|106|
13|243|256|0|108|1|104|
13|243|240|0|108|1|104|
13|243|240|0|108|1|104|
13|243|256|0|108|1|104|
13|243|240|0|108|1|104|
13|243|256|0|108|1|104|
13|243|240|0|108|1|104|
13|242|240|0|107|1|102|
13|244|240|0|108|1|106|
13|243|256|0|108|1|104|
13|242|240|0|107|1|102|
13|245|256|0|108|1|104|
13|242|240|0|107|1|102|
13|245|240|0|108|1|104|
13|242|240|0|107|1|102|
13|242|240|0|107|1|104|
13|246|256|0|109|1|106|
13|246|256|0|109|1|106|
13|245|240|0|108|1|104|
13|246|240|0|109|1|104|
13|248|240|0|109|1|104|
13|245|240|0|108|1|104|
13|242|256|0|107|1|102|
13|246|256|0|109|1|106|
13|346|352|0|142|1|126|
13|245|256|0|108|1|104|
13|245|240|0|108|1|104|
13|245|256|0|108|1|104|
13|242|256|0|107|1|104|
13|243|240|0|108|1|104|
13|243|224|0|108|1|104|
13|243|240|0|108|1|104|
13|242|240|0|107|1|102|
13|243|240|0|108|1|102|
13|242|240|0|107|1|102|
13|243|240|0|108|1|104|
13|243|240|0|108|1|104|
13|245|256|0|108|1|104|
13|243|256|0|108|1|104|
13|245|240|0|108|1|104|
13|246|240|0|109|1|106|
13|243|240|0|108|1|102|
13|243|240|0|108|1|104|
13|245|240|0|108|1|104|
13|242|256|0|107|1|102|
13|245|256|0|108|1|102|
13|245|240|0|108|1|102|
13|243|240|0|108|1|104|
13|245|240|0|108|1|104|
13|243|240|0|108|1|104|
13|244|240|0|108|1|104|
13|244|240|0|108|1|104|
13|244|240|0|108|1|106|
13|243|256|0|108|1|104|
13|245|240|0|108|1|102|
13|244|240|0|108|1|104|
13|243|240|0|108|1|104|
13|243|240|0|108|1|104|
13|243|256|0|108|1|104|
13|242|256|0|107|1|104|
13|243|240|0|108|1|104|
13|245|240|0|108|1|104|
13|242|256|0|107|1|102|
13|246|240|0|109|1|104|
13|242|224|0|107|1|102|
13|243|240|0|108|1|104|
13|242|240|0|107|1|102|
13|243|256|0|108|1|104|
13|352|368|0|302|1|57|
13|243|240|0|108|1|104|
13|242|240|0|107|1|102|
13|242|224|0|107|1|102|
13|267|256|0|107|1|102|
13|242|240|0|107|1|102|
13|243|256|0|108|1|104|
13|243|240|0|108|1|104|
13|242|224|0|107|1|104|
13|280|272|0|200|1|48|
13|247|240|0|109|1|104|
13|243|256|0|108|1|104|
13|242|256|0|107|1|104|
13|244|240|0|108|1|104|
13|243|240|0|108|1|104|
13|245|240|0|108|1|104|
13|243|256|0|108|1|104|
13|242|224|0|107|1|102|
13|243|256|0|108|1|104|
13|243|240|0|108|1|104|
13|242|256|0|107|1|102|
13|246|240|0|109|1|104|
13|246|240|0|109|1|106|
13|246|240|0|109|1|106|
13|269|272|0|116|1|112|
13|243|224|0|108|1|104|
13|243|240|0|108|1|104|
13|243|224|0|108|1|104|
13|244|240|0|108|1|106|
13|243|224|0|108|1|104|
13|244|240|0|108|1|104|
13|244|256|0|108|1|104|
13|246|256|0|109|1|106|
13|245|240|0|108|1|104|
13|242|256|0|107|1|102|
13|243|256|0|108|1|104|
13|243|224|0|108|1|104|
13|242|240|0|107|1|102|
13|243|240|0|108|1|104|
13|243|240|0|108|1|104|
13|244|256|0|108|1|104|
13|245|240|0|108|1|104|
13|243|240|0|108|1|104|
13|246|240|0|109|1|106|
13|244|224|0|108|1|104|
13|245|256|0|108|1|104|
13|245|240|0|108|1|104|
13|244|256|0|108|1|106|
13|244|240|0|108|1|104|
13|242|256|0|107|1|104|
13|245|256|0|108|1|104|
13|243|256|0|108|1|104|
13|245|240|0|108|1|104|
13|246|240|0|108|1|104|
13|246|224|0|109|1|106|
13|242|240|0|107|1|102|
13|243|240|0|108|1|104|
13|246|240|0|109|1|104|
13|242|240|0|107|1|104|
13|244|240|0|108|1|106|
13|245|256|0|108|1|104|
13|243|240|0|108|1|104|
13|246|240|0|109|1|104|
13|242|240|0|107|1|102|
13|243|240|0|108|1|104|
13|329|336|0|136|1|132|
13|243|240|0|108|1|104|
13|243|240|0|108|1|104|
13|243|240|0|108|1|104|
13|242|240|0|107|1|102|
13|242|224|0|107|1|102|
13|243|240|0|108|1|104|
13|247|240|0|109|1|104|
13|245|240|0|108|1|104|
13|247|240|0|109|1|104|
13|243|240|0|108|1|104|
13|243|256|0|108|1|104|
13|242|256|0|107|1|102|
13|243|240|0|108|1|104|
13|243|256|0|108|1|104|
13|244|224|0|108|1|104|
13|243|256|0|108|1|104|
13|246|240|0|109|1|106|
13|246|256|0|109|1|106|
13|242|240|0|107|1|104|
13|243|240|0|108|1|102|
13|243|240|0|108|1|104|
13|243|240|0|108|1|104|
13|246|240|0|109|1|104|
13|245|240|0|108|1|102|
13|245|256|0|108|1|104|
13|247|256|0|109|1|104|
13|245|256|0|108|1|104|
13|245|256|0|108|1|104|
13|246|240|0|109|1|106|
13|248|240|0|109|1|106|
13|248|240|0|109|1|106|
13|243|256|0|108|1|102|
13|246|240|0|109|1|104|
13|246|240|0|109|1|106|
13|245|256|0|108|1|104|
13|243|256|0|108|1|104|
13|242|240|0|107|1|104|
13|242|240|0|107|1|104|
13|243|240|0|108|1|104|
13|243|240|0|108|1|104|
13|264|256|0|115|1|112|
13|242|256|0|107|1|104|
13|243|240|0|108|1|104|
13|243|256|0|108|1|104|
13|242|240|0|107|1|102|
13|242|256|0|107|1|104|
13|242|256|0|107|1|102|
13|243|240|0|108|1|104|
13|243|240|0|108|1|104|
13|243|240|0|108|1|104|
13|243|224|0|108|1|102|
13|243|224|0|108|1|104|
13|243|240|0|108|1|104|
13|242|240|0|107|1|104|
13|243|224|0|108|1|104|
13|243|240|0|108|1|104|
13|243|240|0|108|1|104|
13|248|240|0|109|1|106|
13|243|240|0|108|1|104|
13|245|256|0|108|1|104|
13|243|240|0|108|1|104|
13|243|240|0|108|1|104|
13|243|224|0|108|1|104|
13|247|256|0|109|1|106|
13|243|224|0|108|1|104|
13|243|224|0|108|1|104|
13|243|240|0|108|1|104|
13|242|224|0|107|1|104|
13|307|304|0|129|1|126|
13|246|256|0|109|1|106|
13|242|256|0|107|1|102|
13|242|224|0|107|1|102|
13|242|256|0|107|1|104|
13|242|256|0|107|1|102|
13|247|240|0|109|1|104|
13|243|240|0|108|1|104|
13|242|240|0|107|1|104|
13|243|224|0|108|1|104|
13|242|240|0|107|1|102|
13|246|240|0|109|1|106|
13|242|240|0|107|1|104|
13|243|224|0|108|1|104|
13|243|224|0|108|1|104|
13|245|240|0|108|1|104|
13|243|240|0|108|1|104|
13|243|240|0|108|1|104|
13|243|256|0|108|1|104|
13|243|240|0|108|1|104|
13|246|240|0|109|1|106|
13|242|240|0|107|1|104|
13|248|256|0|109|1|106|
13|246|256|0|109|1|106|
13|243|256|0|108|1|104|
13|245|240|0|108|1|102|
13|246|224|0|109|1|104|
13|243|240|0|108|1|104|
13|243|256|0|108|1|104|
13|243|240|0|108|1|104|
13|268|272|0|108|1|102|
13|244|256|0|108|1|106|
13|244|256|0|108|1|106|
13|243|240|0|108|1|104|
13|244|240|0|108|1|104|
13|243|224|0|108|1|102|
13|243|240|0|108|1|104|
13|242|256|0|107|1|102|
13|243|240|0|108|1|104|
13|242|240|0|107|1|104|
13|243|256|0|108|1|104|
13|243|240|0|108|1|104|
13|244|240|0|108|1|106|
13|245|240|0|108|1|104|
13|242|240|0|107|1|104|
13|243|240|0|108|1|104|
13|244|256|0|108|1|106|
13|243|240|0|108|1|104|
13|246|256|0|109|1|104|
13|244|240|0|108|1|104|
13|243|240|0|108|1|104|
13|246|256|0|109|1|106|
13|246|256|0|109|1|106|
13|246|240|0|109|1|104|
13|243|240|0|108|1|104|
13|243|240|0|108|1|104|
13|243|240|0|108|1|104|
13|243|256|0|108|1|104|
13|246|240|0|109|1|104|
13|243|240|0|108|1|104|
13|243|240|0|108|1|104|
13|244|240|0|108|1|104|
13|242|256|0|107|1|104|
13|245|256|0|108|1|104|
13|243|240|0|108|1|104|
13|245|256|0|108|1|104|
13|247|256|0|109|1|104|
13|242|240|0|107|1|102|
13|245|240|0|108|1|104|
13|245|256|0|108|1|104|
13|242|256|0|107|1|104|
13|245|240|0|108|1|104|
13|245|240|0|108|1|104|
13|243|240|0|108|1|102|
13|245|240|0|108|1|104|
13|246|256|0|109|1|104|
13|245|256|0|108|1|104|
13|245|256|0|108|1|104|
13|246|240|0|109|1|106|
13|242|240|0|107|1|104|
13|246|240|0|109|1|106|
13|246|240|0|109|1|106|
13|243|256|0|108|1|104|
13|245|256|0|108|1|104|
13|247|256|0|109|1|104|
13|246|240|0|109|1|106|
13|243|240|0|108|1|104|
13|243|240|0|108|1|104|
13|243|240|0|108|1|104|
13|243|240|0|108|1|104|
13|243|240|0|108|1|104|
13|243|240|0|108|1|104|
13|243|240|0|108|1|104|
13|242|256|0|107|1|102|
13|243|240|0|108|1|104|
13|243|240|0|108|1|104|
13|244|240|0|108|1|104|
13|242|256|0|107|1|104|
13|243|256|0|108|1|104|
