INSTRUCTIONS_RETIRED|CYCLES|UNKNOWN|LD_BLOCKS.STORE_FORWARD|UOPS_EXECUTED.CORE|BR_MISP_RETIRED.ALL_BRANCHES|UOPS_ISSUED.SLOW_LEA|
13|311|192|0|110|1|53|
13|244|256|0|108|1|53|
13|247|256|0|109|1|53|
13|246|240|0|108|1|53|
13|246|240|0|108|1|53|
13|246|240|0|108|1|53|
13|246|240|0|108|1|53|
13|245|240|0|108|1|53|
13|244|256|0|108|1|53|
13|254|256|0|242|1|33|
13|276|208|0|110|1|53|
13|289|224|0|110|1|53|
13|291|224|0|125|1|40|
13|301|224|0|110|1|53|
13|249|240|0|109|1|53|
13|298|304|0|110|1|53|
13|244|240|0|108|1|53|
13|244|240|0|108|1|53|
13|244|256|0|108|1|53|
13|243|256|0|107|1|53|
13|245|256|0|108|1|53|
13|245|240|0|108|1|53|
13|244|256|0|108|1|53|
13|246|240|0|108|1|53|
13|246|256|0|108|1|53|
13|246|256|0|108|1|53|
13|247|240|0|109|1|53|
13|251|240|0|110|1|53|
13|245|240|0|108|1|53|
13|244|240|0|108|1|53|
13|247|240|0|109|1|53|
13|244|256|0|108|1|53|
13|245|240|0|108|1|53|
13|246|256|0|108|1|53|
13|244|240|0|108|1|53|
13|243|224|0|107|1|53|
13|244|240|0|107|1|53|
13|247|256|0|109|1|53|
13|244|240|0|108|1|53|
13|255|240|0|110|1|53|
13|299|304|0|110|1|53|
13|292|224|0|309|1|36|
13|295|224|0|370|1|33|
13|301|240|0|276|1|41|
13|289|224|0|203|1|45|
13|295|240|0|451|1|32|
13|309|208|0|511|1|40|
13|297|208|0|337|1|28|
13|316|224|0|234|1|34|
13|299|224|0|201|1|42|
13|314|240|0|276|1|39|
13|309|224|0|563|1|32|
13|383|256|0|293|1|50|
13|310|208|0|256|1|39|
13|370|256|0|199|2|50|
13|288|192|0|127|1|51|
13|312|208|0|392|1|39|
13|310|208|0|132|1|51|
13|331|224|0|600|1|28|
13|370|256|0|242|1|51|
13|308|208|0|312|1|39|
13|354|208|0|224|1|26|
13|326|192|0|240|1|49|
13|314|192|0|392|1|52|
13|321|192|0|109|1|36|
13|327|192|0|460|1|21|
13|345|192|0|392|1|22|
13|354|208|0|286|1|43|
13|347|208|0|454|1|33|
13|339|176|0|534|1|33|
13|328|208|0|378|1|36|
13|352|240|0|153|1|51|
13|377|208|0|252|1|47|
13|329|208|0|290|1|38|
13|323|208|0|215|1|22|
13|344|192|0|487|1|35|
13|359|240|0|584|1|22|
13|342|192|0|689|1|30|
13|336|192|0|584|1|19|
13|334|192|0|458|1|24|
13|329|208|0|672|1|27|
13|365|224|0|550|1|36|
13|388|224|0|358|1|50|
13|319|192|0|504|1|36|
13|324|176|0|545|1|23|
13|363|224|0|114|1|53|
13|319|192|0|616|1|30|
13|326|192|0|266|1|43|
13|337|208|0|315|1|51|
13|311|176|0|125|1|51|
13|323|208|0|273|1|41|
13|326|192|0|152|1|50|
13|310|208|0|420|1|26|
13|379|208|0|328|1|46|
13|332|208|0|346|1|48|
13|322|176|0|359|1|28|
13|312|192|0|123|1|51|
13|311|192|0|322|1|38|
13|330|192|0|189|1|48|
13|363|224|0|385|1|37|
13|337|192|0|248|1|37|
13|331|192|0|161|1|33|
13|300|192|0|172|1|51|
13|319|192|0|510|1|38|
13|334|192|0|333|1|26|
13|332|192|0|647|1|20|
13|332|208|0|266|1|34|
13|350|208|0|453|1|33|
13|326|192|0|509|1|26|
13|336|192|0|255|1|49|
13|326|176|0|234|1|50|
13|328|192|0|354|1|45|
13|342|224|0|337|1|32|
13|309|208|0|304|1|34|
13|322|192|0|618|1|27|
13|314|176|0|239|1|47|
13|325|176|0|171|1|51|
13|339|192|0|313|1|27|
13|315|192|0|568|1|32|
13|314|208|0|207|1|37|
13|318|208|0|376|1|39|
13|320|192|0|213|1|41|
13|311|192|0|132|1|53|
13|371|240|0|377|1|49|
13|345|224|0|346|1|23|
13|334|224|0|245|1|45|
13|393|240|0|437|1|26|
13|315|192|0|489|1|31|
13|298|176|0|118|1|53|
13|295|176|0|110|1|53|
13|294|176|0|110|1|53|
13|296|192|0|110|1|53|
13|272|208|0|110|1|53|
13|275|208|0|110|1|53|
13|268|208|0|110|1|53|
13|256|224|0|110|1|53|
13|246|240|0|108|1|53|
13|245|240|0|108|1|53|
13|306|320|0|110|1|53|
13|244|240|0|108|1|53|
13|244|240|0|108|1|53|
13|249|240|0|109|1|53|
13|246|256|0|108|1|53|
13|244|256|0|108|1|53|
13|249|240|0|109|1|53|
13|243|256|0|107|1|53|
13|248|256|0|109|1|53|
13|245|240|0|108|1|53|
13|246|240|0|108|1|53|
13|244|240|0|108|1|53|
13|285|272|0|439|1|33|
13|244|240|0|108|1|53|
13|246|256|0|108|1|53|
13|244|240|0|108|1|53|
13|244|240|0|108|1|53|
13|244|240|0|108|1|53|
13|244|240|0|108|1|53|
13|279|224|0|110|1|53|
13|275|208|0|110|1|53|
13|274|208|0|110|1|53|
13|261|208|0|110|1|53|
13|281|240|0|291|1|50|
13|259|224|0|110|1|53|
13|244|240|0|108|1|53|
13|244|256|0|108|1|53|
13|246|256|0|108|1|53|
13|249|256|0|109|1|53|
13|245|256|0|108|1|53|
13|244|240|0|108|1|53|
13|269|256|0|528|1|33|
13|336|320|0|110|1|53|
13|246|240|0|108|1|53|
13|244|240|0|108|1|53|
13|252|256|0|152|1|49|
13|244|256|0|108|1|53|
13|246|256|0|108|1|53|
13|244|240|0|108|1|53|
13|244|240|0|108|1|53|
13|243|224|0|107|1|53|
13|244|240|0|108|1|53|
13|244|240|0|108|1|53|
13|244|240|0|108|1|53|
13|261|272|0|110|1|53|
13|246|240|0|108|1|53|
13|244|256|0|108|1|53|
13|244|240|0|108|1|53|
13|245|240|0|108|1|53|
13|244|256|0|108|1|53|
13|244|240|0|108|1|53|
13|247|256|0|109|1|53|
13|246|240|0|108|1|53|
13|247|256|0|109|1|53|
13|242|240|0|107|1|53|
13|251|224|0|110|1|53|
13|247|240|0|109|1|53|
13|248|240|0|109|1|53|
13|244|240|0|107|1|53|
13|246|256|0|108|1|53|
13|247|240|0|109|1|53|
13|246|256|0|108|1|53|
13|244|256|0|108|1|53|
13|243|256|0|107|1|53|
13|247|240|0|109|1|53|
13|244|240|0|108|1|53|
13|244|256|0|108|1|53|
13|244|224|0|107|1|53|
13|246|240|0|108|1|53|
13|249|240|0|109|1|53|
13|245|240|0|108|1|53|
13|248|256|0|109|1|53|
13|280|288|0|178|1|51|
13|247|256|0|109|1|53|
13|244|240|0|108|1|53|
13|245|240|0|108|1|53|
13|247|240|0|109|1|53|
13|245|240|0|108|1|53|
13|870|864|0|110|1|53|
13|244|240|0|107|1|53|
13|244|256|0|107|1|53|
13|245|256|0|108|1|53|
13|244|256|0|108|1|53|
13|246|240|0|108|1|53|
13|249|256|0|109|1|53|
13|244|240|0|108|1|53|
13|246|256|0|108|1|53|
13|246|256|0|108|1|53|
13|245|240|0|108|1|53|
13|248|256|0|109|1|53|
13|244|240|0|108|1|53|
13|244|240|0|108|1|53|
13|246|240|0|108|1|53|
13|244|256|0|107|1|53|
13|246|256|0|108|1|53|
13|244|240|0|108|1|53|
13|243|240|0|107|1|53|
13|247|256|0|109|1|53|
13|247|256|0|109|1|53|
13|246|256|0|108|1|53|
13|246|240|0|108|1|53|
13|244|256|0|108|1|53|
13|244|240|0|108|1|53|
13|246|256|0|108|1|53|
13|244|256|0|108|1|53|
13|246|256|0|108|1|53|
13|244|256|0|108|1|53|
13|246|256|0|108|1|53|
13|257|272|0|328|1|36|
13|244|240|0|108|1|53|
13|243|256|0|107|1|53|
13|244|240|0|108|1|53|
13|243|224|0|107|1|53|
13|244|240|0|108|1|53|
13|247|240|0|109|1|53|
13|245|240|0|108|1|53|
13|244|240|0|108|1|53|
13|244|240|0|108|1|53|
13|246|256|0|108|1|53|
13|244|240|0|107|1|53|
13|246|240|0|108|1|53|
13|243|240|0|107|1|53|
13|249|240|0|109|1|53|
13|244|240|0|108|1|53|
13|247|240|0|108|1|53|
13|244|240|0|108|1|53|
13|244|240|0|108|1|53|
13|243|240|0|107|1|53|
13|327|336|0|110|1|53|
13|325|256|0|373|1|26|
13|291|240|0|362|1|32|
13|313|240|0|369|1|27|
13|272|208|0|110|1|53|
13|319|240|0|120|1|47|
13|292|224|0|527|1|29|
13|297|240|0|747|1|30|
13|297|272|0|324|1|24|
13|296|224|0|380|1|44|
13|286|224|0|269|1|32|
13|275|208|0|110|1|53|
13|284|208|0|110|1|53|
13|268|208|0|110|1|53|
13|251|240|0|110|1|53|
13|250|256|0|109|1|53|
13|271|208|0|110|1|53|
13|304|240|0|468|1|22|
13|287|192|0|110|1|53|
13|261|208|0|110|1|53|
13|245|256|0|108|1|53|
13|244|240|0|108|1|53|
13|244|240|0|108|1|53|
13|247|240|0|109|1|53|
13|249|256|0|109|1|53|
13|246|256|0|108|1|53|
13|244|240|0|108|1|53|
13|244|240|0|108|1|53|
13|244|256|0|108|1|53|
13|244|240|0|108|1|53|
13|246|256|0|108|1|53|
13|247|256|0|109|1|53|
13|246|256|0|108|1|53|
13|274|272|0|277|1|36|
13|263|224|0|110|1|53|
13|246|240|0|108|1|53|
13|243|240|0|107|1|53|
13|244|240|0|108|1|53|
13|244|256|0|108|1|53|
13|244|240|0|108|1|53|
13|245|240|0|108|1|53|
13|244|240|0|107|1|53|
13|244|240|0|108|1|53|
13|244|224|0|108|1|53|
13|244|256|0|108|1|53|
13|256|240|0|188|1|41|
13|247|240|0|117|1|53|
13|468|368|0|150|1|77|
13|266|208|0|110|1|53|
13|265|208|0|110|1|53|
13|244|240|0|108|1|53|
13|247|240|0|109|1|53|
13|243|256|0|107|1|53|
13|243|256|0|107|1|53|
13|245|256|0|108|1|53|
13|244|256|0|108|1|53|
13|247|240|0|109|1|53|
13|266|272|0|229|1|29|
13|396|288|0|110|1|53|
13|296|208|0|199|1|42|
13|445|304|0|110|1|53|
13|301|208|0|240|1|33|
13|283|208|0|110|1|53|
13|283|208|0|110|1|53|
13|394|288|0|110|1|53|
13|277|192|0|110|1|53|
13|278|208|0|110|1|53|
13|296|192|0|110|1|53|
13|295|192|0|110|1|53|
13|298|192|0|110|1|53|
13|296|176|0|110|1|53|
13|344|224|0|110|1|53|
13|296|192|0|110|1|53|
13|295|176|0|110|1|53|
13|427|288|0|110|1|53|
13|307|208|0|110|1|53|
13|306|208|0|110|1|53|
13|297|192|0|110|1|53|
13|315|192|0|291|1|46|
13|354|240|0|185|1|51|
13|506|320|0|662|1|27|
13|314|192|0|390|1|23|
13|316|192|0|304|1|33|
13|324|208|0|593|1|37|
13|336|208|0|542|1|48|
13|317|208|0|760|1|28|
13|296|192|0|110|1|53|
13|299|176|0|110|1|53|
13|322|208|0|385|1|48|
13|267|240|0|110|1|53|
13|309|208|0|133|1|48|
13|299|176|0|110|1|53|
13|295|176|0|110|1|53|
13|300|192|0|110|1|53|
13|301|192|0|110|1|53|
13|296|192|0|110|1|53|
13|298|192|0|110|1|53|
13|297|208|0|110|1|53|
13|300|192|0|110|1|53|
13|327|208|0|110|1|53|
13|300|192|0|110|1|53|
13|309|192|0|277|1|50|
13|338|224|0|110|1|53|
13|297|192|0|110|1|53|
13|301|192|0|110|1|53|
13|319|208|0|507|1|23|
13|309|176|0|110|1|53|
13|289|192|0|110|1|53|
13|290|208|0|110|1|53|
13|273|208|0|110|1|53|
13|244|256|0|108|1|53|
13|243|240|0|107|1|53|
13|245|240|0|108|1|53|
13|244|256|0|108|1|53|
13|244|240|0|108|1|53|
13|244|240|0|108|1|53|
13|243|256|0|107|1|53|
13|245|240|0|108|1|53|
13|245|256|0|108|1|53|
13|243|240|0|107|1|53|
13|244|240|0|108|1|53|
13|244|240|0|108|1|53|
13|255|272|0|110|1|53|
13|246|256|0|108|1|53|
13|244|240|0|108|1|53|
13|246|256|0|108|1|53|
13|244|240|0|108|1|53|
13|246|240|0|108|1|53|
13|244|240|0|108|1|53|
13|244|256|0|108|1|53|
13|244|240|0|107|1|53|
13|246|240|0|108|1|53|
13|246|256|0|108|1|53|
13|244|240|0|108|1|53|
13|247|224|0|108|1|53|
13|245|256|0|108|1|53|
13|247|240|0|109|1|53|
13|246|240|0|108|1|53|
13|246|240|0|108|1|53|
13|246|256|0|108|1|53|
13|247|256|0|109|1|53|
13|248|240|0|109|1|53|
13|244|240|0|108|1|53|
13|244|240|0|108|1|53|
13|245|256|0|108|1|53|
13|244|256|0|108|1|53|
13|330|336|0|110|1|53|
13|246|240|0|108|1|53|
13|246|240|0|108|1|53|
13|243|240|0|107|1|53|
13|248|240|0|109|1|53|
13|248|256|0|109|1|53|
13|245|256|0|108|1|53|
13|244|240|0|108|1|53|
13|244|256|0|108|1|53|
13|244|240|0|108|1|53|
13|247|240|0|109|1|53|
13|245|240|0|108|1|53|
13|244|256|0|108|1|53|
13|244|224|0|108|1|53|
13|244|256|0|108|1|53|
13|244|240|0|108|1|53|
13|244|256|0|108|1|53|
13|244|240|0|108|1|53|
13|246|256|0|108|1|53|
13|244|256|0|108|1|53|
13|246|256|0|108|1|53|
13|244|240|0|108|1|53|
13|244|240|0|108|1|53|
13|244|240|0|108|1|53|
13|265|272|0|129|1|51|
13|244|240|0|108|1|53|
13|246|240|0|108|1|53|
13|246|240|0|108|1|53|
13|248|240|0|109|1|53|
13|249|256|0|109|1|53|
13|244|256|0|108|1|53|
13|247|240|0|109|1|53|
13|245|240|0|108|1|53|
13|242|256|0|107|1|53|
13|243|240|0|107|1|53|
13|244|256|0|108|1|53|
13|244|240|0|108|1|53|
13|247|256|0|109|1|53|
13|244|256|0|108|1|53|
13|279|288|0|258|1|28|
13|247|256|0|109|1|53|
13|247|256|0|109|1|53|
13|243|256|0|107|1|53|
13|244|240|0|108|1|53|
13|244|256|0|108|1|53|
13|244|240|0|108|1|53|
13|244|240|0|108|1|53|
13|245|256|0|108|1|53|
13|246|256|0|108|1|53|
13|245|240|0|108|1|53|
13|244|240|0|108|1|53|
13|247|256|0|109|1|53|
13|244|224|0|108|1|53|
13|244|240|0|108|1|53|
13|244|224|0|108|1|53|
13|246|256|0|108|1|53|
13|244|240|0|107|1|53|
13|248|256|0|109|1|53|
13|244|256|0|108|1|53|
13|244|240|0|108|1|53|
13|244|256|0|108|1|53|
13|244|256|0|108|1|53|
13|244|240|0|108|1|53|
13|244|240|0|108|1|53|
13|244|224|0|108|1|53|
13|244|240|0|108|1|53|
13|245|240|0|108|1|53|
13|243|256|0|107|1|53|
13|248|240|0|109|1|53|
13|243|240|0|107|1|53|
13|418|416|0|110|1|53|
13|244|256|0|108|1|53|
13|244|240|0|108|1|53|
13|245|240|0|108|1|53|
13|242|240|0|107|1|53|
13|274|208|0|110|1|53|
13|377|288|0|110|1|53|
13|281|208|0|110|1|53|
13|259|224|0|110|1|53|
13|243|224|0|107|1|53|
13|244|256|0|107|1|53|
13|246|256|0|108|1|53|
13|244|240|0|108|1|53|
13|246|240|0|108|1|53|
13|245|256|0|108|1|53|
13|246|256|0|108|1|53|
13|784|784|0|110|1|53|
13|246|240|0|108|1|53|
13|243|240|0|107|1|53|
13|248|240|0|109|1|53|
13|247|240|0|109|1|53|
13|244|224|0|108|1|53|
13|244|224|0|108|1|53|
13|244|240|0|108|1|53|
13|244|256|0|108|1|53|
13|246|240|0|108|1|53|
13|246|256|0|108|1|53|
13|244|240|0|108|1|53|
13|243|240|0|107|1|53|
13|244|256|0|108|1|53|
13|244|240|0|108|1|53|
13|245|240|0|108|1|53|
13|247|240|0|108|1|53|
13|248|240|0|109|1|53|
13|246|256|0|108|1|53|
13|244|240|0|108|1|53|
13|309|304|0|110|1|53|
13|246|240|0|108|1|53|
13|243|240|0|107|1|53|
13|243|240|0|107|1|53|
13|244|240|0|108|1|53|
13|245|256|0|108|1|53|
13|246|256|0|108|1|53|
13|247|256|0|109|1|53|
13|244|256|0|108|1|53|
13|246|256|0|108|1|53|
13|250|256|0|109|1|53|
13|244|240|0|108|1|53|
13|244|240|0|108|1|53|
13|245|240|0|108|1|53|
13|243|256|0|107|1|53|
13|244|240|0|108|1|53|
13|244|256|0|108|1|53|
13|247|240|0|109|1|53|
13|245|256|0|108|1|53|
13|245|256|0|108|1|53|
13|244|240|0|108|1|53|
13|244|240|0|108|1|53|
13|244|240|0|108|1|53|
13|246|240|0|108|1|53|
13|245|256|0|108|1|53|
13|246|256|0|108|1|53|
13|247|256|0|109|1|53|
13|259|256|0|110|1|53|
13|247|256|0|109|1|53|
13|243|240|0|107|1|53|
13|244|240|0|108|1|53|
13|243|256|0|107|1|53|
13|243|240|0|107|1|53|
13|262|208|0|110|1|53|
13|263|208|0|110|1|53|
13|260|224|0|110|1|53|
13|264|224|0|110|1|53|
13|255|224|0|110|1|53|
13|273|208|0|110|1|53|
13|274|208|0|110|1|53|
13|250|224|0|110|1|53|
13|245|240|0|108|1|53|
13|244|224|0|108|1|53|
13|244|240|0|108|1|53|
13|244|240|0|108|1|53|
13|247|240|0|109|1|53|
13|310|224|0|215|1|38|
13|294|208|0|139|1|51|
13|302|224|0|357|1|31|
13|295|208|0|245|1|41|
13|297|192|0|355|1|38|
13|297|224|0|476|1|27|
13|313|224|0|458|1|35|
13|303|224|0|483|1|24|
13|296|224|0|367|1|32|
13|294|208|0|224|1|51|
13|381|288|0|605|1|36|
13|300|224|0|138|1|51|
13|309|208|0|354|1|34|
13|457|304|0|237|1|42|
13|377|224|0|208|1|48|
13|324|192|0|379|1|32|
13|324|176|0|540|1|25|
13|345|208|0|276|1|50|
13|324|208|0|254|1|51|
13|319|176|0|277|1|45|
13|330|192|0|211|1|41|
13|322|176|0|237|1|52|
13|344|192|0|201|1|46|
13|312|192|0|150|1|51|
13|308|192|0|185|1|44|
13|325|208|0|418|1|22|
13|318|208|0|222|1|45|
13|320|208|0|310|1|27|
13|343|224|0|265|1|42|
13|329|192|0|515|1|33|
13|322|192|0|280|1|33|
13|321|208|0|235|1|38|
13|336|208|0|302|1|49|
13|305|176|0|199|1|52|
13|329|208|0|321|1|35|
13|319|208|0|188|1|50|
13|298|192|0|110|1|53|
13|298|192|0|110|1|53|
13|297|192|0|110|1|53|
13|292|192|0|110|1|53|
13|244|224|0|108|1|53|
13|244|240|0|108|1|53|
13|244|224|0|108|1|53|
13|246|240|0|108|1|53|
13|244|256|0|108|1|53|
13|246|240|0|108|1|53|
13|246|256|0|108|1|53|
13|245|240|0|108|1|53|
13|256|224|0|110|1|53|
13|254|224|0|110|1|53|
13|244|240|0|108|1|53|
13|891|896|0|110|1|53|
13|243|240|0|107|1|53|
13|246|240|0|108|1|53|
13|244|256|0|108|1|53|
13|246|256|0|108|1|53|
13|244|240|0|108|1|53|
13|246|240|0|108|1|53|
13|244|240|0|108|1|53|
13|245|240|0|108|1|53|
13|249|256|0|109|1|53|
13|246|240|0|108|1|53|
13|246|240|0|108|1|53|
13|244|256|0|108|1|53|
13|247|240|0|108|1|53|
13|248|256|0|109|1|53|
13|243|256|0|107|1|53|
13|246|224|0|108|1|53|
13|244|256|0|108|1|53|
13|249|240|0|109|1|53|
13|246|256|0|108|1|53|
13|249|256|0|109|1|53|
13|244|256|0|108|1|53|
13|246|256|0|108|1|53|
13|247|240|0|108|1|53|
13|246|256|0|108|1|53|
13|247|256|0|109|1|53|
13|244|240|0|108|1|53|
13|243|256|0|107|1|53|
13|242|240|0|107|1|53|
13|243|256|0|107|1|53|
13|244|240|0|108|1|53|
13|246|256|0|108|1|53|
13|244|224|0|107|1|53|
13|245|240|0|108|1|53|
13|244|256|0|108|1|53|
13|246|224|0|108|1|53|
13|243|256|0|107|1|53|
13|244|240|0|108|1|53|
13|246|256|0|108|1|53|
13|243|240|0|107|1|53|
13|243|240|0|107|1|53|
13|244|256|0|108|1|53|
13|322|320|0|315|1|28|
13|243|256|0|107|1|53|
13|244|240|0|108|1|53|
13|243|224|0|107|1|53|
13|244|256|0|108|1|53|
13|245|240|0|108|1|53|
13|244|256|0|108|1|53|
13|243|240|0|107|1|53|
13|244|240|0|108|1|53|
13|243|240|0|107|1|53|
13|244|240|0|108|1|53|
13|245|240|0|108|1|53|
13|244|240|0|108|1|53|
13|244|256|0|108|1|53|
13|244|240|0|108|1|53|
13|247|256|0|109|1|53|
13|244|256|0|108|1|53|
13|244|240|0|108|1|53|
13|246|240|0|108|1|53|
13|246|256|0|108|1|53|
13|245|256|0|108|1|53|
13|249|256|0|109|1|53|
13|246|240|0|108|1|53|
13|246|256|0|108|1|53|
13|246|240|0|108|1|53|
13|246|240|0|108|1|53|
13|244|240|0|108|1|53|
13|244|240|0|108|1|53|
13|244|240|0|108|1|53|
13|248|240|0|109|1|53|
13|245|240|0|108|1|53|
13|247|256|0|109|1|53|
13|246|240|0|108|1|53|
13|247|240|0|109|1|53|
13|248|240|0|109|1|53|
13|247|240|0|108|1|53|
13|246|240|0|108|1|53|
13|244|256|0|108|1|53|
13|245|256|0|108|1|53|
13|248|240|0|109|1|53|
13|244|240|0|108|1|53|
13|247|256|0|109|1|53|
13|245|240|0|108|1|53|
13|243|240|0|107|1|53|
13|245|240|0|108|1|53|
13|244|240|0|108|1|53|
13|246|240|0|108|1|53|
13|248|256|0|109|1|53|
13|345|336|0|110|1|53|
13|245|256|0|108|1|53|
13|244|240|0|108|1|53|
13|247|240|0|108|1|53|
13|246|240|0|108|1|53|
13|243|256|0|107|1|53|
13|246|240|0|108|1|53|
13|243|256|0|107|1|53|
13|246|240|0|108|1|53|
13|244|224|0|108|1|53|
13|243|240|0|107|1|53|
13|246|240|0|108|1|53|
13|243|240|0|107|1|53|
13|246|240|0|108|1|53|
13|244|240|0|108|1|53|
13|245|256|0|108|1|53|
13|244|240|0|108|1|53|
13|245|240|0|108|1|53|
13|248|240|0|109|1|53|
13|248|256|0|109|1|53|
13|244|240|0|108|1|53|
13|247|256|0|109|1|53|
13|244|240|0|108|1|53|
13|244|240|0|108|1|53|
13|246|256|0|108|1|53|
13|243|240|0|107|1|53|
13|244|240|0|108|1|53|
13|246|256|0|108|1|53|
13|246|256|0|108|1|53|
13|244|240|0|108|1|53|
13|244|240|0|108|1|53|
13|247|240|0|109|1|53|
13|244|240|0|107|1|53|
13|243|240|0|107|1|53|
13|245|256|0|108|1|53|
13|247|240|0|109|1|53|
13|244|240|0|108|1|53|
13|247|240|0|109|1|53|
13|244|240|0|107|1|53|
13|244|240|0|108|1|53|
13|244|240|0|108|1|53|
13|245|240|0|108|1|53|
13|244|240|0|108|1|53|
13|244|240|0|108|1|53|
13|244|256|0|108|1|53|
13|247|256|0|109|1|53|
13|243|256|0|107|1|53|
13|243|240|0|107|1|53|
13|244|256|0|108|1|53|
13|246|256|0|108|1|53|
13|249|256|0|109|1|53|
13|246|256|0|108|1|53|
13|246|256|0|108|1|53|
13|244|240|0|108|1|53|
13|245|240|0|108|1|53|
13|302|288|0|126|1|47|
13|243|256|0|107|1|53|
13|246|240|0|108|1|53|
13|244|240|0|108|1|53|
13|243|240|0|107|1|53|
13|248|240|0|109|1|53|
13|244|240|0|108|1|53|
13|244|256|0|108|1|53|
13|248|240|0|109|1|53|
13|243|256|0|107|1|53|
13|244|240|0|108|1|53|
13|247|256|0|109|1|53|
13|244|240|0|108|1|53|
13|244|256|0|108|1|53|
13|244|240|0|108|1|53|
13|244|256|0|108|1|53|
13|247|256|0|109|1|53|
13|245|240|0|108|1|53|
13|247|256|0|109|1|53|
13|244|256|0|108|1|53|
13|243|240|0|107|1|53|
13|243|240|0|107|1|53|
13|245|240|0|108|1|53|
13|245|256|0|108|1|53|
13|249|240|0|109|1|53|
13|246|240|0|108|1|53|
13|247|240|0|109|1|53|
13|249|240|0|109|1|53|
13|247|224|0|109|1|53|
13|248|240|0|109|1|53|
13|246|240|0|108|1|53|
13|244|240|0|108|1|53|
13|244|240|0|108|1|53|
13|244|256|0|108|1|53|
13|243|240|0|107|1|53|
13|244|256|0|108|1|53|
13|244|240|0|107|1|53|
13|244|240|0|108|1|53|
13|244|256|0|108|1|53|
13|248|240|0|109|1|53|
13|247|256|0|109|1|53|
13|247|240|0|109|1|53|
13|245|256|0|108|1|53|
13|245|240|0|108|1|53|
13|244|240|0|108|1|53|
13|247|256|0|108|1|53|
13|244|240|0|108|1|53|
13|448|448|0|110|1|53|
13|244|240|0|108|1|53|
13|243|240|0|107|1|53|
13|243|256|0|107|1|53|
13|244|224|0|108|1|53|
13|248|256|0|109|1|53|
13|244|256|0|107|1|53|
13|244|224|0|108|1|53|
13|244|240|0|108|1|53|
13|247|256|0|109|1|53|
13|244|256|0|108|1|53|
13|343|336|0|110|1|53|
13|243|240|0|107|1|53|
13|246|240|0|108|1|53|
13|244|240|0|108|1|53|
13|246|240|0|108|1|53|
13|247|256|0|109|1|53|
13|244|240|0|108|1|53|
13|246|256|0|108|1|53|
13|360|352|0|110|1|53|
13|243|240|0|107|1|53|
13|246|240|0|108|1|53|
13|244|240|0|108|1|53|
13|246|256|0|108|1|53|
13|245|256|0|108|1|53|
13|246|256|0|108|1|53|
13|246|256|0|108|1|53|
13|244|240|0|108|1|53|
13|244|224|0|108|1|53|
13|245|240|0|108|1|53|
13|243|240|0|107|1|53|
13|248|256|0|109|1|53|
13|244|256|0|108|1|53|
13|243|224|0|107|1|53|
13|244|256|0|107|1|53|
13|247|240|0|109|1|53|
13|247|240|0|109|1|53|
13|246|240|0|108|1|53|
13|249|256|0|109|1|53|
13|244|256|0|108|1|53|
13|246|256|0|108|1|53|
13|246|256|0|108|1|53|
13|279|224|0|271|1|26|
13|268|208|0|110|1|53|
13|271|208|0|110|1|53|
13|270|208|0|110|1|53|
13|250|240|0|110|1|53|
13|349|352|0|110|1|53|
13|246|240|0|108|1|53|
13|249|256|0|109|1|53|
13|244|240|0|108|1|53|
13|244|240|0|108|1|53|
13|244|240|0|108|1|53|
13|244|256|0|108|1|53|
13|247|240|0|108|1|53|
13|243|240|0|107|1|53|
13|244|240|0|108|1|53|
13|246|240|0|108|1|53|
13|245|240|0|108|1|53|
13|248|240|0|109|1|53|
13|244|256|0|108|1|53|
13|244|256|0|108|1|53|
13|246|240|0|108|1|53|
13|245|240|0|108|1|53|
13|246|240|0|108|1|53|
13|244|256|0|108|1|53|
13|244|240|0|108|1|53|
13|246|240|0|108|1|53|
13|243|240|0|107|1|53|
13|247|240|0|109|1|53|
13|244|256|0|108|1|53|
13|244|240|0|108|1|53|
13|243|224|0|107|1|53|
13|244|240|0|108|1|53|
13|244|240|0|108|1|53|
13|244|240|0|108|1|53|
13|245|240|0|108|1|53|
13|248|240|0|109|1|53|
13|246|240|0|108|1|53|
13|244|256|0|108|1|53|
13|244|240|0|108|1|53|
13|244|224|0|108|1|53|
13|244|256|0|108|1|53|
13|243|240|0|107|1|53|
13|243|256|0|107|1|53|
13|244|240|0|108|1|53|
13|245|256|0|108|1|53|
13|245|256|0|108|1|53|
13|243|240|0|107|1|53|
13|244|256|0|108|1|53|
13|243|240|0|107|1|53|
13|244|240|0|108|1|53|
13|246|240|0|108|1|53|
13|244|240|0|108|1|53|
13|245|240|0|108|1|53|
13|245|256|0|108|1|53|
13|244|240|0|108|1|53|
13|247|256|0|109|1|53|
13|246|256|0|108|1|53|
13|243|256|0|107|1|53|
13|246|240|0|108|1|53|
13|247|256|0|109|1|53|
13|246|240|0|108|1|53|
13|247|224|0|108|1|53|
13|244|240|0|108|1|53|
13|246|256|0|108|1|53|
13|244|224|0|108|1|53|
13|243|240|0|107|1|53|
13|245|240|0|108|1|53|
13|302|288|0|110|1|53|
13|246|240|0|108|1|53|
13|243|240|0|107|1|53|
13|249|256|0|109|1|53|
13|246|256|0|108|1|53|
13|244|224|0|108|1|53|
13|245|256|0|108|1|53|
13|245|240|0|108|1|53|
13|244|256|0|108|1|53|
13|248|256|0|109|1|53|
13|243|240|0|107|1|53|
13|243|256|0|107|1|53|
13|244|256|0|108|1|53|
13|246|240|0|108|1|53|
13|243|240|0|107|1|53|
13|439|448|0|110|1|53|
13|244|256|0|108|1|53|
13|253|240|0|110|1|53|
13|245|256|0|108|1|53|
13|243|256|0|107|1|53|
13|246|240|0|108|1|53|
13|244|256|0|108|1|53|
13|244|224|0|108|1|53|
13|245|224|0|108|1|53|
13|244|240|0|108|1|53|
13|243|256|0|107|1|53|
13|247|240|0|109|1|53|
13|244|256|0|107|1|53|
13|242|224|0|107|1|53|
13|244|240|0|108|1|53|
13|244|256|0|108|1|53|
13|243|240|0|107|1|53|
13|244|240|0|108|1|53|
13|245|256|0|108|1|53|
13|244|240|0|108|1|53|
13|246|256|0|108|1|53|
13|246|240|0|108|1|53|
13|243|240|0|107|1|53|
13|246|240|0|108|1|53|
13|244|224|0|108|1|53|
13|245|224|0|108|1|53|
13|243|224|0|107|1|53|
13|244|224|0|108|1|53|
13|248|240|0|109|1|53|
13|246|240|0|108|1|53|
13|244|240|0|107|1|53|
13|247|256|0|108|1|53|
13|244|256|0|108|1|53|
13|246|240|0|108|1|53|
13|246|256|0|108|1|53|
13|246|224|0|108|1|53|
13|244|256|0|108|1|53|
13|244|240|0|108|1|53|
13|243|240|0|107|1|53|
13|244|256|0|108|1|53|
13|244|224|0|108|1|53|
13|244|240|0|108|1|53|
13|244|240|0|108|1|53|
13|246|256|0|108|1|53|
13|247|256|0|109|1|53|
13|246|240|0|108|1|53|
13|243|240|0|107|1|53|
13|246|240|0|108|1|53|
13|243|240|0|107|1|53|
13|243|240|0|107|1|53|
13|414|416|0|110|1|53|
13|243|240|0|107|1|53|
13|243|240|0|107|1|53|
13|244|224|0|108|1|53|
13|244|240|0|108|1|53|
13|246|240|0|108|1|53|
13|243|240|0|107|1|53|
13|245|256|0|108|1|53|
13|245|240|0|108|1|53|
13|244|240|0|108|1|53|
13|243|256|0|107|1|53|
13|245|240|0|108|1|53|
13|247|240|0|109|1|53|
13|244|256|0|108|1|53|
13|244|256|0|108|1|53|
13|245|256|0|108|1|53|
13|244|240|0|108|1|53|
13|244|240|0|108|1|53|
13|244|240|0|108|1|53|
