INSTRUCTIONS_RETIRED|CYCLES|UNKNOWN|LD_BLOCKS.STORE_FORWARD|UOPS_EXECUTED.CORE|BR_MISP_RETIRED.ALL_BRANCHES|UOPS_ISSUED.SLOW_LEA|
13|299|208|0|125|1|120|
13|298|192|0|125|1|122|
13|368|240|0|148|1|128|
13|348|240|0|365|1|42|
13|288|192|0|122|1|118|
13|262|272|0|116|1|106|
13|251|256|0|109|1|106|
13|245|240|0|107|1|104|
13|249|256|0|109|1|104|
13|248|240|0|108|1|104|
13|250|256|0|109|1|104|
13|903|544|0|310|1|38|
13|259|240|0|112|1|106|
13|253|240|0|110|1|104|
13|253|256|0|110|1|104|
13|254|240|0|110|1|104|
13|246|256|0|108|1|104|
13|246|256|0|108|1|104|
13|249|240|0|109|1|104|
13|484|432|0|490|1|44|
13|278|256|0|118|1|114|
13|248|256|0|108|1|104|
13|249|240|0|109|1|104|
13|248|256|0|108|1|104|
13|246|224|0|108|1|104|
13|246|256|0|108|1|104|
13|246|240|0|108|1|104|
13|245|256|0|107|1|102|
13|275|272|0|117|1|114|
13|246|256|0|108|1|104|
13|245|256|0|107|1|102|
13|246|240|0|108|1|104|
13|249|256|0|109|1|104|
13|250|240|0|109|1|104|
13|573|576|0|183|1|130|
13|246|240|0|108|1|104|
13|246|240|0|108|1|102|
13|246|256|0|108|1|104|
13|246|240|0|108|1|104|
13|246|240|0|108|1|104|
13|246|256|0|108|1|102|
13|246|224|0|108|1|102|
13|247|256|0|108|1|106|
13|246|256|0|108|1|104|
13|246|256|0|108|1|104|
13|246|240|0|108|1|104|
13|246|256|0|108|1|104|
13|245|256|0|107|1|102|
13|249|256|0|109|1|106|
13|245|256|0|107|1|102|
13|247|256|0|108|1|106|
13|310|304|0|129|1|124|
13|245|256|0|107|1|102|
13|246|240|0|108|1|104|
13|246|240|0|108|1|104|
13|241|256|0|108|1|101|
13|247|256|0|108|1|106|
13|247|240|0|108|1|106|
13|246|240|0|108|1|104|
13|245|240|0|107|1|104|
13|245|256|0|107|1|102|
13|250|256|0|109|1|104|
13|246|256|0|108|1|104|
13|249|256|0|109|1|104|
13|245|240|0|107|1|102|
13|246|256|0|108|1|104|
13|248|256|0|108|1|104|
13|246|240|0|108|1|104|
13|245|256|0|107|1|102|
13|246|240|0|108|1|104|
13|247|240|0|108|1|106|
13|247|240|0|108|1|106|
13|242|224|0|108|1|103|
13|248|256|0|108|1|104|
13|248|256|0|108|1|104|
13|246|240|0|108|1|104|
13|246|256|0|108|1|104|
13|247|256|0|108|1|104|
13|248|256|0|108|1|104|
13|246|240|0|108|1|104|
13|246|256|0|108|1|104|
13|246|240|0|108|1|104|
13|245|240|0|107|1|104|
13|246|240|0|108|1|104|
13|246|256|0|108|1|104|
13|245|240|0|107|1|102|
13|245|256|0|107|1|104|
13|246|240|0|108|1|104|
13|246|256|0|108|1|104|
13|246|240|0|108|1|104|
13|246|240|0|108|1|104|
13|247|240|0|108|1|106|
13|245|256|0|107|1|102|
13|246|240|0|108|1|104|
13|261|256|0|110|1|108|
13|246|240|0|108|1|104|
13|246|240|0|108|1|104|
13|246|256|0|108|1|104|
13|249|240|0|109|1|104|
13|245|256|0|107|1|104|
13|246|240|0|108|1|104|
13|246|256|0|108|1|104|
13|246|240|0|108|1|104|
13|245|256|0|107|1|104|
13|249|256|0|109|1|106|
13|246|256|0|108|1|104|
13|247|256|0|108|1|106|
13|246|256|0|108|1|104|
13|247|240|0|108|1|106|
13|245|240|0|107|1|102|
13|246|256|0|108|1|104|
13|245|240|0|107|1|102|
13|245|240|0|107|1|104|
13|246|240|0|108|1|104|
13|250|256|0|109|1|104|
13|249|240|0|109|1|106|
13|249|256|0|109|1|106|
13|246|256|0|108|1|104|
13|247|256|0|108|1|106|
13|246|240|0|108|1|104|
13|246|256|0|108|1|104|
13|247|240|0|108|1|104|
13|246|240|0|108|1|104|
13|247|256|0|108|1|106|
13|246|256|0|108|1|104|
13|246|256|0|108|1|104|
13|246|240|0|108|1|104|
13|248|256|0|108|1|104|
13|247|256|0|108|1|106|
13|246|224|0|108|1|104|
13|247|256|0|108|1|106|
13|246|240|0|108|1|104|
13|249|240|0|109|1|106|
13|246|256|0|108|1|104|
13|249|256|0|109|1|104|
13|251|240|0|109|1|106|
13|248|240|0|108|1|104|
13|245|240|0|107|1|102|
13|250|256|0|109|1|104|
13|246|256|0|108|1|104|
13|280|208|0|119|1|116|
13|280|208|0|119|1|116|
13|251|224|0|109|1|104|
13|252|224|0|110|1|104|
13|246|240|0|108|1|104|
13|246|256|0|108|1|104|
13|246|240|0|108|1|104|
13|246|224|0|108|1|102|
13|245|240|0|107|1|102|
13|249|240|0|109|1|106|
13|249|256|0|109|1|106|
13|245|256|0|107|1|102|
13|246|240|0|108|1|104|
13|246|240|0|108|1|104|
13|246|240|0|108|1|104|
13|292|288|0|123|1|120|
13|245|224|0|107|1|104|
13|248|256|0|108|1|104|
13|246|240|0|108|1|104|
13|246|240|0|108|1|104|
13|310|320|0|131|1|125|
13|246|256|0|108|1|104|
13|246|256|0|108|1|104|
13|246|240|0|108|1|104|
13|245|240|0|107|1|102|
13|245|240|0|107|1|104|
13|248|240|0|108|1|104|
13|245|256|0|107|1|102|
13|852|848|0|185|1|132|
13|247|240|0|108|1|104|
13|246|256|0|108|1|104|
13|246|240|0|108|1|104|
13|248|256|0|108|1|104|
13|246|240|0|108|1|102|
13|246|256|0|108|1|104|
13|250|256|0|109|1|104|
13|248|256|0|108|1|104|
13|248|256|0|108|1|104|
13|248|240|0|108|1|102|
13|248|240|0|108|1|104|
13|248|256|0|108|1|104|
13|245|256|0|107|1|104|
13|246|224|0|108|1|104|
13|246|256|0|108|1|104|
13|246|256|0|108|1|104|
13|246|240|0|108|1|104|
13|248|256|0|108|1|104|
13|248|256|0|108|1|102|
13|249|240|0|109|1|106|
13|248|256|0|108|1|104|
13|276|208|0|118|1|114|
13|342|256|0|140|1|130|
13|277|208|0|118|1|116|
13|274|208|0|117|1|112|
13|271|256|0|112|1|106|
13|259|240|0|112|1|108|
13|245|240|0|107|1|104|
13|248|240|0|108|1|104|
13|245|256|0|107|1|102|
13|245|240|0|107|1|102|
13|250|256|0|109|1|106|
13|249|240|0|109|1|106|
13|246|240|0|108|1|104|
13|246|240|0|108|1|104|
13|246|240|0|108|1|104|
13|245|240|0|107|1|102|
13|246|240|0|108|1|104|
13|249|256|0|109|1|106|
13|246|240|0|108|1|104|
13|245|256|0|107|1|104|
13|245|240|0|107|1|102|
13|246|240|0|108|1|104|
13|246|240|0|108|1|104|
13|246|256|0|108|1|104|
13|248|240|0|108|1|104|
13|246|240|0|108|1|104|
13|246|256|0|108|1|104|
13|245|240|0|107|1|102|
13|251|256|0|109|1|104|
13|246|256|0|108|1|104|
13|245|256|0|107|1|102|
13|248|256|0|108|1|104|
13|245|240|0|107|1|102|
13|280|288|0|119|1|116|
13|245|240|0|107|1|102|
13|245|256|0|107|1|102|
13|246|256|0|108|1|104|
13|246|240|0|108|1|104|
13|246|240|0|108|1|104|
13|248|256|0|108|1|104|
13|249|256|0|109|1|106|
13|245|240|0|107|1|104|
13|249|256|0|109|1|104|
13|249|256|0|109|1|106|
13|247|240|0|108|1|106|
13|246|240|0|108|1|104|
13|248|256|0|108|1|104|
13|250|256|0|109|1|104|
13|247|240|0|108|1|106|
13|246|240|0|108|1|104|
13|247|240|0|108|1|104|
13|249|240|0|109|1|106|
13|246|240|0|108|1|104|
13|246|240|0|108|1|104|
13|245|224|0|107|1|102|
13|251|240|0|109|1|104|
13|245|256|0|107|1|102|
13|250|256|0|109|1|104|
13|253|256|0|110|1|106|
13|248|240|0|108|1|104|
13|249|256|0|109|1|106|
13|248|240|0|108|1|104|
13|249|256|0|109|1|104|
13|248|256|0|108|1|104|
13|246|240|0|108|1|104|
13|249|240|0|109|1|104|
13|246|240|0|108|1|104|
13|248|240|0|108|1|104|
13|273|208|0|117|1|114|
13|282|256|0|120|1|116|
13|252|240|0|110|1|104|
13|245|240|0|107|1|104|
13|246|240|0|108|1|104|
13|246|256|0|108|1|104|
13|248|256|0|108|1|104|
13|246|256|0|108|1|104|
13|246|256|0|108|1|104|
13|249|240|0|109|1|106|
13|248|240|0|108|1|104|
13|248|240|0|108|1|104|
13|402|416|0|160|1|128|
13|292|304|0|152|1|71|
13|246|256|0|108|1|104|
13|246|240|0|108|1|104|
13|246|240|0|108|1|104|
13|248|256|0|108|1|104|
13|246|240|0|108|1|104|
13|248|240|0|108|1|104|
13|246|256|0|108|1|102|
13|248|224|0|108|1|104|
13|246|240|0|108|1|104|
13|248|240|0|108|1|104|
13|248|240|0|108|1|104|
13|249|240|0|109|1|106|
13|245|256|0|107|1|104|
13|251|256|0|109|1|106|
13|248|256|0|108|1|104|
13|246|240|0|108|1|104|
13|246|240|0|108|1|102|
13|247|240|0|108|1|106|
13|246|224|0|108|1|104|
13|248|256|0|108|1|104|
13|245|240|0|107|1|104|
13|246|240|0|108|1|102|
13|245|240|0|107|1|102|
13|245|256|0|107|1|102|
13|246|240|0|108|1|102|
13|247|256|0|108|1|104|
13|248|256|0|108|1|104|
13|250|256|0|109|1|104|
13|248|256|0|108|1|104|
13|247|256|0|108|1|104|
13|246|256|0|108|1|102|
13|246|240|0|108|1|104|
13|245|240|0|107|1|102|
13|246|240|0|108|1|104|
13|249|256|0|109|1|104|
13|245|256|0|107|1|102|
13|249|256|0|109|1|106|
13|248|256|0|108|1|104|
13|245|240|0|107|1|104|
13|248|240|0|108|1|104|
13|246|256|0|108|1|104|
13|248|240|0|108|1|104|
13|246|256|0|108|1|102|
13|245|240|0|107|1|104|
13|250|256|0|109|1|104|
13|246|240|0|108|1|104|
13|248|240|0|108|1|104|
13|247|240|0|108|1|104|
13|246|240|0|108|1|104|
13|248|240|0|108|1|104|
13|250|240|0|109|1|104|
13|255|240|0|111|1|108|
13|252|240|0|110|1|106|
13|245|240|0|107|1|102|
13|248|256|0|108|1|104|
13|247|240|0|108|1|106|
13|247|240|0|108|1|106|
13|246|240|0|108|1|104|
13|246|256|0|108|1|104|
13|249|256|0|109|1|106|
13|250|240|0|109|1|104|
13|249|256|0|109|1|106|
13|248|240|0|108|1|104|
13|247|240|0|108|1|106|
13|247|256|0|108|1|104|
13|248|240|0|108|1|102|
13|248|256|0|108|1|104|
13|246|240|0|108|1|104|
13|246|240|0|108|1|104|
13|246|240|0|108|1|104|
13|382|368|0|153|1|128|
13|247|240|0|108|1|106|
13|245|256|0|107|1|102|
13|248|240|0|108|1|104|
13|245|240|0|109|1|103|
13|249|240|0|109|1|106|
13|246|256|0|108|1|104|
13|249|256|0|109|1|106|
13|246|256|0|108|1|104|
13|249|240|0|109|1|104|
13|246|240|0|108|1|104|
13|247|240|0|108|1|106|
13|248|256|0|108|1|104|
13|248|256|0|108|1|104|
13|248|256|0|108|1|104|
13|246|256|0|108|1|104|
13|248|240|0|108|1|104|
13|245|240|0|107|1|104|
13|251|240|0|109|1|106|
13|246|240|0|108|1|104|
13|248|256|0|108|1|104|
13|245|240|0|107|1|102|
13|245|240|0|107|1|104|
13|246|240|0|108|1|104|
13|246|240|0|108|1|104|
13|246|256|0|108|1|104|
13|249|256|0|109|1|104|
13|245|240|0|107|1|102|
13|246|240|0|108|1|104|
13|246|240|0|108|1|104|
13|246|240|0|108|1|104|
13|243|256|0|108|1|101|
13|249|256|0|109|1|106|
13|248|256|0|108|1|104|
13|246|256|0|108|1|104|
13|246|240|0|108|1|102|
13|240|240|0|107|1|101|
13|246|256|0|108|1|104|
13|246|256|0|108|1|104|
13|246|240|0|108|1|104|
13|246|256|0|108|1|102|
13|246|240|0|108|1|104|
13|252|224|0|110|1|104|
13|245|240|0|107|1|104|
13|249|240|0|109|1|104|
13|245|224|0|107|1|104|
13|248|256|0|108|1|104|
13|245|240|0|107|1|102|
13|246|240|0|108|1|104|
13|242|240|0|108|1|103|
13|246|256|0|108|1|104|
13|249|240|0|109|1|106|
13|246|240|0|108|1|104|
13|249|256|0|109|1|104|
13|251|256|0|109|1|106|
13|248|240|0|108|1|104|
13|245|240|0|107|1|102|
13|249|256|0|109|1|106|
13|246|256|0|108|1|104|
13|246|240|0|108|1|104|
13|246|240|0|108|1|104|
13|246|256|0|108|1|104|
13|246|240|0|108|1|104|
13|246|240|0|108|1|104|
13|246|256|0|108|1|104|
13|246|240|0|108|1|104|
13|246|240|0|108|1|102|
13|244|240|0|109|1|103|
13|248|240|0|108|1|104|
13|247|240|0|108|1|106|
13|246|240|0|108|1|104|
13|250|256|0|109|1|104|
13|246|256|0|108|1|104|
13|247|240|0|108|1|106|
13|246|256|0|108|1|104|
13|246|240|0|108|1|102|
13|248|256|0|108|1|104|
13|246|240|0|108|1|104|
13|248|256|0|108|1|104|
13|246|240|0|108|1|104|
13|246|256|0|108|1|102|
13|248|256|0|108|1|104|
13|246|240|0|108|1|104|
13|250|240|0|109|1|104|
13|246|240|0|108|1|104|
13|245|240|0|107|1|104|
13|246|240|0|108|1|104|
13|245|240|0|107|1|102|
13|245|256|0|107|1|102|
13|245|240|0|107|1|104|
13|246|256|0|108|1|104|
13|246|256|0|108|1|104|
13|245|240|0|107|1|102|
13|247|240|0|108|1|104|
13|246|240|0|108|1|104|
13|264|272|0|114|1|108|
13|246|240|0|108|1|104|
13|246|240|0|108|1|104|
13|247|240|0|108|1|104|
13|246|240|0|108|1|104|
13|247|240|0|108|1|106|
13|282|288|0|325|1|41|
13|246|224|0|108|1|104|
13|253|240|0|110|1|106|
13|246|256|0|108|1|104|
13|246|256|0|108|1|104|
13|246|240|0|108|1|102|
13|246|256|0|108|1|104|
13|245|240|0|107|1|102|
13|250|240|0|109|1|104|
13|245|240|0|107|1|102|
13|249|240|0|109|1|104|
13|246|256|0|108|1|104|
13|248|256|0|108|1|104|
13|247|256|0|108|1|106|
13|247|240|0|108|1|104|
13|248|240|0|108|1|104|
13|245|256|0|107|1|102|
13|246|256|0|108|1|104|
13|246|240|0|108|1|102|
13|247|224|0|108|1|104|
13|246|224|0|108|1|104|
13|246|256|0|108|1|104|
13|245|256|0|107|1|104|
13|262|272|0|110|1|104|
13|246|240|0|108|1|104|
13|246|256|0|108|1|104|
13|246|240|0|108|1|104|
13|248|256|0|108|1|104|
13|249|256|0|109|1|104|
13|245|256|0|107|1|102|
13|247|240|0|108|1|106|
13|246|240|0|108|1|104|
13|247|240|0|108|1|104|
13|246|256|0|108|1|104|
13|248|240|0|108|1|104|
13|246|256|0|108|1|104|
13|240|256|0|107|1|103|
13|246|240|0|108|1|104|
13|246|240|0|108|1|104|
13|251|256|0|109|1|106|
13|251|256|0|109|1|104|
13|245|240|0|107|1|104|
13|248|240|0|108|1|104|
13|247|256|0|108|1|106|
13|245|240|0|107|1|102|
13|249|256|0|109|1|104|
13|248|240|0|108|1|104|
13|246|256|0|108|1|104|
13|245|240|0|107|1|102|
13|245|240|0|107|1|104|
13|246|240|0|108|1|104|
13|246|240|0|108|1|104|
13|246|240|0|108|1|104|
13|245|256|0|107|1|104|
13|246|256|0|108|1|102|
13|248|256|0|108|1|104|
13|247|256|0|108|1|106|
13|247|256|0|108|1|106|
13|246|240|0|108|1|104|
13|246|256|0|108|1|104|
13|246|240|0|108|1|104|
13|247|240|0|108|1|106|
13|247|240|0|108|1|104|
13|247|256|0|108|1|104|
13|249|240|0|109|1|106|
13|245|256|0|107|1|102|
13|249|240|0|109|1|106|
13|245|256|0|107|1|104|
13|248|256|0|108|1|104|
13|251|256|0|109|1|106|
13|250|256|0|109|1|104|
13|462|448|0|180|1|132|
13|248|240|0|108|1|104|
13|246|256|0|108|1|104|
13|248|256|0|108|1|104|
13|246|256|0|108|1|104|
13|246|256|0|108|1|104|
13|246|256|0|108|1|104|
13|246|240|0|108|1|104|
13|246|240|0|108|1|104|
13|246|240|0|108|1|104|
13|246|240|0|108|1|104|
13|246|240|0|108|1|104|
13|248|256|0|108|1|104|
13|249|256|0|109|1|104|
13|248|224|0|108|1|104|
13|246|240|0|108|1|104|
13|246|240|0|108|1|104|
13|246|240|0|108|1|104|
13|246|256|0|108|1|102|
13|246|240|0|108|1|104|
13|354|352|0|144|1|128|
13|251|240|0|109|1|106|
13|243|256|0|108|1|103|
13|248|240|0|108|1|102|
13|246|256|0|108|1|104|
13|246|240|0|108|1|104|
13|245|240|0|107|1|102|
13|249|256|0|109|1|104|
13|246|240|0|108|1|104|
13|246|240|0|108|1|104|
13|250|256|0|109|1|104|
13|246|240|0|108|1|102|
13|246|240|0|108|1|104|
13|248|256|0|108|1|104|
13|249|240|0|109|1|106|
13|246|240|0|108|1|102|
13|246|240|0|108|1|104|
13|247|256|0|108|1|106|
13|246|240|0|108|1|104|
13|245|256|0|107|1|104|
13|246|256|0|108|1|104|
13|246|240|0|108|1|104|
13|245|240|0|107|1|102|
13|248|256|0|108|1|104|
13|245|240|0|107|1|104|
13|248|256|0|108|1|104|
13|246|240|0|108|1|104|
13|248|240|0|108|1|104|
13|249|256|0|109|1|104|
13|250|256|0|109|1|104|
13|246|256|0|108|1|104|
13|245|240|0|107|1|102|
13|245|256|0|107|1|102|
13|245|240|0|107|1|104|
13|246|256|0|108|1|104|
13|246|256|0|108|1|104|
13|246|256|0|108|1|104|
13|245|256|0|107|1|104|
13|245|240|0|107|1|104|
13|245|240|0|107|1|102|
13|246|240|0|108|1|104|
13|246|240|0|108|1|104|
13|247|256|0|108|1|104|
13|246|240|0|108|1|104|
13|246|240|0|108|1|104|
13|251|240|0|109|1|106|
13|248|256|0|108|1|102|
13|241|240|0|108|1|101|
13|248|240|0|108|1|104|
13|250|240|0|109|1|104|
13|248|240|0|108|1|104|
13|245|240|0|107|1|104|
13|249|240|0|109|1|106|
13|246|240|0|108|1|104|
13|249|240|0|109|1|106|
13|249|240|0|109|1|104|
13|246|240|0|108|1|102|
13|248|240|0|108|1|104|
13|246|256|0|108|1|104|
13|246|240|0|108|1|102|
13|245|240|0|107|1|104|
13|246|240|0|108|1|104|
13|246|256|0|108|1|104|
13|246|256|0|108|1|104|
13|462|448|0|180|1|128|
13|246|240|0|108|1|104|
13|248|240|0|108|1|104|
13|246|256|0|108|1|104|
13|246|240|0|108|1|104|
13|246|240|0|108|1|104|
13|246|256|0|108|1|104|
13|246|240|0|108|1|104|
13|246|256|0|108|1|104|
13|245|256|0|107|1|104|
13|245|256|0|107|1|104|
13|251|256|0|109|1|106|
13|249|240|0|109|1|106|
13|250|256|0|109|1|104|
13|248|240|0|108|1|104|
13|246|256|0|108|1|104|
13|248|240|0|108|1|104|
13|246|256|0|108|1|104|
13|241|240|0|108|1|103|
13|245|240|0|107|1|102|
13|248|256|0|108|1|104|
13|245|256|0|107|1|102|
13|246|240|0|108|1|104|
13|240|224|0|107|1|103|
13|249|256|0|109|1|106|
13|246|256|0|108|1|104|
13|245|240|0|107|1|102|
13|247|256|0|108|1|104|
13|245|240|0|107|1|104|
13|251|240|0|109|1|106|
13|246|256|0|108|1|104|
13|246|256|0|108|1|104|
13|245|256|0|107|1|104|
13|249|240|0|109|1|106|
13|246|240|0|108|1|104|
13|246|240|0|108|1|104|
13|245|256|0|107|1|104|
13|246|240|0|108|1|102|
13|247|240|0|108|1|106|
13|246|256|0|108|1|104|
13|246|240|0|108|1|104|
13|246|256|0|108|1|104|
13|245|240|0|107|1|102|
13|245|240|0|107|1|102|
13|246|240|0|108|1|104|
13|246|240|0|108|1|104|
13|245|256|0|107|1|102|
13|248|240|0|108|1|104|
13|247|256|0|108|1|106|
13|248|240|0|108|1|104|
13|250|240|0|109|1|104|
13|249|256|0|109|1|106|
13|245|240|0|107|1|102|
13|246|256|0|108|1|104|
13|247|256|0|108|1|106|
13|248|256|0|108|1|104|
13|247|240|0|108|1|106|
13|246|240|0|108|1|104|
13|248|240|0|108|1|104|
13|246|256|0|108|1|104|
13|246|256|0|108|1|104|
13|246|240|0|108|1|104|
13|246|240|0|108|1|104|
13|245|256|0|107|1|104|
13|246|240|0|108|1|104|
13|249|240|0|109|1|106|
13|246|256|0|108|1|104|
13|249|256|0|109|1|106|
13|246|240|0|108|1|102|
13|248|256|0|108|1|104|
13|245|224|0|107|1|102|
13|249|256|0|109|1|106|
13|247|240|0|108|1|106|
13|246|240|0|108|1|104|
13|246|240|0|108|1|104|
13|245|256|0|107|1|102|
13|247|256|0|108|1|104|
13|247|256|0|108|1|104|
13|247|240|0|108|1|106|
13|246|240|0|108|1|104|
13|245|256|0|107|1|102|
13|246|256|0|108|1|104|
13|246|256|0|108|1|104|
13|245|256|0|107|1|102|
13|246|240|0|108|1|104|
13|249|256|0|109|1|104|
13|248|240|0|108|1|102|
13|246|240|0|108|1|104|
13|248|240|0|108|1|104|
13|249|240|0|109|1|104|
13|248|240|0|108|1|104|
13|249|256|0|109|1|106|
13|248|240|0|108|1|104|
13|246|240|0|108|1|104|
13|246|256|0|108|1|104|
13|247|240|0|108|1|104|
13|246|240|0|108|1|104|
13|248|240|0|108|1|104|
13|248|256|0|108|1|104|
13|246|240|0|108|1|102|
13|246|256|0|108|1|104|
13|246|256|0|108|1|104|
13|247|256|0|108|1|106|
13|247|240|0|108|1|104|
13|247|240|0|108|1|104|
13|246|256|0|108|1|104|
13|245|240|0|107|1|102|
13|249|240|0|109|1|104|
13|240|256|0|107|1|103|
13|249|256|0|109|1|106|
13|246|240|0|108|1|104|
13|248|240|0|108|1|104|
13|249|240|0|109|1|106|
13|250|256|0|109|1|104|
13|248|240|0|108|1|104|
13|247|240|0|108|1|104|
13|248|240|0|108|1|104|
13|246|240|0|108|1|102|
13|248|256|0|108|1|104|
13|248|256|0|108|1|104|
13|249|240|0|109|1|106|
13|247|256|0|108|1|104|
13|240|224|0|107|1|103|
13|247|256|0|108|1|106|
13|246|240|0|108|1|104|
13|248|240|0|108|1|104|
13|248|240|0|108|1|104|
13|246|240|0|108|1|104|
13|246|240|0|108|1|104|
13|246|240|0|108|1|104|
13|246|256|0|108|1|104|
13|246|256|0|108|1|104|
13|250|240|0|109|1|104|
13|246|240|0|108|1|104|
13|246|240|0|108|1|104|
13|247|256|0|108|1|104|
13|245|256|0|107|1|102|
13|249|240|0|109|1|106|
13|245|240|0|107|1|102|
13|246|240|0|108|1|104|
13|247|256|0|108|1|104|
13|246|240|0|108|1|104|
13|250|256|0|109|1|104|
13|251|256|0|109|1|106|
13|249|240|0|109|1|104|
13|250|256|0|109|1|104|
13|247|240|0|108|1|106|
13|246|240|0|108|1|104|
13|247|256|0|108|1|104|
13|246|240|0|108|1|104|
13|246|240|0|108|1|104|
13|246|256|0|108|1|104|
13|248|256|0|108|1|104|
13|248|240|0|108|1|104|
13|248|240|0|108|1|104|
13|348|352|0|142|1|132|
13|246|256|0|108|1|104|
13|248|256|0|108|1|102|
13|246|240|0|108|1|104|
13|248|256|0|108|1|104|
13|246|240|0|108|1|104|
13|248|256|0|108|1|104|
13|246|256|0|108|1|104|
13|246|240|0|108|1|104|
13|246|256|0|108|1|104|
13|248|256|0|108|1|104|
13|246|240|0|108|1|102|
13|246|256|0|108|1|104|
13|246|256|0|108|1|104|
13|249|256|0|109|1|106|
13|245|240|0|107|1|104|
13|248|256|0|108|1|104|
13|246|240|0|108|1|104|
13|248|240|0|108|1|104|
13|246|240|0|108|1|104|
13|248|256|0|108|1|104|
13|248|256|0|108|1|104|
13|246|240|0|108|1|104|
13|245|240|0|107|1|104|
13|248|240|0|108|1|102|
13|246|240|0|108|1|104|
13|246|240|0|108|1|104|
13|248|256|0|108|1|104|
13|246|256|0|108|1|104|
13|246|256|0|108|1|104|
13|246|256|0|108|1|104|
13|246|256|0|108|1|104|
13|250|256|0|109|1|104|
13|246|256|0|108|1|104|
13|250|256|0|109|1|104|
13|246|240|0|108|1|104|
13|248|256|0|108|1|104|
13|251|256|0|109|1|106|
13|248|256|0|108|1|104|
13|245|224|0|107|1|102|
13|246|256|0|108|1|104|
13|245|240|0|107|1|104|
13|247|256|0|108|1|104|
13|246|256|0|108|1|104|
13|250|256|0|109|1|104|
13|248|256|0|108|1|104|
13|246|240|0|108|1|104|
13|249|256|0|109|1|106|
13|247|256|0|108|1|106|
13|246|256|0|108|1|104|
13|247|240|0|108|1|104|
13|245|240|0|107|1|102|
13|246|256|0|108|1|104|
13|246|256|0|108|1|104|
13|246|240|0|108|1|104|
13|246|240|0|108|1|102|
13|246|256|0|108|1|104|
13|245|240|0|107|1|102|
13|245|240|0|107|1|102|
13|244|240|0|109|1|103|
13|245|256|0|107|1|104|
13|246|256|0|108|1|104|
13|246|256|0|108|1|104|
13|247|240|0|108|1|106|
13|249|240|0|109|1|104|
13|248|224|0|108|1|104|
13|249|256|0|109|1|106|
13|246|256|0|108|1|104|
13|248|240|0|108|1|102|
13|251|256|0|109|1|104|
13|250|256|0|109|1|104|
13|248|256|0|108|1|104|
13|245|240|0|107|1|104|
13|256|272|0|108|1|104|
13|246|240|0|108|1|104|
13|246|240|0|108|1|104|
13|246|240|0|108|1|104|
13|246|240|0|108|1|102|
13|245|240|0|107|1|104|
13|246|240|0|108|1|104|
13|248|256|0|108|1|104|
13|246|240|0|108|1|104|
13|245|256|0|107|1|102|
13|246|256|0|108|1|104|
13|248|240|0|108|1|104|
13|248|240|0|108|1|104|
13|248|240|0|108|1|104|
13|249|256|0|109|1|104|
13|246|240|0|108|1|104|
13|245|240|0|107|1|102|
13|247|240|0|108|1|104|
13|246|256|0|108|1|104|
13|246|240|0|108|1|104|
13|248|256|0|108|1|104|
13|251|240|0|109|1|106|
13|248|256|0|108|1|104|
13|248|240|0|108|1|104|
13|246|240|0|108|1|104|
13|248|256|0|108|1|104|
13|246|240|0|108|1|104|
13|246|240|0|108|1|104|
13|248|240|0|108|1|104|
13|246|256|0|108|1|104|
13|246|256|0|108|1|104|
13|246|240|0|108|1|104|
13|247|240|0|108|1|104|
13|246|240|0|108|1|104|
13|248|240|0|108|1|104|
13|249|240|0|109|1|104|
13|248|256|0|108|1|104|
13|250|240|0|109|1|104|
13|248|256|0|108|1|104|
13|245|256|0|107|1|104|
13|243|240|0|108|1|103|
13|246|240|0|108|1|104|
13|247|240|0|108|1|106|
13|246|256|0|108|1|104|
13|277|288|0|115|1|112|
13|247|240|0|108|1|106|
13|246|240|0|108|1|104|
13|246|240|0|108|1|104|
13|249|240|0|109|1|104|
13|245|256|0|107|1|102|
13|246|256|0|108|1|104|
13|246|256|0|108|1|104|
13|245|240|0|107|1|102|
13|249|240|0|109|1|104|
13|248|256|0|108|1|104|
13|246|240|0|108|1|104|
13|247|240|0|108|1|106|
13|247|256|0|108|1|104|
13|242|240|0|108|1|103|
13|246|256|0|108|1|104|
13|246|240|0|108|1|104|
13|246|240|0|108|1|104|
13|246|256|0|108|1|104|
13|246|256|0|108|1|104|
13|248|256|0|108|1|104|
13|246|256|0|108|1|104|
13|245|240|0|107|1|104|
13|248|256|0|108|1|104|
13|245|240|0|107|1|102|
13|249|256|0|109|1|106|
13|248|240|0|108|1|104|
13|248|240|0|108|1|104|
13|246|240|0|108|1|104|
13|246|240|0|108|1|104|
13|245|240|0|107|1|102|
13|317|320|0|217|1|50|
13|266|208|0|114|1|108|
13|271|208|0|116|1|112|
13|282|208|0|120|1|116|
13|280|192|0|119|1|116|
13|304|256|0|389|1|21|
13|255|240|0|111|1|108|
13|247|256|0|108|1|104|
13|562|560|0|181|1|128|
13|245|240|0|107|1|102|
13|246|240|0|108|1|104|
13|246|256|0|108|1|104|
13|246|240|0|108|1|104|
13|247|256|0|108|1|106|
13|242|256|0|108|1|103|
13|246|256|0|108|1|104|
13|246|240|0|108|1|104|
13|246|240|0|108|1|104|
13|269|272|0|286|1|44|
13|246|240|0|108|1|104|
13|245|256|0|107|1|102|
13|246|256|0|108|1|104|
13|246|256|0|108|1|102|
13|245|240|0|107|1|102|
13|245|240|0|107|1|102|
13|286|208|0|121|1|116|
13|267|224|0|115|1|112|
13|246|240|0|108|1|104|
13|245|240|0|107|1|104|
13|247|240|0|108|1|104|
13|249|256|0|109|1|106|
13|245|240|0|107|1|102|
13|248|256|0|108|1|104|
13|247|240|0|108|1|106|
13|246|240|0|108|1|102|
13|247|256|0|108|1|104|
13|246|240|0|108|1|104|
13|246|240|0|108|1|104|
13|245|240|0|107|1|102|
13|246|240|0|108|1|102|
13|246|240|0|108|1|104|
13|247|256|0|108|1|106|
13|245|240|0|107|1|102|
13|247|256|0|108|1|104|
13|247|256|0|108|1|106|
13|245|256|0|107|1|102|
13|249|240|0|109|1|106|
13|245|256|0|107|1|104|
13|249|256|0|109|1|106|
13|249|240|0|109|1|106|
13|248|256|0|108|1|104|
13|246|256|0|108|1|104|
13|248|256|0|108|1|104|
13|245|256|0|107|1|102|
13|248|240|0|108|1|104|
13|245|240|0|107|1|102|
13|251|256|0|109|1|104|
13|247|240|0|108|1|104|
13|246|256|0|108|1|104|
13|249|256|0|109|1|106|
13|246|240|0|108|1|104|
13|247|240|0|108|1|106|
13|246|256|0|108|1|104|
13|246|256|0|108|1|104|
13|246|240|0|108|1|104|
13|247|256|0|108|1|106|
13|245|240|0|107|1|102|
13|246|240|0|108|1|104|
13|246|256|0|108|1|104|
13|248|240|0|108|1|104|
13|249|256|0|109|1|104|
13|248|240|0|108|1|104|
13|248|240|0|108|1|104|
13|247|240|0|108|1|106|
13|245|240|0|107|1|104|
13|246|256|0|108|1|102|
13|246|256|0|108|1|104|
13|246|240|0|108|1|104|
13|250|256|0|109|1|104|
13|246|256|0|108|1|104|
13|249|256|0|109|1|106|
13|246|240|0|108|1|104|
13|248|240|0|108|1|104|
13|246|240|0|108|1|104|
13|249|256|0|109|1|104|
13|246|240|0|108|1|104|
13|248|256|0|108|1|104|
13|246|256|0|108|1|104|
13|249|256|0|109|1|104|
13|248|256|0|108|1|104|
13|246|240|0|108|1|104|
13|248|256|0|108|1|102|
13|249|240|0|109|1|104|
13|248|256|0|108|1|104|
13|246|256|0|108|1|104|
13|408|416|0|162|1|128|
13|251|256|0|109|1|104|
13|247|240|0|108|1|104|
13|276|272|0|118|1|116|
