INSTRUCTIONS_RETIRED|CYCLES|UNKNOWN|LD_BLOCKS.STORE_FORWARD|UOPS_EXECUTED.CORE|BR_MISP_RETIRED.ALL_BRANCHES|UOPS_ISSUED.SLOW_LEA|
13|304|208|0|99|1|44|
13|269|208|0|99|1|44|
13|270|272|0|99|2|44|
13|246|240|0|99|1|44|
13|249|240|0|99|1|44|
13|249|256|0|99|1|44|
13|259|240|0|99|1|44|
13|282|240|0|99|2|44|
13|268|256|0|99|2|44|
13|271|256|0|99|2|44|
13|267|272|0|99|2|44|
13|299|288|0|474|2|27|
13|398|240|0|240|1|30|
13|391|384|0|99|1|44|
13|315|240|0|127|2|41|
13|261|224|0|99|1|44|
13|246|256|0|99|1|44|
13|247|240|0|99|1|44|
13|246|240|0|99|1|44|
13|271|272|0|99|2|44|
13|246|256|0|99|1|44|
13|245|256|0|99|1|44|
13|245|256|0|99|1|44|
13|257|224|0|99|1|44|
13|267|256|0|99|2|44|
13|267|272|0|99|2|44|
13|269|256|0|99|2|44|
13|246|240|0|99|1|44|
13|384|400|0|99|1|44|
13|245|240|0|99|1|44|
13|250|240|0|99|1|44|
13|245|240|0|99|1|44|
13|249|240|0|99|1|44|
13|256|240|0|99|1|44|
13|246|240|0|99|1|44|
13|248|256|0|99|1|44|
13|268|272|0|99|2|44|
13|245|240|0|99|1|44|
13|246|240|0|99|1|44|
13|246|240|0|99|1|44|
13|248|240|0|99|1|44|
13|267|256|0|99|2|44|
13|248|240|0|99|1|44|
13|246|240|0|99|1|44|
13|248|240|0|99|1|44|
13|245|240|0|99|1|44|
13|245|256|0|99|1|44|
13|258|272|0|99|1|44|
13|246|256|0|99|1|44|
13|349|336|0|99|1|44|
13|248|256|0|99|1|44|
13|384|384|0|99|1|44|
13|266|272|0|320|1|38|
13|283|240|0|570|1|24|
13|409|320|0|189|1|26|
13|294|224|0|206|1|36|
13|310|224|0|350|1|32|
13|290|224|0|99|1|44|
13|292|176|0|99|1|44|
13|293|192|0|99|1|44|
13|927|608|0|623|1|26|
13|377|240|0|201|1|44|
13|307|208|0|250|1|35|
13|291|192|0|99|1|44|
13|291|176|0|99|1|44|
13|293|208|0|99|1|44|
13|279|224|0|99|1|44|
13|254|256|0|99|1|44|
13|251|224|0|99|1|44|
13|252|224|0|99|1|44|
13|269|208|0|99|1|44|
13|268|256|0|99|2|44|
13|268|272|0|99|2|44|
13|246|240|0|99|1|44|
13|246|256|0|99|1|44|
13|268|272|0|99|2|44|
13|267|288|0|99|2|44|
13|269|272|0|99|2|44|
13|246|256|0|99|1|44|
13|268|256|0|99|2|44|
13|267|272|0|99|2|44|
13|245|240|0|99|1|44|
13|246|256|0|99|1|44|
13|248|224|0|99|1|44|
13|246|256|0|99|1|44|
13|245|240|0|99|1|44|
13|246|240|0|99|1|44|
13|281|224|0|99|2|44|
13|246|240|0|99|1|44|
13|251|240|0|99|1|44|
13|248|256|0|99|1|44|
13|246|256|0|99|1|44|
13|246|240|0|99|1|44|
13|247|240|0|99|1|44|
13|246|256|0|99|1|44|
13|271|256|0|99|2|44|
13|246|240|0|99|1|44|
13|272|256|0|543|1|24|
13|279|256|0|373|1|40|
13|350|336|0|99|1|44|
13|246|240|0|99|1|44|
13|247|256|0|99|1|44|
13|245|240|0|99|1|44|
13|260|272|0|99|1|44|
13|268|256|0|99|2|44|
13|270|272|0|99|2|44|
13|268|288|0|99|2|44|
13|268|272|0|99|2|44|
13|246|240|0|99|1|44|
13|246|240|0|99|1|44|
13|246|240|0|99|1|44|
13|245|256|0|99|1|44|
13|251|240|0|99|1|44|
13|246|240|0|99|1|44|
13|246|240|0|99|1|44|
13|248|240|0|99|1|44|
13|245|240|0|99|1|44|
13|271|272|0|99|2|44|
13|267|256|0|99|2|44|
13|267|256|0|99|2|44|
13|247|240|0|99|1|44|
13|269|272|0|99|2|44|
13|246|240|0|99|1|44|
13|245|240|0|99|1|44|
13|247|256|0|99|1|44|
13|246|256|0|99|1|44|
13|246|240|0|99|1|44|
13|246|240|0|99|1|44|
13|246|256|0|99|1|44|
13|248|240|0|99|1|44|
13|246|240|0|99|1|44|
13|268|272|0|99|2|44|
13|269|272|0|99|2|44|
13|246|240|0|99|1|44|
13|268|256|0|99|2|44|
13|250|256|0|99|1|44|
13|251|256|0|99|1|44|
13|246|256|0|99|1|44|
13|269|272|0|99|2|44|
13|247|256|0|99|1|44|
13|268|256|0|99|2|44|
13|244|256|0|99|1|44|
13|268|272|0|99|2|44|
13|268|256|0|99|2|44|
13|270|256|0|99|2|44|
13|245|240|0|99|1|44|
13|246|240|0|99|1|44|
13|246|256|0|99|1|44|
13|246|256|0|99|1|44|
13|246|256|0|99|1|44|
13|245|256|0|99|1|44|
13|249|240|0|99|1|44|
13|250|256|0|99|1|44|
13|246|256|0|99|1|44|
13|270|272|0|99|2|44|
13|246|240|0|99|1|44|
13|266|208|0|99|1|44|
13|264|224|0|99|1|44|
13|259|256|0|180|1|27|
13|272|224|0|127|1|32|
13|342|256|0|99|1|44|
13|276|208|0|99|1|44|
13|251|224|0|99|1|44|
13|245|256|0|99|1|44|
13|247|240|0|99|1|44|
13|246|240|0|99|1|44|
13|246|256|0|99|1|44|
13|244|256|0|99|1|44|
13|245|224|0|99|1|44|
13|267|256|0|99|2|44|
13|246|256|0|99|1|44|
13|246|240|0|99|1|44|
13|246|240|0|99|1|44|
13|245|256|0|99|1|44|
13|246|240|0|99|1|44|
13|246|240|0|99|1|44|
13|283|304|0|99|2|44|
13|267|272|0|99|2|44|
13|247|240|0|99|1|44|
13|270|256|0|99|2|44|
13|247|224|0|99|1|44|
13|246|240|0|99|1|44|
13|250|240|0|99|1|44|
13|245|240|0|99|1|44|
13|251|256|0|99|1|44|
13|249|256|0|99|1|44|
13|248|240|0|99|1|44|
13|246|256|0|99|1|44|
13|246|240|0|99|1|44|
13|246|256|0|99|1|44|
13|246|240|0|99|1|44|
13|246|256|0|99|1|44|
13|267|272|0|99|2|44|
13|268|272|0|99|2|44|
13|269|288|0|99|2|44|
13|245|240|0|99|1|44|
13|268|272|0|99|2|44|
13|246|256|0|99|1|44|
13|246|256|0|99|1|44|
13|250|256|0|99|1|44|
13|246|240|0|99|1|44|
13|246|256|0|99|1|44|
13|248|240|0|99|1|44|
13|245|256|0|99|1|44|
13|245|240|0|99|1|44|
13|268|256|0|99|2|44|
13|247|240|0|99|1|44|
13|245|240|0|99|1|44|
13|268|256|0|99|2|44|
13|246|256|0|99|1|44|
13|248|240|0|99|1|44|
13|245|240|0|99|1|44|
13|245|256|0|99|1|44|
13|247|240|0|99|1|44|
13|249|256|0|99|1|44|
13|246|240|0|99|1|44|
13|247|240|0|99|1|44|
13|246|240|0|99|1|44|
13|248|240|0|99|1|44|
13|245|256|0|99|1|44|
13|248|256|0|99|1|44|
13|249|240|0|99|1|44|
13|246|240|0|99|1|44|
13|246|240|0|99|1|44|
13|246|256|0|99|1|44|
13|247|256|0|99|1|44|
13|248|240|0|99|1|44|
13|245|240|0|99|1|44|
13|251|240|0|99|1|44|
13|246|240|0|99|1|44|
13|251|256|0|99|1|44|
13|245|240|0|99|1|44|
13|246|240|0|99|1|44|
13|246|240|0|99|1|44|
13|246|240|0|99|1|44|
13|245|240|0|99|1|44|
13|249|240|0|99|1|44|
13|268|256|0|99|2|44|
13|270|256|0|99|2|44|
13|268|272|0|99|2|44|
13|246|240|0|99|1|44|
13|246|240|0|99|1|44|
13|246|240|0|99|1|44|
13|246|240|0|99|1|44|
13|273|256|0|99|1|44|
13|265|240|0|99|1|44|
13|257|224|0|99|1|44|
13|247|256|0|99|1|44|
13|247|256|0|99|1|44|
13|246|240|0|99|1|44|
13|245|256|0|99|1|44|
13|248|256|0|99|1|44|
13|246|224|0|99|1|44|
13|248|256|0|99|1|44|
13|246|256|0|99|1|44|
13|270|272|0|99|2|44|
13|270|272|0|99|2|44|
13|267|256|0|99|2|44|
13|246|240|0|99|1|44|
13|246|256|0|99|1|44|
13|249|256|0|99|1|44|
13|245|240|0|99|1|44|
13|247|256|0|99|1|44|
13|246|240|0|99|1|44|
13|249|256|0|99|1|44|
13|246|256|0|99|1|44|
13|246|240|0|99|1|44|
13|268|256|0|99|2|44|
13|247|240|0|99|1|44|
13|252|256|0|99|1|44|
13|252|240|0|99|1|44|
13|250|256|0|99|1|44|
13|270|272|0|99|2|44|
13|251|256|0|99|1|44|
13|249|256|0|99|1|44|
13|246|240|0|99|1|44|
13|272|272|0|99|2|44|
13|267|256|0|99|2|44|
13|271|272|0|99|2|44|
13|251|256|0|99|1|44|
13|249|240|0|99|1|44|
13|268|288|0|99|2|44|
13|268|256|0|99|2|44|
13|248|256|0|99|1|44|
13|267|256|0|99|2|44|
13|246|240|0|99|1|44|
13|245|240|0|99|1|44|
13|248|240|0|99|1|44|
13|248|256|0|99|1|44|
13|267|272|0|99|2|44|
13|269|272|0|99|2|44|
13|246|256|0|99|1|44|
13|246|256|0|99|1|44|
13|268|256|0|99|2|44|
13|248|240|0|99|1|44|
13|246|240|0|99|1|44|
13|245|240|0|99|1|44|
13|246|256|0|99|1|44|
13|250|240|0|99|1|44|
13|267|272|0|99|2|44|
13|268|272|0|99|2|44|
13|250|240|0|99|1|44|
13|246|256|0|99|1|44|
13|246|240|0|99|1|44|
13|246|240|0|99|1|44|
13|252|224|0|99|1|44|
13|266|272|0|184|1|31|
13|254|256|0|160|1|42|
13|264|224|0|99|1|44|
13|265|240|0|99|1|44|
13|285|224|0|99|2|44|
13|254|240|0|99|1|44|
13|267|256|0|99|2|44|
13|271|272|0|99|2|44|
13|249|240|0|99|1|44|
13|246|240|0|99|1|44|
13|247|256|0|99|1|44|
13|247|256|0|99|1|44|
13|246|240|0|99|1|44|
13|248|240|0|99|1|44|
13|249|240|0|99|1|44|
13|268|272|0|99|2|44|
13|270|272|0|99|2|44|
13|249|256|0|99|1|44|
13|248|240|0|99|1|44|
13|248|256|0|99|1|44|
13|270|256|0|614|1|27|
13|275|208|0|99|1|44|
13|276|208|0|99|1|44|
13|249|240|0|99|1|44|
13|273|272|0|99|2|44|
13|249|240|0|99|1|44|
13|248|256|0|99|1|44|
13|246|240|0|99|1|44|
13|248|240|0|99|1|44|
13|245|240|0|99|1|44|
13|249|240|0|99|1|44|
13|246|256|0|99|1|44|
13|246|240|0|99|1|44|
13|246|240|0|99|1|44|
13|268|272|0|99|2|44|
13|267|272|0|99|2|44|
13|250|240|0|99|1|44|
13|245|240|0|99|1|44|
13|247|240|0|99|1|44|
13|246|240|0|99|1|44|
13|245|240|0|99|1|44|
13|270|272|0|99|2|44|
13|248|256|0|99|1|44|
13|245|256|0|99|1|44|
13|246|240|0|99|1|44|
13|246|240|0|99|1|44|
13|246|240|0|99|1|44|
13|267|256|0|99|2|44|
13|245|240|0|99|1|44|
13|267|256|0|99|2|44|
13|247|256|0|99|1|44|
13|268|256|0|99|2|44|
13|247|256|0|99|1|44|
13|245|256|0|99|1|44|
13|248|240|0|99|1|44|
13|246|240|0|99|1|44|
13|246|240|0|99|1|44|
13|248|240|0|99|1|44|
13|270|288|0|99|2|44|
13|246|240|0|99|1|44|
13|250|256|0|99|1|44|
13|245|240|0|99|1|44|
13|247|240|0|99|1|44|
13|246|240|0|99|1|44|
13|246|240|0|99|1|44|
13|246|224|0|99|1|44|
13|245|256|0|99|1|44|
13|246|256|0|99|1|44|
13|268|272|0|99|2|44|
13|251|240|0|99|1|44|
13|249|240|0|99|1|44|
13|245|256|0|99|1|44|
13|268|272|0|99|2|44|
13|246|256|0|99|1|44|
13|246|256|0|99|1|44|
13|245|240|0|99|1|44|
13|249|256|0|99|1|44|
13|268|288|0|99|2|44|
13|245|240|0|99|1|44|
13|246|240|0|99|1|44|
13|246|224|0|99|1|44|
13|270|272|0|99|2|44|
13|246|256|0|99|1|44|
13|246|240|0|99|1|44|
13|248|240|0|99|1|44|
13|245|256|0|99|1|44|
13|251|240|0|99|1|44|
13|268|256|0|99|2|44|
13|271|256|0|99|2|44|
13|247|240|0|99|1|44|
13|268|272|0|99|2|44|
13|268|272|0|99|2|44|
13|267|272|0|99|2|44|
13|245|256|0|99|1|44|
13|246|256|0|99|1|44|
13|249|256|0|99|1|44|
13|246|240|0|99|1|44|
13|246|240|0|99|1|44|
13|247|256|0|99|1|44|
13|267|272|0|99|2|44|
13|268|272|0|99|2|44|
13|272|272|0|99|2|44|
13|249|256|0|99|1|44|
13|247|256|0|99|1|44|
13|270|272|0|99|2|44|
13|248|240|0|99|1|44|
13|250|240|0|99|1|44|
13|245|240|0|99|1|44|
13|248|240|0|99|1|44|
13|268|272|0|99|2|44|
13|272|288|0|99|2|44|
13|273|240|0|99|2|44|
13|247|240|0|99|1|44|
13|268|272|0|99|2|44|
13|247|240|0|99|1|44|
13|245|256|0|99|1|44|
13|250|256|0|99|1|44|
13|246|240|0|99|1|44|
13|250|256|0|99|1|44|
13|247|256|0|99|1|44|
13|247|256|0|99|1|44|
13|268|256|0|99|2|44|
13|336|320|0|99|2|44|
13|270|272|0|99|2|44|
13|249|256|0|99|1|44|
13|248|240|0|99|1|44|
13|250|256|0|99|1|44|
13|248|256|0|99|1|44|
13|248|240|0|99|1|44|
13|248|256|0|99|1|44|
13|248|240|0|99|1|44|
13|246|240|0|99|1|44|
13|248|240|0|99|1|44|
13|248|240|0|99|1|44|
13|268|256|0|99|2|44|
13|246|240|0|99|1|44|
13|250|256|0|99|1|44|
13|249|256|0|99|1|44|
13|245|240|0|99|1|44|
13|248|256|0|99|1|44|
13|245|240|0|99|1|44|
13|249|240|0|99|1|44|
13|245|240|0|99|1|44|
13|246|256|0|99|1|44|
13|248|256|0|99|1|44|
13|246|240|0|99|1|44|
13|245|240|0|99|1|44|
13|245|256|0|99|1|44|
13|246|240|0|99|1|44|
13|246|256|0|99|1|44|
13|245|256|0|99|1|44|
13|245|240|0|99|1|44|
13|249|240|0|99|1|44|
13|246|256|0|99|1|44|
13|248|256|0|99|1|44|
13|246|256|0|99|1|44|
13|250|256|0|99|1|44|
13|248|256|0|99|1|44|
13|246|256|0|99|1|44|
13|247|256|0|99|1|44|
13|247|240|0|99|1|44|
13|247|256|0|99|1|44|
13|246|240|0|99|1|44|
13|268|272|0|99|2|44|
13|270|288|0|99|2|44|
13|245|224|0|99|1|44|
13|247|256|0|99|1|44|
13|270|272|0|99|2|44|
13|268|272|0|99|2|44|
13|268|272|0|99|2|44|
13|270|272|0|99|2|44|
13|246|256|0|99|1|44|
13|246|256|0|99|1|44|
13|246|224|0|99|1|44|
13|246|256|0|99|1|44|
13|246|240|0|99|1|44|
13|248|240|0|99|1|44|
13|357|352|0|99|1|44|
13|247|256|0|99|1|44|
13|268|272|0|99|2|44|
13|246|240|0|99|1|44|
13|268|272|0|99|2|44|
13|268|288|0|99|2|44|
13|246|240|0|99|1|44|
13|246|240|0|99|1|44|
13|246|256|0|99|1|44|
13|251|240|0|99|1|44|
13|246|240|0|99|1|44|
13|564|576|0|99|1|44|
13|267|272|0|99|2|44|
13|268|256|0|99|2|44|
13|270|256|0|99|2|44|
13|267|272|0|99|2|44|
13|248|240|0|99|1|44|
13|269|272|0|99|2|44|
13|269|272|0|99|2|44|
13|247|256|0|99|1|44|
13|271|272|0|99|2|44|
13|246|256|0|99|1|44|
13|247|240|0|99|1|44|
13|247|240|0|99|1|44|
13|246|256|0|99|1|44|
13|249|256|0|99|1|44|
13|246|240|0|99|1|44|
13|248|256|0|99|1|44|
13|244|240|0|99|1|44|
13|248|240|0|99|1|44|
13|246|240|0|99|1|44|
13|270|272|0|99|2|44|
13|271|272|0|99|2|44|
13|246|256|0|99|1|44|
13|271|256|0|99|2|44|
13|247|240|0|99|1|44|
13|246|240|0|99|1|44|
13|245|256|0|99|1|44|
13|270|272|0|99|2|44|
13|245|256|0|99|1|44|
13|245|240|0|99|1|44|
13|245|240|0|99|1|44|
13|245|256|0|99|1|44|
13|246|240|0|99|1|44|
13|245|240|0|99|1|44|
13|247|240|0|99|1|44|
13|268|256|0|99|2|44|
13|245|256|0|99|1|44|
13|249|240|0|99|1|44|
13|245|256|0|99|1|44|
13|246|256|0|99|1|44|
13|270|272|0|99|2|44|
13|268|256|0|99|2|44|
13|246|240|0|99|1|44|
13|245|240|0|99|1|44|
13|246|256|0|99|1|44|
13|246|240|0|99|1|44|
13|268|288|0|99|2|44|
13|267|272|0|99|2|44|
13|245|256|0|99|1|44|
13|246|256|0|99|1|44|
13|246|256|0|99|1|44|
13|268|272|0|99|2|44|
13|271|288|0|99|2|44|
13|268|272|0|99|2|44|
13|248|240|0|99|1|44|
13|268|272|0|99|2|44|
13|271|288|0|99|2|44|
13|246|256|0|99|1|44|
13|246|240|0|99|1|44|
13|248|256|0|99|1|44|
13|248|256|0|99|1|44|
13|249|224|0|99|1|44|
13|248|256|0|99|1|44|
13|248|240|0|99|1|44|
13|248|240|0|99|1|44|
13|246|256|0|99|1|44|
13|245|256|0|99|1|44|
13|268|272|0|99|2|44|
13|246|256|0|99|1|44|
13|245|240|0|99|1|44|
13|246|240|0|99|1|44|
13|246|240|0|99|1|44|
13|246|240|0|99|1|44|
13|248|240|0|99|1|44|
13|246|240|0|99|1|44|
13|355|352|0|99|1|44|
13|245|240|0|99|1|44|
13|248|256|0|99|1|44|
13|246|240|0|99|1|44|
13|246|256|0|99|1|44|
13|248|256|0|99|1|44|
13|245|256|0|99|1|44|
13|248|240|0|99|1|44|
13|248|256|0|99|1|44|
13|270|272|0|99|2|44|
13|248|256|0|99|1|44|
13|267|256|0|99|2|44|
13|267|288|0|99|2|44|
13|246|240|0|99|1|44|
13|268|272|0|99|2|44|
13|245|256|0|99|1|44|
13|245|256|0|99|1|44|
13|246|256|0|99|1|44|
13|246|240|0|99|1|44|
13|246|256|0|99|1|44|
13|246|256|0|99|1|44|
13|247|256|0|99|1|44|
13|246|240|0|99|1|44|
13|246|240|0|99|1|44|
13|251|256|0|99|1|44|
13|248|256|0|99|1|44|
13|314|304|0|99|1|44|
13|268|272|0|99|2|44|
13|246|256|0|99|1|44|
13|268|272|0|99|2|44|
13|268|256|0|99|2|44|
13|268|272|0|99|2|44|
13|248|240|0|99|1|44|
13|249|224|0|99|1|44|
13|250|256|0|99|1|44|
13|246|256|0|99|1|44|
13|248|240|0|99|1|44|
13|245|256|0|99|1|44|
13|251|256|0|99|1|44|
13|246|240|0|99|1|44|
13|249|256|0|99|1|44|
13|268|256|0|99|2|44|
13|292|288|0|99|1|44|
13|246|240|0|99|1|44|
13|248|240|0|99|1|44|
13|250|256|0|99|1|44|
13|250|240|0|99|1|44|
13|245|240|0|99|1|44|
13|248|256|0|99|1|44|
13|245|240|0|99|1|44|
13|248|256|0|99|1|44|
13|246|256|0|99|1|44|
13|245|240|0|99|1|44|
13|248|240|0|99|1|44|
13|246|256|0|99|1|44|
13|245|240|0|99|1|44|
13|248|256|0|99|1|44|
13|248|240|0|99|1|44|
13|246|240|0|99|1|44|
13|246|240|0|99|1|44|
13|246|240|0|99|1|44|
13|268|272|0|99|2|44|
13|271|272|0|99|2|44|
13|267|256|0|99|2|44|
13|246|240|0|99|1|44|
13|249|256|0|99|1|44|
13|249|256|0|99|1|44|
13|270|272|0|99|2|44|
13|268|256|0|99|2|44|
13|247|256|0|99|1|44|
13|247|240|0|99|1|44|
13|246|240|0|99|1|44|
13|267|256|0|99|2|44|
13|271|272|0|99|2|44|
13|268|272|0|99|2|44|
13|250|256|0|99|1|44|
13|249|240|0|99|1|44|
13|246|240|0|99|1|44|
13|246|240|0|99|1|44|
13|246|256|0|99|1|44|
13|246|240|0|99|1|44|
13|249|240|0|99|1|44|
13|267|272|0|99|2|44|
13|267|272|0|99|2|44|
13|268|288|0|99|2|44|
13|268|256|0|99|2|44|
13|246|256|0|99|1|44|
13|247|256|0|99|1|44|
13|245|240|0|99|1|44|
13|245|240|0|99|1|44|
13|248|256|0|99|1|44|
13|270|272|0|99|2|44|
13|270|272|0|99|2|44|
13|245|224|0|99|1|44|
13|248|256|0|99|1|44|
13|246|256|0|99|1|44|
13|245|224|0|99|1|44|
13|250|256|0|99|1|44|
13|270|272|0|99|2|44|
13|245|256|0|99|1|44|
13|248|240|0|99|1|44|
13|246|240|0|99|1|44|
13|245|240|0|99|1|44|
13|245|240|0|99|1|44|
13|247|256|0|99|1|44|
13|268|272|0|99|2|44|
13|271|272|0|99|2|44|
13|246|256|0|99|1|44|
13|248|256|0|99|1|44|
13|247|256|0|99|1|44|
13|246|240|0|99|1|44|
13|269|272|0|99|2|44|
13|270|256|0|99|1|44|
13|268|256|0|99|2|44|
13|267|256|0|99|2|44|
13|246|240|0|99|1|44|
13|246|256|0|99|1|44|
13|248|240|0|99|1|44|
13|247|256|0|99|1|44|
13|246|256|0|99|1|44|
13|246|240|0|99|1|44|
13|245|240|0|99|1|44|
13|270|288|0|99|2|44|
13|246|256|0|99|1|44|
13|246|240|0|99|1|44|
13|246|256|0|99|1|44|
13|268|256|0|99|2|44|
13|245|240|0|99|1|44|
13|246|224|0|99|1|44|
13|248|240|0|99|1|44|
13|246|240|0|99|1|44|
13|248|240|0|99|1|44|
13|250|256|0|99|1|44|
13|248|240|0|99|1|44|
13|248|256|0|99|1|44|
13|248|256|0|99|1|44|
13|251|256|0|99|1|44|
13|246|224|0|99|1|44|
13|248|256|0|99|1|44|
13|270|272|0|99|2|44|
13|245|240|0|99|1|44|
13|246|240|0|99|1|44|
13|246|256|0|99|1|44|
13|270|272|0|99|2|44|
13|267|256|0|99|2|44|
13|288|288|0|99|1|44|
13|245|240|0|99|1|44|
13|268|256|0|99|2|44|
13|246|256|0|99|1|44|
13|245|240|0|99|1|44|
13|246|240|0|99|1|44|
13|245|240|0|99|1|44|
13|270|272|0|99|2|44|
13|245|240|0|99|1|44|
13|248|256|0|99|1|44|
13|248|256|0|99|1|44|
13|246|240|0|99|1|44|
13|246|240|0|99|1|44|
13|246|256|0|99|1|44|
13|249|224|0|99|1|44|
13|246|240|0|99|1|44|
13|268|272|0|99|2|44|
13|245|256|0|99|1|44|
13|246|240|0|99|1|44|
13|267|272|0|99|2|44|
13|246|240|0|99|1|44|
13|246|240|0|99|1|44|
13|245|256|0|99|1|44|
13|246|256|0|99|1|44|
13|245|256|0|99|1|44|
13|246|240|0|99|1|44|
13|246|256|0|99|1|44|
13|246|256|0|99|1|44|
13|246|240|0|99|1|44|
13|270|272|0|99|2|44|
13|248|256|0|99|1|44|
13|246|256|0|99|1|44|
13|273|272|0|99|2|44|
13|248|240|0|99|1|44|
13|270|256|0|99|2|44|
13|268|272|0|99|2|44|
13|247|240|0|99|1|44|
13|246|256|0|99|1|44|
13|246|240|0|99|1|44|
13|246|256|0|99|1|44|
13|246|256|0|99|1|44|
13|245|240|0|99|1|44|
13|246|240|0|99|1|44|
13|247|256|0|99|1|44|
13|246|256|0|99|1|44|
13|246|256|0|99|1|44|
13|246|240|0|99|1|44|
13|269|272|0|99|2|44|
13|268|288|0|99|2|44|
13|271|272|0|99|2|44|
13|248|256|0|99|1|44|
13|288|288|0|99|1|44|
13|246|240|0|99|1|44|
13|270|272|0|99|2|44|
13|247|240|0|99|1|44|
13|272|272|0|99|2|44|
13|248|240|0|99|1|44|
13|249|240|0|99|1|44|
13|248|256|0|99|1|44|
13|270|272|0|99|2|44|
13|270|272|0|99|2|44|
13|249|240|0|99|1|44|
13|247|240|0|99|1|44|
13|268|272|0|99|2|44|
13|246|256|0|99|1|44|
13|246|256|0|99|1|44|
13|247|256|0|99|1|44|
13|246|240|0|99|1|44|
13|246|256|0|99|1|44|
13|249|240|0|99|1|44|
13|248|240|0|99|1|44|
13|251|256|0|99|1|44|
13|267|272|0|99|2|44|
13|246|256|0|99|1|44|
13|246|256|0|99|1|44|
13|246|256|0|99|1|44|
13|246|240|0|99|1|44|
13|246|256|0|99|1|44|
13|268|288|0|99|2|44|
13|248|240|0|99|1|44|
13|249|224|0|99|1|44|
13|269|272|0|99|2|44|
13|246|240|0|99|1|44|
13|247|240|0|99|1|44|
13|247|256|0|99|1|44|
13|246|256|0|99|1|44|
13|245|240|0|99|1|44|
13|247|240|0|99|1|44|
13|248|256|0|99|1|44|
13|249|256|0|99|1|44|
13|270|272|0|99|2|44|
13|246|256|0|99|1|44|
13|268|256|0|99|2|44|
13|270|256|0|99|2|44|
13|267|256|0|99|2|44|
13|246|256|0|99|1|44|
13|246|240|0|99|1|44|
13|246|240|0|99|1|44|
13|247|240|0|99|1|44|
13|246|240|0|99|1|44|
13|250|256|0|99|1|44|
13|249|256|0|99|1|44|
13|247|256|0|99|1|44|
13|245|240|0|99|1|44|
13|246|240|0|99|1|44|
13|247|256|0|99|1|44|
13|246|256|0|99|1|44|
13|282|288|0|99|1|44|
13|248|240|0|99|1|44|
13|246|256|0|99|1|44|
13|271|256|0|160|1|26|
13|281|208|0|99|1|44|
13|467|384|0|139|1|68|
13|264|240|0|99|1|44|
13|253|224|0|99|1|44|
13|246|240|0|99|1|44|
13|246|224|0|99|1|44|
13|249|240|0|99|1|44|
13|245|256|0|99|1|44|
13|246|256|0|99|1|44|
13|245|256|0|99|1|44|
13|268|256|0|99|2|44|
13|245|256|0|99|1|44|
13|248|240|0|99|1|44|
13|246|240|0|99|1|44|
13|245|240|0|99|1|44|
13|246|240|0|99|1|44|
13|268|272|0|99|2|44|
13|267|272|0|99|2|44|
13|267|272|0|99|2|44|
13|246|240|0|99|1|44|
13|246|240|0|99|1|44|
13|246|240|0|99|1|44|
13|267|272|0|99|2|44|
13|246|240|0|99|1|44|
13|244|256|0|99|1|44|
13|268|256|0|99|2|44|
13|268|256|0|99|2|44|
13|246|240|0|99|1|44|
13|246|240|0|99|1|44|
13|270|256|0|99|2|44|
13|268|272|0|99|2|44|
13|270|256|0|99|2|44|
13|248|240|0|99|1|44|
13|246|256|0|99|1|44|
13|246|240|0|99|1|44|
13|264|224|0|99|1|44|
13|258|208|0|99|1|44|
13|280|256|0|99|2|44|
13|246|240|0|99|1|44|
13|248|240|0|99|1|44|
13|246|240|0|99|1|44|
13|246|256|0|99|1|44|
13|246|240|0|99|1|44|
13|270|272|0|99|2|44|
13|248|256|0|99|1|44|
13|271|272|0|99|2|44|
13|250|256|0|99|1|44|
13|250|256|0|99|1|44|
13|249|240|0|99|1|44|
13|245|240|0|99|1|44|
13|272|272|0|99|2|44|
13|250|256|0|99|1|44|
13|249|256|0|99|1|44|
13|246|240|0|99|1|44|
13|245|240|0|99|1|44|
13|267|256|0|99|2|44|
13|268|272|0|99|2|44|
13|267|272|0|99|2|44|
13|268|272|0|99|2|44|
13|267|256|0|99|2|44|
13|245|240|0|99|1|44|
13|268|256|0|99|2|44|
13|267|256|0|99|2|44|
13|249|240|0|99|1|44|
13|245|240|0|99|1|44|
13|267|256|0|99|2|44|
13|250|256|0|99|1|44|
13|246|240|0|99|1|44|
13|245|240|0|99|1|44|
13|246|240|0|99|1|44|
13|248|240|0|99|1|44|
13|270|288|0|99|2|44|
13|248|240|0|99|1|44|
13|248|240|0|99|1|44|
13|249|256|0|99|1|44|
13|245|256|0|99|1|44|
13|248|240|0|99|1|44|
13|246|240|0|99|1|44|
13|267|272|0|99|2|44|
13|267|256|0|99|2|44|
13|246|240|0|99|1|44|
13|270|272|0|99|2|44|
13|244|256|0|99|1|44|
13|246|240|0|99|1|44|
13|246|240|0|99|1|44|
13|245|256|0|99|1|44|
13|248|240|0|99|1|44|
13|245|240|0|99|1|44|
13|272|272|0|99|2|44|
13|269|256|0|99|2|44|
13|381|384|0|99|2|44|
13|248|256|0|99|1|44|
13|246|256|0|99|1|44|
13|268|288|0|99|2|44|
13|246|256|0|99|1|44|
13|268|272|0|99|2|44|
13|246|256|0|99|1|44|
13|270|272|0|99|2|44|
13|248|240|0|99|1|44|
13|248|256|0|99|1|44|
13|250|256|0|99|1|44|
13|270|272|0|99|2|44|
13|272|272|0|99|2|44|
13|270|256|0|99|2|44|
13|248|240|0|99|1|44|
13|248|240|0|99|1|44|
13|246|240|0|99|1|44|
13|245|240|0|99|1|44|
13|249|240|0|99|1|44|
13|268|272|0|99|2|44|
13|245|240|0|99|1|44|
13|245|256|0|99|1|44|
13|245|256|0|99|1|44|
13|267|256|0|99|2|44|
13|248|256|0|99|1|44|
13|246|240|0|99|1|44|
13|246|240|0|99|1|44|
13|246|240|0|99|1|44|
13|246|240|0|99|1|44|
13|245|240|0|99|1|44|
13|246|240|0|99|1|44|
13|246|240|0|99|1|44|
13|246|240|0|99|1|44|
13|268|272|0|99|2|44|
13|246|240|0|99|1|44|
13|249|240|0|99|1|44|
13|246|256|0|99|1|44|
13|245|240|0|99|1|44|
13|249|240|0|99|1|44|
13|247|240|0|99|1|44|
13|246|240|0|99|1|44|
13|251|240|0|99|1|44|
13|268|272|0|99|2|44|
13|246|256|0|99|1|44|
13|246|256|0|99|1|44|
13|247|240|0|99|1|44|
13|268|272|0|99|2|44|
13|246|256|0|99|1|44|
13|246|240|0|99|1|44|
13|414|416|0|99|1|44|
13|248|256|0|99|1|44|
13|268|256|0|99|2|44|
13|245|240|0|99|1|44|
13|248|240|0|99|1|44|
13|245|240|0|99|1|44|
13|268|272|0|99|2|44|
13|270|272|0|99|2|44|
13|246|256|0|99|1|44|
13|246|240|0|99|1|44|
13|246|240|0|99|1|44|
13|246|256|0|99|1|44|
13|246|256|0|99|1|44|
13|249|240|0|99|1|44|
13|246|240|0|99|1|44|
13|246|256|0|99|1|44|
13|248|240|0|99|1|44|
13|245|240|0|99|1|44|
13|245|240|0|99|1|44|
13|247|256|0|99|1|44|
13|268|272|0|99|2|44|
13|246|240|0|99|1|44|
13|247|256|0|99|1|44|
13|246|256|0|99|1|44|
13|245|256|0|99|1|44|
13|246|240|0|99|1|44|
13|246|256|0|99|1|44|
13|245|240|0|99|1|44|
13|246|240|0|99|1|44|
13|245|256|0|99|1|44|
13|250|256|0|99|1|44|
13|245|256|0|99|1|44|
13|246|240|0|99|1|44|
13|246|256|0|99|1|44|
13|268|272|0|99|2|44|
13|271|272|0|99|2|44|
