INSTRUCTIONS_RETIRED|CYCLES|UNKNOWN|LD_BLOCKS.STORE_FORWARD|UOPS_EXECUTED.CORE|BR_MISP_RETIRED.ALL_BRANCHES|UOPS_ISSUED.SLOW_LEA|
13|297|192|0|125|1|69|
13|268|208|0|116|1|69|
13|262|224|0|114|1|69|
13|263|224|0|114|1|69|
13|268|272|0|678|1|30|
13|558|416|0|187|1|61|
13|335|208|0|650|1|35|
13|451|272|0|126|1|69|
13|292|208|0|124|1|69|
13|400|256|0|126|1|69|
13|280|192|0|120|1|69|
13|259|224|0|112|1|69|
13|253|240|0|111|1|69|
13|249|240|0|109|1|69|
13|245|240|0|108|1|69|
13|248|240|0|109|1|69|
13|245|240|0|108|1|69|
13|246|240|0|108|1|69|
13|246|240|0|108|1|69|
13|246|240|0|108|1|69|
13|246|240|0|108|1|69|
13|244|224|0|108|1|69|
13|245|240|0|108|1|69|
13|302|304|0|126|1|69|
13|258|240|0|112|1|69|
13|244|240|0|108|1|69|
13|246|240|0|108|1|69|
13|244|240|0|108|1|69|
13|244|256|0|108|1|69|
13|244|256|0|108|1|69|
13|246|240|0|108|1|69|
13|242|256|0|107|1|69|
13|246|240|0|108|1|69|
13|244|256|0|108|1|69|
13|244|240|0|108|1|69|
13|244|224|0|108|1|69|
13|255|224|0|111|1|69|
13|244|224|0|108|1|69|
13|243|240|0|107|1|69|
13|250|240|0|109|1|69|
13|243|240|0|107|1|69|
13|248|240|0|109|1|69|
13|246|240|0|108|1|69|
13|247|256|0|109|1|69|
13|243|256|0|107|1|69|
13|247|256|0|109|1|69|
13|243|240|0|107|1|69|
13|243|240|0|107|1|69|
13|244|240|0|108|1|69|
13|244|240|0|108|1|69|
13|244|256|0|108|1|69|
13|246|256|0|108|1|69|
13|244|240|0|107|1|69|
13|244|240|0|108|1|69|
13|243|224|0|107|1|69|
13|243|240|0|107|1|69|
13|244|240|0|108|1|69|
13|248|256|0|109|1|69|
13|245|240|0|108|1|69|
13|246|256|0|108|1|69|
13|244|240|0|108|1|69|
13|245|256|0|108|1|69|
13|247|256|0|109|1|69|
13|244|256|0|108|1|69|
13|246|224|0|108|1|69|
13|250|240|0|110|1|69|
13|250|240|0|110|1|69|
13|247|240|0|109|1|69|
13|246|240|0|108|1|69|
13|244|240|0|108|1|69|
13|247|240|0|108|1|69|
13|246|240|0|108|1|69|
13|259|256|0|113|1|69|
13|244|256|0|108|1|69|
13|243|256|0|107|1|69|
13|244|256|0|108|1|69|
13|243|256|0|107|1|69|
13|243|240|0|107|1|69|
13|244|240|0|108|1|69|
13|245|240|0|108|1|69|
13|243|240|0|107|1|69|
13|244|256|0|108|1|69|
13|285|288|0|121|1|69|
13|245|240|0|108|1|69|
13|244|240|0|108|1|69|
13|243|240|0|107|1|69|
13|246|240|0|108|1|69|
13|246|240|0|108|1|69|
13|244|240|0|107|1|69|
13|243|240|0|107|1|69|
13|243|240|0|107|1|69|
13|244|256|0|108|1|69|
13|245|256|0|108|1|69|
13|244|256|0|107|1|69|
13|243|256|0|107|1|69|
13|259|272|0|113|1|69|
13|244|240|0|108|1|69|
13|261|256|0|113|1|69|
13|246|256|0|108|1|69|
13|244|256|0|108|1|69|
13|246|240|0|108|1|69|
13|271|240|0|165|1|61|
13|294|224|0|201|1|48|
13|305|224|0|406|1|26|
13|380|304|0|209|1|53|
13|273|208|0|117|1|69|
13|303|192|0|399|1|31|
13|331|224|0|240|1|39|
13|566|368|0|179|1|67|
13|331|224|0|178|1|52|
13|291|192|0|123|1|69|
13|290|192|0|123|1|69|
13|291|192|0|123|1|69|
13|293|192|0|124|1|69|
13|318|192|0|403|1|36|
13|296|176|0|125|1|69|
13|284|208|0|121|1|69|
13|297|208|0|125|1|69|
13|296|192|0|125|1|69|
13|256|208|0|112|1|69|
13|292|288|0|257|1|48|
13|311|176|0|402|1|58|
13|351|224|0|148|1|59|
13|296|176|0|125|1|69|
13|294|192|0|124|1|69|
13|271|224|0|117|1|69|
13|244|240|0|108|1|69|
13|244|240|0|108|1|69|
13|244|240|0|108|1|69|
13|244|256|0|108|1|69|
13|244|240|0|108|1|69|
13|247|256|0|109|1|69|
13|244|256|0|108|1|69|
13|245|240|0|108|1|69|
13|245|240|0|108|1|69|
13|245|240|0|108|1|69|
13|244|240|0|108|1|69|
13|245|240|0|108|1|69|
13|243|256|0|107|1|69|
13|244|256|0|108|1|69|
13|246|240|0|108|1|69|
13|292|192|0|124|1|69|
13|246|256|0|108|1|69|
13|245|256|0|108|1|69|
13|244|256|0|108|1|69|
13|246|256|0|108|1|69|
13|244|240|0|107|1|69|
13|246|256|0|108|1|69|
13|246|256|0|108|1|69|
13|244|240|0|108|1|69|
13|246|256|0|108|1|69|
13|252|256|0|110|1|69|
13|250|256|0|164|1|67|
13|344|272|0|126|1|69|
13|320|256|0|126|1|69|
13|269|208|0|116|1|69|
13|256|208|0|112|1|69|
13|279|256|0|171|1|53|
13|251|240|0|110|1|69|
13|243|240|0|107|1|69|
13|247|240|0|108|1|69|
13|248|256|0|109|1|69|
13|250|256|0|110|1|69|
13|244|240|0|108|1|69|
13|245|240|0|108|1|69|
13|250|240|0|110|1|69|
13|245|240|0|108|1|69|
13|244|240|0|108|1|69|
13|244|240|0|107|1|69|
13|247|256|0|109|1|69|
13|244|240|0|108|1|69|
13|244|240|0|108|1|69|
13|248|256|0|109|1|69|
13|244|240|0|107|1|69|
13|247|240|0|109|1|69|
13|244|240|0|108|1|69|
13|257|224|0|112|1|69|
13|258|224|0|112|1|69|
13|256|240|0|111|1|69|
13|445|448|0|126|1|69|
13|247|256|0|109|1|69|
13|246|240|0|108|1|69|
13|246|240|0|108|1|69|
13|246|240|0|108|1|69|
13|243|224|0|107|1|69|
13|244|240|0|108|1|69|
13|246|240|0|108|1|69|
13|244|240|0|108|1|69|
13|243|224|0|107|1|69|
13|244|240|0|108|1|69|
13|247|256|0|108|1|69|
13|244|240|0|108|1|69|
13|244|240|0|108|1|69|
13|244|240|0|108|1|69|
13|246|240|0|108|1|69|
13|260|224|0|113|1|69|
13|243|240|0|107|1|69|
13|246|256|0|108|1|69|
13|247|240|0|109|1|69|
13|245|240|0|108|1|69|
13|246|256|0|108|1|69|
13|244|240|0|108|1|69|
13|244|256|0|108|1|69|
13|245|240|0|108|1|69|
13|244|256|0|108|1|69|
13|358|352|0|126|1|69|
13|246|256|0|108|1|69|
13|245|224|0|108|1|69|
13|244|256|0|107|1|69|
13|245|240|0|108|1|69|
13|244|256|0|108|1|69|
13|244|240|0|108|1|69|
13|244|240|0|108|1|69|
13|244|240|0|108|1|69|
13|246|240|0|108|1|69|
13|244|240|0|108|1|69|
13|244|240|0|108|1|69|
13|244|240|0|108|1|69|
13|247|240|0|109|1|69|
13|244|240|0|108|1|69|
13|245|224|0|108|1|69|
13|244|240|0|108|1|69|
13|272|272|0|117|1|69|
13|244|240|0|108|1|69|
13|244|256|0|108|1|69|
13|245|256|0|108|1|69|
13|245|256|0|108|1|69|
13|245|240|0|108|1|69|
13|244|256|0|108|1|69|
13|256|256|0|112|1|69|
13|243|240|0|107|1|69|
13|243|240|0|107|1|69|
13|244|240|0|108|1|69|
13|246|240|0|108|1|69|
13|246|240|0|108|1|69|
13|243|240|0|107|1|69|
13|246|240|0|108|1|69|
13|247|256|0|109|1|69|
13|244|256|0|108|1|69|
13|247|240|0|109|1|69|
13|244|240|0|108|1|69|
13|244|240|0|108|1|69|
13|242|240|0|107|1|69|
13|249|224|0|109|1|69|
13|248|240|0|109|1|69|
13|246|256|0|108|1|69|
13|244|240|0|108|1|69|
13|244|240|0|107|1|69|
13|245|240|0|108|1|69|
13|244|240|0|108|1|69|
13|246|240|0|108|1|69|
13|249|256|0|109|1|69|
13|248|256|0|109|1|69|
13|244|240|0|108|1|69|
13|249|256|0|109|1|69|
13|244|256|0|108|1|69|
13|243|256|0|107|1|69|
13|245|240|0|108|1|69|
13|243|256|0|107|1|69|
13|244|240|0|108|1|69|
13|246|240|0|108|1|69|
13|245|224|0|108|1|69|
13|244|256|0|108|1|69|
13|246|256|0|108|1|69|
13|246|256|0|108|1|69|
13|243|240|0|107|1|69|
13|246|240|0|108|1|69|
13|244|240|0|108|1|69|
13|246|240|0|108|1|69|
13|247|240|0|109|1|69|
13|246|240|0|108|1|69|
13|247|240|0|109|1|69|
13|244|256|0|108|1|69|
13|248|256|0|109|1|69|
13|243|240|0|107|1|69|
13|247|256|0|109|1|69|
13|245|240|0|108|1|69|
13|243|240|0|107|1|69|
13|248|240|0|109|1|69|
13|246|240|0|108|1|69|
13|243|240|0|107|1|69|
13|244|240|0|108|1|69|
13|244|240|0|108|1|69|
13|246|240|0|108|1|69|
13|245|240|0|108|1|69|
13|244|240|0|108|1|69|
13|244|240|0|108|1|69|
13|244|240|0|108|1|69|
13|243|240|0|107|1|69|
13|244|240|0|108|1|69|
13|244|240|0|108|1|69|
13|246|240|0|108|1|69|
13|245|256|0|108|1|69|
13|244|240|0|108|1|69|
13|246|240|0|108|1|69|
13|245|256|0|108|1|69|
13|248|240|0|109|1|69|
13|246|256|0|108|1|69|
13|246|240|0|108|1|69|
13|246|240|0|108|1|69|
13|246|240|0|108|1|69|
13|248|256|0|109|1|69|
13|244|224|0|108|1|69|
13|245|240|0|108|1|69|
13|252|240|0|110|1|69|
13|274|208|0|118|1|69|
13|274|208|0|118|1|69|
13|267|224|0|115|1|69|
13|245|240|0|108|1|69|
13|243|256|0|107|1|69|
13|246|240|0|108|1|69|
13|244|240|0|108|1|69|
13|246|256|0|108|1|69|
13|243|240|0|107|1|69|
13|410|416|0|126|1|69|
13|243|240|0|107|1|69|
13|247|240|0|109|1|69|
13|245|256|0|108|1|69|
13|244|240|0|108|1|69|
13|243|240|0|107|1|69|
13|244|240|0|108|1|69|
13|246|240|0|108|1|69|
13|243|240|0|107|1|69|
13|246|256|0|108|1|69|
13|243|240|0|107|1|69|
13|243|240|0|107|1|69|
13|244|256|0|108|1|69|
13|244|240|0|108|1|69|
13|245|240|0|108|1|69|
13|244|240|0|108|1|69|
13|243|240|0|107|1|69|
13|245|256|0|108|1|69|
13|244|240|0|108|1|69|
13|245|240|0|108|1|69|
13|244|240|0|108|1|69|
13|243|240|0|107|1|69|
13|243|240|0|107|1|69|
13|246|256|0|108|1|69|
13|246|256|0|108|1|69|
13|246|224|0|108|1|69|
13|247|256|0|109|1|69|
13|244|240|0|108|1|69|
13|247|240|0|108|1|69|
13|247|256|0|108|1|69|
13|243|240|0|107|1|69|
13|249|256|0|109|1|69|
13|244|256|0|108|1|69|
13|245|240|0|108|1|69|
13|244|240|0|108|1|69|
13|247|240|0|109|1|69|
13|243|224|0|107|1|69|
13|246|256|0|108|1|69|
13|244|240|0|108|1|69|
13|246|240|0|108|1|69|
13|244|256|0|108|1|69|
13|244|224|0|108|1|69|
13|244|256|0|108|1|69|
13|244|240|0|108|1|69|
13|244|240|0|108|1|69|
13|244|256|0|108|1|69|
13|244|256|0|108|1|69|
13|244|240|0|108|1|69|
13|244|240|0|108|1|69|
13|244|256|0|108|1|69|
13|248|256|0|109|1|69|
13|243|256|0|107|1|69|
13|244|240|0|108|1|69|
13|245|256|0|108|1|69|
13|244|256|0|108|1|69|
13|254|256|0|111|1|69|
13|244|224|0|108|1|69|
13|244|240|0|108|1|69|
13|251|256|0|110|1|69|
13|247|224|0|108|1|69|
13|280|208|0|119|1|58|
13|299|224|0|309|1|34|
13|293|208|0|259|1|52|
13|307|240|0|389|1|38|
13|310|240|0|603|1|34|
13|311|240|0|494|1|41|
13|299|208|0|218|1|49|
13|294|208|0|311|1|30|
13|322|256|0|330|1|40|
13|306|224|0|435|1|42|
13|303|192|0|126|1|69|
13|297|192|0|125|1|69|
13|340|208|0|441|1|43|
13|362|240|0|281|1|49|
13|312|192|0|192|1|31|
13|301|192|0|126|1|69|
13|284|208|0|121|1|69|
13|281|192|0|120|1|69|
13|261|208|0|113|1|69|
13|262|224|0|114|1|69|
13|253|240|0|111|1|69|
13|247|240|0|109|1|69|
13|244|240|0|108|1|69|
13|244|256|0|108|1|69|
13|244|256|0|108|1|69|
13|244|240|0|108|1|69|
13|246|256|0|108|1|69|
13|244|256|0|108|1|69|
13|247|240|0|108|1|69|
13|246|224|0|108|1|69|
13|247|256|0|108|1|69|
13|230|240|0|59|0|4|
13|244|256|0|108|1|69|
13|248|240|0|109|1|69|
13|258|240|0|112|1|69|
13|262|240|0|114|1|69|
13|244|240|0|108|1|69|
13|246|256|0|108|1|69|
13|243|240|0|107|1|69|
13|246|240|0|108|1|69|
13|244|256|0|108|1|69|
13|246|256|0|108|1|69|
13|246|240|0|108|1|69|
13|244|240|0|108|1|69|
13|250|256|0|110|1|69|
13|256|240|0|112|1|69|
13|269|272|0|392|1|25|
13|293|224|0|236|1|51|
13|303|208|0|253|1|35|
13|281|208|0|120|1|69|
13|252|240|0|110|1|69|
13|248|256|0|137|1|49|
13|257|208|0|112|1|69|
13|244|240|0|108|1|69|
13|245|240|0|108|1|69|
13|243|240|0|107|1|69|
13|247|256|0|109|1|69|
13|243|240|0|107|1|69|
13|245|240|0|108|1|69|
13|244|240|0|108|1|69|
13|244|240|0|108|1|69|
13|244|240|0|108|1|69|
13|244|240|0|108|1|69|
13|244|256|0|108|1|69|
13|246|256|0|108|1|69|
13|244|240|0|108|1|69|
13|244|240|0|108|1|69|
13|559|576|0|126|1|69|
13|245|224|0|108|1|69|
13|243|240|0|107|1|69|
13|243|256|0|107|1|69|
13|244|256|0|108|1|69|
13|247|240|0|109|1|69|
13|244|240|0|107|1|69|
13|246|240|0|108|1|69|
13|244|256|0|108|1|69|
13|243|256|0|107|1|69|
13|248|240|0|109|1|69|
13|243|240|0|107|1|69|
13|248|256|0|109|1|69|
13|243|256|0|107|1|69|
13|246|240|0|108|1|69|
13|244|240|0|108|1|69|
13|244|256|0|108|1|69|
13|244|256|0|108|1|69|
13|246|256|0|108|1|69|
13|244|240|0|108|1|69|
13|244|240|0|108|1|69|
13|244|240|0|108|1|69|
13|244|240|0|108|1|69|
13|246|256|0|108|1|69|
13|244|240|0|108|1|69|
13|244|256|0|108|1|69|
13|243|256|0|107|1|69|
13|246|240|0|108|1|69|
13|245|256|0|108|1|69|
13|244|240|0|108|1|69|
13|245|240|0|108|1|69|
13|246|256|0|108|1|69|
13|245|256|0|108|1|69|
13|243|224|0|107|1|69|
13|244|256|0|108|1|69|
13|244|256|0|108|1|69|
13|248|256|0|109|1|69|
13|244|224|0|108|1|69|
13|244|224|0|108|1|69|
13|244|240|0|108|1|69|
13|244|240|0|108|1|69|
13|245|240|0|108|1|69|
13|246|256|0|108|1|69|
13|244|256|0|108|1|69|
13|247|240|0|109|1|69|
13|244|256|0|108|1|69|
13|244|256|0|108|1|69|
13|246|256|0|108|1|69|
13|244|256|0|108|1|69|
13|244|256|0|108|1|69|
13|249|240|0|109|1|69|
13|246|240|0|108|1|69|
13|244|240|0|108|1|69|
13|247|256|0|109|1|69|
13|243|240|0|107|1|69|
13|246|256|0|108|1|69|
13|244|240|0|108|1|69|
13|244|256|0|108|1|69|
13|244|256|0|108|1|69|
13|247|256|0|109|1|69|
13|243|240|0|107|1|69|
13|247|240|0|109|1|69|
13|244|240|0|108|1|69|
13|248|256|0|109|1|69|
13|245|240|0|108|1|69|
13|243|240|0|107|1|69|
13|246|256|0|108|1|69|
13|243|240|0|107|1|69|
13|245|256|0|108|1|69|
13|244|240|0|108|1|69|
13|243|240|0|107|1|69|
13|244|240|0|108|1|69|
13|245|256|0|108|1|69|
13|244|224|0|108|1|69|
13|246|240|0|108|1|69|
13|244|240|0|108|1|69|
13|247|256|0|109|1|69|
13|246|240|0|108|1|69|
13|248|240|0|109|1|69|
13|246|240|0|108|1|69|
13|246|256|0|108|1|69|
13|248|240|0|109|1|69|
13|247|240|0|108|1|69|
13|244|240|0|108|1|69|
13|246|256|0|108|1|69|
13|248|240|0|109|1|69|
13|243|256|0|107|1|69|
13|247|240|0|109|1|69|
13|246|240|0|108|1|69|
13|246|240|0|108|1|69|
13|248|256|0|109|1|69|
13|244|240|0|108|1|69|
13|244|256|0|108|1|69|
13|244|240|0|108|1|69|
13|245|240|0|108|1|69|
13|246|256|0|108|1|69|
13|246|256|0|108|1|69|
13|246|256|0|108|1|69|
13|246|240|0|108|1|69|
13|246|224|0|108|1|69|
13|244|224|0|108|1|69|
13|244|240|0|108|1|69|
13|244|240|0|108|1|69|
13|245|224|0|108|1|69|
13|244|240|0|108|1|69|
13|246|256|0|108|1|69|
13|243|256|0|107|1|69|
13|243|240|0|107|1|69|
13|244|240|0|108|1|69|
13|246|240|0|108|1|69|
13|300|304|0|126|1|69|
13|247|256|0|109|1|69|
13|245|240|0|108|1|69|
13|244|240|0|108|1|69|
13|247|256|0|109|1|69|
13|246|240|0|108|1|69|
13|247|240|0|108|1|69|
13|247|256|0|109|1|69|
13|246|240|0|108|1|69|
13|244|240|0|108|1|69|
13|244|240|0|108|1|69|
13|245|240|0|108|1|69|
13|247|256|0|109|1|69|
13|244|256|0|108|1|69|
13|244|256|0|108|1|69|
13|246|256|0|108|1|69|
13|244|256|0|108|1|69|
13|248|256|0|109|1|69|
13|244|240|0|108|1|69|
13|245|240|0|108|1|69|
13|244|256|0|108|1|69|
13|244|240|0|108|1|69|
13|246|240|0|108|1|69|
13|244|240|0|108|1|69|
13|244|256|0|107|1|69|
13|460|464|0|126|1|69|
13|243|240|0|107|1|69|
13|243|240|0|107|1|69|
13|244|240|0|108|1|69|
13|244|240|0|107|1|69|
13|245|240|0|108|1|69|
13|244|240|0|108|1|69|
13|243|240|0|107|1|69|
13|248|256|0|109|1|69|
13|244|240|0|108|1|69|
13|246|240|0|108|1|69|
13|243|240|0|107|1|69|
13|246|240|0|108|1|69|
13|244|256|0|108|1|69|
13|245|240|0|108|1|69|
13|242|240|0|107|1|69|
13|246|240|0|108|1|69|
13|246|240|0|108|1|69|
13|245|256|0|108|1|69|
13|242|240|0|107|1|69|
13|246|256|0|108|1|69|
13|242|240|0|107|1|69|
13|246|256|0|108|1|69|
13|246|240|0|108|1|69|
13|247|240|0|109|1|69|
13|244|256|0|108|1|69|
13|247|240|0|109|1|69|
13|279|272|0|160|1|52|
13|246|256|0|108|1|69|
13|243|256|0|107|1|69|
13|243|240|0|107|1|69|
13|248|256|0|109|1|69|
13|246|256|0|108|1|69|
13|246|240|0|108|1|69|
13|244|256|0|108|1|69|
13|244|240|0|108|1|69|
13|245|256|0|108|1|69|
13|244|240|0|108|1|69|
13|260|256|0|437|1|25|
13|301|208|0|296|1|39|
13|417|352|0|126|1|69|
13|244|240|0|108|1|69|
13|243|256|0|107|1|69|
13|244|224|0|108|1|69|
13|244|256|0|108|1|69|
13|244|240|0|108|1|69|
13|244|240|0|108|1|69|
13|244|240|0|108|1|69|
13|244|240|0|107|1|69|
13|244|240|0|108|1|69|
13|243|240|0|107|1|69|
13|266|272|0|261|1|37|
13|243|224|0|107|1|69|
13|248|224|0|109|1|69|
13|245|240|0|108|1|69|
13|246|240|0|108|1|69|
13|248|240|0|109|1|69|
13|248|256|0|109|1|69|
13|247|240|0|109|1|69|
13|244|240|0|108|1|69|
13|246|256|0|108|1|69|
13|244|256|0|107|1|69|
13|244|240|0|108|1|69|
13|244|256|0|108|1|69|
13|242|256|0|107|1|69|
13|243|240|0|107|1|69|
13|303|288|0|126|1|69|
13|243|256|0|107|1|69|
13|246|240|0|108|1|69|
13|244|240|0|108|1|69|
13|244|240|0|108|1|69|
13|244|240|0|108|1|69|
13|247|256|0|109|1|69|
13|246|256|0|108|1|69|
13|247|256|0|109|1|69|
13|244|240|0|108|1|69|
13|246|256|0|108|1|69|
13|245|240|0|108|1|69|
13|246|256|0|108|1|69|
13|244|240|0|108|1|69|
13|246|256|0|108|1|69|
13|244|256|0|108|1|69|
13|244|256|0|108|1|69|
13|244|240|0|108|1|69|
13|245|240|0|108|1|69|
13|244|240|0|108|1|69|
13|244|240|0|108|1|69|
13|244|240|0|107|1|69|
13|244|240|0|108|1|69|
13|244|240|0|108|1|69|
13|249|256|0|109|1|69|
13|245|240|0|108|1|69|
13|250|224|0|110|1|69|
13|245|240|0|108|1|69|
13|244|240|0|108|1|69|
13|246|240|0|108|1|69|
13|243|256|0|107|1|69|
13|247|240|0|109|1|69|
13|245|256|0|108|1|69|
13|244|256|0|108|1|69|
13|246|256|0|108|1|69|
13|244|240|0|108|1|69|
13|246|256|0|108|1|69|
13|247|240|0|109|1|69|
13|245|240|0|108|1|69|
13|245|256|0|108|1|69|
13|247|240|0|109|1|69|
13|246|240|0|108|1|69|
13|247|240|0|109|1|69|
13|247|256|0|109|1|69|
13|244|240|0|108|1|69|
13|246|256|0|108|1|69|
13|244|240|0|108|1|69|
13|245|256|0|108|1|69|
13|245|240|0|108|1|69|
13|244|240|0|108|1|69|
13|244|240|0|108|1|69|
13|244|240|0|108|1|69|
13|243|240|0|107|1|69|
13|243|240|0|107|1|69|
13|244|256|0|108|1|69|
13|244|240|0|108|1|69|
13|249|240|0|109|1|69|
13|245|240|0|108|1|69|
13|244|240|0|108|1|69|
13|243|240|0|107|1|69|
13|246|240|0|108|1|69|
13|246|256|0|108|1|69|
13|244|240|0|108|1|69|
13|243|256|0|107|1|69|
13|244|256|0|108|1|69|
13|244|256|0|108|1|69|
13|245|224|0|108|1|69|
13|244|240|0|108|1|69|
13|244|256|0|108|1|69|
13|244|240|0|108|1|69|
13|246|240|0|108|1|69|
13|246|256|0|108|1|69|
13|246|256|0|108|1|69|
13|246|224|0|108|1|69|
13|248|240|0|109|1|69|
13|247|256|0|108|1|69|
13|244|240|0|108|1|69|
13|243|240|0|107|1|69|
13|244|224|0|108|1|69|
13|249|256|0|109|1|69|
13|244|256|0|108|1|69|
13|246|240|0|108|1|69|
13|244|256|0|108|1|69|
13|243|240|0|107|1|69|
13|245|240|0|108|1|69|
13|244|256|0|108|1|69|
13|244|240|0|108|1|69|
13|246|256|0|108|1|69|
13|243|240|0|107|1|69|
13|244|240|0|108|1|69|
13|244|256|0|108|1|69|
13|244|240|0|108|1|69|
13|245|240|0|108|1|69|
13|245|240|0|108|1|69|
13|245|240|0|108|1|69|
13|243|256|0|107|1|69|
13|248|256|0|109|1|69|
13|243|256|0|107|1|69|
13|246|256|0|108|1|69|
13|243|256|0|107|1|69|
13|244|256|0|108|1|69|
13|244|240|0|108|1|69|
13|245|240|0|108|1|69|
13|244|240|0|108|1|69|
13|243|240|0|107|1|69|
13|247|256|0|109|1|69|
13|248|240|0|109|1|69|
13|246|240|0|108|1|69|
13|244|240|0|108|1|69|
13|245|240|0|108|1|69|
13|247|240|0|108|1|69|
13|247|256|0|109|1|69|
13|244|224|0|108|1|69|
13|244|240|0|108|1|69|
13|246|240|0|108|1|69|
13|254|256|0|111|1|69|
13|247|256|0|109|1|69|
13|243|240|0|107|1|69|
13|246|256|0|108|1|69|
13|243|240|0|107|1|69|
13|244|224|0|108|1|69|
13|245|256|0|108|1|69|
13|244|240|0|108|1|69|
13|243|256|0|107|1|69|
13|243|256|0|107|1|69|
13|245|256|0|108|1|69|
13|243|224|0|107|1|69|
13|248|256|0|109|1|69|
13|227|224|0|59|0|4|
13|247|240|0|109|1|69|
13|246|240|0|108|1|69|
13|249|256|0|109|1|69|
13|244|256|0|107|1|69|
13|263|272|0|114|1|69|
13|273|208|0|117|1|69|
13|272|208|0|117|1|69|
13|268|224|0|116|1|69|
13|257|256|0|108|1|69|
13|244|240|0|108|1|69|
13|243|240|0|107|1|69|
13|250|240|0|110|1|69|
13|247|240|0|109|1|69|
13|246|240|0|108|1|69|
13|244|256|0|108|1|69|
13|302|288|0|126|1|69|
13|244|224|0|108|1|69|
13|244|256|0|108|1|69|
13|244|240|0|108|1|69|
13|245|240|0|108|1|69|
13|243|256|0|107|1|69|
13|249|256|0|109|1|69|
13|244|240|0|108|1|69|
13|244|240|0|108|1|69|
13|243|224|0|107|1|69|
13|243|256|0|107|1|69|
13|245|256|0|108|1|69|
13|244|256|0|108|1|69|
13|244|240|0|108|1|69|
13|245|256|0|108|1|69|
13|246|256|0|108|1|69|
13|243|240|0|107|1|69|
13|245|240|0|108|1|69|
13|244|240|0|108|1|69|
13|247|256|0|109|1|69|
13|244|240|0|108|1|69|
13|249|256|0|109|1|69|
13|246|256|0|108|1|69|
13|243|240|0|107|1|69|
13|248|256|0|109|1|69|
13|247|256|0|109|1|69|
13|244|256|0|108|1|69|
13|244|240|0|107|1|69|
13|247|240|0|108|1|69|
13|244|240|0|108|1|69|
13|246|256|0|108|1|69|
13|244|240|0|108|1|69|
13|246|240|0|108|1|69|
13|246|240|0|108|1|69|
13|243|224|0|107|1|69|
13|246|256|0|108|1|69|
13|244|224|0|108|1|69|
13|249|256|0|109|1|69|
13|248|256|0|109|1|69|
13|244|256|0|108|1|69|
13|244|240|0|108|1|69|
13|246|240|0|108|1|69|
13|246|256|0|108|1|69|
13|244|240|0|108|1|69|
13|247|256|0|109|1|69|
13|247|256|0|109|1|69|
13|244|240|0|108|1|69|
13|247|256|0|109|1|69|
13|244|240|0|108|1|69|
13|246|256|0|108|1|69|
13|245|240|0|108|1|69|
13|243|240|0|107|1|69|
13|244|240|0|108|1|69|
13|247|240|0|109|1|69|
13|243|240|0|107|1|69|
13|243|240|0|107|1|69|
13|246|256|0|108|1|69|
13|243|240|0|107|1|69|
13|246|256|0|108|1|69|
13|247|256|0|109|1|69|
13|246|240|0|108|1|69|
13|246|240|0|108|1|69|
13|244|240|0|108|1|69|
13|245|240|0|108|1|69|
13|244|240|0|107|1|69|
13|247|256|0|109|1|69|
13|243|240|0|107|1|69|
13|244|240|0|108|1|69|
13|243|256|0|107|1|69|
13|245|240|0|108|1|69|
13|244|256|0|108|1|69|
13|244|240|0|108|1|69|
13|244|224|0|108|1|69|
13|244|240|0|108|1|69|
13|245|256|0|108|1|69|
13|245|256|0|108|1|69|
13|244|256|0|108|1|69|
13|245|240|0|108|1|69|
13|244|240|0|108|1|69|
13|246|240|0|108|1|69|
13|246|256|0|108|1|69|
13|244|256|0|108|1|69|
13|246|240|0|108|1|69|
13|244|256|0|108|1|69|
13|247|256|0|109|1|69|
13|245|240|0|108|1|69|
13|244|240|0|107|1|69|
13|244|240|0|108|1|69|
13|244|240|0|108|1|69|
13|244|240|0|108|1|69|
13|244|240|0|108|1|69|
13|244|240|0|108|1|69|
13|245|240|0|108|1|69|
13|245|240|0|108|1|69|
13|245|240|0|108|1|69|
13|245|256|0|108|1|69|
13|246|240|0|108|1|69|
13|244|240|0|108|1|69|
13|246|240|0|108|1|69|
13|247|240|0|108|1|69|
13|246|256|0|108|1|69|
13|247|256|0|109|1|69|
13|244|240|0|108|1|69|
13|245|240|0|108|1|69|
13|243|240|0|107|1|69|
13|244|256|0|108|1|69|
13|248|240|0|109|1|69|
13|245|256|0|108|1|69|
13|244|240|0|107|1|69|
13|243|240|0|107|1|69|
13|247|256|0|109|1|69|
13|244|240|0|108|1|69|
13|246|240|0|108|1|69|
13|244|240|0|108|1|69|
13|244|240|0|108|1|69|
13|245|256|0|108|1|69|
13|244|256|0|108|1|69|
13|244|256|0|107|1|69|
13|244|224|0|108|1|69|
13|244|240|0|108|1|69|
13|244|256|0|107|1|69|
13|243|240|0|107|1|69|
13|244|240|0|108|1|69|
13|246|256|0|108|1|69|
13|244|240|0|108|1|69|
13|246|256|0|108|1|69|
13|244|240|0|108|1|69|
13|246|240|0|108|1|69|
13|247|256|0|109|1|69|
13|243|256|0|107|1|69|
13|244|240|0|108|1|69|
13|244|256|0|108|1|69|
13|244|240|0|108|1|69|
13|247|240|0|109|1|69|
13|243|256|0|107|1|69|
13|247|240|0|109|1|69|
13|244|256|0|108|1|69|
13|249|256|0|109|1|69|
13|244|256|0|108|1|69|
13|246|240|0|108|1|69|
13|247|240|0|109|1|69|
13|246|240|0|108|1|69|
13|245|256|0|108|1|69|
13|244|256|0|107|1|69|
13|243|224|0|107|1|69|
13|244|240|0|108|1|69|
13|244|256|0|108|1|69|
13|246|256|0|108|1|69|
13|245|240|0|108|1|69|
13|246|240|0|108|1|69|
13|244|240|0|108|1|69|
13|245|240|0|108|1|69|
13|243|240|0|107|1|69|
13|244|240|0|108|1|69|
13|243|240|0|107|1|69|
13|245|256|0|108|1|69|
13|244|256|0|107|1|69|
13|229|240|0|59|0|4|
13|243|256|0|107|1|69|
13|246|256|0|108|1|69|
13|245|240|0|108|1|69|
13|245|256|0|108|1|69|
13|243|240|0|107|1|69|
13|246|240|0|108|1|69|
13|243|240|0|107|1|69|
13|244|256|0|107|1|69|
13|244|240|0|108|1|69|
13|244|256|0|108|1|69|
13|244|240|0|108|1|69|
13|243|240|0|107|1|69|
13|246|256|0|108|1|69|
13|244|240|0|108|1|69|
13|244|256|0|108|1|69|
13|245|240|0|108|1|69|
13|465|464|0|126|1|69|
13|246|256|0|108|1|69|
13|244|240|0|108|1|69|
13|244|240|0|108|1|69|
13|245|240|0|108|1|69|
13|245|256|0|108|1|69|
13|244|240|0|108|1|69|
13|244|256|0|108|1|69|
13|249|240|0|109|1|69|
13|243|240|0|107|1|69|
13|243|256|0|107|1|69|
13|245|240|0|108|1|69|
13|244|240|0|108|1|69|
13|256|240|0|111|1|69|
13|244|256|0|108|1|69|
13|244|240|0|108|1|69|
13|244|256|0|108|1|69|
13|244|240|0|107|1|69|
13|243|256|0|107|1|69|
13|246|240|0|108|1|69|
13|244|240|0|108|1|69|
13|244|240|0|108|1|69|
13|247|240|0|108|1|69|
13|248|240|0|109|1|69|
13|243|240|0|107|1|69|
13|244|240|0|108|1|69|
13|244|240|0|108|1|69|
13|243|240|0|107|1|69|
13|245|240|0|108|1|69|
13|243|224|0|107|1|69|
13|244|240|0|107|1|69|
13|244|256|0|108|1|69|
13|246|240|0|108|1|69|
13|246|240|0|108|1|69|
13|246|256|0|108|1|69|
13|356|352|0|126|1|69|
13|244|256|0|108|1|69|
13|244|224|0|108|1|69|
13|243|240|0|107|1|69|
13|247|240|0|109|1|69|
