INSTRUCTIONS_RETIRED|CYCLES|UNKNOWN|LD_BLOCKS.STORE_FORWARD|UOPS_EXECUTED.CORE|BR_MISP_RETIRED.ALL_BRANCHES|UOPS_ISSUED.SLOW_LEA|
13|342|208|0|125|1|68|
13|301|192|0|125|1|68|
13|268|208|0|115|1|68|
13|246|256|0|108|1|68|
13|246|256|0|108|1|68|
13|245|256|0|107|1|68|
13|246|256|0|108|1|68|
13|246|256|0|108|1|68|
13|246|256|0|108|1|68|
13|272|272|0|659|1|28|
13|274|272|0|590|1|31|
13|322|208|0|256|1|66|
13|314|176|0|125|1|68|
13|254|224|0|110|1|68|
13|251|224|0|109|1|68|
13|246|256|0|108|1|68|
13|260|272|0|291|1|43|
13|264|256|0|186|1|40|
13|256|240|0|111|1|68|
13|264|224|0|114|1|68|
13|249|256|0|109|1|68|
13|244|240|0|107|1|68|
13|248|256|0|108|1|68|
13|248|240|0|108|1|68|
13|250|240|0|109|1|68|
13|248|240|0|108|1|68|
13|250|256|0|109|1|68|
13|246|240|0|108|1|68|
13|247|256|0|108|1|68|
13|245|240|0|107|1|68|
13|263|272|0|231|1|29|
13|246|240|0|108|1|68|
13|246|256|0|108|1|68|
13|246|240|0|108|1|68|
13|249|240|0|109|1|68|
13|250|256|0|109|1|68|
13|246|240|0|108|1|68|
13|247|256|0|108|1|68|
13|248|256|0|108|1|68|
13|245|240|0|107|1|68|
13|245|240|0|107|1|68|
13|246|256|0|108|1|68|
13|245|240|0|107|1|68|
13|246|240|0|107|1|68|
13|247|256|0|108|1|68|
13|246|256|0|108|1|68|
13|247|256|0|108|1|68|
13|246|240|0|108|1|68|
13|246|256|0|108|1|68|
13|246|240|0|108|1|68|
13|246|240|0|108|1|68|
13|246|240|0|108|1|68|
13|248|256|0|108|1|68|
13|247|240|0|108|1|68|
13|246|240|0|108|1|68|
13|246|256|0|108|1|68|
13|246|240|0|108|1|68|
13|247|240|0|108|1|68|
13|247|240|0|108|1|68|
13|246|240|0|108|1|68|
13|246|256|0|108|1|68|
13|246|240|0|108|1|68|
13|278|272|0|118|1|68|
13|249|240|0|109|1|68|
13|251|240|0|109|1|68|
13|263|272|0|380|1|40|
13|251|240|0|109|1|68|
13|253|240|0|110|1|68|
13|253|240|0|110|1|68|
13|269|224|0|115|1|68|
13|273|208|0|117|1|68|
13|283|224|0|120|1|66|
13|276|208|0|118|1|68|
13|246|256|0|108|1|68|
13|516|528|0|308|1|46|
13|286|256|0|512|1|34|
13|295|224|0|139|1|62|
13|286|192|0|121|1|68|
13|247|240|0|108|1|68|
13|249|256|0|108|1|68|
13|247|240|0|108|1|68|
13|246|240|0|108|1|68|
13|246|240|0|108|1|68|
13|246|240|0|108|1|68|
13|247|240|0|108|1|68|
13|246|240|0|108|1|68|
13|246|240|0|108|1|68|
13|247|256|0|108|1|68|
13|246|256|0|108|1|68|
13|246|240|0|107|1|68|
13|245|256|0|107|1|68|
13|247|256|0|108|1|68|
13|246|256|0|108|1|68|
13|247|240|0|108|1|68|
13|247|256|0|108|1|68|
13|246|240|0|108|1|68|
13|246|256|0|108|1|68|
13|245|240|0|107|1|68|
13|250|256|0|109|1|68|
13|246|256|0|108|1|68|
13|248|240|0|108|1|68|
13|247|256|0|108|1|68|
13|245|240|0|107|1|68|
13|246|240|0|108|1|68|
13|246|240|0|108|1|68|
13|248|240|0|108|1|68|
13|246|256|0|107|1|68|
13|262|256|0|363|1|32|
13|255|256|0|111|1|68|
13|245|240|0|107|1|68|
13|248|256|0|108|1|68|
13|245|256|0|107|1|68|
13|247|256|0|108|1|68|
13|246|240|0|108|1|68|
13|248|256|0|108|1|68|
13|246|256|0|108|1|68|
13|246|240|0|108|1|68|
13|246|256|0|108|1|68|
13|246|240|0|108|1|68|
13|245|240|0|107|1|68|
13|248|256|0|108|1|68|
13|246|240|0|108|1|68|
13|248|256|0|108|1|68|
13|246|240|0|108|1|68|
13|249|256|0|109|1|68|
13|248|240|0|108|1|68|
13|245|256|0|107|1|68|
13|246|240|0|108|1|68|
13|245|256|0|107|1|68|
13|247|240|0|108|1|68|
13|246|240|0|108|1|68|
13|246|240|0|108|1|68|
13|245|240|0|107|1|68|
13|248|240|0|108|1|68|
13|245|240|0|107|1|68|
13|249|240|0|109|1|68|
13|245|240|0|107|1|68|
13|249|256|0|109|1|68|
13|249|240|0|108|1|68|
13|251|240|0|109|1|68|
13|246|240|0|108|1|68|
13|248|240|0|108|1|68|
13|250|256|0|109|1|68|
13|245|256|0|107|1|68|
13|247|240|0|108|1|68|
13|246|240|0|108|1|68|
13|245|240|0|107|1|68|
13|247|256|0|108|1|68|
13|245|240|0|107|1|68|
13|246|240|0|108|1|68|
13|245|240|0|107|1|68|
13|249|256|0|109|1|68|
13|246|240|0|108|1|68|
13|248|240|0|108|1|68|
13|246|240|0|108|1|68|
13|246|240|0|108|1|68|
13|246|256|0|108|1|68|
13|251|256|0|109|1|68|
13|249|240|0|109|1|68|
13|251|256|0|109|1|68|
13|246|240|0|108|1|68|
13|250|256|0|109|1|68|
13|248|240|0|108|1|68|
13|249|240|0|109|1|68|
13|246|240|0|108|1|68|
13|248|256|0|108|1|68|
13|245|256|0|107|1|68|
13|246|240|0|108|1|68|
13|255|240|0|111|1|68|
13|249|256|0|109|1|68|
13|246|240|0|108|1|68|
13|246|240|0|108|1|68|
13|249|240|0|108|1|68|
13|248|256|0|108|1|68|
13|246|240|0|108|1|68|
13|246|240|0|108|1|68|
13|246|224|0|108|1|68|
13|245|240|0|107|1|68|
13|248|240|0|108|1|68|
13|246|256|0|108|1|68|
13|250|240|0|109|1|68|
13|247|240|0|108|1|68|
13|246|240|0|108|1|68|
13|245|256|0|107|1|68|
13|247|256|0|108|1|68|
13|248|256|0|108|1|68|
13|245|240|0|107|1|68|
13|247|256|0|108|1|68|
13|246|256|0|108|1|68|
13|247|256|0|108|1|68|
13|247|256|0|108|1|68|
13|249|240|0|109|1|68|
13|245|256|0|107|1|68|
13|248|240|0|108|1|68|
13|245|240|0|107|1|68|
13|248|256|0|108|1|68|
13|248|240|0|108|1|68|
13|245|240|0|107|1|68|
13|250|240|0|109|1|68|
13|245|256|0|107|1|68|
13|248|240|0|108|1|68|
13|245|240|0|107|1|68|
13|419|416|0|125|1|68|
13|246|256|0|108|1|68|
13|311|304|0|125|1|68|
13|246|240|0|108|1|68|
13|246|240|0|108|1|68|
13|246|256|0|108|1|68|
13|246|240|0|108|1|68|
13|247|256|0|108|1|68|
13|247|256|0|108|1|68|
13|246|240|0|108|1|68|
13|246|256|0|108|1|68|
13|246|256|0|108|1|68|
13|249|256|0|109|1|68|
13|246|256|0|108|1|68|
13|248|256|0|108|1|68|
13|248|256|0|108|1|68|
13|248|256|0|108|1|68|
13|246|240|0|108|1|68|
13|248|240|0|108|1|68|
13|247|240|0|108|1|68|
13|245|256|0|107|1|68|
13|248|256|0|108|1|68|
13|248|256|0|108|1|68|
13|247|256|0|108|1|68|
13|246|256|0|108|1|68|
13|246|240|0|108|1|68|
13|326|336|0|125|1|68|
13|247|256|0|108|1|68|
13|247|240|0|108|1|68|
13|250|240|0|109|1|68|
13|246|256|0|108|1|68|
13|246|256|0|108|1|68|
13|249|256|0|109|1|68|
13|247|256|0|108|1|68|
13|246|240|0|108|1|68|
13|251|256|0|109|1|68|
13|246|240|0|108|1|68|
13|248|240|0|108|1|68|
13|248|256|0|108|1|68|
13|246|256|0|108|1|68|
13|246|240|0|108|1|68|
13|273|272|0|163|1|58|
13|277|208|0|118|1|68|
13|282|208|0|120|1|68|
13|264|224|0|114|1|68|
13|251|240|0|109|1|68|
13|246|256|0|108|1|68|
13|246|256|0|108|1|68|
13|246|256|0|108|1|68|
13|245|240|0|107|1|68|
13|246|240|0|108|1|68|
13|245|240|0|107|1|68|
13|246|256|0|108|1|68|
13|306|304|0|348|1|30|
13|279|272|0|532|1|13|
13|829|624|0|125|1|68|
13|277|208|0|118|1|68|
13|259|224|0|112|1|68|
13|251|256|0|109|1|68|
13|247|240|0|108|1|68|
13|246|240|0|108|1|68|
13|246|240|0|108|1|68|
13|249|240|0|108|1|68|
13|245|240|0|107|1|68|
13|246|256|0|108|1|68|
13|246|240|0|108|1|68|
13|245|240|0|107|1|68|
13|251|256|0|109|1|68|
13|246|256|0|108|1|68|
13|246|256|0|108|1|68|
13|246|240|0|108|1|68|
13|246|224|0|108|1|68|
13|353|352|0|125|1|68|
13|245|240|0|107|1|68|
13|246|256|0|108|1|68|
13|246|256|0|108|1|68|
13|246|240|0|108|1|68|
13|251|256|0|109|1|68|
13|248|240|0|108|1|68|
13|249|240|0|108|1|68|
13|248|256|0|108|1|68|
13|246|224|0|108|1|68|
13|248|240|0|108|1|68|
13|252|240|0|166|1|49|
13|248|240|0|108|1|68|
13|252|240|0|110|1|68|
13|248|256|0|108|1|68|
13|248|256|0|108|1|68|
13|251|256|0|109|1|68|
13|246|240|0|108|1|68|
13|246|240|0|108|1|68|
13|248|256|0|108|1|68|
13|248|240|0|108|1|68|
13|248|256|0|108|1|68|
13|250|256|0|109|1|68|
13|246|240|0|108|1|68|
13|276|288|0|118|1|68|
13|251|240|0|109|1|68|
13|245|240|0|107|1|68|
13|248|240|0|108|1|68|
13|245|240|0|107|1|68|
13|245|240|0|107|1|68|
13|246|240|0|108|1|68|
13|248|256|0|108|1|68|
13|246|256|0|108|1|68|
13|248|256|0|108|1|68|
13|246|256|0|108|1|68|
13|248|256|0|108|1|68|
13|248|256|0|108|1|68|
13|249|256|0|109|1|68|
13|247|256|0|108|1|68|
13|245|240|0|107|1|68|
13|251|240|0|109|1|68|
13|245|224|0|107|1|68|
13|246|240|0|108|1|68|
13|246|256|0|108|1|68|
13|246|256|0|108|1|68|
13|246|256|0|108|1|68|
13|248|240|0|108|1|68|
13|247|240|0|108|1|68|
13|248|256|0|108|1|68|
13|245|240|0|107|1|68|
13|249|240|0|109|1|68|
13|245|240|0|107|1|68|
13|246|240|0|108|1|68|
13|246|240|0|108|1|68|
13|245|256|0|107|1|68|
13|246|256|0|107|1|68|
13|246|240|0|108|1|68|
13|246|240|0|108|1|68|
13|245|256|0|107|1|68|
13|245|240|0|107|1|68|
13|248|256|0|108|1|68|
13|246|224|0|108|1|68|
13|246|240|0|108|1|68|
13|246|240|0|108|1|68|
13|249|256|0|109|1|68|
13|245|240|0|107|1|68|
13|248|256|0|108|1|68|
13|247|240|0|108|1|68|
13|245|240|0|107|1|68|
13|248|240|0|108|1|68|
13|251|256|0|109|1|68|
13|348|352|0|125|1|68|
13|247|240|0|108|1|68|
13|247|256|0|108|1|68|
13|246|256|0|108|1|68|
13|248|256|0|108|1|68|
13|246|240|0|108|1|68|
13|249|240|0|108|1|68|
13|246|256|0|108|1|68|
13|249|256|0|109|1|68|
13|385|384|0|125|1|68|
13|250|256|0|109|1|68|
13|249|256|0|109|1|68|
13|249|240|0|109|1|68|
13|248|256|0|108|1|68|
13|246|256|0|108|1|68|
13|248|240|0|108|1|68|
13|246|256|0|108|1|68|
13|251|256|0|109|1|68|
13|246|240|0|108|1|68|
13|248|256|0|108|1|68|
13|246|256|0|108|1|68|
13|244|240|0|107|1|68|
13|246|256|0|108|1|68|
13|246|256|0|108|1|68|
13|246|256|0|108|1|68|
13|245|240|0|107|1|68|
13|246|256|0|108|1|68|
13|248|240|0|108|1|68|
13|246|240|0|108|1|68|
13|245|240|0|107|1|68|
13|246|256|0|108|1|68|
13|246|256|0|108|1|68|
13|250|256|0|109|1|68|
13|246|240|0|108|1|68|
13|247|256|0|108|1|68|
13|246|256|0|108|1|68|
13|248|240|0|108|1|68|
13|249|256|0|109|1|68|
13|245|256|0|107|1|68|
13|248|256|0|108|1|68|
13|248|240|0|108|1|68|
13|248|256|0|108|1|68|
13|249|256|0|109|1|68|
13|249|256|0|109|1|68|
13|250|256|0|109|1|68|
13|248|256|0|108|1|68|
13|249|256|0|109|1|68|
13|245|224|0|107|1|68|
13|246|256|0|108|1|68|
13|246|240|0|108|1|68|
13|246|256|0|108|1|68|
13|329|336|0|125|1|68|
13|246|256|0|108|1|68|
13|246|240|0|108|1|68|
13|248|256|0|108|1|68|
13|248|256|0|108|1|68|
13|246|256|0|107|1|68|
13|249|240|0|109|1|68|
13|246|256|0|108|1|68|
13|246|240|0|108|1|68|
13|246|240|0|108|1|68|
13|245|256|0|107|1|68|
13|245|256|0|107|1|68|
13|245|256|0|107|1|68|
13|462|448|0|125|1|68|
13|246|256|0|108|1|68|
13|247|224|0|108|1|68|
13|244|256|0|107|1|68|
13|251|256|0|109|1|68|
13|246|240|0|108|1|68|
13|251|256|0|109|1|68|
13|248|256|0|108|1|68|
13|249|256|0|109|1|68|
13|248|224|0|108|1|68|
13|269|208|0|115|1|68|
13|271|208|0|116|1|68|
13|264|240|0|114|1|68|
13|246|240|0|108|1|68|
13|246|240|0|108|1|68|
13|246|256|0|108|1|68|
13|246|240|0|108|1|68|
13|248|256|0|108|1|68|
13|246|256|0|108|1|68|
13|249|256|0|109|1|68|
13|246|240|0|108|1|68|
13|249|240|0|109|1|68|
13|246|256|0|108|1|68|
13|246|256|0|108|1|68|
13|245|240|0|107|1|68|
13|246|256|0|108|1|68|
13|249|240|0|109|1|68|
13|246|256|0|108|1|68|
13|245|240|0|107|1|68|
13|245|240|0|107|1|68|
13|248|256|0|108|1|68|
13|248|256|0|108|1|68|
13|248|240|0|108|1|68|
13|257|256|0|111|1|68|
13|248|256|0|108|1|68|
13|248|240|0|108|1|68|
13|246|240|0|108|1|68|
13|247|240|0|108|1|68|
13|249|256|0|109|1|68|
13|246|240|0|108|1|68|
13|246|256|0|108|1|68|
13|248|240|0|108|1|68|
13|250|256|0|109|1|68|
13|245|240|0|107|1|68|
13|248|240|0|108|1|68|
13|248|240|0|108|1|68|
13|246|256|0|108|1|68|
13|247|240|0|108|1|68|
13|245|256|0|107|1|68|
13|248|240|0|108|1|68|
13|245|240|0|107|1|68|
13|247|240|0|108|1|68|
13|246|240|0|108|1|68|
13|246|240|0|108|1|68|
13|246|240|0|108|1|68|
13|246|240|0|108|1|68|
13|245|256|0|107|1|68|
13|246|240|0|108|1|68|
13|245|256|0|107|1|68|
13|251|240|0|109|1|68|
13|251|256|0|109|1|68|
13|246|240|0|108|1|68|
13|248|240|0|108|1|68|
13|246|256|0|108|1|68|
13|248|256|0|108|1|68|
13|246|240|0|108|1|68|
13|250|256|0|109|1|68|
13|248|256|0|108|1|68|
13|246|256|0|108|1|68|
13|250|256|0|109|1|68|
13|247|256|0|108|1|68|
13|246|240|0|108|1|68|
13|245|240|0|107|1|68|
13|246|240|0|108|1|68|
13|245|240|0|107|1|68|
13|246|240|0|108|1|68|
13|248|240|0|108|1|68|
13|307|320|0|482|1|31|
13|260|272|0|213|1|51|
13|254|240|0|110|1|68|
13|246|256|0|108|1|68|
13|247|256|0|108|1|68|
13|246|240|0|108|1|68|
13|246|256|0|108|1|68|
13|247|240|0|108|1|68|
13|247|224|0|108|1|68|
13|248|256|0|108|1|68|
13|246|240|0|108|1|68|
13|248|256|0|108|1|68|
13|246|240|0|108|1|68|
13|248|256|0|108|1|68|
13|246|256|0|108|1|68|
13|246|256|0|108|1|68|
13|247|240|0|108|1|68|
13|245|240|0|107|1|68|
13|246|256|0|108|1|68|
13|246|256|0|108|1|68|
13|331|336|0|125|1|68|
13|245|240|0|107|1|68|
13|249|256|0|109|1|68|
13|246|256|0|108|1|68|
13|250|240|0|109|1|68|
13|245|240|0|107|1|68|
13|249|256|0|109|1|68|
13|246|240|0|108|1|68|
13|246|240|0|108|1|68|
13|246|240|0|108|1|68|
13|250|256|0|109|1|68|
13|246|256|0|108|1|68|
13|250|256|0|109|1|68|
13|246|240|0|108|1|68|
13|247|256|0|108|1|68|
13|335|336|0|125|1|68|
13|252|240|0|110|1|68|
13|246|240|0|108|1|68|
13|246|240|0|108|1|68|
13|265|272|0|109|1|68|
13|248|256|0|108|1|68|
13|246|256|0|108|1|68|
13|288|272|0|122|1|68|
13|246|240|0|108|1|68|
13|248|240|0|108|1|68|
13|248|256|0|108|1|68|
13|246|240|0|108|1|68|
13|245|240|0|107|1|68|
13|247|240|0|108|1|68|
13|246|240|0|108|1|68|
13|246|240|0|108|1|68|
13|245|256|0|107|1|68|
13|246|240|0|108|1|68|
13|246|240|0|108|1|68|
13|246|256|0|108|1|68|
13|303|304|0|125|1|68|
13|246|240|0|108|1|68|
13|246|256|0|108|1|68|
13|245|240|0|107|1|68|
13|246|240|0|108|1|68|
13|246|240|0|108|1|68|
13|249|240|0|108|1|68|
13|245|240|0|107|1|68|
13|248|256|0|108|1|68|
13|248|240|0|108|1|68|
13|249|240|0|109|1|68|
13|268|272|0|124|1|64|
13|246|240|0|108|1|68|
13|246|256|0|108|1|68|
13|246|224|0|108|1|68|
13|246|240|0|108|1|68|
13|247|240|0|108|1|68|
13|245|256|0|107|1|68|
13|247|256|0|108|1|68|
13|246|240|0|108|1|68|
13|245|240|0|107|1|68|
13|246|240|0|108|1|68|
13|249|240|0|109|1|68|
13|246|256|0|108|1|68|
13|356|352|0|125|1|68|
13|246|256|0|108|1|68|
13|246|240|0|108|1|68|
13|245|240|0|107|1|68|
13|246|256|0|108|1|68|
13|246|240|0|108|1|68|
13|248|240|0|108|1|68|
13|246|240|0|108|1|68|
13|247|256|0|108|1|68|
13|245|240|0|107|1|68|
13|246|240|0|108|1|68|
13|245|240|0|107|1|68|
13|247|240|0|108|1|68|
13|249|240|0|109|1|68|
13|246|240|0|108|1|68|
13|248|240|0|108|1|68|
13|248|240|0|108|1|68|
13|247|240|0|108|1|68|
13|248|256|0|108|1|68|
13|246|240|0|108|1|68|
13|249|256|0|109|1|68|
13|246|256|0|108|1|68|
13|245|240|0|107|1|68|
13|246|240|0|108|1|68|
13|247|240|0|108|1|68|
13|246|240|0|108|1|68|
13|246|240|0|108|1|68|
13|246|256|0|108|1|68|
13|246|256|0|108|1|68|
13|246|240|0|108|1|68|
13|265|272|0|114|1|68|
13|249|240|0|109|1|68|
13|245|256|0|107|1|68|
13|248|256|0|108|1|68|
13|248|256|0|108|1|68|
13|246|256|0|108|1|68|
13|246|240|0|108|1|68|
13|246|240|0|108|1|68|
13|245|256|0|107|1|68|
13|249|240|0|109|1|68|
13|245|240|0|107|1|68|
13|248|256|0|108|1|68|
13|245|240|0|107|1|68|
13|251|240|0|109|1|68|
13|245|240|0|107|1|68|
13|251|240|0|109|1|68|
13|250|256|0|109|1|68|
13|246|240|0|108|1|68|
13|251|256|0|109|1|68|
13|246|256|0|108|1|68|
13|245|256|0|107|1|68|
13|246|240|0|108|1|68|
13|246|256|0|108|1|68|
13|246|240|0|108|1|68|
13|248|240|0|108|1|68|
13|248|240|0|108|1|68|
13|248|256|0|108|1|68|
13|248|256|0|108|1|68|
13|246|240|0|108|1|68|
13|245|240|0|107|1|68|
13|246|240|0|108|1|68|
13|246|256|0|108|1|68|
13|246|256|0|108|1|68|
13|248|256|0|108|1|68|
13|246|256|0|108|1|68|
13|247|240|0|108|1|68|
13|246|240|0|108|1|68|
13|246|240|0|108|1|68|
13|248|256|0|108|1|68|
13|249|256|0|109|1|68|
13|246|240|0|108|1|68|
13|250|240|0|109|1|68|
13|246|240|0|108|1|68|
13|246|224|0|108|1|68|
13|246|240|0|108|1|68|
13|246|240|0|108|1|68|
13|247|256|0|108|1|68|
13|246|240|0|108|1|68|
13|246|240|0|108|1|68|
13|248|256|0|108|1|68|
13|246|240|0|108|1|68|
13|246|240|0|108|1|68|
13|247|256|0|108|1|68|
13|246|240|0|108|1|68|
13|246|256|0|108|1|68|
13|245|256|0|107|1|68|
13|248|256|0|108|1|68|
13|246|240|0|108|1|68|
13|246|256|0|108|1|68|
13|245|240|0|107|1|68|
13|245|240|0|107|1|68|
13|248|256|0|108|1|68|
13|246|256|0|108|1|68|
13|249|256|0|109|1|68|
13|245|240|0|107|1|68|
13|245|240|0|107|1|68|
13|246|240|0|108|1|68|
13|246|240|0|108|1|68|
13|246|240|0|108|1|68|
13|246|256|0|108|1|68|
13|249|240|0|108|1|68|
13|246|240|0|108|1|68|
13|246|256|0|108|1|68|
13|246|256|0|108|1|68|
13|245|240|0|107|1|68|
13|247|256|0|108|1|68|
13|246|256|0|108|1|68|
13|246|256|0|108|1|68|
13|246|240|0|108|1|68|
13|245|240|0|107|1|68|
13|246|240|0|108|1|68|
13|247|240|0|108|1|68|
13|246|240|0|108|1|68|
13|247|256|0|108|1|68|
13|245|256|0|107|1|68|
13|246|256|0|108|1|68|
13|370|384|0|125|1|68|
13|246|256|0|108|1|68|
13|248|240|0|108|1|68|
13|246|240|0|108|1|68|
13|245|240|0|107|1|68|
13|247|240|0|108|1|68|
13|246|256|0|108|1|68|
13|245|240|0|107|1|68|
13|246|240|0|108|1|68|
13|249|240|0|109|1|68|
13|249|256|0|109|1|68|
13|247|256|0|108|1|68|
13|245|240|0|107|1|68|
13|248|240|0|108|1|68|
13|246|240|0|108|1|68|
13|246|240|0|108|1|68|
13|246|240|0|108|1|68|
13|246|224|0|108|1|68|
13|246|240|0|108|1|68|
13|245|240|0|107|1|68|
13|246|240|0|108|1|68|
13|245|240|0|107|1|68|
13|248|256|0|108|1|68|
13|245|240|0|107|1|68|
13|252|256|0|109|1|68|
13|245|240|0|107|1|68|
13|245|224|0|107|1|68|
13|246|240|0|108|1|68|
13|250|256|0|109|1|68|
13|246|256|0|108|1|68|
13|249|240|0|109|1|68|
13|246|256|0|108|1|68|
13|246|240|0|108|1|68|
13|245|240|0|107|1|68|
13|249|240|0|109|1|68|
13|249|240|0|109|1|68|
13|246|240|0|108|1|68|
13|297|304|0|306|1|54|
13|252|224|0|110|1|68|
13|248|240|0|108|1|68|
13|248|256|0|108|1|68|
13|249|256|0|108|1|68|
13|248|240|0|108|1|68|
13|246|240|0|108|1|68|
13|249|256|0|109|1|68|
13|249|240|0|109|1|68|
13|247|256|0|108|1|68|
13|245|240|0|107|1|68|
13|248|240|0|108|1|68|
13|246|240|0|108|1|68|
13|245|240|0|107|1|68|
13|246|256|0|108|1|68|
13|246|240|0|108|1|68|
13|250|256|0|109|1|68|
13|246|256|0|108|1|68|
13|246|256|0|108|1|68|
13|246|256|0|108|1|68|
13|249|240|0|109|1|68|
13|247|240|0|108|1|68|
13|249|256|0|109|1|68|
13|248|256|0|108|1|68|
13|251|256|0|109|1|68|
13|245|256|0|107|1|68|
13|249|256|0|109|1|68|
13|248|256|0|108|1|68|
13|246|240|0|108|1|68|
13|249|240|0|108|1|68|
13|250|240|0|109|1|68|
13|286|288|0|121|1|68|
13|250|256|0|109|1|68|
13|250|256|0|109|1|68|
13|249|256|0|108|1|68|
13|249|256|0|109|1|68|
13|247|240|0|108|1|68|
13|247|256|0|108|1|68|
13|246|256|0|108|1|68|
13|252|256|0|109|1|68|
13|245|240|0|107|1|68|
13|249|256|0|109|1|68|
13|245|240|0|107|1|68|
13|246|240|0|108|1|68|
13|247|240|0|108|1|68|
13|246|240|0|108|1|68|
13|246|240|0|108|1|68|
13|246|256|0|108|1|68|
13|247|240|0|108|1|68|
13|246|240|0|108|1|68|
13|246|256|0|108|1|68|
13|247|240|0|108|1|68|
13|247|240|0|108|1|68|
13|247|240|0|108|1|68|
13|247|240|0|108|1|68|
13|246|256|0|108|1|68|
13|247|256|0|108|1|68|
13|249|240|0|109|1|68|
13|248|240|0|108|1|68|
13|248|256|0|108|1|68|
13|248|240|0|108|1|68|
13|246|256|0|108|1|68|
13|246|240|0|107|1|68|
13|248|240|0|108|1|68|
13|245|240|0|107|1|68|
13|249|256|0|109|1|68|
13|247|256|0|108|1|68|
13|246|256|0|108|1|68|
13|246|240|0|108|1|68|
13|246|256|0|108|1|68|
13|247|256|0|108|1|68|
13|246|256|0|108|1|68|
13|434|432|0|125|1|68|
13|245|256|0|107|1|68|
13|246|240|0|108|1|68|
13|247|240|0|108|1|68|
13|246|256|0|108|1|68|
13|246|256|0|108|1|68|
13|247|256|0|108|1|68|
13|247|240|0|108|1|68|
13|246|240|0|107|1|68|
13|246|240|0|108|1|68|
13|246|240|0|108|1|68|
13|246|240|0|107|1|68|
13|248|240|0|108|1|68|
13|245|256|0|107|1|68|
13|246|256|0|108|1|68|
13|246|256|0|108|1|68|
13|246|256|0|108|1|68|
13|247|240|0|108|1|68|
13|248|256|0|108|1|68|
13|250|256|0|109|1|68|
13|251|240|0|109|1|68|
13|245|224|0|107|1|68|
13|246|240|0|108|1|68|
13|248|240|0|108|1|68|
13|246|224|0|107|1|68|
13|246|256|0|108|1|68|
13|245|240|0|107|1|68|
13|246|256|0|108|1|68|
13|246|256|0|108|1|68|
13|248|256|0|108|1|68|
13|248|256|0|108|1|68|
13|249|256|0|109|1|68|
13|246|240|0|108|1|68|
13|248|256|0|108|1|68|
13|247|240|0|108|1|68|
13|246|240|0|108|1|68|
13|372|368|0|125|1|68|
13|246|256|0|108|1|68|
13|246|256|0|107|1|68|
13|248|256|0|108|1|68|
13|248|256|0|108|1|68|
13|245|224|0|107|1|68|
13|247|256|0|108|1|68|
13|247|224|0|108|1|68|
13|248|240|0|108|1|68|
13|248|256|0|108|1|68|
13|249|240|0|109|1|68|
13|248|240|0|108|1|68|
13|245|240|0|107|1|68|
13|249|256|0|109|1|68|
13|246|240|0|108|1|68|
13|248|240|0|108|1|68|
13|246|240|0|108|1|68|
13|245|256|0|107|1|68|
13|246|240|0|108|1|68|
13|246|256|0|107|1|68|
13|246|256|0|108|1|68|
13|245|240|0|107|1|68|
13|248|256|0|108|1|68|
13|246|240|0|108|1|68|
13|245|240|0|107|1|68|
13|247|240|0|108|1|68|
13|246|240|0|108|1|68|
13|246|256|0|108|1|68|
13|247|240|0|108|1|68|
13|246|240|0|108|1|68|
13|246|240|0|108|1|68|
13|246|240|0|108|1|68|
13|246|240|0|108|1|68|
13|246|240|0|108|1|68|
13|251|240|0|109|1|68|
13|249|240|0|109|1|68|
13|248|240|0|108|1|68|
13|248|256|0|108|1|68|
13|249|240|0|109|1|68|
13|250|256|0|109|1|68|
13|249|256|0|109|1|68|
13|248|240|0|108|1|68|
13|246|256|0|108|1|68|
13|249|240|0|109|1|68|
13|245|224|0|107|1|68|
13|247|240|0|108|1|68|
13|246|240|0|108|1|68|
13|246|256|0|108|1|68|
13|245|240|0|107|1|68|
13|246|256|0|108|1|68|
13|246|240|0|108|1|68|
13|247|256|0|108|1|68|
13|246|240|0|108|1|68|
13|246|240|0|108|1|68|
13|246|240|0|107|1|68|
13|246|240|0|108|1|68|
13|246|240|0|108|1|68|
13|246|256|0|108|1|68|
13|248|240|0|108|1|68|
13|246|240|0|108|1|68|
13|259|256|0|351|1|57|
13|285|224|0|134|1|66|
13|299|224|0|225|1|42|
13|327|240|0|120|1|50|
13|309|224|0|768|1|33|
13|309|208|0|763|1|25|
13|571|400|0|177|1|68|
13|288|208|0|122|1|68|
13|285|208|0|121|1|68|
13|285|192|0|121|1|68|
13|290|208|0|122|1|68|
13|288|192|0|122|1|68|
13|286|208|0|121|1|68|
13|287|192|0|121|1|68|
13|303|208|0|250|1|64|
13|288|192|0|122|1|68|
13|288|192|0|122|1|68|
13|269|224|0|115|1|68|
13|251|256|0|109|1|68|
13|252|256|0|109|1|68|
13|248|256|0|108|1|68|
13|245|256|0|107|1|68|
13|246|256|0|108|1|68|
13|246|240|0|108|1|68|
13|246|240|0|108|1|68|
13|246|240|0|108|1|68|
13|248|224|0|108|1|68|
13|251|256|0|109|1|68|
13|392|336|0|125|1|68|
13|257|208|0|111|1|68|
13|246|256|0|108|1|68|
13|245|240|0|107|1|68|
13|246|224|0|108|1|68|
13|246|256|0|108|1|68|
13|246|256|0|108|1|68|
13|248|256|0|108|1|68|
13|246|256|0|108|1|68|
13|246|240|0|108|1|68|
13|246|240|0|108|1|68|
13|246|240|0|108|1|68|
13|245|256|0|107|1|68|
13|245|256|0|107|1|68|
13|249|224|0|109|1|68|
13|252|224|0|110|1|68|
13|245|240|0|107|1|68|
13|246|240|0|108|1|68|
13|246|256|0|108|1|68|
13|249|256|0|109|1|68|
13|246|240|0|108|1|68|
13|249|256|0|109|1|68|
13|245|256|0|107|1|68|
13|245|240|0|107|1|68|
13|247|240|0|108|1|68|
13|246|240|0|108|1|68|
13|247|256|0|108|1|68|
13|246|240|0|108|1|68|
13|249|240|0|109|1|68|
13|246|240|0|108|1|68|
13|246|240|0|108|1|68|
13|247|256|0|108|1|68|
13|247|256|0|108|1|68|
13|246|224|0|107|1|68|
13|248|256|0|108|1|68|
13|251|256|0|109|1|68|
13|249|224|0|109|1|68|
13|248|256|0|108|1|68|
13|417|416|0|125|1|68|
13|249|256|0|109|1|68|
13|248|240|0|108|1|68|
13|245|240|0|107|1|68|
13|246|240|0|108|1|68|
13|248|256|0|108|1|68|
13|246|240|0|108|1|68|
13|247|240|0|108|1|68|
13|246|240|0|108|1|68|
13|247|240|0|108|1|68|
13|246|240|0|108|1|68|
13|246|240|0|108|1|68|
13|249|256|0|109|1|68|
13|247|240|0|108|1|68|
13|248|240|0|108|1|68|
13|249|256|0|109|1|68|
13|245|256|0|107|1|68|
13|246|256|0|108|1|68|
13|248|256|0|108|1|68|
13|246|240|0|108|1|68|
13|246|240|0|108|1|68|
13|246|256|0|108|1|68|
13|248|240|0|108|1|68|
13|246|240|0|108|1|68|
13|245|256|0|107|1|68|
13|344|336|0|125|1|68|
13|248|256|0|108|1|68|
13|246|256|0|108|1|68|
13|246|240|0|108|1|68|
13|246|256|0|108|1|68|
13|246|224|0|108|1|68|
13|246|240|0|108|1|68|
13|290|288|0|235|1|57|
13|246|256|0|108|1|68|
13|248|240|0|108|1|68|
13|249|240|0|109|1|68|
13|251|256|0|109|1|68|
13|246|256|0|108|1|68|
13|247|256|0|108|1|68|
13|246|224|0|108|1|68|
13|246|240|0|108|1|68|
13|249|240|0|109|1|68|
13|246|240|0|108|1|68|
13|247|240|0|108|1|68|
13|246|240|0|108|1|68|
13|247|240|0|108|1|68|
13|246|240|0|108|1|68|
13|246|256|0|108|1|68|
