INSTRUCTIONS_RETIRED|CYCLES|UNKNOWN|LD_BLOCKS.STORE_FORWARD|UOPS_EXECUTED.CORE|BR_MISP_RETIRED.ALL_BRANCHES|UOPS_ISSUED.SLOW_LEA|
13|297|192|0|125|1|120|
13|270|224|0|116|1|112|
13|248|256|0|108|1|104|
13|246|240|0|108|1|104|
13|250|240|0|109|1|104|
13|246|256|0|108|1|104|
13|272|272|0|225|1|41|
13|292|240|0|390|1|18|
13|296|224|0|124|1|120|
13|275|208|0|117|1|112|
13|281|208|0|119|1|114|
13|315|224|0|491|1|37|
13|267|224|0|115|1|110|
13|267|224|0|115|1|110|
13|248|240|0|108|1|104|
13|246|240|0|108|1|104|
13|249|256|0|109|1|106|
13|246|240|0|108|1|104|
13|246|256|0|108|1|104|
13|249|256|0|109|1|104|
13|249|256|0|109|1|104|
13|245|240|0|107|1|104|
13|249|240|0|109|1|106|
13|247|240|0|108|1|106|
13|245|256|0|107|1|102|
13|247|256|0|108|1|106|
13|793|752|0|162|1|126|
13|254|240|0|110|1|104|
13|248|224|0|108|1|104|
13|249|240|0|109|1|104|
13|248|256|0|108|1|104|
13|246|256|0|108|1|104|
13|250|240|0|109|1|104|
13|247|256|0|108|1|104|
13|249|256|0|109|1|106|
13|246|240|0|108|1|104|
13|248|240|0|108|1|104|
13|249|256|0|109|1|106|
13|245|240|0|107|1|102|
13|245|256|0|107|1|104|
13|354|336|0|144|1|128|
13|249|256|0|109|1|104|
13|246|240|0|108|1|104|
13|247|256|0|108|1|106|
13|246|240|0|108|1|102|
13|246|256|0|108|1|104|
13|246|256|0|108|1|104|
13|246|240|0|108|1|104|
13|246|240|0|108|1|104|
13|246|256|0|108|1|104|
13|250|224|0|109|1|106|
13|249|240|0|109|1|106|
13|246|240|0|108|1|104|
13|246|240|0|108|1|104|
13|245|240|0|107|1|102|
13|390|400|0|156|1|128|
13|246|240|0|108|1|104|
13|245|240|0|107|1|102|
13|246|240|0|108|1|104|
13|246|240|0|108|1|104|
13|248|256|0|108|1|104|
13|244|240|0|107|1|104|
13|245|240|0|107|1|104|
13|245|224|0|107|1|104|
13|246|240|0|108|1|104|
13|246|240|0|108|1|104|
13|246|240|0|108|1|104|
13|249|240|0|109|1|106|
13|249|256|0|109|1|104|
13|245|240|0|107|1|102|
13|245|240|0|107|1|102|
13|248|256|0|108|1|104|
13|249|224|0|109|1|104|
13|245|240|0|107|1|102|
13|247|256|0|108|1|106|
13|246|240|0|108|1|104|
13|245|240|0|107|1|104|
13|245|240|0|107|1|104|
13|245|256|0|107|1|102|
13|246|240|0|108|1|104|
13|248|256|0|108|1|104|
13|248|240|0|108|1|104|
13|251|256|0|109|1|106|
13|246|240|0|108|1|104|
13|245|240|0|107|1|102|
13|246|240|0|108|1|104|
13|261|256|0|113|1|108|
13|246|240|0|108|1|104|
13|249|256|0|109|1|106|
13|249|256|0|109|1|106|
13|248|256|0|108|1|104|
13|248|240|0|108|1|104|
13|249|240|0|109|1|106|
13|247|256|0|108|1|106|
13|246|256|0|108|1|104|
13|246|224|0|108|1|104|
13|249|256|0|109|1|106|
13|249|256|0|109|1|106|
13|245|240|0|107|1|102|
13|245|240|0|107|1|104|
13|246|240|0|108|1|104|
13|248|240|0|108|1|104|
13|246|240|0|108|1|104|
13|249|240|0|109|1|106|
13|246|240|0|108|1|102|
13|246|256|0|108|1|104|
13|255|256|0|111|1|106|
13|248|256|0|108|1|104|
13|249|256|0|109|1|106|
13|248|240|0|108|1|104|
13|246|256|0|108|1|104|
13|246|240|0|108|1|104|
13|248|240|0|108|1|104|
13|246|256|0|108|1|104|
13|335|320|0|137|1|130|
13|246|240|0|108|1|104|
13|248|240|0|108|1|104|
13|245|256|0|107|1|102|
13|246|240|0|108|1|102|
13|328|320|0|135|1|132|
13|247|256|0|108|1|106|
13|248|256|0|108|1|104|
13|245|240|0|107|1|104|
13|250|256|0|109|1|104|
13|246|256|0|108|1|104|
13|246|240|0|108|1|104|
13|249|240|0|109|1|104|
13|246|256|0|108|1|102|
13|248|240|0|108|1|104|
13|246|240|0|108|1|104|
13|246|240|0|108|1|104|
13|249|240|0|109|1|104|
13|246|256|0|108|1|104|
13|246|240|0|108|1|104|
13|246|256|0|108|1|104|
13|245|240|0|107|1|104|
13|246|240|0|108|1|104|
13|245|240|0|107|1|102|
13|246|240|0|108|1|104|
13|245|256|0|107|1|102|
13|246|240|0|108|1|102|
13|249|256|0|109|1|106|
13|250|256|0|109|1|104|
13|246|256|0|108|1|104|
13|245|240|0|107|1|104|
13|250|240|0|109|1|104|
13|251|256|0|109|1|106|
13|245|240|0|107|1|102|
13|251|256|0|109|1|106|
13|245|256|0|107|1|104|
13|246|240|0|108|1|104|
13|245|240|0|107|1|102|
13|249|256|0|109|1|106|
13|246|256|0|108|1|102|
13|248|256|0|108|1|104|
13|246|256|0|108|1|104|
13|249|256|0|109|1|106|
13|244|256|0|107|1|104|
13|245|240|0|107|1|102|
13|246|240|0|108|1|104|
13|246|240|0|108|1|104|
13|251|256|0|109|1|106|
13|249|240|0|109|1|104|
13|249|256|0|109|1|106|
13|246|256|0|108|1|104|
13|246|240|0|108|1|104|
13|247|240|0|108|1|104|
13|246|256|0|108|1|104|
13|247|240|0|108|1|106|
13|247|256|0|108|1|106|
13|248|240|0|108|1|102|
13|247|256|0|108|1|104|
13|246|240|0|108|1|104|
13|246|256|0|108|1|104|
13|247|256|0|108|1|104|
13|249|240|0|109|1|106|
13|246|240|0|108|1|104|
13|249|256|0|109|1|106|
13|246|256|0|108|1|104|
13|246|256|0|108|1|104|
13|249|256|0|109|1|104|
13|245|240|0|107|1|102|
13|246|240|0|108|1|104|
13|246|240|0|108|1|104|
13|249|240|0|109|1|104|
13|245|256|0|107|1|102|
13|249|240|0|109|1|106|
13|246|256|0|108|1|104|
13|245|240|0|107|1|104|
13|246|256|0|108|1|104|
13|246|256|0|108|1|104|
13|245|240|0|107|1|102|
13|245|240|0|107|1|104|
13|246|240|0|108|1|104|
13|246|240|0|108|1|104|
13|246|256|0|108|1|104|
13|247|256|0|108|1|106|
13|246|240|0|108|1|102|
13|245|240|0|107|1|102|
13|245|240|0|107|1|102|
13|245|256|0|107|1|102|
13|249|240|0|109|1|106|
13|245|256|0|107|1|104|
13|245|240|0|107|1|102|
13|245|256|0|107|1|102|
13|246|256|0|108|1|104|
13|248|240|0|108|1|104|
13|246|256|0|108|1|104|
13|248|240|0|108|1|104|
13|248|240|0|108|1|104|
13|250|256|0|109|1|106|
13|248|256|0|108|1|104|
13|246|240|0|108|1|104|
13|258|256|0|112|1|108|
13|245|240|0|107|1|104|
13|245|240|0|107|1|102|
13|248|256|0|108|1|104|
13|246|240|0|108|1|104|
13|245|240|0|107|1|102|
13|245|256|0|107|1|104|
13|246|256|0|108|1|102|
13|246|240|0|108|1|104|
13|248|240|0|108|1|104|
13|245|240|0|107|1|102|
13|249|240|0|109|1|106|
13|246|240|0|108|1|104|
13|246|240|0|108|1|104|
13|246|256|0|108|1|104|
13|245|256|0|107|1|102|
13|245|240|0|107|1|104|
13|246|240|0|108|1|104|
13|245|240|0|107|1|102|
13|246|256|0|108|1|104|
13|246|240|0|108|1|104|
13|249|240|0|109|1|106|
13|246|240|0|108|1|104|
13|246|256|0|108|1|104|
13|251|240|0|109|1|106|
13|249|240|0|109|1|104|
13|250|256|0|109|1|104|
13|246|240|0|108|1|104|
13|251|240|0|109|1|106|
13|246|256|0|108|1|104|
13|248|256|0|108|1|104|
13|249|256|0|109|1|106|
13|248|256|0|108|1|104|
13|249|256|0|109|1|106|
13|246|256|0|108|1|104|
13|248|240|0|108|1|104|
13|246|256|0|108|1|104|
13|365|368|0|147|1|128|
13|247|240|0|108|1|104|
13|249|256|0|109|1|106|
13|248|240|0|108|1|104|
13|249|256|0|109|1|106|
13|475|464|0|181|1|128|
13|248|256|0|108|1|104|
13|249|240|0|109|1|106|
13|246|240|0|108|1|104|
13|246|256|0|108|1|104|
13|247|240|0|108|1|104|
13|246|256|0|108|1|104|
13|246|240|0|108|1|104|
13|246|240|0|108|1|104|
13|246|240|0|108|1|104|
13|246|256|0|108|1|104|
13|247|256|0|108|1|106|
13|245|240|0|107|1|102|
13|246|240|0|108|1|102|
13|245|256|0|107|1|102|
13|246|256|0|108|1|104|
13|246|240|0|108|1|104|
13|249|240|0|109|1|106|
13|248|256|0|108|1|104|
13|246|240|0|108|1|104|
13|246|256|0|108|1|104|
13|245|240|0|107|1|104|
13|246|240|0|108|1|102|
13|247|256|0|108|1|106|
13|246|240|0|108|1|104|
13|246|256|0|108|1|104|
13|245|256|0|107|1|102|
13|246|240|0|108|1|104|
13|275|288|0|162|1|72|
13|263|208|0|113|1|108|
13|380|288|0|163|1|68|
13|269|208|0|115|1|110|
13|262|224|0|113|1|108|
13|246|256|0|108|1|102|
13|246|240|0|108|1|104|
13|246|240|0|108|1|104|
13|248|256|0|108|1|104|
13|246|240|0|108|1|104|
13|249|256|0|109|1|106|
13|246|256|0|108|1|104|
13|248|256|0|108|1|104|
13|245|240|0|107|1|102|
13|269|272|0|187|1|53|
13|303|304|0|127|1|124|
13|280|272|0|119|1|116|
13|245|240|0|107|1|102|
13|250|240|0|109|1|104|
13|250|240|0|109|1|106|
13|246|256|0|108|1|102|
13|248|256|0|108|1|104|
13|246|240|0|108|1|104|
13|249|256|0|109|1|104|
13|245|240|0|107|1|102|
13|246|240|0|108|1|104|
13|246|256|0|108|1|104|
13|246|256|0|108|1|104|
13|246|240|0|108|1|104|
13|248|256|0|108|1|104|
13|246|256|0|108|1|104|
13|245|240|0|107|1|102|
13|247|240|0|108|1|106|
13|245|240|0|107|1|104|
13|245|240|0|107|1|102|
13|245|240|0|107|1|102|
13|246|240|0|108|1|104|
13|246|256|0|108|1|102|
13|246|224|0|108|1|104|
13|246|240|0|108|1|104|
13|246|240|0|108|1|104|
13|245|256|0|107|1|102|
13|246|240|0|108|1|104|
13|246|240|0|108|1|104|
13|246|240|0|108|1|104|
13|249|256|0|109|1|106|
13|246|240|0|108|1|102|
13|247|256|0|108|1|106|
13|423|432|0|167|1|130|
13|246|240|0|108|1|104|
13|245|224|0|107|1|104|
13|247|240|0|108|1|104|
13|246|256|0|108|1|104|
13|248|256|0|108|1|104|
13|246|256|0|108|1|104|
13|246|256|0|108|1|104|
13|245|240|0|107|1|102|
13|246|256|0|108|1|104|
13|247|240|0|108|1|106|
13|247|256|0|108|1|104|
13|247|256|0|108|1|106|
13|246|256|0|108|1|104|
13|249|240|0|109|1|106|
13|249|256|0|109|1|104|
13|250|240|0|109|1|104|
13|245|240|0|107|1|102|
13|246|256|0|108|1|104|
13|246|240|0|108|1|104|
13|262|272|0|113|1|108|
13|246|224|0|108|1|104|
13|245|240|0|107|1|102|
13|246|240|0|108|1|104|
13|245|256|0|107|1|104|
13|245|256|0|107|1|102|
13|248|256|0|108|1|104|
13|246|256|0|108|1|104|
13|246|256|0|108|1|104|
13|245|240|0|107|1|102|
13|248|240|0|108|1|104|
13|244|240|0|107|1|104|
13|246|256|0|108|1|104|
13|249|240|0|109|1|104|
13|247|256|0|108|1|104|
13|248|240|0|108|1|104|
13|432|432|0|180|1|62|
13|350|272|0|450|1|42|
13|286|224|0|140|1|58|
13|283|224|0|123|1|70|
13|307|224|0|422|1|39|
13|304|224|0|358|1|51|
13|305|224|0|519|1|34|
13|325|224|0|392|1|40|
13|264|224|0|114|1|108|
13|247|240|0|108|1|106|
13|246|240|0|108|1|104|
13|244|240|0|107|1|104|
13|248|256|0|108|1|104|
13|246|224|0|108|1|104|
13|250|240|0|109|1|104|
13|248|240|0|108|1|102|
13|248|256|0|108|1|104|
13|245|240|0|107|1|102|
13|263|272|0|113|1|110|
13|249|256|0|109|1|106|
13|249|256|0|109|1|106|
13|307|224|0|367|1|66|
13|281|192|0|119|1|114|
13|280|208|0|119|1|116|
13|262|224|0|113|1|108|
13|250|240|0|109|1|104|
13|246|256|0|108|1|102|
13|245|240|0|107|1|104|
13|320|320|0|132|1|128|
13|246|240|0|108|1|104|
13|249|256|0|109|1|104|
13|246|256|0|108|1|104|
13|246|240|0|108|1|104|
13|245|256|0|107|1|102|
13|245|240|0|107|1|102|
13|245|240|0|107|1|104|
13|246|240|0|108|1|104|
13|248|256|0|108|1|104|
13|245|240|0|107|1|102|
13|249|256|0|109|1|106|
13|246|240|0|108|1|104|
13|250|256|0|109|1|104|
13|246|240|0|108|1|104|
13|246|256|0|108|1|104|
13|245|256|0|107|1|104|
13|246|240|0|108|1|102|
13|245|256|0|107|1|102|
13|251|256|0|109|1|106|
13|246|240|0|108|1|104|
13|248|240|0|108|1|102|
13|248|240|0|108|1|104|
13|250|256|0|109|1|106|
13|252|224|0|110|1|106|
13|246|240|0|108|1|102|
13|246|256|0|108|1|104|
13|248|240|0|108|1|104|
13|247|240|0|108|1|106|
13|247|240|0|108|1|104|
13|248|240|0|108|1|102|
13|246|240|0|108|1|104|
13|246|240|0|108|1|104|
13|246|256|0|108|1|104|
13|246|256|0|108|1|102|
13|249|256|0|109|1|106|
13|245|240|0|107|1|102|
13|248|240|0|108|1|104|
13|245|240|0|107|1|104|
13|248|256|0|108|1|102|
13|248|240|0|108|1|104|
13|250|256|0|109|1|104|
13|250|256|0|109|1|104|
13|245|240|0|108|1|104|
13|248|256|0|108|1|104|
13|245|256|0|107|1|102|
13|245|240|0|107|1|102|
13|245|240|0|107|1|102|
13|248|256|0|108|1|104|
13|248|240|0|108|1|104|
13|246|256|0|108|1|104|
13|249|240|0|109|1|104|
13|246|256|0|108|1|104|
13|245|256|0|107|1|102|
13|249|240|0|109|1|106|
13|246|256|0|108|1|104|
13|248|240|0|108|1|104|
13|245|240|0|107|1|102|
13|246|256|0|108|1|104|
13|248|240|0|108|1|104|
13|245|240|0|107|1|104|
13|246|256|0|108|1|104|
13|246|240|0|108|1|104|
13|246|240|0|108|1|104|
13|245|240|0|107|1|102|
13|245|224|0|107|1|104|
13|245|240|0|107|1|104|
13|246|256|0|108|1|102|
13|247|240|0|108|1|106|
13|245|256|0|107|1|102|
13|247|240|0|108|1|104|
13|249|256|0|109|1|106|
13|249|240|0|109|1|106|
13|245|240|0|107|1|102|
13|247|240|0|108|1|106|
13|246|240|0|108|1|102|
13|322|320|0|133|1|128|
13|248|240|0|108|1|104|
13|246|240|0|108|1|104|
13|249|256|0|109|1|106|
13|246|240|0|108|1|104|
13|245|240|0|107|1|102|
13|248|256|0|108|1|104|
13|246|240|0|108|1|102|
13|250|256|0|109|1|104|
13|246|256|0|108|1|104|
13|246|256|0|108|1|104|
13|246|240|0|108|1|104|
13|245|240|0|107|1|104|
13|249|240|0|109|1|104|
13|246|256|0|108|1|104|
13|246|240|0|108|1|102|
13|245|240|0|107|1|104|
13|245|240|0|107|1|102|
13|279|272|0|119|1|114|
13|246|256|0|108|1|104|
13|246|240|0|108|1|104|
13|245|240|0|107|1|102|
13|246|256|0|108|1|104|
13|248|256|0|108|1|104|
13|245|256|0|107|1|102|
13|248|256|0|108|1|104|
13|246|256|0|108|1|104|
13|246|240|0|108|1|104|
13|245|240|0|107|1|102|
13|358|368|0|145|1|128|
13|249|240|0|109|1|106|
13|245|240|0|107|1|102|
13|246|240|0|108|1|104|
13|248|240|0|108|1|104|
13|245|256|0|107|1|102|
13|246|240|0|108|1|104|
13|366|368|0|148|1|128|
13|246|256|0|108|1|104|
13|246|224|0|108|1|104|
13|246|256|0|108|1|104|
13|246|256|0|108|1|104|
13|246|256|0|108|1|104|
13|245|240|0|107|1|102|
13|245|240|0|107|1|102|
13|246|256|0|108|1|104|
13|245|240|0|107|1|102|
13|250|256|0|109|1|106|
13|248|256|0|108|1|104|
13|248|256|0|108|1|104|
13|245|256|0|107|1|102|
13|248|240|0|108|1|104|
13|245|240|0|107|1|104|
13|246|256|0|108|1|104|
13|245|240|0|107|1|102|
13|245|240|0|107|1|102|
13|247|240|0|108|1|104|
13|249|240|0|109|1|104|
13|271|272|0|116|1|114|
13|246|240|0|108|1|104|
13|249|240|0|109|1|106|
13|245|240|0|107|1|104|
13|246|240|0|108|1|104|
13|246|240|0|108|1|104|
13|362|352|0|146|1|128|
13|245|240|0|107|1|104|
13|249|240|0|109|1|106|
13|246|256|0|108|1|104|
13|246|240|0|108|1|104|
13|246|240|0|108|1|102|
13|247|240|0|108|1|104|
13|246|256|0|108|1|104|
13|248|256|0|108|1|104|
13|249|240|0|109|1|106|
13|246|240|0|108|1|102|
13|248|256|0|108|1|104|
13|246|240|0|108|1|104|
13|246|240|0|108|1|104|
13|248|240|0|108|1|102|
13|246|256|0|108|1|104|
13|246|256|0|108|1|104|
13|245|256|0|107|1|102|
13|248|240|0|108|1|104|
13|246|256|0|108|1|102|
13|246|240|0|108|1|102|
13|246|240|0|108|1|104|
13|245|240|0|107|1|102|
13|246|240|0|108|1|104|
13|246|256|0|108|1|102|
13|246|240|0|108|1|104|
13|245|240|0|107|1|102|
13|245|240|0|107|1|102|
13|248|240|0|108|1|102|
13|246|240|0|108|1|104|
13|245|240|0|107|1|102|
13|246|240|0|108|1|104|
13|246|256|0|108|1|104|
13|246|256|0|108|1|104|
13|248|240|0|108|1|104|
13|249|256|0|109|1|106|
13|248|256|0|108|1|104|
13|245|240|0|107|1|104|
13|249|256|0|109|1|104|
13|246|256|0|108|1|104|
13|277|272|0|425|1|29|
13|275|208|0|117|1|112|
13|274|224|0|117|1|112|
13|252|224|0|110|1|104|
13|246|240|0|108|1|104|
13|246|240|0|108|1|104|
13|246|240|0|108|1|104|
13|245|240|0|107|1|104|
13|245|240|0|107|1|102|
13|246|240|0|108|1|104|
13|248|256|0|108|1|104|
13|401|400|0|159|1|128|
13|450|448|0|176|1|132|
13|245|256|0|107|1|102|
13|246|256|0|108|1|104|
13|245|256|0|107|1|102|
13|245|240|0|107|1|104|
13|246|240|0|108|1|104|
13|246|240|0|108|1|104|
13|247|256|0|108|1|104|
13|247|240|0|108|1|104|
13|246|240|0|108|1|104|
13|259|272|0|112|1|106|
13|247|240|0|108|1|106|
13|246|240|0|108|1|102|
13|247|256|0|108|1|104|
13|246|240|0|108|1|104|
13|249|240|0|109|1|106|
13|246|256|0|108|1|104|
13|246|256|0|108|1|102|
13|246|240|0|108|1|104|
13|246|240|0|108|1|104|
13|247|240|0|108|1|106|
13|246|256|0|108|1|102|
13|246|240|0|108|1|102|
13|245|240|0|107|1|102|
13|404|400|0|160|1|128|
13|245|256|0|107|1|104|
13|249|256|0|109|1|106|
13|248|256|0|108|1|104|
13|250|256|0|109|1|104|
13|248|256|0|108|1|104|
13|250|256|0|109|1|106|
13|246|240|0|108|1|104|
13|248|240|0|108|1|104|
13|248|256|0|108|1|104|
13|246|256|0|108|1|104|
13|246|256|0|108|1|104|
13|246|256|0|108|1|104|
13|245|256|0|107|1|102|
13|248|256|0|108|1|104|
13|246|240|0|108|1|104|
13|562|560|0|181|1|128|
13|246|240|0|108|1|104|
13|246|256|0|108|1|104|
13|246|240|0|108|1|102|
13|245|256|0|107|1|102|
13|251|240|0|109|1|106|
13|246|256|0|108|1|104|
13|248|256|0|108|1|102|
13|246|240|0|108|1|104|
13|246|240|0|108|1|104|
13|246|256|0|108|1|104|
13|246|256|0|108|1|102|
13|246|240|0|108|1|102|
13|246|240|0|108|1|104|
13|245|240|0|107|1|102|
13|246|256|0|108|1|102|
13|248|240|0|108|1|104|
13|249|256|0|109|1|106|
13|249|256|0|109|1|106|
13|246|256|0|108|1|104|
13|246|240|0|108|1|104|
13|248|240|0|108|1|104|
13|246|240|0|108|1|104|
13|246|240|0|108|1|104|
13|246|240|0|108|1|104|
13|246|256|0|108|1|104|
13|250|256|0|109|1|104|
13|250|240|0|109|1|104|
13|246|240|0|108|1|104|
13|245|256|0|107|1|102|
13|249|256|0|109|1|106|
13|246|240|0|108|1|104|
13|246|240|0|108|1|104|
13|246|256|0|108|1|104|
13|282|272|0|168|1|53|
13|250|256|0|109|1|106|
13|250|256|0|109|1|104|
13|249|256|0|109|1|106|
13|246|240|0|108|1|104|
13|393|384|0|157|1|128|
13|246|240|0|108|1|104|
13|246|240|0|108|1|104|
13|245|256|0|107|1|104|
13|245|240|0|107|1|102|
13|248|240|0|108|1|104|
13|246|240|0|108|1|104|
13|249|240|0|109|1|106|
13|246|240|0|108|1|104|
13|246|240|0|108|1|104|
13|246|240|0|108|1|104|
13|246|240|0|108|1|104|
13|246|240|0|108|1|104|
13|247|256|0|108|1|104|
13|246|256|0|108|1|104|
13|248|240|0|108|1|104|
13|245|256|0|107|1|102|
13|246|240|0|108|1|104|
13|246|256|0|108|1|104|
13|249|256|0|109|1|106|
13|248|256|0|108|1|104|
13|248|256|0|108|1|104|
13|248|240|0|109|1|104|
13|247|240|0|108|1|106|
13|246|240|0|108|1|104|
13|246|256|0|108|1|104|
13|245|240|0|107|1|104|
13|247|256|0|108|1|104|
13|246|240|0|108|1|104|
13|246|240|0|108|1|104|
13|248|256|0|108|1|104|
13|245|256|0|107|1|102|
13|249|256|0|109|1|106|
13|246|240|0|108|1|104|
13|246|256|0|108|1|104|
13|245|240|0|107|1|102|
13|246|240|0|108|1|104|
13|246|240|0|108|1|104|
13|246|240|0|108|1|104|
13|247|256|0|108|1|106|
13|246|240|0|108|1|104|
13|246|256|0|108|1|104|
13|247|240|0|108|1|106|
13|245|240|0|107|1|102|
13|246|240|0|108|1|104|
13|248|240|0|108|1|104|
13|246|256|0|108|1|104|
13|246|240|0|108|1|104|
13|246|240|0|108|1|104|
13|245|240|0|107|1|104|
13|250|240|0|109|1|104|
13|246|256|0|108|1|104|
13|250|256|0|109|1|104|
13|246|224|0|108|1|102|
13|250|256|0|109|1|104|
13|246|240|0|108|1|104|
13|246|240|0|108|1|104|
13|245|240|0|107|1|104|
13|246|240|0|108|1|104|
13|246|240|0|108|1|104|
13|247|240|0|108|1|106|
13|246|224|0|108|1|104|
13|245|240|0|107|1|104|
13|249|240|0|109|1|106|
13|246|240|0|108|1|104|
13|246|256|0|108|1|104|
13|247|256|0|108|1|106|
13|247|256|0|108|1|104|
13|246|240|0|108|1|104|
13|246|256|0|108|1|104|
13|246|240|0|108|1|104|
13|247|256|0|108|1|104|
13|250|256|0|109|1|104|
13|246|240|0|108|1|104|
13|246|240|0|108|1|104|
13|245|256|0|107|1|104|
13|246|256|0|108|1|104|
13|246|240|0|108|1|104|
13|246|256|0|108|1|104|
13|246|240|0|108|1|102|
13|245|240|0|107|1|104|
13|248|256|0|108|1|104|
13|248|256|0|108|1|104|
13|248|240|0|108|1|104|
13|251|256|0|109|1|106|
13|248|256|0|108|1|104|
13|246|240|0|108|1|104|
13|245|256|0|107|1|102|
13|245|240|0|107|1|104|
13|246|256|0|108|1|104|
13|248|240|0|108|1|104|
13|248|240|0|108|1|104|
13|249|240|0|109|1|106|
13|245|240|0|107|1|104|
13|248|240|0|108|1|104|
13|245|240|0|107|1|102|
13|246|240|0|108|1|104|
13|249|240|0|109|1|104|
13|248|240|0|108|1|102|
13|248|240|0|108|1|104|
13|250|224|0|109|1|104|
13|246|256|0|108|1|104|
13|247|240|0|108|1|104|
13|246|240|0|108|1|104|
13|246|256|0|108|1|104|
13|245|240|0|107|1|102|
13|588|592|0|185|1|132|
13|248|240|0|108|1|104|
13|246|240|0|108|1|104|
13|246|240|0|108|1|104|
13|248|256|0|108|1|104|
13|245|224|0|107|1|104|
13|246|240|0|108|1|104|
13|245|240|0|107|1|102|
13|246|240|0|108|1|104|
13|246|240|0|108|1|102|
13|246|256|0|108|1|104|
13|246|240|0|108|1|104|
13|245|240|0|107|1|102|
13|249|256|0|109|1|104|
13|248|256|0|108|1|104|
13|246|240|0|108|1|104|
13|246|256|0|108|1|104|
13|246|240|0|108|1|104|
13|245|256|0|108|1|102|
13|249|256|0|109|1|106|
13|246|240|0|108|1|104|
13|245|240|0|107|1|102|
13|246|240|0|108|1|102|
13|245|240|0|107|1|104|
13|246|240|0|108|1|104|
13|248|240|0|108|1|104|
13|246|240|0|108|1|104|
13|245|240|0|107|1|104|
13|246|256|0|108|1|104|
13|246|256|0|108|1|104|
13|245|240|0|107|1|102|
13|246|240|0|108|1|104|
13|246|256|0|108|1|102|
13|248|256|0|108|1|104|
13|246|240|0|108|1|104|
13|249|256|0|109|1|106|
13|248|240|0|108|1|104|
13|246|256|0|108|1|104|
13|248|256|0|108|1|104|
13|246|256|0|108|1|104|
13|246|240|0|108|1|104|
13|245|240|0|107|1|102|
13|245|256|0|107|1|102|
13|246|240|0|108|1|104|
13|246|256|0|108|1|104|
13|245|256|0|107|1|104|
13|248|240|0|108|1|104|
13|246|240|0|108|1|104|
13|251|256|0|109|1|106|
13|248|240|0|108|1|104|
13|245|256|0|107|1|104|
13|246|256|0|108|1|104|
13|249|240|0|109|1|106|
13|246|240|0|108|1|104|
13|251|240|0|109|1|104|
13|247|256|0|108|1|106|
13|247|256|0|108|1|106|
13|246|240|0|108|1|104|
13|249|240|0|109|1|106|
13|245|240|0|107|1|102|
13|246|240|0|108|1|104|
13|246|256|0|108|1|104|
13|248|256|0|108|1|102|
13|254|240|0|110|1|104|
13|245|240|0|107|1|102|
13|250|240|0|109|1|104|
13|246|256|0|108|1|102|
13|245|256|0|107|1|104|
13|247|256|0|108|1|106|
13|246|240|0|108|1|104|
13|245|240|0|107|1|102|
13|245|240|0|107|1|102|
13|246|256|0|108|1|104|
13|247|240|0|108|1|106|
13|246|256|0|108|1|104|
13|246|240|0|108|1|104|
13|246|240|0|108|1|104|
13|246|256|0|108|1|104|
13|246|256|0|108|1|104|
13|245|240|0|107|1|102|
13|245|240|0|107|1|104|
13|248|256|0|108|1|104|
13|245|256|0|107|1|102|
13|246|256|0|108|1|104|
13|246|240|0|108|1|102|
13|247|256|0|108|1|104|
13|246|240|0|108|1|104|
13|246|240|0|108|1|104|
13|246|240|0|108|1|104|
13|245|240|0|107|1|104|
13|251|240|0|109|1|106|
13|245|256|0|107|1|102|
13|246|240|0|108|1|104|
13|246|240|0|108|1|104|
13|246|240|0|108|1|104|
13|248|256|0|108|1|104|
13|248|256|0|108|1|104|
13|245|240|0|107|1|104|
13|249|240|0|109|1|104|
13|245|240|0|107|1|102|
13|246|240|0|108|1|104|
13|245|224|0|107|1|102|
13|246|256|0|108|1|104|
13|246|240|0|108|1|104|
13|249|240|0|109|1|106|
13|246|240|0|108|1|104|
13|246|240|0|108|1|104|
13|246|240|0|108|1|104|
13|246|256|0|108|1|104|
13|246|240|0|108|1|104|
13|248|240|0|108|1|104|
13|245|256|0|107|1|104|
13|466|480|0|181|1|128|
13|246|240|0|108|1|104|
13|245|240|0|107|1|102|
13|246|240|0|108|1|104|
13|246|256|0|108|1|104|
13|245|240|0|107|1|102|
13|247|256|0|108|1|106|
13|247|240|0|108|1|104|
13|246|240|0|108|1|104|
13|248|240|0|108|1|104|
13|246|240|0|108|1|104|
13|249|256|0|109|1|106|
13|245|240|0|107|1|104|
13|246|256|0|108|1|104|
13|246|256|0|108|1|104|
13|248|240|0|108|1|104|
13|249|240|0|109|1|104|
13|249|240|0|109|1|104|
13|246|240|0|108|1|104|
13|250|240|0|109|1|104|
13|246|240|0|108|1|102|
13|251|256|0|109|1|104|
13|245|240|0|107|1|102|
13|247|256|0|108|1|106|
13|246|240|0|108|1|104|
13|247|256|0|108|1|106|
13|247|256|0|108|1|104|
13|245|240|0|107|1|102|
13|249|256|0|109|1|106|
13|246|240|0|108|1|104|
13|246|256|0|108|1|104|
13|246|256|0|108|1|104|
13|247|240|0|108|1|106|
13|245|256|0|107|1|102|
13|249|256|0|109|1|104|
13|246|240|0|108|1|104|
13|249|240|0|109|1|106|
13|245|240|0|107|1|102|
13|248|240|0|108|1|104|
13|246|240|0|108|1|104|
13|247|256|0|108|1|106|
13|246|240|0|108|1|104|
13|246|256|0|108|1|104|
13|246|256|0|108|1|104|
13|246|240|0|108|1|104|
13|251|240|0|109|1|106|
13|246|240|0|108|1|104|
13|246|240|0|108|1|104|
13|246|256|0|108|1|104|
13|248|240|0|108|1|104|
13|246|240|0|108|1|104|
13|246|256|0|108|1|104|
13|246|256|0|108|1|104|
13|246|256|0|108|1|104|
13|245|256|0|107|1|102|
13|250|256|0|109|1|104|
13|245|240|0|107|1|102|
13|248|256|0|108|1|104|
13|249|256|0|109|1|106|
13|248|240|0|108|1|104|
13|248|240|0|108|1|104|
13|334|336|0|137|1|128|
13|251|240|0|109|1|106|
13|246|240|0|108|1|104|
13|245|224|0|107|1|102|
13|282|256|0|316|1|39|
13|274|208|0|117|1|114|
13|551|400|0|181|1|128|
13|278|192|0|118|1|116|
13|263|224|0|113|1|108|
13|260|208|0|112|1|108|
13|247|240|0|108|1|104|
13|244|256|0|107|1|104|
13|248|256|0|108|1|102|
13|263|240|0|113|1|108|
13|267|208|0|115|1|112|
13|254|224|0|110|1|108|
13|274|192|0|117|1|114|
13|286|208|0|121|1|116|
13|288|208|0|122|1|118|
13|285|192|0|121|1|118|
13|288|176|0|122|1|116|
13|283|208|0|120|1|116|
13|288|208|0|122|1|118|
13|289|208|0|122|1|120|
13|286|208|0|121|1|116|
13|248|240|0|108|1|104|
13|246|240|0|108|1|104|
13|247|240|0|108|1|104|
13|245|256|0|107|1|104|
13|245|240|0|107|1|102|
13|246|240|0|108|1|104|
13|246|256|0|108|1|104|
13|245|240|0|107|1|104|
13|245|256|0|107|1|104|
13|246|256|0|108|1|104|
13|250|256|0|109|1|104|
13|249|240|0|109|1|106|
13|245|240|0|107|1|104|
13|248|256|0|108|1|104|
13|245|256|0|107|1|102|
13|446|432|0|174|1|132|
13|245|240|0|107|1|102|
13|248|240|0|108|1|104|
13|246|256|0|108|1|104|
13|246|240|0|108|1|104|
13|245|240|0|107|1|104|
13|247|256|0|108|1|106|
13|249|240|0|109|1|106|
13|249|256|0|109|1|106|
13|248|240|0|108|1|104|
13|248|240|0|108|1|104|
13|249|256|0|109|1|106|
13|248|240|0|108|1|104|
13|246|240|0|108|1|104|
13|249|240|0|109|1|106|
13|246|240|0|108|1|104|
