INSTRUCTIONS_RETIRED|CYCLES|UNKNOWN|LD_BLOCKS.STORE_FORWARD|UOPS_EXECUTED.CORE|BR_MISP_RETIRED.ALL_BRANCHES|UOPS_ISSUED.SLOW_LEA|
13|299|208|0|126|1|120|
13|242|240|0|107|1|102|
13|243|256|0|108|1|104|
13|244|240|0|108|1|106|
13|244|240|0|108|1|106|
13|242|256|0|107|1|104|
13|244|256|0|108|1|106|
13|242|224|0|107|1|102|
13|261|256|0|294|1|33|
13|890|752|0|184|1|142|
13|282|224|0|121|1|116|
13|262|208|0|114|1|112|
13|299|320|0|210|1|31|
13|409|432|0|163|1|130|
13|249|224|0|110|1|106|
13|242|240|0|107|1|104|
13|243|256|0|108|1|104|
13|245|240|0|108|1|104|
13|243|240|0|108|1|104|
13|246|256|0|109|1|106|
13|245|240|0|108|1|104|
13|243|240|0|108|1|104|
13|244|240|0|108|1|106|
13|242|240|0|107|1|102|
13|243|240|0|108|1|104|
13|288|272|0|120|1|114|
13|331|272|0|137|1|128|
13|256|208|0|112|1|106|
13|245|240|0|108|1|104|
13|244|240|0|108|1|104|
13|243|240|0|108|1|104|
13|244|256|0|108|1|106|
13|243|240|0|108|1|104|
13|242|256|0|107|1|104|
13|243|240|0|108|1|104|
13|246|240|0|109|1|106|
13|243|240|0|108|1|104|
13|335|352|0|138|1|132|
13|243|256|0|108|1|104|
13|243|240|0|108|1|104|
13|243|224|0|108|1|104|
13|242|240|0|107|1|102|
13|243|240|0|108|1|104|
13|243|240|0|108|1|102|
13|243|256|0|108|1|104|
13|243|256|0|108|1|104|
13|242|240|0|107|1|104|
13|246|240|0|109|1|104|
13|244|240|0|108|1|106|
13|242|240|0|107|1|102|
13|246|240|0|109|1|106|
13|245|256|0|108|1|104|
13|242|240|0|107|1|104|
13|243|256|0|108|1|104|
13|243|256|0|108|1|104|
13|243|240|0|108|1|104|
13|243|256|0|108|1|104|
13|243|240|0|108|1|104|
13|243|256|0|108|1|104|
13|242|240|0|107|1|102|
13|243|224|0|108|1|104|
13|243|240|0|108|1|104|
13|243|240|0|108|1|104|
13|353|368|0|144|1|128|
13|242|240|0|107|1|102|
13|242|240|0|107|1|104|
13|440|432|0|173|1|130|
13|242|240|0|107|1|102|
13|243|240|0|108|1|104|
13|245|256|0|108|1|102|
13|243|240|0|108|1|104|
13|247|256|0|109|1|104|
13|243|240|0|108|1|104|
13|247|256|0|109|1|106|
13|243|256|0|108|1|104|
13|243|240|0|108|1|104|
13|242|240|0|107|1|102|
13|243|240|0|108|1|104|
13|245|240|0|108|1|104|
13|242|224|0|107|1|102|
13|243|240|0|108|1|104|
13|246|240|0|109|1|106|
13|243|240|0|108|1|102|
13|242|240|0|107|1|102|
13|243|240|0|108|1|104|
13|242|224|0|107|1|102|
13|245|240|0|108|1|104|
13|245|240|0|108|1|102|
13|243|256|0|108|1|104|
13|245|240|0|108|1|104|
13|243|240|0|108|1|104|
13|243|240|0|108|1|102|
13|243|240|0|108|1|104|
13|246|240|0|109|1|106|
13|248|256|0|109|1|106|
13|245|256|0|108|1|104|
13|242|240|0|107|1|102|
13|315|320|0|132|1|128|
13|246|240|0|109|1|106|
13|243|224|0|108|1|104|
13|267|256|0|112|1|108|
13|243|256|0|108|1|104|
13|427|432|0|169|1|128|
13|243|240|0|108|1|104|
13|242|240|0|107|1|104|
13|243|224|0|108|1|104|
13|243|256|0|108|1|104|
13|243|224|0|108|1|104|
13|243|240|0|108|1|104|
13|245|240|0|108|1|104|
13|244|240|0|108|1|106|
13|246|256|0|109|1|106|
13|243|240|0|108|1|104|
13|242|256|0|107|1|104|
13|246|240|0|109|1|104|
13|415|416|0|165|1|132|
13|243|240|0|108|1|104|
13|245|240|0|108|1|104|
13|285|288|0|118|1|112|
13|243|256|0|108|1|104|
13|246|256|0|109|1|106|
13|245|240|0|108|1|104|
13|242|240|0|107|1|102|
13|246|256|0|109|1|104|
13|242|224|0|107|1|102|
13|242|240|0|107|1|102|
13|245|240|0|108|1|104|
13|242|240|0|107|1|102|
13|243|240|0|108|1|104|
13|245|240|0|108|1|104|
13|245|256|0|108|1|104|
13|243|256|0|108|1|102|
13|245|256|0|108|1|104|
13|246|256|0|109|1|106|
13|242|240|0|107|1|102|
13|244|240|0|108|1|104|
13|292|288|0|285|1|27|
13|243|240|0|108|1|104|
13|243|240|0|108|1|104|
13|243|256|0|108|1|104|
13|244|240|0|108|1|104|
13|243|256|0|108|1|102|
13|242|240|0|107|1|102|
13|246|240|0|109|1|106|
13|242|256|0|107|1|102|
13|243|256|0|108|1|102|
13|245|224|0|108|1|104|
13|242|256|0|107|1|102|
13|242|256|0|107|1|102|
13|242|240|0|107|1|104|
13|243|240|0|108|1|104|
13|243|240|0|108|1|104|
13|247|256|0|109|1|104|
13|245|240|0|108|1|104|
13|248|240|0|109|1|104|
13|243|240|0|108|1|104|
13|245|240|0|108|1|104|
13|245|240|0|108|1|104|
13|246|256|0|109|1|104|
13|245|224|0|108|1|104|
13|242|240|0|107|1|102|
13|243|240|0|108|1|104|
13|243|240|0|108|1|104|
13|242|224|0|107|1|104|
13|245|256|0|108|1|104|
13|241|240|0|107|1|104|
13|246|240|0|109|1|106|
13|248|240|0|109|1|104|
13|243|240|0|108|1|104|
13|245|240|0|108|1|104|
13|243|224|0|108|1|104|
13|244|224|0|108|1|106|
13|245|240|0|108|1|104|
13|243|240|0|108|1|104|
13|247|256|0|109|1|104|
13|329|336|0|136|1|128|
13|246|256|0|109|1|104|
13|243|256|0|108|1|104|
13|245|256|0|108|1|104|
13|243|240|0|108|1|104|
13|242|240|0|107|1|102|
13|241|240|0|107|1|104|
13|242|240|0|107|1|102|
13|243|240|0|108|1|104|
13|243|240|0|108|1|104|
13|243|240|0|107|1|104|
13|243|240|0|108|1|104|
13|243|240|0|108|1|104|
13|243|240|0|108|1|104|
13|243|240|0|108|1|104|
13|244|240|0|108|1|104|
13|243|256|0|108|1|104|
13|245|240|0|108|1|104|
13|246|240|0|109|1|104|
13|245|256|0|108|1|104|
13|243|240|0|108|1|104|
13|243|240|0|108|1|104|
13|246|256|0|109|1|106|
13|243|256|0|108|1|102|
13|246|240|0|109|1|104|
13|243|240|0|108|1|104|
13|247|240|0|109|1|104|
13|243|240|0|108|1|104|
13|246|256|0|109|1|104|
13|242|224|0|107|1|102|
13|243|240|0|108|1|104|
13|245|256|0|108|1|104|
13|246|256|0|109|1|106|
13|245|240|0|108|1|104|
13|245|240|0|108|1|104|
13|243|240|0|108|1|104|
13|244|256|0|108|1|104|
13|246|256|0|109|1|104|
13|243|256|0|108|1|104|
13|243|240|0|108|1|104|
13|243|240|0|108|1|104|
13|243|256|0|108|1|104|
13|246|240|0|109|1|106|
13|245|240|0|108|1|104|
13|244|240|0|108|1|106|
13|243|240|0|108|1|102|
13|243|256|0|108|1|102|
13|245|240|0|108|1|104|
13|243|240|0|108|1|104|
13|243|240|0|108|1|104|
13|245|256|0|108|1|104|
13|245|256|0|108|1|104|
13|243|240|0|108|1|104|
13|246|224|0|109|1|106|
13|248|256|0|109|1|104|
13|246|240|0|109|1|104|
13|245|240|0|108|1|104|
13|243|240|0|108|1|104|
13|246|256|0|109|1|104|
13|263|272|0|113|1|106|
13|242|224|0|107|1|102|
13|243|240|0|108|1|104|
13|243|240|0|108|1|104|
13|243|224|0|108|1|104|
13|242|240|0|107|1|102|
13|242|240|0|107|1|102|
13|243|240|0|108|1|104|
13|243|256|0|108|1|104|
13|242|240|0|107|1|104|
13|243|256|0|108|1|104|
13|245|240|0|108|1|104|
13|244|256|0|108|1|106|
13|275|288|0|329|1|30|
13|242|240|0|107|1|102|
13|245|256|0|108|1|104|
13|246|256|0|109|1|106|
13|243|240|0|108|1|102|
13|243|256|0|108|1|104|
13|245|240|0|108|1|104|
13|245|240|0|108|1|104|
13|245|240|0|108|1|104|
13|245|256|0|108|1|104|
13|242|224|0|107|1|102|
13|245|256|0|108|1|104|
13|243|240|0|108|1|104|
13|242|256|0|107|1|102|
13|226|208|0|59|0|4|
13|243|240|0|108|1|104|
13|243|240|0|108|1|104|
13|245|240|0|108|1|104|
13|242|256|0|107|1|104|
13|285|288|0|122|1|116|
13|243|256|0|108|1|104|
13|242|224|0|107|1|102|
13|246|240|0|109|1|104|
13|278|272|0|119|1|116|
13|243|240|0|108|1|104|
13|243|240|0|108|1|104|
13|246|240|0|109|1|106|
13|242|256|0|107|1|104|
13|242|240|0|107|1|102|
13|244|240|0|108|1|106|
13|243|240|0|108|1|104|
13|243|256|0|108|1|104|
13|243|240|0|108|1|102|
13|245|256|0|108|1|104|
13|243|240|0|108|1|104|
13|243|240|0|108|1|104|
13|242|240|0|107|1|104|
13|243|240|0|108|1|104|
13|245|240|0|108|1|104|
13|243|256|0|108|1|104|
13|242|256|0|107|1|104|
13|243|240|0|108|1|104|
13|243|240|0|108|1|104|
13|245|240|0|108|1|104|
13|627|624|0|181|1|128|
13|245|240|0|108|1|104|
13|243|240|0|108|1|104|
13|246|240|0|109|1|106|
13|245|256|0|108|1|104|
13|247|240|0|109|1|106|
13|245|240|0|108|1|104|
13|247|256|0|109|1|104|
13|242|240|0|107|1|102|
13|290|288|0|123|1|118|
13|242|240|0|107|1|104|
13|243|240|0|108|1|104|
13|243|256|0|108|1|104|
13|242|256|0|107|1|102|
13|244|240|0|108|1|106|
13|247|240|0|109|1|104|
13|247|256|0|109|1|104|
13|245|240|0|108|1|104|
13|245|256|0|108|1|104|
13|248|256|0|109|1|104|
13|246|240|0|109|1|106|
13|245|256|0|108|1|104|
13|246|240|0|109|1|106|
13|243|240|0|108|1|104|
13|244|240|0|108|1|104|
13|242|256|0|107|1|102|
13|248|240|0|109|1|106|
13|243|240|0|108|1|102|
13|366|368|0|219|1|60|
13|243|256|0|108|1|104|
13|242|240|0|107|1|102|
13|242|256|0|107|1|102|
13|245|240|0|108|1|104|
13|243|256|0|108|1|104|
13|246|256|0|109|1|106|
13|243|256|0|108|1|104|
13|245|256|0|108|1|104|
13|242|256|0|107|1|104|
13|243|224|0|108|1|104|
13|350|352|0|143|1|130|
13|243|240|0|108|1|104|
13|244|240|0|108|1|104|
13|242|240|0|107|1|102|
13|244|256|0|108|1|106|
13|243|240|0|108|1|104|
13|243|240|0|108|1|104|
13|242|240|0|107|1|104|
13|243|240|0|108|1|104|
13|243|256|0|108|1|104|
13|242|240|0|107|1|102|
13|246|240|0|109|1|104|
13|243|240|0|108|1|104|
13|246|240|0|109|1|106|
13|245|240|0|108|1|104|
13|245|240|0|108|1|104|
13|243|240|0|108|1|104|
13|245|240|0|108|1|104|
13|243|240|0|108|1|104|
13|242|240|0|107|1|102|
13|243|240|0|108|1|104|
13|262|256|0|114|1|112|
13|245|240|0|108|1|104|
13|246|240|0|109|1|106|
13|243|256|0|108|1|104|
13|244|240|0|108|1|104|
13|243|240|0|108|1|104|
13|243|256|0|108|1|104|
13|243|240|0|108|1|104|
13|248|256|0|109|1|104|
13|246|240|0|109|1|106|
13|245|240|0|108|1|104|
13|247|240|0|109|1|104|
13|245|240|0|108|1|104|
13|245|240|0|108|1|102|
13|248|240|0|109|1|106|
13|243|240|0|108|1|104|
13|374|368|0|151|1|128|
13|242|240|0|107|1|102|
13|243|256|0|108|1|104|
13|243|240|0|108|1|104|
13|243|240|0|108|1|104|
13|243|240|0|108|1|104|
13|244|256|0|108|1|104|
13|243|256|0|108|1|104|
13|245|240|0|108|1|104|
13|243|256|0|108|1|104|
13|243|224|0|108|1|102|
13|246|240|0|109|1|106|
13|245|240|0|108|1|104|
13|245|256|0|108|1|104|
13|246|240|0|109|1|104|
13|242|240|0|107|1|102|
13|242|256|0|107|1|102|
13|243|240|0|108|1|104|
13|243|256|0|108|1|104|
13|245|240|0|108|1|104|
13|243|256|0|108|1|104|
13|243|256|0|108|1|104|
13|243|256|0|108|1|104|
13|244|240|0|108|1|104|
13|243|256|0|108|1|104|
13|244|240|0|108|1|106|
13|243|240|0|108|1|104|
13|242|224|0|107|1|104|
13|244|240|0|108|1|106|
13|243|240|0|108|1|104|
13|243|240|0|108|1|104|
13|243|256|0|108|1|102|
13|246|256|0|109|1|106|
13|242|256|0|107|1|102|
13|243|256|0|108|1|104|
13|242|240|0|107|1|102|
13|243|240|0|108|1|104|
13|246|240|0|109|1|104|
13|242|240|0|107|1|102|
13|242|240|0|107|1|102|
13|244|240|0|108|1|106|
13|244|240|0|108|1|104|
13|243|256|0|108|1|104|
13|245|256|0|108|1|104|
13|243|240|0|108|1|104|
13|244|256|0|108|1|104|
13|243|240|0|108|1|104|
13|246|240|0|109|1|106|
13|245|240|0|108|1|104|
13|245|256|0|108|1|104|
13|246|240|0|109|1|104|
13|246|240|0|109|1|106|
13|243|240|0|108|1|104|
13|257|272|0|142|1|57|
13|304|240|0|276|1|36|
13|343|240|0|224|1|70|
13|283|208|0|121|1|116|
13|282|208|0|121|1|116|
13|278|208|0|119|1|116|
13|258|224|0|113|1|108|
13|253|208|0|111|1|108|
13|255|224|0|112|1|108|
13|242|224|0|107|1|102|
13|242|224|0|107|1|104|
13|246|240|0|109|1|106|
13|243|256|0|108|1|104|
13|242|224|0|107|1|102|
13|246|240|0|109|1|104|
13|247|240|0|109|1|104|
13|317|320|0|132|1|128|
13|243|224|0|108|1|104|
13|246|256|0|109|1|106|
13|246|256|0|109|1|104|
13|245|240|0|108|1|104|
13|247|240|0|109|1|104|
13|245|240|0|108|1|104|
13|244|240|0|108|1|104|
13|243|256|0|108|1|104|
13|252|256|0|111|1|106|
13|243|224|0|108|1|104|
13|245|240|0|108|1|104|
13|243|240|0|108|1|102|
13|244|256|0|108|1|106|
13|361|368|0|147|1|128|
13|242|224|0|107|1|102|
13|246|240|0|109|1|104|
13|243|256|0|108|1|104|
13|245|240|0|108|1|104|
13|245|256|0|108|1|104|
13|243|256|0|108|1|102|
13|245|256|0|108|1|104|
13|242|224|0|107|1|102|
13|243|240|0|108|1|104|
13|243|240|0|108|1|104|
13|242|256|0|107|1|104|
13|243|240|0|108|1|104|
13|242|240|0|107|1|102|
13|243|256|0|108|1|104|
13|242|240|0|107|1|104|
13|243|224|0|108|1|104|
13|243|240|0|108|1|104|
13|243|240|0|108|1|104|
13|242|240|0|107|1|104|
13|244|256|0|108|1|104|
13|243|240|0|108|1|104|
13|243|256|0|108|1|104|
13|242|256|0|107|1|104|
13|242|240|0|107|1|104|
13|245|240|0|108|1|104|
13|245|256|0|108|1|104|
13|243|240|0|108|1|104|
13|243|240|0|108|1|104|
13|246|240|0|109|1|106|
13|243|256|0|108|1|104|
13|245|256|0|108|1|104|
13|245|240|0|108|1|104|
13|245|240|0|108|1|104|
13|245|240|0|108|1|104|
13|247|256|0|109|1|104|
13|245|256|0|108|1|104|
13|246|256|0|109|1|104|
13|243|256|0|108|1|104|
13|246|256|0|109|1|106|
13|242|256|0|107|1|102|
13|244|256|0|108|1|104|
13|243|256|0|108|1|104|
13|242|240|0|107|1|102|
13|244|240|0|108|1|106|
13|242|240|0|107|1|104|
13|246|240|0|109|1|104|
13|245|256|0|108|1|104|
13|350|352|0|143|1|130|
13|255|240|0|112|1|108|
13|246|240|0|109|1|106|
13|245|240|0|108|1|104|
13|245|240|0|108|1|104|
13|243|240|0|108|1|104|
13|246|240|0|109|1|104|
13|242|240|0|107|1|102|
13|266|272|0|115|1|110|
13|251|256|0|110|1|104|
13|456|352|0|179|1|128|
13|271|208|0|117|1|112|
13|243|240|0|108|1|104|
13|245|240|0|108|1|104|
13|243|240|0|108|1|102|
13|244|240|0|108|1|104|
13|243|240|0|108|1|104|
13|243|240|0|108|1|104|
13|244|240|0|108|1|106|
13|246|256|0|109|1|104|
13|245|240|0|108|1|104|
13|243|240|0|108|1|104|
13|246|256|0|109|1|106|
13|242|240|0|107|1|102|
13|252|224|0|111|1|106|
13|243|240|0|108|1|102|
13|243|240|0|108|1|104|
13|245|256|0|108|1|104|
13|243|240|0|108|1|102|
13|246|240|0|109|1|106|
13|244|256|0|108|1|106|
13|243|240|0|108|1|104|
13|245|256|0|108|1|104|
13|243|240|0|108|1|104|
13|243|256|0|108|1|104|
13|243|256|0|108|1|104|
13|243|240|0|108|1|104|
13|242|240|0|107|1|104|
13|247|240|0|109|1|104|
13|243|240|0|108|1|104|
13|243|240|0|108|1|104|
13|243|240|0|108|1|104|
13|243|224|0|108|1|104|
13|243|240|0|108|1|104|
13|244|256|0|108|1|106|
13|243|256|0|108|1|102|
13|256|256|0|109|1|104|
13|248|240|0|109|1|106|
13|243|256|0|108|1|104|
13|243|240|0|108|1|104|
13|243|256|0|108|1|104|
13|245|240|0|108|1|104|
13|242|256|0|107|1|102|
13|243|240|0|108|1|104|
13|242|224|0|107|1|102|
13|246|240|0|109|1|106|
13|242|240|0|107|1|102|
13|242|240|0|107|1|102|
13|242|256|0|107|1|102|
13|242|256|0|107|1|102|
13|245|240|0|108|1|104|
13|243|240|0|108|1|104|
13|243|256|0|108|1|104|
13|242|240|0|107|1|102|
13|244|240|0|108|1|104|
13|244|240|0|108|1|106|
13|243|240|0|108|1|104|
13|242|240|0|107|1|102|
13|246|240|0|109|1|104|
13|245|240|0|108|1|104|
13|243|240|0|108|1|104|
13|247|240|0|109|1|104|
13|242|224|0|107|1|104|
13|244|240|0|108|1|104|
13|244|256|0|108|1|106|
13|243|240|0|108|1|104|
13|245|256|0|108|1|102|
13|243|256|0|108|1|104|
13|244|240|0|108|1|106|
13|243|256|0|108|1|104|
13|245|240|0|108|1|104|
13|246|256|0|109|1|106|
13|246|240|0|109|1|106|
13|246|240|0|109|1|104|
13|243|240|0|108|1|104|
13|243|224|0|108|1|102|
13|242|224|0|107|1|104|
13|244|256|0|108|1|106|
13|243|240|0|108|1|104|
13|246|256|0|109|1|104|
13|242|240|0|107|1|104|
13|246|240|0|109|1|106|
13|242|240|0|107|1|104|
13|242|256|0|107|1|102|
13|243|256|0|108|1|104|
13|245|224|0|108|1|104|
13|243|256|0|108|1|104|
13|243|240|0|108|1|104|
13|245|224|0|108|1|104|
13|246|256|0|109|1|104|
13|243|224|0|108|1|104|
13|244|240|0|108|1|106|
13|245|256|0|108|1|104|
13|245|240|0|108|1|104|
13|245|256|0|108|1|104|
13|247|256|0|109|1|104|
13|246|224|0|109|1|106|
13|245|256|0|108|1|102|
13|243|240|0|108|1|104|
13|246|240|0|109|1|106|
13|242|256|0|107|1|102|
13|245|240|0|108|1|104|
13|242|240|0|107|1|104|
13|246|240|0|109|1|106|
13|247|256|0|109|1|104|
13|245|240|0|108|1|104|
13|359|352|0|146|1|128|
13|248|240|0|109|1|104|
13|245|256|0|108|1|104|
13|247|256|0|109|1|104|
13|247|240|0|109|1|104|
13|243|240|0|108|1|102|
13|247|256|0|109|1|104|
13|246|240|0|109|1|106|
13|245|240|0|108|1|104|
13|243|256|0|108|1|104|
13|243|240|0|108|1|104|
13|243|256|0|108|1|104|
13|243|240|0|108|1|104|
13|243|240|0|108|1|104|
13|243|240|0|108|1|102|
13|243|240|0|108|1|104|
13|242|240|0|107|1|102|
13|242|240|0|107|1|102|
13|243|240|0|108|1|104|
13|243|240|0|108|1|104|
13|248|256|0|109|1|106|
13|243|240|0|108|1|104|
13|243|240|0|108|1|104|
13|243|256|0|108|1|104|
13|245|256|0|108|1|104|
13|245|256|0|108|1|104|
13|247|256|0|109|1|104|
13|246|256|0|109|1|104|
13|243|240|0|108|1|104|
13|245|240|0|108|1|104|
13|242|224|0|107|1|102|
13|243|224|0|108|1|102|
13|243|240|0|108|1|102|
13|243|256|0|108|1|104|
13|242|240|0|107|1|102|
13|245|240|0|108|1|104|
13|243|256|0|108|1|104|
13|243|240|0|108|1|104|
13|245|256|0|108|1|104|
13|242|256|0|107|1|102|
13|245|240|0|108|1|104|
13|243|256|0|108|1|104|
13|245|240|0|108|1|104|
13|243|240|0|108|1|104|
13|246|240|0|109|1|104|
13|243|256|0|108|1|104|
13|245|240|0|108|1|104|
13|243|240|0|108|1|104|
13|243|240|0|108|1|104|
13|243|240|0|108|1|104|
13|242|240|0|107|1|102|
13|243|240|0|108|1|104|
13|243|240|0|108|1|104|
13|250|224|0|110|1|104|
13|243|240|0|108|1|102|
13|242|224|0|107|1|102|
13|243|256|0|108|1|104|
13|243|240|0|108|1|102|
13|243|256|0|108|1|104|
13|245|256|0|108|1|104|
13|243|256|0|108|1|104|
13|245|256|0|108|1|104|
13|243|240|0|108|1|102|
13|242|240|0|107|1|102|
13|243|256|0|108|1|104|
13|246|240|0|109|1|106|
13|259|272|0|170|1|53|
13|262|224|0|114|1|112|
13|243|256|0|108|1|104|
13|243|224|0|108|1|104|
13|244|256|0|108|1|104|
13|243|240|0|108|1|104|
13|242|224|0|107|1|102|
13|243|240|0|108|1|104|
13|245|240|0|108|1|104|
13|243|256|0|108|1|102|
13|243|240|0|108|1|104|
13|244|240|0|108|1|106|
13|245|240|0|108|1|104|
13|245|256|0|108|1|104|
13|243|240|0|108|1|104|
13|243|240|0|108|1|104|
13|243|224|0|108|1|104|
13|243|224|0|108|1|104|
13|242|256|0|107|1|102|
13|242|224|0|107|1|102|
13|242|240|0|107|1|102|
13|243|240|0|108|1|104|
13|242|256|0|107|1|104|
13|243|240|0|108|1|104|
13|243|240|0|108|1|104|
13|243|224|0|108|1|104|
13|242|240|0|107|1|104|
13|244|240|0|108|1|104|
13|243|256|0|108|1|104|
13|243|240|0|108|1|104|
13|243|240|0|108|1|104|
13|243|224|0|108|1|104|
13|243|240|0|108|1|104|
13|242|240|0|107|1|102|
13|243|240|0|108|1|104|
13|243|240|0|108|1|102|
13|246|240|0|109|1|106|
13|243|240|0|108|1|104|
13|245|256|0|108|1|104|
13|243|224|0|108|1|104|
13|246|256|0|109|1|104|
13|245|256|0|108|1|104|
13|245|256|0|108|1|104|
13|245|256|0|108|1|104|
13|246|240|0|109|1|104|
13|245|240|0|108|1|104|
13|245|240|0|108|1|104|
13|245|240|0|108|1|104|
13|242|256|0|107|1|102|
13|247|240|0|109|1|104|
13|246|256|0|109|1|106|
13|257|272|0|112|1|108|
13|246|256|0|109|1|106|
13|243|240|0|108|1|104|
13|245|240|0|108|1|104|
13|244|256|0|108|1|106|
13|243|240|0|108|1|104|
13|244|240|0|108|1|106|
13|243|256|0|108|1|104|
13|243|240|0|108|1|104|
13|246|256|0|109|1|106|
13|245|256|0|108|1|104|
13|243|240|0|108|1|102|
13|245|240|0|108|1|104|
13|242|240|0|107|1|102|
13|243|240|0|108|1|104|
13|243|240|0|108|1|104|
13|243|240|0|108|1|104|
13|243|256|0|108|1|104|
13|242|256|0|107|1|102|
13|242|240|0|107|1|104|
13|244|240|0|108|1|106|
13|243|256|0|108|1|104|
13|243|240|0|108|1|104|
13|242|224|0|107|1|104|
13|242|240|0|107|1|104|
13|245|240|0|108|1|104|
13|246|240|0|109|1|106|
13|244|240|0|108|1|104|
13|243|224|0|108|1|104|
13|243|240|0|108|1|104|
13|243|256|0|108|1|104|
13|242|240|0|107|1|102|
13|243|240|0|108|1|104|
13|242|240|0|107|1|104|
13|243|240|0|108|1|104|
13|243|240|0|108|1|104|
13|243|240|0|108|1|104|
13|246|256|0|109|1|104|
13|243|240|0|108|1|104|
13|242|256|0|107|1|102|
13|245|224|0|108|1|104|
13|243|256|0|108|1|104|
13|243|240|0|108|1|104|
13|243|240|0|108|1|104|
13|243|240|0|108|1|104|
13|243|240|0|108|1|104|
13|243|240|0|108|1|102|
13|243|240|0|108|1|104|
13|243|256|0|108|1|104|
13|246|240|0|109|1|106|
13|242|240|0|107|1|104|
13|243|240|0|108|1|102|
13|243|240|0|108|1|104|
13|243|240|0|108|1|104|
13|243|256|0|108|1|104|
13|245|240|0|108|1|104|
13|243|256|0|108|1|104|
13|246|240|0|109|1|106|
13|243|256|0|108|1|104|
13|245|256|0|108|1|102|
13|242|240|0|107|1|102|
13|243|240|0|108|1|104|
13|242|240|0|107|1|102|
13|245|256|0|108|1|104|
13|243|240|0|108|1|104|
13|242|256|0|107|1|102|
13|243|240|0|108|1|104|
13|242|240|0|107|1|102|
13|243|240|0|108|1|102|
13|242|240|0|107|1|104|
13|243|224|0|108|1|104|
13|244|240|0|108|1|106|
13|242|240|0|107|1|104|
13|245|256|0|108|1|104|
13|244|256|0|108|1|106|
13|246|256|0|109|1|106|
13|247|240|0|109|1|104|
13|243|224|0|108|1|102|
13|245|256|0|108|1|104|
13|245|240|0|108|1|104|
13|245|240|0|108|1|104|
13|242|240|0|107|1|102|
13|248|256|0|109|1|104|
13|243|240|0|108|1|104|
13|245|240|0|108|1|104|
13|243|240|0|108|1|104|
13|245|240|0|108|1|104|
13|243|256|0|108|1|104|
13|243|240|0|108|1|104|
13|246|256|0|109|1|106|
13|242|240|0|107|1|104|
13|243|240|0|108|1|104|
13|243|224|0|108|1|104|
13|243|240|0|108|1|104|
13|243|240|0|108|1|104|
13|243|256|0|108|1|104|
13|243|240|0|108|1|104|
13|245|240|0|108|1|104|
13|245|240|0|108|1|104|
13|242|224|0|107|1|104|
13|245|240|0|108|1|104|
13|241|240|0|107|1|104|
13|244|240|0|108|1|106|
13|242|240|0|107|1|104|
13|246|256|0|109|1|104|
13|243|240|0|108|1|104|
13|248|256|0|109|1|106|
13|242|240|0|107|1|104|
13|245|240|0|108|1|104|
13|243|256|0|108|1|104|
13|242|256|0|107|1|102|
13|243|240|0|108|1|104|
13|250|256|0|110|1|104|
13|242|240|0|107|1|104|
13|243|240|0|108|1|104|
13|267|256|0|116|1|112|
13|246|240|0|109|1|106|
13|242|240|0|107|1|104|
13|245|240|0|108|1|104|
13|245|256|0|108|1|104|
13|243|240|0|108|1|104|
13|243|256|0|108|1|104|
13|242|240|0|107|1|104|
13|243|240|0|108|1|104|
13|242|240|0|107|1|102|
13|243|256|0|108|1|104|
13|244|240|0|108|1|104|
13|243|256|0|108|1|104|
13|242|256|0|107|1|102|
13|243|256|0|108|1|104|
13|245|256|0|108|1|104|
13|243|224|0|108|1|104|
13|246|240|0|109|1|106|
13|340|336|0|140|1|130|
13|245|240|0|108|1|102|
13|245|240|0|108|1|104|
13|244|240|0|108|1|106|
13|242|256|0|107|1|102|
13|243|240|0|108|1|104|
13|246|240|0|109|1|106|
13|245|256|0|108|1|104|
13|412|416|0|164|1|130|
13|247|240|0|109|1|104|
13|242|256|0|107|1|104|
13|244|240|0|108|1|104|
13|243|256|0|108|1|104|
13|243|240|0|108|1|104|
13|243|224|0|108|1|104|
13|244|256|0|108|1|104|
13|244|224|0|108|1|106|
13|245|256|0|108|1|104|
13|246|256|0|109|1|106|
13|242|240|0|107|1|104|
13|245|240|0|108|1|104|
13|248|240|0|109|1|106|
13|245|256|0|108|1|104|
13|247|240|0|109|1|104|
13|246|240|0|109|1|106|
13|242|256|0|107|1|102|
13|245|240|0|108|1|104|
13|242|224|0|107|1|104|
13|242|224|0|107|1|102|
13|242|240|0|107|1|102|
13|243|240|0|108|1|104|
13|243|256|0|108|1|104|
13|245|256|0|108|1|104|
13|246|240|0|109|1|106|
13|243|240|0|108|1|104|
13|245|256|0|108|1|104|
13|243|256|0|108|1|104|
13|246|256|0|109|1|106|
13|242|240|0|107|1|102|
13|246|256|0|109|1|106|
13|246|240|0|109|1|106|
13|242|256|0|107|1|102|
13|244|240|0|108|1|104|
13|246|256|0|109|1|106|
13|243|240|0|108|1|104|
13|245|240|0|108|1|104|
13|246|240|0|109|1|104|
13|247|240|0|109|1|104|
13|243|240|0|108|1|104|
13|243|240|0|108|1|104|
13|243|256|0|108|1|102|
13|243|240|0|108|1|104|
13|243|240|0|108|1|104|
13|243|256|0|108|1|104|
13|395|384|0|158|1|128|
13|242|240|0|107|1|104|
13|245|240|0|108|1|104|
13|243|240|0|108|1|104|
13|245|256|0|108|1|104|
13|244|224|0|108|1|106|
13|244|240|0|108|1|106|
13|243|256|0|108|1|104|
13|389|400|0|156|1|132|
13|245|240|0|108|1|102|
13|243|224|0|108|1|102|
13|243|240|0|108|1|104|
13|243|240|0|108|1|104|
13|243|240|0|108|1|104|
13|243|240|0|108|1|104|
13|251|240|0|110|1|104|
13|243|256|0|108|1|104|
13|246|240|0|109|1|106|
13|243|240|0|108|1|104|
13|245|240|0|108|1|104|
13|242|240|0|107|1|102|
13|247|256|0|109|1|104|
13|243|240|0|108|1|104|
13|246|256|0|109|1|104|
13|243|256|0|108|1|104|
13|243|240|0|108|1|104|
13|243|240|0|108|1|104|
13|242|256|0|107|1|104|
13|246|240|0|109|1|104|
13|243|256|0|108|1|104|
13|246|256|0|109|1|104|
13|243|240|0|108|1|104|
13|244|240|0|108|1|104|
13|243|240|0|108|1|104|
13|243|240|0|108|1|104|
13|245|256|0|108|1|104|
13|243|224|0|108|1|104|
13|243|240|0|108|1|104|
13|243|240|0|108|1|104|
13|242|224|0|107|1|102|
13|242|240|0|107|1|104|
13|242|240|0|107|1|102|
13|243|240|0|108|1|104|
13|243|224|0|108|1|104|
13|243|240|0|108|1|104|
13|242|256|0|107|1|102|
13|243|256|0|108|1|102|
13|243|256|0|108|1|104|
13|246|256|0|109|1|106|
13|243|240|0|108|1|104|
13|276|272|0|110|1|106|
13|242|240|0|107|1|102|
13|243|240|0|108|1|104|
13|243|240|0|108|1|104|
13|246|240|0|109|1|106|
13|243|224|0|108|1|104|
13|245|256|0|108|1|104|
13|243|240|0|108|1|104|
13|244|240|0|108|1|106|
13|243|240|0|108|1|104|
13|243|240|0|108|1|104|
13|243|240|0|108|1|104|
13|243|240|0|108|1|104|
13|243|240|0|108|1|104|
13|243|240|0|108|1|104|
13|243|240|0|108|1|104|
13|245|240|0|108|1|104|
13|246|240|0|109|1|104|
13|242|256|0|107|1|104|
13|245|240|0|108|1|104|
13|243|240|0|108|1|104|
13|246|240|0|109|1|104|
13|256|240|0|109|1|104|
13|243|240|0|108|1|104|
13|245|256|0|108|1|104|
13|243|224|0|108|1|104|
13|243|240|0|108|1|104|
13|243|240|0|108|1|104|
13|243|256|0|108|1|104|
13|243|224|0|108|1|104|
13|243|240|0|108|1|104|
13|242|224|0|107|1|104|
