INSTRUCTIONS_RETIRED|CYCLES|UNKNOWN|LD_BLOCKS.STORE_FORWARD|UOPS_EXECUTED.CORE|BR_MISP_RETIRED.ALL_BRANCHES|UOPS_ISSUED.SLOW_LEA|
13|297|192|0|125|1|122|
13|248|240|0|108|1|104|
13|246|256|0|108|1|102|
13|245|224|0|107|1|104|
13|246|240|0|108|1|104|
13|248|240|0|108|1|104|
13|249|256|0|109|1|106|
13|246|240|0|108|1|104|
13|245|256|0|107|1|102|
13|281|272|0|148|1|69|
13|1968|1744|0|560|1|102|
13|408|304|0|162|1|114|
13|271|224|0|116|1|114|
13|280|208|0|119|1|114|
13|274|208|0|117|1|112|
13|246|240|0|108|1|104|
13|245|240|0|107|1|104|
13|246|240|0|108|1|104|
13|245|256|0|107|1|104|
13|245|240|0|107|1|104|
13|245|256|0|107|1|102|
13|245|240|0|107|1|102|
13|246|240|0|108|1|104|
13|246|240|0|108|1|104|
13|246|256|0|108|1|104|
13|245|240|0|107|1|102|
13|245|240|0|107|1|104|
13|276|272|0|118|1|112|
13|246|256|0|108|1|104|
13|247|240|0|108|1|106|
13|247|256|0|108|1|106|
13|248|240|0|108|1|104|
13|246|240|0|108|1|104|
13|248|256|0|108|1|104|
13|246|256|0|108|1|104|
13|432|416|0|170|1|128|
13|249|256|0|109|1|104|
13|249|256|0|109|1|106|
13|249|240|0|109|1|106|
13|246|256|0|108|1|104|
13|246|240|0|109|1|104|
13|246|224|0|108|1|104|
13|246|256|0|108|1|104|
13|246|240|0|108|1|104|
13|246|256|0|108|1|102|
13|246|240|0|108|1|104|
13|248|256|0|108|1|104|
13|249|256|0|109|1|106|
13|250|240|0|109|1|104|
13|244|256|0|109|1|105|
13|248|256|0|108|1|104|
13|247|256|0|108|1|106|
13|245|240|0|107|1|102|
13|250|240|0|109|1|104|
13|245|240|0|107|1|104|
13|248|256|0|108|1|104|
13|248|240|0|108|1|104|
13|248|240|0|108|1|104|
13|251|256|0|109|1|104|
13|248|240|0|108|1|104|
13|538|528|0|181|1|128|
13|245|256|0|107|1|102|
13|246|240|0|108|1|104|
13|245|240|0|107|1|102|
13|248|256|0|108|1|104|
13|248|256|0|108|1|104|
13|246|256|0|108|1|104|
13|246|256|0|108|1|104|
13|246|256|0|108|1|104|
13|248|240|0|108|1|104|
13|247|256|0|108|1|106|
13|247|256|0|108|1|106|
13|246|256|0|108|1|104|
13|246|240|0|108|1|104|
13|249|256|0|109|1|106|
13|249|240|0|109|1|104|
13|245|256|0|107|1|104|
13|250|256|0|109|1|104|
13|245|256|0|107|1|102|
13|246|256|0|108|1|104|
13|246|256|0|108|1|104|
13|246|256|0|108|1|104|
13|248|240|0|108|1|104|
13|245|224|0|107|1|102|
13|248|240|0|108|1|104|
13|247|240|0|108|1|104|
13|246|256|0|108|1|104|
13|246|256|0|108|1|104|
13|245|240|0|107|1|102|
13|245|256|0|107|1|102|
13|246|256|0|108|1|104|
13|245|256|0|107|1|102|
13|248|240|0|108|1|104|
13|245|256|0|107|1|104|
13|246|240|0|108|1|104|
13|246|240|0|108|1|104|
13|245|256|0|107|1|102|
13|246|240|0|108|1|104|
13|421|416|0|166|1|130|
13|248|240|0|108|1|104|
13|248|256|0|108|1|104|
13|267|256|0|303|1|32|
13|248|256|0|108|1|104|
13|246|256|0|108|1|104|
13|244|256|0|107|1|102|
13|882|896|0|410|1|39|
13|266|240|0|114|1|110|
13|256|208|0|111|1|108|
13|258|240|0|112|1|108|
13|246|240|0|108|1|104|
13|245|240|0|107|1|104|
13|247|256|0|108|1|104|
13|245|256|0|107|1|102|
13|246|240|0|108|1|104|
13|246|240|0|108|1|104|
13|245|256|0|107|1|102|
13|246|240|0|108|1|104|
13|245|256|0|107|1|102|
13|246|256|0|108|1|104|
13|245|256|0|107|1|104|
13|245|240|0|107|1|102|
13|249|256|0|109|1|106|
13|246|256|0|108|1|104|
13|246|256|0|108|1|104|
13|246|256|0|108|1|104|
13|248|240|0|108|1|104|
13|248|256|0|108|1|104|
13|246|256|0|108|1|104|
13|245|240|0|107|1|102|
13|246|256|0|108|1|104|
13|248|240|0|108|1|104|
13|245|256|0|107|1|102|
13|246|240|0|108|1|104|
13|247|256|0|108|1|104|
13|246|256|0|108|1|104|
13|247|256|0|108|1|106|
13|246|240|0|108|1|104|
13|247|240|0|108|1|106|
13|247|256|0|108|1|106|
13|245|256|0|107|1|102|
13|248|240|0|108|1|104|
13|246|256|0|108|1|104|
13|249|240|0|109|1|106|
13|245|240|0|107|1|102|
13|247|240|0|108|1|104|
13|307|256|0|521|1|24|
13|272|208|0|116|1|112|
13|293|224|0|203|1|70|
13|340|240|0|116|1|60|
13|324|208|0|134|1|128|
13|315|208|0|188|1|63|
13|331|224|0|602|1|29|
13|367|240|0|145|1|64|
13|333|208|0|260|1|44|
13|348|224|0|223|1|38|
13|331|208|0|494|1|52|
13|383|240|0|525|1|61|
13|394|240|0|419|1|51|
13|342|208|0|188|1|53|
13|311|192|0|129|1|116|
13|276|208|0|119|1|115|
13|279|208|0|119|1|116|
13|265|224|0|114|1|112|
13|244|240|0|107|1|104|
13|247|240|0|108|1|104|
13|245|240|0|107|1|104|
13|245|256|0|107|1|104|
13|245|256|0|107|1|104|
13|246|256|0|108|1|104|
13|246|240|0|108|1|104|
13|246|240|0|108|1|104|
13|245|240|0|107|1|102|
13|246|256|0|108|1|104|
13|251|256|0|109|1|106|
13|250|256|0|109|1|104|
13|246|240|0|108|1|104|
13|251|256|0|109|1|104|
13|248|256|0|108|1|102|
13|246|240|0|108|1|104|
13|248|256|0|108|1|104|
13|245|240|0|107|1|102|
13|246|256|0|108|1|104|
13|245|256|0|107|1|102|
13|245|256|0|107|1|102|
13|246|240|0|108|1|104|
13|247|240|0|108|1|104|
13|246|224|0|108|1|102|
13|247|240|0|108|1|106|
13|245|240|0|107|1|102|
13|249|240|0|109|1|104|
13|246|240|0|108|1|102|
13|246|256|0|108|1|104|
13|246|224|0|108|1|104|
13|246|240|0|108|1|104|
13|246|224|0|108|1|102|
13|246|240|0|108|1|104|
13|246|240|0|108|1|104|
13|249|256|0|109|1|106|
13|246|240|0|108|1|104|
13|247|224|0|108|1|104|
13|245|240|0|107|1|102|
13|246|240|0|108|1|104|
13|246|240|0|108|1|104|
13|246|240|0|108|1|104|
13|246|240|0|108|1|102|
13|256|256|0|111|1|106|
13|245|240|0|107|1|104|
13|246|240|0|108|1|104|
13|248|256|0|108|1|104|
13|246|240|0|108|1|104|
13|247|240|0|108|1|104|
13|245|224|0|107|1|104|
13|247|240|0|108|1|106|
13|246|240|0|108|1|104|
13|246|240|0|108|1|104|
13|248|256|0|108|1|104|
13|245|240|0|107|1|102|
13|246|240|0|108|1|104|
13|293|288|0|243|1|38|
13|294|240|0|478|1|22|
13|277|208|0|118|1|116|
13|274|224|0|117|1|112|
13|274|208|0|117|1|112|
13|275|208|0|117|1|114|
13|255|208|0|111|1|106|
13|257|224|0|111|1|106|
13|257|208|0|111|1|106|
13|246|240|0|108|1|104|
13|246|256|0|108|1|102|
13|245|224|0|107|1|104|
13|246|240|0|108|1|104|
13|246|240|0|108|1|104|
13|250|256|0|109|1|104|
13|246|240|0|108|1|102|
13|246|256|0|108|1|104|
13|247|240|0|108|1|106|
13|246|240|0|108|1|104|
13|275|272|0|115|1|106|
13|246|240|0|108|1|104|
13|246|240|0|108|1|104|
13|246|256|0|108|1|104|
13|246|256|0|108|1|104|
13|246|240|0|108|1|104|
13|245|240|0|107|1|102|
13|245|240|0|107|1|102|
13|250|240|0|109|1|104|
13|246|240|0|108|1|102|
13|246|240|0|108|1|104|
13|245|240|0|108|1|104|
13|246|240|0|108|1|104|
13|246|256|0|108|1|104|
13|249|240|0|109|1|104|
13|247|240|0|108|1|104|
13|246|240|0|108|1|104|
13|247|240|0|108|1|104|
13|246|256|0|108|1|104|
13|246|256|0|108|1|104|
13|250|256|0|109|1|104|
13|245|240|0|107|1|102|
13|249|256|0|109|1|104|
13|245|256|0|107|1|102|
13|248|256|0|108|1|104|
13|249|240|0|109|1|106|
13|249|240|0|109|1|104|
13|246|256|0|108|1|104|
13|249|256|0|109|1|106|
13|246|256|0|108|1|104|
13|249|240|0|109|1|104|
13|246|256|0|108|1|102|
13|248|256|0|108|1|104|
13|245|240|0|107|1|102|
13|246|240|0|108|1|104|
13|251|256|0|109|1|106|
13|246|240|0|108|1|102|
13|246|240|0|108|1|104|
13|246|240|0|108|1|104|
13|245|256|0|107|1|102|
13|247|256|0|108|1|104|
13|246|256|0|108|1|104|
13|248|240|0|108|1|104|
13|245|224|0|107|1|102|
13|245|240|0|107|1|104|
13|246|240|0|108|1|104|
13|248|256|0|108|1|104|
13|246|240|0|108|1|104|
13|249|256|0|109|1|106|
13|246|240|0|108|1|102|
13|246|240|0|108|1|104|
13|248|256|0|108|1|104|
13|246|240|0|108|1|104|
13|241|240|0|108|1|103|
13|246|240|0|108|1|104|
13|246|240|0|108|1|104|
13|246|240|0|108|1|104|
13|246|240|0|108|1|104|
13|249|240|0|109|1|106|
13|245|224|0|107|1|102|
13|245|256|0|107|1|102|
13|250|256|0|109|1|104|
13|246|256|0|108|1|104|
13|246|256|0|108|1|104|
13|250|256|0|109|1|104|
13|246|240|0|108|1|104|
13|245|240|0|107|1|102|
13|240|240|0|107|1|103|
13|249|256|0|109|1|106|
13|246|240|0|108|1|104|
13|247|240|0|108|1|106|
13|246|256|0|108|1|104|
13|246|256|0|108|1|102|
13|246|256|0|108|1|104|
13|245|240|0|107|1|102|
13|246|240|0|108|1|104|
13|245|256|0|107|1|102|
13|248|240|0|108|1|104|
13|248|256|0|108|1|104|
13|245|256|0|107|1|104|
13|245|240|0|107|1|102|
13|246|256|0|108|1|104|
13|246|240|0|108|1|104|
13|241|240|0|107|1|104|
13|247|256|0|108|1|104|
13|247|256|0|108|1|106|
13|248|256|0|108|1|104|
13|246|256|0|108|1|104|
13|268|272|0|111|1|108|
13|294|288|0|124|1|120|
13|246|256|0|108|1|104|
13|246|240|0|108|1|104|
13|245|240|0|107|1|104|
13|245|240|0|107|1|104|
13|246|240|0|108|1|104|
13|245|240|0|107|1|102|
13|246|256|0|108|1|102|
13|258|256|0|109|1|104|
13|246|240|0|108|1|104|
13|246|240|0|108|1|104|
13|252|256|0|110|1|104|
13|246|256|0|108|1|102|
13|248|256|0|108|1|104|
13|245|240|0|107|1|102|
13|245|240|0|107|1|102|
13|249|240|0|109|1|104|
13|245|256|0|107|1|104|
13|249|256|0|109|1|106|
13|246|256|0|108|1|104|
13|246|240|0|108|1|104|
13|427|432|0|168|1|128|
13|250|240|0|109|1|104|
13|248|240|0|108|1|104|
13|246|240|0|108|1|104|
13|246|240|0|108|1|104|
13|249|240|0|109|1|104|
13|246|256|0|108|1|104|
13|250|240|0|109|1|104|
13|250|240|0|109|1|104|
13|245|240|0|107|1|102|
13|246|256|0|108|1|104|
13|247|256|0|108|1|106|
13|247|256|0|108|1|106|
13|245|256|0|107|1|104|
13|246|256|0|108|1|104|
13|246|240|0|108|1|104|
13|245|224|0|107|1|102|
13|246|240|0|108|1|104|
13|248|240|0|108|1|104|
13|246|256|0|108|1|104|
13|246|240|0|108|1|104|
13|245|240|0|107|1|102|
13|246|256|0|108|1|104|
13|246|240|0|108|1|104|
13|248|240|0|108|1|104|
13|248|256|0|108|1|104|
13|246|256|0|108|1|104|
13|248|240|0|109|1|104|
13|246|240|0|108|1|104|
13|247|256|0|108|1|104|
13|245|256|0|107|1|104|
13|249|240|0|109|1|104|
13|248|256|0|108|1|104|
13|248|240|0|108|1|104|
13|251|256|0|109|1|106|
13|245|240|0|107|1|102|
13|245|240|0|107|1|104|
13|248|256|0|108|1|104|
13|245|240|0|107|1|102|
13|245|256|0|107|1|102|
13|241|256|0|108|1|101|
13|245|256|0|107|1|102|
13|246|240|0|108|1|104|
13|246|256|0|108|1|104|
13|245|256|0|107|1|104|
13|246|240|0|108|1|104|
13|245|240|0|107|1|102|
13|245|256|0|107|1|102|
13|245|240|0|107|1|104|
13|245|240|0|107|1|104|
13|249|240|0|109|1|106|
13|246|240|0|108|1|104|
13|249|256|0|109|1|104|
13|263|256|0|113|1|108|
13|246|240|0|108|1|104|
13|246|256|0|108|1|104|
13|246|240|0|108|1|104|
13|240|240|0|107|1|101|
13|246|256|0|108|1|104|
13|248|256|0|108|1|104|
13|249|256|0|109|1|106|
13|248|256|0|108|1|102|
13|245|240|0|107|1|104|
13|268|272|0|115|1|112|
13|246|240|0|108|1|104|
13|245|240|0|107|1|102|
13|245|240|0|107|1|104|
13|247|256|0|108|1|104|
13|247|240|0|108|1|104|
13|248|256|0|108|1|104|
13|246|256|0|108|1|104|
13|246|240|0|108|1|104|
13|247|240|0|108|1|106|
13|245|256|0|107|1|102|
13|247|240|0|108|1|106|
13|287|288|0|401|1|47|
13|246|256|0|108|1|104|
13|246|240|0|108|1|104|
13|248|240|0|108|1|104|
13|246|240|0|108|1|104|
13|246|240|0|108|1|104|
13|246|256|0|108|1|104|
13|246|240|0|108|1|104|
13|241|240|0|108|1|103|
13|248|256|0|108|1|104|
13|246|256|0|108|1|104|
13|245|240|0|107|1|102|
13|245|240|0|107|1|104|
13|246|256|0|108|1|104|
13|246|240|0|108|1|104|
13|248|256|0|108|1|104|
13|249|256|0|109|1|104|
13|246|240|0|108|1|104|
13|248|240|0|108|1|104|
13|246|240|0|108|1|104|
13|251|256|0|109|1|106|
13|249|256|0|109|1|104|
13|249|256|0|109|1|104|
13|250|256|0|109|1|104|
13|248|240|0|108|1|104|
13|248|240|0|108|1|104|
13|249|240|0|109|1|104|
13|248|224|0|108|1|104|
13|246|256|0|108|1|104|
13|246|240|0|108|1|104|
13|245|240|0|107|1|104|
13|249|240|0|109|1|106|
13|248|256|0|108|1|104|
13|246|256|0|108|1|104|
13|249|240|0|109|1|106|
13|247|240|0|108|1|104|
13|248|256|0|108|1|104|
13|251|256|0|109|1|106|
13|248|240|0|108|1|104|
13|251|256|0|109|1|106|
13|251|256|0|109|1|106|
13|245|256|0|107|1|102|
13|246|240|0|108|1|104|
13|246|240|0|108|1|104|
13|247|224|0|108|1|104|
13|246|240|0|108|1|104|
13|247|240|0|108|1|106|
13|348|352|0|142|1|128|
13|245|256|0|107|1|102|
13|248|256|0|109|1|106|
13|248|256|0|108|1|104|
13|250|256|0|109|1|106|
13|429|416|0|170|1|127|
13|246|240|0|108|1|104|
13|251|256|0|109|1|106|
13|245|256|0|107|1|102|
13|248|256|0|108|1|102|
13|246|240|0|108|1|102|
13|250|256|0|109|1|104|
13|245|240|0|107|1|102|
13|247|256|0|108|1|106|
13|246|240|0|108|1|104|
13|246|256|0|108|1|104|
13|246|240|0|108|1|104|
13|246|240|0|108|1|104|
13|246|240|0|108|1|102|
13|247|256|0|108|1|104|
13|246|240|0|108|1|104|
13|246|256|0|108|1|104|
13|245|256|0|107|1|102|
13|248|256|0|108|1|102|
13|246|240|0|108|1|104|
13|245|256|0|107|1|102|
13|246|256|0|108|1|102|
13|257|256|0|108|1|104|
13|248|256|0|108|1|104|
13|245|240|0|107|1|102|
13|248|240|0|108|1|104|
13|246|256|0|108|1|104|
13|249|240|0|109|1|106|
13|246|256|0|108|1|104|
13|246|256|0|108|1|104|
13|246|256|0|108|1|102|
13|245|240|0|107|1|104|
13|247|240|0|108|1|104|
13|245|240|0|107|1|102|
13|246|240|0|108|1|104|
13|245|240|0|107|1|104|
13|246|240|0|108|1|102|
13|248|256|0|108|1|104|
13|246|240|0|108|1|104|
13|246|240|0|108|1|104|
13|245|256|0|107|1|104|
13|245|240|0|107|1|102|
13|244|240|0|107|1|102|
13|246|240|0|108|1|104|
13|245|240|0|107|1|104|
13|246|256|0|108|1|104|
13|245|240|0|107|1|104|
13|246|256|0|108|1|104|
13|246|240|0|108|1|104|
13|248|240|0|108|1|104|
13|246|240|0|108|1|104|
13|249|240|0|109|1|106|
13|246|240|0|108|1|104|
13|247|240|0|108|1|106|
13|246|240|0|108|1|104|
13|248|240|0|108|1|104|
13|246|256|0|108|1|104|
13|248|256|0|108|1|104|
13|248|256|0|108|1|104|
13|245|240|0|107|1|102|
13|247|240|0|108|1|106|
13|245|240|0|107|1|102|
13|248|256|0|108|1|104|
13|246|240|0|108|1|104|
13|245|240|0|107|1|102|
13|245|240|0|107|1|102|
13|245|240|0|107|1|104|
13|244|240|0|107|1|104|
13|246|240|0|108|1|104|
13|246|240|0|108|1|104|
13|246|256|0|108|1|104|
13|246|240|0|108|1|104|
13|246|240|0|108|1|104|
13|245|256|0|107|1|102|
13|245|240|0|107|1|104|
13|246|256|0|108|1|104|
13|248|240|0|108|1|104|
13|245|256|0|107|1|102|
13|245|256|0|108|1|104|
13|246|224|0|108|1|102|
13|245|240|0|107|1|102|
13|248|240|0|108|1|104|
13|246|240|0|108|1|104|
13|248|240|0|108|1|102|
13|249|256|0|109|1|106|
13|246|240|0|108|1|104|
13|246|256|0|108|1|104|
13|246|240|0|108|1|102|
13|247|256|0|108|1|104|
13|246|256|0|108|1|104|
13|247|256|0|108|1|106|
13|246|240|0|108|1|104|
13|246|240|0|108|1|104|
13|246|240|0|108|1|104|
13|246|256|0|108|1|104|
13|246|240|0|108|1|104|
13|248|240|0|108|1|104|
13|248|240|0|108|1|102|
13|245|240|0|107|1|102|
13|246|256|0|108|1|104|
13|249|256|0|109|1|104|
13|261|272|0|109|1|104|
13|247|240|0|108|1|106|
13|250|256|0|109|1|104|
13|246|256|0|108|1|104|
13|248|256|0|108|1|104|
13|245|256|0|107|1|104|
13|246|240|0|108|1|104|
13|246|240|0|108|1|104|
13|246|256|0|108|1|104|
13|257|256|0|108|1|104|
13|246|240|0|108|1|104|
13|246|240|0|108|1|104|
13|246|240|0|108|1|104|
13|246|256|0|108|1|102|
13|246|240|0|108|1|104|
13|245|256|0|107|1|102|
13|246|240|0|108|1|104|
13|247|256|0|108|1|104|
13|246|240|0|108|1|104|
13|246|256|0|108|1|104|
13|246|256|0|108|1|104|
13|247|240|0|108|1|106|
13|246|256|0|108|1|104|
13|246|240|0|108|1|104|
13|246|256|0|108|1|104|
13|246|240|0|108|1|104|
13|245|240|0|107|1|104|
13|245|240|0|107|1|104|
13|246|256|0|108|1|104|
13|365|352|0|147|1|130|
13|245|256|0|107|1|104|
13|287|288|0|123|1|114|
13|245|240|0|107|1|102|
13|246|240|0|108|1|104|
13|246|240|0|108|1|104|
13|246|240|0|108|1|104|
13|246|224|0|108|1|104|
13|246|256|0|108|1|104|
13|250|240|0|109|1|104|
13|245|240|0|107|1|102|
13|244|240|0|109|1|103|
13|245|240|0|107|1|102|
13|245|240|0|107|1|102|
13|247|256|0|108|1|106|
13|245|240|0|107|1|104|
13|247|256|0|108|1|106|
13|246|240|0|108|1|104|
13|246|240|0|108|1|104|
13|247|256|0|108|1|104|
13|245|240|0|107|1|102|
13|247|240|0|108|1|106|
13|246|240|0|108|1|104|
13|246|256|0|108|1|104|
13|249|256|0|109|1|106|
13|246|240|0|108|1|104|
13|248|240|0|108|1|104|
13|250|240|0|109|1|104|
13|248|256|0|108|1|102|
13|249|240|0|109|1|106|
13|245|256|0|108|1|104|
13|246|240|0|108|1|104|
13|246|256|0|108|1|104|
13|245|240|0|107|1|104|
13|246|256|0|108|1|104|
13|251|240|0|109|1|106|
13|246|240|0|108|1|104|
13|249|240|0|109|1|104|
13|246|240|0|108|1|102|
13|248|256|0|108|1|104|
13|248|256|0|108|1|104|
13|248|256|0|108|1|104|
13|249|256|0|109|1|106|
13|248|240|0|108|1|104|
13|246|256|0|108|1|104|
13|249|240|0|109|1|104|
13|261|272|0|110|1|104|
13|247|240|0|108|1|106|
13|246|240|0|108|1|104|
13|246|224|0|108|1|104|
13|240|240|0|107|1|101|
13|246|256|0|108|1|104|
13|246|256|0|108|1|104|
13|249|256|0|109|1|106|
13|245|240|0|107|1|104|
13|248|224|0|108|1|104|
13|245|256|0|107|1|102|
13|246|224|0|108|1|104|
13|245|240|0|107|1|102|
13|358|368|0|145|1|132|
13|250|256|0|109|1|104|
13|248|256|0|108|1|104|
13|250|240|0|109|1|104|
13|251|256|0|109|1|104|
13|251|256|0|109|1|106|
13|245|240|0|107|1|104|
13|249|256|0|109|1|106|
13|245|256|0|107|1|104|
13|249|240|0|109|1|106|
13|246|240|0|108|1|104|
13|245|240|0|107|1|102|
13|245|256|0|107|1|104|
13|250|240|0|109|1|104|
13|246|256|0|108|1|104|
13|248|240|0|108|1|104|
13|247|240|0|108|1|106|
13|331|336|0|136|1|130|
13|244|256|0|107|1|102|
13|248|256|0|108|1|104|
13|248|256|0|108|1|104|
13|246|256|0|108|1|104|
13|247|240|0|109|1|104|
13|246|240|0|108|1|104|
13|246|256|0|108|1|104|
13|246|256|0|108|1|102|
13|246|256|0|108|1|104|
13|246|256|0|108|1|104|
13|246|240|0|108|1|104|
13|245|240|0|107|1|102|
13|246|240|0|108|1|102|
13|247|256|0|108|1|104|
13|246|240|0|108|1|104|
13|247|240|0|108|1|106|
13|247|240|0|108|1|104|
13|245|256|0|107|1|104|
13|246|240|0|108|1|104|
13|246|240|0|108|1|104|
13|246|240|0|108|1|104|
13|246|240|0|108|1|104|
13|246|256|0|108|1|102|
13|246|240|0|108|1|104|
13|247|256|0|108|1|106|
13|273|224|0|117|1|112|
13|274|208|0|117|1|112|
13|252|224|0|110|1|104|
13|249|240|0|109|1|104|
13|246|240|0|108|1|104|
13|251|256|0|109|1|106|
13|246|240|0|108|1|104|
13|250|256|0|109|1|104|
13|246|240|0|108|1|104|
13|248|256|0|108|1|104|
13|246|240|0|108|1|104|
13|245|256|0|107|1|102|
13|246|240|0|108|1|104|
13|247|256|0|108|1|104|
13|246|256|0|108|1|104|
13|248|240|0|108|1|104|
13|268|272|0|115|1|110|
13|248|256|0|108|1|102|
13|245|240|0|107|1|104|
13|248|256|0|108|1|104|
13|245|240|0|108|1|104|
13|245|256|0|107|1|102|
13|246|256|0|108|1|104|
13|246|240|0|108|1|104|
13|246|256|0|108|1|104|
13|246|240|0|108|1|104|
13|245|240|0|107|1|104|
13|246|240|0|108|1|102|
13|289|288|0|122|1|118|
13|245|240|0|107|1|102|
13|246|256|0|108|1|104|
13|245|256|0|107|1|102|
13|246|256|0|108|1|104|
13|248|240|0|108|1|104|
13|246|240|0|108|1|104|
13|249|256|0|109|1|106|
13|248|224|0|108|1|104|
13|250|256|0|109|1|104|
13|248|256|0|108|1|104|
13|245|240|0|107|1|104|
13|249|256|0|109|1|106|
13|246|256|0|108|1|104|
13|247|240|0|108|1|106|
13|245|240|0|107|1|102|
13|242|256|0|108|1|105|
13|247|256|0|108|1|104|
13|249|240|0|109|1|106|
13|246|256|0|108|1|104|
13|246|240|0|108|1|104|
13|247|256|0|108|1|106|
13|249|240|0|109|1|106|
13|248|240|0|108|1|104|
13|249|240|0|109|1|106|
13|246|240|0|108|1|104|
13|250|256|0|109|1|104|
13|246|240|0|108|1|104|
13|248|240|0|108|1|104|
13|246|256|0|108|1|104|
13|246|224|0|108|1|104|
13|245|240|0|107|1|102|
13|246|256|0|108|1|104|
13|246|240|0|108|1|104|
13|245|224|0|107|1|104|
13|246|256|0|108|1|104|
13|245|240|0|107|1|102|
13|246|224|0|108|1|104|
13|246|240|0|108|1|104|
13|246|240|0|108|1|104|
13|248|240|0|108|1|104|
13|246|240|0|108|1|104|
13|246|240|0|108|1|104|
13|245|256|0|107|1|104|
13|246|256|0|108|1|104|
13|246|240|0|108|1|104|
13|248|240|0|108|1|104|
13|246|256|0|108|1|104|
13|245|256|0|107|1|104|
13|245|240|0|108|1|104|
13|249|256|0|109|1|104|
13|249|240|0|109|1|106|
13|249|256|0|109|1|104|
13|248|256|0|108|1|104|
13|246|256|0|108|1|104|
13|250|240|0|109|1|104|
13|248|256|0|108|1|102|
13|250|256|0|109|1|104|
13|248|256|0|108|1|104|
13|250|256|0|109|1|104|
13|249|240|0|109|1|104|
13|246|256|0|108|1|104|
13|248|256|0|108|1|104|
13|245|240|0|107|1|102|
13|246|240|0|108|1|104|
13|247|256|0|108|1|104|
13|247|256|0|108|1|104|
13|246|240|0|108|1|104|
13|246|240|0|108|1|104|
13|248|240|0|108|1|104|
13|245|240|0|107|1|104|
13|248|256|0|108|1|104|
13|245|240|0|107|1|102|
13|245|256|0|107|1|102|
13|247|256|0|108|1|104|
13|245|256|0|107|1|102|
13|246|240|0|108|1|104|
13|245|240|0|107|1|102|
13|246|240|0|108|1|102|
13|246|240|0|108|1|104|
13|248|256|0|108|1|104|
13|248|256|0|108|1|104|
13|248|240|0|108|1|104|
13|248|256|0|108|1|104|
13|246|240|0|108|1|104|
13|248|240|0|108|1|104|
13|246|256|0|108|1|104|
13|243|240|0|108|1|103|
13|246|240|0|108|1|104|
13|246|256|0|108|1|104|
13|246|240|0|108|1|104|
13|249|240|0|109|1|106|
13|245|240|0|107|1|102|
13|246|256|0|108|1|104|
13|246|240|0|108|1|104|
13|248|256|0|108|1|104|
13|247|240|0|108|1|106|
13|245|240|0|107|1|102|
13|245|240|0|107|1|102|
13|246|256|0|108|1|104|
13|247|240|0|108|1|104|
13|245|256|0|107|1|104|
13|246|256|0|108|1|104|
13|246|256|0|108|1|104|
13|245|240|0|107|1|104|
13|245|256|0|107|1|102|
13|246|240|0|108|1|104|
13|245|240|0|107|1|102|
13|245|240|0|107|1|102|
13|245|240|0|107|1|102|
13|246|224|0|108|1|104|
13|246|240|0|108|1|104|
13|246|256|0|108|1|104|
13|245|240|0|107|1|104|
13|246|256|0|108|1|102|
13|248|256|0|108|1|104|
13|248|240|0|108|1|104|
13|248|256|0|108|1|104|
13|248|256|0|108|1|104|
13|249|256|0|109|1|106|
13|246|240|0|108|1|104|
13|246|240|0|108|1|104|
13|246|240|0|108|1|104|
13|246|240|0|108|1|104|
13|246|240|0|108|1|104|
13|246|256|0|108|1|104|
13|246|240|0|108|1|104|
13|246|240|0|108|1|104|
13|246|256|0|108|1|104|
13|246|240|0|108|1|104|
13|246|240|0|108|1|104|
13|246|256|0|108|1|102|
13|245|240|0|107|1|102|
13|246|240|0|108|1|104|
13|247|240|0|108|1|104|
13|246|256|0|108|1|102|
13|245|256|0|107|1|102|
13|248|240|0|108|1|104|
13|248|240|0|108|1|104|
13|249|256|0|109|1|106|
13|248|256|0|108|1|104|
13|250|240|0|109|1|104|
13|257|256|0|111|1|106|
13|275|272|0|117|1|112|
13|638|560|0|190|1|70|
13|302|320|0|126|1|122|
13|246|240|0|108|1|104|
13|245|256|0|107|1|104|
13|251|256|0|109|1|106|
13|246|240|0|108|1|104|
13|246|256|0|108|1|104|
13|246|256|0|108|1|104|
13|246|240|0|108|1|104|
13|245|224|0|107|1|102|
13|246|240|0|108|1|104|
13|246|240|0|108|1|102|
13|260|272|0|113|1|68|
13|245|256|0|107|1|102|
13|245|240|0|107|1|102|
13|341|352|0|139|1|132|
13|246|256|0|108|1|104|
13|245|240|0|107|1|102|
13|248|256|0|108|1|104|
13|251|240|0|109|1|106|
13|250|256|0|109|1|104|
13|248|256|0|108|1|104|
13|246|256|0|108|1|104|
13|250|256|0|109|1|104|
13|247|240|0|108|1|104|
13|248|256|0|108|1|104|
13|248|256|0|108|1|104|
13|246|240|0|108|1|104|
13|247|240|0|108|1|104|
13|247|256|0|108|1|104|
13|249|256|0|109|1|104|
13|246|240|0|108|1|104|
13|247|256|0|108|1|104|
13|246|240|0|108|1|102|
13|252|224|0|110|1|104|
13|246|240|0|108|1|104|
13|246|256|0|108|1|104|
13|249|256|0|109|1|104|
13|246|240|0|108|1|104|
13|248|256|0|108|1|104|
13|251|240|0|109|1|106|
13|246|240|0|108|1|102|
13|245|256|0|107|1|104|
13|246|240|0|108|1|104|
13|246|256|0|108|1|104|
13|246|240|0|108|1|104|
13|245|256|0|107|1|104|
13|246|240|0|108|1|104|
13|334|336|0|137|1|128|
13|246|256|0|108|1|104|
13|245|224|0|107|1|102|
13|246|256|0|108|1|104|
13|245|240|0|107|1|104|
13|250|240|0|109|1|104|
13|248|256|0|108|1|104|
13|249|224|0|109|1|104|
13|246|256|0|108|1|104|
13|245|256|0|107|1|102|
13|246|240|0|108|1|104|
13|247|256|0|108|1|106|
13|248|240|0|108|1|104|
13|245|256|0|107|1|102|
13|248|256|0|108|1|104|
13|246|240|0|108|1|102|
13|251|240|0|109|1|106|
13|246|256|0|108|1|104|
13|247|240|0|108|1|106|
13|246|240|0|108|1|104|
13|434|416|0|170|1|130|
13|250|256|0|109|1|104|
13|246|240|0|108|1|104|
13|248|240|0|108|1|104|
13|245|240|0|107|1|104|
13|247|240|0|108|1|106|
13|246|240|0|108|1|104|
13|273|256|0|248|1|40|
13|267|224|0|115|1|112|
13|264|208|0|114|1|108|
13|271|272|0|112|1|108|
13|246|240|0|108|1|104|
13|248|256|0|108|1|104|
13|246|240|0|108|1|104|
13|247|256|0|108|1|106|
13|245|240|0|107|1|104|
13|246|256|0|108|1|104|
13|247|240|0|108|1|106|
13|247|240|0|108|1|106|
13|259|256|0|108|1|104|
13|246|240|0|108|1|104|
13|246|240|0|108|1|104|
13|270|288|0|116|1|112|
13|279|272|0|167|1|63|
13|252|224|0|110|1|104|
13|250|256|0|109|1|104|
13|248|256|0|108|1|104|
13|246|240|0|108|1|102|
13|249|256|0|109|1|106|
13|248|256|0|108|1|104|
13|245|240|0|107|1|102|
13|247|240|0|108|1|106|
13|246|240|0|108|1|104|
13|246|240|0|108|1|104|
13|257|240|0|111|1|106|
13|245|240|0|107|1|104|
13|246|240|0|108|1|104|
13|250|240|0|109|1|104|
13|246|256|0|108|1|104|
13|245|256|0|107|1|102|
13|245|240|0|107|1|102|
13|246|240|0|108|1|104|
13|246|256|0|108|1|102|
13|245|256|0|107|1|102|
13|246|240|0|108|1|104|
13|245|256|0|107|1|102|
13|245|224|0|107|1|104|
13|246|240|0|108|1|104|
13|246|240|0|108|1|104|
13|246|240|0|108|1|104|
13|246|240|0|108|1|104|
13|246|240|0|108|1|102|
13|246|240|0|108|1|104|
13|246|240|0|108|1|104|
