INSTRUCTIONS_RETIRED|CYCLES|UNKNOWN|LD_BLOCKS.STORE_FORWARD|UOPS_EXECUTED.CORE|BR_MISP_RETIRED.ALL_BRANCHES|UOPS_ISSUED.SLOW_LEA|
13|294|192|0|104|1|48|
13|247|224|0|104|1|48|
13|271|240|0|148|1|42|
13|329|224|0|104|1|49|
13|291|208|0|104|1|48|
13|291|192|0|104|1|48|
13|261|240|0|104|1|48|
13|255|224|0|104|1|49|
13|242|256|0|104|1|48|
13|242|240|0|104|1|49|
13|242|224|0|104|1|49|
13|242|240|0|104|1|48|
13|272|208|0|104|1|49|
13|271|208|0|104|1|48|
13|248|224|0|104|1|48|
13|244|240|0|104|1|49|
13|243|256|0|104|1|48|
13|242|240|0|104|1|49|
13|245|256|0|104|1|49|
13|322|272|0|104|1|47|
13|249|224|0|104|1|49|
13|244|240|0|104|1|49|
13|242|240|0|104|1|48|
13|246|256|0|104|1|48|
13|242|240|0|104|1|49|
13|243|240|0|104|1|48|
13|243|240|0|104|1|48|
13|244|256|0|104|1|48|
13|243|240|0|104|1|49|
13|243|256|0|104|1|48|
13|246|256|0|104|1|49|
13|243|224|0|104|1|48|
13|242|240|0|104|1|48|
13|243|240|0|104|1|48|
13|242|224|0|104|1|49|
13|243|240|0|104|1|48|
13|246|256|0|104|1|49|
13|243|240|0|104|1|48|
13|242|240|0|104|1|49|
13|243|256|0|104|1|48|
13|243|240|0|104|1|49|
13|246|240|0|104|1|48|
13|245|240|0|104|1|48|
13|245|240|0|104|1|48|
13|344|352|0|104|1|49|
13|260|272|0|244|1|27|
13|243|224|0|104|1|48|
13|243|256|0|104|1|48|
13|245|256|0|104|1|48|
13|245|256|0|104|1|49|
13|246|256|0|104|1|48|
13|245|240|0|104|1|48|
13|243|224|0|104|1|48|
13|247|256|0|104|1|48|
13|242|224|0|104|1|48|
13|246|256|0|104|1|49|
13|248|240|0|104|1|49|
13|246|256|0|104|1|49|
13|243|240|0|104|1|49|
13|244|256|0|104|1|48|
13|243|256|0|104|1|48|
13|243|224|0|104|1|48|
13|243|240|0|104|1|48|
13|261|256|0|316|1|26|
13|242|224|0|104|1|49|
13|248|240|0|104|1|49|
13|296|288|0|104|1|49|
13|247|240|0|104|1|48|
13|246|240|0|104|1|49|
13|247|240|0|104|1|48|
13|245|240|0|104|1|48|
13|245|224|0|104|1|48|
13|243|256|0|104|1|48|
13|245|240|0|104|1|48|
13|242|256|0|104|1|49|
13|245|256|0|104|1|48|
13|243|240|0|104|1|48|
13|243|256|0|104|1|48|
13|242|224|0|104|1|49|
13|243|240|0|104|1|48|
13|243|240|0|104|1|49|
13|244|256|0|104|1|48|
13|243|240|0|104|1|48|
13|242|240|0|104|1|49|
13|246|240|0|104|1|49|
13|246|240|0|104|1|48|
13|245|256|0|104|1|48|
13|243|256|0|104|1|48|
13|245|256|0|104|1|48|
13|243|240|0|104|1|48|
13|245|256|0|104|1|48|
13|243|240|0|104|1|48|
13|243|224|0|104|1|48|
13|243|256|0|104|1|48|
13|243|240|0|104|1|49|
13|243|256|0|104|1|48|
13|243|256|0|104|1|48|
13|245|240|0|104|1|48|
13|245|256|0|104|1|49|
13|245|224|0|104|1|49|
13|248|240|0|104|1|49|
13|246|256|0|104|1|49|
13|243|240|0|104|1|48|
13|242|240|0|104|1|48|
13|243|240|0|104|1|48|
13|243|224|0|104|1|48|
13|242|240|0|104|1|49|
13|247|256|0|104|1|48|
13|242|240|0|104|1|48|
13|244|256|0|104|1|49|
13|243|240|0|104|1|48|
13|243|224|0|104|1|48|
13|244|240|0|104|1|48|
13|243|240|0|104|1|48|
13|559|544|0|104|1|48|
13|246|256|0|104|1|49|
13|243|240|0|104|1|48|
13|242|224|0|104|1|48|
13|242|224|0|104|1|49|
13|243|240|0|104|1|48|
13|246|240|0|104|1|48|
13|242|240|0|104|1|49|
13|244|240|0|104|1|49|
13|243|240|0|104|1|48|
13|242|240|0|104|1|49|
13|247|256|0|104|1|48|
13|243|240|0|104|1|48|
13|243|240|0|104|1|48|
13|243|240|0|104|1|48|
13|242|240|0|104|1|48|
13|243|256|0|104|1|49|
13|244|256|0|104|1|49|
13|243|224|0|104|1|49|
13|244|256|0|104|1|48|
13|242|240|0|104|1|48|
13|244|240|0|104|1|49|
13|243|240|0|104|1|48|
13|243|240|0|104|1|48|
13|244|224|0|104|1|48|
13|243|256|0|104|1|48|
13|244|256|0|104|1|49|
13|243|240|0|104|1|48|
13|246|256|0|104|1|49|
13|243|224|0|104|1|48|
13|243|240|0|104|1|48|
13|248|240|0|104|1|49|
13|246|240|0|104|1|49|
13|245|240|0|104|1|48|
13|243|240|0|104|1|48|
13|245|240|0|104|1|48|
13|243|256|0|104|1|48|
13|244|256|0|104|1|49|
13|244|240|0|104|1|48|
13|243|256|0|104|1|48|
13|243|240|0|104|1|48|
13|246|240|0|104|1|49|
13|244|256|0|104|1|48|
13|243|240|0|104|1|48|
13|245|240|0|104|1|48|
13|246|240|0|104|1|49|
13|245|240|0|104|1|49|
13|243|240|0|104|1|48|
13|243|240|0|104|1|48|
13|243|256|0|104|1|48|
13|242|224|0|104|1|48|
13|243|256|0|104|1|48|
13|245|256|0|104|1|48|
13|243|240|0|104|1|48|
13|246|256|0|104|1|49|
13|245|240|0|104|1|48|
13|243|240|0|104|1|48|
13|244|256|0|104|1|49|
13|245|240|0|104|1|48|
13|243|256|0|104|1|48|
13|246|240|0|104|1|48|
13|243|240|0|104|1|48|
13|268|272|0|104|1|49|
13|243|256|0|104|1|48|
13|245|256|0|104|1|48|
13|245|240|0|104|1|48|
13|246|256|0|104|1|49|
13|245|240|0|104|1|48|
13|245|256|0|104|1|49|
13|246|240|0|104|1|48|
13|243|240|0|104|1|48|
13|245|256|0|104|1|48|
13|242|256|0|104|1|49|
13|246|240|0|104|1|48|
13|242|256|0|104|1|48|
13|243|224|0|104|1|48|
13|243|240|0|104|1|48|
13|243|240|0|104|1|48|
13|243|256|0|104|1|48|
13|245|256|0|104|1|48|
13|245|240|0|104|1|48|
13|247|240|0|104|1|48|
13|243|256|0|104|1|49|
13|243|256|0|104|1|48|
13|405|416|0|104|1|48|
13|246|240|0|104|1|49|
13|243|256|0|104|1|48|
13|243|256|0|104|1|48|
13|243|240|0|104|1|48|
13|244|240|0|104|1|49|
13|245|240|0|104|1|48|
13|242|256|0|104|1|49|
13|247|240|0|104|1|48|
13|243|240|0|104|1|48|
13|243|240|0|104|1|48|
13|244|240|0|104|1|48|
13|243|256|0|104|1|48|
13|244|240|0|104|1|49|
13|245|240|0|104|1|48|
13|247|256|0|104|1|48|
13|243|240|0|104|1|48|
13|243|256|0|104|1|48|
13|243|256|0|104|1|48|
13|243|240|0|104|1|48|
13|245|240|0|104|1|48|
13|243|240|0|104|1|48|
13|243|240|0|104|1|48|
13|243|240|0|104|1|48|
13|243|240|0|104|1|48|
13|242|256|0|104|1|49|
13|243|256|0|104|1|48|
13|245|240|0|104|1|48|
13|245|256|0|104|1|48|
13|243|240|0|104|1|48|
13|245|240|0|104|1|48|
13|245|256|0|104|1|48|
13|244|240|0|104|1|49|
13|243|240|0|104|1|48|
13|243|224|0|104|1|48|
13|246|240|0|104|1|49|
13|245|256|0|104|1|48|
13|248|256|0|104|1|49|
13|243|256|0|104|1|48|
13|243|240|0|104|1|48|
13|243|256|0|104|1|48|
13|245|240|0|104|1|48|
13|243|240|0|104|1|48|
13|242|240|0|104|1|49|
13|246|240|0|104|1|49|
13|245|240|0|104|1|48|
13|244|240|0|104|1|48|
13|243|240|0|104|1|48|
13|243|256|0|104|1|48|
13|244|224|0|104|1|49|
13|243|256|0|104|1|49|
13|243|240|0|104|1|48|
13|243|240|0|104|1|48|
13|243|256|0|104|1|48|
13|245|240|0|104|1|49|
13|243|240|0|104|1|48|
13|243|240|0|104|1|48|
13|243|240|0|104|1|48|
13|243|240|0|104|1|48|
13|248|240|0|104|1|48|
13|245|224|0|104|1|48|
13|243|240|0|104|1|48|
13|246|240|0|104|1|49|
13|242|256|0|104|1|48|
13|247|256|0|104|1|47|
13|243|256|0|104|1|48|
13|243|240|0|104|1|48|
13|246|256|0|104|1|49|
13|298|288|0|104|1|49|
13|244|240|0|104|1|49|
13|246|256|0|104|1|49|
13|243|240|0|104|1|48|
13|243|240|0|104|1|48|
13|244|256|0|104|1|49|
13|243|240|0|104|1|48|
13|245|240|0|104|1|48|
13|246|240|0|104|1|49|
13|246|256|0|104|1|49|
13|247|224|0|104|1|48|
13|241|240|0|104|1|48|
13|245|240|0|104|1|48|
13|241|240|0|104|1|48|
13|245|256|0|104|1|47|
13|241|256|0|104|1|48|
13|247|256|0|104|1|48|
13|245|256|0|104|1|48|
13|241|256|0|104|1|48|
13|247|224|0|104|1|48|
13|243|240|0|104|1|48|
13|244|240|0|104|1|49|
13|243|240|0|104|1|48|
13|243|224|0|104|1|48|
13|243|240|0|104|1|48|
13|243|256|0|104|1|48|
13|246|240|0|104|1|49|
13|243|240|0|104|1|48|
13|245|240|0|104|1|48|
13|243|240|0|104|1|48|
13|245|240|0|104|1|48|
13|243|256|0|104|1|48|
13|245|256|0|104|1|48|
13|243|240|0|104|1|48|
13|243|256|0|104|1|48|
13|243|240|0|104|1|48|
13|243|240|0|104|1|48|
13|243|256|0|104|1|48|
13|244|240|0|104|1|49|
13|243|240|0|104|1|48|
13|242|240|0|104|1|49|
13|243|240|0|104|1|49|
13|245|240|0|104|1|48|
13|242|224|0|104|1|49|
13|243|240|0|104|1|48|
13|244|240|0|104|1|48|
13|243|240|0|104|1|48|
13|243|240|0|104|1|48|
13|244|240|0|104|1|49|
13|242|256|0|104|1|48|
13|244|240|0|104|1|48|
13|243|240|0|104|1|48|
13|243|240|0|104|1|48|
13|242|256|0|104|1|49|
13|242|240|0|104|1|48|
13|243|240|0|104|1|48|
13|243|240|0|104|1|48|
13|245|240|0|104|1|48|
13|243|240|0|104|1|49|
13|245|240|0|104|1|49|
13|243|240|0|104|1|48|
13|287|288|0|104|1|48|
13|243|240|0|104|1|48|
13|246|256|0|104|1|48|
13|246|240|0|104|1|49|
13|245|240|0|104|1|48|
13|242|256|0|104|1|49|
13|246|256|0|104|1|49|
13|243|240|0|104|1|48|
13|243|240|0|104|1|48|
13|243|240|0|104|1|48|
13|244|256|0|104|1|49|
13|244|224|0|104|1|48|
13|245|240|0|104|1|48|
13|245|256|0|104|1|48|
13|246|240|0|104|1|49|
13|245|240|0|104|1|48|
13|247|256|0|104|1|49|
13|247|240|0|104|1|48|
13|245|240|0|104|1|48|
13|245|240|0|104|1|48|
13|245|240|0|104|1|48|
13|243|240|0|104|1|49|
13|247|240|0|104|1|48|
13|245|240|0|104|1|48|
13|266|224|0|104|1|49|
13|271|192|0|104|1|48|
13|243|256|0|104|1|49|
13|243|240|0|104|1|48|
13|243|256|0|104|1|48|
13|243|240|0|104|1|48|
13|243|256|0|104|1|48|
13|246|240|0|104|1|48|
13|242|240|0|104|1|49|
13|243|240|0|104|1|48|
13|243|240|0|104|1|48|
13|244|240|0|104|1|48|
13|268|272|0|104|1|48|
13|246|256|0|104|1|48|
13|245|240|0|104|1|48|
13|245|256|0|104|1|48|
13|242|240|0|104|1|48|
13|245|240|0|104|1|48|
13|243|256|0|104|1|48|
13|245|240|0|104|1|48|
13|247|240|0|104|1|49|
13|243|240|0|104|1|49|
13|244|240|0|104|1|49|
13|243|240|0|104|1|48|
13|334|336|0|104|1|49|
13|244|240|0|104|1|48|
13|242|224|0|104|1|49|
13|242|240|0|104|1|49|
13|243|240|0|104|1|48|
13|244|256|0|104|1|48|
13|242|256|0|104|1|48|
13|257|256|0|104|1|48|
13|247|256|0|104|1|48|
13|243|256|0|104|1|48|
13|245|256|0|104|1|48|
13|245|256|0|104|1|48|
13|248|256|0|104|1|49|
13|243|224|0|104|1|48|
13|244|256|0|104|1|48|
13|243|240|0|104|1|48|
13|243|224|0|104|1|48|
13|243|224|0|104|1|48|
13|243|240|0|104|1|49|
13|242|240|0|104|1|49|
13|243|256|0|104|1|48|
13|245|256|0|104|1|48|
13|243|224|0|104|1|48|
13|243|224|0|104|1|49|
13|735|720|0|104|1|48|
13|243|240|0|104|1|48|
13|243|240|0|104|1|48|
13|245|240|0|104|1|48|
13|242|240|0|104|1|49|
13|244|240|0|104|1|49|
13|244|256|0|104|1|49|
13|243|240|0|104|1|49|
13|244|240|0|104|1|48|
13|242|240|0|104|1|49|
13|244|240|0|104|1|49|
13|243|240|0|104|1|48|
13|243|256|0|104|1|48|
13|246|240|0|104|1|49|
13|243|256|0|104|1|48|
13|243|224|0|104|1|48|
13|243|240|0|104|1|48|
13|243|240|0|104|1|48|
13|243|240|0|104|1|48|
13|243|256|0|104|1|48|
13|243|240|0|104|1|48|
13|242|240|0|104|1|48|
13|243|240|0|104|1|48|
13|243|240|0|104|1|48|
13|242|256|0|104|1|49|
13|245|240|0|104|1|48|
13|243|256|0|104|1|48|
13|245|256|0|104|1|48|
13|247|256|0|104|1|48|
13|248|256|0|104|1|48|
13|242|256|0|104|1|48|
13|243|240|0|104|1|48|
13|245|256|0|104|1|48|
13|243|256|0|104|1|48|
13|245|240|0|104|1|49|
13|248|256|0|104|1|49|
13|245|240|0|104|1|48|
13|245|240|0|104|1|48|
13|243|240|0|104|1|48|
13|244|256|0|104|1|48|
13|242|240|0|104|1|49|
13|243|224|0|104|1|48|
13|246|240|0|104|1|49|
13|243|240|0|104|1|48|
13|242|256|0|104|1|49|
13|245|240|0|104|1|48|
13|243|240|0|104|1|48|
13|242|256|0|104|1|49|
13|243|256|0|104|1|48|
13|243|240|0|104|1|48|
13|244|240|0|104|1|49|
13|243|256|0|104|1|48|
13|242|224|0|104|1|48|
13|251|256|0|104|1|48|
13|243|240|0|104|1|48|
13|243|240|0|104|1|48|
13|327|320|0|104|1|48|
13|243|240|0|104|1|48|
13|248|240|0|104|1|49|
13|243|240|0|104|1|48|
13|243|256|0|104|1|49|
13|243|256|0|104|1|48|
13|243|240|0|104|1|48|
13|243|240|0|104|1|48|
13|247|240|0|104|1|48|
13|242|240|0|104|1|48|
13|247|240|0|104|1|48|
13|243|240|0|104|1|48|
13|245|256|0|104|1|48|
13|246|240|0|104|1|48|
13|246|256|0|104|1|48|
13|246|256|0|104|1|49|
13|244|240|0|104|1|49|
13|242|256|0|104|1|49|
13|243|240|0|104|1|48|
13|246|256|0|104|1|48|
13|274|272|0|104|1|49|
13|243|240|0|104|1|48|
13|243|224|0|104|1|48|
13|265|272|0|274|1|30|
13|247|240|0|104|1|48|
13|243|256|0|104|1|48|
13|245|240|0|104|1|48|
13|242|240|0|104|1|48|
13|242|240|0|104|1|48|
13|243|224|0|104|1|48|
13|242|224|0|104|1|49|
13|245|256|0|104|1|48|
13|243|240|0|104|1|48|
13|243|256|0|104|1|48|
13|244|240|0|104|1|49|
13|243|224|0|104|1|48|
13|243|240|0|104|1|48|
13|242|240|0|104|1|48|
13|243|240|0|104|1|48|
13|247|240|0|104|1|48|
13|245|240|0|104|1|48|
13|246|240|0|104|1|48|
13|247|240|0|104|1|48|
13|243|240|0|104|1|48|
13|246|240|0|104|1|48|
13|244|256|0|104|1|48|
13|243|240|0|104|1|48|
13|245|256|0|104|1|48|
13|244|224|0|104|1|49|
13|243|256|0|104|1|49|
13|244|240|0|104|1|48|
13|243|240|0|104|1|48|
13|246|240|0|104|1|49|
13|242|240|0|104|1|49|
13|243|240|0|104|1|48|
13|243|256|0|104|1|48|
13|244|256|0|104|1|49|
13|243|240|0|104|1|48|
13|243|256|0|104|1|48|
13|245|256|0|104|1|48|
13|243|240|0|104|1|48|
13|243|240|0|104|1|48|
13|243|240|0|104|1|48|
13|243|256|0|104|1|49|
13|242|256|0|104|1|49|
13|242|240|0|104|1|49|
13|245|256|0|104|1|48|
13|245|256|0|104|1|48|
13|246|240|0|104|1|49|
13|244|240|0|104|1|49|
13|243|240|0|104|1|48|
13|244|240|0|104|1|48|
13|242|256|0|104|1|48|
13|243|256|0|104|1|48|
13|243|256|0|104|1|48|
13|243|240|0|104|1|48|
13|245|240|0|104|1|49|
13|243|240|0|104|1|48|
13|245|256|0|104|1|48|
13|243|240|0|104|1|48|
13|244|240|0|104|1|48|
13|246|256|0|104|1|48|
13|245|240|0|104|1|48|
13|245|240|0|104|1|48|
13|247|240|0|104|1|48|
13|245|256|0|104|1|48|
13|245|240|0|104|1|48|
13|243|224|0|104|1|48|
13|244|240|0|104|1|49|
13|244|240|0|104|1|48|
13|244|224|0|104|1|48|
13|243|240|0|104|1|48|
13|558|560|0|104|1|49|
13|246|256|0|104|1|48|
13|243|240|0|104|1|49|
13|245|256|0|104|1|48|
13|248|240|0|104|1|49|
13|248|256|0|104|1|48|
13|246|256|0|104|1|48|
13|247|256|0|104|1|48|
13|243|240|0|104|1|48|
13|243|240|0|104|1|48|
13|242|240|0|104|1|48|
13|244|256|0|104|1|48|
13|243|240|0|104|1|48|
13|245|256|0|104|1|48|
13|243|256|0|104|1|48|
13|245|256|0|104|1|48|
13|243|240|0|104|1|48|
13|242|240|0|104|1|49|
13|242|256|0|104|1|49|
13|244|256|0|104|1|49|
13|243|256|0|104|1|48|
13|243|240|0|104|1|48|
13|242|240|0|104|1|49|
13|244|240|0|104|1|48|
13|244|256|0|104|1|49|
13|242|256|0|104|1|49|
13|242|256|0|104|1|49|
13|243|240|0|104|1|48|
13|244|256|0|104|1|48|
13|243|240|0|104|1|48|
13|243|256|0|104|1|48|
13|246|240|0|104|1|49|
13|247|240|0|104|1|48|
13|246|240|0|104|1|49|
13|243|240|0|104|1|48|
13|243|256|0|104|1|48|
13|246|240|0|104|1|49|
13|247|256|0|104|1|48|
13|244|240|0|104|1|49|
13|243|240|0|104|1|48|
13|244|240|0|104|1|48|
13|246|256|0|104|1|48|
13|246|240|0|104|1|49|
13|370|368|0|104|1|49|
13|243|256|0|104|1|48|
13|246|240|0|104|1|48|
13|242|240|0|104|1|49|
13|242|240|0|104|1|49|
13|242|240|0|104|1|49|
13|242|240|0|104|1|48|
13|244|256|0|104|1|48|
13|244|256|0|104|1|49|
13|243|240|0|104|1|48|
13|247|256|0|104|1|48|
13|243|256|0|104|1|49|
13|243|240|0|104|1|48|
13|243|240|0|104|1|48|
13|242|224|0|104|1|49|
13|245|240|0|104|1|49|
13|324|320|0|104|1|48|
13|242|240|0|104|1|49|
13|243|240|0|104|1|48|
13|243|240|0|104|1|48|
13|242|240|0|104|1|48|
13|243|240|0|104|1|48|
13|242|224|0|104|1|49|
13|242|256|0|104|1|49|
13|242|224|0|104|1|48|
13|243|240|0|104|1|48|
13|243|240|0|104|1|48|
13|244|240|0|104|1|49|
13|246|240|0|104|1|48|
13|243|256|0|104|1|48|
13|246|240|0|104|1|49|
13|244|256|0|104|1|49|
13|245|240|0|104|1|48|
13|243|256|0|104|1|49|
13|243|240|0|104|1|48|
13|377|384|0|104|1|48|
13|371|368|0|104|1|48|
13|245|256|0|104|1|48|
13|242|240|0|104|1|49|
13|245|256|0|104|1|48|
13|243|256|0|104|1|48|
13|245|256|0|104|1|48|
13|247|256|0|104|1|49|
13|243|224|0|104|1|48|
13|243|240|0|104|1|48|
13|256|256|0|223|1|45|
13|301|224|0|328|1|37|
13|284|208|0|111|1|47|
13|420|288|0|223|1|21|
13|288|192|0|104|1|48|
13|304|224|0|434|1|27|
13|296|224|0|554|1|20|
13|293|224|0|104|1|49|
13|271|208|0|104|1|48|
13|244|240|0|104|1|48|
13|243|256|0|104|1|48|
13|243|256|0|104|1|48|
13|243|240|0|104|1|48|
13|244|240|0|104|1|49|
13|432|432|0|104|1|49|
13|406|416|0|199|1|36|
13|243|240|0|104|1|48|
13|242|256|0|104|1|49|
13|276|272|0|163|1|40|
13|241|256|0|104|1|49|
13|242|224|0|104|1|48|
13|242|240|0|104|1|48|
13|293|272|0|535|1|24|
13|424|288|0|104|1|49|
13|434|336|0|104|1|49|
13|256|240|0|104|1|48|
13|248|224|0|104|1|48|
13|250|256|0|104|1|48|
13|243|240|0|104|1|48|
13|243|240|0|104|1|48|
13|245|240|0|104|1|48|
13|243|240|0|104|1|48|
13|243|240|0|104|1|49|
13|242|240|0|104|1|49|
13|243|240|0|104|1|48|
13|243|240|0|104|1|48|
13|276|272|0|184|1|31|
13|264|256|0|104|1|47|
13|251|240|0|104|1|48|
13|248|256|0|104|1|49|
13|243|240|0|104|1|48|
13|245|240|0|104|1|48|
13|243|224|0|104|1|48|
13|243|224|0|104|1|48|
13|244|240|0|104|1|48|
13|243|224|0|104|1|48|
13|247|256|0|104|1|48|
13|243|256|0|104|1|48|
13|246|256|0|104|1|49|
13|242|224|0|104|1|49|
13|243|256|0|104|1|48|
13|245|240|0|104|1|48|
13|245|240|0|104|1|48|
13|243|240|0|104|1|48|
13|246|256|0|104|1|48|
13|243|240|0|104|1|48|
13|243|240|0|104|1|48|
13|243|240|0|104|1|48|
13|243|256|0|104|1|49|
13|243|240|0|104|1|49|
13|243|224|0|104|1|48|
13|243|240|0|104|1|49|
13|244|240|0|104|1|48|
13|242|256|0|104|1|48|
13|243|240|0|104|1|48|
13|245|256|0|104|1|48|
13|243|240|0|104|1|48|
13|246|240|0|104|1|48|
13|245|256|0|104|1|48|
13|245|240|0|104|1|48|
13|246|256|0|104|1|49|
13|410|416|0|104|1|48|
13|245|240|0|104|1|48|
13|243|224|0|104|1|48|
13|243|256|0|104|1|48|
13|243|240|0|104|1|48|
13|365|368|0|104|1|48|
13|243|240|0|104|1|48|
13|242|240|0|104|1|49|
13|243|240|0|104|1|48|
13|346|352|0|104|1|48|
13|245|240|0|104|1|48|
13|243|240|0|104|1|48|
13|243|240|0|104|1|48|
13|243|256|0|104|1|48|
13|243|256|0|104|1|48|
13|245|240|0|104|1|48|
13|242|256|0|104|1|49|
13|248|240|0|104|1|48|
13|258|256|0|104|1|48|
13|245|256|0|104|1|48|
13|264|256|0|348|1|26|
13|244|224|0|104|1|49|
13|242|240|0|104|1|48|
13|245|240|0|104|1|48|
13|247|256|0|104|1|48|
13|246|256|0|104|1|49|
13|243|256|0|104|1|48|
13|246|256|0|104|1|49|
13|243|240|0|104|1|48|
13|245|240|0|104|1|48|
13|243|240|0|104|1|49|
13|243|256|0|104|1|47|
13|243|240|0|104|1|48|
13|419|432|0|104|1|48|
13|246|224|0|104|1|49|
13|246|256|0|104|1|48|
13|243|240|0|104|1|49|
13|243|240|0|104|1|48|
13|245|240|0|104|1|48|
13|242|240|0|104|1|48|
13|313|304|0|59|0|4|
13|281|224|0|450|1|34|
13|292|224|0|104|1|48|
13|274|208|0|104|1|48|
13|282|208|0|104|1|48|
13|435|320|0|104|1|48|
13|270|208|0|104|1|49|
13|269|208|0|104|1|48|
13|549|416|0|104|1|49|
13|289|208|0|205|1|35|
13|282|208|0|104|1|48|
13|311|208|0|104|1|48|
13|293|192|0|104|1|48|
13|289|208|0|104|1|48|
13|290|192|0|104|1|49|
13|273|208|0|104|1|48|
13|273|208|0|104|1|48|
13|248|240|0|104|1|49|
13|454|448|0|104|1|49|
13|262|224|0|104|1|48|
13|290|192|0|104|1|48|
13|261|224|0|104|1|48|
13|245|256|0|104|1|48|
13|243|240|0|104|1|48|
13|246|240|0|104|1|49|
13|242|240|0|104|1|48|
13|242|240|0|104|1|48|
13|242|240|0|104|1|49|
13|243|240|0|104|1|48|
13|244|240|0|104|1|49|
13|246|256|0|104|1|49|
13|245|240|0|104|1|48|
13|243|240|0|104|1|48|
13|243|240|0|104|1|48|
13|244|256|0|104|1|48|
13|244|240|0|104|1|49|
13|275|256|0|322|1|30|
13|255|240|0|104|1|48|
13|250|240|0|104|1|48|
13|268|288|0|514|1|27|
13|368|288|0|145|1|39|
13|314|240|0|104|1|48|
13|267|208|0|104|1|48|
13|251|256|0|104|1|48|
13|249|224|0|104|1|48|
13|242|256|0|104|1|49|
13|243|256|0|104|1|48|
13|243|240|0|104|1|48|
13|246|224|0|104|1|48|
13|245|256|0|104|1|48|
13|1169|1152|0|104|1|48|
13|243|240|0|104|1|48|
13|246|256|0|104|1|48|
13|243|256|0|104|1|48|
13|256|224|0|104|1|48|
13|253|224|0|104|1|48|
13|243|240|0|104|1|48|
13|242|256|0|104|1|49|
13|243|224|0|104|1|48|
13|244|240|0|104|1|49|
13|243|240|0|104|1|48|
13|246|256|0|104|1|48|
13|244|240|0|104|1|48|
13|244|240|0|104|1|49|
13|245|240|0|104|1|48|
13|243|256|0|104|1|48|
13|243|224|0|104|1|48|
13|245|256|0|104|1|48|
13|246|240|0|104|1|49|
13|258|272|0|433|1|29|
13|263|224|0|104|1|48|
13|261|208|0|104|1|48|
13|253|224|0|104|1|48|
13|244|240|0|104|1|48|
13|243|240|0|104|1|48|
13|242|240|0|104|1|48|
13|245|256|0|104|1|48|
13|245|256|0|104|1|48|
13|248|256|0|104|1|48|
13|246|256|0|104|1|48|
13|243|224|0|104|1|48|
13|243|256|0|104|1|48|
13|246|240|0|104|1|49|
13|243|240|0|104|1|48|
13|246|256|0|104|1|49|
13|242|240|0|104|1|49|
13|244|240|0|104|1|49|
13|245|240|0|104|1|48|
13|244|240|0|104|1|48|
13|242|224|0|104|1|49|
13|260|272|0|104|1|48|
13|245|256|0|104|1|48|
13|245|240|0|104|1|48|
13|243|256|0|104|1|48|
13|243|240|0|104|1|48|
13|243|240|0|104|1|48|
13|242|224|0|104|1|48|
13|242|240|0|104|1|48|
13|245|240|0|104|1|48|
13|243|224|0|104|1|48|
13|279|272|0|104|1|48|
13|246|240|0|104|1|48|
13|245|240|0|104|1|48|
13|247|240|0|104|1|48|
13|245|240|0|104|1|48|
13|245|256|0|104|1|48|
13|246|256|0|104|1|49|
13|243|240|0|104|1|48|
13|243|240|0|104|1|48|
13|243|256|0|104|1|49|
13|243|256|0|104|1|49|
13|245|240|0|104|1|48|
13|243|256|0|104|1|48|
13|243|256|0|104|1|48|
13|243|224|0|104|1|48|
13|242|256|0|104|1|49|
13|245|256|0|104|1|48|
13|243|256|0|104|1|48|
13|243|240|0|104|1|48|
13|246|240|0|104|1|48|
13|243|256|0|104|1|48|
13|245|240|0|104|1|48|
13|243|256|0|104|1|48|
13|244|256|0|104|1|47|
13|247|256|0|104|1|48|
13|242|256|0|104|1|49|
13|245|240|0|104|1|48|
13|242|256|0|104|1|48|
13|246|256|0|104|1|48|
13|243|240|0|104|1|48|
13|243|240|0|104|1|48|
13|246|240|0|104|1|48|
13|246|240|0|104|1|49|
13|243|256|0|104|1|48|
13|243|240|0|104|1|48|
13|304|304|0|104|1|48|
13|242|240|0|104|1|48|
13|245|256|0|104|1|48|
13|245|240|0|104|1|48|
13|247|240|0|104|1|48|
13|245|240|0|104|1|48|
13|246|240|0|104|1|49|
13|243|224|0|104|1|48|
13|243|240|0|104|1|48|
13|242|240|0|104|1|49|
13|243|240|0|104|1|48|
13|244|240|0|104|1|49|
13|243|240|0|104|1|48|
13|248|240|0|104|1|49|
13|242|256|0|104|1|49|
13|243|240|0|104|1|48|
13|243|240|0|104|1|48|
13|245|256|0|104|1|48|
13|242|240|0|104|1|48|
13|242|240|0|104|1|49|
13|242|256|0|104|1|49|
13|243|224|0|104|1|48|
13|244|240|0|104|1|49|
13|243|224|0|104|1|48|
13|243|240|0|104|1|48|
13|245|240|0|104|1|48|
13|246|240|0|104|1|49|
13|245|240|0|104|1|49|
13|245|240|0|104|1|48|
13|243|240|0|104|1|49|
13|243|256|0|104|1|48|
13|244|240|0|104|1|47|
13|243|240|0|104|1|49|
13|243|240|0|104|1|48|
13|242|240|0|104|1|49|
13|244|240|0|104|1|49|
13|244|256|0|104|1|48|
13|248|256|0|104|1|49|
13|243|256|0|104|1|48|
13|243|240|0|104|1|48|
13|242|240|0|104|1|48|
13|243|240|0|104|1|48|
13|245|256|0|104|1|48|
13|248|256|0|104|1|49|
13|242|240|0|104|1|48|
13|246|240|0|104|1|49|
13|243|240|0|104|1|48|
13|246|240|0|104|1|49|
13|243|240|0|104|1|48|
13|245|256|0|104|1|48|
13|247|256|0|104|1|48|
13|243|240|0|104|1|48|
13|244|240|0|104|1|49|
13|245|240|0|104|1|48|
13|243|256|0|104|1|48|
13|243|240|0|104|1|48|
13|243|256|0|104|1|48|
13|243|256|0|104|1|48|
13|245|240|0|104|1|49|
13|245|240|0|104|1|48|
13|245|256|0|104|1|48|
13|243|240|0|104|1|48|
13|243|256|0|104|1|48|
13|242|256|0|104|1|48|
13|243|240|0|104|1|48|
13|243|240|0|104|1|48|
13|243|240|0|104|1|48|
13|243|224|0|104|1|48|
13|243|240|0|104|1|48|
13|392|400|0|104|1|49|
13|456|464|0|104|1|49|
13|243|224|0|104|1|49|
13|242|224|0|104|1|49|
13|246|256|0|104|1|49|
13|243|240|0|104|1|48|
13|244|256|0|104|1|48|
13|242|240|0|104|1|48|
13|243|240|0|104|1|48|
13|243|256|0|104|1|48|
13|243|256|0|104|1|48|
13|243|256|0|104|1|48|
13|243|240|0|104|1|48|
13|243|256|0|104|1|48|
13|257|256|0|174|1|45|
13|243|240|0|104|1|48|
13|244|256|0|104|1|48|
13|243|256|0|104|1|48|
13|244|256|0|104|1|49|
13|242|256|0|104|1|49|
13|247|256|0|104|1|48|
13|245|256|0|104|1|48|
13|243|256|0|104|1|48|
13|246|256|0|104|1|49|
13|245|240|0|104|1|48|
13|245|240|0|104|1|48|
13|243|240|0|104|1|48|
13|243|240|0|104|1|48|
13|242|240|0|104|1|49|
13|243|240|0|104|1|48|
13|243|240|0|104|1|48|
13|245|240|0|104|1|48|
13|558|576|0|104|1|49|
13|248|256|0|104|1|48|
13|246|240|0|104|1|49|
13|243|240|0|104|1|48|
13|248|240|0|104|1|49|
13|245|256|0|104|1|48|
13|247|240|0|104|1|48|
13|243|256|0|104|1|48|
13|243|240|0|104|1|48|
13|245|256|0|104|1|49|
13|325|320|0|104|1|48|
13|243|256|0|104|1|48|
13|243|240|0|104|1|48|
13|242|240|0|104|1|49|
13|242|240|0|104|1|48|
13|246|240|0|104|1|49|
13|242|240|0|104|1|49|
13|242|256|0|104|1|49|
