INSTRUCTIONS_RETIRED|CYCLES|UNKNOWN|LD_BLOCKS.STORE_FORWARD|UOPS_EXECUTED.CORE|BR_MISP_RETIRED.ALL_BRANCHES|UOPS_ISSUED.SLOW_LEA|
13|299|192|0|125|1|82|
13|301|192|0|126|1|82|
13|292|192|0|123|1|82|
13|281|208|0|119|1|82|
13|279|192|0|119|1|82|
13|250|256|0|109|1|82|
13|248|240|0|108|1|82|
13|254|224|0|110|1|82|
13|246|256|0|108|1|82|
13|251|240|0|109|1|82|
13|248|256|0|108|1|82|
13|319|272|0|221|1|58|
13|717|608|0|139|1|82|
13|333|256|0|137|1|82|
13|254|240|0|110|1|82|
13|270|240|0|422|1|35|
13|284|240|0|411|1|39|
13|297|224|0|207|1|46|
13|293|224|0|238|1|31|
13|286|256|0|515|1|40|
13|279|256|0|346|1|68|
13|296|256|0|165|1|68|
13|279|256|0|550|1|35|
13|252|240|0|110|1|82|
13|264|240|0|114|1|82|
13|357|304|0|196|1|46|
13|277|208|0|118|1|82|
13|272|224|0|116|1|82|
13|277|224|0|118|1|82|
13|257|240|0|111|1|82|
13|246|240|0|108|1|82|
13|246|256|0|108|1|82|
13|251|256|0|109|1|82|
13|248|240|0|108|1|82|
13|249|256|0|109|1|82|
13|238|240|0|277|0|0|
13|251|224|0|109|1|82|
13|250|192|0|59|0|4|
13|252|224|0|110|1|82|
13|252|224|0|110|1|82|
13|274|256|0|117|1|82|
13|248|256|0|109|1|82|
13|361|304|0|139|1|82|
13|249|256|0|109|1|82|
13|246|256|0|108|1|82|
13|249|256|0|109|1|82|
13|249|240|0|109|1|82|
13|250|240|0|109|1|82|
13|246|256|0|108|1|82|
13|247|240|0|108|1|82|
13|245|240|0|107|1|82|
13|246|256|0|108|1|82|
13|246|256|0|108|1|82|
13|269|288|0|178|1|67|
13|259|224|0|112|1|82|
13|245|256|0|107|1|82|
13|249|256|0|109|1|82|
13|245|256|0|107|1|82|
13|248|256|0|108|1|82|
13|283|224|0|357|1|50|
13|331|240|0|256|1|48|
13|261|240|0|222|1|33|
13|244|256|0|107|1|82|
13|245|240|0|108|1|82|
13|245|256|0|108|1|82|
13|244|240|0|107|1|82|
13|249|240|0|109|1|82|
13|432|448|0|139|1|82|
13|245|256|0|107|1|82|
13|249|240|0|109|1|82|
13|246|240|0|108|1|82|
13|246|240|0|108|1|82|
13|273|272|0|116|1|71|
13|253|224|0|115|1|54|
13|245|240|0|107|1|82|
13|246|256|0|108|1|82|
13|246|256|0|108|1|82|
13|262|256|0|252|1|44|
13|341|256|0|347|1|62|
13|315|304|0|131|1|82|
13|246|240|0|108|1|82|
13|244|240|0|107|1|82|
13|245|240|0|108|1|82|
13|245|240|0|107|1|82|
13|246|256|0|108|1|82|
13|246|240|0|108|1|82|
13|246|240|0|108|1|82|
13|248|240|0|108|1|82|
13|246|240|0|108|1|82|
13|252|240|0|141|1|80|
13|274|208|0|117|1|82|
13|284|240|0|472|1|36|
13|288|208|0|596|1|32|
13|289|224|0|593|1|27|
13|294|224|0|317|1|25|
13|296|224|0|542|1|49|
13|310|240|0|534|1|35|
13|301|224|0|570|1|26|
13|290|224|0|319|1|31|
13|306|224|0|653|1|25|
13|290|224|0|570|1|25|
13|286|224|0|428|1|53|
13|281|208|0|451|1|56|
13|322|208|0|586|1|38|
13|319|208|0|529|1|33|
13|340|208|0|515|1|63|
13|334|192|0|486|1|36|
13|316|192|0|261|1|48|
13|310|192|0|251|1|65|
13|325|208|0|574|1|40|
13|326|208|0|377|1|39|
13|337|192|0|232|1|54|
13|321|208|0|346|1|53|
13|323|208|0|624|1|24|
13|320|192|0|243|1|29|
13|309|192|0|382|1|29|
13|304|192|0|296|1|34|
13|308|208|0|298|1|71|
13|340|208|0|423|1|38|
13|321|208|0|486|1|40|
13|317|192|0|298|1|62|
13|301|176|0|193|1|52|
13|326|192|0|673|1|30|
13|299|192|0|125|1|82|
13|299|192|0|125|1|82|
13|249|240|0|109|1|82|
13|248|256|0|108|1|82|
13|246|256|0|108|1|82|
13|247|256|0|108|1|82|
13|246|256|0|108|1|82|
13|251|240|0|110|1|82|
13|258|256|0|298|1|48|
13|278|208|0|118|1|82|
13|272|240|0|116|1|82|
13|313|224|0|174|1|66|
13|326|240|0|349|1|36|
13|294|208|0|174|1|57|
13|337|224|0|407|1|39|
13|309|224|0|420|1|37|
13|292|208|0|123|1|82|
13|306|192|0|242|1|50|
13|292|192|0|123|1|82|
13|289|192|0|122|1|82|
13|296|208|0|124|1|82|
13|283|208|0|120|1|82|
13|249|240|0|109|1|82|
13|246|256|0|108|1|82|
13|249|256|0|109|1|82|
13|271|256|0|318|1|40|
13|286|192|0|121|1|82|
13|287|208|0|121|1|82|
13|302|208|0|126|1|82|
13|288|192|0|122|1|82|
13|287|192|0|121|1|82|
13|334|240|0|321|1|59|
13|313|224|0|235|1|46|
13|291|208|0|123|1|82|
13|360|240|0|139|1|82|
13|263|240|0|113|1|82|
13|248|256|0|108|1|82|
13|249|256|0|109|1|82|
13|245|224|0|107|1|82|
13|246|256|0|108|1|82|
13|251|240|0|109|1|82|
13|246|240|0|108|1|82|
13|248|224|0|108|1|82|
13|245|224|0|107|1|82|
13|250|256|0|109|1|82|
13|278|288|0|514|1|26|
13|250|256|0|109|1|82|
13|255|256|0|111|1|82|
13|245|240|0|107|1|82|
13|247|240|0|108|1|82|
13|245|240|0|107|1|82|
13|254|240|0|174|1|57|
13|272|272|0|191|1|53|
13|266|208|0|114|1|82|
13|270|240|0|116|1|82|
13|251|256|0|109|1|82|
13|246|240|0|108|1|82|
13|249|240|0|109|1|82|
13|246|256|0|108|1|82|
13|246|256|0|108|1|82|
13|245|256|0|107|1|82|
13|290|288|0|122|1|82|
13|246|256|0|108|1|82|
13|246|256|0|108|1|82|
13|351|352|0|185|1|64|
13|258|224|0|112|1|82|
13|245|240|0|107|1|82|
13|245|240|0|107|1|82|
13|334|352|0|137|1|82|
13|246|256|0|108|1|82|
13|274|272|0|604|1|27|
13|275|288|0|117|1|82|
13|273|208|0|117|1|82|
13|251|240|0|109|1|82|
13|246|224|0|108|1|82|
13|246|240|0|108|1|82|
13|246|256|0|108|1|82|
13|246|240|0|108|1|82|
13|246|240|0|108|1|82|
13|245|240|0|107|1|82|
13|246|256|0|108|1|82|
13|246|256|0|108|1|82|
13|308|304|0|328|1|65|
13|264|208|0|114|1|82|
13|268|256|0|213|1|53|
13|246|240|0|108|1|82|
13|248|240|0|108|1|82|
13|245|224|0|107|1|82|
13|250|224|0|109|1|82|
13|268|224|0|225|1|46|
13|277|224|0|118|1|82|
13|263|208|0|113|1|82|
13|251|240|0|109|1|82|
13|249|256|0|109|1|82|
13|245|240|0|107|1|82|
13|248|240|0|108|1|82|
13|245|256|0|107|1|82|
13|246|256|0|108|1|82|
13|246|256|0|108|1|82|
13|246|240|0|108|1|82|
13|247|256|0|108|1|82|
13|280|288|0|625|1|36|
13|277|208|0|118|1|82|
13|276|224|0|118|1|82|
13|258|224|0|112|1|82|
13|246|240|0|108|1|82|
13|246|256|0|108|1|82|
13|244|256|0|107|1|82|
13|262|272|0|173|1|55|
13|255|256|0|111|1|82|
13|246|240|0|108|1|82|
13|248|240|0|108|1|82|
13|245|256|0|107|1|82|
13|249|256|0|109|1|82|
13|249|240|0|109|1|82|
13|248|240|0|108|1|82|
13|246|256|0|108|1|82|
13|248|256|0|108|1|82|
13|245|256|0|107|1|82|
13|291|288|0|360|1|32|
13|273|208|0|117|1|82|
13|275|208|0|117|1|82|
13|260|256|0|181|1|52|
13|245|256|0|107|1|82|
13|248|256|0|108|1|82|
13|245|256|0|107|1|82|
13|269|288|0|528|1|29|
13|289|224|0|129|1|71|
13|272|224|0|116|1|82|
13|252|256|0|110|1|82|
13|244|240|0|107|1|82|
13|267|272|0|115|1|82|
13|246|240|0|108|1|82|
13|246|256|0|108|1|82|
13|245|256|0|107|1|82|
13|247|256|0|108|1|82|
13|246|240|0|108|1|82|
13|246|240|0|108|1|82|
13|249|240|0|109|1|82|
13|252|240|0|110|1|82|
13|245|256|0|108|1|82|
13|246|240|0|108|1|82|
13|246|240|0|108|1|82|
13|283|288|0|143|1|60|
13|300|256|0|160|1|59|
13|267|224|0|115|1|82|
13|265|224|0|114|1|82|
13|250|256|0|109|1|82|
13|246|256|0|108|1|82|
13|246|256|0|108|1|82|
13|246|256|0|108|1|82|
13|250|256|0|109|1|82|
13|249|256|0|109|1|82|
13|248|256|0|108|1|82|
13|329|336|0|135|1|82|
13|890|880|0|515|1|49|
13|249|240|0|109|1|82|
13|245|240|0|107|1|82|
13|250|256|0|109|1|82|
13|245|240|0|107|1|82|
13|246|256|0|108|1|82|
13|251|240|0|109|1|82|
13|263|240|0|136|1|67|
13|288|208|0|122|1|82|
13|272|208|0|116|1|82|
13|273|208|0|117|1|82|
13|244|240|0|107|1|82|
13|246|240|0|108|1|82|
13|246|256|0|108|1|82|
13|245|256|0|107|1|82|
13|253|256|0|110|1|82|
13|245|224|0|107|1|82|
13|246|256|0|108|1|82|
13|245|256|0|107|1|82|
13|246|256|0|108|1|82|
13|283|256|0|260|1|49|
13|299|224|0|214|1|43|
13|282|208|0|120|1|82|
13|275|208|0|117|1|82|
13|277|208|0|118|1|82|
13|277|208|0|118|1|82|
13|257|208|0|111|1|82|
13|289|224|0|346|1|27|
13|269|224|0|115|1|82|
13|252|240|0|110|1|82|
13|254|240|0|110|1|82|
13|246|240|0|108|1|82|
13|246|256|0|108|1|82|
13|247|256|0|108|1|82|
13|248|240|0|109|1|82|
13|248|240|0|108|1|82|
13|376|368|0|139|1|82|
13|790|800|0|139|1|82|
13|265|240|0|114|1|82|
13|252|240|0|110|1|82|
13|246|256|0|108|1|82|
13|246|256|0|108|1|82|
13|284|208|0|120|1|82|
13|246|224|0|108|1|82|
13|246|256|0|108|1|82|
13|246|240|0|108|1|82|
13|329|272|0|135|1|82|
13|263|224|0|113|1|82|
13|248|224|0|108|1|82|
13|246|224|0|108|1|82|
13|247|256|0|108|1|82|
13|247|256|0|108|1|82|
13|246|240|0|108|1|82|
13|246|256|0|108|1|82|
13|246|240|0|108|1|82|
13|245|256|0|107|1|82|
13|246|240|0|108|1|82|
13|246|256|0|108|1|82|
13|251|224|0|109|1|82|
13|245|256|0|107|1|82|
13|262|240|0|113|1|82|
13|261|240|0|113|1|82|
13|252|240|0|110|1|82|
13|251|256|0|109|1|82|
13|250|256|0|109|1|82|
13|245|256|0|107|1|82|
13|250|240|0|109|1|82|
13|246|240|0|108|1|82|
13|245|240|0|107|1|82|
13|245|240|0|107|1|82|
13|247|256|0|108|1|82|
13|246|240|0|108|1|82|
13|285|288|0|121|1|82|
13|246|256|0|108|1|82|
13|245|256|0|107|1|82|
13|246|240|0|108|1|82|
13|246|240|0|108|1|82|
13|251|256|0|109|1|82|
13|248|240|0|108|1|82|
13|250|256|0|109|1|82|
13|247|240|0|108|1|82|
13|472|464|0|139|1|82|
13|247|256|0|108|1|82|
13|246|256|0|108|1|82|
13|247|256|0|108|1|82|
13|410|416|0|139|1|82|
13|246|256|0|108|1|82|
13|246|256|0|108|1|82|
13|258|272|0|112|1|82|
13|400|400|0|139|1|82|
13|246|240|0|108|1|82|
13|244|240|0|107|1|82|
13|249|256|0|109|1|82|
13|245|256|0|107|1|82|
13|248|256|0|108|1|82|
13|248|240|0|108|1|82|
13|245|240|0|107|1|82|
13|245|256|0|107|1|82|
13|437|432|0|139|1|82|
13|246|240|0|108|1|82|
13|245|240|0|107|1|82|
13|249|240|0|109|1|82|
13|246|240|0|108|1|82|
13|250|256|0|109|1|82|
13|248|256|0|108|1|82|
13|248|256|0|108|1|82|
13|248|240|0|108|1|82|
13|245|240|0|107|1|82|
13|246|256|0|108|1|82|
13|245|240|0|107|1|82|
13|245|240|0|107|1|82|
13|246|240|0|108|1|82|
13|245|256|0|107|1|82|
13|248|256|0|108|1|82|
13|246|256|0|108|1|82|
13|249|256|0|109|1|82|
13|245|240|0|107|1|82|
13|246|256|0|108|1|82|
13|245|256|0|107|1|82|
13|246|240|0|108|1|82|
13|246|240|0|108|1|82|
13|249|240|0|109|1|82|
13|329|336|0|135|1|82|
13|248|256|0|108|1|82|
13|248|240|0|108|1|82|
13|259|256|0|112|1|82|
13|246|240|0|108|1|82|
13|250|256|0|109|1|82|
13|250|256|0|109|1|82|
13|247|256|0|108|1|82|
13|247|240|0|108|1|82|
13|245|240|0|107|1|82|
13|245|256|0|107|1|82|
13|247|256|0|108|1|82|
13|246|240|0|108|1|82|
13|247|256|0|108|1|82|
13|245|256|0|108|1|82|
13|245|240|0|107|1|82|
13|246|240|0|108|1|82|
13|247|256|0|108|1|82|
13|249|256|0|109|1|82|
13|247|240|0|108|1|82|
13|246|240|0|108|1|82|
13|248|256|0|108|1|82|
13|245|240|0|107|1|82|
13|454|448|0|139|1|82|
13|246|240|0|108|1|82|
13|249|256|0|109|1|82|
13|246|256|0|108|1|82|
13|247|256|0|108|1|82|
13|246|240|0|108|1|82|
13|246|256|0|108|1|82|
13|246|240|0|108|1|82|
13|246|240|0|108|1|82|
13|245|256|0|107|1|82|
13|247|256|0|108|1|82|
13|246|240|0|108|1|82|
13|246|256|0|108|1|82|
13|245|256|0|107|1|82|
13|249|240|0|109|1|82|
13|246|256|0|108|1|82|
13|245|240|0|107|1|82|
13|248|240|0|108|1|82|
13|264|224|0|114|1|82|
13|325|240|0|134|1|82|
13|318|224|0|208|1|43|
13|278|208|0|118|1|82|
13|296|224|0|179|1|60|
13|267|208|0|115|1|82|
13|265|224|0|114|1|82|
13|264|240|0|114|1|82|
13|246|240|0|108|1|82|
13|247|256|0|108|1|82|
13|246|240|0|108|1|82|
13|245|224|0|107|1|82|
13|248|256|0|108|1|82|
13|251|256|0|109|1|82|
13|249|240|0|109|1|82|
13|246|240|0|108|1|82|
13|248|240|0|108|1|82|
13|246|240|0|108|1|82|
13|249|240|0|109|1|82|
13|248|256|0|108|1|82|
13|245|240|0|107|1|82|
13|246|256|0|108|1|82|
13|246|256|0|108|1|82|
13|245|256|0|107|1|82|
13|270|224|0|116|1|82|
13|246|240|0|108|1|82|
13|247|256|0|108|1|82|
13|246|256|0|108|1|82|
13|244|240|0|107|1|82|
13|246|240|0|108|1|82|
13|247|240|0|108|1|82|
13|248|256|0|108|1|82|
13|247|256|0|108|1|82|
13|247|240|0|108|1|82|
13|358|368|0|139|1|82|
13|247|256|0|108|1|82|
13|246|240|0|108|1|82|
13|244|256|0|107|1|82|
13|246|240|0|108|1|82|
13|246|256|0|108|1|82|
13|246|240|0|108|1|82|
13|245|256|0|107|1|82|
13|250|240|0|109|1|82|
13|246|224|0|108|1|82|
13|248|240|0|108|1|82|
13|250|256|0|109|1|82|
13|246|240|0|108|1|82|
13|248|240|0|108|1|82|
13|245|240|0|107|1|82|
13|247|240|0|108|1|82|
13|244|240|0|107|1|82|
13|248|240|0|108|1|82|
13|246|240|0|108|1|82|
13|248|256|0|108|1|82|
13|248|256|0|108|1|82|
13|248|240|0|108|1|82|
13|249|256|0|109|1|82|
13|245|240|0|107|1|82|
13|249|256|0|109|1|82|
13|246|256|0|108|1|82|
13|247|256|0|108|1|82|
13|246|256|0|108|1|82|
13|256|256|0|111|1|82|
13|253|240|0|110|1|82|
13|246|240|0|108|1|82|
13|248|240|0|108|1|82|
13|246|256|0|108|1|82|
13|249|256|0|109|1|82|
13|246|256|0|108|1|82|
13|250|240|0|109|1|82|
13|248|256|0|108|1|82|
13|248|256|0|108|1|82|
13|245|256|0|108|1|82|
13|245|240|0|107|1|82|
13|246|256|0|108|1|82|
13|246|240|0|108|1|82|
13|246|256|0|108|1|82|
13|246|256|0|108|1|82|
13|248|256|0|108|1|82|
13|248|240|0|108|1|82|
13|247|256|0|108|1|82|
13|247|256|0|108|1|82|
13|246|240|0|108|1|82|
13|247|240|0|108|1|82|
13|246|256|0|108|1|82|
13|246|256|0|108|1|82|
13|399|400|0|139|1|82|
13|245|240|0|107|1|82|
13|246|256|0|108|1|82|
13|246|240|0|108|1|82|
13|244|256|0|107|1|82|
13|248|256|0|108|1|82|
13|246|256|0|108|1|82|
13|246|256|0|108|1|82|
13|245|256|0|107|1|82|
13|246|240|0|108|1|82|
13|246|256|0|108|1|82|
13|245|240|0|107|1|82|
13|246|256|0|108|1|82|
13|246|256|0|108|1|82|
13|245|240|0|107|1|82|
13|245|240|0|107|1|82|
13|248|240|0|108|1|82|
13|263|272|0|113|1|82|
13|245|240|0|107|1|82|
13|249|256|0|109|1|82|
13|246|256|0|108|1|82|
13|246|240|0|108|1|82|
13|247|240|0|108|1|82|
13|388|384|0|139|1|82|
13|246|240|0|108|1|82|
13|245|256|0|107|1|82|
13|246|256|0|108|1|82|
13|246|256|0|108|1|82|
13|246|240|0|108|1|82|
13|248|240|0|108|1|82|
13|249|256|0|109|1|82|
13|250|256|0|109|1|82|
13|245|240|0|107|1|82|
13|248|240|0|108|1|82|
13|245|240|0|107|1|82|
13|245|256|0|107|1|82|
13|246|256|0|108|1|82|
13|246|240|0|108|1|82|
13|245|240|0|107|1|82|
13|249|240|0|109|1|82|
13|249|256|0|109|1|82|
13|246|240|0|108|1|82|
13|246|240|0|108|1|82|
13|246|256|0|108|1|82|
13|246|240|0|108|1|82|
13|246|240|0|108|1|82|
13|245|256|0|107|1|82|
13|246|256|0|108|1|82|
13|245|240|0|107|1|82|
13|246|256|0|108|1|82|
13|245|256|0|107|1|82|
13|248|240|0|108|1|82|
13|246|256|0|108|1|82|
13|246|256|0|108|1|82|
13|246|240|0|108|1|82|
13|249|240|0|109|1|82|
13|248|256|0|108|1|82|
13|246|256|0|108|1|82|
13|249|240|0|109|1|82|
13|246|240|0|108|1|82|
13|246|240|0|108|1|82|
13|246|240|0|108|1|82|
13|247|256|0|108|1|82|
13|246|240|0|108|1|82|
13|248|240|0|108|1|82|
13|245|256|0|107|1|82|
13|249|240|0|109|1|82|
13|248|240|0|108|1|82|
13|248|256|0|108|1|82|
13|248|240|0|108|1|82|
13|249|256|0|109|1|82|
13|246|256|0|108|1|82|
13|248|240|0|108|1|82|
13|248|240|0|108|1|82|
13|249|256|0|109|1|82|
13|245|256|0|107|1|82|
13|248|256|0|108|1|82|
13|246|256|0|108|1|82|
13|245|256|0|107|1|82|
13|249|240|0|109|1|82|
13|419|432|0|139|1|82|
13|248|240|0|108|1|82|
13|248|256|0|108|1|82|
13|249|256|0|109|1|82|
13|246|256|0|108|1|82|
13|246|240|0|108|1|82|
13|246|240|0|108|1|82|
13|246|240|0|108|1|82|
13|246|240|0|108|1|82|
13|341|336|0|139|1|82|
13|246|224|0|108|1|82|
13|246|256|0|108|1|82|
13|246|256|0|108|1|82|
13|250|256|0|109|1|82|
13|246|256|0|108|1|82|
13|246|256|0|108|1|82|
13|246|240|0|108|1|82|
13|247|256|0|108|1|82|
13|246|256|0|108|1|82|
13|248|256|0|108|1|82|
13|246|240|0|108|1|82|
13|246|256|0|108|1|82|
13|247|256|0|108|1|82|
13|246|240|0|108|1|82|
13|246|240|0|108|1|82|
13|245|256|0|107|1|82|
13|245|224|0|108|1|82|
13|248|256|0|108|1|82|
13|246|240|0|108|1|82|
13|247|240|0|108|1|82|
13|245|240|0|107|1|82|
13|247|256|0|108|1|82|
13|246|240|0|108|1|82|
13|246|256|0|108|1|82|
13|246|256|0|108|1|82|
13|246|256|0|108|1|82|
13|246|240|0|108|1|82|
13|250|256|0|109|1|82|
13|246|240|0|108|1|82|
13|246|256|0|108|1|82|
13|246|256|0|108|1|82|
13|245|240|0|107|1|82|
13|246|240|0|108|1|82|
13|245|256|0|107|1|82|
13|245|256|0|108|1|82|
13|245|256|0|107|1|82|
13|246|256|0|108|1|82|
13|246|256|0|108|1|82|
13|247|240|0|108|1|82|
13|247|240|0|108|1|82|
13|248|240|0|108|1|82|
13|248|240|0|108|1|82|
13|249|256|0|109|1|82|
13|247|256|0|108|1|82|
13|246|240|0|108|1|82|
13|246|240|0|108|1|82|
13|246|256|0|108|1|82|
13|246|256|0|108|1|82|
13|245|240|0|107|1|82|
13|246|240|0|108|1|82|
13|246|256|0|108|1|82|
13|245|240|0|107|1|82|
13|245|256|0|107|1|82|
13|248|240|0|108|1|82|
13|246|240|0|108|1|82|
13|245|256|0|107|1|82|
13|245|240|0|107|1|82|
13|245|240|0|107|1|82|
13|248|256|0|108|1|82|
13|245|240|0|107|1|82|
13|246|240|0|108|1|82|
13|456|448|0|139|1|82|
13|245|256|0|107|1|82|
13|247|256|0|108|1|82|
13|246|240|0|108|1|82|
13|245|240|0|108|1|82|
13|246|240|0|108|1|82|
13|245|256|0|107|1|82|
13|249|240|0|109|1|82|
13|248|240|0|108|1|82|
13|248|240|0|108|1|82|
13|246|256|0|108|1|82|
13|246|256|0|108|1|82|
13|245|240|0|107|1|82|
13|245|224|0|107|1|82|
13|246|256|0|108|1|82|
13|247|240|0|108|1|82|
13|245|240|0|107|1|82|
13|246|256|0|108|1|82|
13|248|256|0|108|1|82|
13|246|256|0|108|1|82|
13|248|240|0|108|1|82|
13|246|240|0|108|1|82|
13|246|256|0|108|1|82|
13|245|240|0|107|1|82|
13|246|256|0|108|1|82|
13|248|240|0|108|1|82|
13|249|240|0|109|1|82|
13|248|256|0|108|1|82|
13|250|240|0|109|1|82|
13|246|240|0|108|1|82|
13|248|256|0|108|1|82|
13|245|240|0|107|1|82|
13|246|240|0|108|1|82|
13|246|240|0|108|1|82|
13|246|256|0|108|1|82|
13|248|240|0|108|1|82|
13|248|240|0|108|1|82|
13|251|256|0|109|1|82|
13|248|256|0|108|1|82|
13|249|240|0|109|1|82|
13|246|240|0|108|1|82|
13|247|256|0|108|1|82|
13|246|240|0|108|1|82|
13|246|256|0|108|1|82|
13|246|256|0|108|1|82|
13|246|256|0|108|1|82|
13|245|240|0|107|1|82|
13|246|240|0|108|1|82|
13|245|256|0|107|1|82|
13|249|256|0|109|1|82|
13|247|240|0|108|1|82|
13|248|240|0|108|1|82|
13|248|240|0|108|1|82|
13|245|256|0|107|1|82|
13|246|240|0|108|1|82|
13|246|240|0|108|1|82|
13|248|240|0|108|1|82|
13|246|240|0|108|1|82|
13|246|240|0|108|1|82|
13|249|240|0|109|1|82|
13|249|240|0|109|1|82|
13|245|240|0|107|1|82|
13|248|256|0|108|1|82|
13|251|256|0|109|1|82|
13|248|256|0|108|1|82|
13|246|240|0|108|1|82|
13|248|240|0|108|1|82|
13|246|256|0|108|1|82|
13|246|240|0|108|1|82|
13|246|256|0|108|1|82|
13|245|256|0|107|1|82|
13|246|240|0|108|1|82|
13|246|240|0|108|1|82|
13|247|256|0|108|1|82|
13|246|256|0|108|1|82|
13|245|240|0|107|1|82|
13|246|240|0|108|1|82|
13|245|240|0|107|1|82|
13|245|240|0|107|1|82|
13|246|256|0|108|1|82|
13|248|256|0|108|1|82|
13|246|240|0|108|1|82|
13|248|256|0|108|1|82|
13|561|544|0|139|1|82|
13|246|240|0|108|1|82|
13|246|256|0|108|1|82|
13|246|256|0|108|1|82|
13|245|256|0|107|1|82|
13|247|256|0|108|1|82|
13|246|256|0|108|1|82|
13|248|240|0|108|1|82|
13|245|240|0|107|1|82|
13|245|256|0|108|1|82|
13|246|256|0|108|1|82|
13|245|256|0|107|1|82|
13|245|256|0|107|1|82|
13|245|240|0|107|1|82|
13|248|256|0|108|1|82|
13|246|240|0|108|1|82|
13|246|256|0|108|1|82|
13|247|256|0|108|1|82|
13|246|240|0|108|1|82|
13|246|240|0|108|1|82|
13|246|256|0|108|1|82|
13|247|256|0|108|1|82|
13|249|240|0|109|1|82|
13|248|240|0|108|1|82|
13|247|240|0|108|1|82|
13|248|240|0|108|1|82|
13|248|240|0|108|1|82|
13|249|240|0|109|1|82|
13|248|256|0|108|1|82|
13|249|240|0|109|1|82|
13|247|240|0|108|1|82|
13|246|240|0|108|1|82|
13|246|240|0|108|1|82|
13|246|256|0|108|1|82|
13|248|240|0|108|1|82|
13|246|256|0|108|1|82|
13|245|240|0|107|1|82|
13|246|240|0|108|1|82|
13|246|240|0|108|1|82|
13|246|256|0|108|1|82|
13|247|240|0|108|1|82|
13|246|240|0|108|1|82|
13|246|240|0|108|1|82|
13|247|240|0|108|1|82|
13|246|240|0|108|1|82|
13|247|240|0|108|1|82|
13|245|240|0|107|1|82|
13|248|240|0|108|1|82|
13|245|256|0|107|1|82|
13|274|288|0|117|1|82|
13|249|256|0|109|1|82|
13|249|256|0|109|1|82|
13|245|240|0|107|1|82|
13|247|240|0|108|1|82|
13|246|224|0|108|1|82|
13|244|256|0|107|1|82|
13|261|256|0|204|1|50|
13|245|240|0|108|1|82|
13|247|256|0|108|1|82|
13|246|240|0|108|1|82|
13|246|240|0|108|1|82|
13|246|256|0|108|1|82|
13|246|256|0|108|1|82|
13|246|256|0|108|1|82|
13|247|240|0|108|1|82|
13|248|256|0|108|1|82|
13|245|240|0|107|1|82|
13|246|240|0|108|1|82|
13|248|256|0|108|1|82|
13|246|256|0|108|1|82|
13|246|240|0|108|1|82|
13|246|240|0|108|1|82|
13|245|256|0|107|1|82|
13|245|256|0|107|1|82|
13|246|240|0|108|1|82|
13|249|256|0|109|1|82|
13|246|256|0|108|1|82|
13|246|240|0|108|1|82|
13|245|240|0|107|1|82|
13|245|256|0|107|1|82|
13|245|240|0|107|1|82|
13|246|240|0|108|1|82|
13|246|240|0|108|1|82|
13|246|256|0|108|1|82|
13|246|240|0|108|1|82|
13|246|256|0|108|1|82|
13|246|256|0|108|1|82|
13|246|256|0|108|1|82|
13|246|256|0|108|1|82|
13|246|240|0|108|1|82|
13|246|240|0|108|1|82|
13|246|240|0|108|1|82|
13|246|240|0|108|1|82|
13|245|240|0|107|1|82|
13|245|256|0|107|1|82|
13|248|240|0|108|1|82|
13|393|384|0|139|1|82|
13|249|224|0|109|1|82|
13|246|240|0|108|1|82|
13|246|240|0|108|1|82|
13|245|240|0|107|1|82|
13|246|240|0|108|1|82|
13|246|256|0|108|1|82|
13|246|256|0|108|1|82|
13|246|240|0|108|1|82|
13|247|240|0|108|1|82|
13|246|256|0|108|1|82|
13|246|256|0|108|1|82|
13|246|240|0|108|1|82|
13|246|240|0|108|1|82|
13|461|464|0|139|1|82|
13|348|352|0|139|1|82|
13|246|240|0|108|1|82|
13|246|240|0|108|1|82|
13|246|240|0|108|1|82|
13|247|256|0|108|1|82|
13|246|240|0|108|1|82|
13|246|240|0|108|1|82|
13|246|240|0|108|1|82|
13|245|240|0|107|1|82|
13|246|256|0|108|1|82|
13|250|256|0|109|1|82|
13|254|256|0|110|1|82|
13|249|240|0|109|1|82|
13|248|240|0|109|1|82|
13|246|240|0|108|1|82|
13|246|256|0|108|1|82|
13|248|240|0|108|1|82|
13|245|256|0|107|1|82|
13|249|256|0|109|1|82|
13|246|240|0|108|1|82|
13|246|240|0|108|1|82|
13|250|256|0|109|1|82|
13|249|240|0|109|1|82|
13|248|240|0|108|1|82|
13|246|256|0|108|1|82|
13|249|240|0|109|1|82|
13|245|240|0|107|1|82|
13|248|256|0|108|1|82|
13|246|240|0|108|1|82|
13|248|256|0|108|1|82|
13|248|256|0|108|1|82|
13|249|256|0|109|1|82|
13|249|256|0|109|1|82|
13|246|240|0|108|1|82|
13|246|256|0|108|1|82|
13|246|256|0|108|1|82|
13|249|256|0|109|1|82|
13|246|240|0|108|1|82|
13|248|240|0|108|1|82|
13|246|240|0|108|1|82|
13|249|224|0|109|1|82|
13|246|240|0|108|1|82|
13|246|256|0|108|1|82|
13|248|256|0|108|1|82|
13|246|256|0|108|1|82|
13|247|240|0|108|1|82|
13|248|256|0|108|1|82|
13|246|240|0|108|1|82|
13|248|240|0|108|1|82|
13|245|256|0|107|1|82|
13|245|240|0|107|1|82|
13|246|240|0|108|1|82|
13|246|240|0|108|1|82|
13|246|240|0|108|1|82|
13|246|240|0|108|1|82|
13|292|288|0|123|1|82|
13|248|240|0|108|1|82|
13|245|240|0|107|1|82|
13|249|240|0|109|1|82|
13|245|256|0|108|1|82|
13|249|256|0|109|1|82|
13|440|432|0|139|1|82|
13|245|240|0|107|1|82|
13|246|256|0|108|1|82|
13|246|256|0|108|1|82|
13|323|320|0|133|1|82|
13|252|240|0|110|1|82|
13|247|240|0|108|1|82|
13|246|240|0|108|1|82|
13|246|240|0|108|1|82|
13|249|240|0|109|1|82|
13|248|240|0|108|1|82|
13|249|256|0|109|1|82|
13|249|256|0|109|1|82|
13|245|256|0|107|1|82|
13|245|240|0|107|1|82|
13|249|224|0|109|1|82|
13|245|240|0|107|1|82|
13|246|240|0|108|1|82|
13|250|256|0|109|1|82|
13|246|256|0|108|1|82|
13|248|256|0|108|1|82|
13|246|240|0|108|1|82|
13|245|240|0|107|1|82|
13|269|240|0|219|1|49|
13|267|224|0|115|1|82|
13|264|224|0|114|1|82|
13|257|208|0|111|1|82|
13|260|240|0|112|1|82|
13|244|240|0|107|1|82|
13|247|240|0|108|1|82|
13|245|256|0|107|1|82|
13|245|256|0|107|1|82|
13|248|256|0|108|1|82|
13|245|240|0|107|1|82|
13|360|352|0|139|1|82|
13|246|240|0|108|1|82|
13|324|336|0|134|1|82|
13|248|256|0|108|1|82|
13|245|256|0|107|1|82|
13|250|256|0|109|1|82|
13|248|256|0|108|1|82|
13|248|256|0|108|1|82|
13|249|240|0|109|1|82|
13|248|256|0|108|1|82|
13|248|256|0|108|1|82|
13|248|240|0|108|1|82|
13|248|256|0|108|1|82|
13|247|256|0|108|1|82|
13|246|240|0|108|1|82|
13|246|240|0|108|1|82|
13|246|240|0|108|1|82|
13|245|240|0|107|1|82|
13|245|240|0|107|1|82|
13|245|240|0|107|1|82|
13|245|240|0|107|1|82|
13|249|240|0|109|1|82|
13|246|240|0|108|1|82|
13|246|240|0|108|1|82|
13|248|256|0|108|1|82|
13|246|256|0|108|1|82|
13|245|256|0|108|1|82|
13|250|256|0|109|1|82|
13|249|240|0|109|1|82|
13|246|240|0|108|1|82|
13|250|240|0|109|1|82|
13|248|256|0|108|1|82|
13|248|240|0|108|1|82|
