INSTRUCTIONS_RETIRED|CYCLES|UNKNOWN|LD_BLOCKS.STORE_FORWARD|UOPS_EXECUTED.CORE|BR_MISP_RETIRED.ALL_BRANCHES|UOPS_ISSUED.SLOW_LEA|
13|295|192|0|125|1|122|
13|283|208|0|121|1|116|
13|285|208|0|121|1|118|
13|267|208|0|115|1|112|
13|250|240|0|110|1|104|
13|250|240|0|110|1|104|
13|272|240|0|486|1|23|
13|717|512|0|254|1|76|
13|256|240|0|112|1|108|
13|245|256|0|108|1|104|
13|269|240|0|236|1|54|
13|505|480|0|181|1|128|
13|244|240|0|108|1|104|
13|248|256|0|109|1|104|
13|244|240|0|108|1|104|
13|244|240|0|108|1|104|
13|244|240|0|108|1|104|
13|244|240|0|108|1|104|
13|243|240|0|107|1|102|
13|243|240|0|107|1|102|
13|244|224|0|108|1|104|
13|263|256|0|191|1|60|
13|290|272|0|136|1|66|
13|330|256|0|136|1|132|
13|271|208|0|117|1|114|
13|249|256|0|109|1|106|
13|248|256|0|109|1|104|
13|243|256|0|107|1|102|
13|246|256|0|108|1|104|
13|243|224|0|107|1|104|
13|243|256|0|107|1|104|
13|243|224|0|107|1|102|
13|244|240|0|108|1|104|
13|243|256|0|107|1|102|
13|243|256|0|107|1|104|
13|246|256|0|108|1|104|
13|244|256|0|108|1|104|
13|247|256|0|109|1|106|
13|248|256|0|109|1|104|
13|365|368|0|148|1|130|
13|243|256|0|107|1|102|
13|244|256|0|108|1|104|
13|244|224|0|108|1|102|
13|243|256|0|107|1|104|
13|243|256|0|107|1|102|
13|246|240|0|108|1|104|
13|246|240|0|108|1|104|
13|247|240|0|109|1|104|
13|246|256|0|108|1|104|
13|244|256|0|108|1|104|
13|245|240|0|108|1|106|
13|245|240|0|108|1|106|
13|243|240|0|107|1|102|
13|243|240|0|107|1|102|
13|244|240|0|108|1|104|
13|243|256|0|107|1|102|
13|244|240|0|108|1|104|
13|244|224|0|108|1|104|
13|244|256|0|108|1|104|
13|246|240|0|108|1|104|
13|247|240|0|109|1|104|
13|1619|1632|0|183|1|130|
13|243|240|0|107|1|102|
13|244|256|0|108|1|104|
13|247|256|0|109|1|106|
13|243|240|0|107|1|104|
13|247|224|0|109|1|106|
13|243|224|0|107|1|102|
13|243|256|0|107|1|102|
13|247|224|0|109|1|104|
13|247|240|0|109|1|106|
13|247|256|0|109|1|106|
13|246|256|0|108|1|104|
13|247|256|0|109|1|104|
13|243|240|0|107|1|104|
13|247|256|0|109|1|106|
13|243|240|0|107|1|102|
13|247|224|0|109|1|104|
13|243|224|0|107|1|104|
13|246|240|0|108|1|104|
13|246|240|0|108|1|104|
13|246|240|0|108|1|104|
13|244|240|0|108|1|102|
13|244|240|0|108|1|104|
13|244|256|0|108|1|104|
13|243|240|0|107|1|102|
13|247|256|0|109|1|106|
13|244|240|0|108|1|104|
13|248|256|0|109|1|104|
13|246|240|0|108|1|104|
13|247|240|0|109|1|104|
13|247|256|0|109|1|104|
13|243|240|0|107|1|102|
13|245|256|0|108|1|106|
13|244|256|0|108|1|104|
13|243|256|0|107|1|102|
13|246|240|0|108|1|104|
13|244|240|0|108|1|104|
13|247|240|0|109|1|106|
13|243|256|0|107|1|104|
13|244|240|0|108|1|102|
13|246|240|0|108|1|104|
13|247|240|0|109|1|106|
13|246|256|0|108|1|104|
13|246|256|0|108|1|104|
13|244|256|0|108|1|104|
13|246|240|0|108|1|104|
13|244|240|0|108|1|104|
13|248|240|0|109|1|106|
13|244|240|0|108|1|104|
13|248|256|0|109|1|106|
13|244|256|0|108|1|104|
13|249|256|0|109|1|104|
13|245|240|0|108|1|104|
13|244|240|0|108|1|104|
13|244|240|0|108|1|104|
13|244|240|0|108|1|104|
13|243|240|0|107|1|104|
13|244|256|0|108|1|104|
13|244|240|0|108|1|104|
13|244|240|0|108|1|104|
13|243|256|0|107|1|102|
13|244|256|0|108|1|104|
13|247|240|0|109|1|106|
13|244|256|0|108|1|104|
13|244|224|0|108|1|104|
13|244|240|0|108|1|104|
13|246|240|0|108|1|104|
13|246|240|0|108|1|104|
13|248|240|0|109|1|104|
13|244|240|0|108|1|102|
13|246|256|0|108|1|104|
13|243|240|0|107|1|102|
13|246|256|0|108|1|104|
13|246|256|0|108|1|104|
13|246|256|0|108|1|102|
13|246|240|0|108|1|104|
13|244|224|0|108|1|104|
13|245|240|0|108|1|106|
13|244|240|0|108|1|104|
13|244|240|0|108|1|104|
13|246|256|0|108|1|104|
13|244|256|0|108|1|104|
13|246|240|0|108|1|104|
13|246|256|0|108|1|104|
13|245|240|0|108|1|106|
13|244|240|0|108|1|104|
13|245|240|0|108|1|106|
13|243|240|0|107|1|104|
13|244|240|0|108|1|104|
13|243|240|0|107|1|102|
13|244|240|0|108|1|104|
13|247|256|0|109|1|106|
13|360|352|0|146|1|128|
13|243|240|0|107|1|102|
13|248|240|0|109|1|104|
13|247|240|0|109|1|104|
13|244|256|0|108|1|104|
13|243|256|0|107|1|102|
13|246|256|0|108|1|104|
13|249|240|0|109|1|106|
13|245|240|0|108|1|102|
13|244|240|0|108|1|104|
13|244|240|0|108|1|104|
13|246|256|0|108|1|104|
13|244|256|0|108|1|104|
13|243|240|0|107|1|102|
13|244|240|0|108|1|104|
13|246|256|0|108|1|104|
13|243|256|0|107|1|104|
13|246|240|0|108|1|104|
13|247|240|0|109|1|106|
13|247|240|0|109|1|106|
13|246|240|0|108|1|104|
13|245|240|0|108|1|104|
13|248|240|0|109|1|104|
13|243|240|0|107|1|102|
13|246|240|0|108|1|104|
13|243|240|0|107|1|102|
13|244|240|0|108|1|104|
13|246|256|0|108|1|104|
13|244|224|0|108|1|104|
13|244|256|0|108|1|104|
13|246|256|0|108|1|104|
13|244|256|0|108|1|104|
13|246|256|0|108|1|104|
13|244|240|0|108|1|104|
13|245|256|0|108|1|104|
13|244|256|0|108|1|104|
13|244|240|0|108|1|104|
13|244|256|0|108|1|104|
13|247|256|0|109|1|106|
13|243|256|0|107|1|102|
13|246|240|0|108|1|104|
13|246|240|0|108|1|104|
13|244|256|0|108|1|104|
13|249|256|0|109|1|104|
13|246|240|0|108|1|104|
13|246|256|0|108|1|104|
13|243|240|0|107|1|102|
13|249|256|0|109|1|106|
13|244|240|0|108|1|104|
13|243|240|0|107|1|102|
13|244|256|0|108|1|104|
13|244|240|0|108|1|104|
13|244|256|0|108|1|104|
13|244|240|0|108|1|104|
13|244|256|0|108|1|104|
13|244|240|0|108|1|104|
13|243|240|0|107|1|102|
13|245|256|0|108|1|104|
13|244|240|0|108|1|104|
13|246|240|0|108|1|104|
13|244|256|0|108|1|104|
13|244|240|0|108|1|102|
13|247|240|0|109|1|106|
13|245|224|0|108|1|106|
13|244|240|0|108|1|104|
13|247|256|0|109|1|104|
13|244|256|0|108|1|104|
13|247|240|0|109|1|106|
13|248|256|0|109|1|104|
13|246|256|0|108|1|104|
13|243|240|0|107|1|102|
13|244|240|0|108|1|104|
13|246|240|0|108|1|104|
13|244|256|0|108|1|104|
13|245|256|0|108|1|106|
13|244|256|0|108|1|104|
13|246|240|0|108|1|104|
13|246|256|0|108|1|104|
13|244|240|0|108|1|104|
13|243|256|0|107|1|104|
13|246|240|0|108|1|104|
13|244|240|0|108|1|104|
13|245|240|0|108|1|106|
13|246|256|0|108|1|104|
13|244|256|0|108|1|104|
13|244|240|0|108|1|104|
13|245|240|0|108|1|106|
13|247|240|0|109|1|106|
13|243|256|0|107|1|102|
13|244|240|0|108|1|104|
13|243|240|0|107|1|102|
13|244|240|0|108|1|102|
13|245|240|0|108|1|104|
13|244|240|0|108|1|104|
13|243|256|0|107|1|102|
13|246|240|0|108|1|102|
13|245|256|0|108|1|104|
13|244|240|0|108|1|104|
13|243|240|0|107|1|102|
13|244|240|0|108|1|104|
13|244|240|0|108|1|104|
13|244|240|0|108|1|104|
13|243|240|0|107|1|102|
13|243|256|0|107|1|102|
13|243|240|0|107|1|104|
13|244|240|0|108|1|104|
13|412|400|0|164|1|128|
13|249|256|0|109|1|106|
13|249|256|0|109|1|106|
13|248|256|0|109|1|104|
13|243|240|0|107|1|102|
13|246|240|0|108|1|104|
13|244|240|0|108|1|104|
13|251|256|0|110|1|104|
13|244|240|0|108|1|102|
13|245|256|0|108|1|106|
13|246|240|0|108|1|104|
13|244|240|0|108|1|104|
13|245|256|0|108|1|106|
13|244|240|0|108|1|104|
13|244|240|0|108|1|104|
13|244|240|0|108|1|104|
13|243|240|0|107|1|102|
13|243|256|0|107|1|104|
13|244|240|0|108|1|104|
13|244|224|0|108|1|104|
13|243|240|0|107|1|104|
13|243|256|0|107|1|104|
13|243|224|0|107|1|102|
13|244|256|0|108|1|104|
13|244|256|0|108|1|104|
13|243|240|0|107|1|102|
13|245|240|0|108|1|104|
13|244|240|0|108|1|104|
13|244|240|0|108|1|104|
13|243|256|0|107|1|102|
13|250|256|0|110|1|104|
13|244|240|0|107|1|102|
13|243|256|0|107|1|102|
13|244|240|0|108|1|104|
13|246|256|0|108|1|104|
13|247|256|0|109|1|104|
13|244|240|0|108|1|104|
13|246|240|0|108|1|104|
13|246|240|0|108|1|104|
13|244|240|0|108|1|104|
13|244|240|0|108|1|104|
13|244|224|0|108|1|104|
13|246|240|0|108|1|104|
13|244|256|0|108|1|102|
13|244|240|0|108|1|104|
13|244|240|0|108|1|104|
13|243|240|0|107|1|102|
13|243|256|0|107|1|104|
13|244|256|0|108|1|104|
13|244|240|0|108|1|104|
13|246|240|0|108|1|104|
13|243|240|0|107|1|102|
13|244|240|0|108|1|104|
13|243|240|0|107|1|104|
13|244|240|0|108|1|104|
13|243|240|0|107|1|102|
13|243|240|0|107|1|104|
13|244|240|0|108|1|104|
13|244|240|0|108|1|104|
13|244|240|0|108|1|104|
13|244|256|0|108|1|104|
13|243|240|0|107|1|104|
13|247|240|0|109|1|106|
13|244|256|0|108|1|104|
13|244|240|0|108|1|104|
13|244|240|0|108|1|102|
13|245|256|0|108|1|102|
13|244|240|0|108|1|104|
13|406|400|0|361|1|35|
13|262|224|0|114|1|108|
13|244|256|0|108|1|102|
13|246|240|0|108|1|104|
13|244|240|0|108|1|104|
13|257|272|0|208|1|56|
13|272|208|0|117|1|112|
13|337|240|0|247|1|60|
13|293|192|0|124|1|116|
13|298|192|0|126|1|118|
13|342|208|0|242|1|48|
13|296|192|0|125|1|116|
13|294|192|0|124|1|118|
13|272|208|0|117|1|114|
13|271|208|0|117|1|112|
13|249|240|0|109|1|104|
13|270|256|0|192|1|42|
13|256|224|0|112|1|108|
13|256|240|0|112|1|108|
13|246|256|0|108|1|104|
13|243|240|0|107|1|104|
13|244|256|0|108|1|104|
13|244|240|0|108|1|104|
13|245|240|0|108|1|104|
13|305|240|0|309|2|45|
13|261|208|0|113|1|108|
13|266|208|0|115|1|112|
13|244|240|0|108|1|104|
13|244|256|0|108|1|104|
13|247|256|0|109|1|106|
13|244|240|0|108|1|104|
13|247|256|0|109|1|104|
13|244|240|0|108|1|104|
13|244|256|0|108|1|104|
13|244|240|0|108|1|104|
13|243|240|0|107|1|104|
13|246|256|0|108|1|104|
13|246|240|0|108|1|104|
13|247|256|0|109|1|106|
13|247|256|0|109|1|104|
13|252|256|0|110|1|106|
13|244|240|0|108|1|104|
13|246|240|0|108|1|104|
13|246|256|0|108|1|104|
13|247|240|0|109|1|104|
13|244|240|0|108|1|104|
13|246|240|0|108|1|104|
13|246|256|0|108|1|104|
13|244|240|0|108|1|104|
13|244|240|0|108|1|104|
13|244|256|0|108|1|104|
13|243|240|0|107|1|102|
13|243|240|0|107|1|104|
13|247|256|0|109|1|104|
13|247|240|0|109|1|106|
13|249|256|0|109|1|106|
13|244|240|0|108|1|104|
13|247|256|0|108|1|104|
13|243|240|0|107|1|104|
13|246|240|0|108|1|104|
13|242|224|0|107|1|102|
13|242|256|0|107|1|104|
13|246|256|0|108|1|104|
13|243|240|0|107|1|102|
13|242|256|0|107|1|104|
13|243|240|0|107|1|102|
13|246|256|0|108|1|104|
13|242|240|0|107|1|104|
13|323|336|0|267|1|33|
13|244|240|0|108|1|104|
13|248|256|0|109|1|104|
13|247|256|0|109|1|104|
13|246|256|0|108|1|104|
13|244|224|0|108|1|104|
13|243|240|0|107|1|104|
13|244|240|0|108|1|104|
13|243|256|0|107|1|104|
13|244|240|0|108|1|104|
13|244|240|0|108|1|104|
13|246|240|0|108|1|104|
13|267|256|0|463|1|27|
13|392|336|0|196|1|40|
13|253|224|0|111|1|106|
13|243|240|0|107|1|104|
13|244|240|0|108|1|102|
13|246|240|0|108|1|104|
13|274|272|0|118|1|116|
13|246|256|0|108|1|104|
13|246|256|0|108|1|104|
13|249|256|0|109|1|106|
13|700|704|0|181|1|128|
13|244|256|0|108|1|104|
13|246|240|0|108|1|104|
13|344|336|0|130|1|67|
13|244|256|0|108|1|104|
13|249|240|0|109|1|106|
13|246|240|0|108|1|104|
13|247|240|0|109|1|104|
13|244|256|0|108|1|104|
13|246|256|0|108|1|104|
13|247|240|0|109|1|106|
13|243|256|0|107|1|102|
13|245|256|0|108|1|106|
13|243|240|0|107|1|102|
13|246|256|0|108|1|104|
13|247|240|0|109|1|104|
13|246|240|0|108|1|104|
13|244|240|0|108|1|104|
13|245|240|0|108|1|106|
13|245|240|0|108|1|106|
13|226|208|0|59|0|4|
13|244|240|0|108|1|104|
13|247|240|0|109|1|106|
13|244|224|0|108|1|104|
13|250|256|0|110|1|106|
13|964|912|0|453|1|52|
13|287|208|0|234|1|60|
13|288|208|0|436|1|33|
13|282|208|0|263|1|68|
13|334|240|0|267|1|68|
13|281|240|0|118|1|58|
13|332|240|0|306|1|34|
13|300|208|0|420|1|46|
13|299|208|0|176|1|46|
13|334|256|0|167|1|72|
13|303|224|0|125|1|64|
13|274|208|0|84|0|4|
13|317|240|0|364|1|30|
13|292|208|0|321|1|52|
13|294|208|0|265|1|37|
13|297|208|0|179|1|68|
13|291|208|0|154|1|68|
13|295|208|0|451|1|40|
13|322|176|0|222|1|40|
13|459|272|0|627|1|46|
13|317|192|0|162|1|66|
13|338|208|0|585|1|34|
13|323|176|0|301|1|40|
13|339|192|0|582|1|32|
13|331|192|0|283|1|37|
13|304|176|0|142|1|68|
13|334|192|0|448|1|50|
13|324|192|0|143|1|64|
13|903|528|0|924|1|56|
13|316|208|0|237|1|58|
13|337|192|0|291|1|71|
13|322|208|0|387|1|40|
13|337|192|0|397|1|66|
13|369|224|0|111|1|40|
13|333|192|0|587|1|31|
13|320|208|0|207|1|61|
13|338|192|0|228|1|62|
13|754|464|0|202|1|72|
13|326|192|0|446|1|35|
13|317|208|0|268|1|71|
13|346|192|0|276|1|38|
13|380|240|0|126|0|1|
13|313|192|0|478|1|39|
13|319|208|0|417|1|28|
13|345|224|0|365|1|37|
13|299|176|0|113|1|60|
13|315|192|0|274|1|37|
13|293|176|0|124|1|120|
13|255|224|0|111|1|106|
13|250|240|0|110|1|104|
13|250|240|0|110|1|104|
13|402|384|0|160|1|128|
13|246|240|0|108|1|104|
13|244|240|0|108|1|104|
13|244|240|0|108|1|104|
13|246|240|0|108|1|104|
13|244|240|0|108|1|104|
13|243|256|0|107|1|104|
13|244|240|0|108|1|104|
13|244|240|0|108|1|104|
13|244|240|0|108|1|102|
13|244|224|0|108|1|104|
13|244|256|0|108|1|104|
13|246|240|0|108|1|104|
13|244|240|0|108|1|104|
13|247|256|0|109|1|104|
13|243|240|0|107|1|102|
13|246|256|0|108|1|104|
13|243|240|0|107|1|102|
13|246|240|0|108|1|104|
13|244|256|0|108|1|104|
13|246|256|0|108|1|104|
13|244|256|0|108|1|104|
13|244|240|0|108|1|104|
13|244|240|0|108|1|104|
13|244|240|0|108|1|102|
13|244|240|0|108|1|104|
13|244|240|0|108|1|104|
13|244|240|0|108|1|102|
13|243|256|0|107|1|104|
13|244|240|0|108|1|104|
13|247|240|0|109|1|106|
13|244|240|0|108|1|104|
13|244|256|0|108|1|104|
13|246|256|0|108|1|104|
13|247|256|0|109|1|106|
13|247|240|0|109|1|106|
13|244|256|0|108|1|104|
13|243|240|0|107|1|104|
13|244|240|0|108|1|104|
13|244|240|0|108|1|104|
13|247|240|0|109|1|104|
13|243|240|0|107|1|104|
13|245|240|0|108|1|104|
13|266|208|0|115|1|112|
13|249|224|0|109|1|106|
13|244|256|0|108|1|102|
13|246|240|0|108|1|102|
13|243|224|0|107|1|102|
13|246|256|0|108|1|104|
13|243|240|0|107|1|102|
13|246|240|0|108|1|104|
13|248|240|0|109|1|104|
13|243|256|0|107|1|104|
13|246|240|0|108|1|104|
13|243|240|0|107|1|104|
13|244|256|0|108|1|104|
13|246|256|0|108|1|104|
13|244|240|0|108|1|104|
13|245|256|0|108|1|104|
13|246|256|0|108|1|104|
13|246|240|0|108|1|104|
13|243|240|0|107|1|102|
13|244|240|0|108|1|104|
13|244|256|0|108|1|102|
13|264|272|0|114|1|108|
13|244|240|0|108|1|104|
13|244|240|0|108|1|104|
13|243|224|0|107|1|104|
13|246|240|0|108|1|104|
13|244|240|0|108|1|104|
13|246|240|0|108|1|104|
13|243|240|0|107|1|102|
13|247|256|0|109|1|106|
13|243|240|0|107|1|102|
13|244|240|0|108|1|104|
13|244|240|0|108|1|104|
13|244|256|0|108|1|102|
13|244|224|0|108|1|104|
13|245|256|0|108|1|106|
13|245|240|0|108|1|106|
13|244|256|0|108|1|104|
13|244|256|0|108|1|104|
13|243|224|0|107|1|102|
13|244|256|0|108|1|104|
13|243|240|0|107|1|104|
13|243|240|0|107|1|102|
13|244|224|0|108|1|104|
13|246|240|0|108|1|104|
13|244|256|0|108|1|104|
13|247|256|0|109|1|104|
13|244|240|0|108|1|104|
13|243|240|0|107|1|102|
13|245|240|0|108|1|106|
13|244|240|0|108|1|102|
13|243|240|0|107|1|104|
13|244|240|0|108|1|104|
13|244|240|0|108|1|104|
13|246|240|0|108|1|104|
13|246|240|0|108|1|104|
13|244|224|0|108|1|102|
13|244|240|0|108|1|104|
13|244|256|0|108|1|104|
13|243|224|0|107|1|102|
13|247|240|0|109|1|106|
13|244|240|0|108|1|104|
13|246|240|0|108|1|104|
13|244|256|0|108|1|104|
13|248|240|0|109|1|104|
13|244|256|0|108|1|102|
13|244|240|0|108|1|104|
13|244|240|0|108|1|104|
13|244|256|0|108|1|102|
13|243|256|0|107|1|102|
13|244|240|0|108|1|104|
13|248|240|0|109|1|104|
13|244|256|0|108|1|104|
13|243|224|0|107|1|102|
13|244|240|0|108|1|104|
13|249|256|0|109|1|106|
13|244|240|0|108|1|104|
13|247|240|0|109|1|104|
13|244|240|0|108|1|104|
13|244|256|0|108|1|104|
13|244|240|0|108|1|104|
13|246|256|0|108|1|104|
13|244|256|0|108|1|102|
13|244|256|0|108|1|102|
13|244|240|0|108|1|104|
13|243|256|0|107|1|102|
13|246|256|0|108|1|104|
13|249|240|0|109|1|104|
13|244|256|0|108|1|104|
13|246|240|0|108|1|104|
13|246|240|0|108|1|104|
13|246|256|0|108|1|104|
13|243|256|0|107|1|102|
13|245|240|0|108|1|106|
13|244|240|0|108|1|104|
13|244|240|0|108|1|104|
13|247|256|0|109|1|106|
13|243|240|0|107|1|102|
13|244|240|0|108|1|104|
13|243|224|0|107|1|102|
13|245|240|0|108|1|104|
13|245|240|0|108|1|102|
13|247|240|0|109|1|106|
13|244|240|0|108|1|104|
13|244|240|0|108|1|104|
13|245|240|0|108|1|106|
13|244|240|0|108|1|104|
13|244|240|0|108|1|104|
13|244|240|0|108|1|104|
13|245|240|0|108|1|104|
13|246|256|0|108|1|102|
13|244|256|0|108|1|104|
13|244|240|0|108|1|104|
13|243|256|0|107|1|104|
13|246|256|0|108|1|104|
13|244|240|0|108|1|104|
13|332|320|0|137|1|132|
13|243|240|0|107|1|102|
13|246|256|0|108|1|104|
13|243|256|0|107|1|102|
13|244|256|0|108|1|104|
13|246|240|0|108|1|104|
13|244|256|0|108|1|104|
13|261|256|0|173|1|56|
13|246|240|0|108|1|104|
13|244|240|0|108|1|104|
13|247|256|0|109|1|106|
13|244|240|0|108|1|104|
13|244|240|0|108|1|104|
13|244|240|0|108|1|104|
13|243|224|0|107|1|102|
13|243|240|0|107|1|102|
13|244|240|0|108|1|102|
13|247|256|0|109|1|106|
13|247|240|0|109|1|106|
13|248|240|0|109|1|104|
13|243|256|0|107|1|102|
13|252|224|0|110|1|106|
13|244|240|0|108|1|102|
13|244|240|0|108|1|104|
13|244|240|0|108|1|104|
13|244|240|0|108|1|102|
13|243|240|0|107|1|102|
13|244|240|0|108|1|104|
13|244|240|0|108|1|102|
13|244|256|0|108|1|102|
13|244|240|0|108|1|104|
13|244|240|0|108|1|104|
13|244|240|0|108|1|104|
13|248|240|0|109|1|104|
13|246|256|0|108|1|104|
13|246|256|0|108|1|104|
13|244|240|0|108|1|102|
13|245|224|0|108|1|104|
13|243|256|0|107|1|104|
13|244|240|0|108|1|104|
13|244|240|0|108|1|104|
13|243|240|0|107|1|102|
13|255|256|0|229|1|40|
13|243|224|0|107|1|102|
13|244|240|0|108|1|104|
13|244|224|0|108|1|104|
13|247|256|0|109|1|104|
13|244|240|0|108|1|102|
13|247|256|0|109|1|106|
13|246|256|0|108|1|104|
13|244|240|0|108|1|104|
13|247|256|0|109|1|104|
13|243|256|0|107|1|102|
13|246|256|0|108|1|104|
13|247|256|0|109|1|106|
13|246|256|0|108|1|104|
13|243|240|0|107|1|102|
13|247|256|0|109|1|106|
13|246|240|0|108|1|104|
13|247|240|0|109|1|104|
13|243|240|0|107|1|104|
13|244|240|0|108|1|104|
13|244|240|0|108|1|104|
13|244|256|0|108|1|104|
13|244|240|0|108|1|102|
13|245|240|0|108|1|104|
13|249|240|0|109|1|106|
13|244|256|0|108|1|104|
13|243|240|0|107|1|104|
13|246|224|0|108|1|102|
13|244|240|0|108|1|104|
13|247|256|0|109|1|106|
13|244|256|0|108|1|104|
13|244|240|0|108|1|102|
13|247|240|0|108|1|102|
13|246|240|0|108|1|104|
13|244|256|0|108|1|104|
13|246|256|0|108|1|104|
13|245|256|0|108|1|104|
13|244|240|0|108|1|104|
13|245|240|0|108|1|106|
13|243|240|0|107|1|102|
13|246|256|0|108|1|104|
13|244|256|0|108|1|104|
13|290|288|0|123|1|120|
13|244|256|0|108|1|104|
13|244|240|0|108|1|102|
13|244|256|0|107|1|102|
13|262|208|0|114|1|110|
13|262|208|0|114|1|108|
13|267|224|0|115|1|112|
13|246|224|0|108|1|104|
13|244|256|0|108|1|104|
13|245|224|0|108|1|106|
13|244|256|0|108|1|104|
13|247|256|0|109|1|104|
13|244|240|0|108|1|104|
13|246|256|0|108|1|104|
13|244|240|0|108|1|104|
13|247|240|0|109|1|106|
13|243|224|0|107|1|102|
13|249|256|0|109|1|106|
13|244|256|0|108|1|104|
13|243|240|0|107|1|102|
13|243|256|0|107|1|102|
13|244|240|0|108|1|104|
13|243|256|0|107|1|102|
13|244|240|0|108|1|104|
13|243|240|0|107|1|102|
13|247|256|0|109|1|106|
13|246|240|0|108|1|104|
13|244|240|0|108|1|104|
13|244|240|0|108|1|104|
13|245|240|0|108|1|102|
13|244|240|0|108|1|104|
13|244|240|0|108|1|104|
13|244|240|0|108|1|104|
13|247|256|0|109|1|104|
13|244|256|0|108|1|104|
13|244|240|0|108|1|104|
13|244|256|0|108|1|104|
13|244|240|0|108|1|104|
13|244|240|0|108|1|102|
13|244|256|0|108|1|104|
13|244|240|0|108|1|104|
13|244|240|0|108|1|104|
13|243|224|0|107|1|104|
13|244|256|0|108|1|104|
13|244|240|0|108|1|104|
13|246|256|0|108|1|104|
13|246|256|0|108|1|104|
13|247|240|0|109|1|106|
13|245|240|0|108|1|106|
13|253|240|0|194|1|68|
13|251|224|0|110|1|104|
13|256|224|0|112|1|108|
13|243|240|0|107|1|104|
13|244|256|0|108|1|104|
13|244|240|0|108|1|104|
13|244|240|0|108|1|104|
13|244|240|0|108|1|104|
13|244|240|0|108|1|104|
13|244|240|0|108|1|104|
13|246|256|0|108|1|102|
13|249|240|0|109|1|104|
13|246|240|0|108|1|104|
13|245|240|0|108|1|106|
13|247|240|0|109|1|104|
13|246|240|0|108|1|104|
13|244|240|0|108|1|104|
13|244|240|0|108|1|104|
13|244|240|0|108|1|104|
13|256|256|0|331|1|59|
13|244|240|0|108|1|104|
13|243|256|0|107|1|102|
13|244|240|0|108|1|104|
13|244|240|0|108|1|104|
13|244|240|0|108|1|104|
13|244|240|0|108|1|104|
13|244|240|0|108|1|104|
13|244|240|0|108|1|104|
13|244|256|0|108|1|104|
13|245|256|0|108|1|104|
13|244|256|0|108|1|104|
13|245|240|0|108|1|106|
13|246|240|0|108|1|104|
13|243|256|0|107|1|104|
13|247|256|0|109|1|106|
13|244|240|0|108|1|104|
13|247|256|0|109|1|106|
13|244|256|0|108|1|102|
13|246|256|0|108|1|104|
13|244|240|0|108|1|102|
13|245|240|0|108|1|106|
13|244|256|0|108|1|102|
13|247|256|0|109|1|104|
13|243|240|0|107|1|102|
13|246|240|0|108|1|104|
13|243|256|0|107|1|102|
13|249|256|0|109|1|104|
13|244|240|0|108|1|104|
13|247|240|0|109|1|106|
13|244|256|0|108|1|104|
13|247|256|0|109|1|104|
13|249|256|0|109|1|104|
13|244|256|0|108|1|104|
13|248|240|0|109|1|104|
13|244|240|0|108|1|104|
13|249|240|0|109|1|106|
13|243|240|0|107|1|102|
13|246|256|0|108|1|104|
13|244|224|0|108|1|104|
13|243|240|0|107|1|102|
13|244|240|0|108|1|104|
13|243|256|0|107|1|104|
13|243|240|0|107|1|102|
13|244|240|0|108|1|104|
13|244|240|0|108|1|104|
13|244|256|0|108|1|102|
13|244|240|0|108|1|104|
13|244|240|0|108|1|104|
13|244|240|0|108|1|104|
13|243|240|0|107|1|104|
13|243|256|0|107|1|102|
13|244|256|0|108|1|104|
13|244|256|0|108|1|104|
13|245|240|0|108|1|104|
13|245|240|0|108|1|106|
13|244|240|0|108|1|104|
13|247|240|0|109|1|106|
13|243|240|0|107|1|104|
13|247|256|0|109|1|104|
13|243|240|0|107|1|102|
13|245|240|0|108|1|106|
13|244|224|0|108|1|104|
13|243|224|0|107|1|104|
13|244|256|0|108|1|104|
13|244|240|0|108|1|104|
13|244|240|0|108|1|104|
13|249|256|0|109|1|106|
13|244|240|0|108|1|104|
13|244|240|0|108|1|104|
13|244|240|0|108|1|104|
13|244|240|0|108|1|104|
13|247|240|0|109|1|104|
13|248|256|0|109|1|104|
13|246|256|0|108|1|104|
13|302|288|0|127|1|124|
13|245|256|0|108|1|104|
13|246|224|0|108|1|104|
13|246|256|0|108|1|104|
13|246|256|0|108|1|104|
13|243|240|0|107|1|102|
13|244|240|0|108|1|102|
13|244|256|0|108|1|104|
13|246|256|0|108|1|104|
13|244|240|0|108|1|104|
13|243|240|0|107|1|104|
13|244|256|0|108|1|104|
13|248|240|0|109|1|104|
13|244|240|0|108|1|104|
13|246|256|0|108|1|104|
13|245|240|0|108|1|106|
13|244|256|0|108|1|104|
13|243|240|0|107|1|102|
13|243|240|0|107|1|102|
13|243|240|0|107|1|104|
13|260|224|0|113|1|106|
13|244|256|0|108|1|104|
13|244|256|0|108|1|104|
13|243|224|0|107|1|104|
13|244|240|0|108|1|104|
13|244|240|0|108|1|104|
13|243|256|0|107|1|102|
13|243|240|0|107|1|104|
13|246|256|0|108|1|104|
13|244|240|0|108|1|104|
13|246|256|0|108|1|104|
13|243|240|0|107|1|104|
13|245|240|0|108|1|104|
13|248|240|0|109|1|104|
13|249|240|0|109|1|106|
13|243|240|0|107|1|104|
13|244|256|0|108|1|104|
13|244|256|0|108|1|104|
13|244|240|0|108|1|104|
13|246|240|0|108|1|104|
13|244|224|0|108|1|102|
13|244|256|0|108|1|104|
13|248|256|0|109|1|104|
13|246|240|0|108|1|104|
13|249|256|0|109|1|106|
13|247|256|0|109|1|104|
13|244|240|0|108|1|104|
13|248|256|0|109|1|104|
13|244|240|0|108|1|104|
13|245|256|0|108|1|104|
13|244|240|0|108|1|104|
13|244|224|0|108|1|104|
13|242|240|0|107|1|104|
13|246|240|0|108|1|104|
13|244|240|0|108|1|104|
13|246|256|0|108|1|104|
13|244|256|0|108|1|104|
13|275|208|0|118|1|116|
13|272|208|0|117|1|112|
13|244|256|0|108|1|104|
13|244|240|0|108|1|104|
13|245|256|0|108|1|104|
13|244|240|0|108|1|104|
13|249|256|0|109|1|106|
13|243|256|0|107|1|102|
13|279|272|0|119|1|114|
13|244|240|0|108|1|104|
13|243|240|0|107|1|102|
13|246|240|0|108|1|104|
13|244|240|0|108|1|104|
13|247|256|0|109|1|104|
13|247|240|0|109|1|106|
13|244|256|0|108|1|104|
13|247|256|0|109|1|106|
13|248|256|0|109|1|104|
13|243|240|0|107|1|102|
13|244|256|0|108|1|104|
13|243|240|0|107|1|102|
13|243|224|0|107|1|104|
13|243|256|0|107|1|104|
13|244|240|0|108|1|104|
13|244|256|0|108|1|104|
13|244|240|0|108|1|104|
13|242|240|0|107|1|102|
13|243|240|0|107|1|104|
13|244|256|0|108|1|104|
13|246|256|0|108|1|104|
13|246|256|0|108|1|104|
13|244|240|0|108|1|104|
13|378|384|0|152|1|128|
13|245|256|0|108|1|106|
13|243|256|0|107|1|102|
13|244|240|0|108|1|102|
13|244|240|0|108|1|104|
13|244|256|0|108|1|104|
13|244|240|0|108|1|104|
13|243|240|0|107|1|104|
13|246|240|0|108|1|104|
13|247|256|0|109|1|106|
13|244|240|0|108|1|104|
13|244|240|0|108|1|104|
13|244|240|0|108|1|104|
13|246|240|0|108|1|104|
13|244|240|0|108|1|104|
13|244|256|0|108|1|104|
13|247|256|0|109|1|106|
13|246|256|0|108|1|104|
13|244|256|0|108|1|104|
13|244|240|0|108|1|104|
13|246|240|0|108|1|104|
13|244|256|0|108|1|104|
13|247|240|0|109|1|106|
13|246|256|0|108|1|104|
13|244|240|0|108|1|104|
13|243|240|0|107|1|102|
13|243|240|0|107|1|102|
13|243|240|0|107|1|102|
13|244|240|0|108|1|104|
13|243|256|0|107|1|104|
13|243|240|0|107|1|102|
13|247|240|0|109|1|106|
