INSTRUCTIONS_RETIRED|CYCLES|UNKNOWN|LD_BLOCKS.STORE_FORWARD|UOPS_EXECUTED.CORE|BR_MISP_RETIRED.ALL_BRANCHES|UOPS_ISSUED.SLOW_LEA|
13|297|192|0|125|1|120|
13|257|208|0|112|1|106|
13|247|240|0|109|1|104|
13|244|240|0|108|1|104|
13|244|240|0|108|1|102|
13|244|240|0|108|1|104|
13|244|240|0|108|1|104|
13|244|224|0|108|1|104|
13|244|240|0|108|1|104|
13|280|272|0|656|1|26|
13|284|272|0|779|1|29|
13|278|272|0|119|1|116|
13|275|272|0|413|1|22|
13|278|288|0|119|1|116|
13|243|240|0|107|1|102|
13|244|224|0|108|1|104|
13|244|256|0|108|1|104|
13|244|240|0|108|1|104|
13|244|240|0|108|1|104|
13|247|256|0|109|1|104|
13|244|240|0|108|1|104|
13|244|240|0|108|1|104|
13|243|240|0|107|1|102|
13|244|240|0|108|1|104|
13|246|256|0|108|1|102|
13|344|336|0|141|1|128|
13|247|256|0|109|1|104|
13|244|240|0|108|1|104|
13|245|256|0|108|1|106|
13|244|240|0|108|1|104|
13|244|240|0|108|1|104|
13|244|256|0|108|1|104|
13|245|240|0|108|1|104|
13|244|224|0|108|1|104|
13|247|240|0|109|1|106|
13|246|256|0|108|1|104|
13|247|240|0|109|1|104|
13|248|256|0|109|1|104|
13|246|240|0|108|1|104|
13|244|240|0|108|1|104|
13|243|240|0|107|1|102|
13|245|240|0|108|1|104|
13|244|240|0|108|1|104|
13|244|224|0|108|1|104|
13|247|240|0|109|1|104|
13|243|240|0|107|1|104|
13|245|256|0|108|1|104|
13|247|256|0|109|1|106|
13|243|240|0|107|1|102|
13|245|240|0|108|1|106|
13|247|256|0|109|1|106|
13|244|256|0|108|1|104|
13|341|352|0|140|1|130|
13|244|240|0|108|1|104|
13|244|256|0|108|1|104|
13|246|256|0|108|1|104|
13|244|256|0|108|1|104|
13|246|240|0|108|1|104|
13|247|224|0|109|1|104|
13|244|240|0|108|1|104|
13|244|240|0|108|1|104|
13|246|240|0|108|1|104|
13|246|240|0|108|1|104|
13|243|240|0|107|1|104|
13|246|256|0|108|1|104|
13|244|240|0|108|1|104|
13|249|240|0|109|1|106|
13|245|256|0|108|1|104|
13|561|560|0|181|1|128|
13|450|448|0|176|1|128|
13|244|256|0|108|1|104|
13|246|240|0|108|1|104|
13|228|224|0|59|0|4|
13|246|256|0|108|1|104|
13|244|256|0|108|1|104|
13|400|416|0|160|1|128|
13|245|240|0|108|1|104|
13|246|256|0|108|1|102|
13|244|256|0|108|1|104|
13|246|240|0|108|1|104|
13|243|256|0|107|1|102|
13|244|240|0|108|1|104|
13|246|240|0|108|1|104|
13|248|256|0|109|1|104|
13|244|256|0|108|1|104|
13|386|384|0|155|1|128|
13|244|240|0|108|1|104|
13|244|240|0|108|1|104|
13|247|240|0|109|1|106|
13|247|240|0|109|1|104|
13|247|240|0|109|1|104|
13|246|256|0|108|1|104|
13|247|256|0|109|1|106|
13|246|256|0|108|1|104|
13|244|240|0|108|1|102|
13|244|256|0|108|1|102|
13|243|240|0|107|1|102|
13|244|240|0|108|1|104|
13|244|240|0|108|1|104|
13|256|256|0|112|1|108|
13|244|240|0|108|1|104|
13|246|256|0|108|1|104|
13|248|240|0|109|1|104|
13|246|240|0|108|1|102|
13|368|384|0|149|1|128|
13|245|240|0|108|1|106|
13|245|256|0|108|1|106|
13|243|256|0|107|1|104|
13|249|256|0|109|1|104|
13|244|240|0|108|1|104|
13|244|240|0|108|1|104|
13|244|240|0|108|1|104|
13|244|256|0|108|1|104|
13|244|240|0|108|1|104|
13|244|240|0|108|1|104|
13|244|240|0|108|1|104|
13|243|240|0|107|1|104|
13|245|224|0|108|1|104|
13|243|256|0|107|1|102|
13|248|256|0|109|1|104|
13|248|256|0|109|1|104|
13|246|240|0|108|1|102|
13|246|256|0|108|1|104|
13|246|256|0|108|1|104|
13|246|256|0|108|1|104|
13|248|240|0|109|1|104|
13|246|240|0|108|1|104|
13|244|240|0|108|1|104|
13|244|240|0|108|1|104|
13|244|240|0|108|1|104|
13|246|240|0|108|1|104|
13|243|240|0|107|1|104|
13|246|256|0|108|1|104|
13|244|240|0|108|1|104|
13|246|256|0|108|1|104|
13|243|256|0|107|1|102|
13|246|256|0|108|1|104|
13|247|240|0|109|1|106|
13|247|256|0|109|1|106|
13|244|256|0|108|1|104|
13|244|256|0|108|1|104|
13|266|272|0|174|1|59|
13|320|272|0|283|1|43|
13|305|224|0|170|1|69|
13|315|224|0|469|1|37|
13|829|608|0|397|1|45|
13|279|208|0|119|1|116|
13|504|368|0|181|1|128|
13|264|224|0|114|1|108|
13|244|240|0|108|1|102|
13|244|240|0|108|1|104|
13|244|240|0|108|1|104|
13|244|240|0|108|1|104|
13|244|256|0|108|1|104|
13|248|240|0|109|1|104|
13|244|240|0|108|1|104|
13|243|256|0|107|1|102|
13|243|240|0|107|1|102|
13|314|320|0|131|1|128|
13|249|256|0|109|1|106|
13|244|256|0|108|1|104|
13|247|240|0|109|1|104|
13|244|256|0|108|1|104|
13|276|272|0|311|1|46|
13|273|208|0|117|1|112|
13|262|208|0|114|1|108|
13|261|208|0|113|1|108|
13|250|240|0|110|1|104|
13|244|256|0|108|1|104|
13|246|240|0|108|1|104|
13|247|240|0|109|1|104|
13|248|256|0|109|1|104|
13|246|256|0|108|1|104|
13|248|256|0|109|1|104|
13|246|256|0|108|1|104|
13|247|256|0|109|1|104|
13|250|256|0|110|1|104|
13|249|256|0|109|1|106|
13|243|224|0|107|1|102|
13|247|256|0|109|1|106|
13|244|240|0|108|1|102|
13|244|240|0|108|1|104|
13|242|256|0|107|1|104|
13|244|240|0|108|1|104|
13|247|240|0|109|1|104|
13|245|256|0|108|1|106|
13|244|256|0|108|1|104|
13|247|256|0|109|1|106|
13|243|240|0|107|1|104|
13|248|256|0|109|1|106|
13|247|256|0|109|1|104|
13|246|240|0|108|1|104|
13|244|240|0|108|1|104|
13|246|240|0|108|1|102|
13|243|224|0|107|1|102|
13|244|240|0|108|1|104|
13|245|240|0|108|1|106|
13|246|256|0|108|1|104|
13|243|224|0|107|1|104|
13|246|256|0|108|1|104|
13|244|240|0|108|1|104|
13|245|240|0|108|1|106|
13|243|240|0|107|1|104|
13|250|240|0|110|1|104|
13|243|240|0|107|1|102|
13|244|256|0|108|1|104|
13|247|256|0|109|1|106|
13|283|288|0|121|1|118|
13|244|240|0|108|1|104|
13|245|240|0|108|1|106|
13|245|240|0|108|1|106|
13|248|240|0|109|1|104|
13|244|224|0|108|1|104|
13|246|256|0|108|1|104|
13|243|224|0|107|1|102|
13|243|256|0|107|1|104|
13|243|240|0|107|1|102|
13|246|256|0|108|1|104|
13|243|256|0|107|1|102|
13|246|240|0|108|1|104|
13|243|256|0|107|1|104|
13|246|256|0|108|1|104|
13|249|240|0|109|1|106|
13|243|240|0|107|1|104|
13|247|256|0|109|1|104|
13|243|240|0|107|1|102|
13|247|240|0|109|1|106|
13|244|240|0|108|1|104|
13|244|240|0|108|1|104|
13|244|240|0|108|1|104|
13|243|240|0|107|1|102|
13|245|240|0|108|1|106|
13|244|240|0|108|1|104|
13|245|240|0|108|1|104|
13|247|240|0|109|1|106|
13|244|240|0|108|1|104|
13|246|256|0|108|1|104|
13|246|240|0|108|1|104|
13|246|256|0|108|1|104|
13|244|240|0|108|1|104|
13|248|240|0|109|1|104|
13|249|256|0|109|1|104|
13|246|256|0|108|1|104|
13|247|256|0|109|1|106|
13|247|256|0|109|1|106|
13|358|352|0|146|1|128|
13|246|240|0|108|1|102|
13|243|240|0|107|1|102|
13|244|240|0|108|1|104|
13|246|256|0|108|1|104|
13|244|256|0|108|1|104|
13|244|240|0|108|1|104|
13|244|256|0|108|1|104|
13|244|256|0|108|1|104|
13|244|240|0|108|1|104|
13|243|240|0|107|1|104|
13|244|240|0|108|1|104|
13|246|256|0|108|1|104|
13|248|256|0|109|1|104|
13|243|240|0|107|1|102|
13|248|240|0|109|1|104|
13|246|240|0|108|1|104|
13|245|240|0|108|1|106|
13|243|240|0|107|1|102|
13|244|240|0|108|1|104|
13|243|256|0|107|1|102|
13|244|256|0|108|1|104|
13|243|256|0|107|1|102|
13|244|240|0|108|1|104|
13|244|240|0|108|1|104|
13|244|256|0|108|1|104|
13|244|240|0|108|1|104|
13|244|240|0|108|1|104|
13|244|240|0|108|1|104|
13|245|240|0|108|1|106|
13|244|240|0|108|1|104|
13|246|240|0|108|1|104|
13|245|256|0|108|1|104|
13|244|240|0|108|1|104|
13|243|240|0|107|1|104|
13|247|240|0|109|1|106|
13|245|224|0|108|1|104|
13|246|240|0|108|1|104|
13|246|256|0|108|1|104|
13|250|256|0|110|1|104|
13|247|240|0|109|1|104|
13|243|240|0|107|1|102|
13|246|256|0|108|1|104|
13|244|240|0|108|1|104|
13|246|240|0|108|1|102|
13|247|256|0|109|1|104|
13|244|256|0|108|1|104|
13|244|240|0|108|1|104|
13|243|240|0|107|1|104|
13|244|256|0|108|1|104|
13|244|224|0|108|1|104|
13|247|240|0|109|1|106|
13|244|240|0|108|1|104|
13|244|256|0|108|1|104|
13|243|240|0|107|1|104|
13|244|240|0|108|1|104|
13|244|240|0|108|1|104|
13|245|256|0|108|1|104|
13|243|240|0|107|1|104|
13|246|240|0|108|1|104|
13|246|240|0|108|1|104|
13|246|256|0|108|1|104|
13|244|240|0|108|1|102|
13|246|256|0|108|1|104|
13|244|240|0|108|1|104|
13|247|240|0|109|1|106|
13|245|240|0|108|1|104|
13|246|240|0|108|1|104|
13|244|224|0|108|1|104|
13|245|240|0|108|1|106|
13|244|240|0|108|1|104|
13|244|224|0|108|1|102|
13|244|240|0|108|1|104|
13|243|256|0|107|1|102|
13|248|256|0|109|1|104|
13|243|224|0|107|1|104|
13|246|256|0|108|1|104|
13|246|240|0|108|1|104|
13|244|240|0|108|1|104|
13|244|240|0|108|1|104|
13|243|240|0|107|1|104|
13|244|240|0|108|1|104|
13|244|240|0|108|1|104|
13|381|384|0|153|1|130|
13|243|256|0|107|1|104|
13|244|240|0|108|1|104|
13|243|256|0|107|1|102|
13|244|240|0|108|1|104|
13|246|240|0|108|1|104|
13|243|240|0|107|1|104|
13|244|256|0|108|1|104|
13|244|256|0|108|1|104|
13|244|256|0|108|1|102|
13|244|240|0|108|1|102|
13|243|256|0|107|1|102|
13|244|240|0|108|1|104|
13|244|240|0|108|1|104|
13|244|256|0|108|1|104|
13|244|240|0|108|1|104|
13|244|240|0|108|1|104|
13|245|240|0|108|1|106|
13|243|256|0|107|1|104|
13|244|240|0|108|1|102|
13|244|240|0|108|1|104|
13|246|256|0|108|1|104|
13|245|240|0|108|1|104|
13|245|256|0|108|1|106|
13|246|240|0|108|1|104|
13|249|256|0|109|1|106|
13|244|240|0|108|1|104|
13|246|256|0|108|1|104|
13|244|256|0|108|1|104|
13|246|240|0|108|1|104|
13|244|256|0|108|1|104|
13|245|240|0|108|1|104|
13|244|240|0|108|1|102|
13|244|256|0|108|1|104|
13|246|240|0|108|1|102|
13|243|256|0|107|1|104|
13|248|240|0|109|1|104|
13|244|240|0|108|1|104|
13|244|240|0|108|1|104|
13|244|256|0|108|1|104|
13|243|256|0|107|1|102|
13|245|240|0|108|1|104|
13|245|240|0|108|1|106|
13|244|240|0|108|1|104|
13|245|256|0|108|1|104|
13|244|256|0|108|1|102|
13|244|256|0|108|1|104|
13|244|240|0|108|1|104|
13|244|240|0|108|1|104|
13|245|240|0|108|1|104|
13|247|224|0|109|1|104|
13|244|240|0|108|1|104|
13|248|256|0|109|1|104|
13|244|240|0|108|1|104|
13|248|256|0|109|1|104|
13|244|224|0|108|1|104|
13|245|240|0|108|1|106|
13|245|240|0|108|1|106|
13|244|240|0|108|1|104|
13|244|256|0|108|1|104|
13|245|240|0|108|1|106|
13|335|320|0|138|1|130|
13|246|240|0|108|1|102|
13|247|240|0|109|1|106|
13|244|240|0|108|1|104|
13|246|256|0|108|1|104|
13|243|240|0|107|1|104|
13|244|256|0|108|1|102|
13|276|272|0|118|1|116|
13|244|240|0|108|1|104|
13|245|256|0|108|1|104|
13|246|256|0|108|1|104|
13|244|240|0|108|1|104|
13|243|256|0|107|1|102|
13|244|256|0|108|1|104|
13|243|256|0|107|1|102|
13|249|240|0|109|1|106|
13|244|240|0|108|1|104|
13|244|240|0|108|1|104|
13|244|240|0|108|1|104|
13|245|240|0|108|1|104|
13|244|240|0|108|1|104|
13|246|256|0|108|1|104|
13|247|256|0|109|1|106|
13|245|256|0|108|1|104|
13|244|240|0|108|1|104|
13|244|240|0|108|1|104|
13|244|240|0|108|1|104|
13|243|240|0|107|1|102|
13|244|240|0|108|1|104|
13|244|240|0|108|1|104|
13|246|240|0|108|1|104|
13|243|240|0|107|1|104|
13|243|240|0|107|1|102|
13|249|240|0|109|1|106|
13|245|256|0|108|1|106|
13|246|256|0|108|1|104|
13|250|256|0|110|1|104|
13|245|256|0|108|1|106|
13|246|256|0|108|1|104|
13|244|240|0|108|1|104|
13|249|256|0|109|1|104|
13|244|240|0|108|1|104|
13|244|256|0|108|1|104|
13|246|256|0|108|1|104|
13|243|256|0|107|1|102|
13|243|240|0|107|1|102|
13|277|272|0|119|1|114|
13|244|224|0|108|1|104|
13|246|240|0|108|1|104|
13|244|256|0|108|1|104|
13|246|240|0|108|1|104|
13|244|240|0|108|1|104|
13|244|256|0|108|1|104|
13|244|240|0|108|1|104|
13|243|256|0|107|1|104|
13|245|240|0|108|1|106|
13|247|240|0|109|1|106|
13|244|256|0|108|1|104|
13|243|240|0|107|1|104|
13|244|240|0|108|1|104|
13|281|208|0|120|1|116|
13|257|240|0|112|1|106|
13|256|224|0|112|1|108|
13|261|240|0|113|1|110|
13|244|256|0|108|1|104|
13|244|240|0|108|1|104|
13|248|240|0|109|1|104|
13|248|240|0|109|1|104|
13|245|240|0|108|1|104|
13|245|240|0|108|1|106|
13|246|240|0|108|1|102|
13|244|256|0|108|1|102|
13|244|240|0|108|1|104|
13|245|256|0|108|1|106|
13|247|240|0|109|1|104|
13|249|240|0|109|1|104|
13|243|240|0|107|1|102|
13|246|240|0|108|1|104|
13|243|240|0|107|1|102|
13|346|352|0|279|1|54|
13|246|256|0|108|1|104|
13|244|256|0|108|1|102|
13|244|240|0|108|1|104|
13|243|240|0|107|1|102|
13|246|240|0|108|1|104|
13|243|256|0|107|1|102|
13|244|240|0|108|1|104|
13|244|240|0|108|1|104|
13|244|240|0|108|1|104|
13|244|240|0|108|1|104|
13|244|240|0|108|1|104|
13|244|240|0|108|1|104|
13|245|240|0|108|1|104|
13|244|240|0|108|1|104|
13|247|256|0|109|1|106|
13|247|240|0|109|1|106|
13|247|256|0|109|1|104|
13|324|304|0|134|1|128|
13|246|240|0|108|1|102|
13|371|336|0|838|1|26|
13|363|336|0|227|1|62|
13|271|224|0|117|1|112|
13|271|208|0|117|1|112|
13|268|208|0|116|1|112|
13|245|240|0|108|1|104|
13|244|256|0|108|1|102|
13|246|240|0|108|1|104|
13|246|240|0|108|1|104|
13|244|256|0|108|1|104|
13|243|240|0|107|1|102|
13|247|240|0|109|1|106|
13|244|240|0|108|1|104|
13|245|256|0|108|1|106|
13|295|288|0|125|1|122|
13|257|256|0|112|1|108|
13|244|240|0|108|1|104|
13|250|256|0|110|1|106|
13|277|192|0|119|1|116|
13|244|240|0|108|1|104|
13|243|240|0|107|1|104|
13|243|240|0|107|1|102|
13|243|224|0|107|1|102|
13|243|240|0|107|1|104|
13|244|240|0|108|1|102|
13|244|240|0|108|1|104|
13|244|256|0|108|1|104|
13|248|240|0|109|1|104|
13|243|256|0|107|1|104|
13|243|256|0|107|1|102|
13|247|240|0|109|1|106|
13|244|256|0|108|1|104|
13|249|256|0|109|1|104|
13|247|256|0|109|1|106|
13|247|240|0|109|1|106|
13|244|240|0|108|1|104|
13|244|256|0|108|1|104|
13|244|256|0|108|1|104|
13|246|240|0|108|1|104|
13|246|240|0|108|1|104|
13|248|256|0|109|1|104|
13|246|240|0|108|1|104|
13|246|256|0|108|1|102|
13|246|256|0|108|1|104|
13|244|240|0|108|1|104|
13|244|240|0|108|1|104|
13|244|240|0|108|1|104|
13|247|256|0|109|1|106|
13|246|240|0|108|1|104|
13|244|240|0|108|1|104|
13|247|240|0|109|1|104|
13|243|224|0|107|1|104|
13|246|240|0|108|1|104|
13|244|240|0|108|1|104|
13|244|240|0|108|1|104|
13|248|256|0|109|1|104|
13|243|256|0|107|1|102|
13|246|240|0|108|1|104|
13|244|240|0|108|1|104|
13|245|240|0|108|1|104|
13|247|256|0|109|1|104|
13|247|256|0|109|1|106|
13|244|240|0|108|1|104|
13|244|256|0|108|1|102|
13|243|240|0|107|1|104|
13|246|240|0|108|1|104|
13|244|240|0|108|1|104|
13|247|240|0|109|1|106|
13|336|336|0|138|1|130|
13|226|224|0|59|0|4|
13|248|240|0|109|1|104|
13|247|256|0|109|1|106|
13|248|240|0|109|1|104|
13|257|256|0|112|1|108|
13|342|352|0|140|1|128|
13|244|240|0|108|1|104|
13|248|240|0|109|1|104|
13|244|256|0|108|1|104|
13|246|240|0|108|1|104|
13|250|256|0|110|1|104|
13|243|256|0|107|1|102|
13|247|240|0|109|1|104|
13|243|256|0|107|1|102|
13|244|256|0|108|1|104|
13|246|240|0|108|1|104|
13|244|256|0|108|1|104|
13|245|240|0|108|1|104|
13|247|240|0|109|1|106|
13|244|240|0|108|1|104|
13|244|240|0|108|1|104|
13|244|240|0|108|1|104|
13|243|256|0|107|1|104|
13|246|256|0|108|1|104|
13|243|240|0|107|1|104|
13|244|256|0|108|1|102|
13|293|288|0|381|1|35|
13|247|240|0|109|1|104|
13|246|240|0|108|1|104|
13|244|240|0|108|1|104|
13|244|240|0|108|1|102|
13|244|240|0|107|1|104|
13|244|256|0|108|1|104|
13|243|256|0|107|1|102|
13|244|256|0|108|1|104|
13|244|256|0|108|1|104|
13|243|240|0|107|1|102|
13|246|240|0|108|1|104|
13|243|240|0|107|1|102|
13|244|240|0|108|1|104|
13|243|240|0|107|1|102|
13|244|256|0|108|1|104|
13|245|256|0|108|1|106|
13|243|240|0|107|1|104|
13|244|240|0|108|1|104|
13|244|256|0|108|1|104|
13|244|240|0|108|1|104|
13|243|240|0|107|1|102|
13|246|240|0|108|1|102|
13|244|240|0|108|1|104|
13|247|256|0|109|1|106|
13|244|256|0|108|1|104|
13|244|256|0|108|1|102|
13|295|288|0|125|1|120|
13|244|240|0|108|1|104|
13|246|240|0|108|1|104|
13|246|240|0|108|1|104|
13|249|240|0|109|1|104|
13|249|256|0|109|1|106|
13|247|240|0|109|1|106|
13|243|256|0|107|1|104|
13|246|256|0|108|1|104|
13|244|240|0|108|1|104|
13|244|240|0|108|1|104|
13|243|240|0|107|1|102|
13|244|240|0|108|1|104|
13|280|208|0|120|1|116|
13|278|192|0|119|1|114|
13|255|208|0|111|1|108|
13|256|208|0|112|1|108|
13|244|240|0|108|1|104|
13|244|240|0|108|1|104|
13|243|240|0|107|1|104|
13|244|224|0|108|1|104|
13|244|240|0|108|1|104|
13|306|304|0|128|1|124|
13|243|240|0|107|1|102|
13|244|240|0|108|1|104|
13|243|240|0|107|1|102|
13|243|240|0|107|1|102|
13|243|256|0|107|1|104|
13|243|240|0|107|1|104|
13|243|240|0|107|1|102|
13|245|240|0|108|1|106|
13|244|240|0|108|1|104|
13|245|256|0|108|1|106|
13|330|336|0|136|1|128|
13|246|240|0|108|1|104|
13|246|256|0|108|1|104|
13|246|256|0|108|1|102|
13|244|240|0|108|1|104|
13|245|240|0|108|1|106|
13|243|240|0|107|1|102|
13|244|224|0|108|1|104|
13|244|240|0|108|1|104|
13|244|256|0|108|1|104|
13|261|256|0|113|1|110|
13|244|256|0|108|1|104|
13|245|240|0|108|1|104|
13|244|240|0|108|1|104|
13|244|224|0|108|1|104|
13|244|256|0|108|1|104|
13|246|240|0|108|1|104|
13|244|240|0|108|1|104|
13|247|256|0|109|1|106|
13|244|256|0|108|1|104|
13|246|240|0|108|1|104|
13|244|256|0|108|1|104|
13|244|240|0|108|1|104|
13|244|240|0|108|1|104|
13|246|240|0|108|1|102|
13|244|240|0|108|1|104|
13|247|240|0|109|1|106|
13|246|240|0|108|1|104|
13|244|240|0|108|1|104|
13|246|256|0|108|1|104|
13|245|240|0|108|1|104|
13|247|256|0|109|1|106|
13|242|224|0|107|1|104|
13|244|240|0|108|1|104|
13|244|240|0|108|1|102|
13|244|240|0|108|1|104|
13|246|240|0|108|1|104|
13|247|240|0|109|1|106|
13|246|240|0|108|1|104|
13|249|256|0|109|1|106|
13|247|256|0|109|1|106|
13|246|256|0|108|1|104|
13|243|240|0|107|1|102|
13|245|240|0|108|1|104|
13|243|224|0|107|1|102|
13|243|240|0|107|1|102|
13|243|256|0|107|1|104|
13|247|256|0|109|1|104|
13|249|240|0|109|1|106|
13|248|240|0|109|1|104|
13|243|240|0|107|1|102|
13|246|256|0|108|1|102|
13|246|224|0|108|1|104|
13|247|256|0|109|1|106|
13|244|256|0|108|1|104|
13|244|240|0|108|1|102|
13|246|256|0|108|1|102|
13|248|256|0|109|1|104|
13|244|256|0|108|1|104|
13|245|240|0|108|1|104|
13|248|240|0|109|1|104|
13|244|240|0|108|1|104|
13|246|240|0|108|1|104|
13|246|240|0|108|1|104|
13|248|256|0|109|1|104|
13|252|240|0|110|1|104|
13|246|240|0|108|1|104|
13|247|256|0|109|1|106|
13|246|256|0|108|1|104|
13|249|256|0|109|1|106|
13|244|240|0|108|1|104|
13|248|240|0|109|1|104|
13|244|240|0|108|1|104|
13|244|224|0|108|1|102|
13|243|240|0|107|1|104|
13|247|256|0|109|1|106|
13|244|256|0|108|1|104|
13|244|240|0|108|1|102|
13|244|240|0|108|1|102|
13|246|256|0|108|1|104|
13|244|256|0|108|1|104|
13|243|240|0|107|1|102|
13|243|224|0|107|1|104|
13|243|240|0|107|1|102|
13|245|256|0|108|1|106|
13|243|256|0|107|1|102|
13|245|240|0|108|1|104|
13|247|240|0|109|1|106|
13|244|240|0|108|1|104|
13|244|240|0|108|1|104|
13|244|240|0|108|1|104|
13|247|240|0|109|1|106|
13|248|256|0|109|1|104|
13|246|224|0|108|1|104|
13|246|240|0|108|1|104|
13|244|224|0|108|1|102|
13|244|240|0|108|1|104|
13|246|240|0|108|1|104|
13|246|256|0|108|1|104|
13|245|224|0|108|1|106|
13|245|240|0|108|1|106|
13|244|240|0|108|1|104|
13|243|240|0|107|1|102|
13|244|240|0|108|1|104|
13|244|256|0|108|1|104|
13|248|240|0|109|1|104|
13|243|224|0|107|1|102|
13|246|256|0|108|1|104|
13|243|224|0|107|1|104|
13|246|256|0|108|1|104|
13|249|256|0|109|1|106|
13|244|240|0|108|1|104|
13|249|240|0|109|1|106|
13|246|240|0|108|1|102|
13|246|240|0|108|1|104|
13|247|256|0|109|1|104|
13|244|240|0|108|1|102|
13|244|240|0|108|1|104|
13|245|240|0|108|1|104|
13|244|256|0|108|1|104|
13|244|240|0|108|1|104|
13|248|256|0|109|1|104|
13|243|224|0|107|1|104|
13|245|256|0|108|1|106|
13|246|240|0|108|1|104|
13|244|224|0|108|1|104|
13|247|240|0|109|1|106|
13|250|240|0|110|1|104|
13|252|256|0|110|1|104|
13|244|224|0|108|1|104|
13|244|256|0|108|1|104|
13|243|256|0|107|1|104|
13|244|240|0|108|1|104|
13|244|240|0|108|1|104|
13|245|240|0|108|1|106|
13|243|240|0|107|1|104|
13|244|240|0|108|1|104|
13|243|240|0|107|1|102|
13|244|240|0|108|1|104|
13|244|240|0|108|1|104|
13|247|256|0|109|1|104|
13|244|240|0|108|1|104|
13|245|256|0|108|1|106|
13|243|240|0|107|1|104|
13|245|256|0|108|1|104|
13|246|240|0|108|1|104|
13|244|240|0|108|1|104|
13|385|384|0|155|1|130|
13|243|240|0|107|1|104|
13|245|240|0|108|1|104|
13|244|256|0|108|1|104|
13|244|240|0|108|1|104|
13|246|240|0|108|1|104|
13|245|256|0|108|1|106|
13|244|240|0|108|1|104|
13|246|240|0|108|1|104|
13|246|240|0|108|1|104|
13|246|256|0|108|1|102|
13|245|256|0|108|1|104|
13|244|256|0|108|1|104|
13|243|240|0|107|1|102|
13|244|240|0|108|1|102|
13|243|224|0|107|1|102|
13|243|256|0|107|1|102|
13|244|240|0|108|1|104|
13|249|240|0|109|1|106|
13|244|240|0|108|1|104|
13|246|240|0|108|1|104|
13|249|256|0|109|1|106|
13|249|256|0|109|1|106|
13|247|256|0|109|1|106|
13|246|256|0|108|1|104|
13|248|256|0|109|1|104|
13|245|256|0|108|1|106|
13|244|224|0|108|1|104|
13|245|256|0|108|1|106|
13|246|256|0|108|1|104|
13|246|240|0|108|1|104|
13|246|240|0|108|1|104|
13|246|240|0|108|1|104|
13|247|240|0|109|1|106|
13|246|240|0|108|1|104|
13|246|256|0|108|1|104|
13|244|256|0|108|1|102|
13|244|256|0|108|1|104|
13|374|384|0|151|1|128|
13|244|224|0|108|1|104|
13|246|240|0|108|1|104|
13|243|256|0|107|1|102|
13|246|256|0|108|1|104|
13|243|224|0|107|1|102|
13|244|240|0|108|1|104|
13|249|256|0|109|1|106|
13|288|304|0|122|1|116|
13|245|240|0|108|1|106|
13|245|240|0|108|1|106|
13|252|272|0|110|1|104|
13|245|240|0|108|1|106|
13|247|240|0|109|1|106|
13|246|256|0|108|1|104|
13|270|256|0|116|1|112|
13|246|240|0|108|1|104|
13|243|240|0|107|1|102|
13|246|256|0|108|1|104|
13|244|256|0|108|1|104|
13|247|240|0|109|1|104|
13|247|240|0|109|1|106|
13|244|240|0|108|1|104|
13|247|256|0|109|1|106|
13|243|256|0|107|1|104|
13|245|240|0|108|1|104|
13|244|256|0|108|1|104|
13|247|256|0|109|1|106|
13|244|224|0|108|1|104|
13|244|256|0|108|1|104|
13|243|256|0|107|1|104|
13|244|256|0|108|1|104|
13|243|256|0|107|1|102|
13|243|224|0|107|1|102|
13|248|256|0|109|1|104|
13|246|240|0|108|1|104|
13|246|240|0|108|1|104|
13|244|240|0|108|1|104|
13|243|240|0|107|1|104|
13|244|240|0|108|1|104|
13|246|240|0|108|1|104|
13|246|256|0|108|1|104|
13|248|240|0|109|1|104|
13|249|256|0|109|1|104|
13|244|256|0|108|1|104|
13|246|256|0|108|1|104|
13|243|240|0|107|1|104|
13|247|240|0|109|1|106|
13|244|240|0|108|1|104|
13|243|240|0|107|1|102|
13|243|240|0|107|1|102|
13|243|256|0|107|1|104|
13|246|240|0|108|1|104|
13|243|240|0|107|1|102|
13|244|256|0|108|1|104|
13|244|256|0|108|1|104|
13|243|240|0|107|1|104|
13|243|240|0|107|1|102|
13|247|256|0|109|1|106|
13|246|240|0|108|1|102|
13|246|240|0|108|1|104|
13|244|224|0|108|1|104|
13|244|240|0|108|1|104|
13|247|240|0|109|1|106|
13|244|240|0|108|1|102|
13|247|256|0|109|1|106|
13|244|240|0|108|1|104|
13|332|336|0|137|1|132|
13|243|240|0|107|1|104|
13|243|256|0|107|1|102|
13|247|256|0|109|1|106|
13|243|240|0|107|1|102|
13|244|240|0|108|1|104|
13|247|240|0|109|1|104|
13|246|256|0|108|1|104|
13|246|240|0|108|1|104|
13|244|240|0|108|1|104|
13|246|256|0|108|1|104|
13|244|240|0|108|1|104|
13|244|240|0|108|1|104|
13|243|224|0|107|1|102|
13|243|240|0|107|1|102|
13|244|240|0|108|1|104|
13|245|240|0|108|1|104|
13|246|256|0|108|1|104|
13|243|256|0|107|1|102|
13|248|256|0|109|1|104|
13|248|240|0|109|1|104|
13|248|240|0|109|1|104|
13|247|256|0|109|1|106|
13|248|256|0|109|1|104|
13|248|240|0|109|1|104|
13|248|256|0|109|1|104|
13|246|256|0|108|1|104|
13|248|256|0|109|1|104|
13|246|240|0|108|1|102|
13|244|256|0|108|1|102|
13|245|240|0|108|1|106|
13|244|240|0|108|1|104|
13|244|240|0|108|1|104|
13|244|256|0|108|1|104|
13|243|256|0|107|1|102|
13|245|240|0|108|1|106|
13|244|240|0|108|1|104|
13|560|576|0|179|1|126|
13|244|240|0|108|1|104|
13|243|240|0|107|1|102|
13|246|256|0|108|1|104|
13|243|240|0|107|1|104|
13|244|240|0|108|1|104|
13|246|256|0|108|1|104|
13|244|256|0|108|1|104|
13|248|240|0|109|1|106|
13|246|240|0|108|1|102|
13|247|240|0|109|1|106|
13|244|256|0|108|1|104|
13|244|240|0|108|1|104|
13|244|240|0|108|1|104|
13|243|256|0|107|1|104|
13|246|240|0|108|1|104|
13|244|256|0|108|1|104|
13|244|240|0|108|1|104|
13|244|240|0|108|1|104|
13|246|240|0|108|1|104|
13|243|240|0|107|1|102|
13|243|256|0|107|1|104|
13|243|256|0|107|1|102|
13|246|256|0|108|1|104|
13|244|224|0|108|1|104|
13|243|240|0|107|1|102|
13|245|240|0|108|1|104|
13|247|256|0|109|1|106|
13|246|240|0|108|1|104|
13|249|240|0|109|1|106|
13|246|240|0|108|1|104|
13|246|240|0|108|1|104|
13|246|240|0|108|1|104|
13|246|256|0|108|1|104|
13|246|240|0|108|1|104|
13|244|240|0|108|1|104|
13|246|240|0|108|1|104|
13|244|240|0|108|1|104|
13|244|240|0|108|1|104|
13|244|256|0|108|1|104|
13|243|256|0|107|1|104|
13|244|240|0|108|1|104|
13|243|240|0|107|1|102|
13|244|240|0|108|1|104|
13|245|256|0|108|1|104|
13|246|256|0|108|1|104|
13|245|240|0|108|1|106|
13|244|240|0|108|1|104|
13|246|240|0|108|1|104|
13|243|256|0|107|1|104|
13|244|240|0|108|1|104|
13|244|240|0|108|1|104|
13|243|256|0|107|1|104|
13|245|240|0|108|1|104|
13|244|240|0|108|1|104|
13|246|256|0|108|1|104|
13|244|240|0|108|1|104|
13|246|240|0|108|1|104|
13|244|256|0|108|1|104|
13|247|240|0|109|1|106|
13|244|240|0|108|1|104|
13|246|256|0|108|1|104|
13|243|224|0|107|1|102|
13|244|240|0|108|1|104|
13|248|256|0|109|1|104|
13|246|256|0|108|1|104|
13|244|240|0|108|1|104|
13|248|256|0|109|1|104|
