INSTRUCTIONS_RETIRED|CYCLES|UNKNOWN|LD_BLOCKS.STORE_FORWARD|UOPS_EXECUTED.CORE|BR_MISP_RETIRED.ALL_BRANCHES|UOPS_RETIRED.ANY|
14|307|192|0|58|1|82|
14|266|208|0|58|1|82|
14|243|240|0|58|1|82|
14|243|240|0|58|1|82|
14|242|240|0|58|1|82|
14|241|240|0|58|1|82|
14|245|256|0|58|1|82|
14|242|256|0|58|1|82|
14|243|240|0|58|1|82|
14|326|336|0|164|1|82|
14|263|272|0|666|1|82|
14|298|208|0|58|1|82|
14|293|208|0|58|1|82|
14|334|224|0|58|1|82|
14|286|192|0|58|1|82|
14|283|192|0|58|1|82|
14|247|240|0|58|1|82|
14|241|240|0|58|1|82|
14|242|240|0|58|1|82|
14|259|272|0|241|1|81|
14|240|224|0|58|1|82|
14|241|240|0|58|1|82|
14|254|208|0|58|1|82|
14|241|256|0|58|1|82|
14|241|240|0|58|1|82|
14|241|240|0|58|1|82|
14|242|240|0|58|1|82|
14|242|256|0|58|1|82|
14|244|256|0|58|1|82|
14|240|240|0|58|1|82|
14|367|384|0|58|1|82|
14|242|240|0|58|1|82|
14|244|240|0|58|1|82|
14|242|240|0|58|1|82|
14|244|240|0|58|1|82|
14|255|256|0|197|1|83|
14|251|224|0|58|1|82|
14|254|208|0|58|1|82|
14|241|256|0|58|1|82|
14|242|240|0|58|1|82|
14|242|224|0|58|1|82|
14|245|256|0|58|1|82|
14|244|256|0|58|1|82|
14|244|256|0|58|1|82|
14|245|240|0|58|1|82|
14|245|240|0|58|1|82|
14|244|224|0|58|1|82|
14|244|240|0|58|1|82|
14|241|256|0|58|1|82|
14|245|240|0|58|1|82|
14|242|240|0|58|1|82|
14|242|240|0|58|1|82|
14|242|256|0|58|1|82|
14|243|240|0|58|1|82|
14|242|224|0|58|1|82|
14|243|256|0|58|1|82|
14|241|224|0|58|1|82|
14|252|256|0|58|1|82|
14|243|256|0|58|1|82|
14|242|256|0|58|1|82|
14|242|240|0|58|1|82|
14|242|240|0|58|1|82|
14|243|256|0|58|1|82|
14|247|240|0|58|1|82|
14|244|224|0|58|1|82|
14|244|256|0|58|1|82|
14|242|240|0|58|1|82|
14|244|256|0|58|1|82|
14|242|240|0|58|1|82|
14|246|240|0|58|1|82|
14|245|256|0|58|1|82|
14|241|240|0|58|1|82|
14|246|224|0|58|1|82|
14|242|224|0|58|1|82|
14|246|240|0|58|1|82|
14|242|240|0|58|1|82|
14|246|256|0|58|1|82|
14|242|240|0|58|1|82|
14|242|240|0|58|1|82|
14|241|240|0|58|1|82|
14|241|240|0|58|1|82|
14|245|224|0|58|1|82|
14|241|240|0|58|1|82|
14|241|240|0|58|1|82|
14|242|256|0|58|1|82|
14|242|256|0|58|1|82|
14|241|256|0|58|1|82|
14|242|256|0|58|1|82|
14|244|256|0|58|1|82|
14|242|240|0|58|1|82|
14|241|256|0|58|1|82|
14|242|240|0|58|1|82|
14|242|240|0|58|1|82|
14|245|240|0|58|1|82|
14|244|240|0|58|1|82|
14|243|256|0|58|1|82|
14|244|240|0|58|1|82|
14|246|240|0|58|1|82|
14|242|240|0|58|1|82|
14|241|240|0|58|1|82|
14|243|256|0|58|1|82|
14|244|256|0|58|1|82|
14|242|240|0|58|1|82|
14|244|240|0|58|1|82|
14|241|240|0|58|1|82|
14|241|240|0|58|1|82|
14|242|256|0|58|1|82|
14|243|240|0|58|1|82|
14|245|240|0|58|1|82|
14|242|240|0|58|1|82|
14|244|240|0|58|1|82|
14|246|240|0|58|1|82|
14|246|256|0|58|1|82|
14|242|224|0|58|1|82|
14|246|240|0|58|1|82|
14|242|240|0|58|1|82|
14|242|240|0|58|1|82|
14|241|240|0|58|1|82|
14|243|256|0|58|1|82|
14|244|240|0|58|1|82|
14|242|256|0|58|1|82|
14|243|240|0|58|1|82|
14|244|240|0|58|1|82|
14|242|240|0|58|1|82|
14|242|240|0|58|1|82|
14|241|240|0|58|1|82|
14|244|256|0|58|1|82|
14|244|256|0|58|1|82|
14|244|240|0|58|1|82|
14|244|240|0|58|1|82|
14|241|240|0|58|1|82|
14|242|240|0|58|1|82|
14|242|256|0|58|1|82|
14|242|240|0|58|1|82|
14|243|240|0|58|1|82|
14|244|240|0|58|1|82|
14|241|256|0|58|1|82|
14|247|240|0|58|1|82|
14|247|240|0|58|1|82|
14|243|240|0|58|1|82|
14|242|240|0|58|1|82|
14|246|240|0|58|1|82|
14|242|240|0|58|1|82|
14|241|240|0|58|1|82|
14|245|256|0|58|1|82|
14|242|240|0|58|1|82|
14|243|240|0|58|1|82|
14|242|240|0|58|1|82|
14|244|240|0|58|1|82|
14|241|224|0|58|1|82|
14|242|240|0|58|1|82|
14|248|256|0|58|1|82|
14|242|240|0|58|1|82|
14|242|256|0|58|1|82|
14|243|240|0|58|1|82|
14|242|256|0|58|1|82|
14|242|240|0|58|1|82|
14|242|240|0|58|1|82|
14|244|240|0|58|1|82|
14|244|240|0|58|1|82|
14|247|256|0|58|1|82|
14|244|240|0|58|1|82|
14|245|240|0|58|1|82|
14|242|240|0|58|1|82|
14|242|240|0|58|1|82|
14|243|240|0|58|1|82|
14|242|240|0|58|1|82|
14|241|240|0|58|1|82|
14|295|304|0|58|1|82|
14|242|256|0|58|1|82|
14|246|240|0|58|1|82|
14|244|256|0|58|1|82|
14|244|240|0|58|1|82|
14|244|240|0|58|1|82|
14|245|240|0|58|1|82|
14|243|240|0|58|1|82|
14|243|240|0|58|1|82|
14|243|240|0|58|1|82|
14|243|240|0|58|1|82|
14|242|224|0|58|1|82|
14|243|240|0|58|1|82|
14|241|256|0|58|1|82|
14|242|240|0|58|1|82|
14|242|224|0|58|1|82|
14|242|256|0|58|1|82|
14|241|240|0|58|1|82|
14|244|240|0|58|1|82|
14|242|240|0|58|1|82|
14|242|256|0|58|1|82|
14|242|240|0|58|1|82|
14|242|224|0|58|1|82|
14|243|256|0|58|1|82|
14|242|256|0|58|1|82|
14|241|240|0|58|1|82|
14|242|256|0|58|1|82|
14|242|240|0|58|1|82|
14|241|224|0|58|1|82|
14|245|256|0|58|1|82|
14|242|224|0|58|1|82|
14|244|240|0|58|1|82|
14|241|224|0|58|1|82|
14|245|240|0|58|1|82|
14|242|240|0|58|1|82|
14|242|240|0|58|1|82|
14|244|240|0|58|1|82|
14|242|240|0|58|1|82|
14|245|240|0|58|1|82|
14|559|560|0|58|1|82|
14|243|240|0|58|1|82|
14|241|240|0|58|1|82|
14|244|256|0|58|1|82|
14|242|240|0|58|1|82|
14|241|240|0|58|1|82|
14|241|256|0|58|1|82|
14|243|240|0|58|1|82|
14|241|240|0|58|1|82|
14|243|240|0|58|1|82|
14|242|240|0|58|1|82|
14|243|256|0|58|1|82|
14|244|240|0|58|1|82|
14|242|240|0|58|1|82|
14|243|256|0|58|1|82|
14|241|240|0|58|1|82|
14|244|240|0|58|1|82|
14|242|256|0|58|1|82|
14|242|256|0|58|1|82|
14|243|240|0|58|1|82|
14|244|256|0|58|1|82|
14|244|240|0|58|1|82|
14|244|240|0|58|1|82|
14|245|240|0|58|1|82|
14|245|256|0|58|1|82|
14|246|240|0|58|1|82|
14|241|240|0|58|1|82|
14|244|240|0|58|1|82|
14|242|256|0|58|1|82|
14|247|240|0|58|1|82|
14|241|224|0|58|1|82|
14|244|240|0|58|1|82|
14|242|240|0|58|1|82|
14|244|256|0|58|1|82|
14|242|240|0|58|1|82|
14|241|256|0|58|1|82|
14|244|240|0|58|1|82|
14|338|336|0|58|1|82|
14|244|256|0|58|1|82|
14|247|240|0|58|1|82|
14|244|240|0|58|1|82|
14|245|240|0|58|1|82|
14|244|256|0|58|1|82|
14|241|240|0|58|1|82|
14|242|240|0|58|1|82|
14|241|240|0|58|1|82|
14|242|240|0|58|1|82|
14|241|240|0|58|1|82|
14|242|240|0|58|1|82|
14|242|240|0|58|1|82|
14|242|240|0|58|1|82|
14|241|256|0|58|1|82|
14|242|240|0|58|1|82|
14|242|224|0|58|1|82|
14|242|256|0|58|1|82|
14|241|240|0|58|1|82|
14|242|240|0|58|1|82|
14|241|240|0|58|1|82|
14|242|224|0|58|1|82|
14|242|256|0|58|1|82|
14|244|240|0|58|1|82|
14|244|240|0|58|1|82|
14|241|224|0|58|1|82|
14|245|224|0|58|1|82|
14|245|256|0|58|1|82|
14|242|240|0|58|1|82|
14|242|240|0|58|1|82|
14|244|240|0|58|1|82|
14|245|240|0|58|1|82|
14|244|256|0|58|1|82|
14|440|448|0|58|1|82|
14|242|224|0|58|1|82|
14|242|240|0|58|1|82|
14|242|256|0|58|1|82|
14|242|240|0|58|1|82|
14|241|256|0|58|1|82|
14|244|240|0|58|1|82|
14|245|256|0|58|1|82|
14|245|256|0|58|1|82|
14|245|240|0|58|1|82|
14|245|240|0|58|1|82|
14|241|256|0|58|1|82|
14|242|240|0|58|1|82|
14|243|256|0|58|1|82|
14|245|256|0|58|1|82|
14|244|256|0|58|1|82|
14|243|256|0|58|1|82|
14|243|240|0|58|1|82|
14|242|224|0|58|1|82|
14|243|240|0|58|1|82|
14|242|256|0|58|1|82|
14|241|256|0|58|1|82|
14|243|240|0|58|1|82|
14|244|240|0|58|1|82|
14|245|240|0|58|1|82|
14|242|240|0|58|1|82|
14|245|240|0|58|1|82|
14|243|256|0|58|1|82|
14|243|240|0|58|1|82|
14|244|256|0|58|1|82|
14|243|240|0|58|1|82|
14|245|240|0|58|1|82|
14|242|224|0|58|1|82|
14|242|224|0|58|1|82|
14|262|272|0|88|1|82|
14|245|224|0|58|1|82|
14|242|240|0|58|1|82|
14|242|240|0|58|1|82|
14|244|240|0|58|1|82|
14|246|240|0|58|1|82|
14|242|240|0|58|1|82|
14|242|240|0|58|1|82|
14|248|240|0|58|1|82|
14|245|240|0|58|1|82|
14|241|224|0|58|1|82|
14|242|256|0|58|1|82|
14|245|240|0|58|1|82|
14|242|240|0|58|1|82|
14|242|240|0|58|1|82|
14|244|240|0|58|1|82|
14|241|256|0|58|1|82|
14|244|256|0|58|1|82|
14|244|240|0|58|1|82|
14|242|240|0|58|1|82|
14|242|224|0|58|1|82|
14|242|256|0|58|1|82|
14|242|240|0|58|1|82|
14|243|256|0|58|1|82|
14|242|240|0|58|1|82|
14|242|240|0|58|1|82|
14|244|240|0|58|1|82|
14|242|256|0|58|1|82|
14|243|240|0|58|1|82|
14|243|256|0|58|1|82|
14|247|240|0|58|1|82|
14|247|256|0|58|1|82|
14|245|240|0|58|1|82|
14|245|240|0|58|1|82|
14|241|240|0|58|1|82|
14|149|144|0|154|1|82|
14|270|256|0|239|1|83|
14|241|240|0|58|1|82|
14|244|240|0|58|1|82|
14|243|240|0|58|1|82|
14|241|240|0|58|1|82|
14|242|240|0|58|1|82|
14|242|240|0|58|1|82|
14|244|256|0|58|1|82|
14|241|240|0|58|1|82|
14|242|224|0|58|1|82|
14|242|240|0|58|1|82|
14|242|224|0|58|1|82|
14|242|240|0|58|1|82|
14|242|240|0|58|1|82|
14|242|256|0|58|1|82|
14|243|240|0|58|1|82|
14|245|240|0|58|1|82|
14|242|240|0|58|1|82|
14|242|224|0|58|1|82|
14|242|240|0|58|1|82|
14|244|256|0|58|1|82|
14|243|240|0|58|1|82|
14|242|256|0|58|1|82|
14|247|224|0|58|1|82|
14|245|256|0|58|1|82|
14|260|240|0|58|1|82|
14|250|256|0|58|1|82|
14|248|240|0|58|1|82|
14|240|224|0|58|1|82|
14|240|224|0|58|1|82|
14|240|240|0|58|1|82|
14|247|240|0|58|1|82|
14|241|224|0|58|1|82|
14|245|240|0|58|1|82|
14|245|240|0|58|1|82|
14|244|240|0|58|1|82|
14|246|256|0|58|1|82|
14|227|224|0|58|0|82|
14|244|224|0|58|1|82|
14|240|224|0|58|1|82|
14|245|240|0|58|1|82|
14|241|256|0|58|1|82|
14|245|256|0|58|1|82|
14|246|256|0|58|1|82|
14|245|256|0|58|1|82|
14|245|256|0|58|1|82|
14|244|240|0|58|1|82|
14|247|240|0|58|1|82|
14|244|240|0|58|1|82|
14|246|240|0|58|1|82|
14|244|240|0|58|1|82|
14|227|224|0|58|0|82|
14|241|240|0|58|1|82|
14|244|240|0|58|1|82|
14|241|240|0|58|1|82|
14|247|256|0|58|1|82|
14|245|256|0|58|1|82|
14|241|240|0|58|1|82|
14|240|240|0|58|1|82|
14|244|240|0|58|1|82|
14|241|240|0|58|1|82|
14|224|240|0|58|0|82|
14|240|224|0|58|1|82|
14|241|224|0|58|1|82|
14|259|256|0|58|1|82|
14|242|240|0|58|1|82|
14|242|240|0|58|1|82|
14|242|256|0|58|1|82|
14|242|240|0|58|1|82|
14|244|256|0|58|1|82|
14|241|240|0|58|1|82|
14|242|240|0|58|1|82|
14|241|240|0|58|1|82|
14|245|240|0|58|1|82|
14|244|240|0|58|1|82|
14|241|256|0|58|1|82|
14|247|240|0|58|1|82|
14|241|240|0|58|1|82|
14|244|256|0|58|1|82|
14|244|240|0|58|1|82|
14|244|256|0|58|1|82|
14|243|240|0|58|1|82|
14|246|256|0|58|1|82|
14|244|240|0|58|1|82|
14|242|240|0|58|1|82|
14|245|240|0|58|1|82|
14|242|240|0|58|1|82|
14|245|256|0|58|1|82|
14|242|240|0|58|1|82|
14|244|240|0|58|1|82|
14|242|240|0|58|1|82|
14|244|240|0|58|1|82|
14|242|256|0|58|1|82|
14|244|240|0|58|1|82|
14|242|256|0|58|1|82|
14|244|240|0|58|1|82|
14|243|240|0|58|1|82|
14|242|240|0|58|1|82|
14|241|240|0|58|1|82|
14|247|256|0|58|1|82|
14|250|256|0|58|1|82|
14|242|240|0|58|1|82|
14|242|240|0|58|1|82|
14|242|240|0|58|1|82|
14|249|240|0|58|1|82|
14|243|240|0|58|1|82|
14|244|240|0|58|1|82|
14|246|256|0|58|1|82|
14|245|240|0|58|1|82|
14|244|256|0|58|1|82|
14|246|256|0|58|1|82|
14|244|240|0|58|1|82|
14|245|240|0|58|1|82|
14|247|240|0|58|1|82|
14|244|240|0|58|1|82|
14|243|256|0|58|1|82|
14|244|240|0|58|1|82|
14|242|240|0|58|1|82|
14|243|240|0|58|1|82|
14|242|240|0|58|1|82|
14|249|224|0|58|1|82|
14|244|224|0|58|1|82|
14|242|240|0|58|1|82|
14|242|240|0|58|1|82|
14|242|240|0|58|1|82|
14|244|240|0|58|1|82|
14|242|240|0|58|1|82|
14|392|384|0|58|1|82|
14|242|240|0|58|1|82|
14|242|240|0|58|1|82|
14|245|240|0|58|1|82|
14|241|224|0|58|1|82|
14|242|256|0|58|1|82|
14|245|256|0|58|1|82|
14|242|240|0|58|1|82|
14|241|224|0|58|1|82|
14|242|256|0|58|1|82|
14|242|256|0|58|1|82|
14|253|224|0|58|1|82|
14|254|240|0|58|1|82|
14|241|240|0|58|1|82|
14|241|240|0|58|1|82|
14|242|240|0|58|1|82|
14|242|256|0|58|1|82|
14|242|224|0|58|1|82|
14|241|240|0|58|1|82|
14|242|256|0|58|1|82|
14|241|240|0|58|1|82|
14|243|256|0|58|1|82|
14|244|224|0|58|1|82|
14|242|240|0|58|1|82|
14|245|224|0|58|1|82|
14|242|240|0|58|1|82|
14|241|224|0|58|1|82|
14|264|256|0|112|1|81|
14|241|224|0|58|1|82|
14|242|256|0|58|1|82|
14|245|256|0|58|1|82|
14|242|256|0|58|1|82|
14|245|240|0|58|1|82|
14|244|240|0|58|1|82|
14|254|256|0|106|1|82|
14|294|224|0|162|1|82|
14|277|240|0|58|1|82|
14|251|208|0|58|1|82|
14|252|240|0|58|1|82|
14|242|256|0|58|1|82|
14|244|240|0|58|1|82|
14|242|240|0|58|1|82|
14|242|256|0|58|1|82|
14|242|224|0|58|1|82|
14|241|240|0|58|1|82|
14|242|240|0|58|1|82|
14|242|256|0|58|1|82|
14|241|240|0|58|1|82|
14|243|256|0|58|1|82|
14|270|272|0|248|1|83|
14|242|240|0|58|1|82|
14|241|224|0|58|1|82|
14|245|224|0|58|1|82|
14|241|224|0|58|1|82|
14|242|256|0|58|1|82|
14|242|256|0|58|1|82|
14|292|288|0|58|1|82|
14|242|240|0|58|1|82|
14|241|240|0|58|1|82|
14|243|240|0|58|1|82|
14|241|240|0|58|1|82|
14|244|256|0|58|1|82|
14|245|240|0|58|1|82|
14|242|256|0|58|1|82|
14|242|256|0|58|1|82|
14|242|256|0|58|1|82|
14|246|224|0|58|1|82|
14|242|256|0|58|1|82|
14|241|224|0|58|1|82|
14|242|240|0|58|1|82|
14|241|256|0|58|1|82|
14|244|240|0|58|1|82|
14|242|240|0|58|1|82|
14|242|240|0|58|1|82|
14|248|240|0|58|1|82|
14|243|256|0|58|1|82|
14|242|240|0|58|1|82|
14|244|240|0|58|1|82|
14|242|256|0|58|1|82|
14|241|240|0|58|1|82|
14|242|240|0|58|1|82|
14|241|256|0|58|1|82|
14|874|880|0|58|1|82|
14|244|240|0|58|1|82|
14|241|240|0|58|1|82|
14|242|240|0|58|1|82|
14|242|240|0|58|1|82|
14|242|240|0|58|1|82|
14|241|224|0|58|1|82|
14|242|224|0|58|1|82|
14|264|272|0|58|1|82|
14|241|224|0|58|1|82|
14|241|240|0|58|1|82|
14|241|240|0|58|1|82|
14|242|240|0|58|1|82|
14|242|240|0|58|1|82|
14|242|240|0|58|1|82|
14|243|256|0|58|1|82|
14|242|240|0|58|1|82|
14|243|256|0|58|1|82|
14|242|256|0|58|1|82|
14|246|240|0|58|1|82|
14|242|256|0|58|1|82|
14|242|224|0|58|1|82|
14|245|256|0|58|1|82|
14|242|240|0|58|1|82|
14|245|240|0|58|1|82|
14|245|240|0|58|1|82|
14|241|224|0|58|1|82|
14|245|256|0|58|1|82|
14|243|224|0|58|1|82|
14|242|240|0|58|1|82|
14|242|240|0|58|1|82|
14|243|240|0|58|1|82|
14|242|240|0|58|1|82|
14|242|240|0|58|1|82|
14|242|256|0|58|1|82|
14|242|240|0|58|1|82|
14|242|256|0|58|1|82|
14|246|256|0|58|1|82|
14|244|240|0|58|1|82|
14|241|240|0|58|1|82|
14|242|256|0|58|1|82|
14|242|240|0|58|1|82|
14|242|240|0|58|1|82|
14|244|240|0|58|1|82|
14|242|256|0|58|1|82|
14|273|288|0|209|1|83|
14|242|256|0|58|1|82|
14|244|240|0|58|1|82|
14|242|256|0|58|1|82|
14|244|240|0|58|1|82|
14|242|240|0|58|1|82|
14|242|240|0|58|1|82|
14|241|256|0|58|1|82|
14|241|240|0|58|1|82|
14|242|240|0|58|1|82|
14|245|256|0|58|1|82|
14|242|240|0|58|1|82|
14|242|240|0|58|1|82|
14|245|240|0|58|1|82|
14|241|240|0|58|1|82|
14|243|240|0|58|1|82|
14|242|240|0|58|1|82|
14|244|240|0|58|1|82|
14|244|240|0|58|1|82|
14|243|240|0|58|1|82|
14|245|256|0|58|1|82|
14|249|224|0|58|1|82|
14|264|224|0|188|1|82|
14|325|224|0|424|1|82|
14|310|224|0|768|1|82|
14|280|192|0|58|1|82|
14|261|240|0|58|1|82|
14|259|208|0|58|1|82|
14|253|224|0|58|1|82|
14|244|240|0|58|1|82|
14|244|240|0|58|1|82|
14|242|240|0|58|1|82|
14|247|256|0|58|1|82|
14|246|256|0|58|1|82|
14|322|336|0|58|1|82|
14|245|256|0|58|1|82|
14|245|240|0|58|1|82|
14|244|256|0|58|1|82|
14|242|240|0|58|1|82|
14|241|224|0|58|1|82|
14|242|240|0|58|1|82|
14|242|224|0|58|1|82|
14|242|240|0|58|1|82|
14|242|256|0|58|1|82|
14|242|224|0|58|1|82|
14|243|256|0|58|1|82|
14|246|240|0|58|1|82|
14|244|240|0|58|1|82|
14|242|240|0|58|1|82|
14|245|240|0|58|1|82|
14|243|256|0|58|1|82|
14|242|224|0|58|1|82|
14|242|256|0|58|1|82|
14|247|256|0|58|1|82|
14|244|240|0|58|1|82|
14|242|240|0|58|1|82|
14|244|256|0|58|1|82|
14|241|240|0|58|1|82|
14|245|256|0|58|1|82|
14|244|240|0|58|1|82|
14|242|256|0|58|1|82|
14|244|240|0|58|1|82|
14|242|240|0|58|1|82|
14|245|256|0|58|1|82|
14|244|256|0|64|1|82|
14|288|272|0|443|1|82|
14|280|224|0|272|1|82|
14|269|224|0|58|1|82|
14|256|240|0|58|1|82|
14|256|224|0|58|1|82|
14|249|224|0|58|1|82|
14|242|240|0|58|1|82|
14|243|240|0|58|1|82|
14|243|240|0|58|1|82|
14|245|240|0|58|1|82|
14|244|256|0|58|1|82|
14|242|240|0|58|1|82|
14|242|256|0|58|1|82|
14|244|240|0|58|1|82|
14|244|240|0|58|1|82|
14|244|240|0|58|1|82|
14|245|240|0|58|1|82|
14|241|256|0|58|1|82|
14|244|256|0|58|1|82|
14|241|256|0|58|1|82|
14|241|240|0|58|1|82|
14|242|240|0|58|1|82|
14|242|240|0|58|1|82|
14|242|240|0|58|1|82|
14|242|240|0|58|1|82|
14|245|256|0|58|1|82|
14|242|224|0|58|1|82|
14|242|256|0|58|1|82|
14|242|256|0|58|1|82|
14|242|256|0|58|1|82|
14|269|272|0|124|1|84|
14|244|256|0|58|1|82|
14|242|224|0|58|1|82|
14|243|240|0|58|1|82|
14|243|240|0|58|1|82|
14|247|240|0|58|1|82|
14|242|224|0|58|1|82|
14|242|224|0|58|1|82|
14|244|240|0|58|1|82|
14|242|240|0|58|1|82|
14|245|240|0|58|1|82|
14|242|224|0|58|1|82|
14|244|256|0|58|1|82|
14|246|240|0|58|1|82|
14|244|240|0|58|1|82|
14|244|240|0|58|1|82|
14|242|256|0|58|1|82|
14|244|224|0|58|1|82|
14|245|256|0|58|1|82|
14|242|256|0|58|1|82|
14|244|240|0|58|1|82|
14|241|256|0|58|1|82|
14|241|240|0|58|1|82|
14|242|256|0|58|1|82|
14|242|240|0|58|1|82|
14|242|256|0|58|1|82|
14|245|240|0|58|1|82|
14|242|240|0|58|1|82|
14|242|256|0|58|1|82|
14|245|240|0|58|1|82|
14|245|256|0|58|1|82|
14|246|240|0|58|1|82|
14|242|256|0|58|1|82|
14|242|256|0|58|1|82|
14|242|256|0|58|1|82|
14|241|256|0|58|1|82|
14|244|256|0|58|1|82|
14|242|240|0|58|1|82|
14|242|256|0|58|1|82|
14|244|256|0|58|1|82|
14|242|224|0|58|1|82|
14|241|256|0|58|1|82|
14|244|256|0|58|1|82|
14|242|256|0|58|1|82|
14|247|256|0|58|1|82|
14|242|256|0|58|1|82|
14|246|240|0|58|1|82|
14|242|240|0|58|1|82|
14|243|240|0|58|1|82|
14|241|256|0|58|1|82|
14|242|224|0|58|1|82|
14|242|240|0|58|1|82|
14|242|256|0|58|1|82|
14|242|240|0|58|1|82|
14|244|240|0|58|1|82|
14|242|240|0|58|1|82|
14|242|240|0|58|1|82|
14|242|256|0|58|1|82|
14|242|240|0|58|1|82|
14|242|224|0|58|1|82|
14|242|240|0|58|1|82|
14|245|240|0|58|1|82|
14|241|256|0|58|1|82|
14|243|256|0|58|1|82|
14|245|240|0|58|1|82|
14|242|240|0|58|1|82|
14|242|240|0|58|1|82|
14|271|288|0|58|1|82|
14|242|224|0|58|1|82|
14|242|240|0|58|1|82|
14|242|240|0|58|1|82|
14|242|240|0|58|1|82|
14|242|240|0|58|1|82|
14|242|240|0|58|1|82|
14|242|240|0|58|1|82|
14|242|256|0|58|1|82|
14|245|240|0|58|1|82|
14|242|240|0|58|1|82|
14|244|256|0|58|1|82|
14|242|240|0|58|1|82|
14|244|240|0|58|1|82|
14|241|240|0|58|1|82|
14|241|224|0|58|1|82|
14|241|224|0|58|1|82|
14|244|224|0|58|1|82|
14|242|256|0|58|1|82|
14|246|240|0|58|1|82|
14|244|240|0|58|1|82|
14|242|240|0|58|1|82|
14|244|240|0|58|1|82|
14|240|240|0|58|1|82|
14|242|240|0|58|1|82|
14|241|256|0|58|1|82|
14|242|256|0|58|1|82|
14|245|240|0|58|1|82|
14|242|240|0|58|1|82|
14|243|256|0|58|1|82|
14|242|256|0|58|1|82|
14|245|256|0|58|1|82|
14|244|256|0|58|1|82|
14|242|240|0|58|1|82|
14|244|256|0|58|1|82|
14|242|240|0|58|1|82|
14|242|240|0|58|1|82|
14|242|240|0|58|1|82|
14|241|256|0|58|1|82|
14|246|256|0|58|1|82|
14|244|240|0|58|1|82|
14|244|256|0|58|1|82|
14|246|240|0|58|1|82|
14|242|256|0|58|1|82|
14|242|240|0|58|1|82|
14|242|256|0|58|1|82|
14|246|256|0|58|1|82|
14|242|240|0|58|1|82|
14|302|320|0|58|1|82|
14|241|240|0|58|1|82|
14|244|240|0|58|1|82|
14|242|240|0|58|1|82|
14|247|240|0|58|1|82|
14|242|240|0|58|1|82|
14|242|224|0|58|1|82|
14|242|240|0|58|1|82|
14|243|224|0|58|1|82|
14|241|256|0|58|1|82|
14|243|240|0|58|1|82|
14|243|240|0|58|1|82|
14|242|240|0|58|1|82|
14|242|240|0|58|1|82|
14|243|240|0|58|1|82|
14|244|256|0|58|1|82|
14|242|240|0|58|1|82|
14|241|240|0|58|1|82|
14|241|240|0|58|1|82|
14|242|240|0|58|1|82|
14|241|240|0|58|1|82|
14|242|256|0|58|1|82|
14|242|240|0|58|1|82|
14|242|240|0|58|1|82|
14|242|240|0|58|1|82|
14|244|240|0|58|1|82|
14|242|240|0|58|1|82|
14|242|240|0|58|1|82|
14|242|256|0|58|1|82|
14|242|240|0|58|1|82|
14|242|240|0|58|1|82|
14|242|256|0|58|1|82|
14|242|240|0|58|1|82|
14|245|240|0|58|1|82|
14|242|256|0|58|1|82|
14|243|256|0|58|1|82|
14|244|240|0|58|1|82|
14|242|240|0|58|1|82|
14|244|240|0|58|1|82|
14|242|240|0|58|1|82|
14|242|240|0|58|1|82|
14|242|240|0|58|1|82|
14|245|240|0|58|1|82|
14|243|256|0|58|1|82|
14|244|240|0|58|1|82|
14|245|256|0|58|1|82|
14|241|224|0|58|1|82|
14|244|240|0|58|1|82|
14|241|256|0|58|1|82|
14|242|256|0|58|1|82|
14|242|240|0|58|1|82|
14|242|240|0|58|1|82|
14|241|240|0|58|1|82|
14|244|240|0|58|1|82|
14|244|240|0|58|1|82|
14|244|256|0|58|1|82|
14|245|240|0|58|1|82|
14|241|224|0|58|1|82|
14|242|224|0|58|1|82|
14|241|240|0|58|1|82|
14|246|240|0|58|1|82|
14|242|224|0|58|1|82|
14|242|240|0|58|1|82|
14|242|240|0|58|1|82|
14|245|256|0|58|1|82|
14|245|256|0|58|1|82|
14|246|240|0|58|1|82|
14|242|256|0|58|1|82|
14|244|256|0|58|1|82|
14|244|240|0|58|1|82|
14|242|240|0|58|1|82|
14|245|240|0|58|1|82|
14|242|240|0|58|1|82|
14|245|240|0|58|1|82|
14|241|240|0|58|1|82|
14|242|240|0|58|1|82|
14|242|256|0|58|1|82|
14|245|224|0|58|1|82|
14|245|240|0|58|1|82|
14|244|256|0|58|1|82|
14|242|256|0|58|1|82|
14|242|240|0|58|1|82|
14|241|256|0|58|1|82|
14|242|240|0|58|1|82|
14|242|240|0|58|1|82|
14|241|256|0|58|1|82|
14|242|240|0|58|1|82|
14|242|240|0|58|1|82|
14|243|224|0|58|1|82|
14|242|240|0|58|1|82|
14|244|256|0|58|1|82|
14|380|384|0|58|1|82|
14|245|256|0|58|1|82|
14|242|256|0|58|1|82|
14|242|240|0|58|1|82|
14|241|240|0|58|1|82|
14|243|240|0|58|1|82|
14|246|240|0|58|1|82|
14|241|256|0|58|1|82|
14|242|240|0|58|1|82|
14|242|240|0|58|1|82|
14|241|240|0|58|1|82|
14|245|256|0|58|1|82|
14|245|240|0|58|1|82|
14|243|240|0|58|1|82|
14|242|256|0|58|1|82|
14|248|256|0|60|1|84|
14|242|240|0|58|1|82|
14|242|224|0|58|1|82|
14|242|240|0|58|1|82|
14|242|256|0|58|1|82|
14|242|240|0|58|1|82|
14|241|240|0|58|1|82|
14|242|240|0|58|1|82|
14|245|240|0|58|1|82|
14|241|224|0|58|1|82|
14|241|240|0|58|1|82|
14|246|240|0|58|1|82|
14|242|256|0|58|1|82|
14|245|256|0|58|1|82|
14|247|256|0|58|1|82|
14|244|240|0|58|1|82|
14|246|240|0|58|1|82|
14|241|256|0|58|1|82|
14|242|256|0|58|1|82|
14|241|256|0|58|1|82|
14|244|240|0|58|1|82|
14|242|256|0|58|1|82|
14|247|256|0|58|1|82|
14|244|240|0|58|1|82|
14|245|256|0|58|1|82|
14|242|256|0|58|1|82|
14|241|224|0|58|1|82|
14|243|256|0|58|1|82|
14|242|240|0|58|1|82|
14|241|240|0|58|1|82|
14|244|240|0|58|1|82|
14|242|224|0|58|1|82|
14|279|192|0|58|1|82|
14|278|208|0|58|1|82|
14|256|224|0|58|1|82|
14|254|224|0|58|1|82|
14|242|240|0|58|1|82|
14|241|240|0|58|1|82|
14|243|256|0|58|1|82|
14|242|240|0|58|1|82|
14|241|240|0|58|1|82|
14|242|224|0|58|1|82|
14|242|256|0|58|1|82|
14|242|256|0|58|1|82|
14|245|240|0|58|1|82|
14|244|256|0|58|1|82|
14|244|256|0|58|1|82|
14|244|256|0|58|1|82|
14|244|240|0|58|1|82|
14|245|240|0|58|1|82|
14|241|240|0|58|1|82|
14|245|240|0|58|1|82|
14|242|256|0|58|1|82|
14|434|432|0|58|1|82|
14|242|240|0|58|1|82|
14|243|224|0|58|1|82|
14|242|240|0|58|1|82|
14|242|240|0|58|1|82|
14|432|432|0|58|1|82|
14|246|256|0|58|1|82|
14|284|272|0|58|1|82|
14|244|256|0|58|1|82|
14|245|240|0|58|1|82|
14|241|240|0|58|1|82|
14|246|256|0|58|1|82|
14|248|256|0|58|1|82|
14|244|240|0|58|1|82|
14|244|240|0|58|1|82|
14|242|256|0|58|1|82|
14|245|240|0|58|1|82|
14|242|240|0|58|1|82|
14|244|240|0|58|1|82|
14|245|256|0|58|1|82|
14|245|240|0|58|1|82|
14|242|224|0|58|1|82|
14|241|224|0|58|1|82|
14|242|256|0|58|1|82|
14|242|240|0|58|1|82|
14|245|240|0|58|1|82|
14|241|240|0|58|1|82|
14|244|240|0|58|1|82|
14|246|224|0|58|1|82|
14|246|224|0|58|1|82|
