INSTRUCTIONS_RETIRED|CYCLES|UNKNOWN|LD_BLOCKS.STORE_FORWARD|UOPS_EXECUTED.CORE|BR_MISP_RETIRED.ALL_BRANCHES|UOPS_RETIRED.ANY|
14|299|208|0|58|1|82|
14|261|208|0|58|1|82|
14|258|224|0|58|1|82|
14|261|208|0|58|1|82|
14|243|240|0|58|1|82|
14|381|384|0|58|1|82|
14|244|256|0|58|1|82|
14|294|288|0|263|1|82|
14|248|240|0|58|1|82|
14|243|240|0|58|1|82|
14|243|224|0|58|1|82|
14|264|208|0|58|1|82|
14|410|304|0|58|1|82|
14|333|304|0|58|1|82|
14|242|256|0|58|1|82|
14|242|256|0|58|1|82|
14|244|256|0|58|1|82|
14|243|256|0|58|1|82|
14|242|240|0|58|1|82|
14|242|256|0|58|1|82|
14|243|240|0|58|1|82|
14|242|240|0|58|1|82|
14|243|240|0|58|1|82|
14|246|240|0|58|1|82|
14|242|240|0|58|1|82|
14|243|256|0|58|1|82|
14|243|240|0|58|1|82|
14|243|256|0|58|1|82|
14|243|240|0|58|1|82|
14|242|240|0|58|1|82|
14|245|240|0|58|1|82|
14|243|240|0|58|1|82|
14|245|240|0|58|1|82|
14|243|240|0|58|1|82|
14|242|240|0|58|1|82|
14|246|240|0|58|1|82|
14|242|224|0|58|1|82|
14|242|256|0|58|1|82|
14|243|240|0|58|1|82|
14|242|240|0|58|1|82|
14|242|240|0|58|1|82|
14|245|240|0|58|1|82|
14|243|256|0|58|1|82|
14|245|256|0|58|1|82|
14|247|256|0|58|1|82|
14|243|240|0|58|1|82|
14|246|240|0|58|1|82|
14|243|256|0|58|1|82|
14|245|240|0|58|1|82|
14|243|240|0|58|1|82|
14|243|256|0|58|1|82|
14|242|240|0|58|1|82|
14|242|240|0|58|1|82|
14|243|240|0|58|1|82|
14|242|256|0|58|1|82|
14|243|240|0|58|1|82|
14|244|256|0|58|1|82|
14|242|240|0|58|1|82|
14|244|240|0|58|1|82|
14|245|240|0|58|1|82|
14|243|224|0|58|1|82|
14|243|240|0|58|1|82|
14|246|256|0|58|1|82|
14|242|240|0|58|1|82|
14|246|256|0|58|1|82|
14|242|240|0|58|1|82|
14|243|240|0|58|1|82|
14|243|240|0|58|1|82|
14|243|224|0|58|1|82|
14|244|240|0|58|1|82|
14|247|256|0|58|1|82|
14|244|240|0|58|1|82|
14|243|256|0|58|1|82|
14|244|256|0|58|1|82|
14|245|240|0|58|1|82|
14|245|256|0|58|1|82|
14|247|240|0|58|1|82|
14|243|240|0|58|1|82|
14|243|256|0|58|1|82|
14|246|240|0|58|1|82|
14|243|224|0|58|1|82|
14|243|240|0|58|1|82|
14|242|240|0|58|1|82|
14|244|256|0|58|1|82|
14|245|256|0|58|1|82|
14|242|256|0|58|1|82|
14|243|256|0|58|1|82|
14|243|240|0|58|1|82|
14|243|240|0|58|1|82|
14|245|240|0|58|1|82|
14|242|256|0|58|1|82|
14|243|240|0|58|1|82|
14|244|256|0|58|1|82|
14|242|240|0|58|1|82|
14|244|240|0|58|1|82|
14|245|240|0|58|1|82|
14|247|240|0|58|1|82|
14|245|256|0|58|1|82|
14|243|256|0|58|1|82|
14|244|256|0|58|1|82|
14|243|240|0|58|1|82|
14|243|240|0|58|1|82|
14|245|256|0|58|1|82|
14|243|256|0|58|1|82|
14|243|240|0|58|1|82|
14|243|256|0|58|1|82|
14|243|240|0|58|1|82|
14|303|304|0|58|1|82|
14|242|256|0|58|1|82|
14|255|240|0|187|1|82|
14|242|224|0|58|1|82|
14|243|240|0|58|1|82|
14|245|240|0|58|1|82|
14|245|240|0|58|1|82|
14|246|256|0|58|1|82|
14|245|240|0|58|1|82|
14|247|256|0|58|1|82|
14|245|224|0|58|1|82|
14|247|240|0|58|1|82|
14|245|240|0|58|1|82|
14|244|256|0|58|1|82|
14|243|240|0|58|1|82|
14|244|256|0|58|1|82|
14|244|256|0|58|1|82|
14|247|240|0|58|1|82|
14|243|240|0|58|1|82|
14|245|240|0|58|1|82|
14|245|256|0|58|1|82|
14|248|256|0|58|1|82|
14|246|256|0|58|1|82|
14|243|256|0|58|1|82|
14|243|240|0|58|1|82|
14|246|240|0|58|1|82|
14|243|240|0|58|1|82|
14|242|240|0|58|1|82|
14|246|240|0|58|1|82|
14|243|224|0|58|1|82|
14|243|256|0|58|1|82|
14|243|240|0|58|1|82|
14|245|240|0|58|1|82|
14|248|240|0|58|1|82|
14|246|240|0|58|1|82|
14|246|240|0|58|1|82|
14|243|240|0|58|1|82|
14|242|240|0|58|1|82|
14|243|240|0|58|1|82|
14|261|256|0|199|1|82|
14|255|240|0|58|1|82|
14|255|240|0|58|1|82|
14|255|224|0|58|1|82|
14|255|224|0|58|1|82|
14|242|256|0|58|1|82|
14|243|240|0|58|1|82|
14|246|256|0|58|1|82|
14|243|256|0|58|1|82|
14|268|272|0|493|1|84|
14|391|336|0|58|1|82|
14|271|208|0|71|1|82|
14|258|208|0|58|1|82|
14|248|224|0|58|1|82|
14|246|240|0|58|1|82|
14|245|240|0|58|1|82|
14|242|240|0|58|1|82|
14|242|240|0|58|1|82|
14|246|256|0|58|1|82|
14|243|240|0|58|1|82|
14|244|240|0|58|1|82|
14|242|240|0|58|1|82|
14|245|240|0|58|1|82|
14|242|240|0|58|1|82|
14|260|208|0|58|1|82|
14|261|208|0|58|1|82|
14|247|240|0|58|1|82|
14|243|240|0|58|1|82|
14|243|240|0|58|1|82|
14|243|256|0|58|1|82|
14|244|240|0|58|1|82|
14|307|304|0|58|1|82|
14|248|256|0|58|1|82|
14|246|256|0|58|1|82|
14|242|240|0|58|1|82|
14|243|240|0|58|1|82|
14|242|256|0|58|1|82|
14|243|224|0|58|1|82|
14|243|256|0|58|1|82|
14|243|240|0|58|1|82|
14|243|240|0|58|1|82|
14|245|256|0|58|1|82|
14|247|240|0|58|1|82|
14|243|240|0|58|1|82|
14|242|256|0|58|1|82|
14|244|256|0|58|1|82|
14|424|416|0|58|1|82|
14|246|240|0|58|1|82|
14|245|256|0|58|1|82|
14|243|240|0|58|1|82|
14|246|240|0|58|1|82|
14|243|240|0|58|1|82|
14|246|240|0|58|1|82|
14|243|240|0|58|1|82|
14|245|240|0|58|1|82|
14|242|240|0|58|1|82|
14|243|256|0|58|1|82|
14|243|240|0|58|1|82|
14|243|256|0|58|1|82|
14|247|256|0|58|1|82|
14|248|240|0|58|1|82|
14|243|240|0|58|1|82|
14|246|240|0|58|1|82|
14|243|240|0|58|1|82|
14|243|240|0|58|1|82|
14|243|224|0|58|1|82|
14|243|240|0|58|1|82|
14|243|256|0|58|1|82|
14|242|224|0|58|1|82|
14|242|240|0|58|1|82|
14|248|256|0|58|1|82|
14|242|256|0|58|1|82|
14|242|240|0|58|1|82|
14|243|240|0|58|1|82|
14|244|256|0|58|1|82|
14|246|256|0|58|1|82|
14|243|240|0|58|1|82|
14|244|256|0|58|1|82|
14|242|240|0|58|1|82|
14|243|256|0|58|1|82|
14|245|240|0|58|1|82|
14|243|240|0|58|1|82|
14|243|240|0|58|1|82|
14|244|240|0|58|1|82|
14|242|240|0|58|1|82|
14|242|240|0|58|1|82|
14|274|272|0|232|1|81|
14|243|256|0|58|1|82|
14|244|240|0|58|1|82|
14|243|224|0|58|1|82|
14|247|256|0|58|1|82|
14|245|240|0|58|1|82|
14|243|256|0|58|1|82|
14|245|240|0|58|1|82|
14|247|240|0|58|1|82|
14|245|240|0|58|1|82|
14|245|256|0|58|1|82|
14|243|240|0|58|1|82|
14|243|240|0|58|1|82|
14|245|256|0|58|1|82|
14|245|240|0|58|1|82|
14|245|240|0|58|1|82|
14|247|256|0|58|1|82|
14|243|240|0|58|1|82|
14|242|224|0|58|1|82|
14|242|240|0|58|1|82|
14|245|240|0|58|1|82|
14|245|256|0|58|1|82|
14|245|240|0|58|1|82|
14|245|240|0|58|1|82|
14|245|240|0|58|1|82|
14|245|240|0|58|1|82|
14|248|256|0|58|1|82|
14|247|240|0|58|1|82|
14|248|256|0|58|1|82|
14|242|240|0|58|1|82|
14|245|240|0|58|1|82|
14|243|240|0|58|1|82|
14|244|240|0|58|1|82|
14|243|240|0|58|1|82|
14|243|256|0|58|1|82|
14|245|240|0|58|1|82|
14|242|240|0|58|1|82|
14|245|240|0|58|1|82|
14|243|224|0|58|1|82|
14|243|240|0|58|1|82|
14|244|240|0|58|1|82|
14|243|240|0|58|1|82|
14|243|240|0|58|1|82|
14|243|240|0|58|1|82|
14|245|240|0|58|1|82|
14|243|256|0|58|1|82|
14|242|240|0|58|1|82|
14|242|224|0|58|1|82|
14|248|256|0|58|1|82|
14|246|256|0|58|1|82|
14|248|256|0|58|1|82|
14|243|240|0|58|1|82|
14|243|256|0|58|1|82|
14|243|256|0|58|1|82|
14|243|240|0|58|1|82|
14|243|256|0|58|1|82|
14|245|240|0|58|1|82|
14|243|240|0|58|1|82|
14|243|240|0|58|1|82|
14|242|240|0|58|1|82|
14|243|256|0|58|1|82|
14|244|224|0|58|1|82|
14|243|256|0|58|1|82|
14|246|240|0|58|1|82|
14|246|256|0|58|1|82|
14|242|240|0|58|1|82|
14|245|240|0|58|1|82|
14|242|256|0|58|1|82|
14|244|256|0|58|1|82|
14|242|240|0|58|1|82|
14|243|224|0|58|1|82|
14|244|240|0|58|1|82|
14|242|240|0|58|1|82|
14|243|240|0|58|1|82|
14|243|240|0|58|1|82|
14|243|256|0|58|1|82|
14|243|224|0|58|1|82|
14|244|240|0|58|1|82|
14|243|240|0|58|1|82|
14|243|240|0|58|1|82|
14|243|224|0|58|1|82|
14|247|256|0|58|1|82|
14|245|256|0|58|1|82|
14|245|256|0|58|1|82|
14|245|240|0|58|1|82|
14|242|240|0|58|1|82|
14|247|256|0|58|1|82|
14|243|240|0|58|1|82|
14|245|256|0|58|1|82|
14|243|256|0|58|1|82|
14|245|240|0|58|1|82|
14|245|240|0|58|1|82|
14|245|256|0|58|1|82|
14|243|256|0|58|1|82|
14|243|240|0|58|1|82|
14|245|240|0|58|1|82|
14|246|240|0|58|1|82|
14|248|256|0|58|1|82|
14|243|224|0|58|1|82|
14|244|256|0|58|1|82|
14|244|240|0|58|1|82|
14|243|224|0|58|1|82|
14|244|256|0|58|1|82|
14|242|256|0|58|1|82|
14|243|240|0|58|1|82|
14|243|240|0|58|1|82|
14|245|256|0|58|1|82|
14|242|256|0|58|1|82|
14|246|240|0|58|1|82|
14|243|256|0|58|1|82|
14|243|240|0|58|1|82|
14|242|240|0|58|1|82|
14|243|240|0|58|1|82|
14|243|256|0|58|1|82|
14|243|256|0|58|1|82|
14|243|240|0|58|1|82|
14|244|240|0|58|1|82|
14|242|224|0|58|1|82|
14|242|224|0|58|1|82|
14|242|240|0|58|1|82|
14|241|240|0|58|1|82|
14|247|256|0|58|1|82|
14|245|240|0|58|1|82|
14|243|240|0|58|1|82|
14|243|256|0|58|1|82|
14|243|240|0|58|1|82|
14|243|240|0|58|1|82|
14|243|240|0|58|1|82|
14|449|448|0|58|1|82|
14|243|240|0|58|1|82|
14|242|240|0|58|1|82|
14|243|240|0|58|1|82|
14|243|256|0|58|1|82|
14|243|256|0|58|1|82|
14|242|240|0|58|1|82|
14|243|224|0|58|1|82|
14|242|240|0|58|1|82|
14|243|256|0|58|1|82|
14|242|240|0|58|1|82|
14|246|240|0|58|1|82|
14|243|240|0|58|1|82|
14|243|240|0|58|1|82|
14|243|240|0|58|1|82|
14|245|240|0|58|1|82|
14|245|256|0|58|1|82|
14|245|240|0|58|1|82|
14|243|240|0|58|1|82|
14|244|240|0|58|1|82|
14|243|256|0|58|1|82|
14|245|256|0|58|1|82|
14|245|240|0|58|1|82|
14|245|240|0|58|1|82|
14|244|240|0|58|1|82|
14|244|240|0|58|1|82|
14|243|256|0|58|1|82|
14|244|240|0|58|1|82|
14|247|256|0|58|1|82|
14|243|256|0|58|1|82|
14|245|256|0|58|1|82|
14|243|240|0|58|1|82|
14|242|256|0|58|1|82|
14|246|240|0|58|1|82|
14|243|256|0|58|1|82|
14|244|256|0|58|1|82|
14|242|256|0|58|1|82|
14|244|240|0|58|1|82|
14|244|224|0|58|1|82|
14|243|256|0|58|1|82|
14|243|256|0|58|1|82|
14|243|240|0|58|1|82|
14|243|240|0|58|1|82|
14|242|224|0|58|1|82|
14|245|240|0|58|1|82|
14|243|240|0|58|1|82|
14|247|256|0|58|1|82|
14|247|240|0|58|1|82|
14|245|240|0|58|1|82|
14|243|240|0|58|1|82|
14|243|240|0|58|1|82|
14|242|240|0|58|1|82|
14|246|256|0|58|1|82|
14|243|240|0|58|1|82|
14|245|240|0|58|1|82|
14|243|240|0|58|1|82|
14|246|256|0|58|1|82|
14|243|240|0|58|1|82|
14|244|256|0|58|1|82|
14|246|240|0|58|1|82|
14|246|240|0|58|1|82|
14|247|256|0|58|1|82|
14|248|256|0|58|1|82|
14|315|320|0|58|1|82|
14|246|240|0|58|1|82|
14|243|224|0|58|1|82|
14|321|336|0|58|1|82|
14|243|240|0|58|1|82|
14|243|240|0|58|1|82|
14|244|256|0|58|1|82|
14|248|256|0|58|1|82|
14|242|240|0|58|1|82|
14|245|256|0|58|1|82|
14|243|256|0|58|1|82|
14|244|240|0|58|1|82|
14|245|240|0|58|1|82|
14|299|208|0|71|1|82|
14|376|288|0|129|1|82|
14|305|240|0|339|1|80|
14|308|224|0|154|1|82|
14|158|112|0|141|1|82|
14|295|208|0|92|1|82|
14|270|208|0|58|1|82|
14|338|256|0|58|1|82|
14|243|240|0|58|1|82|
14|243|240|0|58|1|82|
14|242|224|0|58|1|82|
14|243|256|0|58|1|82|
14|247|256|0|58|1|82|
14|243|256|0|58|1|82|
14|245|240|0|58|1|82|
14|244|240|0|58|1|82|
14|242|240|0|58|1|82|
14|243|256|0|58|1|82|
14|243|256|0|58|1|82|
14|243|256|0|58|1|82|
14|378|384|0|58|1|82|
14|243|240|0|58|1|82|
14|243|256|0|58|1|82|
14|243|240|0|58|1|82|
14|243|240|0|58|1|82|
14|242|240|0|58|1|82|
14|244|240|0|58|1|82|
14|243|224|0|58|1|82|
14|242|240|0|58|1|82|
14|248|240|0|58|1|82|
14|244|256|0|58|1|82|
14|243|240|0|58|1|82|
14|245|240|0|58|1|82|
14|245|240|0|58|1|82|
14|242|240|0|58|1|82|
14|246|240|0|58|1|82|
14|243|240|0|58|1|82|
14|247|256|0|58|1|82|
14|243|240|0|58|1|82|
14|247|240|0|58|1|82|
14|244|240|0|58|1|82|
14|247|256|0|58|1|82|
14|246|240|0|58|1|82|
14|244|240|0|58|1|82|
14|242|240|0|58|1|82|
14|243|256|0|58|1|82|
14|249|240|0|58|1|82|
14|242|256|0|58|1|82|
14|243|240|0|58|1|82|
14|245|240|0|58|1|82|
14|243|224|0|58|1|82|
14|243|240|0|58|1|82|
14|244|224|0|58|1|82|
14|244|256|0|58|1|82|
14|243|240|0|58|1|82|
14|246|240|0|58|1|82|
14|245|224|0|58|1|82|
14|242|256|0|58|1|82|
14|244|240|0|58|1|82|
14|244|256|0|58|1|82|
14|243|240|0|58|1|82|
14|246|240|0|58|1|82|
14|245|256|0|58|1|82|
14|243|256|0|58|1|82|
14|245|256|0|58|1|82|
14|248|256|0|58|1|82|
14|419|416|0|58|1|82|
14|242|240|0|58|1|82|
14|243|256|0|58|1|82|
14|243|224|0|58|1|82|
14|245|256|0|58|1|82|
14|243|240|0|58|1|82|
14|247|240|0|58|1|82|
14|242|256|0|58|1|82|
14|245|240|0|58|1|82|
14|242|256|0|58|1|82|
14|243|240|0|58|1|82|
14|242|240|0|58|1|82|
14|242|240|0|58|1|82|
14|244|240|0|58|1|82|
14|243|240|0|58|1|82|
14|243|256|0|58|1|82|
14|244|240|0|58|1|82|
14|243|256|0|58|1|82|
14|243|240|0|58|1|82|
14|243|240|0|58|1|82|
14|242|256|0|58|1|82|
14|246|240|0|58|1|82|
14|243|256|0|58|1|82|
14|243|240|0|58|1|82|
14|247|256|0|58|1|82|
14|242|240|0|58|1|82|
14|244|256|0|58|1|82|
14|242|240|0|58|1|82|
14|271|272|0|58|1|82|
14|243|256|0|58|1|82|
14|245|256|0|58|1|82|
14|247|256|0|58|1|82|
14|243|256|0|58|1|82|
14|243|240|0|58|1|82|
14|243|240|0|58|1|82|
14|243|240|0|58|1|82|
14|243|256|0|58|1|82|
14|243|240|0|58|1|82|
14|243|256|0|58|1|82|
14|242|224|0|58|1|82|
14|243|240|0|58|1|82|
14|242|240|0|58|1|82|
14|243|224|0|58|1|82|
14|243|240|0|58|1|82|
14|243|240|0|58|1|82|
14|245|240|0|58|1|82|
14|246|240|0|58|1|82|
14|245|256|0|58|1|82|
14|242|256|0|58|1|82|
14|243|256|0|58|1|82|
14|246|256|0|58|1|82|
14|243|240|0|58|1|82|
14|244|240|0|58|1|82|
14|242|240|0|58|1|82|
14|243|224|0|58|1|82|
14|245|240|0|58|1|82|
14|243|256|0|58|1|82|
14|243|256|0|58|1|82|
14|243|240|0|58|1|82|
14|246|240|0|58|1|82|
14|246|240|0|58|1|82|
14|243|240|0|58|1|82|
14|242|240|0|58|1|82|
14|243|240|0|58|1|82|
14|243|256|0|58|1|82|
14|243|256|0|58|1|82|
14|244|256|0|58|1|82|
14|243|240|0|58|1|82|
14|442|448|0|58|1|82|
14|242|224|0|58|1|82|
14|243|256|0|58|1|82|
14|243|256|0|58|1|82|
14|245|240|0|58|1|82|
14|242|224|0|58|1|82|
14|242|240|0|58|1|82|
14|245|240|0|58|1|82|
14|243|240|0|58|1|82|
14|246|256|0|58|1|82|
14|246|240|0|58|1|82|
14|243|240|0|58|1|82|
14|243|224|0|58|1|82|
14|246|240|0|58|1|82|
14|247|256|0|58|1|82|
14|243|240|0|58|1|82|
14|246|240|0|58|1|82|
14|243|256|0|58|1|82|
14|244|240|0|58|1|82|
14|243|240|0|58|1|82|
14|243|256|0|58|1|82|
14|244|240|0|58|1|82|
14|242|240|0|58|1|82|
14|245|256|0|58|1|82|
14|242|240|0|58|1|82|
14|243|240|0|58|1|82|
14|242|240|0|58|1|82|
14|243|240|0|58|1|82|
14|242|240|0|58|1|82|
14|243|240|0|58|1|82|
14|243|240|0|58|1|82|
14|247|256|0|58|1|82|
14|243|240|0|58|1|82|
14|244|256|0|58|1|82|
14|243|240|0|58|1|82|
14|242|240|0|58|1|82|
14|243|240|0|58|1|82|
14|242|240|0|58|1|82|
14|242|224|0|58|1|82|
14|242|224|0|58|1|82|
14|245|240|0|58|1|82|
14|243|256|0|58|1|82|
14|242|224|0|58|1|82|
14|243|256|0|58|1|82|
14|245|256|0|58|1|82|
14|559|560|0|58|1|82|
14|243|240|0|58|1|82|
14|243|240|0|58|1|82|
14|243|256|0|58|1|82|
14|243|224|0|58|1|82|
14|243|256|0|58|1|82|
14|246|256|0|58|1|82|
14|246|240|0|58|1|82|
14|243|224|0|58|1|82|
14|245|224|0|58|1|82|
14|242|240|0|58|1|82|
14|243|240|0|58|1|82|
14|243|240|0|58|1|82|
14|245|256|0|58|1|82|
14|243|256|0|58|1|82|
14|248|256|0|58|1|82|
14|245|256|0|58|1|82|
14|243|224|0|58|1|82|
14|243|240|0|58|1|82|
14|243|224|0|58|1|82|
14|242|240|0|58|1|82|
14|245|256|0|58|1|82|
14|243|240|0|58|1|82|
14|246|240|0|58|1|82|
14|245|256|0|58|1|82|
14|262|256|0|181|1|82|
14|292|208|0|101|1|82|
14|275|192|0|58|1|82|
14|421|304|0|72|1|82|
14|302|240|0|610|1|85|
14|251|240|0|58|1|82|
14|254|208|0|58|1|82|
14|242|224|0|58|1|82|
14|246|240|0|58|1|82|
14|246|224|0|58|1|82|
14|247|224|0|58|1|82|
14|254|224|0|58|1|82|
14|403|352|0|58|1|82|
14|243|224|0|58|1|82|
14|257|272|0|151|1|81|
14|243|240|0|58|1|82|
14|243|240|0|58|1|82|
14|242|240|0|58|1|82|
14|243|240|0|58|1|82|
14|245|256|0|58|1|82|
14|243|240|0|58|1|82|
14|243|256|0|58|1|82|
14|245|240|0|58|1|82|
14|243|240|0|58|1|82|
14|246|256|0|58|1|82|
14|243|256|0|58|1|82|
14|243|240|0|58|1|82|
14|242|240|0|58|1|82|
14|242|240|0|58|1|82|
14|243|240|0|58|1|82|
14|243|256|0|58|1|82|
14|242|240|0|58|1|82|
14|243|256|0|58|1|82|
14|244|240|0|58|1|82|
14|243|240|0|58|1|82|
14|246|240|0|58|1|82|
14|243|240|0|58|1|82|
14|245|240|0|58|1|82|
14|243|256|0|58|1|82|
14|243|240|0|58|1|82|
14|242|240|0|58|1|82|
14|246|240|0|58|1|82|
14|244|224|0|58|1|82|
14|245|256|0|58|1|82|
14|357|352|0|58|1|82|
14|243|240|0|58|1|82|
14|243|240|0|58|1|82|
14|242|240|0|58|1|82|
14|243|224|0|58|1|82|
14|243|256|0|58|1|82|
14|243|256|0|58|1|82|
14|242|256|0|58|1|82|
14|243|256|0|58|1|82|
14|243|240|0|58|1|82|
14|243|224|0|58|1|82|
14|261|256|0|240|1|81|
14|271|208|0|58|1|82|
14|271|208|0|58|1|82|
14|270|208|0|58|1|82|
14|273|208|0|58|1|82|
14|244|224|0|58|1|82|
14|277|288|0|58|1|82|
14|243|240|0|58|1|82|
14|243|256|0|58|1|82|
14|247|240|0|58|1|82|
14|243|224|0|58|1|82|
14|245|240|0|58|1|82|
14|246|256|0|58|1|82|
14|243|240|0|58|1|82|
14|246|256|0|58|1|82|
14|243|240|0|58|1|82|
14|243|240|0|58|1|82|
14|243|240|0|58|1|82|
14|351|352|0|58|1|82|
14|242|224|0|58|1|82|
14|242|256|0|58|1|82|
14|243|240|0|58|1|82|
14|243|240|0|58|1|82|
14|245|256|0|58|1|82|
14|243|240|0|58|1|82|
14|246|256|0|58|1|82|
14|243|240|0|58|1|82|
14|244|240|0|58|1|82|
14|242|240|0|58|1|82|
14|245|256|0|58|1|82|
14|242|224|0|58|1|82|
14|263|256|0|161|1|82|
14|245|256|0|58|1|82|
14|246|240|0|58|1|82|
14|245|256|0|58|1|82|
14|242|240|0|58|1|82|
14|247|240|0|58|1|82|
14|245|240|0|58|1|82|
14|243|240|0|58|1|82|
14|246|240|0|58|1|82|
14|242|240|0|58|1|82|
14|245|256|0|58|1|82|
14|245|240|0|58|1|82|
14|247|256|0|58|1|82|
14|243|256|0|58|1|82|
14|243|240|0|58|1|82|
14|243|240|0|58|1|82|
14|245|240|0|58|1|82|
14|242|240|0|58|1|82|
14|246|240|0|58|1|82|
14|243|240|0|58|1|82|
14|247|240|0|58|1|82|
14|243|240|0|58|1|82|
14|242|240|0|58|1|82|
14|243|256|0|58|1|82|
14|243|240|0|58|1|82|
14|243|240|0|58|1|82|
14|243|240|0|58|1|82|
14|324|336|0|96|1|82|
14|256|256|0|199|1|82|
14|288|208|0|448|1|78|
14|327|240|0|177|1|82|
14|304|224|0|148|1|82|
14|277|192|0|61|1|82|
14|313|224|0|209|1|82|
14|279|208|0|58|1|82|
14|277|208|0|58|1|82|
14|265|208|0|58|1|82|
14|243|240|0|58|1|82|
14|242|240|0|58|1|82|
14|242|256|0|58|1|82|
14|242|240|0|58|1|82|
14|243|240|0|58|1|82|
14|244|256|0|58|1|82|
14|245|240|0|58|1|82|
14|243|240|0|58|1|82|
14|244|256|0|58|1|82|
14|242|240|0|58|1|82|
14|246|240|0|58|1|82|
14|243|224|0|58|1|82|
14|243|240|0|58|1|82|
14|243|256|0|58|1|82|
14|243|240|0|58|1|82|
14|245|256|0|58|1|82|
14|243|224|0|58|1|82|
14|242|240|0|58|1|82|
14|243|240|0|58|1|82|
14|243|240|0|58|1|82|
14|242|256|0|58|1|82|
14|242|240|0|58|1|82|
14|245|240|0|58|1|82|
14|243|224|0|58|1|82|
14|243|256|0|58|1|82|
14|242|240|0|58|1|82|
14|242|240|0|58|1|82|
14|245|224|0|58|1|82|
14|245|240|0|58|1|82|
14|243|224|0|58|1|82|
14|243|240|0|58|1|82|
14|242|240|0|58|1|82|
14|243|240|0|58|1|82|
14|242|240|0|58|1|82|
14|242|240|0|58|1|82|
14|243|256|0|58|1|82|
14|245|240|0|58|1|82|
14|243|240|0|58|1|82|
14|243|240|0|58|1|82|
14|243|240|0|58|1|82|
14|243|256|0|58|1|82|
14|244|240|0|58|1|82|
14|246|256|0|58|1|82|
14|243|256|0|58|1|82|
14|353|352|0|58|1|82|
14|247|256|0|58|1|82|
14|247|240|0|58|1|82|
14|244|240|0|58|1|82|
14|243|240|0|58|1|82|
14|245|240|0|58|1|82|
14|245|240|0|58|1|82|
14|243|240|0|58|1|82|
14|252|256|0|123|1|82|
14|243|224|0|58|1|82|
14|243|240|0|58|1|82|
14|245|240|0|58|1|82|
14|246|240|0|58|1|82|
14|243|224|0|58|1|82|
14|245|240|0|58|1|82|
14|262|256|0|214|1|81|
14|243|256|0|58|1|82|
14|275|272|0|99|1|82|
14|151|128|0|113|1|82|
14|286|208|0|58|1|82|
14|261|208|0|58|1|82|
14|261|208|0|58|1|82|
14|259|208|0|58|1|82|
14|243|240|0|58|1|82|
14|243|240|0|58|1|82|
14|243|240|0|58|1|82|
14|242|224|0|58|1|82|
14|243|240|0|58|1|82|
14|243|240|0|58|1|82|
14|245|240|0|58|1|82|
14|243|240|0|58|1|82|
14|243|240|0|58|1|82|
14|247|256|0|58|1|82|
14|243|256|0|58|1|82|
14|244|240|0|58|1|82|
14|243|224|0|58|1|82|
14|230|240|0|58|0|82|
14|242|240|0|58|1|82|
14|246|240|0|58|1|82|
14|245|240|0|58|1|82|
14|247|240|0|58|1|82|
14|246|256|0|58|1|82|
14|245|256|0|58|1|82|
14|245|256|0|58|1|82|
14|242|224|0|58|1|82|
14|242|224|0|58|1|82|
14|243|240|0|58|1|82|
14|243|240|0|58|1|82|
14|243|256|0|58|1|82|
14|244|240|0|58|1|82|
14|243|240|0|58|1|82|
14|276|272|0|58|1|82|
14|243|240|0|58|1|82|
14|244|256|0|58|1|82|
14|243|240|0|58|1|82|
14|362|368|0|58|1|82|
14|243|240|0|58|1|82|
14|242|256|0|58|1|82|
14|243|256|0|58|1|82|
14|244|240|0|58|1|82|
14|243|256|0|58|1|82|
14|243|240|0|58|1|82|
14|243|240|0|58|1|82|
14|243|256|0|58|1|82|
14|243|240|0|58|1|82|
14|245|240|0|58|1|82|
14|242|224|0|58|1|82|
14|246|240|0|58|1|82|
14|243|240|0|58|1|82|
14|244|256|0|58|1|82|
14|243|256|0|58|1|82|
14|243|256|0|58|1|82|
14|243|256|0|58|1|82|
14|243|256|0|58|1|82|
14|245|256|0|58|1|82|
14|243|240|0|58|1|82|
14|246|240|0|58|1|82|
14|243|240|0|58|1|82|
14|242|224|0|58|1|82|
14|242|256|0|58|1|82|
14|246|256|0|58|1|82|
14|242|240|0|58|1|82|
14|245|240|0|58|1|82|
14|243|240|0|58|1|82|
14|244|224|0|58|1|82|
14|243|256|0|58|1|82|
14|243|240|0|58|1|82|
14|245|240|0|58|1|82|
14|243|240|0|58|1|82|
14|243|240|0|58|1|82|
14|242|256|0|58|1|82|
14|247|256|0|58|1|82|
14|242|240|0|58|1|82|
14|247|256|0|58|1|82|
14|247|256|0|58|1|82|
14|242|256|0|58|1|82|
14|243|240|0|58|1|82|
14|243|256|0|58|1|82|
14|244|240|0|58|1|82|
14|246|256|0|58|1|82|
14|245|240|0|58|1|82|
14|242|224|0|58|1|82|
14|243|240|0|58|1|82|
14|243|240|0|58|1|82|
14|243|240|0|58|1|82|
14|242|224|0|58|1|82|
14|244|240|0|58|1|82|
14|243|240|0|58|1|82|
14|343|352|0|58|1|82|
14|242|224|0|58|1|82|
14|243|240|0|58|1|82|
14|243|240|0|58|1|82|
14|243|240|0|58|1|82|
14|243|240|0|58|1|82|
14|244|240|0|58|1|82|
14|242|224|0|58|1|82|
14|261|208|0|58|1|82|
14|243|240|0|58|1|82|
14|244|256|0|58|1|82|
14|242|256|0|58|1|82|
14|246|256|0|58|1|82|
14|243|240|0|58|1|82|
14|246|240|0|58|1|82|
14|243|240|0|58|1|82|
14|246|240|0|58|1|82|
14|242|240|0|58|1|82|
14|243|256|0|58|1|82|
14|247|256|0|58|1|82|
14|243|240|0|58|1|82|
14|243|240|0|58|1|82|
14|243|240|0|58|1|82|
14|244|240|0|58|1|82|
14|243|256|0|58|1|82|
14|243|240|0|58|1|82|
14|245|240|0|58|1|82|
14|246|240|0|58|1|82|
14|243|224|0|58|1|82|
14|243|240|0|58|1|82|
14|243|240|0|58|1|82|
14|243|240|0|58|1|82|
14|243|240|0|58|1|82|
14|244|224|0|58|1|82|
14|243|240|0|58|1|82|
14|242|256|0|58|1|82|
14|248|240|0|58|1|82|
14|244|240|0|58|1|82|
14|245|240|0|58|1|82|
14|242|240|0|58|1|82|
14|244|240|0|58|1|82|
14|243|240|0|58|1|82|
14|244|240|0|58|1|82|
14|243|240|0|58|1|82|
14|245|240|0|58|1|82|
14|243|240|0|58|1|82|
14|390|400|0|58|1|82|
14|244|240|0|58|1|82|
14|243|240|0|58|1|82|
14|243|240|0|58|1|82|
14|248|256|0|58|1|82|
14|242|240|0|58|1|82|
14|245|256|0|58|1|82|
14|242|256|0|58|1|82|
14|245|256|0|58|1|82|
14|243|240|0|58|1|82|
14|242|256|0|58|1|82|
14|243|256|0|58|1|82|
14|243|240|0|58|1|82|
14|243|256|0|58|1|82|
14|243|256|0|58|1|82|
14|242|256|0|58|1|82|
14|242|224|0|58|1|82|
14|244|240|0|58|1|82|
14|242|240|0|58|1|82|
14|245|240|0|58|1|82|
14|243|256|0|58|1|82|
14|244|256|0|58|1|82|
14|244|224|0|58|1|82|
14|243|240|0|58|1|82|
14|244|240|0|58|1|82|
14|242|240|0|58|1|82|
14|245|256|0|58|1|82|
14|242|240|0|58|1|82|
14|243|256|0|58|1|82|
14|243|224|0|58|1|82|
14|243|240|0|58|1|82|
14|242|256|0|58|1|82|
14|243|256|0|58|1|82|
14|243|240|0|58|1|82|
14|244|224|0|58|1|82|
14|242|240|0|58|1|82|
14|243|240|0|58|1|82|
14|242|240|0|58|1|82|
14|245|240|0|58|1|82|
