INSTRUCTIONS_RETIRED|CYCLES|UNKNOWN|LD_BLOCKS.STORE_FORWARD|UOPS_EXECUTED.THREAD|BR_MISP_RETIRED.ALL_BRANCHES|UOPS_RETIRED.ANY|
147|292|96|1|281|0|272|
147|293|192|1|281|0|272|
147|240|96|1|249|0|270|
147|293|96|1|281|0|272|
147|293|192|1|281|0|272|
147|243|96|1|249|0|270|
147|293|192|1|281|0|272|
147|295|192|1|280|0|272|
147|295|192|1|280|0|272|
147|295|192|1|280|0|272|
147|295|192|1|281|0|272|
147|296|96|1|281|0|272|
147|292|288|1|281|0|272|
147|292|192|1|281|0|272|
147|304|192|1|292|0|272|
147|293|96|1|281|0|272|
147|294|192|1|282|0|272|
147|295|96|1|280|0|272|
147|293|96|1|281|0|272|
147|296|192|1|282|0|272|
147|292|96|1|280|0|272|
147|292|96|1|280|0|272|
147|292|96|1|280|0|272|
147|296|192|1|282|0|272|
147|296|192|1|281|0|272|
147|293|96|1|281|0|272|
147|292|96|1|280|0|272|
147|292|96|1|280|0|272|
147|293|192|1|281|0|272|
147|296|96|1|281|0|272|
147|2468|1248|2|607|0|603|
147|295|288|1|278|0|275|
147|292|96|1|280|0|272|
147|292|96|1|280|0|272|
147|295|192|1|280|0|272|
147|292|96|1|280|0|272|
147|292|96|1|281|0|272|
147|295|96|1|280|0|272|
147|243|96|1|249|0|270|
147|325|192|1|310|0|272|
147|292|96|1|281|0|272|
147|293|192|1|281|0|272|
147|292|96|1|281|0|272|
147|293|192|1|278|0|271|
147|242|96|1|249|0|270|
147|296|96|1|281|0|272|
147|293|192|1|281|0|272|
147|296|96|1|281|0|272|
147|292|96|1|281|0|272|
147|293|192|1|281|0|272|
147|295|96|1|281|0|272|
147|296|96|1|281|0|272|
147|295|192|1|280|0|272|
147|292|192|1|281|0|272|
147|293|96|1|281|0|272|
147|315|192|1|303|0|272|
147|296|192|1|281|0|272|
147|296|96|1|281|0|272|
147|293|192|1|281|0|272|
147|292|96|1|280|0|272|
147|240|96|1|249|0|270|
147|292|192|1|280|0|272|
147|292|96|1|280|0|272|
147|295|96|1|280|0|272|
147|295|96|1|280|0|272|
147|296|96|1|281|0|272|
147|296|96|1|281|0|272|
147|292|96|1|280|0|272|
147|293|96|1|281|0|272|
147|292|192|1|280|0|272|
147|243|96|1|249|0|270|
147|295|192|1|280|0|272|
147|296|192|1|281|0|272|
147|240|96|1|249|0|270|
147|292|96|1|280|0|272|
147|292|96|1|280|0|272|
147|292|192|1|280|0|272|
147|292|288|1|280|0|272|
147|292|96|1|280|0|272|
147|292|96|1|280|0|272|
147|296|96|1|281|0|272|
147|314|192|1|302|0|272|
147|292|96|1|280|0|272|
147|295|192|1|280|0|272|
147|296|96|1|282|0|272|
147|242|192|1|249|0|270|
147|293|192|1|281|0|272|
147|239|96|1|249|0|270|
147|292|192|1|281|0|272|
147|296|192|1|281|0|272|
147|293|96|1|281|0|272|
147|292|192|1|281|0|272|
147|308|192|1|294|0|272|
147|241|96|1|249|0|270|
147|293|96|1|281|0|272|
147|296|96|1|281|0|272|
147|293|192|1|281|0|272|
147|240|96|1|249|0|270|
147|293|192|1|281|0|272|
147|295|96|1|281|0|272|
147|296|96|1|281|0|272|
147|292|192|1|281|0|272|
147|292|192|1|281|0|272|
147|296|192|1|281|0|272|
147|293|96|1|281|0|272|
147|293|96|1|281|0|272|
147|240|96|1|249|0|270|
147|292|192|1|281|0|272|
147|293|96|1|281|0|272|
147|292|192|1|281|0|272|
147|295|96|1|280|0|272|
147|292|96|1|280|0|272|
147|292|192|1|280|0|272|
147|240|96|1|249|0|270|
147|295|192|1|281|0|272|
147|293|96|1|281|0|272|
147|296|96|1|281|0|272|
147|296|96|1|281|0|272|
147|293|96|1|281|0|272|
147|243|96|1|249|0|270|
147|292|192|1|281|0|272|
147|292|192|1|281|0|272|
147|292|96|1|281|0|272|
147|292|96|1|281|0|272|
147|293|192|1|279|0|268|
147|296|96|1|282|0|272|
147|293|192|1|278|0|271|
147|242|96|1|249|0|270|
147|293|96|1|281|0|272|
147|296|192|1|281|0|272|
147|292|192|1|280|0|272|
147|292|192|1|280|0|272|
147|296|192|1|281|0|272|
147|293|192|1|281|0|272|
147|293|192|1|281|0|272|
147|296|96|1|281|0|272|
147|296|192|1|281|0|272|
147|293|96|1|281|0|272|
147|296|192|1|281|0|272|
147|292|192|1|281|0|272|
147|292|96|1|281|0|272|
147|293|192|1|282|0|272|
147|296|192|1|281|0|272|
147|296|192|1|281|0|272|
147|295|192|1|281|0|272|
147|296|96|1|281|0|272|
147|296|192|1|281|0|272|
147|292|96|1|280|0|272|
147|292|192|1|280|0|272|
147|292|192|1|281|0|272|
147|240|96|1|249|0|270|
147|293|192|1|282|0|272|
147|292|192|1|280|0|272|
147|295|192|1|280|0|272|
147|292|192|1|281|0|272|
147|292|192|1|280|0|272|
147|293|192|1|282|0|272|
147|307|96|1|296|0|272|
147|292|96|1|281|0|272|
147|293|192|1|281|0|272|
147|242|96|1|249|0|270|
147|293|192|1|281|0|272|
147|293|192|1|281|0|272|
147|296|192|1|281|0|272|
147|238|192|1|247|0|269|
147|299|96|1|281|0|272|
147|292|192|1|281|0|272|
147|302|192|1|281|0|272|
147|293|192|1|281|0|272|
147|296|192|1|281|0|272|
147|293|96|1|281|0|272|
147|242|96|1|249|0|270|
147|296|96|1|281|0|272|
147|293|192|1|281|0|272|
147|292|192|1|281|0|272|
147|292|96|1|281|0|272|
147|295|96|1|281|0|272|
147|294|192|1|281|0|272|
147|302|96|1|281|0|272|
147|292|192|1|281|0|272|
147|292|192|1|281|0|272|
147|292|96|1|280|0|272|
147|295|192|1|280|0|272|
147|295|96|1|281|0|272|
147|292|192|1|280|0|272|
147|292|96|1|281|0|272|
147|292|96|1|281|0|272|
147|240|192|1|249|0|270|
147|292|192|1|280|0|272|
147|292|96|1|281|0|272|
147|295|192|1|280|0|272|
147|242|96|1|249|0|270|
147|295|192|1|281|0|272|
147|292|96|1|281|0|272|
147|449|192|1|499|0|479|
147|295|96|1|280|0|272|
147|292|192|1|280|0|272|
147|292|96|1|281|0|272|
147|509|288|1|534|0|481|
147|292|96|1|281|0|272|
147|292|192|1|280|0|272|
147|295|288|1|280|0|272|
147|506|288|1|529|0|484|
147|507|288|1|530|0|484|
147|292|192|1|280|0|272|
147|292|192|1|280|0|272|
147|296|192|1|281|0|272|
147|293|96|1|281|0|272|
147|296|96|1|281|0|272|
147|508|192|1|534|0|481|
147|296|192|1|281|0|272|
147|295|96|1|281|0|272|
147|296|192|1|281|0|272|
147|242|96|1|249|0|270|
147|457|192|1|499|0|482|
147|292|192|1|281|0|272|
147|239|96|1|249|0|270|
147|451|288|1|497|0|481|
147|296|192|1|281|0|272|
147|293|192|1|281|0|272|
147|292|192|1|281|0|272|
147|293|96|1|281|0|272|
147|504|192|1|530|0|484|
147|296|96|1|281|0|272|
147|296|192|1|281|0|272|
147|505|288|1|532|0|481|
147|502|288|1|529|0|484|
147|295|96|1|281|0|272|
147|292|96|1|281|0|272|
147|292|96|1|280|0|272|
147|506|288|1|534|0|481|
147|508|288|1|534|0|484|
147|507|288|1|530|0|484|
147|292|96|1|280|0|272|
147|243|96|1|249|0|270|
147|505|288|1|534|0|481|
147|506|288|1|534|0|481|
147|502|192|1|530|0|484|
147|292|96|1|281|0|272|
147|292|192|1|280|0|272|
147|292|192|1|281|0|272|
147|510|192|1|534|0|481|
147|295|96|1|280|0|272|
147|292|192|1|281|0|272|
147|292|96|1|280|0|272|
147|456|192|1|499|0|482|
147|292|192|1|280|0|272|
147|504|192|1|531|0|484|
147|242|96|1|249|0|270|
147|296|96|1|281|0|272|
147|505|288|1|532|0|481|
147|512|288|1|534|0|484|
147|296|192|1|281|0|272|
147|293|96|1|281|0|272|
147|292|192|1|281|0|272|
147|296|96|1|281|0|272|
147|292|96|1|281|0|272|
147|296|96|1|281|0|272|
147|505|192|1|534|0|484|
147|292|96|1|281|0|272|
147|292|192|1|281|0|272|
147|293|96|1|281|0|272|
147|296|192|1|281|0|272|
147|505|288|1|531|0|484|
147|292|288|1|281|0|272|
147|239|96|1|249|0|270|
147|293|96|1|281|0|272|
147|240|96|1|249|0|270|
147|502|192|1|531|0|481|
147|510|288|1|531|0|484|
147|240|96|1|249|0|270|
147|292|192|1|281|0|272|
147|293|192|1|281|0|272|
147|502|192|1|530|0|484|
147|296|192|1|281|0|272|
147|296|192|1|281|0|272|
147|292|192|1|281|0|272|
147|296|192|1|281|0|272|
147|292|96|1|281|0|272|
147|240|96|1|249|0|270|
147|292|96|1|281|0|272|
147|501|288|1|528|0|484|
147|296|288|1|281|0|272|
147|296|96|1|281|0|272|
147|292|192|1|281|0|272|
147|296|192|1|281|0|272|
147|503|192|1|533|0|481|
147|296|192|1|281|0|272|
147|295|96|1|281|0|272|
147|293|96|1|281|0|272|
147|293|96|1|281|0|272|
147|451|192|1|499|0|479|
147|293|192|1|281|0|272|
147|243|96|1|249|0|270|
147|506|288|1|529|0|484|
147|296|96|1|281|0|272|
147|292|288|1|280|0|272|
147|295|96|1|281|0|272|
147|292|96|1|280|0|272|
147|292|96|1|280|0|272|
147|292|192|1|280|0|272|
147|505|288|1|528|0|484|
147|292|192|1|280|0|272|
147|292|192|1|280|0|272|
147|295|96|1|280|0|272|
147|292|192|1|280|0|272|
147|510|288|1|534|0|484|
147|292|96|1|280|0|272|
147|296|192|1|280|0|272|
147|239|96|1|249|0|270|
147|506|192|1|531|0|484|
147|292|96|1|281|0|272|
147|292|96|1|281|0|272|
147|296|96|1|281|0|272|
147|510|288|1|534|0|481|
147|510|192|1|531|0|484|
147|505|192|1|530|0|484|
147|295|96|1|281|0|272|
147|296|192|1|281|0|272|
147|296|192|1|281|0|272|
147|453|288|1|497|0|482|
147|296|192|1|281|0|272|
147|295|192|1|281|0|272|
147|292|96|1|281|0|272|
147|515|192|1|543|0|481|
147|292|288|1|281|0|272|
147|293|96|1|281|0|272|
147|501|288|1|530|0|481|
147|296|96|1|281|0|272|
147|292|96|1|281|0|272|
147|301|192|1|281|0|272|
147|292|192|1|281|0|272|
147|296|192|1|282|0|272|
147|301|96|1|281|0|272|
147|508|288|1|532|0|481|
147|293|96|1|281|0|272|
147|293|96|1|282|0|272|
147|293|96|1|281|0|272|
147|511|192|1|534|0|484|
147|296|192|1|281|0|272|
147|455|288|1|500|0|479|
147|509|288|1|531|0|484|
147|293|288|1|281|0|272|
147|296|96|1|281|0|272|
147|296|192|1|282|0|272|
147|296|192|1|281|0|272|
147|240|96|1|249|0|270|
147|508|192|1|533|0|481|
147|501|192|1|530|0|481|
147|242|96|1|249|0|270|
147|292|96|1|280|0|272|
147|239|192|1|249|0|270|
147|293|192|1|281|0|272|
147|295|96|1|284|0|274|
147|511|192|1|534|0|481|
147|296|96|1|281|0|272|
147|292|96|1|281|0|272|
147|239|96|1|249|0|270|
147|293|192|1|281|0|272|
147|296|192|1|281|0|272|
147|507|192|1|534|0|481|
147|293|96|1|281|0|272|
147|292|96|1|281|0|272|
147|292|288|1|281|0|272|
147|242|96|1|249|0|270|
147|296|96|1|281|0|272|
147|293|192|1|281|0|272|
147|293|96|1|281|0|272|
147|293|96|1|281|0|272|
147|296|288|1|281|0|272|
147|295|96|1|281|0|272|
147|508|288|1|535|0|481|
147|295|192|1|281|0|272|
147|239|96|1|249|0|270|
147|293|96|1|281|0|272|
147|295|96|1|281|0|272|
147|292|96|1|281|0|272|
147|295|192|1|280|0|272|
147|292|96|1|280|0|272|
147|296|192|1|281|0|272|
147|504|288|1|528|0|484|
147|296|288|1|281|0|272|
147|292|192|1|280|0|272|
147|296|96|1|281|0|272|
147|296|96|1|281|0|272|
147|505|192|1|534|0|477|
147|510|192|1|534|0|481|
147|293|192|1|281|0|272|
147|292|96|1|280|0|272|
147|292|192|1|281|0|272|
147|293|96|1|281|0|272|
147|509|288|1|529|0|484|
147|296|192|1|281|0|272|
147|242|288|1|249|0|270|
147|296|192|1|281|0|272|
147|296|96|1|281|0|272|
147|502|288|1|532|0|481|
147|296|96|1|281|0|272|
147|296|192|1|281|0|272|
147|292|96|1|280|0|272|
147|506|288|1|531|0|484|
147|292|96|1|281|0|272|
147|292|192|1|280|0|272|
147|292|192|1|281|0|272|
147|502|192|1|532|0|481|
147|296|192|1|281|0|272|
147|292|288|1|281|0|272|
147|295|192|1|280|0|272|
147|510|288|1|531|0|484|
147|292|192|1|280|0|272|
147|295|96|1|280|0|272|
147|292|96|1|280|0|272|
147|508|384|1|538|0|481|
147|505|288|1|528|0|484|
147|504|288|1|530|0|484|
147|295|192|1|280|0|272|
147|292|96|1|280|0|272|
147|290|96|1|278|0|271|
147|295|192|1|281|0|272|
147|293|96|1|282|0|272|
147|243|96|1|249|0|270|
147|296|96|1|281|0|272|
147|292|288|1|281|0|272|
147|243|96|1|249|0|270|
147|293|192|1|281|0|272|
147|242|96|1|249|0|270|
147|502|192|1|532|0|481|
147|511|288|1|533|0|484|
147|507|288|1|530|0|484|
147|292|192|1|280|0|272|
147|292|192|1|280|0|272|
147|292|192|1|280|0|272|
147|292|192|1|280|0|272|
147|509|192|1|534|0|481|
147|293|96|1|280|0|272|
147|321|96|1|310|0|272|
147|292|96|1|280|0|272|
147|509|192|1|532|0|481|
147|502|192|1|529|0|484|
147|296|192|1|281|0|272|
147|296|288|1|281|0|272|
147|457|192|1|498|0|482|
147|296|192|1|281|0|272|
147|295|192|1|281|0|272|
147|505|192|1|532|0|481|
147|506|288|1|529|0|484|
147|293|192|1|281|0|272|
147|292|192|1|281|0|272|
147|293|96|1|281|0|272|
147|504|288|1|531|0|484|
147|513|192|1|540|0|484|
147|296|96|1|281|0|272|
147|296|192|1|281|0|272|
147|295|96|1|281|0|272|
147|243|96|1|249|0|270|
147|293|96|1|281|0|272|
147|296|192|1|281|0|272|
147|296|192|1|281|0|272|
147|292|192|1|281|0|272|
147|296|192|1|281|0|272|
147|293|192|1|281|0|272|
147|293|96|1|281|0|272|
147|511|192|1|531|0|484|
147|293|192|1|281|0|272|
147|296|288|1|281|0|272|
147|292|192|1|281|0|272|
147|456|192|1|499|0|482|
147|296|192|1|281|0|272|
147|296|96|1|281|0|272|
147|295|192|1|281|0|272|
147|296|96|1|281|0|272|
147|292|96|1|281|0|272|
147|509|384|1|529|0|484|
147|293|192|1|281|0|272|
147|297|96|1|282|0|272|
147|507|288|1|533|0|481|
147|295|96|1|280|0|272|
147|296|96|1|281|0|272|
147|292|96|1|281|0|272|
147|456|288|1|501|0|479|
147|293|192|1|281|0|272|
147|292|96|1|281|0|272|
147|242|192|1|249|0|270|
147|296|192|1|281|0|272|
147|506|288|1|528|0|484|
147|503|288|1|531|0|484|
147|293|96|1|282|0|272|
147|292|96|1|281|0|272|
147|296|96|1|281|0|272|
147|292|192|1|281|0|272|
147|449|288|1|497|0|479|
147|296|96|1|282|0|272|
147|240|192|1|249|0|270|
147|505|288|1|529|0|484|
147|292|96|1|281|0|272|
147|453|192|1|501|0|479|
147|507|192|1|533|0|481|
147|296|96|1|281|0|272|
147|293|192|1|281|0|272|
147|292|192|1|281|0|272|
147|506|288|1|529|0|484|
147|513|192|1|534|0|484|
147|296|192|1|281|0|272|
147|293|96|1|281|0|272|
147|295|192|1|281|0|272|
147|292|96|1|281|0|272|
147|296|192|1|281|0|272|
147|292|192|1|280|0|272|
147|295|192|1|280|0|272|
147|504|288|1|534|0|481|
147|240|192|1|249|0|270|
147|293|192|1|281|0|272|
147|506|192|1|529|0|484|
147|293|96|1|282|0|272|
147|295|96|1|280|0|272|
147|507|192|1|533|0|481|
147|502|192|1|529|0|484|
147|242|96|1|249|0|270|
147|296|192|1|282|0|272|
147|502|192|1|531|0|481|
147|292|192|1|280|0|272|
147|296|96|1|282|0|272|
147|240|288|1|249|0|270|
147|504|288|1|532|0|481|
147|290|96|1|278|0|271|
147|292|96|1|281|0|272|
147|509|288|1|532|0|481|
147|455|288|1|499|0|482|
147|293|192|1|281|0|272|
147|296|192|1|281|0|272|
147|240|96|1|249|0|270|
147|508|288|1|531|0|484|
147|292|96|1|280|0|272|
147|293|96|1|282|0|272|
147|453|192|1|502|0|479|
147|505|288|1|531|0|481|
147|239|96|1|249|0|270|
147|296|192|1|282|0|272|
147|295|192|1|280|0|272|
147|292|192|1|280|0|272|
147|504|288|1|534|0|481|
147|292|192|1|280|0|272|
147|240|96|1|249|0|270|
147|238|96|1|247|0|269|
147|510|288|1|531|0|484|
147|296|192|1|282|0|272|
147|293|288|1|282|0|272|
147|295|192|1|280|0|272|
147|293|96|1|281|0|272|
147|508|192|1|531|0|484|
147|295|192|1|281|0|272|
147|296|288|1|281|0|272|
147|293|288|1|281|0|272|
147|295|192|1|281|0|272|
147|504|288|1|530|0|481|
147|505|192|1|530|0|484|
147|293|192|1|281|0|272|
147|296|192|1|281|0|272|
147|507|288|1|535|0|481|
147|504|288|1|529|0|484|
147|296|192|1|281|0|272|
147|504|384|1|531|0|481|
147|292|192|1|280|0|272|
147|293|96|1|278|0|271|
147|295|96|1|280|0|272|
147|508|288|1|532|0|484|
147|292|96|1|281|0|272|
147|292|192|1|280|0|272|
147|242|96|1|249|0|270|
147|295|192|1|280|0|272|
147|296|192|1|281|0|272|
147|505|288|1|531|0|484|
147|293|96|1|279|0|271|
147|292|192|1|280|0|272|
147|296|96|1|282|0|272|
147|296|96|1|282|0|272|
147|292|96|1|280|0|272|
147|506|288|1|532|0|481|
147|506|288|1|531|0|484|
147|292|192|1|280|0|272|
147|507|384|1|535|0|481|
147|292|96|1|280|0|272|
147|295|192|1|280|0|272|
147|292|96|1|281|0|272|
147|290|96|1|278|0|271|
147|510|288|1|533|0|481|
147|501|288|1|530|0|484|
147|296|192|1|281|0|272|
147|292|96|1|281|0|272|
147|291|96|1|279|0|271|
147|502|288|1|531|0|484|
147|293|96|1|281|0|272|
147|295|192|1|281|0|272|
147|292|96|1|281|0|272|
147|293|96|1|281|0|272|
147|448|288|1|496|0|482|
147|296|192|1|281|0|272|
147|503|192|1|531|0|481|
147|504|192|1|531|0|484|
147|292|96|1|281|0|272|
147|292|192|1|281|0|272|
147|505|288|1|531|0|481|
147|292|192|1|281|0|272|
147|292|96|1|281|0|272|
147|510|192|1|533|0|481|
147|293|96|1|281|0|272|
147|292|96|1|281|0|272|
147|293|96|1|281|0|272|
147|507|192|1|532|0|481|
147|293|192|1|281|0|272|
147|295|192|1|281|0|272|
147|508|192|1|533|0|481|
147|292|192|1|280|0|272|
147|240|192|1|249|0|270|
147|295|192|1|281|0|272|
147|239|96|1|249|0|270|
147|238|96|1|247|0|269|
147|292|192|1|281|0|272|
147|295|192|1|281|0|272|
147|293|96|1|281|0|272|
147|507|192|1|530|0|484|
147|295|192|1|281|0|272|
147|296|96|1|281|0|272|
147|504|288|1|531|0|484|
147|504|288|1|530|0|484|
147|295|96|1|281|0|272|
147|296|96|1|281|0|272|
147|504|288|1|531|0|484|
147|295|96|1|281|0|272|
147|296|96|1|281|0|272|
147|310|96|1|295|0|272|
147|511|288|1|534|0|481|
147|501|288|1|528|0|484|
147|296|192|1|281|0|272|
147|296|192|1|281|0|272|
147|292|192|1|281|0|272|
147|292|96|1|281|0|272|
147|296|192|1|281|0|272|
147|296|192|1|281|0|272|
147|292|192|1|280|0|272|
147|507|288|1|533|0|481|
147|507|288|1|531|0|484|
147|295|192|1|280|0|272|
147|292|192|1|280|0|272|
147|293|96|1|281|0|272|
147|504|288|1|528|0|484|
147|293|96|1|282|0|272|
147|296|96|1|282|0|272|
147|292|96|1|280|0|272|
147|293|96|1|281|0|272|
147|506|288|1|531|0|484|
147|292|192|1|281|0|272|
147|296|96|1|282|0|272|
147|243|96|1|249|0|270|
147|296|96|1|280|0|272|
147|295|96|1|281|0|272|
147|507|288|1|533|0|481|
147|292|288|1|280|0|272|
147|292|192|1|280|0|272|
147|452|192|1|500|0|479|
147|318|96|1|303|0|272|
147|293|192|1|281|0|272|
147|293|96|1|281|0|272|
147|504|288|1|532|0|481|
147|293|288|1|281|0|272|
147|296|192|1|282|0|272|
147|510|288|1|531|0|484|
147|296|192|1|281|0|272|
147|292|192|1|280|0|272|
147|293|192|1|281|0|272|
147|502|288|1|529|0|484|
147|295|96|1|280|0|272|
147|458|192|1|503|0|479|
147|296|192|1|281|0|272|
147|296|192|1|281|0|272|
147|503|288|1|531|0|484|
147|292|192|1|281|0|272|
147|296|96|1|281|0|272|
147|505|192|1|532|0|481|
147|296|96|1|281|0|272|
147|296|96|1|281|0|272|
147|504|192|1|536|0|481|
147|505|288|1|531|0|484|
147|292|96|1|281|0|272|
147|296|192|1|281|0|272|
147|296|96|1|281|0|272|
147|295|96|1|281|0|272|
147|296|96|1|281|0|272|
147|293|192|1|282|0|272|
147|295|96|1|280|0|272|
147|295|192|1|280|0|272|
147|295|96|1|280|0|272|
147|292|96|1|280|0|272|
147|293|96|1|282|0|272|
147|296|192|1|281|0|272|
147|293|192|1|281|0|272|
147|295|96|1|281|0|272|
147|242|96|1|249|0|270|
147|296|96|1|282|0|272|
147|296|96|1|282|0|272|
147|293|192|1|281|0|272|
147|504|192|1|528|0|484|
147|296|192|1|282|0|272|
147|292|96|1|280|0|272|
147|293|96|1|282|0|272|
147|501|288|1|531|0|481|
147|296|192|1|281|0|272|
147|293|96|1|281|0|272|
147|239|288|1|249|0|270|
147|292|96|1|281|0|272|
147|296|96|1|281|0|272|
147|293|192|1|281|0|272|
147|507|192|1|533|0|481|
147|502|288|1|529|0|484|
147|511|288|1|534|0|481|
147|292|192|1|281|0|272|
147|241|96|1|248|0|267|
147|296|192|1|281|0|272|
147|508|288|1|531|0|484|
147|293|96|1|281|0|272|
147|292|96|1|281|0|272|
147|296|192|1|281|0|272|
147|295|96|1|280|0|272|
147|293|192|1|280|0|272|
147|292|192|1|281|0|272|
147|243|96|1|249|0|270|
147|508|288|1|538|0|481|
147|509|192|1|530|0|484|
147|292|96|1|280|0|272|
147|238|96|1|247|0|269|
147|509|192|1|529|0|484|
147|242|96|1|249|0|270|
147|293|192|1|281|0|272|
147|292|192|1|281|0|272|
147|293|96|1|281|0|272|
147|293|192|1|281|0|272|
147|450|192|1|499|0|482|
147|296|288|1|281|0|272|
147|456|384|1|502|0|479|
147|240|96|1|249|0|270|
147|292|192|1|280|0|272|
147|242|96|1|249|0|270|
147|292|96|1|280|0|272|
147|293|96|1|282|0|272|
147|295|96|1|280|0|272|
147|295|192|1|280|0|272|
147|510|192|1|532|0|484|
147|292|96|1|280|0|272|
147|240|96|1|249|0|270|
147|243|96|1|249|0|270|
147|507|288|1|528|0|484|
147|295|288|1|280|0|272|
147|301|192|1|280|0|272|
147|295|192|1|281|0|272|
147|292|96|1|281|0|272|
147|296|96|1|282|0|272|
147|510|384|1|532|0|481|
147|292|96|1|280|0|272|
147|240|192|1|249|0|270|
147|503|192|1|533|0|481|
147|309|192|1|281|0|272|
147|293|192|1|281|0|272|
147|295|96|1|280|0|272|
147|296|192|1|282|0|272|
147|292|96|1|281|0|272|
147|295|192|1|281|0|272|
147|507|192|1|532|0|481|
147|293|192|1|281|0|272|
147|292|96|1|281|0|272|
147|532|288|1|562|0|481|
147|510|288|1|531|0|481|
147|296|96|1|281|0|272|
147|292|96|1|281|0|272|
147|292|192|1|281|0|272|
147|292|192|1|281|0|272|
147|505|288|1|532|0|481|
147|293|96|1|281|0|272|
147|508|192|1|534|0|481|
147|292|96|1|281|0|272|
147|506|288|1|530|0|484|
147|296|96|1|281|0|272|
147|296|192|1|281|0|272|
147|296|96|1|281|0|272|
147|505|192|1|532|0|481|
147|506|288|1|533|0|481|
147|504|192|1|528|0|484|
147|292|96|1|281|0|272|
147|295|192|1|281|0|272|
147|507|288|1|534|0|481|
147|511|192|1|534|0|484|
147|293|96|1|281|0|272|
147|293|192|1|281|0|272|
147|293|192|1|281|0|272|
147|502|288|1|532|0|481|
147|292|96|1|281|0|272|
147|296|192|1|281|0|272|
147|295|96|1|281|0|272|
147|507|192|1|532|0|481|
147|449|288|1|497|0|482|
147|293|192|1|281|0|272|
147|293|192|1|281|0|272|
147|292|192|1|281|0|272|
147|296|192|1|281|0|272|
147|293|96|1|281|0|272|
147|296|96|1|281|0|272|
147|503|288|1|529|0|484|
147|240|96|1|249|0|270|
147|293|192|1|281|0|272|
147|240|96|1|249|0|270|
147|504|192|1|532|0|481|
147|295|192|1|281|0|272|
147|296|192|1|281|0|272|
147|293|96|1|281|0|272|
147|296|192|1|281|0|272|
147|292|96|1|281|0|272|
147|295|192|1|280|0|272|
147|503|192|1|528|0|484|
147|511|288|1|535|0|481|
147|509|288|1|532|0|481|
147|506|192|1|530|0|484|
147|292|96|1|280|0|272|
147|292|96|1|280|0|272|
147|292|96|1|280|0|272|
147|506|288|1|532|0|481|
147|528|288|1|552|0|484|
147|296|96|1|281|0|272|
147|296|96|1|281|0|272|
147|316|96|1|301|0|272|
147|242|96|1|249|0|270|
147|296|96|1|281|0|272|
147|295|192|1|281|0|272|
147|296|96|1|281|0|272|
147|293|96|1|281|0|272|
147|292|96|1|281|0|272|
147|507|288|1|534|0|481|
147|295|192|1|281|0|272|
147|292|288|1|281|0|272|
147|292|96|1|281|0|272|
147|292|96|1|281|0|272|
147|505|288|1|532|0|481|
147|508|288|1|531|0|484|
147|292|96|1|281|0|272|
147|296|192|1|281|0|272|
147|292|192|1|281|0|272|
147|511|192|1|535|0|481|
147|292|192|1|280|0|272|
147|292|96|1|281|0|272|
147|503|288|1|528|0|484|
147|295|192|1|281|0|272|
147|295|288|1|280|0|272|
147|292|96|1|281|0|272|
147|295|96|1|280|0|272|
147|511|288|1|530|0|484|
147|292|192|1|280|0|272|
147|295|192|1|281|0|272|
147|292|192|1|280|0|272|
147|240|96|1|249|0|270|
147|507|192|1|534|0|481|
147|507|192|1|530|0|484|
147|293|192|1|281|0|272|
147|293|96|1|282|0|272|
147|293|192|1|281|0|272|
147|293|192|1|281|0|272|
147|293|96|1|281|0|272|
147|292|192|1|280|0|272|
147|296|96|1|281|0|272|
147|296|96|1|281|0|272|
147|292|192|1|280|0|272|
147|292|96|1|280|0|272|
147|506|192|1|533|0|481|
147|506|192|1|531|0|484|
147|292|192|1|280|0|272|
147|292|192|1|281|0|272|
147|243|96|1|249|0|270|
147|295|96|1|280|0|272|
147|510|288|1|534|0|481|
147|295|192|1|281|0|272|
147|292|192|1|280|0|272|
147|243|192|1|249|0|270|
147|296|192|1|281|0|272|
147|292|192|1|281|0|272|
147|295|96|1|281|0|272|
147|296|96|1|281|0|272|
147|507|192|1|535|0|481|
147|506|192|1|529|0|484|
147|295|192|1|280|0|272|
147|290|192|1|278|0|271|
147|506|384|1|536|0|481|
147|506|192|1|534|0|481|
147|502|192|1|529|0|484|
147|295|96|1|281|0|272|
147|292|96|1|280|0|272|
147|292|192|1|280|0|272|
147|508|288|1|534|0|481|
147|292|96|1|280|0|272|
147|292|192|1|281|0|272|
147|295|96|1|281|0|272|
147|292|192|1|280|0|272|
147|507|192|1|535|0|481|
147|505|288|1|530|0|484|
147|292|96|1|281|0|272|
147|295|96|1|281|0|272|
147|509|288|1|534|0|481|
147|295|288|1|280|0|272|
147|292|96|1|280|0|272|
147|295|96|1|280|0|272|
147|505|192|1|532|0|481|
147|509|192|1|530|0|484|
147|292|192|1|281|0|272|
147|243|96|1|249|0|270|
147|295|96|1|280|0|272|
147|292|192|1|280|0|272|
147|292|192|1|281|0|272|
147|508|288|1|538|0|481|
147|292|96|1|280|0|272|
147|292|192|1|280|0|272|
147|506|288|1|530|0|484|
147|295|96|1|280|0|272|
147|292|96|1|280|0|272|
147|292|96|1|280|0|272|
147|505|192|1|532|0|481|
147|292|96|1|280|0|272|
147|292|192|1|280|0|272|
147|509|192|1|530|0|484|
147|292|96|1|280|0|272|
147|292|96|1|280|0|272|
147|502|192|1|526|0|483|
147|295|96|1|280|0|272|
147|292|96|1|281|0|272|
147|240|192|1|249|0|270|
147|295|192|1|280|0|272|
147|292|96|1|280|0|272|
147|508|288|1|535|0|481|
147|292|192|1|280|0|272|
147|296|192|1|281|0|272|
147|293|96|1|281|0|272|
147|295|96|1|281|0|272|
147|292|96|1|280|0|272|
147|292|192|1|281|0|272|
147|512|288|1|531|0|484|
147|292|192|1|281|0|272|
147|292|96|1|280|0|272|
147|295|96|1|280|0|272|
147|293|96|1|279|0|268|
147|505|192|1|530|0|484|
147|295|96|1|280|0|272|
147|295|192|1|280|0|272|
147|507|288|1|535|0|481|
147|292|96|1|280|0|272|
147|295|192|1|280|0|272|
147|452|288|1|500|0|479|
147|296|192|1|281|0|272|
147|313|192|1|299|0|272|
147|510|288|1|530|0|484|
147|293|96|1|282|0|272|
147|296|288|1|281|0|272|
147|505|192|1|529|0|484|
147|296|96|1|281|0|272|
147|293|192|1|281|0|272|
147|500|288|1|527|0|484|
147|296|96|1|281|0|272|
147|292|192|1|280|0|272|
147|505|288|1|532|0|481|
147|293|192|1|281|0|272|
147|292|96|1|281|0|272|
147|296|96|1|281|0|272|
147|510|288|1|534|0|481|
147|505|192|1|529|0|484|
147|293|96|1|281|0|272|
147|243|192|1|249|0|270|
147|293|192|1|281|0|272|
147|295|96|1|281|0|272|
147|292|192|1|280|0|272|
147|295|96|1|280|0|272|
147|293|96|1|281|0|272|
147|295|96|1|280|0|272|
147|507|288|1|536|0|481|
147|295|192|1|281|0|272|
147|296|96|1|281|0|272|
147|296|192|1|281|0|272|
147|504|288|1|530|0|484|
147|296|96|1|281|0|272|
147|295|192|1|281|0|272|
147|295|192|1|281|0|272|
147|296|192|1|281|0|272|
147|293|192|1|281|0|272|
147|293|192|1|281|0|272|
147|296|192|1|281|0|272|
147|503|288|1|531|0|481|
147|503|192|1|531|0|484|
147|292|192|1|281|0|272|
147|292|192|1|281|0|272|
147|509|288|1|537|0|481|
147|502|288|1|529|0|484|
147|295|96|1|280|0|272|
147|506|192|1|532|0|481|
147|296|96|1|281|0|272|
147|292|192|1|281|0|272|
147|508|192|1|529|0|484|
147|292|192|1|280|0|272|
