INSTRUCTIONS_RETIRED|CYCLES|UNKNOWN|LD_BLOCKS.STORE_FORWARD|UOPS_EXECUTED.THREAD|BR_MISP_RETIRED.ALL_BRANCHES|UOPS_RETIRED.ANY|
34|142|0|1|136|0|157|
34|218|96|2|159|0|159|
34|183|96|2|159|0|159|
34|179|96|2|159|0|159|
34|182|96|2|159|0|159|
34|180|96|2|159|0|159|
34|183|96|2|159|0|159|
34|183|96|2|159|0|159|
34|209|96|2|159|0|159|
34|183|96|2|159|0|159|
34|179|192|2|159|0|159|
34|183|0|2|159|0|159|
34|182|96|2|159|0|159|
34|182|96|2|159|0|159|
34|179|96|2|159|0|159|
34|179|96|2|159|0|159|
34|179|0|2|159|0|159|
34|142|96|1|136|0|157|
34|142|96|1|136|0|157|
34|183|96|2|159|0|159|
34|183|96|2|159|0|159|
34|180|0|2|159|0|159|
34|180|96|2|159|0|159|
34|168|96|1|136|0|157|
34|181|96|2|159|0|159|
34|183|96|2|159|0|159|
34|180|96|2|159|0|159|
34|179|96|2|159|0|159|
34|182|96|2|159|0|159|
34|182|0|2|159|0|159|
34|179|0|2|159|0|159|
34|180|96|2|159|0|159|
34|183|96|2|159|0|159|
34|179|96|2|159|0|159|
34|180|96|2|159|0|159|
34|183|96|2|159|0|159|
34|179|96|2|159|0|159|
34|183|96|2|159|0|159|
34|179|96|2|159|0|159|
34|143|96|1|136|0|157|
34|182|96|2|159|0|159|
34|183|0|2|159|0|159|
34|183|96|2|159|0|159|
34|180|96|2|159|0|159|
34|179|96|2|159|0|159|
34|181|96|2|159|0|159|
34|183|96|2|159|0|159|
34|180|96|2|159|0|159|
34|180|96|2|159|0|159|
34|179|96|2|159|0|159|
34|182|96|2|159|0|159|
34|180|96|2|159|0|159|
34|203|96|2|159|0|159|
34|180|96|2|159|0|159|
34|181|96|2|159|0|159|
34|182|96|2|159|0|159|
34|183|96|2|159|0|159|
34|183|96|2|159|0|159|
34|195|96|2|156|0|165|
34|182|96|2|159|0|159|
34|182|96|2|159|0|159|
34|182|96|2|159|0|159|
34|179|96|2|159|0|159|
34|182|96|2|159|0|159|
34|179|96|2|159|0|159|
34|179|96|2|159|0|159|
34|182|96|2|159|0|159|
34|179|96|2|159|0|159|
34|179|96|2|159|0|159|
34|183|96|2|159|0|159|
34|183|96|2|159|0|159|
34|182|96|2|159|0|159|
34|179|96|2|159|0|159|
34|142|96|1|136|0|157|
34|180|96|2|159|0|159|
34|182|0|2|159|0|159|
34|179|96|2|159|0|159|
34|179|96|2|159|0|159|
34|143|96|1|136|0|157|
34|143|96|1|136|0|157|
34|142|0|1|136|0|157|
34|183|96|2|159|0|159|
34|180|96|2|159|0|159|
34|205|96|2|159|0|159|
34|182|96|2|159|0|159|
34|182|96|2|159|0|159|
34|179|96|2|159|0|159|
34|179|96|2|159|0|159|
34|183|96|2|159|0|159|
34|142|96|1|136|0|157|
34|179|96|2|159|0|159|
34|183|0|2|159|0|159|
34|183|0|2|159|0|159|
34|183|96|2|159|0|159|
34|180|96|2|159|0|159|
34|180|96|2|159|0|159|
34|183|96|2|159|0|159|
34|183|96|2|159|0|159|
34|182|0|2|159|0|159|
34|183|96|2|159|0|159|
34|180|0|2|159|0|159|
34|180|96|2|159|0|159|
34|143|96|1|136|0|157|
34|182|96|2|159|0|159|
34|194|96|2|159|0|159|
34|183|96|2|159|0|159|
34|183|96|2|159|0|159|
34|180|0|2|159|0|159|
34|180|96|2|159|0|159|
34|183|96|2|159|0|159|
34|180|96|2|159|0|159|
34|179|96|2|159|0|159|
34|183|96|2|159|0|159|
34|180|96|2|159|0|159|
34|143|96|1|136|0|157|
34|142|0|1|136|0|157|
34|142|96|1|136|0|157|
34|182|192|2|159|0|159|
34|182|96|2|159|0|159|
34|182|96|2|159|0|159|
34|182|96|2|159|0|159|
34|179|96|2|159|0|159|
34|142|96|1|136|0|157|
34|182|192|2|159|0|159|
34|183|96|2|159|0|159|
34|143|96|1|136|0|157|
34|180|96|2|159|0|159|
34|183|96|2|159|0|159|
34|142|0|1|136|0|157|
34|183|96|2|159|0|159|
34|182|0|2|159|0|159|
34|142|0|1|136|0|157|
34|143|96|1|136|0|157|
34|183|96|2|159|0|159|
34|180|96|2|159|0|159|
34|183|96|2|159|0|159|
34|183|96|2|159|0|159|
34|183|96|2|159|0|159|
34|182|96|2|159|0|159|
34|183|96|2|159|0|159|
34|143|96|1|136|0|157|
34|179|96|2|159|0|159|
34|143|96|1|136|0|157|
34|183|96|2|159|0|159|
34|182|96|2|159|0|159|
34|179|96|2|159|0|159|
34|183|96|2|159|0|159|
34|183|96|2|159|0|159|
34|180|96|2|159|0|159|
34|168|96|1|136|0|157|
34|183|96|2|159|0|159|
34|183|96|2|159|0|159|
34|183|96|2|159|0|159|
34|183|96|2|159|0|159|
34|182|96|2|159|0|159|
34|179|96|2|159|0|159|
34|179|96|2|159|0|159|
34|143|96|1|136|0|157|
34|143|96|1|136|0|157|
34|187|96|1|136|0|157|
34|180|96|2|159|0|159|
34|183|96|2|159|0|159|
34|180|96|2|159|0|159|
34|179|96|2|159|0|159|
34|182|96|2|159|0|159|
34|182|96|2|159|0|159|
34|179|96|2|159|0|159|
34|177|0|2|158|0|155|
34|142|96|1|136|0|157|
34|179|96|2|158|0|155|
34|180|96|2|159|0|159|
34|182|96|2|159|0|159|
34|179|96|2|159|0|159|
34|183|96|2|159|0|159|
34|179|96|2|159|0|159|
34|180|96|2|159|0|159|
34|180|96|2|159|0|159|
34|180|96|2|159|0|159|
34|182|96|2|159|0|159|
34|183|96|2|159|0|159|
34|179|96|2|159|0|159|
34|180|96|2|159|0|159|
34|182|0|2|159|0|159|
34|182|96|2|159|0|159|
34|143|96|1|136|0|157|
34|142|0|1|136|0|157|
34|180|96|2|159|0|159|
34|182|96|2|159|0|159|
34|182|0|2|159|0|159|
34|182|96|2|159|0|159|
34|143|96|1|136|0|157|
34|142|96|1|136|0|157|
34|183|96|2|159|0|159|
34|183|96|2|159|0|159|
34|183|96|2|159|0|159|
34|180|96|2|159|0|159|
34|143|96|1|136|0|157|
34|182|96|2|159|0|159|
34|180|96|2|159|0|159|
34|183|96|2|159|0|159|
34|222|192|2|159|0|159|
34|179|96|2|159|0|159|
34|182|96|2|159|0|159|
34|180|96|2|159|0|159|
34|182|96|2|159|0|159|
34|182|96|2|159|0|159|
34|183|96|2|159|0|159|
34|182|0|2|159|0|159|
34|182|96|2|159|0|159|
34|179|96|2|159|0|159|
34|183|96|2|159|0|159|
34|142|96|1|136|0|157|
34|179|96|2|159|0|159|
34|182|96|2|159|0|159|
34|179|96|2|159|0|159|
34|182|96|2|159|0|159|
34|180|96|2|159|0|159|
34|182|96|2|159|0|159|
34|179|96|2|159|0|159|
34|179|96|2|159|0|159|
34|179|96|2|159|0|159|
34|179|96|2|159|0|159|
34|142|96|1|136|0|157|
34|182|96|2|159|0|159|
34|179|0|2|159|0|159|
34|179|96|2|159|0|159|
34|180|96|2|159|0|159|
34|179|96|2|159|0|159|
34|179|96|2|159|0|159|
34|182|96|2|159|0|159|
34|179|96|2|159|0|159|
34|182|96|2|159|0|159|
34|182|96|2|159|0|159|
34|182|96|2|159|0|159|
34|182|96|2|159|0|159|
34|182|96|2|159|0|159|
34|180|96|2|159|0|159|
34|182|96|2|159|0|159|
34|179|96|2|159|0|159|
34|182|96|2|159|0|159|
34|182|96|2|159|0|159|
34|179|96|2|159|0|159|
34|179|96|2|159|0|159|
34|182|96|2|159|0|159|
34|182|192|2|159|0|159|
34|183|96|2|159|0|159|
34|182|96|2|159|0|159|
34|179|96|2|159|0|159|
34|143|0|1|136|0|157|
34|182|96|2|159|0|159|
34|183|96|2|159|0|159|
34|180|96|2|159|0|159|
34|179|96|2|159|0|159|
34|180|96|2|159|0|159|
34|184|96|2|159|0|159|
34|224|192|2|159|0|159|
34|183|96|2|159|0|159|
34|180|96|2|157|0|158|
34|182|96|2|159|0|159|
34|180|96|2|159|0|159|
34|183|0|2|159|0|159|
34|183|96|2|159|0|159|
34|180|96|2|159|0|159|
34|182|96|2|159|0|159|
34|182|96|2|159|0|159|
34|180|96|2|159|0|159|
34|182|96|2|159|0|159|
34|142|0|1|136|0|157|
34|182|96|2|159|0|159|
34|179|96|2|159|0|159|
34|183|96|2|159|0|159|
34|182|96|2|159|0|159|
34|182|0|2|159|0|159|
34|179|192|2|159|0|159|
34|182|96|2|159|0|159|
34|183|96|2|159|0|159|
34|179|96|2|159|0|159|
34|182|96|2|159|0|159|
34|180|96|2|159|0|159|
34|182|96|2|159|0|159|
34|183|0|2|159|0|159|
34|143|0|1|136|0|157|
34|183|96|2|159|0|159|
34|183|96|2|159|0|159|
34|183|96|2|159|0|159|
34|182|96|2|159|0|159|
34|179|96|2|159|0|159|
34|182|96|2|159|0|159|
34|180|96|2|159|0|159|
34|143|96|1|136|0|157|
34|183|0|2|159|0|159|
34|180|96|2|159|0|159|
34|183|0|2|159|0|159|
34|143|96|1|136|0|157|
34|182|96|2|159|0|159|
34|183|96|2|159|0|159|
34|183|96|2|159|0|159|
34|183|96|2|159|0|159|
34|143|96|1|136|0|157|
34|182|96|2|159|0|159|
34|180|0|2|159|0|159|
34|179|96|2|159|0|159|
34|182|96|2|159|0|159|
34|183|96|2|159|0|159|
34|180|96|2|159|0|159|
34|179|96|2|159|0|159|
34|183|96|2|159|0|159|
34|179|96|2|159|0|159|
34|182|96|2|159|0|159|
34|182|96|2|159|0|159|
34|179|96|2|159|0|159|
34|180|96|2|159|0|159|
34|182|96|2|159|0|159|
34|182|96|2|159|0|159|
34|180|96|2|159|0|159|
34|179|96|2|159|0|159|
34|180|96|2|159|0|159|
34|180|96|2|159|0|159|
34|142|96|1|136|0|157|
34|179|96|2|159|0|159|
34|179|96|2|159|0|159|
34|182|96|2|159|0|159|
34|182|96|2|159|0|159|
34|182|96|2|159|0|159|
34|179|0|2|159|0|159|
34|182|96|2|159|0|159|
34|182|96|2|159|0|159|
34|143|96|1|136|0|157|
34|182|96|2|159|0|159|
34|182|0|2|159|0|159|
34|179|96|2|159|0|159|
34|179|96|2|159|0|159|
34|179|96|2|159|0|159|
34|179|96|2|159|0|159|
34|183|96|2|159|0|159|
34|179|96|2|159|0|159|
34|182|192|2|159|0|159|
34|143|0|1|136|0|157|
34|182|0|2|159|0|159|
34|182|96|2|159|0|159|
34|183|96|2|159|0|159|
34|182|96|2|159|0|159|
34|183|96|2|159|0|159|
34|179|96|2|159|0|159|
34|179|96|2|159|0|159|
34|183|96|2|159|0|159|
34|182|96|2|159|0|159|
34|182|0|2|159|0|159|
34|183|96|2|159|0|159|
34|179|96|2|159|0|159|
34|183|96|2|159|0|159|
34|182|96|2|159|0|159|
34|183|96|2|159|0|159|
34|179|96|2|159|0|159|
34|182|96|2|159|0|159|
34|180|96|2|159|0|159|
34|180|96|2|159|0|159|
34|180|96|2|159|0|159|
34|142|0|1|136|0|157|
34|180|0|2|159|0|159|
34|183|96|2|159|0|159|
34|182|192|2|159|0|159|
34|179|96|2|159|0|159|
34|182|96|2|159|0|159|
34|182|192|2|159|0|159|
34|180|96|2|159|0|159|
34|179|0|2|159|0|159|
34|183|96|2|159|0|159|
34|182|96|2|159|0|159|
34|180|96|2|159|0|159|
34|142|0|1|136|0|157|
34|180|0|2|159|0|159|
34|183|96|2|159|0|159|
34|179|96|2|159|0|159|
34|182|96|2|157|0|158|
34|182|96|2|159|0|159|
34|180|0|2|159|0|159|
34|183|96|2|159|0|159|
34|180|96|2|159|0|159|
34|183|96|2|159|0|159|
34|180|96|2|159|0|159|
34|183|96|2|159|0|159|
34|183|96|2|159|0|159|
34|183|192|2|159|0|159|
34|182|96|2|159|0|159|
34|182|96|2|159|0|159|
34|182|96|2|159|0|159|
34|182|96|2|159|0|159|
34|179|0|2|157|0|158|
34|182|192|2|159|0|159|
34|182|96|2|159|0|159|
34|142|0|1|136|0|157|
34|182|96|2|159|0|159|
34|182|96|2|159|0|159|
34|179|96|2|159|0|159|
34|179|96|2|159|0|159|
34|179|96|2|159|0|159|
34|182|96|2|159|0|159|
34|179|96|2|159|0|159|
34|182|96|2|159|0|159|
34|182|96|2|159|0|159|
34|179|96|2|159|0|159|
34|182|96|2|159|0|159|
34|179|96|2|159|0|159|
34|182|96|2|159|0|159|
34|179|96|2|159|0|159|
34|182|96|2|159|0|159|
34|179|96|2|159|0|159|
34|179|96|2|159|0|159|
34|182|96|2|159|0|159|
34|142|96|1|136|0|157|
34|179|96|2|159|0|159|
34|182|96|2|159|0|159|
34|182|96|2|159|0|159|
34|182|192|2|159|0|159|
34|179|96|2|159|0|159|
34|179|0|2|159|0|159|
34|182|96|2|159|0|159|
34|179|96|2|159|0|159|
34|182|0|2|159|0|159|
34|179|96|2|159|0|159|
34|182|96|2|159|0|159|
34|179|96|2|159|0|159|
34|179|0|2|159|0|159|
34|182|96|2|159|0|159|
34|180|96|2|159|0|159|
34|182|96|2|159|0|159|
34|179|96|2|159|0|159|
34|179|96|2|159|0|159|
34|182|96|2|159|0|159|
34|179|96|2|159|0|159|
34|179|96|2|159|0|159|
34|182|96|2|159|0|159|
34|182|96|2|159|0|159|
34|180|96|2|159|0|159|
34|179|96|2|159|0|159|
34|182|96|2|159|0|159|
34|142|96|1|136|0|157|
34|179|96|2|159|0|159|
34|182|96|2|159|0|159|
34|182|96|2|159|0|159|
34|142|96|1|136|0|157|
34|182|96|2|159|0|159|
34|182|96|2|159|0|159|
34|182|96|2|159|0|159|
34|179|96|2|159|0|159|
34|182|96|2|159|0|159|
34|182|96|2|159|0|159|
34|179|96|2|159|0|159|
34|179|0|2|159|0|159|
34|182|96|2|159|0|159|
34|179|96|2|159|0|159|
34|182|0|2|159|0|159|
34|142|96|1|136|0|157|
34|183|96|2|159|0|159|
34|182|96|2|159|0|159|
34|143|96|1|136|0|157|
34|183|96|2|159|0|159|
34|180|96|2|159|0|159|
34|183|0|2|159|0|159|
34|179|96|2|159|0|159|
34|182|96|2|159|0|159|
34|180|96|2|159|0|159|
34|180|96|2|159|0|159|
34|182|96|2|159|0|159|
34|183|96|2|159|0|159|
34|182|96|2|159|0|159|
34|186|96|2|159|0|159|
34|183|96|2|159|0|159|
34|179|96|2|159|0|159|
34|180|96|2|159|0|159|
34|180|96|2|159|0|159|
34|180|96|2|159|0|159|
34|183|96|2|159|0|159|
34|180|96|2|159|0|159|
34|182|96|2|159|0|159|
34|183|96|2|159|0|159|
34|180|96|2|159|0|159|
34|183|96|2|159|0|159|
34|179|96|2|159|0|159|
34|182|96|2|159|0|159|
34|179|96|2|159|0|159|
34|179|96|2|159|0|159|
34|182|96|2|159|0|159|
34|179|96|2|159|0|159|
34|179|96|2|159|0|159|
34|182|96|2|159|0|159|
34|179|96|2|159|0|159|
34|142|96|1|136|0|157|
34|179|96|2|159|0|159|
34|182|96|2|159|0|159|
34|179|96|2|159|0|159|
34|179|96|2|159|0|159|
34|179|96|2|159|0|159|
34|179|96|2|159|0|159|
34|182|96|2|159|0|159|
34|179|96|2|157|0|158|
34|142|0|1|136|0|157|
34|179|96|2|159|0|159|
34|179|96|2|159|0|159|
34|182|192|2|159|0|159|
34|142|96|1|136|0|157|
34|179|96|2|159|0|159|
34|179|0|2|159|0|159|
34|182|96|2|159|0|159|
34|182|96|2|159|0|159|
34|182|96|2|159|0|159|
34|182|96|2|159|0|159|
34|179|96|2|159|0|159|
34|183|96|2|159|0|159|
34|183|96|2|159|0|159|
34|179|96|2|159|0|159|
34|142|0|1|136|0|157|
34|182|192|2|159|0|159|
34|143|96|1|136|0|157|
34|183|0|2|159|0|159|
34|183|0|2|159|0|159|
34|183|96|2|159|0|159|
34|143|96|1|136|0|157|
34|183|96|2|159|0|159|
34|142|0|1|136|0|157|
34|142|0|1|136|0|157|
34|179|96|2|159|0|159|
34|185|0|2|159|0|159|
34|183|96|2|159|0|159|
34|180|96|2|159|0|159|
34|142|96|1|136|0|157|
34|204|96|2|159|0|159|
34|183|96|2|159|0|159|
34|180|96|2|159|0|159|
34|219|192|2|159|0|159|
34|182|96|2|159|0|159|
34|180|96|2|159|0|159|
34|183|96|2|159|0|159|
34|180|0|2|159|0|159|
34|180|96|2|159|0|159|
34|180|0|2|159|0|159|
34|184|0|2|159|0|159|
34|182|96|2|159|0|159|
34|180|96|2|159|0|159|
34|180|96|2|159|0|159|
34|182|96|2|159|0|159|
34|179|96|2|159|0|159|
34|183|96|2|159|0|159|
34|179|0|2|159|0|159|
34|182|96|2|159|0|159|
34|182|96|2|159|0|159|
34|179|96|2|159|0|159|
34|183|96|2|159|0|159|
34|180|96|2|159|0|159|
34|183|0|2|159|0|159|
34|143|96|1|136|0|157|
34|180|96|2|159|0|159|
34|182|0|2|159|0|159|
34|179|0|2|159|0|159|
34|183|96|2|159|0|159|
34|182|192|2|159|0|159|
34|182|96|2|159|0|159|
34|143|0|1|136|0|157|
34|183|96|2|159|0|159|
34|183|96|2|159|0|159|
34|182|0|2|159|0|159|
34|179|96|2|159|0|159|
34|143|96|1|136|0|157|
34|183|96|2|159|0|159|
34|182|96|2|159|0|159|
34|142|96|1|136|0|157|
34|142|96|1|136|0|157|
34|182|96|2|159|0|159|
34|182|96|2|159|0|159|
34|142|96|1|136|0|157|
34|180|96|2|159|0|159|
34|182|0|2|159|0|159|
34|142|96|1|136|0|157|
34|180|96|2|159|0|159|
34|180|96|2|159|0|159|
34|182|96|2|159|0|159|
34|182|96|2|159|0|159|
34|183|96|2|159|0|159|
34|180|0|2|159|0|159|
34|180|96|2|159|0|159|
34|142|0|1|136|0|157|
34|180|96|2|159|0|159|
34|179|96|2|159|0|159|
34|180|96|2|159|0|159|
34|179|192|2|157|0|158|
34|179|96|2|159|0|159|
34|179|96|2|159|0|159|
34|183|96|2|159|0|159|
34|183|96|2|159|0|159|
34|183|96|2|159|0|159|
34|183|96|2|159|0|159|
34|183|96|2|159|0|159|
34|183|96|2|159|0|159|
34|182|96|2|159|0|159|
34|180|96|2|159|0|159|
34|183|96|2|159|0|159|
34|183|96|2|159|0|159|
34|180|0|2|159|0|159|
34|180|96|2|159|0|159|
34|183|96|2|159|0|159|
34|179|96|2|159|0|159|
34|183|96|2|159|0|159|
34|183|96|2|159|0|159|
34|182|96|2|159|0|159|
34|179|96|2|159|0|159|
34|183|96|2|159|0|159|
34|182|96|2|159|0|159|
34|179|96|2|159|0|159|
34|179|96|2|159|0|159|
34|182|96|2|159|0|159|
34|182|96|2|159|0|159|
34|179|0|2|159|0|159|
34|179|96|2|159|0|159|
34|182|96|2|159|0|159|
34|179|96|2|159|0|159|
34|182|96|2|159|0|159|
34|179|96|2|159|0|159|
34|182|0|2|159|0|159|
34|142|96|1|136|0|157|
34|142|0|1|136|0|157|
34|179|96|2|159|0|159|
34|182|96|2|159|0|159|
34|182|96|2|159|0|159|
34|182|0|2|159|0|159|
34|182|96|2|159|0|159|
34|182|96|2|159|0|159|
34|182|96|2|159|0|159|
34|179|96|2|159|0|159|
34|182|96|2|159|0|159|
34|179|96|2|159|0|159|
34|179|0|2|159|0|159|
34|182|96|2|159|0|159|
34|182|96|2|159|0|159|
34|179|96|2|159|0|159|
34|180|0|2|157|0|158|
34|182|96|2|159|0|159|
34|179|96|2|159|0|159|
34|143|0|1|136|0|157|
34|182|0|2|159|0|159|
34|180|96|2|159|0|159|
34|183|96|2|159|0|159|
34|183|96|2|159|0|159|
34|179|96|2|159|0|159|
34|179|96|2|157|0|158|
34|179|0|2|159|0|159|
34|183|96|2|159|0|159|
34|182|96|2|159|0|159|
34|183|96|2|159|0|159|
34|182|96|2|159|0|159|
34|180|96|2|159|0|159|
34|143|0|1|136|0|157|
34|183|96|2|159|0|159|
34|182|96|2|159|0|159|
34|183|96|2|159|0|159|
34|179|96|2|159|0|159|
34|183|96|2|159|0|159|
34|182|96|2|159|0|159|
34|183|96|2|159|0|159|
34|179|96|2|159|0|159|
34|179|96|2|159|0|159|
34|143|96|1|136|0|157|
34|180|96|2|159|0|159|
34|183|96|2|159|0|159|
34|180|96|2|159|0|159|
34|180|96|2|159|0|159|
34|142|96|1|136|0|157|
34|179|0|2|159|0|159|
34|183|0|2|159|0|159|
34|180|96|2|159|0|159|
34|180|96|2|159|0|159|
34|180|192|2|159|0|159|
34|180|192|2|159|0|159|
34|179|96|2|159|0|159|
34|183|96|2|159|0|159|
34|183|96|2|159|0|159|
34|180|96|2|159|0|159|
34|182|0|2|159|0|159|
34|182|96|2|159|0|159|
34|182|96|2|159|0|159|
34|182|96|2|159|0|159|
34|182|96|2|159|0|159|
34|183|96|2|159|0|159|
34|182|0|2|159|0|159|
34|182|0|2|159|0|159|
34|224|96|2|159|0|159|
34|179|0|2|159|0|159|
34|179|96|2|159|0|159|
34|182|96|2|159|0|159|
34|182|96|2|159|0|159|
34|179|96|2|159|0|159|
34|180|96|2|159|0|159|
34|182|96|2|159|0|159|
34|142|96|1|136|0|157|
34|183|96|2|159|0|159|
34|182|96|2|159|0|159|
34|143|96|1|136|0|157|
34|182|96|2|159|0|159|
34|183|0|2|159|0|159|
34|183|96|2|159|0|159|
34|180|96|2|159|0|159|
34|143|96|1|136|0|157|
34|183|96|2|159|0|159|
34|180|96|2|159|0|159|
34|182|96|2|159|0|159|
34|143|0|1|136|0|157|
34|180|192|2|159|0|159|
34|183|96|2|159|0|159|
34|182|96|2|159|0|159|
34|195|96|2|159|0|159|
34|180|0|2|159|0|159|
34|179|96|2|159|0|159|
34|183|96|2|159|0|159|
34|181|96|2|158|0|155|
34|179|96|2|159|0|159|
34|182|96|2|159|0|159|
34|183|96|2|159|0|159|
34|179|96|2|159|0|159|
34|179|0|2|159|0|159|
34|180|96|2|159|0|159|
34|179|0|2|159|0|159|
34|184|96|2|159|0|159|
34|222|96|2|159|0|159|
34|182|96|2|159|0|159|
34|180|96|2|159|0|159|
34|183|96|2|159|0|159|
34|182|96|2|159|0|159|
34|182|96|2|159|0|159|
34|143|0|1|136|0|157|
34|179|96|2|159|0|159|
34|182|96|2|159|0|159|
34|142|96|1|136|0|157|
34|183|96|2|159|0|159|
34|183|96|2|159|0|159|
34|182|96|2|159|0|159|
34|182|96|2|159|0|159|
34|183|0|2|159|0|159|
34|142|96|1|136|0|157|
34|143|0|1|136|0|157|
34|182|96|2|159|0|159|
34|182|96|2|159|0|159|
34|183|96|2|159|0|159|
34|180|96|2|159|0|159|
34|142|96|1|136|0|157|
34|180|96|2|159|0|159|
34|195|96|2|159|0|159|
34|179|96|2|159|0|159|
34|179|96|2|159|0|159|
34|182|96|2|159|0|159|
34|179|96|2|159|0|159|
34|143|0|1|136|0|157|
34|183|96|2|159|0|159|
34|183|96|2|159|0|159|
34|183|96|2|159|0|159|
34|182|96|2|159|0|159|
34|183|96|2|159|0|159|
34|180|0|2|159|0|159|
34|180|96|2|159|0|159|
34|183|192|2|159|0|159|
34|179|96|2|158|0|155|
34|182|96|2|159|0|159|
34|181|96|2|158|0|155|
34|219|96|2|159|0|159|
34|180|96|2|159|0|159|
34|142|96|1|136|0|157|
34|182|96|2|159|0|159|
34|183|96|2|159|0|159|
34|142|96|1|136|0|157|
34|142|96|1|136|0|157|
34|180|0|2|159|0|159|
34|180|96|2|159|0|159|
34|179|96|2|159|0|159|
34|182|96|2|159|0|159|
34|182|96|2|159|0|159|
34|182|96|2|159|0|159|
34|142|96|1|135|0|153|
34|179|96|2|159|0|159|
34|142|0|1|136|0|157|
34|142|0|1|136|0|157|
34|182|96|2|159|0|159|
34|182|0|2|159|0|159|
34|182|0|2|159|0|159|
34|182|96|2|159|0|159|
34|179|96|2|159|0|159|
34|179|96|2|159|0|159|
34|179|96|2|159|0|159|
34|142|96|1|136|0|157|
34|179|96|2|159|0|159|
34|142|96|1|136|0|157|
34|180|96|2|159|0|159|
34|219|96|2|159|0|159|
34|183|96|2|159|0|159|
34|183|96|2|159|0|159|
34|180|96|2|159|0|159|
34|180|96|2|159|0|159|
34|183|96|2|159|0|159|
34|180|0|2|159|0|159|
34|179|0|2|159|0|159|
34|180|96|2|159|0|159|
34|180|96|2|159|0|159|
34|183|96|2|159|0|159|
34|180|96|2|159|0|159|
34|142|96|1|136|0|157|
34|180|96|2|159|0|159|
34|182|0|2|159|0|159|
34|183|0|2|159|0|159|
34|183|96|2|159|0|159|
34|180|96|2|159|0|159|
34|179|96|2|159|0|159|
34|183|96|2|159|0|159|
34|183|96|2|159|0|159|
34|182|96|2|159|0|159|
34|143|96|1|136|0|157|
34|182|96|2|159|0|159|
34|182|96|2|159|0|159|
34|143|0|1|136|0|157|
34|182|96|2|159|0|159|
34|180|96|2|159|0|159|
34|181|96|2|159|0|159|
34|180|96|2|159|0|159|
34|143|96|1|136|0|157|
34|181|96|2|159|0|159|
34|143|96|1|136|0|157|
34|183|96|2|159|0|159|
34|183|96|2|159|0|159|
34|183|96|2|159|0|159|
34|182|96|2|159|0|159|
34|180|96|2|159|0|159|
34|183|96|2|159|0|159|
34|142|96|1|136|0|157|
34|180|96|2|159|0|159|
34|180|96|2|159|0|159|
34|142|0|1|136|0|157|
34|180|96|2|159|0|159|
34|180|96|2|159|0|159|
34|183|96|2|159|0|159|
34|182|96|2|159|0|159|
34|182|96|2|159|0|159|
34|182|96|2|159|0|159|
34|183|96|2|159|0|159|
34|143|0|1|136|0|157|
34|180|192|2|159|0|159|
34|183|96|2|159|0|159|
34|179|0|2|159|0|159|
34|183|96|2|159|0|159|
34|182|96|2|159|0|159|
34|143|192|1|136|0|157|
34|180|96|2|159|0|159|
34|180|96|2|159|0|159|
34|143|96|1|136|0|157|
34|179|96|2|159|0|159|
34|183|96|2|159|0|159|
34|183|0|2|159|0|159|
34|183|96|2|159|0|159|
34|180|0|2|159|0|159|
34|183|96|2|159|0|159|
34|183|96|2|159|0|159|
34|183|96|2|159|0|159|
34|180|96|2|159|0|159|
34|183|96|2|159|0|159|
34|182|96|2|159|0|159|
34|179|0|2|159|0|159|
34|183|96|2|159|0|159|
34|180|96|2|159|0|159|
34|183|96|2|159|0|159|
34|179|96|2|159|0|159|
34|179|0|2|159|0|159|
34|182|96|2|159|0|159|
34|179|96|2|159|0|159|
34|142|96|1|136|0|157|
34|182|96|2|159|0|159|
34|182|0|2|159|0|159|
34|179|96|2|159|0|159|
34|179|192|2|159|0|159|
34|179|0|2|159|0|159|
34|182|96|2|159|0|159|
34|182|0|2|159|0|159|
34|182|96|2|159|0|159|
34|182|96|2|159|0|159|
34|182|96|2|159|0|159|
34|179|96|2|158|0|155|
34|179|96|2|159|0|159|
34|182|96|2|159|0|159|
34|183|96|2|159|0|159|
34|182|96|2|159|0|159|
34|179|96|2|159|0|159|
34|179|96|2|159|0|159|
34|182|96|2|159|0|159|
34|180|96|2|159|0|159|
34|183|96|2|159|0|159|
34|180|96|2|159|0|159|
34|180|96|2|159|0|159|
34|182|96|2|159|0|159|
34|180|96|2|159|0|159|
34|182|96|2|159|0|159|
34|182|96|2|159|0|159|
34|183|96|2|159|0|159|
34|180|96|2|159|0|159|
34|182|96|2|159|0|159|
34|180|96|2|159|0|159|
34|183|96|2|159|0|159|
34|183|96|2|159|0|159|
34|182|96|2|159|0|159|
34|179|96|2|159|0|159|
34|182|0|2|159|0|159|
34|179|96|2|159|0|159|
34|142|0|1|136|0|157|
34|181|96|1|134|0|156|
34|180|96|2|159|0|159|
34|182|96|2|159|0|159|
34|179|0|2|159|0|159|
34|182|192|2|159|0|159|
34|143|0|1|136|0|157|
34|182|96|2|159|0|159|
34|182|96|2|159|0|159|
34|182|96|2|159|0|159|
34|180|96|2|159|0|159|
34|183|96|2|159|0|159|
34|183|96|2|159|0|159|
34|183|96|2|159|0|159|
34|180|96|2|159|0|159|
34|142|0|1|136|0|157|
34|183|96|2|159|0|159|
34|179|192|2|159|0|159|
34|180|96|2|159|0|159|
34|180|96|2|159|0|159|
34|182|96|2|159|0|159|
34|143|0|1|136|0|157|
34|179|96|2|159|0|159|
34|183|96|2|159|0|159|
34|180|96|2|159|0|159|
34|183|96|2|159|0|159|
34|180|96|2|159|0|159|
34|179|96|2|159|0|159|
34|182|96|2|159|0|159|
34|182|96|2|159|0|159|
34|183|96|2|159|0|159|
34|180|96|2|159|0|159|
34|143|96|1|136|0|157|
34|183|96|2|159|0|159|
34|180|96|2|159|0|159|
34|183|96|2|159|0|159|
34|180|96|2|159|0|159|
34|220|96|2|159|0|159|
34|182|96|2|159|0|159|
34|182|192|2|157|0|158|
34|182|96|2|159|0|159|
34|182|96|2|159|0|159|
34|180|0|2|159|0|159|
34|179|96|2|159|0|159|
34|180|96|2|159|0|159|
34|180|96|2|159|0|159|
34|142|96|1|136|0|157|
34|180|96|2|159|0|159|
34|184|96|2|159|0|159|
34|183|96|2|159|0|159|
34|183|96|2|159|0|159|
34|184|0|2|159|0|159|
34|179|96|2|157|0|158|
34|142|96|1|136|0|157|
34|182|96|2|159|0|159|
34|180|96|2|159|0|159|
34|182|96|2|159|0|159|
34|183|96|2|159|0|159|
34|180|96|2|159|0|159|
34|182|96|2|159|0|159|
34|183|96|2|159|0|159|
34|180|0|2|159|0|159|
34|182|96|2|159|0|159|
34|181|96|2|159|0|159|
34|180|96|2|159|0|159|
34|182|96|2|159|0|159|
34|179|96|2|159|0|159|
34|179|96|2|159|0|159|
34|182|96|2|159|0|159|
34|142|96|1|136|0|157|
34|182|96|2|159|0|159|
34|183|96|2|159|0|159|
34|179|96|2|159|0|159|
34|180|96|2|159|0|159|
34|183|96|2|159|0|159|
34|143|96|1|136|0|157|
34|179|96|2|159|0|159|
34|180|0|2|159|0|159|
34|183|96|2|159|0|159|
34|183|96|2|159|0|159|
34|180|96|2|159|0|159|
34|142|96|1|136|0|157|
34|180|96|2|159|0|159|
34|182|96|2|159|0|159|
34|182|192|2|159|0|159|
34|183|96|2|159|0|159|
34|179|96|2|159|0|159|
34|142|96|1|136|0|157|
34|182|96|2|159|0|159|
34|183|96|2|159|0|159|
34|183|96|2|159|0|159|
34|183|192|2|159|0|159|
34|142|0|1|136|0|157|
34|183|96|2|159|0|159|
