INSTRUCTIONS_RETIRED|CYCLES|UNKNOWN|LD_BLOCKS.STORE_FORWARD|UOPS_EXECUTED.THREAD|BR_MISP_RETIRED.ALL_BRANCHES|UOPS_RETIRED.ANY|
209|304|192|1|311|0|332|
209|358|192|1|343|0|334|
209|572|288|1|592|0|546|
209|380|192|1|368|0|334|
209|358|192|1|343|0|334|
209|569|288|1|593|0|546|
209|355|96|1|343|0|334|
209|359|96|1|343|0|334|
209|564|288|1|593|0|546|
209|355|192|1|343|0|334|
209|358|192|1|343|0|334|
209|569|288|1|595|0|543|
209|568|288|1|592|0|543|
209|568|288|1|592|0|546|
209|357|192|1|343|0|334|
209|355|96|1|343|0|334|
209|357|192|1|343|0|334|
209|569|288|1|596|0|546|
209|357|192|1|343|0|334|
209|357|192|1|343|0|334|
209|520|288|1|562|0|544|
209|354|192|1|342|0|334|
209|518|288|1|564|0|541|
209|354|192|1|342|0|334|
209|355|192|1|344|0|334|
209|306|96|1|311|0|332|
209|304|96|1|311|0|332|
209|355|192|1|343|0|334|
209|570|288|1|600|0|543|
209|357|192|1|342|0|334|
209|357|192|1|342|0|334|
209|354|192|1|342|0|334|
209|573|288|1|600|0|543|
209|354|96|1|342|0|334|
209|354|192|1|342|0|334|
209|354|192|1|342|0|334|
209|571|288|1|596|0|543|
209|567|288|1|593|0|543|
209|573|288|1|598|0|543|
209|570|288|1|591|0|546|
209|357|192|1|342|0|334|
209|304|192|1|311|0|332|
209|354|192|1|342|0|334|
209|571|288|1|593|0|546|
209|357|192|1|342|0|334|
209|355|192|1|343|0|334|
209|354|192|1|342|0|334|
209|521|288|1|563|0|544|
209|358|192|1|343|0|334|
209|357|192|1|342|0|334|
209|565|288|1|593|0|543|
209|569|288|1|593|0|546|
209|357|192|1|342|0|334|
209|354|192|1|342|0|334|
209|574|288|1|600|0|543|
209|355|192|1|340|0|333|
209|568|288|1|596|0|546|
209|565|288|1|592|0|546|
209|357|192|1|343|0|334|
209|354|192|1|342|0|334|
209|567|192|1|594|0|543|
209|566|192|1|595|0|546|
209|355|192|1|343|0|334|
209|355|192|1|340|0|333|
209|358|192|1|343|0|334|
209|355|192|1|343|0|334|
209|358|192|1|343|0|334|
209|567|288|1|596|0|546|
209|357|192|1|343|0|334|
209|355|192|1|343|0|334|
209|358|192|1|343|0|334|
209|570|384|1|598|0|543|
209|355|192|1|343|0|334|
209|357|192|1|343|0|334|
209|355|96|1|343|0|334|
209|567|288|1|594|0|543|
209|355|192|1|343|0|334|
209|355|192|1|343|0|334|
209|354|192|1|343|0|334|
209|358|96|1|343|0|334|
209|564|288|1|594|0|543|
209|355|192|1|343|0|334|
209|357|192|1|343|0|334|
209|357|192|1|343|0|334|
209|355|192|1|343|0|334|
209|568|288|1|592|0|543|
209|355|288|1|343|0|334|
209|302|96|1|311|0|332|
209|357|192|1|342|0|334|
209|358|192|1|344|0|334|
209|358|288|1|344|0|334|
209|357|192|1|342|0|334|
209|355|192|1|343|0|334|
209|358|192|1|343|0|334|
209|358|192|1|343|0|334|
209|355|192|1|343|0|334|
209|355|192|1|343|0|334|
209|355|192|1|344|0|334|
209|357|96|1|342|0|334|
209|357|192|1|342|0|334|
209|355|192|1|344|0|334|
209|358|96|1|344|0|334|
209|355|96|1|343|0|334|
209|357|192|1|342|0|334|
209|355|192|1|344|0|334|
209|354|192|1|342|0|334|
209|358|96|1|344|0|334|
209|356|192|1|343|0|334|
209|357|192|1|342|0|334|
209|357|192|1|342|0|334|
209|355|192|1|344|0|334|
209|357|192|1|343|0|334|
209|307|288|1|311|0|332|
209|357|96|1|342|0|334|
209|357|192|1|342|0|334|
209|355|192|1|341|0|330|
209|357|192|1|343|0|334|
209|357|192|1|342|0|334|
209|357|192|1|343|0|334|
209|357|192|1|342|0|334|
209|354|96|1|342|0|334|
209|357|96|1|343|0|334|
209|302|192|1|311|0|332|
209|354|192|1|342|0|334|
209|355|288|1|344|0|334|
209|357|96|1|342|0|334|
209|354|192|1|343|0|334|
209|354|192|1|342|0|334|
209|357|192|1|342|0|334|
209|357|192|1|342|0|334|
209|357|192|1|342|0|334|
209|305|192|1|311|0|332|
209|306|96|1|311|0|332|
209|357|192|1|343|0|334|
209|357|192|1|343|0|334|
209|305|96|1|311|0|332|
209|306|96|1|311|0|332|
209|354|192|1|343|0|334|
209|354|96|1|342|0|334|
209|357|192|1|343|0|334|
209|357|192|1|342|0|334|
209|354|192|1|342|0|334|
209|357|96|1|342|0|334|
209|305|288|1|311|0|332|
209|357|96|1|343|0|334|
209|357|192|1|342|0|334|
209|357|192|1|343|0|334|
209|357|192|1|343|0|334|
209|357|192|1|343|0|334|
209|357|192|1|343|0|334|
209|357|192|1|343|0|334|
209|354|192|1|342|0|334|
209|357|192|1|342|0|334|
209|357|192|1|342|0|334|
209|357|192|1|343|0|334|
209|358|192|1|344|0|334|
209|357|192|1|342|0|334|
209|354|192|1|342|0|334|
209|357|192|1|343|0|334|
209|354|192|1|342|0|334|
209|305|96|1|311|0|332|
209|358|192|1|343|0|334|
209|405|192|1|377|0|332|
209|357|192|1|342|0|334|
209|355|192|1|343|0|334|
209|355|192|1|343|0|334|
209|358|96|1|343|0|334|
209|354|192|1|342|0|334|
209|354|192|1|342|0|334|
209|357|192|1|343|0|334|
209|354|192|1|342|0|334|
209|354|192|1|342|0|334|
209|301|192|1|311|0|332|
209|358|96|1|343|0|334|
209|304|192|1|311|0|332|
209|567|288|1|593|0|543|
209|358|192|1|343|0|334|
209|357|192|1|342|0|334|
209|354|192|1|342|0|334|
209|369|192|1|357|0|334|
209|357|192|1|342|0|334|
209|305|192|1|311|0|332|
209|354|192|1|342|0|334|
209|357|192|1|343|0|334|
209|357|192|1|342|0|334|
209|358|192|1|344|0|334|
209|358|192|1|344|0|334|
209|358|192|1|343|0|334|
209|304|192|1|311|0|332|
209|357|192|1|342|0|334|
209|304|192|1|311|0|332|
209|357|192|1|342|0|334|
209|354|192|1|342|0|334|
209|357|192|1|343|0|334|
209|355|192|1|344|0|334|
209|355|192|1|344|0|334|
209|358|192|1|344|0|334|
209|354|288|1|343|0|334|
209|370|192|1|358|0|334|
209|358|192|1|343|0|334|
209|357|192|1|343|0|334|
209|357|192|1|343|0|334|
209|357|192|1|343|0|334|
209|305|96|1|311|0|332|
209|358|192|1|343|0|334|
209|358|192|1|343|0|334|
209|355|192|1|343|0|334|
209|355|192|1|343|0|334|
209|355|192|1|343|0|334|
209|358|192|1|343|0|334|
209|357|192|1|343|0|334|
209|357|96|1|343|0|334|
209|302|96|1|311|0|332|
209|355|192|1|343|0|334|
209|355|192|1|343|0|334|
209|305|192|1|311|0|332|
209|357|192|1|342|0|334|
209|357|96|1|342|0|334|
209|354|192|1|342|0|334|
209|302|288|1|311|0|332|
209|358|192|1|344|0|334|
209|307|288|1|311|0|332|
209|358|96|1|344|0|334|
209|357|96|1|343|0|334|
209|357|192|1|342|0|334|
209|357|192|1|342|0|334|
209|305|192|1|311|0|332|
209|355|192|1|343|0|334|
209|355|192|1|343|0|334|
209|357|192|1|342|0|334|
209|357|192|1|343|0|334|
209|354|192|1|343|0|334|
209|305|96|1|311|0|332|
209|354|192|1|342|0|334|
209|355|192|1|344|0|334|
209|357|192|1|343|0|334|
209|305|192|1|311|0|332|
209|357|192|1|342|0|334|
209|357|192|1|342|0|334|
209|354|192|1|343|0|334|
209|358|192|1|344|0|334|
209|358|192|1|343|0|334|
209|354|192|1|343|0|334|
209|354|192|1|343|0|334|
209|355|192|1|343|0|334|
209|379|96|1|368|0|334|
209|357|192|1|342|0|334|
209|357|192|1|342|0|334|
209|354|192|1|342|0|334|
209|309|192|1|309|0|331|
209|355|192|1|343|0|334|
209|358|192|1|343|0|334|
209|305|192|1|311|0|332|
209|358|192|1|344|0|334|
209|358|192|1|344|0|334|
209|357|192|1|342|0|334|
209|302|192|1|311|0|332|
209|357|192|1|343|0|334|
209|354|192|1|343|0|334|
209|358|192|1|343|0|334|
209|304|288|1|311|0|332|
209|354|192|1|342|0|334|
209|357|192|1|342|0|334|
209|354|192|1|342|0|334|
209|355|192|1|344|0|334|
209|305|192|1|311|0|332|
209|358|96|1|343|0|334|
209|355|192|1|343|0|334|
209|357|192|1|343|0|334|
209|305|96|1|311|0|332|
209|357|192|1|343|0|334|
209|358|96|1|343|0|334|
209|358|192|1|343|0|334|
209|355|192|1|343|0|334|
209|354|192|1|343|0|334|
209|354|192|1|343|0|334|
209|306|192|1|311|0|332|
209|358|192|1|343|0|334|
209|355|288|1|343|0|334|
209|358|192|1|343|0|334|
209|355|96|1|343|0|334|
209|358|192|1|343|0|334|
209|354|192|1|343|0|334|
209|357|192|1|343|0|334|
209|305|192|1|311|0|332|
209|358|192|1|343|0|334|
209|305|192|1|311|0|332|
209|357|192|1|343|0|334|
209|357|192|1|343|0|334|
209|355|96|1|343|0|334|
209|355|192|1|343|0|334|
209|357|192|1|343|0|334|
209|358|96|1|343|0|334|
209|357|192|1|342|0|334|
209|355|96|1|343|0|334|
209|357|192|1|343|0|334|
209|355|96|1|343|0|334|
209|354|192|1|343|0|334|
209|355|192|1|343|0|334|
209|306|192|1|311|0|332|
209|355|192|1|343|0|334|
209|354|192|1|343|0|334|
209|354|192|1|342|0|334|
209|354|192|1|342|0|334|
209|358|192|1|344|0|334|
209|302|96|1|311|0|332|
209|354|192|1|342|0|334|
209|357|96|1|342|0|334|
209|357|192|1|343|0|334|
209|354|192|1|343|0|334|
209|354|192|1|343|0|334|
209|357|192|1|343|0|334|
209|354|192|1|343|0|334|
209|355|192|1|343|0|334|
209|358|192|1|343|0|334|
209|358|96|1|343|0|334|
209|355|192|1|343|0|334|
209|357|192|1|343|0|334|
209|358|192|1|343|0|334|
209|357|192|1|342|0|334|
209|305|192|1|311|0|332|
209|306|192|1|311|0|332|
209|357|192|1|343|0|334|
209|358|96|1|343|0|334|
209|354|288|1|342|0|334|
209|301|192|1|311|0|332|
209|358|192|1|343|0|334|
209|307|96|1|311|0|332|
209|357|192|1|343|0|334|
209|357|192|1|343|0|334|
209|357|192|1|343|0|334|
209|357|192|1|343|0|334|
209|354|192|1|342|0|334|
209|357|192|1|342|0|334|
209|425|192|1|363|0|336|
209|357|96|1|342|0|334|
209|355|192|1|343|0|334|
209|355|192|1|343|0|334|
209|357|192|1|343|0|334|
209|357|192|1|342|0|334|
209|354|192|1|343|0|334|
209|355|192|1|340|0|333|
209|355|192|1|340|0|333|
209|358|192|1|344|0|334|
209|357|192|1|342|0|334|
209|355|192|1|343|0|334|
209|357|192|1|342|0|334|
209|307|192|1|311|0|332|
209|357|192|1|343|0|334|
209|357|192|1|343|0|334|
209|358|192|1|343|0|334|
209|355|192|1|343|0|334|
209|357|192|1|343|0|334|
209|355|192|1|343|0|334|
209|358|192|1|343|0|334|
209|355|192|1|343|0|334|
209|358|192|1|343|0|334|
209|355|192|1|343|0|334|
209|357|192|1|342|0|334|
209|357|192|1|343|0|334|
209|354|192|1|343|0|334|
209|358|192|1|342|0|334|
209|357|192|1|342|0|334|
209|354|192|1|342|0|334|
209|357|96|1|342|0|334|
209|354|192|1|343|0|334|
209|357|192|1|342|0|334|
209|357|192|1|342|0|334|
209|357|192|1|342|0|334|
209|354|192|1|342|0|334|
209|357|192|1|342|0|334|
209|357|192|1|343|0|334|
209|355|192|1|343|0|334|
209|307|96|1|311|0|332|
209|355|192|1|343|0|334|
209|355|192|1|343|0|334|
209|357|192|1|343|0|334|
209|358|192|1|343|0|334|
209|358|192|1|343|0|334|
209|355|192|1|343|0|334|
209|358|192|1|343|0|334|
209|354|192|1|342|0|334|
209|357|192|1|342|0|334|
209|357|192|1|343|0|334|
209|358|192|1|343|0|334|
209|357|192|1|343|0|334|
209|355|96|1|343|0|334|
209|358|192|1|343|0|334|
209|357|192|1|343|0|334|
209|357|192|1|342|0|334|
209|357|192|1|342|0|334|
209|355|192|1|343|0|334|
209|358|192|1|343|0|334|
209|354|192|1|343|0|334|
209|358|96|1|343|0|334|
209|355|192|1|343|0|334|
209|306|192|1|311|0|332|
209|355|96|1|343|0|334|
209|355|192|1|343|0|334|
209|355|192|1|343|0|334|
209|354|192|1|342|0|334|
209|357|192|1|342|0|334|
209|354|192|1|342|0|334|
209|357|192|1|342|0|334|
209|357|96|1|343|0|334|
209|357|192|1|343|0|334|
209|357|192|1|342|0|334|
209|305|192|1|311|0|332|
209|305|192|1|311|0|332|
209|357|96|1|342|0|334|
209|358|192|1|344|0|334|
209|354|96|1|343|0|334|
209|357|192|1|343|0|334|
209|354|192|1|343|0|334|
209|357|192|1|342|0|334|
209|304|192|1|311|0|332|
209|357|192|1|342|0|334|
209|318|96|1|311|0|332|
209|357|192|1|343|0|334|
209|357|192|1|342|0|334|
209|357|192|1|342|0|334|
209|354|192|1|342|0|334|
209|357|192|1|342|0|334|
209|357|192|1|342|0|334|
209|357|192|1|343|0|334|
209|307|96|1|311|0|332|
209|354|192|1|342|0|334|
209|357|192|1|343|0|334|
209|357|192|1|342|0|334|
209|354|192|1|342|0|334|
209|357|192|1|342|0|334|
209|357|192|1|342|0|334|
209|358|192|1|344|0|334|
209|357|192|1|342|0|334|
209|355|192|1|342|0|334|
209|354|192|1|342|0|334|
209|357|192|1|342|0|334|
209|358|192|1|344|0|334|
209|357|192|1|342|0|334|
209|357|192|1|343|0|334|
209|355|192|1|340|0|333|
209|354|192|1|342|0|334|
209|357|192|1|342|0|334|
209|304|192|1|311|0|332|
209|305|96|1|311|0|332|
209|357|192|1|342|0|334|
209|354|192|1|342|0|334|
209|354|96|1|342|0|334|
209|357|192|1|342|0|334|
209|354|192|1|343|0|334|
209|354|192|1|343|0|334|
209|358|192|1|343|0|334|
209|355|192|1|343|0|334|
209|355|192|1|343|0|334|
209|354|192|1|343|0|334|
209|380|192|1|365|0|334|
209|358|192|1|343|0|334|
209|358|192|1|343|0|334|
209|358|96|1|343|0|334|
209|354|192|1|343|0|334|
209|357|192|1|342|0|334|
209|358|96|1|344|0|334|
209|354|192|1|343|0|334|
209|358|192|1|343|0|334|
209|358|192|1|343|0|334|
209|358|96|1|344|0|334|
209|355|96|1|343|0|334|
209|306|96|1|311|0|332|
209|358|192|1|344|0|334|
209|358|192|1|343|0|334|
209|358|192|1|343|0|334|
209|355|192|1|343|0|334|
209|358|96|1|343|0|334|
209|357|288|1|343|0|334|
209|354|192|1|342|0|334|
209|354|192|1|342|0|334|
209|354|192|1|342|0|334|
209|355|192|1|343|0|334|
209|354|192|1|342|0|334|
209|357|192|1|343|0|334|
209|354|192|1|342|0|334|
209|357|192|1|343|0|334|
209|355|192|1|343|0|334|
209|355|192|1|343|0|334|
209|355|192|1|343|0|334|
209|301|96|1|311|0|332|
209|357|192|1|343|0|334|
209|355|192|1|343|0|334|
209|355|96|1|343|0|334|
209|355|192|1|343|0|334|
209|357|192|1|343|0|334|
209|355|192|1|343|0|334|
209|304|192|1|311|0|332|
209|354|192|1|343|0|334|
209|355|96|1|343|0|334|
209|355|192|1|343|0|334|
209|355|192|1|343|0|334|
209|356|96|1|343|0|334|
209|358|192|1|343|0|334|
209|358|192|1|343|0|334|
209|357|192|1|343|0|334|
209|357|192|1|343|0|334|
209|354|192|1|342|0|334|
209|357|192|1|342|0|334|
209|307|192|1|311|0|332|
209|357|192|1|342|0|334|
209|357|192|1|342|0|334|
209|357|192|1|342|0|334|
209|355|192|1|343|0|334|
209|355|192|1|344|0|334|
209|354|192|1|342|0|334|
209|354|192|1|342|0|334|
209|357|192|1|342|0|334|
209|355|192|1|344|0|334|
209|355|192|1|343|0|334|
209|354|288|1|343|0|334|
209|358|192|1|343|0|334|
209|354|192|1|343|0|334|
209|357|192|1|342|0|334|
209|357|192|1|342|0|334|
209|354|192|1|343|0|334|
209|358|192|1|344|0|334|
209|358|96|1|344|0|334|
209|355|192|1|344|0|334|
209|355|192|1|344|0|334|
209|355|96|1|344|0|334|
209|305|96|1|311|0|332|
209|355|192|1|343|0|334|
209|355|192|1|343|0|334|
209|358|96|1|343|0|334|
209|358|192|1|343|0|334|
209|358|192|1|343|0|334|
209|357|192|1|343|0|334|
209|304|96|1|311|0|332|
209|301|96|1|311|0|332|
209|358|192|1|343|0|334|
209|358|192|1|343|0|334|
209|358|192|1|343|0|334|
209|358|192|1|343|0|334|
209|355|192|1|343|0|334|
209|355|192|1|343|0|334|
209|354|192|1|343|0|334|
209|358|192|1|343|0|334|
209|358|96|1|343|0|334|
209|358|96|1|343|0|334|
209|357|192|1|342|0|334|
209|357|192|1|343|0|334|
209|354|288|1|342|0|334|
209|354|192|1|342|0|334|
209|357|192|1|342|0|334|
209|357|192|1|342|0|334|
209|354|192|1|342|0|334|
209|357|96|1|342|0|334|
209|357|192|1|342|0|334|
209|305|192|1|311|0|332|
209|355|192|1|343|0|334|
209|358|192|1|343|0|334|
209|357|192|1|342|0|334|
209|357|192|1|343|0|334|
209|304|192|1|311|0|332|
209|358|192|1|343|0|334|
209|357|192|1|343|0|334|
209|357|192|1|343|0|334|
209|357|192|1|343|0|334|
209|358|192|1|343|0|334|
209|355|192|1|343|0|334|
209|357|192|1|343|0|334|
209|355|192|1|344|0|334|
209|354|192|1|343|0|334|
209|355|192|1|343|0|334|
209|358|192|1|343|0|334|
209|354|192|1|343|0|334|
209|355|192|1|343|0|334|
209|354|192|1|343|0|334|
209|355|192|1|343|0|334|
209|358|192|1|343|0|334|
209|306|192|1|311|0|332|
209|357|192|1|343|0|334|
209|355|192|1|343|0|334|
209|355|192|1|343|0|334|
209|355|192|1|343|0|334|
209|357|192|1|343|0|334|
209|358|192|1|343|0|334|
209|354|192|1|343|0|334|
209|359|192|1|344|0|334|
209|354|192|1|342|0|334|
209|354|96|1|342|0|334|
209|355|192|1|344|0|334|
209|354|192|1|342|0|334|
209|304|96|1|310|0|328|
209|354|192|1|342|0|334|
209|354|96|1|342|0|334|
209|357|192|1|343|0|334|
209|354|192|1|342|0|334|
209|357|192|1|342|0|334|
209|357|192|1|343|0|334|
209|357|192|1|342|0|334|
209|355|192|1|344|0|334|
209|358|192|1|343|0|334|
209|355|192|1|343|0|334|
209|352|192|1|340|0|333|
209|357|192|1|342|0|334|
209|357|288|1|342|0|334|
209|304|96|1|311|0|332|
209|358|192|1|343|0|334|
209|357|192|1|343|0|334|
209|357|192|1|343|0|334|
209|357|192|1|343|0|334|
209|355|192|1|343|0|334|
209|358|192|1|343|0|334|
209|352|192|1|340|0|333|
209|306|96|1|311|0|332|
209|358|192|1|343|0|334|
209|355|192|1|343|0|334|
209|357|192|1|343|0|334|
209|358|192|1|343|0|334|
209|354|192|1|342|0|334|
209|357|192|1|342|0|334|
209|354|192|1|343|0|334|
209|357|192|1|342|0|334|
209|355|192|1|342|0|334|
209|357|192|1|340|0|329|
209|355|192|1|344|0|334|
209|354|192|1|342|0|334|
209|355|192|1|344|0|334|
209|304|192|1|311|0|332|
209|357|192|1|342|0|334|
209|355|192|1|344|0|334|
209|357|192|1|342|0|334|
209|358|192|1|344|0|334|
209|352|96|1|340|0|333|
209|357|192|1|342|0|334|
209|357|192|1|342|0|334|
209|357|192|1|342|0|334|
209|357|192|1|342|0|334|
209|357|192|1|342|0|334|
209|354|192|1|342|0|334|
209|357|192|1|342|0|334|
209|357|96|1|342|0|334|
209|369|192|1|344|0|334|
209|354|192|1|342|0|334|
209|357|192|1|342|0|334|
209|354|192|1|342|0|334|
209|355|192|1|344|0|334|
209|355|192|1|343|0|334|
209|354|192|1|342|0|334|
209|357|288|1|342|0|334|
209|355|192|1|343|0|334|
209|355|192|1|344|0|334|
209|358|192|1|344|0|334|
209|357|96|1|343|0|334|
209|301|192|1|311|0|332|
209|355|96|1|342|0|334|
209|357|192|1|343|0|334|
209|354|192|1|342|0|334|
209|355|192|1|343|0|334|
209|355|192|1|343|0|334|
209|357|192|1|343|0|334|
209|355|192|1|344|0|334|
209|306|96|1|311|0|332|
209|357|192|1|342|0|334|
209|357|192|1|342|0|334|
209|354|96|1|342|0|334|
209|358|192|1|343|0|334|
209|355|192|1|340|0|333|
209|355|192|1|343|0|334|
209|355|192|1|343|0|334|
209|358|192|1|343|0|334|
209|355|192|1|343|0|334|
209|355|192|1|344|0|334|
209|357|192|1|343|0|334|
209|358|192|1|343|0|334|
209|305|192|1|311|0|332|
209|304|192|1|309|0|331|
209|357|192|1|342|0|334|
209|357|192|1|343|0|334|
209|355|192|1|344|0|334|
209|306|192|1|311|0|332|
209|357|192|1|342|0|334|
209|357|192|1|342|0|334|
209|354|192|1|342|0|334|
209|358|192|1|344|0|334|
209|354|192|1|342|0|334|
209|357|192|1|342|0|334|
209|354|192|1|342|0|334|
209|359|192|1|344|0|334|
209|355|192|1|343|0|334|
209|357|192|1|343|0|334|
209|354|192|1|343|0|334|
209|354|192|1|342|0|334|
209|357|192|1|343|0|334|
209|305|96|1|311|0|332|
209|354|192|1|342|0|334|
209|355|192|1|343|0|334|
209|357|192|1|342|0|334|
209|357|192|1|342|0|334|
209|355|192|1|343|0|334|
209|357|288|1|343|0|334|
209|305|96|1|311|0|332|
209|355|192|1|343|0|334|
209|358|192|1|343|0|334|
209|355|192|1|343|0|334|
209|355|192|1|343|0|334|
209|358|192|1|343|0|334|
209|357|192|1|343|0|334|
209|355|192|1|343|0|334|
209|355|192|1|343|0|334|
209|358|192|1|343|0|334|
209|358|192|1|343|0|334|
209|358|192|1|343|0|334|
209|357|192|1|343|0|334|
209|354|192|1|342|0|334|
209|357|192|1|342|0|334|
209|301|96|1|311|0|332|
209|357|192|1|343|0|334|
209|355|192|1|343|0|334|
209|355|192|1|340|0|333|
209|355|192|1|343|0|334|
209|375|192|1|364|0|334|
209|358|192|1|343|0|334|
209|306|192|1|311|0|332|
209|355|192|1|343|0|334|
209|358|192|1|343|0|334|
209|357|192|1|343|0|334|
209|306|192|1|311|0|332|
209|357|192|1|343|0|334|
209|354|192|1|343|0|334|
209|355|192|1|343|0|334|
209|355|192|1|343|0|334|
209|358|192|1|343|0|334|
209|355|192|1|343|0|334|
209|304|96|1|311|0|332|
209|358|192|1|343|0|334|
209|358|96|1|343|0|334|
209|358|192|1|343|0|334|
209|355|192|1|343|0|334|
209|354|192|1|343|0|334|
209|355|192|1|343|0|334|
209|358|192|1|343|0|334|
209|357|192|1|343|0|334|
209|358|96|1|343|0|334|
209|358|192|1|343|0|334|
209|358|192|1|343|0|334|
209|355|192|1|343|0|334|
209|357|192|1|343|0|334|
209|358|192|1|343|0|334|
209|357|192|1|343|0|334|
209|355|192|1|343|0|334|
209|357|96|1|343|0|334|
209|306|192|1|311|0|332|
209|358|192|1|343|0|334|
209|358|192|1|343|0|334|
209|355|192|1|343|0|334|
209|355|192|1|343|0|334|
209|355|192|1|343|0|334|
209|358|192|1|343|0|334|
209|357|192|1|343|0|334|
209|355|96|1|343|0|334|
209|307|192|1|311|0|332|
209|355|192|1|343|0|334|
209|354|192|1|342|0|334|
209|357|192|1|342|0|334|
209|357|192|1|343|0|334|
209|358|192|1|343|0|334|
209|355|192|1|343|0|334|
209|357|192|1|343|0|334|
209|358|192|1|343|0|334|
209|355|192|1|343|0|334|
209|358|192|1|343|0|334|
209|304|192|1|311|0|332|
209|354|192|1|342|0|334|
209|354|192|1|343|0|334|
209|357|192|1|342|0|334|
209|357|192|1|343|0|334|
209|357|192|1|342|0|334|
209|357|192|1|342|0|334|
209|358|192|1|344|0|334|
209|358|192|1|343|0|334|
209|358|192|1|343|0|334|
209|358|192|1|343|0|334|
209|355|192|1|344|0|334|
209|355|192|1|343|0|334|
209|354|288|1|342|0|334|
209|357|192|1|342|0|334|
209|357|192|1|342|0|334|
209|564|384|1|593|0|543|
209|567|288|1|593|0|546|
209|357|192|1|342|0|334|
209|357|192|1|343|0|334|
209|574|288|1|594|0|546|
209|355|192|1|343|0|334|
209|355|192|1|343|0|334|
209|355|192|1|343|0|334|
209|568|288|1|594|0|546|
209|357|96|1|343|0|334|
209|357|192|1|342|0|334|
209|573|288|1|597|0|543|
209|354|192|1|342|0|334|
209|354|192|1|343|0|334|
209|357|192|1|343|0|334|
209|573|288|1|595|0|543|
209|357|192|1|342|0|334|
209|357|192|1|342|0|334|
209|354|192|1|342|0|334|
209|565|288|1|595|0|543|
209|357|192|1|343|0|334|
209|354|192|1|342|0|334|
209|357|192|1|342|0|334|
209|357|192|1|342|0|334|
209|357|192|1|343|0|334|
209|513|288|1|562|0|540|
209|357|192|1|342|0|334|
209|300|192|1|309|0|331|
209|358|192|1|343|0|334|
209|358|192|1|343|0|334|
209|566|384|1|594|0|543|
209|355|192|1|343|0|334|
209|358|192|1|343|0|334|
209|355|192|1|343|0|334|
209|305|96|1|311|0|332|
209|354|192|1|343|0|334|
209|358|192|1|343|0|334|
209|355|192|1|343|0|334|
209|521|192|1|562|0|544|
209|357|192|1|342|0|334|
209|354|192|1|342|0|334|
209|357|96|1|343|0|334|
209|569|288|1|595|0|543|
209|357|192|1|343|0|334|
209|354|192|1|342|0|334|
209|355|192|1|344|0|334|
209|567|288|1|595|0|543|
209|305|192|1|311|0|332|
209|355|96|1|343|0|334|
209|565|288|1|594|0|543|
209|571|288|1|595|0|546|
209|358|192|1|343|0|334|
209|301|288|1|311|0|332|
209|569|288|1|593|0|546|
209|355|192|1|343|0|334|
209|355|192|1|343|0|334|
209|514|288|1|561|0|541|
209|358|192|1|343|0|334|
209|305|192|1|311|0|332|
209|358|96|1|343|0|334|
209|357|192|1|342|0|334|
209|358|192|1|344|0|334|
209|568|288|1|594|0|546|
209|357|192|1|343|0|334|
209|354|192|1|342|0|334|
209|357|192|1|342|0|334|
209|357|192|1|343|0|334|
209|354|192|1|343|0|334|
209|354|192|1|343|0|334|
209|354|192|1|342|0|334|
209|305|192|1|311|0|332|
209|354|192|1|342|0|334|
209|357|192|1|342|0|334|
209|357|192|1|342|0|334|
209|305|96|1|311|0|332|
209|358|192|1|343|0|334|
209|355|192|1|343|0|334|
209|358|192|1|343|0|334|
209|357|192|1|343|0|334|
209|358|192|1|343|0|334|
209|357|192|1|343|0|334|
209|357|192|1|343|0|334|
209|358|192|1|343|0|334|
209|358|192|1|343|0|334|
209|357|192|1|343|0|334|
209|355|192|1|344|0|334|
209|354|192|1|342|0|334|
209|358|192|1|343|0|334|
209|358|192|1|343|0|334|
209|358|288|1|343|0|334|
209|358|192|1|343|0|334|
209|357|192|1|343|0|334|
209|357|192|1|342|0|334|
209|354|192|1|342|0|334|
209|354|192|1|342|0|334|
209|357|192|1|342|0|334|
209|357|192|1|342|0|334|
209|358|192|1|342|0|334|
209|357|192|1|342|0|334|
209|357|192|1|343|0|334|
209|358|192|1|343|0|334|
209|354|192|1|343|0|334|
209|355|96|1|343|0|334|
209|358|192|1|343|0|334|
209|301|192|1|311|0|332|
209|357|192|1|343|0|334|
209|357|192|1|342|0|334|
209|357|192|1|342|0|334|
209|355|96|1|343|0|334|
209|357|192|1|342|0|334|
209|354|192|1|342|0|334|
209|358|192|1|344|0|334|
209|356|192|1|344|0|334|
209|357|192|1|342|0|334|
209|355|192|1|344|0|334|
209|355|192|1|344|0|334|
209|358|192|1|343|0|334|
209|354|192|1|342|0|334|
209|357|192|1|342|0|334|
209|357|192|1|343|0|334|
209|354|192|1|343|0|334|
209|357|192|1|342|0|334|
209|357|192|1|342|0|334|
209|352|192|1|340|0|333|
209|355|192|1|344|0|334|
209|358|192|1|343|0|334|
209|358|192|1|344|0|334|
209|354|192|1|342|0|334|
209|357|192|1|342|0|334|
209|354|192|1|342|0|334|
209|358|192|1|344|0|334|
209|357|192|1|342|0|334|
209|354|192|1|343|0|334|
209|358|192|1|343|0|334|
209|355|192|1|343|0|334|
209|354|192|1|343|0|334|
209|301|192|1|311|0|332|
209|355|192|1|340|0|333|
209|357|192|1|343|0|334|
209|301|192|1|311|0|332|
209|357|192|1|343|0|334|
209|304|96|1|311|0|332|
209|354|192|1|342|0|334|
209|357|192|1|342|0|334|
209|306|192|1|311|0|332|
209|357|96|1|342|0|334|
209|357|192|1|342|0|334|
209|302|192|1|311|0|332|
209|357|192|1|343|0|334|
209|357|192|1|343|0|334|
209|355|192|1|343|0|334|
209|355|192|1|343|0|334|
209|355|192|1|343|0|334|
209|358|192|1|343|0|334|
209|357|192|1|342|0|334|
209|357|192|1|342|0|334|
209|354|192|1|342|0|334|
209|357|192|1|343|0|334|
209|355|192|1|343|0|334|
209|358|192|1|344|0|334|
209|357|96|1|342|0|334|
209|357|192|1|343|0|334|
209|357|192|1|342|0|334|
209|301|192|1|311|0|332|
209|357|192|1|342|0|334|
209|357|192|1|342|0|334|
209|357|192|1|342|0|334|
209|357|192|1|343|0|334|
209|305|192|1|311|0|332|
209|306|192|1|311|0|332|
209|358|192|1|344|0|334|
209|357|192|1|342|0|334|
209|357|192|1|342|0|334|
209|355|192|1|343|0|334|
209|354|192|1|343|0|334|
209|355|192|1|343|0|334|
209|354|192|1|342|0|334|
209|357|192|1|342|0|334|
209|357|192|1|342|0|334|
209|357|192|1|342|0|334|
209|357|192|1|342|0|334|
209|357|192|1|342|0|334|
209|357|192|1|343|0|334|
209|302|192|1|311|0|332|
209|305|192|1|311|0|332|
209|355|192|1|343|0|334|
209|354|192|1|343|0|334|
209|355|192|1|344|0|334|
209|358|192|1|344|0|334|
209|354|192|1|342|0|334|
209|355|192|1|343|0|334|
209|354|192|1|342|0|334|
209|357|192|1|342|0|334|
209|357|96|1|342|0|334|
209|358|288|1|343|0|334|
209|378|288|1|363|0|333|
209|355|192|1|340|0|333|
209|355|192|1|340|0|333|
209|305|192|1|311|0|332|
209|358|192|1|343|0|334|
209|569|288|1|590|0|546|
209|355|192|1|344|0|334|
209|569|288|1|592|0|546|
209|354|192|1|342|0|334|
209|357|192|1|343|0|334|
209|572|288|1|591|0|546|
209|357|192|1|342|0|334|
209|354|192|1|342|0|334|
209|572|288|1|595|0|546|
209|354|192|1|342|0|334|
209|355|192|1|344|0|334|
209|357|192|1|343|0|334|
209|512|288|1|560|0|544|
209|302|96|1|311|0|332|
209|358|192|1|343|0|334|
