INSTRUCTIONS_RETIRED|CYCLES|UNKNOWN|LD_BLOCKS.STORE_FORWARD|UOPS_EXECUTED.THREAD|BR_MISP_RETIRED.ALL_BRANCHES|UOPS_RETIRED.ANY|
56|149|0|1|158|0|179|
56|201|0|1|196|0|181|
56|151|96|1|158|0|179|
56|152|96|1|158|0|179|
56|204|96|1|194|0|181|
56|201|96|1|194|0|181|
56|201|96|1|194|0|181|
56|201|96|1|194|0|181|
56|205|96|1|196|0|181|
56|204|96|1|194|0|181|
56|201|96|1|194|0|181|
56|225|96|2|203|0|181|
56|202|96|1|196|0|181|
56|148|96|1|158|0|179|
56|204|96|1|196|0|181|
56|149|96|1|158|0|179|
56|202|96|1|196|0|181|
56|204|96|1|196|0|181|
56|202|96|1|196|0|181|
56|202|96|1|196|0|181|
56|202|96|1|196|0|181|
56|211|96|1|196|0|181|
56|148|0|1|158|0|179|
56|205|96|1|196|0|181|
56|205|192|1|196|0|181|
56|206|96|1|196|0|181|
56|201|192|1|194|0|181|
56|201|192|1|194|0|181|
56|204|96|1|196|0|181|
56|151|0|1|158|0|179|
56|202|96|1|196|0|181|
56|202|96|1|196|0|181|
56|202|96|1|196|0|181|
56|205|96|1|196|0|181|
56|202|96|1|196|0|181|
56|202|96|1|196|0|181|
56|205|96|1|196|0|181|
56|201|96|1|196|0|181|
56|205|96|1|196|0|181|
56|205|96|1|196|0|181|
56|204|96|1|196|0|181|
56|204|96|1|194|0|181|
56|204|96|1|196|0|181|
56|215|192|1|199|0|185|
56|204|96|1|194|0|181|
56|201|96|1|194|0|181|
56|201|96|1|196|0|181|
56|204|96|1|196|0|181|
56|202|192|1|194|0|180|
56|204|96|1|194|0|181|
56|203|96|1|196|0|181|
56|205|96|1|196|0|181|
56|204|96|1|194|0|181|
56|204|192|1|196|0|181|
56|201|96|1|194|0|181|
56|205|96|1|199|0|181|
56|205|192|1|196|0|181|
56|201|96|1|194|0|181|
56|202|96|1|196|0|181|
56|204|96|1|194|0|181|
56|201|96|1|194|0|181|
56|152|96|1|158|0|179|
56|204|192|1|194|0|181|
56|200|96|1|194|0|180|
56|152|96|1|158|0|179|
56|205|96|1|199|0|181|
56|202|96|1|199|0|181|
56|201|96|1|194|0|181|
56|204|96|1|194|0|181|
56|204|96|1|196|0|181|
56|204|96|1|194|0|181|
56|204|96|1|196|0|181|
56|201|96|1|194|0|181|
56|204|96|1|194|0|181|
56|204|96|1|194|0|181|
56|204|96|1|194|0|181|
56|152|96|1|158|0|179|
56|201|96|1|194|0|181|
56|149|0|1|158|0|179|
56|204|96|1|194|0|181|
56|149|0|1|158|0|179|
56|201|96|1|194|0|181|
56|149|96|1|158|0|179|
56|201|96|1|194|0|181|
56|204|96|1|194|0|181|
56|204|96|1|196|0|181|
56|205|96|1|199|0|181|
56|204|96|1|196|0|181|
56|204|96|1|194|0|181|
56|205|96|1|196|0|181|
56|152|96|1|158|0|179|
56|205|192|1|196|0|181|
56|201|96|1|194|0|181|
56|151|96|1|158|0|179|
56|202|96|1|199|0|181|
56|205|96|1|199|0|181|
56|201|96|1|194|0|181|
56|205|96|1|199|0|181|
56|204|96|1|196|0|181|
56|205|96|1|196|0|181|
56|204|96|1|194|0|181|
56|151|0|1|158|0|179|
56|201|96|1|194|0|181|
56|201|96|1|194|0|181|
56|201|96|1|194|0|181|
56|204|192|1|194|0|181|
56|204|96|1|194|0|181|
56|148|96|1|158|0|179|
56|204|96|1|194|0|181|
56|204|96|1|194|0|181|
56|201|96|1|194|0|181|
56|202|96|1|196|0|181|
56|150|96|1|156|0|178|
56|205|96|1|199|0|181|
56|205|96|1|196|0|181|
56|205|96|1|196|0|181|
56|205|96|1|196|0|181|
56|205|96|1|196|0|181|
56|205|96|1|196|0|181|
56|205|192|1|196|0|181|
56|201|96|1|194|0|181|
56|234|96|1|184|0|181|
56|204|96|1|194|0|181|
56|201|96|1|194|0|181|
56|204|96|1|194|0|181|
56|201|96|1|194|0|181|
56|201|96|1|194|0|181|
56|201|96|1|194|0|181|
56|204|192|1|196|0|181|
56|205|96|1|196|0|181|
56|201|96|1|194|0|181|
56|201|96|1|194|0|181|
56|201|96|1|194|0|181|
56|152|0|1|158|0|179|
56|202|96|1|196|0|181|
56|205|96|1|196|0|181|
56|202|96|1|196|0|181|
56|202|96|1|196|0|181|
56|152|0|1|158|0|179|
56|204|96|1|194|0|181|
56|201|96|1|194|0|181|
56|201|96|1|194|0|181|
56|204|96|1|194|0|181|
56|204|96|1|196|0|181|
56|204|96|1|194|0|181|
56|205|96|1|199|0|181|
56|204|96|1|194|0|181|
56|149|96|1|158|0|179|
56|205|192|1|196|0|181|
56|205|96|1|196|0|181|
56|204|96|1|196|0|181|
56|162|96|1|158|0|179|
56|201|96|1|196|0|181|
56|202|96|1|196|0|181|
56|205|96|1|196|0|181|
56|205|96|1|196|0|181|
56|205|96|1|196|0|181|
56|205|96|1|196|0|181|
56|205|96|1|196|0|181|
56|204|96|1|196|0|181|
56|202|192|1|196|0|181|
56|202|192|1|199|0|181|
56|204|96|1|194|0|181|
56|202|96|1|196|0|181|
56|148|96|1|158|0|179|
56|152|0|1|158|0|179|
56|205|96|1|196|0|181|
56|205|192|1|196|0|181|
56|204|192|1|196|0|181|
56|205|96|1|196|0|181|
56|205|96|1|196|0|181|
56|205|96|1|196|0|181|
56|205|96|1|196|0|181|
56|205|96|1|196|0|181|
56|202|96|1|196|0|181|
56|204|96|1|196|0|181|
56|204|96|1|196|0|181|
56|204|96|1|196|0|181|
56|202|96|1|196|0|181|
56|202|96|1|196|0|181|
56|204|96|1|194|0|181|
56|201|96|1|194|0|181|
56|204|96|1|194|0|181|
56|201|96|1|194|0|181|
56|205|96|1|196|0|181|
56|204|96|1|194|0|181|
56|202|96|1|196|0|181|
56|202|96|1|196|0|181|
56|199|96|1|192|0|180|
56|202|96|1|196|0|181|
56|205|96|1|196|0|181|
56|202|96|1|196|0|181|
56|205|96|1|196|0|181|
56|151|0|1|158|0|179|
56|205|96|1|196|0|181|
56|202|96|1|196|0|181|
56|201|192|1|196|0|181|
56|202|96|1|196|0|181|
56|204|192|1|196|0|181|
56|151|0|1|158|0|179|
56|152|96|1|158|0|179|
56|152|0|1|158|0|179|
56|205|96|1|196|0|181|
56|202|96|1|196|0|181|
56|204|96|1|196|0|181|
56|199|96|1|192|0|180|
56|205|192|1|196|0|181|
56|148|96|1|158|0|179|
56|204|96|1|196|0|181|
56|204|96|1|196|0|181|
56|205|96|1|196|0|181|
56|202|96|1|196|0|181|
56|152|96|1|158|0|179|
56|152|96|1|158|0|179|
56|205|96|1|196|0|181|
56|201|192|1|196|0|181|
56|205|96|1|196|0|181|
56|202|96|1|196|0|181|
56|205|96|1|196|0|181|
56|204|96|1|196|0|181|
56|202|96|1|196|0|181|
56|202|96|1|196|0|181|
56|202|96|1|196|0|181|
56|205|96|1|196|0|181|
56|202|96|1|196|0|181|
56|205|0|1|196|0|181|
56|205|96|1|199|0|181|
56|205|96|1|196|0|181|
56|202|96|1|194|0|181|
56|204|96|1|196|0|181|
56|201|96|1|196|0|181|
56|204|96|1|194|0|181|
56|152|96|1|158|0|179|
56|202|96|1|196|0|181|
56|205|96|1|196|0|181|
56|202|96|1|196|0|181|
56|204|96|1|196|0|181|
56|152|96|1|158|0|179|
56|202|96|1|196|0|181|
56|202|96|1|196|0|181|
56|202|96|1|196|0|181|
56|149|96|1|158|0|179|
56|205|96|1|196|0|181|
56|148|96|1|158|0|179|
56|205|96|1|196|0|181|
56|149|0|1|158|0|179|
56|202|96|1|196|0|181|
56|202|96|1|196|0|181|
56|202|96|1|196|0|181|
56|151|96|1|158|0|179|
56|205|96|1|196|0|181|
56|151|96|1|158|0|179|
56|204|96|1|194|0|181|
56|205|96|1|199|0|181|
56|149|96|1|158|0|179|
56|204|192|1|196|0|181|
56|202|96|1|196|0|181|
56|204|96|1|196|0|181|
56|202|96|1|196|0|181|
56|205|96|1|196|0|181|
56|202|96|1|196|0|181|
56|201|96|1|196|0|181|
56|200|0|1|194|0|180|
56|205|192|1|196|0|181|
56|201|96|1|196|0|181|
56|202|96|1|196|0|181|
56|205|96|1|196|0|181|
56|202|0|1|196|0|181|
56|204|96|1|196|0|181|
56|204|96|1|196|0|181|
56|199|192|1|192|0|180|
56|201|96|1|196|0|181|
56|150|96|1|156|0|178|
56|205|192|1|196|0|181|
56|204|96|1|196|0|181|
56|205|96|1|196|0|181|
56|205|96|1|199|0|181|
56|205|96|1|196|0|181|
56|204|96|1|196|0|181|
56|212|96|2|203|0|181|
56|204|96|1|196|0|181|
56|204|96|1|196|0|181|
56|204|96|1|194|0|181|
56|201|96|1|194|0|181|
56|201|96|1|194|0|181|
56|202|192|1|192|0|180|
56|201|96|1|194|0|181|
56|204|96|1|194|0|181|
56|218|192|2|203|0|181|
56|152|96|1|158|0|179|
56|201|96|1|196|0|181|
56|204|96|1|194|0|181|
56|204|96|1|194|0|181|
56|204|192|1|196|0|181|
56|204|96|1|196|0|181|
56|204|96|1|196|0|181|
56|204|96|1|194|0|181|
56|204|96|1|194|0|181|
56|201|96|1|194|0|181|
56|201|96|1|194|0|181|
56|204|96|1|194|0|181|
56|204|96|1|196|0|181|
56|204|96|1|196|0|181|
56|233|96|2|203|0|181|
56|204|192|1|194|0|181|
56|204|192|1|196|0|181|
56|416|192|1|447|0|393|
56|205|96|1|196|0|181|
56|204|96|1|196|0|181|
56|419|192|1|451|0|390|
56|149|96|1|158|0|179|
56|202|96|1|196|0|181|
56|204|192|1|196|0|181|
56|204|96|1|196|0|181|
56|416|288|1|451|0|390|
56|414|192|1|447|0|393|
56|201|96|1|196|0|181|
56|202|96|1|196|0|181|
56|415|192|1|447|0|390|
56|415|192|1|446|0|393|
56|419|192|1|449|0|393|
56|204|96|1|196|0|181|
56|204|96|1|196|0|181|
56|202|96|1|196|0|181|
56|148|96|1|158|0|179|
56|205|96|1|196|0|181|
56|201|96|1|196|0|181|
56|205|96|1|194|0|181|
56|204|96|1|194|0|181|
56|202|96|1|196|0|181|
56|204|96|1|196|0|181|
56|205|96|1|196|0|181|
56|152|0|1|158|0|179|
56|205|192|1|196|0|181|
56|204|96|1|194|0|181|
56|152|96|1|158|0|179|
56|204|96|1|194|0|181|
56|201|96|1|194|0|181|
56|201|96|1|194|0|181|
56|205|96|1|194|0|181|
56|201|96|1|194|0|181|
56|148|96|1|158|0|179|
56|202|96|1|196|0|181|
56|152|96|1|158|0|179|
56|204|96|1|196|0|181|
56|202|96|1|196|0|181|
56|204|96|1|196|0|181|
56|205|96|1|196|0|181|
56|202|96|1|196|0|181|
56|204|96|1|196|0|181|
56|202|96|1|196|0|181|
56|205|96|1|196|0|181|
56|202|96|1|196|0|181|
56|204|96|1|196|0|181|
56|205|96|1|196|0|181|
56|205|96|1|199|0|181|
56|202|96|1|199|0|181|
56|201|96|1|194|0|181|
56|201|96|1|194|0|181|
56|202|96|1|196|0|181|
56|204|96|1|194|0|181|
56|204|96|1|194|0|181|
56|201|96|1|194|0|181|
56|201|96|1|194|0|181|
56|205|96|1|196|0|181|
56|205|96|1|199|0|181|
56|202|96|1|196|0|181|
56|201|96|1|196|0|181|
56|201|96|1|194|0|181|
56|204|96|1|194|0|181|
56|201|96|1|196|0|181|
56|205|96|1|199|0|181|
56|202|96|1|196|0|181|
56|204|96|1|194|0|181|
56|204|192|1|196|0|181|
56|202|96|1|196|0|181|
56|201|96|1|194|0|181|
56|202|96|1|199|0|181|
56|201|96|1|194|0|181|
56|204|96|1|194|0|181|
56|202|96|1|196|0|181|
56|202|192|1|196|0|181|
56|202|96|1|196|0|181|
56|204|192|1|196|0|181|
56|201|96|1|196|0|181|
56|204|96|1|196|0|181|
56|205|96|1|196|0|181|
56|204|96|1|196|0|181|
56|205|96|1|196|0|181|
56|204|96|1|196|0|181|
56|202|192|1|196|0|181|
56|202|96|1|195|0|177|
56|202|96|1|196|0|181|
56|205|96|1|196|0|181|
56|202|96|1|196|0|181|
56|205|96|1|196|0|181|
56|201|96|1|194|0|181|
56|202|96|1|196|0|181|
56|205|96|1|196|0|181|
56|201|96|1|196|0|181|
56|201|96|1|196|0|181|
56|202|96|1|196|0|181|
56|149|96|1|158|0|179|
56|204|96|1|196|0|181|
56|204|96|1|196|0|181|
56|204|96|1|196|0|181|
56|204|96|1|196|0|181|
56|205|96|1|196|0|181|
56|205|96|1|196|0|181|
56|152|96|1|158|0|179|
56|205|96|1|196|0|181|
56|205|96|1|196|0|181|
56|205|96|1|196|0|181|
56|205|96|1|196|0|181|
56|205|96|1|196|0|181|
56|205|96|1|196|0|181|
56|201|96|1|196|0|181|
56|205|0|1|196|0|181|
56|201|96|1|196|0|181|
56|204|96|1|196|0|181|
56|201|96|1|194|0|181|
56|201|96|1|194|0|181|
56|204|96|1|196|0|181|
56|205|96|1|196|0|181|
56|204|96|1|194|0|181|
56|204|96|1|194|0|181|
56|204|96|1|194|0|181|
56|201|96|1|196|0|181|
56|205|96|1|196|0|181|
56|205|96|1|196|0|181|
56|201|0|1|194|0|181|
56|202|96|1|196|0|181|
56|201|96|1|194|0|181|
56|201|96|1|196|0|181|
56|151|96|1|158|0|179|
56|205|96|1|196|0|181|
56|205|96|1|196|0|181|
56|205|96|1|196|0|181|
56|202|96|1|196|0|181|
56|199|96|1|194|0|180|
56|201|96|1|196|0|181|
56|204|96|1|194|0|181|
56|201|96|1|194|0|181|
56|204|96|1|194|0|181|
56|204|96|1|194|0|181|
56|204|96|1|194|0|181|
56|201|0|1|194|0|181|
56|201|192|1|194|0|181|
56|204|96|1|194|0|181|
56|204|96|1|194|0|181|
56|204|192|1|196|0|181|
56|204|96|1|196|0|181|
56|152|96|1|158|0|179|
56|201|96|1|194|0|181|
56|204|96|1|194|0|181|
56|202|96|1|199|0|181|
56|152|0|1|158|0|179|
56|152|96|1|158|0|179|
56|204|96|1|194|0|181|
56|204|0|1|194|0|181|
56|204|96|1|194|0|181|
56|204|96|1|194|0|181|
56|204|96|1|194|0|181|
56|204|96|1|194|0|181|
56|202|96|1|194|0|181|
56|204|96|1|194|0|181|
56|204|96|1|194|0|181|
56|204|96|1|194|0|181|
56|201|96|1|194|0|181|
56|204|96|1|194|0|181|
56|202|96|1|199|0|181|
56|205|96|1|196|0|181|
56|205|96|1|196|0|181|
56|202|96|1|196|0|181|
56|201|192|1|194|0|181|
56|202|96|1|196|0|181|
56|202|96|1|196|0|181|
56|205|96|1|196|0|181|
56|201|96|1|194|0|181|
56|205|96|1|196|0|181|
56|201|96|1|194|0|181|
56|202|96|1|196|0|181|
56|204|96|1|194|0|181|
56|205|96|1|196|0|181|
56|205|96|1|196|0|181|
56|201|96|1|196|0|181|
56|204|96|1|196|0|181|
56|205|192|1|196|0|181|
56|205|96|1|196|0|181|
56|205|96|1|196|0|181|
56|205|96|1|199|0|181|
56|204|96|1|194|0|181|
56|202|96|1|199|0|181|
56|202|96|1|196|0|181|
56|205|96|1|196|0|181|
56|149|0|1|158|0|179|
56|205|96|1|196|0|181|
56|202|96|1|196|0|181|
56|201|96|1|194|0|181|
56|204|96|1|194|0|181|
56|201|96|1|194|0|181|
56|201|96|1|194|0|181|
56|204|96|1|194|0|181|
56|205|96|1|199|0|181|
56|205|96|1|196|0|181|
56|204|96|1|194|0|181|
56|201|96|1|194|0|181|
56|204|96|1|196|0|181|
56|201|96|1|194|0|181|
56|205|96|1|199|0|181|
56|204|96|1|196|0|181|
56|235|96|2|203|0|181|
56|205|192|1|199|0|181|
56|205|96|1|196|0|181|
56|205|96|1|199|0|181|
56|204|96|1|194|0|181|
56|202|96|1|199|0|181|
56|204|96|1|196|0|181|
56|204|96|1|196|0|181|
56|205|96|1|196|0|181|
56|201|96|1|194|0|181|
56|201|96|1|194|0|181|
56|205|96|1|196|0|181|
56|205|96|1|199|0|181|
56|201|96|1|196|0|181|
56|204|96|1|196|0|181|
56|202|96|1|199|0|181|
56|202|192|1|196|0|181|
56|204|96|1|194|0|181|
56|201|192|1|194|0|181|
56|204|192|1|196|0|181|
56|152|96|1|158|0|179|
56|202|192|1|199|0|181|
56|201|96|1|196|0|181|
56|205|192|1|196|0|181|
56|205|192|1|196|0|181|
56|199|96|1|192|0|180|
56|205|96|1|196|0|181|
56|205|96|1|196|0|181|
56|204|96|1|196|0|181|
56|205|96|1|196|0|181|
56|204|96|1|196|0|181|
56|204|96|1|196|0|181|
56|205|96|1|196|0|181|
56|202|96|1|196|0|181|
56|205|96|1|196|0|181|
56|204|96|1|196|0|181|
56|202|96|1|196|0|181|
56|203|96|1|196|0|181|
56|205|96|1|196|0|181|
56|202|96|1|196|0|181|
56|202|96|1|196|0|181|
56|201|96|1|194|0|181|
56|201|96|1|194|0|181|
56|201|96|1|194|0|181|
56|201|96|1|196|0|181|
56|201|96|1|194|0|181|
56|204|192|1|194|0|181|
56|152|96|1|158|0|179|
56|204|96|1|194|0|181|
56|204|96|1|194|0|181|
56|204|96|1|194|0|181|
56|201|192|1|194|0|181|
56|201|96|1|194|0|181|
56|204|96|1|196|0|181|
56|204|96|1|194|0|181|
56|204|96|1|194|0|181|
56|204|192|1|196|0|181|
56|152|96|1|158|0|179|
56|201|96|1|196|0|181|
56|202|96|1|196|0|181|
56|205|96|1|196|0|181|
56|201|192|1|194|0|181|
56|152|0|1|158|0|179|
56|204|96|1|194|0|181|
56|159|96|1|160|0|181|
56|204|96|1|196|0|181|
56|202|96|1|196|0|181|
56|202|96|1|196|0|181|
56|201|96|1|196|0|181|
56|205|96|1|196|0|181|
56|202|192|1|196|0|181|
56|202|96|1|196|0|181|
56|202|96|1|196|0|181|
56|202|96|1|196|0|181|
56|149|96|1|158|0|179|
56|204|96|1|196|0|181|
56|201|96|1|196|0|181|
56|202|96|1|196|0|181|
56|204|96|1|196|0|181|
56|204|96|1|196|0|181|
56|202|96|1|196|0|181|
56|201|96|1|196|0|181|
56|202|96|1|196|0|181|
56|204|96|1|196|0|181|
56|204|96|1|196|0|181|
56|204|96|1|196|0|181|
56|205|96|1|196|0|181|
56|202|96|1|196|0|181|
56|202|96|1|196|0|181|
56|201|96|1|196|0|181|
56|205|96|1|196|0|181|
56|201|96|1|196|0|181|
56|204|96|1|196|0|181|
56|204|96|1|196|0|181|
56|201|192|1|196|0|181|
56|204|192|1|196|0|181|
56|204|96|1|196|0|181|
56|204|96|1|196|0|181|
56|205|96|1|196|0|181|
56|202|96|1|196|0|181|
56|242|96|1|181|0|180|
56|204|96|1|194|0|181|
56|151|96|1|158|0|179|
56|201|96|1|194|0|181|
56|149|96|1|158|0|179|
56|204|96|1|196|0|181|
56|202|192|1|196|0|181|
56|201|96|1|194|0|181|
56|204|96|1|196|0|181|
56|205|96|1|196|0|181|
56|205|96|1|196|0|181|
56|239|96|2|203|0|181|
56|205|96|1|199|0|181|
56|204|96|1|196|0|181|
56|201|96|1|194|0|181|
56|151|96|1|158|0|179|
56|204|96|1|194|0|181|
56|202|96|1|199|0|181|
56|202|96|1|199|0|181|
56|205|96|1|199|0|181|
56|201|96|1|194|0|181|
56|201|96|1|194|0|181|
56|204|96|1|194|0|181|
56|204|96|1|194|0|181|
56|204|96|1|194|0|181|
56|149|0|1|158|0|179|
56|205|96|1|194|0|181|
56|204|96|1|194|0|181|
56|201|96|1|194|0|181|
56|204|96|1|196|0|181|
56|202|96|1|199|0|181|
56|202|96|1|199|0|181|
56|151|96|1|158|0|179|
56|201|96|1|196|0|181|
56|201|96|1|194|0|181|
56|204|96|1|194|0|181|
56|201|96|1|194|0|181|
56|204|96|1|194|0|181|
56|205|96|1|196|0|181|
56|205|192|1|199|0|181|
56|204|96|1|194|0|181|
56|205|96|1|196|0|181|
56|202|96|1|196|0|181|
56|205|96|1|196|0|181|
56|204|96|1|194|0|181|
56|204|96|1|196|0|181|
56|205|192|1|196|0|181|
56|202|192|1|196|0|181|
56|204|192|1|196|0|181|
56|203|96|1|195|0|177|
56|202|96|1|196|0|181|
56|204|96|1|196|0|181|
56|204|96|1|196|0|181|
56|148|96|1|158|0|179|
56|202|96|1|196|0|181|
56|205|96|1|196|0|181|
56|202|96|1|196|0|181|
56|205|192|1|196|0|181|
56|205|96|1|196|0|181|
56|202|96|1|196|0|181|
56|201|96|1|194|0|181|
56|204|96|1|194|0|181|
56|205|96|1|196|0|181|
56|201|96|1|196|0|181|
56|149|96|1|158|0|179|
56|202|96|1|199|0|181|
56|201|96|1|196|0|181|
56|202|192|1|196|0|181|
56|201|96|1|196|0|181|
56|205|96|1|196|0|181|
56|201|96|1|194|0|181|
56|204|96|1|196|0|181|
56|199|96|1|193|0|177|
56|205|96|1|196|0|181|
56|205|96|1|196|0|181|
56|202|96|1|196|0|181|
56|202|96|1|199|0|181|
56|205|96|1|199|0|181|
56|205|96|1|196|0|181|
56|202|192|1|196|0|181|
56|205|96|1|199|0|181|
56|148|96|1|158|0|179|
56|202|96|1|196|0|181|
56|202|96|1|196|0|181|
56|202|96|1|196|0|181|
56|204|96|1|196|0|181|
56|202|192|1|196|0|181|
56|202|96|1|196|0|181|
56|149|0|1|158|0|179|
56|214|192|2|203|0|181|
56|201|192|1|196|0|181|
56|201|96|1|196|0|181|
56|202|96|1|196|0|181|
56|202|96|1|196|0|181|
56|202|96|1|196|0|181|
56|201|96|1|196|0|181|
56|201|96|1|194|0|181|
56|201|192|1|194|0|181|
56|204|96|1|196|0|181|
56|204|96|1|194|0|181|
56|204|96|1|196|0|181|
56|204|96|1|194|0|181|
56|201|96|1|194|0|181|
56|201|96|1|194|0|181|
56|152|0|1|158|0|179|
56|204|96|1|196|0|181|
56|204|96|1|196|0|181|
56|201|96|1|194|0|181|
56|202|96|1|196|0|181|
56|202|96|1|196|0|181|
56|151|96|1|158|0|179|
56|204|96|1|196|0|181|
56|149|96|1|158|0|179|
56|205|96|1|196|0|181|
56|205|96|1|157|0|179|
56|202|96|1|199|0|181|
56|204|96|1|194|0|181|
56|204|96|1|196|0|181|
56|152|96|1|158|0|179|
56|204|96|1|194|0|181|
56|201|96|1|194|0|181|
56|204|96|1|194|0|181|
56|202|96|1|199|0|181|
56|152|96|1|158|0|179|
56|204|96|1|194|0|181|
56|152|96|1|158|0|179|
56|205|96|1|196|0|181|
56|202|96|1|196|0|181|
56|152|0|1|158|0|179|
56|202|96|1|196|0|181|
56|202|96|1|196|0|181|
56|202|96|1|196|0|181|
56|204|96|1|196|0|181|
56|204|96|1|196|0|181|
56|201|96|1|196|0|181|
56|205|96|1|196|0|181|
56|204|96|1|196|0|181|
56|204|96|1|196|0|181|
56|201|96|1|194|0|181|
56|205|96|1|196|0|181|
56|205|96|1|196|0|181|
56|202|96|1|196|0|181|
56|201|96|1|196|0|181|
56|202|96|1|196|0|181|
56|205|96|1|196|0|181|
56|201|96|1|196|0|181|
56|205|96|1|196|0|181|
56|205|96|1|196|0|181|
56|202|96|1|196|0|181|
56|202|96|1|196|0|181|
56|202|192|1|196|0|181|
56|202|96|1|196|0|181|
56|205|96|1|199|0|181|
56|205|96|1|199|0|181|
56|199|96|1|192|0|180|
56|204|96|1|196|0|181|
56|201|0|1|194|0|181|
56|204|96|1|194|0|181|
56|204|96|1|196|0|181|
56|205|96|1|199|0|181|
56|202|96|1|199|0|181|
56|202|96|1|196|0|181|
56|205|96|1|196|0|181|
56|201|96|1|194|0|181|
56|205|96|1|199|0|181|
56|201|96|1|194|0|181|
56|205|96|1|199|0|181|
56|149|0|1|158|0|179|
56|205|96|1|196|0|181|
56|205|96|1|199|0|181|
56|205|96|1|196|0|181|
56|205|192|1|196|0|181|
56|204|192|1|194|0|181|
56|204|96|1|194|0|181|
56|201|96|1|194|0|181|
56|201|96|1|194|0|181|
56|151|96|1|158|0|179|
56|201|96|1|196|0|181|
56|205|96|1|196|0|181|
56|204|96|1|194|0|181|
56|204|96|1|194|0|181|
56|204|96|1|196|0|181|
56|202|96|1|196|0|181|
56|152|96|1|158|0|179|
56|204|96|1|196|0|181|
56|201|96|1|194|0|181|
56|204|96|1|196|0|181|
56|201|96|1|196|0|181|
56|205|96|1|199|0|181|
56|202|96|1|196|0|181|
56|201|96|1|194|0|181|
56|204|96|1|196|0|181|
56|201|96|1|194|0|181|
56|201|96|1|196|0|181|
56|149|96|1|158|0|179|
56|201|96|1|194|0|181|
56|204|96|1|194|0|181|
56|201|0|1|194|0|181|
56|201|192|1|194|0|181|
56|199|96|1|192|0|180|
56|204|96|1|194|0|181|
56|201|96|1|194|0|181|
56|201|192|1|194|0|181|
56|204|96|1|194|0|181|
56|204|96|1|194|0|181|
56|202|96|1|196|0|181|
56|205|96|1|196|0|181|
56|204|96|1|196|0|181|
56|202|96|1|196|0|181|
56|205|192|1|196|0|181|
56|201|96|1|194|0|181|
56|201|96|1|194|0|181|
56|201|96|1|194|0|181|
56|204|96|1|196|0|181|
56|204|96|1|194|0|181|
56|199|96|1|193|0|177|
56|204|192|1|194|0|181|
56|202|192|1|199|0|181|
56|205|96|1|199|0|181|
56|201|96|1|194|0|181|
56|204|96|1|194|0|181|
56|148|96|1|158|0|179|
56|201|96|1|194|0|181|
56|201|96|1|194|0|181|
56|204|96|1|194|0|181|
56|220|96|2|203|0|181|
56|201|96|1|194|0|181|
56|203|96|1|199|0|181|
56|201|96|1|194|0|181|
56|204|96|1|196|0|181|
56|201|96|1|194|0|181|
56|202|192|1|199|0|181|
56|204|96|1|194|0|181|
56|201|96|1|194|0|181|
56|204|96|1|194|0|181|
56|152|96|1|158|0|179|
56|204|96|1|194|0|181|
56|235|96|2|203|0|181|
56|205|96|1|196|0|181|
56|201|96|1|194|0|181|
56|201|96|1|196|0|181|
56|204|96|1|196|0|181|
56|205|96|1|196|0|181|
56|148|96|1|158|0|179|
56|204|96|1|196|0|181|
56|152|96|1|158|0|179|
56|202|96|1|196|0|181|
56|204|96|1|196|0|181|
56|201|96|1|196|0|181|
56|201|96|1|196|0|181|
56|202|96|1|196|0|181|
56|205|96|1|196|0|181|
56|205|96|1|196|0|181|
56|206|0|1|196|0|181|
56|204|96|1|196|0|181|
56|202|96|1|196|0|181|
56|205|96|1|196|0|181|
56|204|96|1|196|0|181|
56|199|96|1|192|0|180|
56|204|96|1|194|0|181|
56|204|192|1|196|0|181|
56|204|0|1|194|0|181|
56|201|96|1|194|0|181|
56|204|96|1|196|0|181|
56|204|96|1|196|0|181|
56|204|96|1|194|0|181|
56|204|96|1|194|0|181|
56|204|96|1|194|0|181|
56|202|96|1|196|0|181|
56|201|96|1|194|0|181|
56|205|192|1|199|0|181|
56|205|96|1|196|0|181|
56|202|96|1|196|0|181|
56|201|96|1|194|0|181|
56|201|96|1|194|0|181|
56|205|96|1|199|0|181|
56|204|96|1|196|0|181|
56|202|96|1|199|0|181|
56|148|0|1|158|0|179|
56|202|96|1|196|0|181|
56|149|0|1|158|0|179|
56|204|192|1|194|0|181|
56|202|96|1|196|0|181|
56|230|96|2|203|0|181|
56|149|96|1|158|0|179|
56|204|96|1|194|0|181|
56|204|192|1|196|0|181|
56|201|96|1|194|0|181|
56|201|192|1|196|0|181|
56|201|96|1|194|0|181|
56|201|96|1|194|0|181|
56|151|96|1|158|0|179|
56|204|96|1|194|0|181|
56|204|96|1|196|0|181|
56|201|96|1|194|0|181|
56|204|96|1|194|0|181|
56|201|96|1|194|0|181|
56|201|96|1|194|0|181|
56|201|96|1|194|0|181|
56|201|96|1|194|0|181|
56|204|96|1|196|0|181|
56|199|96|1|192|0|180|
56|201|96|1|194|0|181|
56|204|192|1|194|0|181|
56|201|96|1|196|0|181|
56|199|192|1|192|0|180|
56|201|96|1|194|0|181|
56|202|96|1|194|0|181|
56|201|96|1|194|0|181|
56|201|192|1|194|0|181|
56|204|96|1|194|0|181|
56|202|96|1|196|0|181|
56|148|0|1|158|0|179|
56|204|192|1|194|0|181|
56|204|96|1|194|0|181|
56|201|96|1|194|0|181|
56|204|96|1|194|0|181|
56|204|96|1|196|0|181|
56|205|96|1|199|0|181|
56|204|96|1|196|0|181|
56|202|96|1|199|0|181|
56|149|96|1|158|0|179|
56|204|96|1|194|0|181|
56|201|96|1|194|0|181|
56|201|96|1|196|0|181|
56|202|96|1|199|0|181|
56|201|96|1|194|0|181|
56|201|96|1|194|0|181|
56|204|96|1|194|0|181|
56|201|96|1|194|0|181|
56|151|0|1|158|0|179|
56|204|192|1|196|0|181|
56|204|96|1|196|0|181|
56|205|96|1|196|0|181|
56|204|96|1|194|0|181|
56|204|96|1|194|0|181|
56|201|96|1|194|0|181|
56|204|96|1|194|0|181|
56|205|96|1|196|0|181|
56|204|96|1|196|0|181|
56|204|0|1|194|0|181|
56|202|96|1|199|0|181|
56|201|96|1|194|0|181|
56|205|192|1|199|0|181|
56|152|96|1|158|0|179|
56|205|96|1|199|0|181|
56|204|96|1|196|0|181|
56|202|192|1|199|0|181|
56|205|96|1|199|0|181|
56|201|96|1|194|0|181|
56|204|96|1|194|0|181|
56|204|96|1|194|0|181|
56|201|96|1|194|0|181|
56|204|96|1|196|0|181|
56|201|96|1|196|0|181|
56|202|96|1|196|0|181|
56|204|96|1|194|0|181|
56|202|96|1|196|0|181|
56|202|192|1|196|0|181|
56|205|96|1|196|0|181|
56|149|96|1|158|0|179|
56|204|96|1|194|0|181|
56|205|96|1|199|0|181|
56|201|96|1|196|0|181|
56|148|96|1|158|0|179|
56|205|96|1|196|0|181|
56|205|96|1|196|0|181|
56|201|96|1|196|0|181|
56|199|96|1|193|0|177|
56|201|96|1|196|0|181|
56|205|96|1|196|0|181|
56|202|96|1|196|0|181|
56|148|0|1|158|0|179|
56|204|96|1|196|0|181|
56|202|96|1|196|0|181|
56|205|96|1|196|0|181|
56|205|96|1|196|0|181|
56|202|96|1|196|0|181|
56|152|96|1|158|0|179|
56|206|96|1|196|0|181|
56|201|96|1|194|0|181|
56|205|96|1|196|0|181|
56|205|96|1|196|0|181|
56|202|96|1|196|0|181|
56|202|96|1|196|0|181|
56|201|96|1|196|0|181|
56|204|96|1|196|0|181|
56|204|96|1|196|0|181|
56|205|96|1|196|0|181|
