INSTRUCTIONS_RETIRED|CYCLES|UNKNOWN|LD_BLOCKS.STORE_FORWARD|UOPS_EXECUTED.THREAD|BR_MISP_RETIRED.ALL_BRANCHES|UOPS_RETIRED.ANY|
149|245|96|1|251|0|272|
149|297|96|1|283|0|274|
149|297|192|1|283|0|274|
149|298|96|1|283|0|274|
149|298|96|1|283|0|274|
149|298|96|1|283|0|274|
149|298|96|1|284|0|274|
149|297|96|1|282|0|274|
149|297|96|1|282|0|274|
149|295|96|1|280|0|273|
149|245|96|1|251|0|272|
149|297|192|1|283|0|274|
149|294|96|1|282|0|274|
149|297|96|1|283|0|274|
149|294|192|1|282|0|274|
149|297|192|1|282|0|274|
149|242|96|1|251|0|272|
149|297|96|1|282|0|274|
149|245|96|1|251|0|272|
149|245|192|1|251|0|272|
149|297|192|1|282|0|274|
149|294|192|1|282|0|274|
149|297|96|1|283|0|274|
149|297|96|1|283|0|274|
149|295|192|1|284|0|274|
149|295|192|1|283|0|274|
149|295|192|1|283|0|274|
149|294|96|1|283|0|274|
149|295|192|1|283|0|274|
149|297|192|1|283|0|274|
149|298|192|1|284|0|274|
149|297|96|1|282|0|274|
149|298|192|1|284|0|274|
149|295|192|1|282|0|274|
149|297|96|1|282|0|274|
149|295|192|1|283|0|274|
149|297|192|1|283|0|274|
149|298|192|1|283|0|274|
149|295|96|1|283|0|274|
149|295|96|1|283|0|274|
149|294|96|1|283|0|274|
149|294|192|1|283|0|274|
149|295|192|1|283|0|274|
149|298|96|1|283|0|274|
149|294|192|1|283|0|274|
149|295|96|1|283|0|274|
149|245|96|1|251|0|272|
149|299|192|1|284|0|274|
149|297|192|1|283|0|274|
149|297|192|1|282|0|274|
149|297|192|1|282|0|274|
149|297|96|1|282|0|274|
149|298|192|1|283|0|274|
149|297|192|1|283|0|274|
149|297|96|1|282|0|274|
149|297|192|1|282|0|274|
149|295|96|1|284|0|274|
149|295|96|1|284|0|274|
149|295|192|1|283|0|274|
149|298|96|1|284|0|274|
149|297|96|1|282|0|274|
149|297|192|1|282|0|274|
149|298|192|1|284|0|274|
149|295|192|1|284|0|274|
149|295|192|1|284|0|274|
149|298|192|1|283|0|274|
149|294|192|1|283|0|274|
149|297|192|1|282|0|274|
149|298|192|1|284|0|274|
149|295|192|1|283|0|274|
149|295|192|1|283|0|274|
149|297|96|1|283|0|274|
149|294|96|1|282|0|274|
149|297|96|1|282|0|274|
149|297|192|1|283|0|274|
149|295|288|1|283|0|274|
149|295|96|1|283|0|274|
149|245|192|1|251|0|272|
149|297|96|1|282|0|274|
149|297|192|1|283|0|274|
149|294|96|1|282|0|274|
149|295|96|1|284|0|274|
149|295|96|1|283|0|274|
149|244|96|1|251|0|272|
149|295|192|1|283|0|274|
149|297|96|1|283|0|274|
149|298|96|1|283|0|274|
149|298|192|1|283|0|274|
149|295|192|1|283|0|274|
149|295|192|1|283|0|274|
149|294|96|1|283|0|274|
149|240|96|1|249|0|271|
149|245|96|1|251|0|272|
149|245|96|1|251|0|272|
149|297|192|1|283|0|274|
149|297|96|1|283|0|274|
149|298|96|1|283|0|274|
149|294|96|1|282|0|274|
149|295|96|1|283|0|274|
149|298|96|1|283|0|274|
149|298|192|1|283|0|274|
149|297|192|1|283|0|274|
149|297|96|1|283|0|274|
149|297|288|1|283|0|274|
149|298|96|1|283|0|274|
149|297|192|1|283|0|274|
149|295|96|1|283|0|274|
149|298|192|1|283|0|274|
149|298|288|1|283|0|274|
149|297|192|1|283|0|274|
149|244|96|1|251|0|272|
149|297|192|1|282|0|274|
149|297|192|1|283|0|274|
149|295|96|1|284|0|274|
149|297|192|1|282|0|274|
149|245|96|1|251|0|272|
149|294|192|1|283|0|274|
149|295|192|1|283|0|274|
149|298|192|1|283|0|274|
149|295|192|1|284|0|274|
149|294|192|1|282|0|274|
149|295|192|1|283|0|274|
149|245|96|1|251|0|272|
149|297|192|1|282|0|274|
149|298|96|1|284|0|274|
149|294|96|1|283|0|274|
149|297|192|1|282|0|274|
149|295|192|1|283|0|274|
149|298|192|1|283|0|274|
149|297|192|1|282|0|274|
149|294|96|1|282|0|274|
149|298|192|1|283|0|274|
149|298|96|1|283|0|274|
149|298|192|1|283|0|274|
149|297|192|1|282|0|274|
149|295|192|1|283|0|274|
149|295|96|1|283|0|274|
149|294|96|1|282|0|274|
149|297|192|1|282|0|274|
149|298|192|1|283|0|274|
149|297|192|1|282|0|274|
149|297|96|1|283|0|274|
149|298|192|1|282|0|274|
149|297|192|1|282|0|274|
149|297|192|1|282|0|274|
149|242|192|1|251|0|272|
149|295|96|1|284|0|274|
149|244|192|1|251|0|272|
149|295|192|1|283|0|274|
149|294|192|1|283|0|274|
149|298|192|1|283|0|274|
149|294|192|1|283|0|274|
149|294|192|1|283|0|274|
149|294|96|1|283|0|274|
149|295|96|1|283|0|274|
149|295|192|1|283|0|274|
149|297|96|1|283|0|274|
149|295|192|1|283|0|274|
149|295|192|1|283|0|274|
149|297|96|1|283|0|274|
149|295|96|1|283|0|274|
149|295|192|1|283|0|274|
149|244|96|1|251|0|272|
149|298|192|1|283|0|274|
149|294|96|1|283|0|274|
149|295|192|1|283|0|274|
149|297|192|1|282|0|274|
149|294|192|1|282|0|274|
149|294|192|1|283|0|274|
149|295|192|1|283|0|274|
149|298|96|1|283|0|274|
149|298|96|1|283|0|274|
149|297|192|1|283|0|274|
149|295|96|1|283|0|274|
149|245|96|1|251|0|272|
149|297|288|1|283|0|274|
149|241|96|1|251|0|272|
149|295|192|1|283|0|274|
149|297|192|1|283|0|274|
149|298|96|1|283|0|274|
149|295|192|1|283|0|274|
149|297|96|1|283|0|274|
149|299|96|1|283|0|274|
149|295|192|1|283|0|274|
149|297|96|1|283|0|274|
149|298|192|1|283|0|274|
149|298|192|1|283|0|274|
149|298|192|1|283|0|274|
149|298|192|1|283|0|274|
149|297|96|1|283|0|274|
149|297|96|1|282|0|274|
149|298|192|1|283|0|274|
149|246|288|1|251|0|272|
149|295|192|1|283|0|274|
149|298|192|1|283|0|274|
149|457|192|1|503|0|481|
149|297|96|1|282|0|274|
149|297|96|1|282|0|274|
149|297|96|1|283|0|274|
149|508|192|1|536|0|483|
149|454|192|1|500|0|484|
149|245|96|1|251|0|272|
149|297|192|1|282|0|274|
149|245|96|1|251|0|272|
149|509|288|1|532|0|486|
149|297|192|1|282|0|274|
149|297|192|1|282|0|274|
149|245|96|1|251|0|272|
149|508|288|1|532|0|486|
149|298|96|1|283|0|274|
149|295|96|1|283|0|274|
149|298|96|1|283|0|274|
149|509|192|1|533|0|486|
149|295|96|1|284|0|274|
149|293|192|1|282|0|273|
149|504|192|1|531|0|483|
149|292|288|1|280|0|273|
149|295|192|1|283|0|274|
149|295|96|1|283|0|274|
149|509|192|1|533|0|486|
149|245|192|1|251|0|272|
149|295|96|1|283|0|274|
149|509|192|1|532|0|486|
149|295|96|1|283|0|274|
149|295|96|1|280|0|273|
149|501|288|1|531|0|483|
149|298|192|1|283|0|274|
149|295|96|1|283|0|274|
149|295|96|1|283|0|274|
149|453|192|1|499|0|484|
149|298|96|1|283|0|274|
149|294|192|1|283|0|274|
149|510|192|1|533|0|486|
149|241|96|1|251|0|272|
149|298|96|1|283|0|274|
149|508|288|1|533|0|486|
149|298|96|1|283|0|274|
149|303|192|1|292|0|274|
149|297|192|1|283|0|274|
149|506|384|1|532|0|486|
149|298|96|1|284|0|274|
149|507|192|1|532|0|486|
149|294|96|1|283|0|274|
149|245|192|1|251|0|272|
149|297|96|1|283|0|274|
149|458|192|1|503|0|481|
149|294|192|1|282|0|274|
149|295|192|1|284|0|274|
149|241|96|1|251|0|272|
149|298|192|1|282|0|274|
149|298|96|1|284|0|274|
149|298|192|1|283|0|274|
149|292|96|1|281|0|270|
149|295|96|1|283|0|274|
149|294|96|1|282|0|274|
149|297|96|1|283|0|274|
149|245|96|1|251|0|272|
149|294|96|1|282|0|274|
149|297|192|1|282|0|274|
149|297|192|1|282|0|274|
149|298|192|1|284|0|274|
149|510|288|1|535|0|483|
149|295|96|1|284|0|274|
149|295|96|1|284|0|274|
149|297|96|1|282|0|274|
149|297|192|1|282|0|274|
149|295|192|1|283|0|274|
149|451|288|1|500|0|481|
149|298|96|1|283|0|274|
149|297|96|1|283|0|274|
149|298|96|1|283|0|274|
149|297|96|1|283|0|274|
149|509|288|1|533|0|486|
149|294|192|1|283|0|274|
149|297|192|1|283|0|274|
149|294|192|1|283|0|274|
149|244|192|1|251|0|272|
149|294|96|1|282|0|274|
149|297|192|1|283|0|274|
149|450|192|1|502|0|481|
149|294|192|1|283|0|274|
149|295|96|1|283|0|274|
149|511|192|1|534|0|483|
149|295|96|1|283|0|274|
149|294|96|1|283|0|274|
149|513|288|1|536|0|483|
149|507|288|1|534|0|483|
149|297|192|1|283|0|274|
149|294|96|1|283|0|274|
149|298|192|1|283|0|274|
149|297|96|1|282|0|274|
149|297|96|1|282|0|274|
149|514|288|1|540|0|483|
149|511|192|1|532|0|486|
149|297|96|1|282|0|274|
149|297|192|1|282|0|274|
149|512|288|1|538|0|483|
149|448|192|1|498|0|484|
149|298|192|1|283|0|274|
149|298|192|1|283|0|274|
149|295|96|1|283|0|274|
149|510|288|1|533|0|486|
149|298|96|1|283|0|274|
149|295|192|1|283|0|274|
149|457|288|1|507|0|481|
149|297|192|1|282|0|274|
149|297|96|1|282|0|274|
149|511|288|1|534|0|483|
149|298|192|1|282|0|274|
149|295|192|1|283|0|274|
149|241|96|1|251|0|272|
149|241|96|1|251|0|272|
149|298|192|1|283|0|274|
149|297|96|1|282|0|274|
149|453|192|1|502|0|481|
149|297|96|1|283|0|274|
149|507|288|1|533|0|486|
149|295|96|1|283|0|274|
149|295|192|1|283|0|274|
149|504|192|1|534|0|483|
149|507|192|1|532|0|486|
149|298|192|1|283|0|274|
149|245|96|1|251|0|272|
149|298|192|1|283|0|274|
149|294|192|1|283|0|274|
149|298|96|1|283|0|274|
149|295|96|1|283|0|274|
149|295|288|1|283|0|274|
149|508|192|1|535|0|483|
149|295|96|1|283|0|274|
149|254|192|1|253|0|274|
149|294|96|1|283|0|274|
149|510|288|1|535|0|483|
149|298|192|1|283|0|274|
149|297|96|1|283|0|274|
149|295|192|1|283|0|274|
149|298|288|1|283|0|274|
149|508|288|1|535|0|483|
149|295|96|1|283|0|274|
149|298|96|1|283|0|274|
149|298|192|1|283|0|274|
149|297|192|1|283|0|274|
149|294|96|1|283|0|274|
149|509|288|1|530|0|485|
149|295|96|1|283|0|274|
149|294|192|1|283|0|274|
149|242|96|1|251|0|272|
149|294|192|1|282|0|274|
149|512|192|1|537|0|483|
149|297|96|1|282|0|274|
149|294|192|1|282|0|274|
149|297|192|1|282|0|274|
149|294|192|1|283|0|274|
149|510|192|1|537|0|483|
149|503|192|1|530|0|486|
149|511|288|1|532|0|486|
149|294|192|1|282|0|274|
149|294|96|1|282|0|274|
149|297|96|1|282|0|274|
149|297|192|1|282|0|274|
149|506|192|1|533|0|483|
149|507|288|1|532|0|486|
149|294|192|1|282|0|274|
149|297|288|1|282|0|274|
149|456|192|1|504|0|481|
149|507|288|1|531|0|486|
149|511|288|1|535|0|486|
149|297|96|1|283|0|274|
149|295|192|1|283|0|274|
149|245|192|1|251|0|272|
149|295|192|1|283|0|274|
149|245|96|1|251|0|272|
149|503|288|1|530|0|485|
149|294|288|1|283|0|274|
149|295|192|1|283|0|274|
149|298|192|1|283|0|274|
149|298|192|1|283|0|274|
149|297|96|1|282|0|274|
149|505|288|1|534|0|483|
149|513|288|1|533|0|486|
149|297|96|1|282|0|274|
149|297|96|1|282|0|274|
149|297|96|1|282|0|274|
149|508|288|1|535|0|483|
149|295|192|1|284|0|274|
149|295|96|1|284|0|274|
149|297|96|1|283|0|274|
149|297|192|1|282|0|274|
149|504|192|1|534|0|483|
149|297|192|1|282|0|274|
149|297|96|1|282|0|274|
149|298|96|1|282|0|274|
149|509|288|1|535|0|483|
149|295|192|1|283|0|274|
149|245|96|1|251|0|272|
149|244|96|1|251|0|272|
149|509|288|1|533|0|486|
149|245|96|1|251|0|272|
149|294|96|1|283|0|274|
149|295|192|1|283|0|274|
149|245|96|1|251|0|272|
149|459|192|1|501|0|484|
149|245|96|1|251|0|272|
149|298|96|1|284|0|274|
149|298|96|1|283|0|274|
149|504|288|1|533|0|483|
149|298|192|1|283|0|274|
149|295|96|1|283|0|274|
149|295|96|1|283|0|274|
149|295|192|1|283|0|274|
149|298|96|1|284|0|274|
149|297|192|1|282|0|274|
149|241|96|1|251|0|272|
149|295|192|1|280|0|273|
149|297|96|1|282|0|274|
149|295|96|1|284|0|274|
149|298|96|1|284|0|274|
149|509|192|1|530|0|486|
149|295|192|1|284|0|274|
149|295|192|1|284|0|274|
149|298|192|1|283|0|274|
149|508|288|1|534|0|483|
149|295|192|1|283|0|274|
149|295|96|1|283|0|274|
149|295|96|1|284|0|274|
149|295|192|1|284|0|274|
149|508|192|1|532|0|486|
149|297|96|1|283|0|274|
149|244|96|1|251|0|272|
149|505|192|1|533|0|486|
149|452|192|1|501|0|484|
149|298|192|1|283|0|274|
149|245|96|1|251|0|272|
149|298|96|1|283|0|274|
149|295|192|1|283|0|274|
149|294|192|1|283|0|274|
149|245|192|1|251|0|272|
149|298|96|1|283|0|274|
149|458|192|1|504|0|481|
149|297|192|1|283|0|274|
149|297|192|1|283|0|274|
149|297|96|1|283|0|274|
149|295|192|1|283|0|274|
149|294|192|1|283|0|274|
149|506|288|1|530|0|486|
149|298|96|1|283|0|274|
149|297|192|1|282|0|274|
149|506|288|1|533|0|483|
149|297|288|1|282|0|274|
149|297|192|1|282|0|274|
149|295|192|1|284|0|274|
149|511|192|1|532|0|486|
149|294|96|1|282|0|274|
149|294|96|1|283|0|274|
149|297|96|1|282|0|274|
149|294|96|1|282|0|274|
149|454|192|1|500|0|481|
149|295|192|1|283|0|274|
149|298|96|1|283|0|274|
149|295|96|1|283|0|274|
149|295|96|1|283|0|274|
149|297|96|1|283|0|274|
149|452|192|1|501|0|481|
149|298|96|1|283|0|274|
149|240|96|1|249|0|271|
149|294|96|1|283|0|274|
149|241|192|1|251|0|272|
149|297|192|1|283|0|274|
149|295|96|1|283|0|274|
149|298|192|1|283|0|274|
149|297|192|1|282|0|274|
149|297|192|1|282|0|274|
149|510|288|1|538|0|483|
149|509|288|1|530|0|486|
149|294|288|1|282|0|274|
149|245|96|1|251|0|272|
149|295|96|1|284|0|274|
149|298|192|1|284|0|274|
149|450|192|1|498|0|484|
149|244|192|1|251|0|272|
149|297|192|1|282|0|274|
149|295|96|1|284|0|274|
149|297|192|1|282|0|274|
149|297|192|1|282|0|274|
149|509|192|1|532|0|486|
149|294|192|1|282|0|274|
149|245|192|1|251|0|272|
149|297|96|1|282|0|274|
149|297|96|1|283|0|274|
149|510|288|1|533|0|483|
149|297|192|1|282|0|274|
149|242|96|1|251|0|272|
149|242|192|1|251|0|272|
149|508|288|1|536|0|479|
149|510|288|1|531|0|486|
149|297|192|1|283|0|274|
149|295|192|1|283|0|274|
149|304|96|1|292|0|274|
149|294|96|1|283|0|274|
149|505|192|1|532|0|486|
149|245|96|1|251|0|272|
149|298|192|1|283|0|274|
149|506|288|1|532|0|483|
149|514|288|1|535|0|483|
149|298|96|1|283|0|274|
149|297|192|1|283|0|274|
149|294|192|1|283|0|274|
149|295|192|1|283|0|274|
149|455|192|1|503|0|481|
149|295|192|1|283|0|274|
149|507|192|1|534|0|483|
149|508|288|1|531|0|486|
149|295|192|1|283|0|274|
149|298|192|1|283|0|274|
149|298|192|1|283|0|274|
149|244|96|1|251|0|272|
149|298|96|1|283|0|274|
149|295|192|1|280|0|273|
149|295|192|1|283|0|274|
149|295|96|1|283|0|274|
149|298|192|1|283|0|274|
149|295|192|1|283|0|274|
149|297|96|1|283|0|274|
149|298|96|1|283|0|274|
149|295|192|1|283|0|274|
149|245|288|1|251|0|272|
149|298|192|1|284|0|274|
149|505|192|1|536|0|483|
149|509|288|1|536|0|483|
149|298|96|1|284|0|274|
149|297|192|1|282|0|274|
149|509|192|1|536|0|483|
149|504|288|1|531|0|486|
149|297|192|1|282|0|274|
149|244|96|1|251|0|272|
149|295|192|1|283|0|274|
149|297|192|1|283|0|274|
149|295|192|1|283|0|274|
149|297|192|1|283|0|274|
149|245|192|1|251|0|272|
149|294|96|1|282|0|274|
149|294|192|1|282|0|274|
149|294|96|1|283|0|274|
149|295|192|1|283|0|274|
149|245|288|1|251|0|272|
149|295|96|1|283|0|274|
149|295|96|1|283|0|274|
149|295|96|1|283|0|274|
149|294|96|1|283|0|274|
149|455|192|1|499|0|484|
149|297|192|1|283|0|274|
149|297|96|1|283|0|274|
149|298|192|1|283|0|274|
149|450|192|1|499|0|481|
149|298|96|1|283|0|274|
149|297|192|1|283|0|274|
149|297|96|1|283|0|274|
149|244|96|1|251|0|272|
149|294|96|1|283|0|274|
149|297|192|1|283|0|274|
149|298|96|1|283|0|274|
149|297|192|1|283|0|274|
149|504|288|1|534|0|483|
149|298|96|1|283|0|274|
149|295|96|1|283|0|274|
149|295|192|1|280|0|273|
149|295|192|1|283|0|274|
149|294|192|1|283|0|274|
149|295|96|1|280|0|273|
149|503|288|1|534|0|483|
149|294|96|1|283|0|274|
149|295|192|1|283|0|274|
149|510|288|1|533|0|486|
149|297|192|1|282|0|274|
149|294|192|1|283|0|274|
149|297|96|1|282|0|274|
149|292|192|1|280|0|273|
149|297|192|1|282|0|274|
149|294|96|1|282|0|274|
149|513|192|1|537|0|483|
149|297|96|1|282|0|274|
149|297|192|1|283|0|274|
149|297|96|1|282|0|274|
149|297|96|1|282|0|274|
149|295|96|1|280|0|273|
149|297|96|1|282|0|274|
149|510|288|1|535|0|482|
149|297|192|1|283|0|274|
149|297|192|1|282|0|274|
149|512|288|1|536|0|483|
149|297|192|1|282|0|274|
149|295|192|1|283|0|274|
149|297|192|1|282|0|274|
149|297|96|1|282|0|274|
149|298|96|1|284|0|274|
149|294|96|1|282|0|274|
149|298|192|1|284|0|274|
149|297|96|1|282|0|274|
149|513|192|1|535|0|483|
149|513|288|1|536|0|483|
149|294|192|1|283|0|274|
149|298|96|1|283|0|274|
149|298|96|1|283|0|274|
149|297|192|1|283|0|274|
149|506|288|1|538|0|483|
149|294|192|1|282|0|274|
149|297|192|1|282|0|274|
149|297|192|1|283|0|274|
149|297|192|1|282|0|274|
149|294|96|1|282|0|274|
149|297|96|1|282|0|274|
149|297|192|1|282|0|274|
149|297|96|1|282|0|274|
149|297|96|1|283|0|274|
149|505|192|1|534|0|483|
149|297|96|1|282|0|274|
149|295|96|1|284|0|274|
149|245|96|1|251|0|272|
149|512|288|1|537|0|483|
149|292|96|1|281|0|270|
149|295|96|1|280|0|273|
149|297|96|1|282|0|274|
149|297|192|1|282|0|274|
149|295|96|1|284|0|274|
149|312|192|1|300|0|274|
149|297|192|1|282|0|274|
149|507|288|1|538|0|483|
149|297|96|1|283|0|274|
149|297|192|1|282|0|274|
149|507|192|1|537|0|483|
149|297|96|1|283|0|274|
149|294|96|1|282|0|274|
149|297|96|1|282|0|274|
149|294|192|1|283|0|274|
149|511|288|1|540|0|483|
149|297|96|1|282|0|274|
149|297|192|1|282|0|274|
149|297|192|1|282|0|274|
149|295|96|1|284|0|274|
149|297|96|1|282|0|274|
149|297|96|1|282|0|274|
149|509|192|1|537|0|483|
149|295|96|1|284|0|274|
149|297|192|1|282|0|274|
149|297|192|1|282|0|274|
149|512|288|1|535|0|483|
149|295|192|1|284|0|274|
149|295|96|1|284|0|274|
149|508|288|1|534|0|483|
149|295|96|1|284|0|274|
149|297|192|1|283|0|274|
149|242|96|1|251|0|272|
149|505|192|1|530|0|486|
149|509|192|1|537|0|483|
149|298|192|1|283|0|274|
149|298|288|1|283|0|274|
149|298|192|1|283|0|274|
149|454|192|1|501|0|484|
149|294|192|1|283|0|274|
149|294|96|1|283|0|274|
149|294|96|1|283|0|274|
149|508|288|1|535|0|483|
149|242|96|1|251|0|272|
149|295|192|1|283|0|274|
149|298|96|1|283|0|274|
149|298|96|1|283|0|274|
149|511|192|1|536|0|486|
149|295|96|1|283|0|274|
149|295|192|1|283|0|274|
149|295|96|1|283|0|274|
149|295|192|1|283|0|274|
149|298|96|1|283|0|274|
149|298|96|1|283|0|274|
149|510|192|1|535|0|483|
149|508|192|1|533|0|486|
149|295|192|1|283|0|274|
149|295|192|1|283|0|274|
149|298|96|1|283|0|274|
149|295|192|1|283|0|274|
149|295|192|1|283|0|274|
149|244|192|1|251|0|272|
149|508|192|1|535|0|483|
149|510|192|1|537|0|483|
149|510|288|1|533|0|486|
149|509|288|1|533|0|486|
149|245|288|1|251|0|272|
149|241|96|1|251|0|272|
149|503|192|1|533|0|483|
149|295|192|1|283|0|274|
149|297|192|1|283|0|274|
149|298|192|1|283|0|274|
149|297|96|1|282|0|274|
149|510|192|1|539|0|483|
149|298|192|1|283|0|274|
149|298|96|1|283|0|274|
149|295|192|1|283|0|274|
149|294|192|1|283|0|274|
149|242|96|1|251|0|272|
149|298|96|1|283|0|274|
149|298|96|1|283|0|274|
149|295|192|1|283|0|274|
149|294|96|1|283|0|274|
149|509|192|1|533|0|486|
149|297|96|1|283|0|274|
149|295|192|1|283|0|274|
149|506|192|1|538|0|483|
149|244|96|1|251|0|272|
149|298|192|1|283|0|274|
149|294|192|1|283|0|274|
149|524|192|1|548|0|486|
149|298|192|1|283|0|274|
149|297|192|1|283|0|274|
149|505|192|1|535|0|483|
149|245|96|1|251|0|272|
149|297|96|1|282|0|274|
149|297|96|1|282|0|274|
149|512|192|1|537|0|483|
149|297|96|1|282|0|274|
149|297|96|1|282|0|274|
149|297|96|1|282|0|274|
149|295|192|1|284|0|274|
149|295|96|1|284|0|274|
149|294|192|1|282|0|274|
149|510|192|1|540|0|483|
149|514|192|1|540|0|483|
149|510|288|1|533|0|486|
149|297|192|1|282|0|274|
149|295|96|1|284|0|274|
149|297|192|1|282|0|274|
149|297|192|1|282|0|274|
149|294|192|1|282|0|274|
149|297|288|1|282|0|274|
149|297|192|1|282|0|274|
149|294|96|1|282|0|274|
149|297|96|1|282|0|274|
149|297|192|1|283|0|274|
149|244|192|1|251|0|272|
149|507|288|1|538|0|483|
149|295|192|1|283|0|274|
149|298|192|1|283|0|274|
149|457|192|1|501|0|484|
149|295|96|1|283|0|274|
149|297|288|1|282|0|274|
149|513|288|1|537|0|483|
149|507|288|1|531|0|486|
149|298|288|1|284|0|274|
149|297|192|1|282|0|274|
149|241|288|1|251|0|272|
149|507|288|1|533|0|486|
149|295|192|1|283|0|274|
149|295|192|1|283|0|274|
149|297|96|1|283|0|274|
149|297|96|1|283|0|274|
149|295|192|1|283|0|274|
149|295|192|1|283|0|274|
149|509|288|1|536|0|483|
149|506|288|1|532|0|486|
149|507|192|1|533|0|483|
149|506|288|1|531|0|486|
149|294|192|1|282|0|274|
149|297|192|1|282|0|274|
149|297|192|1|282|0|274|
149|510|192|1|537|0|483|
149|298|96|1|282|0|274|
149|512|288|1|537|0|483|
149|512|288|1|533|0|486|
149|295|96|1|282|0|274|
149|294|96|1|282|0|274|
149|245|96|1|251|0|272|
149|297|96|1|282|0|274|
149|244|96|1|251|0|272|
149|297|96|1|283|0|274|
149|507|288|1|531|0|486|
149|294|192|1|283|0|274|
149|297|96|1|283|0|274|
149|508|288|1|536|0|483|
149|294|192|1|282|0|274|
149|294|96|1|282|0|274|
149|294|192|1|282|0|274|
149|295|96|1|283|0|274|
149|295|96|1|283|0|274|
149|295|192|1|283|0|274|
149|297|192|1|283|0|274|
149|509|192|1|535|0|483|
149|507|192|1|534|0|479|
149|295|192|1|283|0|274|
149|295|192|1|283|0|274|
149|295|192|1|283|0|274|
149|509|288|1|536|0|483|
149|506|192|1|531|0|486|
149|297|96|1|282|0|274|
149|297|96|1|283|0|274|
149|295|192|1|283|0|274|
149|297|192|1|283|0|274|
149|294|96|1|283|0|274|
149|295|96|1|283|0|274|
149|507|288|1|531|0|486|
149|298|96|1|283|0|274|
149|297|192|1|283|0|274|
149|297|192|1|283|0|274|
149|455|288|1|503|0|481|
149|294|192|1|283|0|274|
149|297|96|1|283|0|274|
149|295|96|1|283|0|274|
149|245|96|1|251|0|272|
149|295|192|1|283|0|274|
149|512|288|1|533|0|486|
149|294|96|1|282|0|274|
149|512|192|1|537|0|483|
149|297|96|1|283|0|274|
149|297|192|1|282|0|274|
149|298|96|1|284|0|274|
149|454|192|1|503|0|481|
149|297|96|1|283|0|274|
149|295|192|1|283|0|274|
149|295|96|1|283|0|274|
149|295|192|1|283|0|274|
149|297|192|1|283|0|274|
149|297|96|1|283|0|274|
149|508|192|1|535|0|483|
149|461|192|1|504|0|484|
149|297|192|1|283|0|274|
149|294|96|1|283|0|274|
149|506|192|1|535|0|483|
149|297|192|1|283|0|274|
149|297|192|1|283|0|274|
149|297|192|1|283|0|274|
149|510|288|1|538|0|483|
149|245|96|1|251|0|272|
149|298|96|1|283|0|274|
149|298|96|1|283|0|274|
149|294|192|1|283|0|274|
149|245|192|1|251|0|272|
149|459|288|1|507|0|481|
149|294|192|1|282|0|274|
149|295|96|1|280|0|273|
149|295|96|1|284|0|274|
149|512|288|1|532|0|486|
149|297|96|1|282|0|274|
149|297|192|1|283|0|274|
149|513|288|1|537|0|483|
149|294|96|1|282|0|274|
149|297|96|1|282|0|274|
149|510|192|1|536|0|483|
149|507|288|1|531|0|486|
149|297|192|1|282|0|274|
149|295|192|1|283|0|274|
149|241|96|1|251|0|272|
149|509|288|1|531|0|486|
149|297|192|1|282|0|274|
149|294|96|1|282|0|274|
149|297|96|1|282|0|274|
149|298|192|1|283|0|274|
149|297|192|1|283|0|274|
149|295|96|1|283|0|274|
149|513|192|1|536|0|483|
149|507|192|1|531|0|486|
149|295|96|1|283|0|274|
149|245|96|1|251|0|272|
149|298|192|1|283|0|274|
149|453|384|1|502|0|481|
149|298|96|1|283|0|274|
149|294|192|1|282|0|274|
149|519|288|1|535|0|483|
149|297|96|1|282|0|274|
149|297|96|1|282|0|274|
149|297|96|1|283|0|274|
149|508|192|1|532|0|486|
149|245|96|1|251|0|272|
149|297|96|1|283|0|274|
149|505|288|1|535|0|483|
149|452|192|1|501|0|484|
149|295|96|1|283|0|274|
149|298|192|1|283|0|274|
149|295|192|1|283|0|274|
149|295|192|1|283|0|274|
149|298|96|1|283|0|274|
149|513|192|1|536|0|483|
149|457|192|1|503|0|481|
149|297|192|1|282|0|274|
149|294|96|1|282|0|274|
149|294|192|1|283|0|274|
149|513|192|1|537|0|483|
149|513|288|1|535|0|486|
149|294|96|1|283|0|274|
149|294|192|1|282|0|274|
149|297|192|1|283|0|274|
149|508|288|1|529|0|486|
149|245|96|1|251|0|272|
149|294|96|1|283|0|274|
149|508|288|1|536|0|483|
149|514|288|1|540|0|486|
149|294|192|1|283|0|274|
149|298|288|1|283|0|274|
149|297|96|1|283|0|274|
149|504|288|1|533|0|486|
149|297|192|1|283|0|274|
149|240|192|1|250|0|269|
149|507|192|1|530|0|486|
149|294|96|1|282|0|274|
149|297|96|1|282|0|274|
149|294|192|1|283|0|274|
149|459|192|1|501|0|484|
149|245|96|1|251|0|272|
149|297|192|1|283|0|274|
149|295|192|1|283|0|274|
149|244|96|1|251|0|272|
149|510|192|1|531|0|483|
149|297|192|1|283|0|274|
149|295|192|1|283|0|274|
149|297|96|1|282|0|274|
149|294|96|1|282|0|274|
149|294|96|1|283|0|274|
149|297|96|1|282|0|274|
149|513|192|1|535|0|483|
149|294|192|1|282|0|274|
149|297|192|1|283|0|274|
149|297|192|1|282|0|274|
149|295|192|1|284|0|274|
149|508|192|1|534|0|483|
149|510|192|1|532|0|486|
149|297|96|1|282|0|274|
149|508|192|1|538|0|483|
149|295|288|1|280|0|273|
149|244|96|1|251|0|272|
149|508|192|1|532|0|483|
149|295|96|1|283|0|274|
149|298|96|1|283|0|274|
149|295|192|1|283|0|274|
149|241|192|1|251|0|272|
149|294|96|1|282|0|274|
149|508|288|1|532|0|486|
149|294|96|1|282|0|274|
149|294|96|1|282|0|274|
149|245|96|1|251|0|272|
149|294|192|1|283|0|274|
149|297|96|1|282|0|274|
149|294|192|1|283|0|274|
149|298|288|1|283|0|274|
149|509|288|1|531|0|486|
149|297|192|1|283|0|274|
149|244|96|1|251|0|272|
149|508|288|1|532|0|486|
149|297|192|1|283|0|274|
149|298|192|1|283|0|274|
149|298|96|1|283|0|274|
149|297|96|1|283|0|274|
149|509|384|1|537|0|483|
149|245|96|1|251|0|272|
149|295|288|1|283|0|274|
149|297|96|1|283|0|274|
149|457|288|1|500|0|484|
149|245|96|1|251|0|272|
149|294|96|1|282|0|274|
150|1074|672|1|753|0|696|
149|294|192|1|282|0|274|
149|297|192|1|282|0|274|
149|506|288|1|531|0|486|
149|297|192|1|283|0|274|
149|512|288|1|537|0|483|
149|298|96|1|283|0|274|
149|297|96|1|282|0|274|
149|506|192|1|530|0|486|
149|295|192|1|284|0|274|
149|244|96|1|251|0|272|
149|297|192|1|282|0|274|
149|295|288|1|283|0|274|
149|295|96|1|283|0|274|
149|297|96|1|282|0|274|
149|245|96|1|251|0|272|
149|509|288|1|535|0|483|
149|508|288|1|531|0|486|
149|298|96|1|283|0|274|
149|295|192|1|283|0|274|
149|295|192|1|283|0|274|
149|462|192|1|504|0|481|
149|306|192|1|294|0|274|
149|298|96|1|283|0|274|
149|298|192|1|283|0|274|
149|454|288|1|502|0|481|
149|313|192|1|299|0|274|
149|245|96|1|251|0|272|
149|297|96|1|282|0|274|
149|510|288|1|532|0|486|
149|297|192|1|282|0|274|
149|297|192|1|282|0|274|
149|297|96|1|282|0|274|
149|297|192|1|282|0|274|
149|297|192|1|282|0|274|
149|513|192|1|540|0|483|
149|455|288|1|504|0|481|
149|297|192|1|283|0|274|
149|457|192|1|504|0|484|
149|297|96|1|283|0|274|
149|298|288|1|283|0|274|
149|304|192|1|283|0|274|
149|244|96|1|251|0|272|
149|510|288|1|535|0|483|
149|295|96|1|283|0|274|
149|298|192|1|283|0|274|
