INSTRUCTIONS_RETIRED|CYCLES|UNKNOWN|LD_BLOCKS.STORE_FORWARD|UOPS_EXECUTED.THREAD|BR_MISP_RETIRED.ALL_BRANCHES|UOPS_RETIRED.ANY|
183|340|192|1|328|0|308|
183|332|96|1|317|0|308|
183|329|192|1|317|0|308|
183|332|192|1|317|0|308|
183|328|96|1|317|0|308|
183|278|192|1|285|0|306|
183|333|96|1|317|0|308|
183|332|192|1|317|0|308|
183|328|192|1|317|0|308|
183|332|192|1|317|0|308|
183|332|192|1|317|0|308|
183|328|96|1|317|0|308|
183|332|96|1|317|0|308|
183|275|96|1|285|0|306|
183|328|192|1|317|0|308|
183|331|192|1|317|0|308|
183|329|96|1|317|0|308|
183|328|96|1|317|0|308|
183|331|192|1|317|0|308|
183|332|192|1|317|0|308|
183|329|96|1|314|0|307|
183|332|192|1|317|0|308|
183|278|96|1|285|0|306|
183|329|192|1|317|0|308|
183|332|192|1|317|0|308|
183|329|192|1|317|0|308|
183|329|192|1|317|0|308|
183|329|192|1|317|0|308|
183|329|192|1|317|0|308|
183|329|96|1|318|0|308|
183|328|192|1|316|0|308|
183|328|192|1|316|0|308|
183|329|192|1|317|0|308|
183|332|192|1|317|0|308|
183|328|96|1|316|0|308|
183|328|192|1|317|0|308|
183|329|96|1|318|0|308|
183|328|192|1|316|0|308|
183|328|96|1|316|0|308|
183|278|96|1|285|0|306|
183|331|192|1|316|0|308|
183|279|96|1|285|0|306|
183|331|96|1|316|0|308|
183|331|192|1|316|0|308|
183|328|192|1|316|0|308|
183|328|192|1|316|0|308|
183|278|96|1|285|0|306|
183|328|96|1|316|0|308|
183|276|192|1|285|0|306|
183|328|192|1|316|0|308|
183|331|288|1|316|0|308|
183|328|192|1|317|0|308|
183|278|96|1|285|0|306|
183|329|192|1|318|0|308|
183|332|192|1|317|0|308|
183|328|192|1|316|0|308|
183|328|96|1|316|0|308|
183|331|96|1|316|0|308|
183|276|96|1|285|0|306|
183|329|192|1|317|0|308|
183|328|192|1|316|0|308|
183|328|192|1|316|0|308|
183|332|192|1|317|0|308|
183|332|96|1|318|0|308|
183|338|192|1|318|0|308|
183|331|192|1|316|0|308|
183|331|192|1|316|0|308|
183|328|192|1|316|0|308|
183|331|96|1|316|0|308|
183|332|192|1|317|0|308|
183|281|96|1|285|0|306|
183|328|192|1|317|0|308|
183|332|192|1|317|0|308|
183|328|192|1|317|0|308|
183|332|192|1|317|0|308|
183|328|192|1|317|0|308|
183|276|192|1|285|0|306|
183|328|192|1|316|0|308|
183|331|192|1|316|0|308|
183|328|192|1|316|0|308|
183|328|192|1|316|0|308|
183|328|192|1|317|0|308|
183|329|192|1|317|0|308|
183|332|96|1|317|0|308|
183|329|192|1|317|0|308|
183|328|96|1|317|0|308|
183|328|192|1|317|0|308|
183|332|96|1|317|0|308|
183|329|192|1|317|0|308|
183|332|192|1|317|0|308|
183|329|96|1|317|0|308|
183|328|192|1|317|0|308|
183|328|192|1|317|0|308|
183|331|96|1|317|0|308|
183|335|192|1|317|0|308|
183|332|192|1|317|0|308|
183|275|192|1|285|0|306|
183|331|192|1|317|0|308|
183|332|96|1|317|0|308|
183|332|192|1|317|0|308|
183|332|192|1|317|0|308|
183|276|192|1|285|0|306|
183|328|192|1|317|0|308|
183|278|96|1|285|0|306|
183|329|192|1|317|0|308|
183|275|96|1|285|0|306|
183|329|192|1|317|0|308|
183|334|192|1|317|0|308|
183|328|192|1|317|0|308|
183|329|96|1|317|0|308|
183|328|96|1|316|0|308|
183|332|192|1|318|0|308|
183|276|96|1|285|0|306|
183|328|96|1|317|0|308|
183|328|96|1|317|0|308|
183|329|192|1|317|0|308|
183|329|192|1|318|0|308|
183|331|192|1|316|0|308|
183|332|192|1|318|0|308|
183|276|192|1|285|0|306|
183|329|192|1|317|0|308|
183|329|192|1|317|0|308|
183|332|96|1|317|0|308|
183|328|96|1|317|0|308|
183|331|192|1|317|0|308|
183|332|96|1|317|0|308|
183|332|192|1|317|0|308|
183|332|96|1|318|0|308|
183|329|192|1|317|0|308|
183|332|192|1|317|0|308|
183|329|192|1|317|0|308|
183|331|96|1|317|0|308|
183|332|96|1|317|0|308|
183|339|192|1|317|0|308|
183|332|96|1|317|0|308|
183|329|192|1|317|0|308|
183|278|192|1|285|0|306|
183|329|192|1|317|0|308|
183|332|96|1|317|0|308|
183|331|192|1|317|0|308|
183|329|96|1|317|0|308|
183|329|96|1|317|0|308|
183|335|96|1|317|0|308|
183|332|192|1|317|0|308|
183|329|96|1|317|0|308|
183|279|96|1|285|0|306|
183|329|192|1|318|0|308|
183|329|192|1|317|0|308|
183|329|192|1|317|0|308|
183|332|96|1|317|0|308|
183|329|96|1|317|0|308|
183|328|192|1|317|0|308|
183|326|192|1|314|0|307|
183|328|288|1|316|0|308|
183|278|96|1|285|0|306|
183|328|192|1|316|0|308|
183|328|192|1|316|0|308|
183|279|96|1|285|0|306|
183|331|192|1|316|0|308|
183|331|192|1|316|0|308|
183|331|192|1|316|0|308|
183|328|192|1|316|0|308|
183|332|96|1|317|0|308|
183|328|192|1|316|0|308|
183|334|192|1|316|0|308|
183|331|192|1|316|0|308|
183|331|96|1|316|0|308|
183|328|192|1|316|0|308|
183|332|192|1|318|0|308|
183|331|192|1|316|0|308|
183|328|96|1|316|0|308|
183|329|192|1|317|0|308|
183|331|192|1|316|0|308|
183|335|192|1|318|0|308|
183|328|192|1|316|0|308|
183|332|192|1|317|0|308|
183|275|192|1|285|0|306|
183|328|288|1|316|0|308|
183|329|192|1|318|0|308|
183|329|96|1|318|0|308|
183|276|96|1|285|0|306|
183|331|192|1|316|0|308|
183|331|192|1|316|0|308|
183|328|192|1|316|0|308|
183|328|96|1|316|0|308|
183|328|288|1|316|0|308|
183|332|96|1|317|0|308|
183|329|192|1|318|0|308|
183|331|96|1|316|0|308|
183|328|192|1|316|0|308|
183|328|96|1|316|0|308|
183|279|96|1|285|0|306|
183|331|192|1|316|0|308|
183|331|96|1|316|0|308|
183|332|192|1|318|0|308|
183|331|192|1|316|0|308|
183|328|192|1|316|0|308|
183|331|96|1|316|0|308|
183|332|192|1|318|0|308|
183|329|192|1|314|0|307|
183|331|96|1|316|0|308|
183|331|192|1|317|0|308|
183|329|192|1|317|0|308|
183|329|96|1|317|0|308|
183|328|192|1|317|0|308|
183|332|96|1|317|0|308|
183|328|192|1|317|0|308|
183|332|192|1|317|0|308|
183|332|96|1|317|0|308|
183|332|192|1|317|0|308|
183|332|192|1|317|0|308|
183|328|96|1|316|0|308|
183|328|192|1|317|0|308|
183|276|192|1|285|0|306|
183|329|96|1|317|0|308|
183|329|192|1|317|0|308|
183|332|96|1|317|0|308|
183|279|96|1|285|0|306|
183|276|192|1|285|0|306|
183|332|192|1|317|0|308|
183|329|192|1|317|0|308|
183|329|96|1|317|0|308|
183|332|192|1|317|0|308|
183|329|192|1|317|0|308|
183|328|192|1|317|0|308|
183|331|192|1|317|0|308|
183|328|192|1|317|0|308|
183|331|192|1|317|0|308|
183|276|96|1|285|0|306|
183|329|192|1|317|0|308|
183|332|192|1|317|0|308|
183|332|96|1|317|0|308|
183|329|192|1|317|0|308|
183|332|192|1|317|0|308|
183|329|96|1|317|0|308|
183|279|288|1|285|0|306|
183|329|192|1|317|0|308|
183|328|192|1|317|0|308|
183|332|192|1|317|0|308|
183|331|192|1|317|0|308|
183|329|96|1|317|0|308|
183|332|192|1|317|0|308|
183|332|192|1|317|0|308|
183|332|192|1|317|0|308|
183|332|192|1|317|0|308|
183|278|192|1|285|0|306|
183|332|192|1|317|0|308|
183|329|96|1|317|0|308|
183|329|96|1|317|0|308|
183|328|96|1|316|0|308|
183|328|192|1|316|0|308|
183|328|96|1|316|0|308|
183|331|192|1|317|0|308|
183|329|96|1|318|0|308|
183|329|192|1|317|0|308|
183|328|96|1|317|0|308|
183|331|96|1|316|0|308|
183|328|96|1|316|0|308|
183|328|192|1|316|0|308|
183|328|96|1|317|0|308|
183|328|96|1|317|0|308|
183|332|192|1|318|0|308|
183|331|192|1|316|0|308|
183|332|192|1|318|0|308|
183|328|192|1|316|0|308|
183|328|96|1|316|0|308|
183|328|96|1|316|0|308|
183|332|96|1|317|0|308|
183|326|96|1|314|0|307|
183|332|192|1|318|0|308|
183|329|192|1|318|0|308|
183|331|192|1|317|0|308|
183|332|96|1|317|0|308|
183|328|96|1|316|0|308|
183|328|192|1|316|0|308|
183|275|96|1|285|0|306|
183|278|96|1|285|0|306|
183|328|96|1|316|0|308|
183|331|96|1|316|0|308|
183|332|192|1|318|0|308|
183|328|192|1|316|0|308|
183|279|192|1|285|0|306|
183|328|96|1|317|0|308|
183|328|192|1|316|0|308|
183|329|96|1|318|0|308|
183|328|192|1|316|0|308|
183|331|192|1|316|0|308|
183|328|192|1|317|0|308|
183|331|96|1|316|0|308|
183|329|192|1|318|0|308|
183|331|192|1|316|0|308|
183|331|192|1|316|0|308|
183|328|96|1|316|0|308|
183|331|96|1|317|0|308|
183|328|192|1|316|0|308|
183|276|192|1|285|0|306|
183|278|192|1|285|0|306|
183|328|96|1|317|0|308|
183|328|192|1|316|0|308|
183|331|96|1|317|0|308|
183|332|192|1|318|0|308|
183|328|192|1|316|0|308|
183|332|288|1|317|0|308|
183|328|96|1|316|0|308|
183|328|192|1|316|0|308|
183|328|96|1|316|0|308|
183|332|192|1|318|0|308|
183|332|96|1|318|0|308|
183|333|96|1|317|0|308|
183|329|96|1|318|0|308|
183|333|192|1|317|0|308|
183|332|192|1|317|0|308|
183|329|192|1|317|0|308|
183|329|192|1|317|0|308|
183|329|192|1|318|0|308|
183|332|192|1|317|0|308|
183|277|96|1|285|0|306|
183|276|96|1|285|0|306|
183|329|192|1|317|0|308|
183|329|96|1|317|0|308|
183|328|192|1|317|0|308|
183|332|192|1|317|0|308|
183|329|96|1|317|0|308|
183|331|192|1|317|0|308|
183|332|192|1|317|0|308|
183|332|192|1|317|0|308|
183|276|96|1|285|0|306|
183|328|192|1|316|0|308|
183|328|288|1|317|0|308|
183|331|192|1|317|0|308|
183|329|192|1|317|0|308|
183|279|96|1|285|0|306|
183|331|96|1|316|0|308|
183|329|192|1|318|0|308|
183|275|96|1|285|0|306|
183|328|192|1|317|0|308|
183|329|288|1|317|0|308|
183|332|192|1|317|0|308|
183|328|192|1|317|0|308|
183|332|192|1|317|0|308|
183|332|192|1|317|0|308|
183|332|192|1|317|0|308|
183|330|96|1|317|0|308|
183|332|96|1|317|0|308|
183|276|96|1|285|0|306|
183|331|96|1|317|0|308|
183|331|192|1|317|0|308|
183|276|96|1|285|0|306|
183|329|192|1|317|0|308|
183|329|96|1|317|0|308|
183|329|96|1|317|0|308|
183|328|192|1|316|0|308|
183|331|192|1|316|0|308|
183|328|192|1|316|0|308|
183|331|288|1|316|0|308|
183|329|192|1|314|0|307|
183|328|96|1|317|0|308|
183|331|192|1|316|0|308|
183|328|192|1|316|0|308|
183|328|192|1|316|0|308|
183|331|192|1|316|0|308|
183|328|192|1|316|0|308|
183|328|192|1|316|0|308|
183|276|192|1|285|0|306|
183|331|96|1|316|0|308|
183|276|96|1|285|0|306|
183|328|96|1|316|0|308|
183|328|96|1|317|0|308|
183|332|192|1|317|0|308|
183|328|96|1|316|0|308|
183|329|192|1|317|0|308|
183|329|96|1|317|0|308|
183|329|192|1|317|0|308|
183|332|192|1|317|0|308|
183|330|96|1|317|0|308|
183|328|192|1|316|0|308|
183|328|192|1|316|0|308|
183|328|96|1|317|0|308|
183|328|96|1|316|0|308|
183|331|192|1|316|0|308|
183|328|192|1|316|0|308|
183|328|192|1|316|0|308|
183|279|192|1|285|0|306|
183|328|192|1|316|0|308|
183|328|96|1|317|0|308|
183|331|96|1|316|0|308|
183|332|96|1|318|0|308|
183|328|192|1|316|0|308|
183|331|192|1|316|0|308|
183|328|288|1|316|0|308|
183|328|192|1|316|0|308|
183|279|192|1|285|0|306|
183|329|192|1|318|0|308|
183|331|192|1|317|0|308|
183|328|192|1|316|0|308|
183|328|192|1|316|0|308|
183|328|96|1|316|0|308|
183|328|192|1|316|0|308|
183|328|192|1|316|0|308|
183|331|192|1|316|0|308|
183|328|192|1|317|0|308|
183|328|96|1|316|0|308|
183|332|96|1|317|0|308|
183|328|192|1|317|0|308|
183|331|192|1|316|0|308|
183|328|288|1|317|0|308|
183|332|96|1|318|0|308|
183|331|192|1|316|0|308|
183|332|192|1|317|0|308|
183|328|192|1|316|0|308|
183|276|192|1|285|0|306|
183|332|192|1|317|0|308|
183|332|192|1|317|0|308|
183|332|96|1|317|0|308|
183|332|192|1|318|0|308|
183|331|96|1|317|0|308|
183|332|96|1|317|0|308|
183|331|192|1|317|0|308|
183|278|96|1|285|0|306|
183|328|96|1|316|0|308|
183|328|96|1|317|0|308|
183|332|192|1|317|0|308|
183|328|96|1|317|0|308|
183|332|192|1|317|0|308|
183|328|192|1|317|0|308|
183|329|192|1|318|0|308|
183|332|192|1|318|0|308|
183|328|192|1|316|0|308|
183|329|192|1|318|0|308|
183|328|96|1|316|0|308|
183|328|96|1|317|0|308|
183|328|96|1|316|0|308|
183|332|192|1|317|0|308|
183|328|192|1|316|0|308|
183|328|192|1|316|0|308|
183|328|96|1|316|0|308|
183|332|192|1|317|0|308|
183|328|96|1|317|0|308|
183|332|96|1|318|0|308|
183|328|192|1|316|0|308|
183|328|192|1|316|0|308|
183|328|192|1|317|0|308|
183|328|192|1|316|0|308|
183|328|192|1|316|0|308|
183|332|96|1|317|0|308|
183|332|96|1|318|0|308|
183|328|96|1|316|0|308|
183|331|96|1|316|0|308|
183|328|192|1|316|0|308|
183|328|192|1|317|0|308|
183|332|192|1|318|0|308|
183|328|192|1|316|0|308|
183|279|96|1|285|0|306|
183|332|96|1|318|0|308|
183|328|96|1|316|0|308|
183|331|192|1|316|0|308|
183|328|96|1|317|0|308|
183|328|192|1|317|0|308|
183|328|192|1|316|0|308|
183|328|192|1|317|0|308|
183|331|192|1|316|0|308|
183|328|96|1|316|0|308|
183|331|192|1|316|0|308|
183|331|192|1|316|0|308|
183|328|192|1|317|0|308|
183|328|192|1|317|0|308|
183|328|192|1|316|0|308|
183|328|192|1|316|0|308|
183|331|192|1|316|0|308|
183|328|192|1|316|0|308|
183|328|192|1|316|0|308|
183|275|96|1|285|0|306|
183|328|192|1|316|0|308|
183|279|96|1|285|0|306|
183|332|96|1|317|0|308|
183|329|192|1|317|0|308|
183|332|96|1|317|0|308|
183|328|96|1|317|0|308|
183|279|96|1|285|0|306|
183|332|192|1|317|0|308|
183|328|96|1|317|0|308|
183|332|192|1|317|0|308|
183|329|192|1|317|0|308|
183|328|96|1|317|0|308|
183|332|192|1|317|0|308|
183|329|192|1|317|0|308|
183|328|96|1|317|0|308|
183|332|96|1|317|0|308|
183|336|96|1|317|0|308|
183|329|96|1|317|0|308|
183|328|192|1|317|0|308|
183|332|192|1|317|0|308|
183|328|192|1|317|0|308|
183|329|192|1|317|0|308|
183|329|192|1|317|0|308|
183|328|192|1|317|0|308|
183|328|192|1|317|0|308|
183|329|96|1|317|0|308|
183|326|96|1|316|0|304|
183|329|192|1|317|0|308|
183|329|192|1|317|0|308|
183|332|192|1|317|0|308|
183|332|192|1|317|0|308|
183|335|192|1|318|0|308|
183|332|192|1|317|0|308|
183|329|192|1|317|0|308|
183|328|96|1|317|0|308|
183|331|192|1|317|0|308|
183|329|192|1|318|0|308|
183|332|288|1|318|0|308|
183|329|192|1|317|0|308|
183|328|96|1|317|0|308|
183|332|288|1|317|0|308|
183|332|96|1|317|0|308|
183|328|192|1|317|0|308|
183|332|192|1|317|0|308|
183|329|192|1|317|0|308|
183|329|192|1|318|0|308|
183|332|192|1|317|0|308|
183|331|192|1|317|0|308|
183|328|96|1|316|0|308|
183|328|192|1|316|0|308|
183|329|96|1|318|0|308|
183|331|192|1|316|0|308|
183|329|96|1|318|0|308|
183|329|192|1|315|0|304|
183|331|192|1|316|0|308|
183|328|192|1|317|0|308|
183|332|192|1|317|0|308|
183|328|192|1|316|0|308|
183|328|96|1|317|0|308|
183|332|192|1|317|0|308|
183|332|192|1|318|0|308|
183|331|192|1|316|0|308|
183|332|192|1|318|0|308|
183|328|192|1|316|0|308|
183|332|192|1|317|0|308|
183|332|192|1|317|0|308|
183|329|288|1|318|0|308|
183|338|96|1|318|0|308|
183|278|96|1|285|0|306|
183|333|192|1|317|0|308|
183|328|96|1|316|0|308|
183|328|288|1|316|0|308|
183|328|192|1|316|0|308|
183|331|192|1|316|0|308|
183|279|96|1|285|0|306|
183|328|288|1|316|0|308|
183|332|192|1|318|0|308|
183|332|192|1|317|0|308|
183|328|96|1|316|0|308|
183|278|96|1|285|0|306|
183|328|96|1|316|0|308|
183|275|96|1|285|0|306|
183|328|192|1|316|0|308|
183|329|96|1|317|0|308|
183|340|192|1|328|0|308|
183|329|96|1|317|0|308|
183|331|192|1|316|0|308|
183|331|192|1|316|0|308|
183|332|192|1|318|0|308|
183|328|96|1|316|0|308|
183|331|192|1|316|0|308|
183|328|192|1|317|0|308|
183|328|192|1|316|0|308|
183|331|288|1|316|0|308|
183|328|192|1|317|0|308|
183|328|192|1|316|0|308|
183|328|96|1|316|0|308|
183|331|96|1|316|0|308|
183|329|192|1|317|0|308|
183|328|192|1|316|0|308|
183|328|96|1|316|0|308|
183|328|192|1|316|0|308|
183|328|96|1|316|0|308|
183|329|192|1|318|0|308|
183|279|288|1|285|0|306|
183|328|192|1|316|0|308|
183|331|192|1|316|0|308|
183|328|96|1|316|0|308|
183|331|192|1|316|0|308|
183|278|96|1|285|0|306|
183|328|192|1|316|0|308|
183|328|192|1|317|0|308|
183|328|192|1|316|0|308|
183|331|192|1|317|0|308|
183|328|192|1|316|0|308|
183|328|96|1|316|0|308|
183|329|192|1|314|0|307|
183|328|192|1|316|0|308|
183|328|192|1|316|0|308|
183|328|192|1|316|0|308|
183|328|192|1|316|0|308|
183|331|96|1|317|0|308|
183|328|192|1|316|0|308|
183|331|96|1|316|0|308|
183|331|192|1|317|0|308|
183|328|96|1|317|0|308|
183|328|192|1|316|0|308|
183|328|96|1|316|0|308|
183|276|192|1|285|0|306|
183|328|96|1|316|0|308|
183|331|192|1|316|0|308|
183|331|192|1|316|0|308|
183|328|192|1|316|0|308|
183|332|192|1|317|0|308|
183|329|192|1|317|0|308|
183|328|96|1|316|0|308|
183|329|192|1|317|0|308|
183|332|192|1|317|0|308|
183|328|192|1|317|0|308|
183|332|192|1|317|0|308|
183|329|96|1|315|0|304|
183|332|96|1|317|0|308|
183|332|192|1|318|0|308|
183|329|96|1|317|0|308|
183|332|192|1|317|0|308|
183|328|96|1|316|0|308|
183|328|96|1|317|0|308|
183|332|192|1|317|0|308|
183|332|192|1|317|0|308|
183|332|192|1|317|0|308|
183|328|96|1|317|0|308|
183|331|96|1|317|0|308|
183|332|192|1|317|0|308|
183|329|96|1|317|0|308|
183|332|192|1|317|0|308|
183|329|192|1|317|0|308|
183|332|96|1|317|0|308|
183|329|192|1|318|0|308|
183|279|192|1|285|0|306|
183|328|96|1|317|0|308|
183|332|192|1|317|0|308|
183|332|192|1|317|0|308|
183|331|192|1|317|0|308|
183|279|192|1|285|0|306|
183|331|96|1|317|0|308|
183|277|96|1|285|0|306|
183|332|192|1|317|0|308|
183|328|96|1|317|0|308|
183|279|96|1|285|0|306|
183|329|192|1|317|0|308|
183|332|192|1|317|0|308|
183|279|192|1|285|0|306|
183|332|192|1|317|0|308|
183|329|192|1|317|0|308|
183|329|192|1|317|0|308|
183|331|96|1|317|0|308|
183|279|192|1|285|0|306|
183|332|96|1|317|0|308|
183|275|96|1|285|0|306|
183|332|192|1|317|0|308|
183|332|192|1|317|0|308|
183|329|96|1|317|0|308|
183|329|192|1|317|0|308|
183|328|192|1|316|0|308|
183|328|192|1|317|0|308|
183|332|192|1|317|0|308|
183|332|192|1|317|0|308|
183|328|192|1|317|0|308|
183|329|192|1|317|0|308|
183|332|192|1|317|0|308|
183|275|288|1|285|0|306|
183|329|192|1|317|0|308|
183|332|192|1|317|0|308|
183|279|192|1|285|0|306|
183|338|192|1|317|0|308|
183|326|192|1|314|0|307|
183|331|192|1|317|0|308|
183|329|96|1|317|0|308|
183|275|96|1|285|0|306|
183|331|192|1|316|0|308|
183|329|96|1|318|0|308|
183|276|96|1|285|0|306|
183|328|96|1|317|0|308|
183|331|192|1|316|0|308|
183|328|96|1|317|0|308|
183|328|96|1|316|0|308|
183|328|288|1|316|0|308|
183|328|96|1|316|0|308|
183|328|192|1|316|0|308|
183|331|96|1|316|0|308|
183|328|96|1|317|0|308|
183|328|96|1|316|0|308|
183|328|96|1|316|0|308|
183|331|96|1|316|0|308|
183|331|192|1|316|0|308|
183|328|96|1|317|0|308|
183|328|96|1|316|0|308|
183|328|192|1|316|0|308|
183|331|192|1|316|0|308|
183|278|96|1|285|0|306|
183|328|192|1|316|0|308|
183|329|96|1|318|0|308|
183|328|96|1|316|0|308|
183|277|96|1|284|0|302|
183|328|192|1|317|0|308|
183|276|96|1|285|0|306|
183|329|192|1|317|0|308|
183|275|96|1|285|0|306|
183|329|192|1|317|0|308|
183|279|96|1|285|0|306|
183|331|192|1|316|0|308|
183|331|96|1|316|0|308|
183|328|192|1|317|0|308|
183|328|192|1|316|0|308|
183|332|192|1|317|0|308|
183|332|192|1|317|0|308|
183|328|192|1|317|0|308|
183|329|192|1|317|0|308|
183|278|96|1|285|0|306|
183|329|192|1|317|0|308|
183|328|192|1|317|0|308|
183|329|192|1|317|0|308|
183|332|192|1|317|0|308|
183|329|192|1|317|0|308|
183|332|192|1|317|0|308|
183|328|192|1|317|0|308|
183|276|192|1|285|0|306|
183|332|192|1|317|0|308|
183|328|192|1|317|0|308|
183|328|192|1|317|0|308|
183|331|192|1|317|0|308|
183|329|192|1|317|0|308|
183|276|96|1|285|0|306|
183|329|96|1|317|0|308|
183|329|192|1|317|0|308|
183|332|96|1|317|0|308|
183|328|192|1|317|0|308|
183|332|96|1|317|0|308|
183|332|96|1|317|0|308|
183|329|96|1|317|0|308|
183|328|192|1|316|0|308|
183|328|192|1|316|0|308|
183|328|192|1|316|0|308|
183|328|192|1|316|0|308|
183|332|96|1|318|0|308|
183|328|96|1|316|0|308|
183|329|192|1|317|0|308|
183|328|192|1|316|0|308|
183|275|96|1|285|0|306|
183|329|192|1|317|0|308|
183|329|192|1|317|0|308|
183|329|192|1|317|0|308|
183|331|192|1|317|0|308|
183|332|96|1|317|0|308|
183|332|192|1|317|0|308|
183|329|192|1|317|0|308|
183|332|192|1|317|0|308|
183|332|192|1|317|0|308|
183|332|192|1|317|0|308|
183|329|96|1|317|0|308|
183|332|96|1|317|0|308|
183|276|96|1|285|0|306|
183|329|192|1|317|0|308|
183|332|192|1|317|0|308|
183|332|192|1|317|0|308|
183|328|96|1|316|0|308|
183|331|192|1|317|0|308|
183|328|96|1|316|0|308|
183|328|96|1|316|0|308|
183|328|192|1|317|0|308|
183|279|96|1|285|0|306|
183|278|96|1|285|0|306|
183|329|192|1|317|0|308|
183|331|96|1|317|0|308|
183|328|192|1|317|0|308|
183|332|96|1|317|0|308|
183|332|192|1|317|0|308|
183|279|96|1|285|0|306|
183|329|192|1|317|0|308|
183|275|96|1|285|0|306|
183|331|192|1|317|0|308|
183|328|96|1|317|0|308|
183|328|192|1|317|0|308|
183|329|192|1|317|0|308|
183|329|192|1|317|0|308|
183|329|96|1|317|0|308|
183|276|192|1|285|0|306|
183|329|96|1|317|0|308|
183|331|96|1|317|0|308|
183|329|192|1|317|0|308|
183|328|192|1|316|0|308|
183|276|96|1|285|0|306|
183|329|96|1|317|0|308|
183|328|192|1|316|0|308|
183|331|192|1|316|0|308|
183|276|192|1|285|0|306|
183|328|192|1|316|0|308|
183|328|96|1|316|0|308|
183|279|96|1|285|0|306|
183|328|192|1|316|0|308|
183|328|96|1|317|0|308|
183|332|192|1|318|0|308|
183|328|96|1|316|0|308|
183|328|192|1|316|0|308|
183|328|96|1|316|0|308|
183|331|96|1|316|0|308|
183|331|192|1|317|0|308|
183|328|192|1|316|0|308|
183|285|96|1|285|0|306|
183|328|192|1|316|0|308|
183|328|192|1|317|0|308|
183|328|192|1|316|0|308|
183|328|192|1|316|0|308|
183|349|192|1|332|0|308|
183|328|192|1|316|0|308|
183|334|192|1|316|0|308|
183|328|192|1|316|0|308|
183|328|96|1|316|0|308|
183|331|96|1|317|0|308|
183|328|192|1|317|0|308|
183|328|192|1|317|0|308|
183|329|192|1|318|0|308|
183|332|96|1|318|0|308|
183|332|192|1|317|0|308|
183|332|96|1|318|0|308|
183|328|96|1|317|0|308|
183|332|96|1|317|0|308|
183|328|96|1|317|0|308|
183|329|96|1|317|0|308|
183|331|96|1|316|0|308|
183|275|288|1|285|0|306|
183|332|192|1|317|0|308|
183|329|192|1|317|0|308|
183|332|192|1|317|0|308|
183|278|192|1|285|0|306|
183|328|192|1|316|0|308|
183|332|96|1|318|0|308|
183|279|96|1|285|0|306|
183|277|192|1|283|0|305|
183|329|192|1|317|0|308|
183|329|192|1|317|0|308|
183|354|192|1|340|0|308|
183|278|192|1|285|0|306|
183|329|288|1|317|0|308|
183|332|192|1|317|0|308|
183|332|192|1|317|0|308|
183|328|192|1|317|0|308|
183|332|192|1|317|0|308|
183|332|192|1|318|0|308|
183|329|96|1|317|0|308|
183|332|192|1|317|0|308|
183|329|96|1|317|0|308|
183|349|192|1|337|0|308|
183|275|96|1|285|0|306|
183|329|192|1|317|0|308|
183|279|96|1|285|0|306|
183|329|192|1|318|0|308|
183|328|192|1|316|0|308|
183|328|192|1|316|0|308|
183|329|192|1|317|0|308|
183|328|192|1|317|0|308|
183|332|96|1|317|0|308|
183|328|192|1|316|0|308|
183|328|192|1|317|0|308|
183|279|96|1|285|0|306|
183|329|192|1|317|0|308|
183|328|192|1|317|0|308|
183|329|96|1|317|0|308|
183|329|288|1|317|0|308|
183|332|288|1|317|0|308|
183|332|96|1|317|0|308|
183|328|192|1|317|0|308|
183|328|192|1|317|0|308|
183|331|192|1|317|0|308|
183|331|192|1|317|0|308|
183|332|192|1|317|0|308|
183|328|96|1|317|0|308|
183|328|192|1|317|0|308|
183|329|192|1|317|0|308|
183|329|192|1|317|0|308|
183|328|192|1|317|0|308|
183|329|192|1|317|0|308|
183|329|192|1|317|0|308|
183|329|192|1|317|0|308|
183|328|96|1|317|0|308|
183|329|192|1|317|0|308|
183|329|192|1|317|0|308|
183|329|96|1|317|0|308|
183|332|96|1|317|0|308|
183|329|192|1|317|0|308|
183|331|192|1|316|0|308|
183|328|192|1|317|0|308|
183|351|192|1|339|0|308|
183|328|96|1|316|0|308|
183|334|192|1|316|0|308|
183|328|192|1|316|0|308|
183|331|96|1|316|0|308|
183|331|96|1|316|0|308|
183|275|192|1|285|0|306|
183|331|192|1|316|0|308|
183|328|96|1|316|0|308|
183|331|192|1|316|0|308|
183|328|96|1|316|0|308|
183|328|192|1|316|0|308|
183|278|96|1|285|0|306|
183|331|96|1|316|0|308|
183|332|192|1|317|0|308|
183|279|192|1|285|0|306|
183|328|192|1|317|0|308|
183|329|96|1|317|0|308|
183|332|192|1|317|0|308|
183|332|192|1|317|0|308|
183|332|192|1|317|0|308|
183|328|96|1|317|0|308|
183|276|192|1|285|0|306|
183|331|192|1|316|0|308|
183|328|192|1|316|0|308|
183|328|96|1|316|0|308|
183|329|192|1|317|0|308|
183|275|192|1|285|0|306|
183|329|192|1|317|0|308|
183|329|192|1|317|0|308|
183|328|192|1|317|0|308|
183|329|192|1|317|0|308|
183|331|192|1|317|0|308|
183|328|192|1|317|0|308|
183|276|192|1|285|0|306|
183|329|96|1|317|0|308|
183|329|192|1|317|0|308|
183|332|192|1|317|0|308|
183|328|192|1|317|0|308|
183|277|96|1|283|0|305|
183|332|192|1|317|0|308|
183|328|96|1|317|0|308|
183|332|192|1|317|0|308|
183|328|96|1|317|0|308|
183|329|192|1|317|0|308|
183|332|96|1|317|0|308|
183|333|192|1|317|0|308|
183|329|192|1|317|0|308|
183|332|192|1|317|0|308|
183|328|96|1|316|0|308|
183|328|96|1|316|0|308|
183|328|96|1|316|0|308|
183|275|96|1|285|0|306|
183|331|96|1|317|0|308|
183|329|192|1|314|0|307|
183|328|192|1|317|0|308|
183|329|192|1|315|0|304|
183|331|192|1|316|0|308|
183|328|192|1|316|0|308|
183|328|192|1|317|0|308|
183|279|192|1|285|0|306|
183|329|96|1|318|0|308|
183|328|96|1|316|0|308|
183|328|192|1|316|0|308|
183|328|192|1|317|0|308|
183|331|192|1|316|0|308|
183|328|96|1|317|0|308|
183|328|192|1|317|0|308|
183|331|192|1|316|0|308|
183|328|192|1|316|0|308|
183|331|96|1|316|0|308|
183|331|192|1|316|0|308|
183|279|192|1|285|0|306|
183|348|192|1|333|0|308|
183|276|96|1|285|0|306|
183|328|192|1|317|0|308|
183|332|192|1|317|0|308|
183|328|192|1|317|0|308|
183|329|192|1|317|0|308|
183|328|96|1|317|0|308|
183|332|192|1|317|0|308|
183|328|192|1|317|0|308|
183|329|192|1|317|0|308|
183|329|192|1|317|0|308|
183|329|192|1|317|0|308|
183|329|192|1|317|0|308|
183|332|192|1|317|0|308|
183|332|192|1|317|0|308|
183|278|96|1|285|0|306|
183|332|192|1|317|0|308|
183|328|192|1|317|0|308|
183|328|192|1|317|0|308|
183|332|192|1|317|0|308|
183|328|192|1|317|0|308|
183|329|192|1|317|0|308|
183|328|192|1|317|0|308|
183|329|192|1|317|0|308|
183|329|96|1|317|0|308|
183|332|192|1|317|0|308|
183|332|192|1|317|0|308|
183|328|96|1|316|0|308|
183|328|96|1|316|0|308|
183|329|96|1|317|0|308|
183|332|288|1|317|0|308|
183|328|288|1|316|0|308|
183|329|96|1|317|0|308|
183|329|192|1|317|0|308|
183|329|192|1|317|0|308|
183|329|192|1|317|0|308|
183|328|192|1|316|0|308|
183|331|288|1|316|0|308|
183|328|192|1|316|0|308|
183|329|192|1|317|0|308|
183|329|192|1|318|0|308|
183|332|192|1|317|0|308|
183|332|192|1|317|0|308|
