INSTRUCTIONS_RETIRED|CYCLES|UNKNOWN|LD_BLOCKS.STORE_FORWARD|UOPS_EXECUTED.THREAD|BR_MISP_RETIRED.ALL_BRANCHES|UOPS_RETIRED.ANY|
38|219|96|2|167|0|163|
38|184|96|2|167|0|163|
38|400|192|2|418|0|375|
38|187|96|2|167|0|163|
38|143|96|1|140|0|161|
38|402|192|2|418|0|375|
38|401|192|2|419|0|375|
38|183|96|2|167|0|163|
38|184|96|2|167|0|163|
38|183|96|2|167|0|163|
38|398|192|2|417|0|375|
38|183|96|2|167|0|163|
38|162|96|1|140|0|161|
38|401|192|2|417|0|375|
38|184|96|2|167|0|163|
38|184|96|2|167|0|163|
38|352|96|1|391|0|370|
38|395|192|2|416|0|375|
38|184|96|2|167|0|163|
38|144|96|1|140|0|161|
38|143|96|1|140|0|161|
38|187|96|2|167|0|163|
38|186|96|2|167|0|163|
38|187|96|2|167|0|163|
38|184|96|2|167|0|163|
38|184|96|2|167|0|163|
38|399|192|2|417|0|372|
38|394|192|2|414|0|375|
38|401|192|2|418|0|372|
38|188|96|2|164|0|162|
38|184|96|2|167|0|163|
38|184|96|2|167|0|163|
38|184|96|2|167|0|163|
38|400|192|2|417|0|372|
38|395|192|2|417|0|375|
38|143|96|1|140|0|161|
38|187|192|2|167|0|163|
38|396|192|2|416|0|372|
38|396|192|2|415|0|375|
38|187|96|2|167|0|163|
38|184|96|2|167|0|163|
38|186|96|2|167|0|163|
38|402|192|2|419|0|372|
38|398|192|2|419|0|372|
38|187|96|2|167|0|163|
38|187|96|2|167|0|163|
38|143|0|1|140|0|161|
38|144|96|1|140|0|161|
38|186|96|2|167|0|163|
38|183|96|2|167|0|163|
38|186|96|2|167|0|163|
38|187|96|2|167|0|163|
38|188|96|2|167|0|163|
38|398|192|2|419|0|372|
38|187|96|2|167|0|163|
38|184|96|2|167|0|163|
38|183|96|2|167|0|163|
38|187|96|2|167|0|163|
38|184|96|2|167|0|163|
38|399|192|2|419|0|372|
38|144|96|1|140|0|161|
38|186|96|2|167|0|163|
38|187|96|2|167|0|163|
38|399|192|2|422|0|372|
38|143|96|1|140|0|161|
38|184|96|2|167|0|163|
38|187|96|2|167|0|163|
38|398|192|2|417|0|375|
38|143|0|1|140|0|161|
38|186|96|2|167|0|163|
38|354|192|1|390|0|370|
38|187|96|2|167|0|163|
38|186|96|2|167|0|163|
38|186|96|2|167|0|163|
38|398|192|2|420|0|372|
38|394|192|2|414|0|375|
38|144|96|1|140|0|161|
38|144|96|1|140|0|161|
38|144|96|1|140|0|161|
38|144|96|1|140|0|161|
38|187|96|2|167|0|163|
38|187|96|2|167|0|163|
38|183|96|2|167|0|163|
38|401|192|2|417|0|375|
38|144|0|1|140|0|161|
38|187|96|2|167|0|163|
38|186|96|2|167|0|163|
38|184|96|2|167|0|163|
38|183|96|2|167|0|163|
38|187|96|2|167|0|163|
38|400|192|2|417|0|375|
38|183|192|2|167|0|163|
38|186|96|2|167|0|163|
38|396|192|2|418|0|372|
38|186|96|2|167|0|163|
38|219|96|2|167|0|163|
38|186|96|2|167|0|163|
38|183|96|2|167|0|163|
38|187|96|2|167|0|163|
38|183|192|2|167|0|163|
38|143|96|1|140|0|161|
38|405|192|2|420|0|375|
38|186|96|2|167|0|163|
38|144|0|1|140|0|161|
38|186|96|2|167|0|163|
38|400|192|2|417|0|372|
38|187|96|2|167|0|163|
38|187|96|2|167|0|163|
38|186|96|2|167|0|163|
38|393|192|2|418|0|372|
38|184|96|2|167|0|163|
38|187|96|2|167|0|163|
38|186|96|2|167|0|163|
38|183|96|2|167|0|163|
38|401|192|2|419|0|372|
38|395|192|2|417|0|375|
38|186|0|2|167|0|163|
38|183|96|2|167|0|163|
38|184|0|2|167|0|163|
38|394|192|2|419|0|372|
38|183|96|2|167|0|163|
38|183|96|2|167|0|163|
38|186|96|2|167|0|163|
38|186|96|2|167|0|163|
38|184|96|2|167|0|163|
38|187|96|2|167|0|163|
38|355|192|1|388|0|373|
38|402|192|2|420|0|375|
38|187|96|2|167|0|163|
38|183|96|2|167|0|163|
38|184|96|2|167|0|163|
38|359|192|1|392|0|370|
38|186|96|2|167|0|163|
38|143|0|1|140|0|161|
38|187|96|2|167|0|163|
38|401|192|2|419|0|372|
38|184|96|2|167|0|163|
38|187|96|2|167|0|163|
38|144|96|1|140|0|161|
38|400|192|2|417|0|375|
38|184|96|2|167|0|163|
38|184|96|2|167|0|163|
38|184|96|2|167|0|163|
38|398|192|2|422|0|372|
38|186|96|2|167|0|163|
38|183|192|2|167|0|163|
38|181|96|2|165|0|162|
38|187|96|2|167|0|163|
38|183|96|2|167|0|163|
38|399|192|2|418|0|375|
38|183|96|2|167|0|163|
38|186|96|2|167|0|163|
38|397|192|2|415|0|375|
38|144|96|1|140|0|161|
38|396|192|2|418|0|372|
38|187|96|2|167|0|163|
38|187|96|2|167|0|163|
38|186|96|2|167|0|163|
38|392|192|2|418|0|372|
38|183|96|2|167|0|163|
38|184|96|2|167|0|163|
38|186|96|2|167|0|163|
38|393|192|2|418|0|372|
38|354|192|1|390|0|373|
38|187|96|2|167|0|163|
38|184|96|2|167|0|163|
38|143|96|1|140|0|161|
38|187|96|2|167|0|163|
38|144|96|1|140|0|161|
38|187|96|2|167|0|163|
38|184|96|2|167|0|163|
38|186|96|2|167|0|163|
38|183|96|2|167|0|163|
38|398|192|2|417|0|375|
38|184|96|2|165|0|162|
38|183|96|2|167|0|163|
38|401|192|2|420|0|368|
38|186|96|2|167|0|163|
38|144|96|1|140|0|161|
38|399|192|2|420|0|372|
38|186|96|2|167|0|163|
38|397|192|2|420|0|372|
38|187|96|2|167|0|163|
38|183|96|2|167|0|163|
38|186|96|2|167|0|163|
38|393|192|2|415|0|374|
38|186|96|2|167|0|163|
38|186|96|2|167|0|163|
38|398|192|2|417|0|375|
38|186|96|2|167|0|163|
38|183|96|2|167|0|163|
38|186|96|2|167|0|163|
38|183|96|2|167|0|163|
38|186|96|2|167|0|163|
38|355|192|1|392|0|370|
38|144|96|1|140|0|161|
38|185|0|2|167|0|163|
38|184|96|2|167|0|163|
38|187|96|2|167|0|163|
38|395|192|2|418|0|375|
38|186|192|2|167|0|163|
38|186|96|2|167|0|163|
38|186|96|2|167|0|163|
38|187|96|2|167|0|163|
38|184|96|2|167|0|163|
38|358|96|1|392|0|370|
38|186|96|2|167|0|163|
38|401|288|2|419|0|372|
38|186|96|2|167|0|163|
38|184|96|2|167|0|163|
38|187|96|2|167|0|163|
38|183|192|2|167|0|163|
38|187|96|2|167|0|163|
38|187|192|2|167|0|163|
38|186|96|2|167|0|163|
38|355|192|1|395|0|370|
38|143|96|1|140|0|161|
38|357|192|1|392|0|370|
38|400|192|2|417|0|375|
38|186|0|2|167|0|163|
38|190|96|2|167|0|163|
38|183|96|2|167|0|163|
38|400|192|2|417|0|372|
38|183|96|2|167|0|163|
38|183|0|2|167|0|163|
38|186|96|2|167|0|163|
38|183|96|2|167|0|163|
38|399|192|2|419|0|372|
38|399|192|2|417|0|375|
38|186|192|2|167|0|163|
38|179|96|2|165|0|157|
38|186|96|2|167|0|163|
38|183|96|2|167|0|163|
38|187|96|2|167|0|163|
38|143|0|1|140|0|161|
38|401|192|2|417|0|375|
38|186|96|2|167|0|163|
38|143|0|1|140|0|161|
38|186|96|2|167|0|163|
38|183|96|2|167|0|163|
38|401|192|2|419|0|375|
38|186|96|2|167|0|163|
38|187|0|2|167|0|163|
38|400|192|2|420|0|372|
38|397|288|2|416|0|375|
38|186|96|2|167|0|163|
38|183|0|2|167|0|163|
38|183|192|2|167|0|163|
38|393|192|2|418|0|372|
38|186|96|2|167|0|163|
38|186|96|2|167|0|163|
38|143|0|1|140|0|161|
38|183|96|2|167|0|163|
38|187|96|2|167|0|163|
38|186|96|2|167|0|163|
38|143|96|1|140|0|161|
38|183|96|2|167|0|163|
38|397|192|2|417|0|375|
38|186|96|2|167|0|163|
38|186|96|2|167|0|163|
38|186|96|2|167|0|163|
38|186|96|2|167|0|163|
38|397|192|2|418|0|375|
38|183|96|2|167|0|163|
38|186|96|2|167|0|163|
38|183|96|2|167|0|163|
38|186|96|2|167|0|163|
38|394|192|2|417|0|372|
38|187|96|2|167|0|163|
38|187|96|2|167|0|163|
38|221|96|2|167|0|163|
38|402|192|2|419|0|372|
38|394|192|2|414|0|375|
38|143|96|1|140|0|161|
38|187|96|2|167|0|163|
38|188|96|2|167|0|163|
38|184|96|2|167|0|163|
38|183|96|2|167|0|163|
38|187|96|2|167|0|163|
38|187|96|2|167|0|163|
38|184|96|2|167|0|163|
38|184|96|2|167|0|163|
38|183|96|2|167|0|163|
38|399|288|2|422|0|372|
38|186|96|2|167|0|163|
38|184|96|2|167|0|163|
38|401|192|2|418|0|372|
38|188|96|2|167|0|163|
38|187|96|2|167|0|163|
38|184|96|2|167|0|163|
38|398|192|2|417|0|375|
38|186|96|2|167|0|163|
38|187|96|2|167|0|163|
38|184|96|2|167|0|163|
38|184|96|2|167|0|163|
38|186|96|2|167|0|163|
38|187|96|2|167|0|163|
38|397|192|2|419|0|372|
38|395|192|2|417|0|375|
38|184|96|2|167|0|163|
38|186|96|2|167|0|163|
38|184|96|2|167|0|163|
38|184|96|2|167|0|163|
38|184|96|2|167|0|163|
38|187|96|2|167|0|163|
38|187|96|2|167|0|163|
38|184|96|2|167|0|163|
38|184|96|2|167|0|163|
38|183|96|2|167|0|163|
38|397|192|2|415|0|375|
38|184|96|2|167|0|163|
38|187|192|2|167|0|163|
38|187|96|2|167|0|163|
38|398|192|2|419|0|372|
38|184|96|2|167|0|163|
38|183|96|2|167|0|163|
38|187|192|2|167|0|163|
38|397|192|2|417|0|372|
38|397|192|2|419|0|372|
38|183|96|2|167|0|163|
38|186|96|2|167|0|163|
38|183|0|2|167|0|163|
38|400|192|2|423|0|372|
38|397|192|2|415|0|375|
38|397|192|2|417|0|375|
38|186|96|2|167|0|163|
38|183|96|2|167|0|163|
38|186|96|2|167|0|163|
38|186|192|2|167|0|163|
38|186|96|2|167|0|163|
38|143|96|1|140|0|161|
38|186|96|2|167|0|163|
38|183|96|2|167|0|163|
38|399|192|2|416|0|372|
38|183|96|2|167|0|163|
38|186|96|2|167|0|163|
38|399|192|2|423|0|372|
38|186|96|2|167|0|163|
38|184|96|2|167|0|163|
38|394|192|2|415|0|375|
38|184|96|2|167|0|163|
38|183|96|2|167|0|163|
38|186|96|2|167|0|163|
38|187|96|2|167|0|163|
38|184|0|2|167|0|163|
38|183|96|2|167|0|163|
38|186|96|2|167|0|163|
38|183|96|2|167|0|163|
38|397|192|2|417|0|372|
38|397|192|2|417|0|375|
38|186|192|2|167|0|163|
38|143|0|1|140|0|161|
38|398|192|2|415|0|375|
38|143|0|1|140|0|161|
38|187|96|2|167|0|163|
38|187|96|2|167|0|163|
38|186|96|2|167|0|163|
38|186|96|2|167|0|163|
38|184|96|2|167|0|163|
38|181|96|2|165|0|162|
38|359|96|1|390|0|373|
38|184|96|2|167|0|163|
38|188|0|2|167|0|163|
38|187|96|2|167|0|163|
38|143|96|1|140|0|161|
38|183|0|2|167|0|163|
38|401|192|2|420|0|372|
38|402|192|2|420|0|375|
38|395|192|2|417|0|375|
38|184|96|2|167|0|163|
38|144|96|1|140|0|161|
38|144|96|1|140|0|161|
38|397|192|2|419|0|372|
38|144|96|1|140|0|161|
38|187|96|2|167|0|163|
38|397|192|2|418|0|375|
38|186|96|2|167|0|163|
38|184|96|2|167|0|163|
38|187|96|2|167|0|163|
38|401|192|2|419|0|372|
38|397|192|2|417|0|375|
38|186|96|2|167|0|163|
38|143|96|1|140|0|161|
38|393|192|2|418|0|372|
38|187|96|2|167|0|163|
38|183|96|2|167|0|163|
38|187|96|2|167|0|163|
38|184|96|2|167|0|163|
38|398|192|2|418|0|372|
38|398|192|2|416|0|375|
38|187|96|2|167|0|163|
38|187|96|2|167|0|163|
38|187|96|2|167|0|163|
38|186|96|2|167|0|163|
38|184|96|2|167|0|163|
38|398|192|2|415|0|375|
38|356|192|1|390|0|373|
38|143|96|1|140|0|161|
38|186|96|2|167|0|163|
38|397|192|2|415|0|375|
38|184|96|2|167|0|163|
38|144|96|1|140|0|161|
38|398|192|2|417|0|375|
38|184|96|2|167|0|163|
38|184|96|2|167|0|163|
38|181|96|2|165|0|162|
38|184|96|2|167|0|163|
38|184|96|2|167|0|163|
38|187|96|2|167|0|163|
38|402|192|2|417|0|375|
38|186|96|2|167|0|163|
38|396|192|2|422|0|372|
38|399|192|2|417|0|375|
38|186|96|2|167|0|163|
38|187|96|2|167|0|163|
38|184|96|2|167|0|163|
38|183|96|2|167|0|163|
38|186|96|2|167|0|163|
38|400|192|2|423|0|372|
38|401|192|2|420|0|372|
38|183|96|2|167|0|163|
38|181|96|2|165|0|162|
38|183|192|2|167|0|163|
38|186|96|2|167|0|163|
38|398|192|2|420|0|372|
38|395|192|2|415|0|375|
38|144|96|1|140|0|161|
38|186|96|2|167|0|163|
38|186|96|2|167|0|163|
38|402|192|2|417|0|375|
38|186|96|2|167|0|163|
38|187|96|2|167|0|163|
38|186|96|2|167|0|163|
38|186|96|2|167|0|163|
38|355|192|1|388|0|373|
38|401|192|2|417|0|375|
38|186|96|2|167|0|163|
38|397|192|2|414|0|375|
38|183|96|2|167|0|163|
38|187|192|2|167|0|163|
38|186|96|2|167|0|163|
38|186|96|2|167|0|163|
38|395|288|2|419|0|372|
38|395|288|2|417|0|372|
38|354|192|1|391|0|370|
38|396|192|2|415|0|375|
38|184|96|2|167|0|163|
38|187|96|2|167|0|163|
38|184|96|2|167|0|163|
38|184|96|2|167|0|163|
38|395|192|2|417|0|372|
38|187|96|2|167|0|163|
38|184|0|2|167|0|163|
38|184|96|2|167|0|163|
38|187|96|2|167|0|163|
38|401|192|2|415|0|375|
38|187|96|2|167|0|163|
38|187|0|2|167|0|163|
38|184|192|2|167|0|163|
38|394|192|2|416|0|372|
38|184|96|2|167|0|163|
38|187|96|2|167|0|163|
38|186|96|2|167|0|163|
38|143|96|1|140|0|161|
38|400|192|2|416|0|375|
38|395|192|2|417|0|375|
38|144|96|1|140|0|161|
38|187|96|2|167|0|163|
38|396|192|2|417|0|375|
38|183|96|2|167|0|163|
38|181|96|2|165|0|162|
38|186|96|2|167|0|163|
38|393|192|2|418|0|372|
38|186|96|2|167|0|163|
38|183|96|2|167|0|163|
38|183|96|2|167|0|163|
38|398|192|2|420|0|372|
38|183|96|2|167|0|163|
38|183|96|2|167|0|163|
38|186|96|2|167|0|163|
38|183|0|2|167|0|163|
38|186|96|2|167|0|163|
38|186|96|2|167|0|163|
38|186|96|2|167|0|163|
38|186|96|2|167|0|163|
38|399|192|2|421|0|372|
38|186|96|2|167|0|163|
38|143|96|1|140|0|161|
38|396|192|2|419|0|372|
38|402|192|2|421|0|372|
38|186|96|2|167|0|163|
38|184|96|2|167|0|163|
38|394|192|2|417|0|375|
38|186|96|2|167|0|163|
38|183|96|2|167|0|163|
38|186|96|2|167|0|163|
38|183|96|2|167|0|163|
38|398|192|2|420|0|372|
38|186|96|2|167|0|163|
38|186|96|2|167|0|163|
38|186|96|2|167|0|163|
38|184|96|2|167|0|163|
38|186|96|2|167|0|163|
38|186|96|2|167|0|163|
38|393|192|2|419|0|372|
38|397|192|2|415|0|375|
38|184|96|2|167|0|163|
38|187|96|2|167|0|163|
38|187|96|2|167|0|163|
38|186|96|2|167|0|163|
38|187|96|2|167|0|163|
38|395|192|2|418|0|372|
38|183|96|2|167|0|163|
38|186|96|2|167|0|163|
38|186|96|2|167|0|163|
38|184|96|2|167|0|163|
38|401|192|2|416|0|375|
38|144|192|1|140|0|161|
38|143|96|1|140|0|161|
38|186|96|2|167|0|163|
38|400|192|2|417|0|372|
38|186|96|2|167|0|163|
38|186|96|2|167|0|163|
38|184|0|2|167|0|163|
38|183|96|2|167|0|163|
38|186|96|2|167|0|163|
38|398|192|2|417|0|375|
38|144|0|1|140|0|161|
38|184|96|2|167|0|163|
38|399|192|2|419|0|372|
38|351|192|1|387|0|373|
38|187|96|2|167|0|163|
38|187|96|2|167|0|163|
38|400|192|2|421|0|372|
38|187|96|2|167|0|163|
38|184|96|2|167|0|163|
38|143|96|1|140|0|161|
38|187|96|2|167|0|163|
38|186|96|2|167|0|163|
38|185|96|2|167|0|163|
38|184|96|2|167|0|163|
38|144|96|1|140|0|161|
38|187|96|2|167|0|163|
38|187|96|2|167|0|163|
38|186|96|2|167|0|163|
38|398|192|2|420|0|372|
38|400|192|2|417|0|375|
38|143|96|1|140|0|161|
38|142|96|1|139|0|158|
38|187|96|2|167|0|163|
38|186|96|2|167|0|163|
38|187|96|2|167|0|163|
38|183|96|2|167|0|163|
38|401|288|2|418|0|372|
38|395|192|2|417|0|375|
38|398|192|2|417|0|375|
38|187|96|2|167|0|163|
38|187|96|2|167|0|163|
38|184|96|2|167|0|163|
38|398|192|2|417|0|375|
38|183|96|2|167|0|163|
38|395|288|2|422|0|372|
38|398|192|2|417|0|375|
38|186|96|2|167|0|163|
38|187|96|2|167|0|163|
38|187|96|2|167|0|163|
38|184|96|2|167|0|163|
38|184|96|2|167|0|163|
38|395|288|2|419|0|372|
38|187|96|2|167|0|163|
38|186|96|2|167|0|163|
38|177|96|1|140|0|161|
38|396|192|2|418|0|372|
38|186|96|2|167|0|163|
38|186|96|2|167|0|163|
38|186|192|2|167|0|163|
38|183|96|2|167|0|163|
38|183|192|2|167|0|163|
38|144|0|1|140|0|161|
38|187|96|2|167|0|163|
38|187|96|2|167|0|163|
38|396|288|2|418|0|372|
38|401|192|2|417|0|375|
38|187|96|2|167|0|163|
38|183|96|2|167|0|163|
38|184|96|2|167|0|163|
38|184|96|2|167|0|163|
38|400|192|2|417|0|375|
38|183|96|2|167|0|163|
38|186|96|2|167|0|163|
38|144|96|1|140|0|161|
38|401|192|2|417|0|375|
38|186|96|2|167|0|163|
38|183|0|2|167|0|163|
38|393|192|2|416|0|371|
38|396|192|2|415|0|375|
38|183|96|2|167|0|163|
38|186|96|2|167|0|163|
38|401|192|2|420|0|372|
38|183|0|2|167|0|163|
38|186|96|2|167|0|163|
38|187|96|2|167|0|163|
38|144|96|1|140|0|161|
38|184|96|2|167|0|163|
38|398|192|2|422|0|372|
38|144|96|1|140|0|161|
38|186|96|2|167|0|163|
38|187|96|2|167|0|163|
38|400|192|2|416|0|375|
38|144|96|1|140|0|161|
38|184|96|2|167|0|163|
38|397|192|2|418|0|372|
38|184|96|2|167|0|163|
38|184|96|2|167|0|163|
38|394|192|1|374|0|370|
38|184|96|2|165|0|162|
38|184|96|2|167|0|163|
38|401|192|2|419|0|371|
38|395|192|2|415|0|375|
38|186|96|2|167|0|163|
38|184|96|2|167|0|163|
38|187|96|2|167|0|163|
38|181|96|2|166|0|159|
38|184|96|2|167|0|163|
38|187|96|2|167|0|163|
38|397|192|2|419|0|372|
38|184|96|2|167|0|163|
38|187|96|2|167|0|163|
38|391|192|2|414|0|371|
38|183|96|2|167|0|163|
38|371|288|1|388|0|370|
38|184|96|2|167|0|163|
38|183|96|2|167|0|163|
38|143|0|1|140|0|161|
38|183|96|2|167|0|163|
38|184|96|2|167|0|163|
38|184|96|2|167|0|163|
38|143|96|1|140|0|161|
38|400|192|2|420|0|375|
38|183|96|2|167|0|163|
38|187|192|2|167|0|163|
38|184|96|2|167|0|163|
38|184|96|2|167|0|163|
38|144|96|1|140|0|161|
38|394|192|2|415|0|375|
38|184|96|2|167|0|163|
38|187|192|2|167|0|163|
38|184|96|2|167|0|163|
38|401|192|2|417|0|375|
38|184|96|2|167|0|163|
38|187|96|2|167|0|163|
38|186|96|2|167|0|163|
38|186|96|2|167|0|163|
38|186|96|2|167|0|163|
38|183|96|2|167|0|163|
38|186|0|2|167|0|163|
38|144|96|1|140|0|161|
38|401|192|2|419|0|372|
38|184|96|2|167|0|163|
38|187|96|2|167|0|163|
38|187|96|2|167|0|163|
38|183|96|2|167|0|163|
38|354|192|1|390|0|373|
38|183|96|2|167|0|163|
38|187|96|2|167|0|163|
38|187|96|2|167|0|163|
38|184|96|2|167|0|163|
38|143|192|1|140|0|161|
38|401|288|2|420|0|375|
38|184|96|2|167|0|163|
38|187|192|2|167|0|163|
38|397|192|2|420|0|375|
38|184|96|2|167|0|163|
38|186|96|2|167|0|163|
38|143|0|1|140|0|161|
38|357|192|1|390|0|373|
38|186|96|2|167|0|163|
38|183|96|2|167|0|163|
38|186|96|2|167|0|163|
38|396|192|2|416|0|375|
38|186|96|2|167|0|163|
38|186|96|2|167|0|163|
38|186|96|2|167|0|163|
38|183|96|2|167|0|163|
38|183|96|2|167|0|163|
38|184|192|2|167|0|163|
38|186|96|2|167|0|163|
38|144|0|1|140|0|161|
38|186|96|2|167|0|163|
38|183|96|2|167|0|163|
38|183|96|2|167|0|163|
38|183|96|2|167|0|163|
38|400|192|2|418|0|372|
38|357|96|1|390|0|370|
38|397|192|2|417|0|371|
38|402|192|2|419|0|375|
38|183|96|2|167|0|163|
38|143|96|1|140|0|161|
38|398|288|2|415|0|375|
38|184|96|2|167|0|163|
38|186|96|2|167|0|163|
38|187|96|2|167|0|163|
38|183|96|2|167|0|163|
38|354|192|1|392|0|370|
38|187|96|2|167|0|163|
38|184|96|2|167|0|163|
38|399|192|2|422|0|372|
38|187|192|2|167|0|163|
38|184|96|2|167|0|163|
38|183|96|2|167|0|163|
38|184|96|2|167|0|163|
38|186|96|2|167|0|163|
38|186|96|2|167|0|163|
38|186|96|2|167|0|163|
38|186|96|2|167|0|163|
38|144|96|1|140|0|161|
38|187|96|2|167|0|163|
38|187|96|2|167|0|163|
38|187|96|2|167|0|163|
38|187|96|2|167|0|163|
38|400|192|2|420|0|375|
38|187|96|2|167|0|163|
38|187|96|2|167|0|163|
38|394|192|2|415|0|375|
38|187|96|2|167|0|163|
38|187|96|2|167|0|163|
38|395|192|2|417|0|372|
38|187|96|2|167|0|163|
38|184|96|2|167|0|163|
38|144|0|1|140|0|161|
38|397|192|2|419|0|372|
38|187|96|2|167|0|163|
38|187|96|2|167|0|163|
38|184|96|2|167|0|163|
38|187|96|2|167|0|163|
38|183|96|2|167|0|163|
38|187|96|2|167|0|163|
38|144|96|1|140|0|161|
38|187|96|2|167|0|163|
38|184|96|2|167|0|163|
38|186|96|2|167|0|163|
38|396|192|2|422|0|372|
38|186|96|2|167|0|163|
38|395|192|2|415|0|375|
38|183|96|2|167|0|163|
38|186|96|2|167|0|163|
38|186|96|2|167|0|163|
38|399|192|2|420|0|372|
38|398|192|2|416|0|375|
38|186|96|2|167|0|163|
38|183|96|2|167|0|163|
38|401|288|2|417|0|372|
38|143|96|1|140|0|161|
38|186|96|2|167|0|163|
38|397|192|2|417|0|372|
38|183|96|2|167|0|163|
38|144|0|1|140|0|161|
38|186|0|2|167|0|163|
38|187|96|2|167|0|163|
38|187|96|2|167|0|163|
38|186|96|2|167|0|163|
38|144|96|1|140|0|161|
38|403|192|2|423|0|372|
38|183|96|2|167|0|163|
38|186|96|2|167|0|163|
38|143|0|1|140|0|161|
38|186|96|2|167|0|163|
38|144|0|1|140|0|161|
38|186|96|2|167|0|163|
38|186|96|2|167|0|163|
38|184|192|2|167|0|163|
38|397|192|2|417|0|375|
38|186|0|2|167|0|163|
38|184|96|2|167|0|163|
38|186|96|2|167|0|163|
38|402|192|2|419|0|372|
38|186|96|2|167|0|163|
38|186|96|2|167|0|163|
38|186|96|2|167|0|163|
38|186|96|2|167|0|163|
38|186|96|2|167|0|163|
38|399|192|2|416|0|372|
38|186|96|2|167|0|163|
38|186|96|2|167|0|163|
38|186|0|2|167|0|163|
38|398|192|2|417|0|375|
38|186|96|2|167|0|163|
38|186|96|2|167|0|163|
38|393|192|2|418|0|372|
38|398|192|2|420|0|375|
38|186|96|2|167|0|163|
38|144|96|1|140|0|161|
38|396|288|2|415|0|374|
38|184|96|2|167|0|163|
38|184|96|2|167|0|163|
38|391|192|2|416|0|372|
38|402|192|2|420|0|375|
38|186|96|2|167|0|163|
38|184|96|2|167|0|163|
38|395|192|2|415|0|371|
38|394|192|2|415|0|375|
38|184|96|2|167|0|163|
38|187|192|2|167|0|163|
38|188|0|2|167|0|163|
38|187|96|2|167|0|163|
38|184|96|2|167|0|163|
38|187|96|2|167|0|163|
38|393|192|2|415|0|372|
38|186|96|2|167|0|163|
38|184|192|2|167|0|163|
38|144|96|1|140|0|161|
38|402|192|2|417|0|375|
38|183|96|2|167|0|163|
38|183|96|2|167|0|163|
38|144|0|1|140|0|161|
38|184|96|2|167|0|163|
38|187|96|2|167|0|163|
38|184|96|2|167|0|163|
38|187|96|2|167|0|163|
38|183|96|2|167|0|163|
38|186|96|2|167|0|163|
38|394|192|2|416|0|372|
38|396|192|2|416|0|375|
38|399|192|2|419|0|372|
38|143|0|1|140|0|161|
38|184|96|2|167|0|163|
38|396|192|2|416|0|372|
38|355|192|1|390|0|373|
38|186|0|2|167|0|163|
38|183|96|2|167|0|163|
38|187|96|2|167|0|163|
38|187|96|2|167|0|163|
38|187|96|2|167|0|163|
38|186|96|2|167|0|163|
38|398|192|2|418|0|372|
38|186|96|2|167|0|163|
38|183|96|2|167|0|163|
38|396|192|2|417|0|372|
38|187|96|2|167|0|163|
38|183|96|2|167|0|163|
38|184|96|2|167|0|163|
38|186|96|2|167|0|163|
38|356|192|1|390|0|370|
38|144|96|1|140|0|161|
38|183|96|2|167|0|163|
38|394|192|2|419|0|372|
38|396|192|2|417|0|375|
38|398|192|2|417|0|375|
38|184|96|2|167|0|163|
38|183|96|2|167|0|163|
38|394|192|2|418|0|372|
38|183|96|2|167|0|163|
38|144|96|1|140|0|161|
38|402|192|2|419|0|372|
38|184|96|2|167|0|163|
38|183|96|2|167|0|163|
38|144|0|1|140|0|161|
38|186|96|2|167|0|163|
38|186|96|2|167|0|163|
38|187|96|2|167|0|163|
38|144|0|1|140|0|161|
38|186|192|2|167|0|163|
38|397|192|2|419|0|372|
38|186|96|2|167|0|163|
38|183|96|2|167|0|163|
38|187|96|2|167|0|163|
38|143|0|1|140|0|161|
38|399|192|2|422|0|372|
38|398|192|2|419|0|372|
38|399|288|2|417|0|375|
38|186|96|2|167|0|163|
38|184|0|2|167|0|163|
38|187|96|2|167|0|163|
38|395|192|2|417|0|375|
38|184|96|2|167|0|163|
38|183|96|2|167|0|163|
38|187|96|2|167|0|163|
38|394|192|2|419|0|372|
38|401|192|2|417|0|375|
38|184|0|2|167|0|163|
38|187|96|2|167|0|163|
38|183|96|2|167|0|163|
38|144|96|1|140|0|161|
38|187|96|2|167|0|163|
38|181|96|2|166|0|160|
38|186|96|2|167|0|163|
38|397|192|2|417|0|375|
38|143|96|1|140|0|161|
38|186|96|2|167|0|163|
38|186|96|2|167|0|163|
38|183|96|2|167|0|163|
38|183|96|2|167|0|163|
38|398|192|2|420|0|372|
38|399|192|2|415|0|375|
38|186|96|2|167|0|163|
38|183|96|2|167|0|163|
38|143|96|1|140|0|161|
38|186|96|2|167|0|163|
38|183|96|2|167|0|163|
38|401|192|2|419|0|372|
38|186|0|2|167|0|163|
38|183|96|2|167|0|163|
38|183|96|2|167|0|163|
38|398|192|2|419|0|372|
38|400|192|2|417|0|375|
38|186|96|2|167|0|163|
38|183|96|2|167|0|163|
38|394|192|2|415|0|375|
38|183|96|2|167|0|163|
38|183|96|2|167|0|163|
38|143|96|1|140|0|161|
38|397|192|2|415|0|375|
38|357|192|1|389|0|373|
38|184|96|2|167|0|163|
38|355|192|1|392|0|370|
38|397|192|2|417|0|375|
38|187|96|2|167|0|163|
38|394|192|2|419|0|372|
38|355|192|1|388|0|373|
38|183|96|2|167|0|163|
38|401|192|2|419|0|375|
38|186|96|2|167|0|163|
38|186|96|2|167|0|163|
38|183|96|2|167|0|163|
38|181|96|2|166|0|159|
38|352|192|1|387|0|373|
38|187|96|2|167|0|163|
38|184|96|2|167|0|163|
38|144|96|1|140|0|161|
38|187|96|2|167|0|163|
38|398|192|2|419|0|372|
38|184|96|2|167|0|163|
38|184|96|2|167|0|163|
38|144|96|1|140|0|161|
38|186|96|2|167|0|163|
38|186|96|2|167|0|163|
38|186|0|2|167|0|163|
38|395|192|2|418|0|372|
38|399|192|2|419|0|372|
38|190|96|2|167|0|163|
38|186|96|2|167|0|163|
38|400|192|2|417|0|375|
38|184|0|2|167|0|163|
38|183|96|2|167|0|163|
38|183|96|2|167|0|163|
38|400|192|2|422|0|372|
38|186|96|2|167|0|163|
38|187|0|2|167|0|163|
38|2860|1536|2|495|0|494|
38|183|96|2|167|0|163|
38|183|96|2|167|0|163|
38|186|0|2|167|0|163|
38|183|96|2|167|0|163|
38|183|96|2|167|0|163|
38|398|192|2|420|0|372|
38|399|288|2|420|0|372|
38|400|192|2|417|0|372|
38|183|96|2|167|0|163|
38|183|96|2|167|0|163|
38|398|192|2|420|0|372|
38|186|96|2|167|0|163|
38|186|0|2|167|0|163|
38|183|96|2|167|0|163|
38|399|192|2|421|0|372|
38|183|96|2|167|0|163|
38|186|96|2|167|0|163|
38|183|96|2|167|0|163|
38|186|96|2|167|0|163|
38|403|192|2|420|0|375|
38|187|0|2|167|0|163|
38|183|96|2|167|0|163|
38|144|96|1|140|0|161|
38|400|192|2|417|0|375|
38|187|96|2|167|0|163|
38|187|96|2|167|0|163|
38|187|96|2|167|0|163|
38|184|96|2|167|0|163|
38|402|288|2|417|0|375|
38|187|192|2|167|0|163|
38|187|192|2|167|0|163|
38|187|96|2|167|0|163|
38|144|96|1|140|0|161|
38|186|96|2|167|0|163|
38|184|96|2|167|0|163|
38|394|192|2|419|0|372|
38|395|192|2|417|0|375|
38|187|96|2|167|0|163|
38|183|96|2|167|0|163|
38|186|96|2|167|0|163|
38|400|192|2|420|0|372|
38|183|96|2|167|0|163|
38|186|96|2|167|0|163|
38|183|96|2|167|0|163|
38|398|192|2|420|0|372|
38|397|192|2|415|0|375|
38|184|96|2|165|0|162|
38|183|96|2|167|0|163|
38|184|96|1|140|0|161|
38|398|192|2|417|0|375|
38|187|96|2|167|0|163|
