INSTRUCTIONS_RETIRED|CYCLES|UNKNOWN|LD_BLOCKS.STORE_FORWARD|UOPS_EXECUTED.THREAD|BR_MISP_RETIRED.ALL_BRANCHES|UOPS_RETIRED.ANY|
146|239|96|1|248|0|269|
146|291|96|1|279|0|271|
146|295|192|1|280|0|271|
146|294|192|1|280|0|271|
146|509|192|1|534|0|480|
146|506|192|1|530|0|483|
146|291|288|1|279|0|271|
146|291|96|1|279|0|271|
146|292|96|1|280|0|271|
146|291|192|1|279|0|271|
146|292|192|1|280|0|271|
146|241|96|1|248|0|269|
146|292|96|1|280|0|271|
146|292|192|1|281|0|271|
146|506|192|1|529|0|483|
146|291|192|1|280|0|271|
146|292|96|1|280|0|271|
146|295|96|1|280|0|271|
146|291|192|1|279|0|271|
146|523|288|1|550|0|483|
146|294|192|1|280|0|271|
146|296|96|1|280|0|271|
146|502|288|1|532|0|480|
146|241|96|1|248|0|269|
146|295|192|1|280|0|271|
146|295|96|1|280|0|271|
146|503|192|1|526|0|480|
146|292|192|1|280|0|271|
146|291|96|1|279|0|271|
146|294|192|1|279|0|271|
146|292|192|1|280|0|271|
146|291|96|1|280|0|271|
146|507|384|1|528|0|483|
146|294|96|1|279|0|271|
146|239|96|1|248|0|269|
146|508|192|1|533|0|480|
146|294|192|1|279|0|271|
146|291|96|1|279|0|271|
146|291|96|1|279|0|271|
146|504|288|1|530|0|480|
146|292|96|1|281|0|271|
146|291|96|1|279|0|271|
146|294|192|1|279|0|271|
146|292|192|1|280|0|271|
146|508|192|1|532|0|480|
146|289|96|1|278|0|267|
146|238|192|1|248|0|269|
146|502|192|1|530|0|483|
146|295|192|1|280|0|271|
146|295|96|1|280|0|271|
146|292|96|1|280|0|271|
146|292|192|1|280|0|271|
146|292|192|1|280|0|271|
146|292|192|1|280|0|271|
146|506|288|1|530|0|483|
146|291|96|1|280|0|271|
146|292|192|1|280|0|271|
146|291|96|1|280|0|271|
146|292|96|1|280|0|271|
146|291|192|1|280|0|271|
146|291|192|1|280|0|271|
146|291|96|1|280|0|271|
146|506|192|1|530|0|483|
146|295|192|1|281|0|271|
146|295|192|1|280|0|271|
146|294|96|1|280|0|271|
146|508|192|1|533|0|483|
146|509|192|1|534|0|480|
146|504|288|1|530|0|483|
146|291|96|1|279|0|271|
146|294|96|1|279|0|271|
146|508|192|1|533|0|480|
146|294|192|1|279|0|271|
146|291|288|1|279|0|271|
146|239|288|1|248|0|269|
146|294|192|1|279|0|271|
146|503|288|1|530|0|480|
146|289|192|1|278|0|267|
146|291|192|1|279|0|271|
146|294|192|1|280|0|271|
146|291|192|1|279|0|271|
146|509|288|1|533|0|480|
146|292|192|1|279|0|271|
146|292|96|1|281|0|271|
146|292|288|1|280|0|271|
146|295|192|1|281|0|271|
146|293|192|1|280|0|271|
146|292|192|1|280|0|271|
146|242|96|1|248|0|269|
146|503|192|1|532|0|480|
146|507|192|1|533|0|480|
146|451|288|1|500|0|481|
146|292|96|1|280|0|271|
146|505|192|1|533|0|483|
146|241|96|1|248|0|269|
146|289|96|1|279|0|267|
146|295|192|1|280|0|271|
146|294|192|1|280|0|271|
146|292|96|1|280|0|271|
146|292|192|1|280|0|271|
146|505|288|1|532|0|480|
146|294|192|1|280|0|271|
146|291|96|1|280|0|271|
146|291|192|1|280|0|271|
146|292|96|1|280|0|271|
146|506|288|1|530|0|483|
146|292|192|1|281|0|271|
146|294|192|1|279|0|271|
146|294|96|1|279|0|271|
146|506|288|1|529|0|483|
146|291|96|1|279|0|271|
146|291|192|1|280|0|271|
146|273|96|1|254|0|269|
146|294|96|1|279|0|271|
146|291|96|1|280|0|271|
146|501|192|1|528|0|483|
146|242|192|1|248|0|269|
146|291|192|1|279|0|271|
146|293|96|1|281|0|271|
146|509|288|1|533|0|480|
146|292|96|1|280|0|271|
146|294|192|1|279|0|271|
146|291|192|1|279|0|271|
146|291|192|1|279|0|271|
146|294|96|1|279|0|271|
146|291|192|1|279|0|271|
146|294|192|1|280|0|271|
146|294|96|1|279|0|271|
146|294|96|1|279|0|271|
146|294|96|1|279|0|271|
146|291|192|1|279|0|271|
146|291|96|1|279|0|271|
146|242|96|1|248|0|269|
146|292|192|1|281|0|271|
146|295|192|1|281|0|271|
146|292|192|1|280|0|271|
146|294|192|1|280|0|271|
146|292|288|1|280|0|271|
146|292|96|1|281|0|271|
146|292|192|1|281|0|271|
146|292|96|1|281|0|271|
146|291|192|1|279|0|271|
146|292|192|1|280|0|271|
146|295|96|1|280|0|271|
146|292|192|1|280|0|271|
146|292|96|1|280|0|271|
146|294|96|1|279|0|271|
146|292|96|1|281|0|271|
146|294|96|1|280|0|271|
146|291|192|1|279|0|271|
146|291|192|1|279|0|271|
146|295|96|1|281|0|271|
146|291|96|1|280|0|271|
146|294|96|1|279|0|271|
146|294|96|1|280|0|271|
146|294|192|1|279|0|271|
146|291|96|1|279|0|271|
146|294|96|1|279|0|271|
146|291|192|1|280|0|271|
146|292|192|1|280|0|271|
146|292|96|1|280|0|271|
146|291|192|1|280|0|271|
146|295|192|1|280|0|271|
146|295|192|1|281|0|271|
146|294|192|1|279|0|271|
146|292|96|1|280|0|271|
146|295|96|1|280|0|271|
146|294|192|1|280|0|271|
146|295|96|1|280|0|271|
146|295|96|1|280|0|271|
146|292|192|1|280|0|271|
146|291|192|1|280|0|271|
146|242|192|1|248|0|269|
146|301|192|1|280|0|271|
146|295|96|1|280|0|271|
146|295|192|1|280|0|271|
146|294|96|1|280|0|271|
146|295|96|1|280|0|271|
146|292|192|1|280|0|271|
146|242|192|1|248|0|269|
146|300|96|1|280|0|271|
146|291|192|1|280|0|271|
146|238|96|1|248|0|269|
146|242|96|1|248|0|269|
146|295|192|1|281|0|271|
146|238|192|1|248|0|269|
146|294|96|1|280|0|271|
146|292|192|1|280|0|271|
146|294|192|1|280|0|271|
146|295|96|1|281|0|271|
146|294|96|1|280|0|271|
146|300|192|1|280|0|271|
146|291|192|1|279|0|271|
146|291|192|1|280|0|271|
146|294|192|1|279|0|271|
146|292|288|1|281|0|271|
146|292|96|1|280|0|271|
146|294|192|1|279|0|271|
146|294|288|1|280|0|271|
146|238|192|1|248|0|269|
146|292|192|1|281|0|271|
146|242|96|1|248|0|269|
146|294|192|1|280|0|271|
146|291|192|1|279|0|271|
146|294|96|1|279|0|271|
146|294|96|1|279|0|271|
146|291|192|1|279|0|271|
146|291|192|1|279|0|271|
146|292|96|1|281|0|271|
146|241|192|1|248|0|269|
146|241|96|1|248|0|269|
146|294|192|1|280|0|271|
146|300|96|1|280|0|271|
146|241|96|1|248|0|269|
146|239|192|1|248|0|269|
146|241|192|1|248|0|269|
146|289|96|1|277|0|270|
146|292|96|1|280|0|271|
146|291|192|1|280|0|271|
146|292|288|1|280|0|271|
146|294|96|1|280|0|271|
146|294|96|1|280|0|271|
146|294|192|1|280|0|271|
146|292|96|1|280|0|271|
146|292|192|1|280|0|271|
146|292|96|1|280|0|271|
146|295|96|1|280|0|271|
146|292|192|1|280|0|271|
146|295|192|1|280|0|271|
146|292|96|1|280|0|271|
146|291|192|1|279|0|271|
146|291|192|1|279|0|271|
146|291|192|1|279|0|271|
146|291|96|1|279|0|271|
146|308|192|1|297|0|271|
146|294|192|1|280|0|271|
146|294|96|1|280|0|271|
146|294|96|1|279|0|271|
146|294|96|1|279|0|271|
146|294|96|1|279|0|271|
146|291|192|1|280|0|271|
146|291|192|1|279|0|271|
146|291|192|1|280|0|271|
146|291|96|1|279|0|271|
146|291|192|1|279|0|271|
146|239|192|1|248|0|269|
146|291|192|1|279|0|271|
146|291|192|1|279|0|271|
146|242|96|1|248|0|269|
146|291|192|1|279|0|271|
146|291|192|1|279|0|271|
146|294|96|1|279|0|271|
146|291|192|1|279|0|271|
146|291|192|1|280|0|271|
146|294|192|1|279|0|271|
146|292|96|1|281|0|271|
146|239|96|1|248|0|269|
146|294|192|1|280|0|271|
146|239|96|1|248|0|269|
146|292|96|1|280|0|271|
146|292|96|1|280|0|271|
146|239|192|1|248|0|269|
146|294|192|1|280|0|271|
146|291|192|1|280|0|271|
146|292|96|1|280|0|271|
146|295|96|1|280|0|271|
146|292|96|1|280|0|271|
146|239|96|1|248|0|269|
146|294|96|1|279|0|271|
146|292|96|1|280|0|271|
146|294|192|1|279|0|271|
146|300|192|1|289|0|271|
146|242|96|1|248|0|269|
146|292|192|1|280|0|271|
146|292|96|1|280|0|271|
146|291|192|1|279|0|271|
146|292|192|1|281|0|271|
146|289|96|1|277|0|270|
146|292|96|1|280|0|271|
146|242|192|1|248|0|269|
146|294|192|1|279|0|271|
146|295|96|1|281|0|271|
146|291|192|1|280|0|271|
146|292|192|1|281|0|271|
146|291|96|1|280|0|271|
146|294|192|1|280|0|271|
146|242|96|1|248|0|269|
146|294|192|1|280|0|271|
146|292|192|1|277|0|270|
146|239|288|1|248|0|269|
146|239|96|1|246|0|268|
146|294|192|1|279|0|271|
146|294|96|1|279|0|271|
146|294|96|1|280|0|271|
146|291|96|1|279|0|271|
146|294|192|1|279|0|271|
146|294|192|1|279|0|271|
146|294|96|1|279|0|271|
146|291|288|1|279|0|271|
146|291|96|1|279|0|271|
146|294|192|1|279|0|271|
146|291|192|1|280|0|271|
146|291|192|1|280|0|271|
146|291|192|1|279|0|271|
146|291|96|1|280|0|271|
146|295|192|1|280|0|271|
146|291|96|1|280|0|271|
146|292|96|1|280|0|271|
146|294|96|1|280|0|271|
146|294|192|1|279|0|271|
146|294|96|1|279|0|271|
146|294|96|1|279|0|271|
146|294|192|1|279|0|271|
146|294|96|1|279|0|271|
146|294|192|1|279|0|271|
146|291|96|1|279|0|271|
146|295|192|1|281|0|271|
146|241|96|1|248|0|269|
146|294|192|1|279|0|271|
146|294|192|1|279|0|271|
146|291|96|1|279|0|271|
146|291|96|1|279|0|271|
146|295|96|1|281|0|271|
146|291|96|1|279|0|271|
146|241|96|1|248|0|269|
146|294|96|1|280|0|271|
146|242|96|1|248|0|269|
146|291|96|1|279|0|271|
146|292|96|1|281|0|271|
146|295|96|1|280|0|271|
146|291|192|1|279|0|271|
146|294|192|1|280|0|271|
146|292|96|1|280|0|271|
146|295|96|1|280|0|271|
146|292|96|1|280|0|271|
146|291|96|1|279|0|271|
146|295|96|1|281|0|271|
146|295|96|1|280|0|271|
146|291|96|1|280|0|271|
146|292|288|1|280|0|271|
146|238|96|1|248|0|269|
146|291|96|1|280|0|271|
146|292|192|1|280|0|271|
146|242|192|1|248|0|269|
146|294|96|1|280|0|271|
146|239|96|1|248|0|269|
146|294|192|1|279|0|271|
146|292|96|1|280|0|271|
146|292|96|1|280|0|271|
146|294|192|1|279|0|271|
146|295|192|1|281|0|271|
146|292|288|1|281|0|271|
146|292|192|1|280|0|271|
146|291|288|1|280|0|271|
146|324|192|1|310|0|271|
146|295|96|1|280|0|271|
146|291|96|1|280|0|271|
146|294|192|1|279|0|271|
146|291|288|1|279|0|271|
146|294|288|1|279|0|271|
146|294|192|1|279|0|271|
146|294|96|1|279|0|271|
146|291|192|1|280|0|271|
146|291|96|1|279|0|271|
146|291|96|1|279|0|271|
146|295|96|1|280|0|271|
146|242|96|1|248|0|269|
146|291|192|1|280|0|271|
146|294|96|1|279|0|271|
146|291|96|1|279|0|271|
146|241|192|1|248|0|269|
146|292|192|1|280|0|271|
146|292|96|1|280|0|271|
146|294|96|1|279|0|271|
146|294|192|1|279|0|271|
146|294|192|1|279|0|271|
146|292|192|1|280|0|271|
146|294|96|1|279|0|271|
146|291|96|1|279|0|271|
146|291|192|1|279|0|271|
146|291|192|1|279|0|271|
146|291|192|1|280|0|271|
146|291|192|1|279|0|271|
146|291|96|1|280|0|271|
146|291|96|1|279|0|271|
146|292|96|1|281|0|271|
146|295|96|1|280|0|271|
146|292|192|1|281|0|271|
146|292|192|1|281|0|271|
146|291|96|1|280|0|271|
146|294|192|1|279|0|271|
146|294|192|1|279|0|271|
146|292|192|1|280|0|271|
146|292|192|1|281|0|271|
146|296|192|1|281|0|271|
146|294|192|1|279|0|271|
146|242|192|1|248|0|269|
146|291|96|1|279|0|271|
146|291|96|1|279|0|271|
146|295|96|1|281|0|271|
146|291|192|1|279|0|271|
146|291|96|1|279|0|271|
146|292|192|1|281|0|271|
146|291|192|1|279|0|271|
146|294|96|1|279|0|271|
146|292|96|1|281|0|271|
146|289|192|1|277|0|270|
146|291|192|1|279|0|271|
146|294|96|1|279|0|271|
146|292|96|1|280|0|271|
146|239|96|1|248|0|269|
146|292|96|1|280|0|271|
146|295|192|1|280|0|271|
146|295|192|1|280|0|271|
146|292|96|1|280|0|271|
146|295|96|1|280|0|271|
146|295|96|1|280|0|271|
146|291|96|1|280|0|271|
146|241|96|1|248|0|269|
146|295|192|1|280|0|271|
146|241|96|1|248|0|269|
146|292|192|1|277|0|270|
146|312|192|1|300|0|271|
146|294|192|1|279|0|271|
146|295|96|1|279|0|271|
146|294|96|1|279|0|271|
146|294|192|1|279|0|271|
146|294|192|1|279|0|271|
146|291|192|1|279|0|271|
146|291|96|1|279|0|271|
146|294|192|1|280|0|271|
146|294|192|1|280|0|271|
146|292|192|1|281|0|271|
146|295|96|1|281|0|271|
146|294|192|1|280|0|271|
146|291|96|1|279|0|271|
146|291|192|1|279|0|271|
146|291|192|1|280|0|271|
146|294|192|1|280|0|271|
146|291|192|1|279|0|271|
146|294|192|1|280|0|271|
146|311|288|1|296|0|271|
146|291|96|1|279|0|271|
146|294|192|1|279|0|271|
146|294|96|1|280|0|271|
146|291|96|1|279|0|271|
146|291|192|1|280|0|271|
146|291|192|1|279|0|271|
146|238|192|1|248|0|269|
146|294|192|1|279|0|271|
146|291|96|1|279|0|271|
146|294|192|1|280|0|271|
146|291|192|1|280|0|271|
146|291|96|1|280|0|271|
146|294|96|1|279|0|271|
146|291|192|1|280|0|271|
146|292|192|1|281|0|271|
146|292|192|1|281|0|271|
146|294|96|1|279|0|271|
146|316|192|1|304|0|271|
146|291|192|1|279|0|271|
146|291|96|1|279|0|271|
146|294|192|1|279|0|271|
146|294|192|1|279|0|271|
146|294|96|1|279|0|271|
146|294|192|1|279|0|271|
146|294|192|1|279|0|271|
146|291|192|1|280|0|271|
146|294|192|1|280|0|271|
146|243|96|1|248|0|269|
146|294|96|1|280|0|271|
146|294|96|1|280|0|271|
146|294|192|1|280|0|271|
146|294|96|1|279|0|271|
146|292|96|1|279|0|271|
146|294|96|1|279|0|271|
146|295|96|1|281|0|271|
146|295|96|1|281|0|271|
146|292|96|1|280|0|271|
146|295|96|1|280|0|271|
146|292|192|1|280|0|271|
146|295|96|1|280|0|271|
146|294|192|1|279|0|271|
146|242|96|1|248|0|269|
146|295|96|1|280|0|271|
146|292|192|1|280|0|271|
146|294|192|1|280|0|271|
146|295|192|1|280|0|271|
146|294|192|1|280|0|271|
146|291|192|1|280|0|271|
146|291|192|1|280|0|271|
146|292|96|1|280|0|271|
146|241|96|1|248|0|269|
146|292|96|1|280|0|271|
146|295|96|1|280|0|271|
146|292|192|1|280|0|271|
146|292|192|1|280|0|271|
146|292|96|1|280|0|271|
146|292|96|1|280|0|271|
146|292|192|1|280|0|271|
146|292|192|1|280|0|271|
146|292|192|1|280|0|271|
146|295|192|1|280|0|271|
146|292|192|1|280|0|271|
146|292|192|1|280|0|271|
146|295|192|1|280|0|271|
146|292|192|1|280|0|271|
146|292|192|1|280|0|271|
146|292|192|1|280|0|271|
146|294|192|1|279|0|271|
146|292|96|1|281|0|271|
146|292|96|1|280|0|271|
146|294|192|1|279|0|271|
146|239|96|1|248|0|269|
146|292|96|1|280|0|271|
146|295|192|1|280|0|271|
146|242|96|1|248|0|269|
146|295|96|1|280|0|271|
146|295|192|1|280|0|271|
146|292|96|1|280|0|271|
146|294|192|1|280|0|271|
146|292|192|1|280|0|271|
146|292|192|1|280|0|271|
146|294|192|1|280|0|271|
146|292|96|1|281|0|271|
146|292|96|1|280|0|271|
146|291|96|1|279|0|271|
146|292|96|1|280|0|271|
146|295|96|1|280|0|271|
146|295|96|1|280|0|271|
146|242|96|1|248|0|269|
146|291|96|1|280|0|271|
146|294|192|1|280|0|271|
146|294|96|1|280|0|271|
146|294|96|1|279|0|271|
146|294|192|1|280|0|271|
146|291|96|1|279|0|271|
146|294|192|1|279|0|271|
146|291|192|1|279|0|271|
146|294|96|1|280|0|271|
146|291|96|1|279|0|271|
146|294|192|1|280|0|271|
146|291|96|1|279|0|271|
146|239|96|1|248|0|269|
146|241|96|1|248|0|269|
146|239|96|1|248|0|269|
146|291|192|1|279|0|271|
146|294|96|1|279|0|271|
146|294|192|1|279|0|271|
146|291|96|1|280|0|271|
146|294|96|1|279|0|271|
146|322|96|1|310|0|271|
146|291|192|1|279|0|271|
146|291|96|1|279|0|271|
146|291|192|1|279|0|271|
146|294|192|1|279|0|271|
146|294|192|1|279|0|271|
146|294|192|1|279|0|271|
146|294|192|1|280|0|271|
146|291|96|1|279|0|271|
146|294|192|1|280|0|271|
146|320|96|1|309|0|271|
146|294|96|1|280|0|271|
146|294|96|1|280|0|271|
146|291|192|1|279|0|271|
146|292|192|1|280|0|271|
146|292|192|1|280|0|271|
146|294|96|1|280|0|271|
146|291|192|1|280|0|271|
146|295|96|1|280|0|271|
146|292|192|1|280|0|271|
146|239|96|1|248|0|269|
146|291|192|1|279|0|271|
146|291|192|1|280|0|271|
146|291|96|1|280|0|271|
146|238|96|1|248|0|269|
146|291|192|1|280|0|271|
146|294|96|1|279|0|271|
146|241|96|1|248|0|269|
146|291|192|1|279|0|271|
146|291|192|1|279|0|271|
146|238|96|1|248|0|269|
146|294|192|1|279|0|271|
146|294|192|1|279|0|271|
146|291|192|1|280|0|271|
146|292|192|1|280|0|271|
146|292|96|1|280|0|271|
146|292|192|1|280|0|271|
146|292|192|1|281|0|271|
146|238|96|1|248|0|269|
146|292|96|1|280|0|271|
146|292|96|1|280|0|271|
146|294|192|1|280|0|271|
146|292|96|1|280|0|271|
146|242|96|1|248|0|269|
146|292|96|1|280|0|271|
146|242|96|1|248|0|269|
146|292|96|1|281|0|271|
146|292|192|1|281|0|271|
146|291|192|1|280|0|271|
146|292|96|1|280|0|271|
146|291|192|1|280|0|271|
146|295|192|1|280|0|271|
146|294|96|1|279|0|271|
146|242|192|1|248|0|269|
146|239|192|1|248|0|269|
146|295|96|1|280|0|271|
146|292|96|1|281|0|271|
146|292|192|1|281|0|271|
146|292|288|1|280|0|271|
146|292|192|1|280|0|271|
146|292|192|1|280|0|271|
146|291|192|1|280|0|271|
146|291|96|1|280|0|271|
146|292|96|1|281|0|271|
146|292|96|1|280|0|271|
146|241|96|1|248|0|269|
146|295|96|1|280|0|271|
146|292|192|1|280|0|271|
146|292|96|1|280|0|271|
146|292|96|1|280|0|271|
146|291|96|1|280|0|271|
146|242|96|1|248|0|269|
146|292|192|1|280|0|271|
146|294|192|1|279|0|271|
146|295|192|1|280|0|271|
146|291|96|1|279|0|271|
146|238|96|1|248|0|269|
146|292|96|1|281|0|271|
146|295|96|1|280|0|271|
146|292|192|1|280|0|271|
146|291|96|1|279|0|271|
146|289|192|1|277|0|270|
146|291|192|1|279|0|271|
146|292|192|1|281|0|271|
146|291|96|1|279|0|271|
146|291|96|1|279|0|271|
146|294|96|1|280|0|271|
146|241|96|1|248|0|269|
146|292|192|1|280|0|271|
146|241|96|1|248|0|269|
146|292|96|1|280|0|271|
146|295|192|1|280|0|271|
146|295|96|1|280|0|271|
146|295|96|1|280|0|271|
146|292|192|1|280|0|271|
146|322|192|1|310|0|271|
146|292|192|1|280|0|271|
146|292|96|1|280|0|271|
146|295|96|1|280|0|271|
146|292|96|1|280|0|271|
146|241|96|1|248|0|269|
146|295|96|1|280|0|271|
146|294|96|1|280|0|271|
146|292|96|1|280|0|271|
146|350|96|1|280|0|270|
146|294|192|1|280|0|271|
146|251|96|1|246|0|268|
146|242|96|1|248|0|269|
146|294|192|1|279|0|271|
146|292|192|1|280|0|271|
146|292|192|1|280|0|271|
146|242|96|1|248|0|269|
146|291|192|1|279|0|271|
146|291|96|1|279|0|271|
146|291|96|1|279|0|271|
146|294|192|1|280|0|271|
146|239|96|1|248|0|269|
146|291|96|1|279|0|271|
146|294|96|1|279|0|271|
146|294|192|1|279|0|271|
146|312|192|1|297|0|271|
146|291|96|1|279|0|271|
146|239|96|1|248|0|269|
146|294|96|1|279|0|271|
146|291|192|1|279|0|271|
146|294|96|1|280|0|271|
146|294|192|1|279|0|271|
146|291|192|1|279|0|271|
146|295|192|1|280|0|271|
146|242|96|1|248|0|269|
146|291|192|1|279|0|271|
146|291|192|1|279|0|271|
146|291|96|1|280|0|271|
146|291|192|1|279|0|271|
146|294|192|1|280|0|271|
146|294|192|1|279|0|271|
146|291|96|1|279|0|271|
146|292|96|1|281|0|271|
146|240|192|1|247|0|266|
146|294|192|1|279|0|271|
146|291|192|1|279|0|271|
146|291|192|1|279|0|271|
146|291|96|1|280|0|271|
146|291|192|1|279|0|271|
146|291|192|1|279|0|271|
146|291|96|1|279|0|271|
146|291|192|1|279|0|271|
146|292|96|1|280|0|271|
146|291|96|1|279|0|271|
146|292|96|1|280|0|271|
146|291|192|1|279|0|271|
146|291|96|1|279|0|271|
146|291|192|1|279|0|271|
146|295|96|1|280|0|271|
146|292|192|1|280|0|271|
146|293|192|1|278|0|270|
146|292|192|1|281|0|271|
146|291|288|1|279|0|271|
146|291|288|1|279|0|271|
146|292|96|1|280|0|271|
146|294|96|1|280|0|271|
146|295|96|1|280|0|271|
146|292|96|1|280|0|271|
146|292|192|1|280|0|271|
146|294|96|1|280|0|271|
146|454|192|1|500|0|478|
146|291|192|1|279|0|271|
146|291|96|1|279|0|271|
146|456|192|1|498|0|481|
146|291|96|1|279|0|271|
146|505|192|1|533|0|480|
146|294|192|1|280|0|271|
146|292|192|1|280|0|271|
146|291|96|1|280|0|271|
146|504|288|1|531|0|480|
146|294|96|1|280|0|271|
146|294|96|1|279|0|271|
146|291|288|1|280|0|271|
146|503|288|1|529|0|483|
146|294|96|1|279|0|271|
146|294|96|1|279|0|271|
146|294|192|1|280|0|271|
146|291|192|1|279|0|271|
146|510|288|1|532|0|480|
146|294|96|1|279|0|271|
146|291|192|1|279|0|271|
146|291|96|1|279|0|271|
146|291|192|1|279|0|271|
146|504|288|1|528|0|483|
146|294|96|1|279|0|271|
146|291|96|1|280|0|271|
146|504|288|1|533|0|480|
146|291|192|1|279|0|271|
146|291|192|1|279|0|271|
146|507|192|1|529|0|483|
146|291|192|1|279|0|271|
146|294|192|1|280|0|271|
146|507|192|1|530|0|480|
146|294|96|1|279|0|271|
146|294|192|1|279|0|271|
146|292|96|1|281|0|271|
146|294|192|1|279|0|271|
146|505|192|1|532|0|483|
146|291|96|1|279|0|271|
146|294|96|1|280|0|271|
146|291|96|1|279|0|271|
146|291|192|1|279|0|271|
146|291|96|1|279|0|271|
146|291|96|1|279|0|271|
146|291|96|1|279|0|271|
146|291|192|1|280|0|271|
146|502|192|1|530|0|483|
146|294|96|1|280|0|271|
146|241|96|1|248|0|269|
146|506|192|1|530|0|483|
146|294|96|1|279|0|271|
146|292|192|1|280|0|271|
146|454|192|1|498|0|478|
146|295|96|1|280|0|271|
146|239|192|1|248|0|269|
146|450|192|1|498|0|478|
146|502|288|1|529|0|483|
146|295|192|1|280|0|271|
146|292|192|1|280|0|271|
146|241|96|1|248|0|269|
146|508|384|1|530|0|483|
146|294|96|1|280|0|271|
146|291|288|1|279|0|271|
146|508|192|1|530|0|483|
146|292|96|1|281|0|271|
146|292|192|1|280|0|271|
146|520|288|1|547|0|480|
146|295|96|1|280|0|271|
146|291|96|1|279|0|271|
146|450|192|1|496|0|481|
146|295|192|1|281|0|271|
146|294|96|1|280|0|271|
146|292|96|1|280|0|271|
146|294|192|1|280|0|271|
146|241|192|1|248|0|269|
146|292|192|1|280|0|271|
146|292|192|1|280|0|271|
146|295|96|1|280|0|271|
146|507|192|1|533|0|480|
146|506|192|1|532|0|483|
146|292|96|1|280|0|271|
146|291|96|1|280|0|271|
146|507|288|1|533|0|480|
146|504|288|1|531|0|480|
146|239|96|1|248|0|269|
146|294|192|1|280|0|271|
146|291|96|1|280|0|271|
146|294|192|1|280|0|271|
146|294|96|1|280|0|271|
146|239|96|1|248|0|269|
146|508|288|1|529|0|483|
146|292|96|1|280|0|271|
146|295|96|1|280|0|271|
146|510|192|1|531|0|483|
146|292|96|1|280|0|271|
146|291|96|1|280|0|271|
146|500|288|1|529|0|480|
146|504|192|1|527|0|483|
146|291|96|1|279|0|271|
146|292|96|1|280|0|271|
146|292|96|1|280|0|271|
146|291|192|1|280|0|271|
146|311|192|1|278|0|277|
146|507|288|1|534|0|480|
146|506|288|1|527|0|483|
146|291|192|1|280|0|271|
146|294|192|1|279|0|271|
146|294|192|1|280|0|271|
146|291|192|1|279|0|271|
146|509|288|1|534|0|480|
146|508|288|1|531|0|483|
146|294|192|1|280|0|271|
146|291|96|1|280|0|271|
146|291|192|1|280|0|271|
146|505|288|1|533|0|480|
146|506|192|1|528|0|483|
146|294|96|1|280|0|271|
146|291|96|1|279|0|271|
146|294|96|1|279|0|271|
146|291|96|1|279|0|271|
146|499|288|1|526|0|483|
146|291|192|1|280|0|271|
146|311|192|1|300|0|271|
146|291|96|1|279|0|271|
146|294|96|1|279|0|271|
146|453|192|1|504|0|478|
146|294|96|1|279|0|271|
146|294|192|1|280|0|271|
146|292|192|1|281|0|271|
146|291|192|1|279|0|271|
146|294|96|1|279|0|271|
146|292|96|1|280|0|271|
146|506|288|1|528|0|483|
146|294|192|1|280|0|271|
146|294|96|1|279|0|271|
146|295|96|1|280|0|271|
146|292|96|1|281|0|271|
146|500|192|1|531|0|480|
146|242|96|1|248|0|269|
146|295|192|1|281|0|271|
146|292|96|1|280|0|271|
146|292|96|1|281|0|271|
146|291|96|1|279|0|271|
146|289|192|1|278|0|267|
146|294|192|1|279|0|271|
146|291|192|1|280|0|271|
146|292|96|1|280|0|271|
146|294|96|1|280|0|271|
146|294|96|1|280|0|271|
146|504|192|1|533|0|483|
146|292|192|1|280|0|271|
146|295|96|1|280|0|271|
146|291|96|1|280|0|271|
146|501|288|1|531|0|480|
146|294|288|1|279|0|271|
146|300|192|1|280|0|271|
146|292|96|1|281|0|271|
146|512|288|1|534|0|480|
146|453|192|1|496|0|481|
146|291|96|1|280|0|271|
146|292|96|1|280|0|271|
146|504|192|1|528|0|483|
146|294|192|1|280|0|271|
146|292|192|1|280|0|271|
146|292|192|1|280|0|271|
146|455|192|1|501|0|481|
146|292|96|1|280|0|271|
146|295|192|1|280|0|271|
146|502|192|1|532|0|480|
146|291|288|1|280|0|271|
146|295|192|1|280|0|271|
146|502|288|1|529|0|483|
146|292|192|1|281|0|271|
146|294|96|1|279|0|271|
146|241|288|1|248|0|269|
146|295|192|1|280|0|271|
146|291|192|1|280|0|271|
146|504|288|1|528|0|483|
146|291|192|1|279|0|271|
146|289|192|1|277|0|270|
146|294|96|1|279|0|271|
146|500|288|1|528|0|483|
146|291|96|1|279|0|271|
146|291|192|1|279|0|271|
146|294|192|1|280|0|271|
146|242|96|1|248|0|269|
146|291|192|1|280|0|271|
146|295|192|1|280|0|271|
146|295|96|1|280|0|271|
146|507|288|1|533|0|480|
146|292|288|1|280|0|271|
146|292|96|1|280|0|271|
146|447|288|1|496|0|481|
146|294|96|1|280|0|271|
146|295|192|1|280|0|271|
146|295|96|1|280|0|271|
146|449|288|1|499|0|478|
146|294|288|1|279|0|271|
146|291|96|1|279|0|271|
146|239|96|1|248|0|269|
146|292|96|1|281|0|271|
146|239|96|1|248|0|269|
146|294|192|1|280|0|271|
146|294|192|1|279|0|271|
146|294|192|1|280|0|271|
146|242|192|1|248|0|269|
146|504|288|1|527|0|483|
146|294|96|1|280|0|271|
146|292|288|1|281|0|271|
146|501|288|1|529|0|483|
146|294|96|1|279|0|271|
146|295|192|1|281|0|271|
146|291|96|1|279|0|271|
146|241|96|1|248|0|269|
146|506|288|1|531|0|483|
146|241|96|1|248|0|269|
146|295|96|1|280|0|271|
146|503|192|1|529|0|483|
146|292|96|1|280|0|271|
146|291|96|1|280|0|271|
146|500|288|1|532|0|483|
146|242|96|1|248|0|269|
146|294|192|1|280|0|271|
146|292|96|1|280|0|271|
146|242|96|1|248|0|269|
146|294|192|1|280|0|271|
146|239|96|1|248|0|269|
146|504|192|1|531|0|480|
146|289|192|1|277|0|270|
146|291|96|1|280|0|271|
146|292|192|1|280|0|271|
146|292|192|1|280|0|271|
146|505|288|1|530|0|483|
146|294|96|1|280|0|271|
146|291|96|1|280|0|271|
146|239|192|1|248|0|269|
146|292|96|1|280|0|271|
146|295|192|1|280|0|271|
146|503|192|1|530|0|480|
146|295|192|1|280|0|271|
146|291|192|1|280|0|271|
146|292|192|1|280|0|271|
146|504|192|1|530|0|480|
146|294|192|1|279|0|271|
146|291|192|1|279|0|271|
146|291|96|1|279|0|271|
146|294|96|1|279|0|271|
146|292|192|1|280|0|271|
146|505|288|1|530|0|480|
146|242|96|1|248|0|269|
146|508|192|1|531|0|480|
146|291|96|1|280|0|271|
146|292|192|1|280|0|271|
146|506|192|1|532|0|480|
146|294|96|1|280|0|271|
146|292|192|1|280|0|271|
146|455|288|1|499|0|478|
146|295|192|1|280|0|271|
146|291|192|1|280|0|271|
146|291|192|1|279|0|271|
146|294|288|1|279|0|271|
146|291|192|1|279|0|271|
146|291|96|1|280|0|271|
146|454|192|1|497|0|481|
146|292|192|1|280|0|271|
146|294|96|1|280|0|271|
146|506|288|1|530|0|483|
146|293|96|1|280|0|271|
146|295|192|1|280|0|271|
146|503|288|1|532|0|480|
146|298|192|1|280|0|271|
146|291|96|1|279|0|271|
146|239|96|1|248|0|269|
146|294|192|1|279|0|271|
146|289|192|1|277|0|270|
146|292|192|1|280|0|271|
146|297|96|1|280|0|271|
146|294|192|1|279|0|271|
146|242|96|1|248|0|269|
146|295|192|1|280|0|271|
146|292|96|1|280|0|271|
146|502|288|1|529|0|483|
146|291|96|1|280|0|271|
146|291|96|1|280|0|271|
