INSTRUCTIONS_RETIRED|CYCLES|UNKNOWN|LD_BLOCKS.STORE_FORWARD|UOPS_EXECUTED.THREAD|BR_MISP_RETIRED.ALL_BRANCHES|UOPS_RETIRED.ANY|
119|212|96|1|221|0|242|
119|264|96|1|252|0|244|
119|264|96|1|252|0|244|
119|267|96|1|252|0|244|
119|215|96|1|221|0|242|
119|267|96|1|252|0|244|
119|268|96|1|253|0|244|
119|264|96|1|253|0|244|
119|264|96|1|252|0|244|
119|215|96|1|221|0|242|
119|264|96|1|253|0|244|
119|264|96|1|253|0|244|
119|264|96|1|252|0|244|
119|268|288|1|254|0|244|
119|268|96|1|254|0|244|
119|266|96|1|253|0|244|
119|268|192|1|253|0|244|
119|268|96|1|253|0|244|
119|268|288|1|253|0|244|
119|265|96|1|253|0|244|
119|268|192|1|253|0|244|
119|264|192|1|252|0|244|
119|264|96|1|253|0|244|
119|264|96|1|253|0|244|
119|268|96|1|254|0|244|
119|267|192|1|252|0|244|
119|264|96|1|252|0|244|
119|268|96|1|253|0|244|
119|268|192|1|254|0|244|
119|268|96|1|253|0|244|
119|215|96|1|221|0|242|
119|264|192|1|253|0|244|
119|265|96|1|253|0|244|
119|265|192|1|253|0|244|
119|268|96|1|253|0|244|
119|215|96|1|221|0|242|
119|268|96|1|253|0|244|
119|268|96|1|253|0|244|
119|265|96|1|253|0|244|
119|268|96|1|253|0|244|
119|267|192|1|253|0|244|
119|264|96|1|253|0|244|
119|264|192|1|252|0|244|
119|268|192|1|254|0|244|
119|212|96|1|221|0|242|
119|268|192|1|253|0|244|
119|267|96|1|253|0|244|
119|265|96|1|253|0|244|
119|265|96|1|253|0|244|
119|268|192|1|252|0|244|
119|266|96|1|253|0|244|
119|267|96|1|252|0|244|
119|265|192|1|254|0|244|
119|264|96|1|252|0|244|
119|212|96|1|221|0|242|
119|268|192|1|253|0|244|
119|265|192|1|253|0|244|
119|265|96|1|253|0|244|
119|268|192|1|253|0|244|
119|212|96|1|221|0|242|
119|264|96|1|253|0|244|
119|265|192|1|253|0|244|
119|265|96|1|253|0|244|
119|268|96|1|253|0|244|
119|271|96|1|253|0|244|
119|267|96|1|252|0|244|
119|264|192|1|252|0|244|
119|212|96|1|221|0|242|
119|268|96|1|253|0|244|
119|268|96|1|253|0|244|
119|268|192|1|253|0|244|
119|268|96|1|253|0|244|
119|265|96|1|253|0|244|
119|267|96|1|253|0|244|
119|212|96|1|221|0|242|
119|265|192|1|253|0|244|
119|268|192|1|253|0|244|
119|268|96|1|253|0|244|
119|265|192|1|253|0|244|
119|268|96|1|253|0|244|
119|268|96|1|253|0|244|
119|265|96|1|253|0|244|
119|266|96|1|252|0|240|
119|268|96|1|253|0|244|
119|265|192|1|253|0|244|
119|213|96|1|220|0|239|
119|264|192|1|253|0|244|
119|265|96|1|253|0|244|
119|268|96|1|253|0|244|
119|264|192|1|252|0|244|
119|268|192|1|254|0|244|
119|265|192|1|253|0|244|
119|265|96|1|254|0|244|
119|268|192|1|253|0|244|
119|265|96|1|253|0|244|
119|264|96|1|253|0|244|
119|265|192|1|253|0|244|
119|211|96|1|221|0|242|
119|264|192|1|253|0|244|
119|265|96|1|253|0|244|
119|264|96|1|253|0|244|
119|214|96|1|221|0|242|
119|267|96|1|253|0|244|
119|262|96|1|250|0|243|
119|268|96|1|254|0|244|
119|264|96|1|252|0|244|
119|268|96|1|253|0|244|
119|264|96|1|252|0|244|
119|265|96|1|253|0|244|
119|212|96|1|221|0|242|
119|265|96|1|254|0|244|
119|268|192|1|253|0|244|
119|265|96|1|253|0|244|
119|268|192|1|253|0|244|
119|264|192|1|253|0|244|
119|264|96|1|253|0|244|
119|265|96|1|253|0|244|
119|268|96|1|253|0|244|
119|268|96|1|253|0|244|
119|264|192|1|252|0|244|
119|214|96|1|221|0|242|
119|265|192|1|254|0|244|
119|264|192|1|253|0|244|
119|265|192|1|253|0|244|
119|265|96|1|253|0|244|
119|268|96|1|254|0|244|
119|265|96|1|253|0|244|
119|264|96|1|253|0|244|
119|265|96|1|253|0|244|
119|267|96|1|252|0|244|
119|212|96|1|221|0|242|
119|264|192|1|252|0|244|
119|264|96|1|252|0|244|
119|267|192|1|252|0|244|
119|264|96|1|252|0|244|
119|267|192|1|252|0|244|
119|264|192|1|252|0|244|
119|264|192|1|252|0|244|
119|264|192|1|253|0|244|
119|267|96|1|252|0|244|
119|479|288|1|507|0|453|
119|267|192|1|253|0|244|
119|264|96|1|253|0|244|
119|267|96|1|253|0|244|
119|483|288|1|502|0|456|
119|215|192|1|221|0|242|
119|479|288|1|505|0|453|
119|271|192|1|254|0|244|
119|264|96|1|252|0|244|
119|268|192|1|254|0|244|
119|264|96|1|252|0|244|
119|482|288|1|505|0|453|
119|270|96|1|253|0|244|
119|268|96|1|253|0|244|
119|267|96|1|253|0|244|
119|265|96|1|253|0|244|
119|477|192|1|504|0|456|
119|263|192|1|251|0|243|
119|262|96|1|250|0|243|
119|265|192|1|253|0|244|
119|264|96|1|253|0|244|
119|212|96|1|221|0|242|
119|265|96|1|253|0|244|
119|267|192|1|253|0|244|
119|267|96|1|252|0|244|
119|475|192|1|501|0|455|
119|212|96|1|221|0|242|
119|265|192|1|254|0|244|
119|268|192|1|253|0|244|
119|267|96|1|252|0|244|
119|264|192|1|252|0|244|
119|264|96|1|252|0|244|
119|483|192|1|502|0|456|
119|267|96|1|252|0|244|
119|264|96|1|252|0|244|
119|264|192|1|252|0|244|
119|211|96|1|221|0|242|
119|265|96|1|253|0|244|
119|268|96|1|253|0|244|
119|265|96|1|253|0|244|
119|481|288|1|503|0|456|
119|268|96|1|253|0|244|
119|262|96|1|250|0|243|
119|265|96|1|253|0|244|
119|268|96|1|253|0|244|
119|264|96|1|253|0|244|
119|478|192|1|502|0|456|
119|268|288|1|253|0|244|
119|481|288|1|503|0|456|
119|265|192|1|253|0|244|
119|265|192|1|253|0|244|
119|476|192|1|508|0|453|
119|268|96|1|253|0|244|
119|215|96|1|221|0|242|
119|211|192|1|221|0|242|
119|482|192|1|505|0|453|
119|264|96|1|252|0|244|
119|288|192|1|276|0|244|
119|265|96|1|254|0|244|
119|264|96|1|252|0|244|
119|481|288|1|502|0|456|
119|267|96|1|253|0|244|
119|262|96|1|250|0|243|
119|264|96|1|252|0|244|
119|477|192|1|503|0|453|
119|481|288|1|501|0|456|
119|264|96|1|253|0|244|
119|267|96|1|252|0|244|
119|214|96|1|221|0|242|
119|264|96|1|252|0|244|
119|481|192|1|503|0|456|
119|265|192|1|253|0|244|
119|268|192|1|253|0|244|
119|264|96|1|252|0|244|
119|478|384|1|505|0|453|
119|268|96|1|253|0|244|
119|264|96|1|252|0|244|
119|478|192|1|504|0|453|
119|481|192|1|502|0|456|
119|265|96|1|253|0|244|
119|265|192|1|253|0|244|
119|267|96|1|253|0|244|
119|268|96|1|253|0|244|
119|265|96|1|253|0|244|
119|479|288|1|502|0|456|
119|264|192|1|252|0|244|
119|215|96|1|221|0|242|
119|268|96|1|253|0|244|
119|267|192|1|252|0|244|
119|264|96|1|252|0|244|
119|268|96|1|253|0|244|
119|265|192|1|253|0|244|
119|480|192|1|509|0|453|
119|265|96|1|254|0|244|
119|269|192|1|253|0|244|
119|268|96|1|253|0|244|
119|214|96|1|221|0|242|
119|265|96|1|253|0|244|
119|480|192|1|503|0|456|
119|479|192|1|503|0|456|
119|268|192|1|253|0|244|
119|267|192|1|252|0|244|
119|485|192|1|506|0|456|
119|268|96|1|253|0|244|
119|264|192|1|253|0|244|
119|265|192|1|253|0|244|
119|268|96|1|253|0|244|
119|265|96|1|253|0|244|
119|215|96|1|221|0|242|
119|264|96|1|253|0|244|
119|475|288|1|503|0|453|
119|269|96|1|254|0|244|
119|265|96|1|254|0|244|
119|268|96|1|253|0|244|
119|480|192|1|502|0|456|
119|265|96|1|253|0|244|
119|265|192|1|254|0|244|
119|486|192|1|506|0|456|
119|265|96|1|253|0|244|
119|264|192|1|253|0|244|
119|264|96|1|252|0|244|
119|473|192|1|503|0|453|
119|485|192|1|504|0|456|
119|268|192|1|253|0|244|
119|265|192|1|253|0|244|
119|267|96|1|253|0|244|
119|481|192|1|503|0|456|
119|264|96|1|253|0|244|
119|264|192|1|253|0|244|
119|265|96|1|253|0|244|
119|477|288|1|502|0|456|
119|481|192|1|501|0|456|
119|267|192|1|253|0|244|
119|264|96|1|253|0|244|
119|268|288|1|254|0|244|
119|479|192|1|506|0|453|
119|264|96|1|253|0|244|
119|269|192|1|253|0|244|
119|265|192|1|253|0|244|
119|211|96|1|221|0|242|
119|475|192|1|505|0|453|
119|479|288|1|503|0|456|
119|265|192|1|253|0|244|
119|268|96|1|253|0|244|
119|479|192|1|508|0|453|
119|479|384|1|503|0|456|
119|265|96|1|253|0|244|
119|268|96|1|253|0|244|
119|265|96|1|253|0|244|
119|264|192|1|253|0|244|
119|212|96|1|221|0|242|
119|482|192|1|500|0|456|
119|472|192|1|497|0|455|
119|212|96|1|221|0|242|
119|268|96|1|253|0|244|
119|265|96|1|253|0|244|
119|268|96|1|253|0|244|
119|481|288|1|503|0|456|
119|265|96|1|253|0|244|
119|264|96|1|253|0|244|
119|212|96|1|221|0|242|
119|268|96|1|253|0|244|
119|268|96|1|253|0|244|
119|215|96|1|221|0|242|
119|265|192|1|253|0|244|
119|268|96|1|253|0|244|
119|265|96|1|253|0|244|
119|481|288|1|506|0|453|
119|268|192|1|253|0|244|
119|264|96|1|253|0|244|
119|268|192|1|253|0|244|
119|472|192|1|503|0|453|
119|267|192|1|253|0|244|
119|267|96|1|253|0|244|
119|493|288|1|519|0|453|
119|214|96|1|221|0|242|
119|264|96|1|253|0|244|
119|211|96|1|221|0|242|
119|479|192|1|502|0|456|
119|212|96|1|221|0|242|
119|265|96|1|253|0|244|
119|264|192|1|253|0|244|
119|268|96|1|253|0|244|
119|265|96|1|253|0|244|
119|268|96|1|253|0|244|
119|478|192|1|505|0|453|
119|477|288|1|504|0|453|
119|265|192|1|253|0|244|
119|268|96|1|253|0|244|
119|478|288|1|505|0|453|
119|214|96|1|221|0|242|
119|268|96|1|253|0|244|
119|270|96|1|253|0|244|
119|478|192|1|504|0|453|
119|480|288|1|507|0|453|
119|265|192|1|253|0|244|
119|264|192|1|253|0|244|
119|211|96|1|221|0|242|
119|421|288|1|472|0|451|
119|484|288|1|502|0|456|
119|264|96|1|253|0|244|
119|264|96|1|252|0|244|
119|481|288|1|499|0|456|
119|267|96|1|252|0|244|
119|267|96|1|252|0|244|
119|482|192|1|505|0|453|
119|267|96|1|252|0|244|
119|264|96|1|252|0|244|
119|267|192|1|253|0|244|
119|480|192|1|507|0|453|
119|477|192|1|506|0|453|
119|267|96|1|253|0|244|
119|264|96|1|252|0|244|
119|267|96|1|252|0|244|
119|479|288|1|499|0|456|
119|267|192|1|252|0|244|
119|264|96|1|252|0|244|
119|422|192|1|473|0|451|
119|268|192|1|253|0|244|
119|476|192|1|502|0|456|
119|264|192|1|252|0|244|
119|268|192|1|253|0|244|
119|484|192|1|504|0|456|
119|264|96|1|252|0|244|
119|268|96|1|254|0|244|
119|265|96|1|253|0|244|
119|265|96|1|253|0|244|
119|475|192|1|505|0|453|
119|214|96|1|221|0|242|
119|268|192|1|253|0|244|
119|264|192|1|253|0|244|
119|265|288|1|253|0|244|
119|478|192|1|505|0|453|
119|265|96|1|253|0|244|
119|267|192|1|253|0|244|
119|265|192|1|253|0|244|
119|268|96|1|253|0|244|
119|480|288|1|502|0|456|
119|268|96|1|254|0|244|
119|212|96|1|221|0|242|
119|265|96|1|254|0|244|
119|474|192|1|504|0|453|
119|477|192|1|500|0|456|
119|262|96|1|250|0|243|
119|264|96|1|252|0|244|
119|267|96|1|252|0|244|
119|268|192|1|253|0|244|
119|211|96|1|221|0|242|
119|268|96|1|253|0|244|
119|268|192|1|253|0|244|
119|264|96|1|252|0|244|
119|264|96|1|252|0|244|
119|483|288|1|502|0|456|
119|265|192|1|252|0|244|
119|264|96|1|252|0|244|
119|264|192|1|253|0|244|
119|264|96|1|252|0|244|
119|265|96|1|254|0|244|
119|265|96|1|253|0|244|
119|267|192|1|253|0|244|
119|267|192|1|253|0|244|
119|264|96|1|253|0|244|
119|265|192|1|254|0|244|
119|268|192|1|253|0|244|
119|265|96|1|250|0|243|
119|265|96|1|253|0|244|
119|264|192|1|252|0|244|
119|211|96|1|221|0|242|
119|268|96|1|253|0|244|
119|268|96|1|253|0|244|
119|268|96|1|253|0|244|
119|265|96|1|254|0|244|
119|264|192|1|253|0|244|
119|268|192|1|253|0|244|
119|265|96|1|250|0|243|
119|264|96|1|252|0|244|
119|264|96|1|253|0|244|
119|264|96|1|253|0|244|
119|264|288|1|253|0|244|
119|264|96|1|253|0|244|
119|264|192|1|253|0|244|
119|264|96|1|252|0|244|
119|267|96|1|253|0|244|
119|267|96|1|252|0|244|
119|264|96|1|252|0|244|
119|264|96|1|252|0|244|
119|215|96|1|221|0|242|
119|264|192|1|252|0|244|
119|264|96|1|252|0|244|
119|211|96|1|221|0|242|
119|214|96|1|221|0|242|
119|215|96|1|221|0|242|
119|264|96|1|253|0|244|
119|265|192|1|253|0|244|
119|265|192|1|253|0|244|
119|264|96|1|253|0|244|
119|268|96|1|253|0|244|
119|264|192|1|253|0|244|
119|267|96|1|252|0|244|
119|264|96|1|252|0|244|
119|214|96|1|221|0|242|
119|267|96|1|253|0|244|
119|265|96|1|253|0|244|
119|212|96|1|221|0|242|
119|265|96|1|253|0|244|
119|267|96|1|253|0|244|
119|264|96|1|253|0|244|
119|265|192|1|253|0|244|
119|211|96|1|221|0|242|
119|265|96|1|253|0|244|
119|265|96|1|253|0|244|
119|264|192|1|253|0|244|
119|268|192|1|253|0|244|
119|262|192|1|250|0|243|
119|267|96|1|253|0|244|
119|268|96|1|253|0|244|
119|215|96|1|221|0|242|
119|267|192|1|252|0|244|
119|267|96|1|252|0|244|
119|264|96|1|252|0|244|
119|264|96|1|252|0|244|
119|267|96|1|252|0|244|
119|265|96|1|253|0|244|
119|268|192|1|253|0|244|
119|264|192|1|252|0|244|
119|266|192|1|251|0|243|
119|268|96|1|254|0|244|
119|215|96|1|221|0|242|
119|214|192|1|221|0|242|
119|215|96|1|221|0|242|
119|264|192|1|253|0|244|
119|212|96|1|221|0|242|
119|265|192|1|253|0|244|
119|214|96|1|221|0|242|
119|264|96|1|253|0|244|
119|265|96|1|253|0|244|
119|268|288|1|253|0|244|
119|212|96|1|221|0|242|
119|264|96|1|253|0|244|
119|264|288|1|252|0|244|
119|264|96|1|252|0|244|
119|221|96|1|221|0|242|
119|264|192|1|253|0|244|
119|268|96|1|254|0|244|
119|264|192|1|252|0|244|
119|264|96|1|252|0|244|
119|268|192|1|253|0|244|
119|265|96|1|253|0|244|
119|268|192|1|253|0|244|
119|214|96|1|221|0|242|
119|264|96|1|253|0|244|
119|215|96|1|221|0|242|
119|212|96|1|221|0|242|
119|268|96|1|253|0|244|
119|268|96|1|253|0|244|
119|212|96|1|221|0|242|
119|267|96|1|253|0|244|
119|268|96|1|253|0|244|
119|215|96|1|221|0|242|
119|264|192|1|253|0|244|
119|215|96|1|221|0|242|
119|265|96|1|253|0|244|
119|265|192|1|253|0|244|
119|212|96|1|221|0|242|
119|268|192|1|253|0|244|
119|265|96|1|253|0|244|
119|211|96|1|221|0|242|
119|268|96|1|253|0|244|
119|268|96|1|253|0|244|
119|268|96|1|254|0|244|
119|213|96|1|219|0|241|
119|268|96|1|253|0|244|
119|265|192|1|253|0|244|
119|268|96|1|253|0|244|
119|215|96|1|221|0|242|
119|265|192|1|253|0|244|
119|264|96|1|252|0|244|
119|265|192|1|253|0|244|
119|214|96|1|221|0|242|
119|268|96|1|253|0|244|
119|265|192|1|253|0|244|
119|265|96|1|253|0|244|
119|264|192|1|252|0|244|
119|265|96|1|253|0|244|
119|268|96|1|253|0|244|
119|265|96|1|254|0|244|
119|265|96|1|253|0|244|
119|268|96|1|253|0|244|
119|211|192|1|221|0|242|
119|268|96|1|253|0|244|
119|268|192|1|253|0|244|
119|264|96|1|253|0|244|
119|262|96|1|250|0|243|
119|264|192|1|252|0|244|
119|264|96|1|253|0|244|
119|264|96|1|252|0|244|
119|214|192|1|221|0|242|
119|264|192|1|253|0|244|
119|212|192|1|221|0|242|
119|215|96|1|221|0|242|
119|215|96|1|221|0|242|
119|267|96|1|252|0|244|
119|264|192|1|252|0|244|
119|264|192|1|253|0|244|
119|268|96|1|254|0|244|
119|264|96|1|253|0|244|
119|267|96|1|252|0|244|
119|264|192|1|252|0|244|
119|264|96|1|253|0|244|
119|264|96|1|253|0|244|
119|267|96|1|252|0|244|
119|212|96|1|221|0|242|
119|268|192|1|253|0|244|
119|265|192|1|253|0|244|
119|215|96|1|221|0|242|
119|268|192|1|253|0|244|
119|264|96|1|252|0|244|
119|264|96|1|252|0|244|
119|267|96|1|252|0|244|
119|264|96|1|252|0|244|
119|212|96|1|221|0|242|
119|264|96|1|252|0|244|
119|264|96|1|252|0|244|
119|264|96|1|253|0|244|
119|268|96|1|254|0|244|
119|268|288|1|254|0|244|
119|264|96|1|252|0|244|
119|264|96|1|252|0|244|
119|264|192|1|252|0|244|
119|267|96|1|252|0|244|
119|215|96|1|221|0|242|
119|267|96|1|253|0|244|
119|265|96|1|253|0|244|
119|265|96|1|253|0|244|
119|268|96|1|253|0|244|
119|265|96|1|253|0|244|
119|265|96|1|253|0|244|
119|265|96|1|253|0|244|
119|267|96|1|253|0|244|
119|264|96|1|252|0|244|
119|265|192|1|253|0|244|
119|268|288|1|253|0|244|
119|211|96|1|221|0|242|
119|267|192|1|253|0|244|
119|267|96|1|253|0|244|
119|264|96|1|253|0|244|
119|264|96|1|253|0|244|
119|267|192|1|253|0|244|
119|267|96|1|252|0|244|
119|267|96|1|252|0|244|
119|264|288|1|252|0|244|
119|264|96|1|253|0|244|
119|267|96|1|253|0|244|
119|268|96|1|252|0|244|
119|264|96|1|252|0|244|
119|265|96|1|254|0|244|
119|268|96|1|253|0|244|
119|264|192|1|252|0|244|
119|265|192|1|252|0|244|
119|268|96|1|253|0|244|
119|264|192|1|252|0|244|
119|268|96|1|254|0|244|
119|264|96|1|252|0|244|
119|268|192|1|253|0|244|
119|267|288|1|252|0|244|
119|264|96|1|252|0|244|
119|265|96|1|254|0|244|
119|268|192|1|254|0|244|
119|268|96|1|253|0|244|
119|214|96|1|221|0|242|
119|214|96|1|221|0|242|
119|264|96|1|252|0|244|
119|264|96|1|253|0|244|
119|264|192|1|252|0|244|
119|215|96|1|221|0|242|
119|268|96|1|253|0|244|
119|211|96|1|221|0|242|
119|212|96|1|221|0|242|
119|267|192|1|252|0|244|
119|268|96|1|253|0|244|
119|212|96|1|221|0|242|
119|264|96|1|253|0|244|
119|265|96|1|253|0|244|
119|265|192|1|253|0|244|
119|212|96|1|221|0|242|
119|264|96|1|253|0|244|
119|264|96|1|253|0|244|
119|267|96|1|252|0|244|
119|267|96|1|252|0|244|
119|268|96|1|253|0|244|
119|265|288|1|253|0|244|
119|265|96|1|253|0|244|
119|268|192|1|253|0|244|
119|215|96|1|221|0|242|
119|264|96|1|253|0|244|
119|267|192|1|253|0|244|
119|268|192|1|253|0|244|
119|268|288|1|253|0|244|
119|265|96|1|253|0|244|
119|212|96|1|221|0|242|
119|268|96|1|253|0|244|
119|268|96|1|253|0|244|
119|268|192|1|253|0|244|
119|268|192|1|253|0|244|
119|268|192|1|253|0|244|
119|265|96|1|253|0|244|
119|212|96|1|221|0|242|
119|268|192|1|253|0|244|
119|265|96|1|253|0|244|
119|268|96|1|253|0|244|
119|215|96|1|221|0|242|
119|265|288|1|253|0|244|
119|212|96|1|221|0|242|
119|265|96|1|254|0|244|
119|264|96|1|252|0|244|
119|264|96|1|252|0|244|
119|264|96|1|252|0|244|
119|268|192|1|254|0|244|
119|212|96|1|221|0|242|
119|267|192|1|252|0|244|
119|212|96|1|221|0|242|
119|267|96|1|252|0|244|
119|267|96|1|252|0|244|
119|268|192|1|253|0|244|
119|264|96|1|253|0|244|
119|264|96|1|253|0|244|
119|214|96|1|221|0|242|
119|264|192|1|253|0|244|
119|216|96|1|221|0|242|
119|268|192|1|253|0|244|
119|265|96|1|250|0|243|
119|264|96|1|253|0|244|
119|264|96|1|253|0|244|
119|268|96|1|253|0|244|
119|265|192|1|253|0|244|
119|212|96|1|221|0|242|
119|268|192|1|253|0|244|
119|211|96|1|221|0|242|
119|265|192|1|254|0|244|
119|264|192|1|252|0|244|
119|265|192|1|254|0|244|
119|215|96|1|221|0|242|
119|264|192|1|252|0|244|
119|212|96|1|221|0|242|
119|268|192|1|253|0|244|
119|265|96|1|253|0|244|
119|268|192|1|253|0|244|
119|267|96|1|253|0|244|
119|267|96|1|253|0|244|
119|265|96|1|253|0|244|
119|211|96|1|221|0|242|
119|265|96|1|254|0|244|
119|264|96|1|253|0|244|
119|268|96|1|253|0|244|
119|264|96|1|253|0|244|
119|264|192|1|253|0|244|
119|212|96|1|221|0|242|
119|268|96|1|253|0|244|
119|264|96|1|253|0|244|
119|268|192|1|253|0|244|
119|268|96|1|253|0|244|
119|268|192|1|253|0|244|
119|215|96|1|221|0|242|
119|268|192|1|254|0|244|
119|268|96|1|254|0|244|
119|268|96|1|253|0|244|
119|265|96|1|254|0|244|
119|268|192|1|254|0|244|
119|268|96|1|253|0|244|
119|265|192|1|253|0|244|
119|268|96|1|253|0|244|
119|265|192|1|253|0|244|
119|212|96|1|221|0|242|
119|268|96|1|254|0|244|
119|265|96|1|253|0|244|
119|265|192|1|253|0|244|
119|268|192|1|253|0|244|
119|212|96|1|221|0|242|
119|215|96|1|221|0|242|
119|268|96|1|253|0|244|
119|265|96|1|253|0|244|
119|268|192|1|253|0|244|
119|265|96|1|253|0|244|
119|267|96|1|253|0|244|
119|214|96|1|221|0|242|
119|265|192|1|252|0|244|
119|212|192|1|221|0|242|
119|265|96|1|253|0|244|
119|475|288|1|505|0|453|
119|212|96|1|221|0|242|
119|290|192|1|278|0|244|
119|481|288|1|503|0|456|
119|268|288|1|253|0|244|
119|266|96|1|253|0|244|
119|215|96|1|221|0|242|
119|478|192|1|505|0|456|
119|265|96|1|253|0|244|
119|267|96|1|253|0|244|
119|265|192|1|253|0|244|
119|267|96|1|253|0|244|
119|267|96|1|253|0|244|
119|480|288|1|502|0|456|
119|266|96|1|253|0|244|
119|265|96|1|253|0|244|
119|212|96|1|221|0|242|
119|268|192|1|253|0|244|
119|265|192|1|253|0|244|
119|212|96|1|221|0|242|
119|268|96|1|253|0|244|
119|268|96|1|253|0|244|
119|211|96|1|221|0|242|
119|265|192|1|253|0|244|
119|264|96|1|253|0|244|
119|265|96|1|254|0|244|
119|268|96|1|253|0|244|
119|268|96|1|254|0|244|
119|213|192|1|220|0|239|
119|268|96|1|253|0|244|
119|265|96|1|253|0|244|
119|268|96|1|253|0|244|
119|264|96|1|253|0|244|
119|268|96|1|253|0|244|
119|265|96|1|253|0|244|
119|265|192|1|253|0|244|
119|267|192|1|252|0|244|
119|268|192|1|254|0|244|
119|267|96|1|252|0|244|
119|264|96|1|253|0|244|
119|264|192|1|252|0|244|
119|265|192|1|254|0|244|
119|212|96|1|221|0|242|
119|268|96|1|253|0|244|
119|268|192|1|253|0|244|
119|265|96|1|253|0|244|
119|268|192|1|253|0|244|
119|265|192|1|253|0|244|
119|265|192|1|252|0|244|
119|264|192|1|252|0|244|
119|264|96|1|252|0|244|
119|264|192|1|252|0|244|
119|217|96|1|221|0|242|
119|267|96|1|252|0|244|
119|264|192|1|252|0|244|
119|264|192|1|252|0|244|
119|264|96|1|252|0|244|
119|264|96|1|253|0|244|
119|267|96|1|252|0|244|
119|267|192|1|253|0|244|
119|264|192|1|252|0|244|
119|267|192|1|252|0|244|
119|264|96|1|252|0|244|
119|267|96|1|252|0|244|
119|264|96|1|253|0|244|
119|264|96|1|252|0|244|
119|264|96|1|252|0|244|
119|264|96|1|252|0|244|
119|215|96|1|221|0|242|
119|264|192|1|252|0|244|
119|264|96|1|252|0|244|
119|264|96|1|252|0|244|
119|264|96|1|253|0|244|
119|264|96|1|253|0|244|
119|264|96|1|252|0|244|
119|268|96|1|253|0|244|
119|265|192|1|253|0|244|
119|265|96|1|253|0|244|
119|267|192|1|253|0|244|
119|265|96|1|253|0|244|
119|268|96|1|253|0|244|
119|215|96|1|221|0|242|
119|268|96|1|253|0|244|
119|265|96|1|253|0|244|
119|265|96|1|253|0|244|
119|265|96|1|253|0|244|
119|268|192|1|253|0|244|
119|268|192|1|253|0|244|
119|265|96|1|253|0|244|
119|268|192|1|253|0|244|
119|264|96|1|253|0|244|
119|267|96|1|253|0|244|
119|267|192|1|253|0|244|
119|268|96|1|253|0|244|
119|264|96|1|253|0|244|
119|265|96|1|253|0|244|
119|265|192|1|253|0|244|
119|265|96|1|253|0|244|
119|264|96|1|253|0|244|
119|268|96|1|253|0|244|
119|265|192|1|254|0|244|
119|264|96|1|252|0|244|
119|264|288|1|253|0|244|
119|264|96|1|252|0|244|
119|264|96|1|253|0|244|
119|212|96|1|221|0|242|
119|265|96|1|253|0|244|
119|265|192|1|253|0|244|
119|264|96|1|253|0|244|
119|265|192|1|253|0|244|
119|265|96|1|253|0|244|
119|268|96|1|253|0|244|
119|265|96|1|253|0|244|
119|268|96|1|253|0|244|
119|268|192|1|253|0|244|
119|265|96|1|253|0|244|
119|265|192|1|253|0|244|
119|264|96|1|253|0|244|
119|264|192|1|253|0|244|
119|268|192|1|253|0|244|
119|268|96|1|253|0|244|
119|268|96|1|253|0|244|
119|268|96|1|253|0|244|
119|265|96|1|253|0|244|
119|268|192|1|253|0|244|
119|268|192|1|253|0|244|
119|215|96|1|221|0|242|
119|268|96|1|253|0|244|
119|268|96|1|253|0|244|
119|482|192|1|506|0|453|
119|268|288|1|253|0|244|
119|265|96|1|253|0|244|
119|265|96|1|253|0|244|
119|264|96|1|253|0|244|
119|265|96|1|253|0|244|
119|267|96|1|253|0|244|
119|478|192|1|505|0|453|
119|482|192|1|504|0|456|
119|265|192|1|253|0|244|
119|265|96|1|253|0|244|
119|215|96|1|221|0|242|
119|268|96|1|253|0|244|
119|479|192|1|506|0|453|
119|264|96|1|252|0|244|
119|264|96|1|252|0|244|
119|484|192|1|508|0|453|
119|479|192|1|503|0|456|
119|267|96|1|253|0|244|
119|267|96|1|252|0|244|
119|476|288|1|502|0|456|
119|264|192|1|252|0|244|
119|264|96|1|252|0|244|
119|265|96|1|253|0|244|
119|480|192|1|508|0|453|
119|265|96|1|253|0|244|
119|212|96|1|221|0|242|
119|212|96|1|221|0|242|
119|268|288|1|253|0|244|
119|265|192|1|253|0|244|
119|214|96|1|221|0|242|
119|215|96|1|221|0|242|
119|212|96|1|221|0|242|
119|475|288|1|505|0|453|
119|481|288|1|505|0|456|
119|265|96|1|253|0|244|
119|264|96|1|253|0|244|
119|265|192|1|253|0|244|
119|264|192|1|253|0|244|
119|215|96|1|221|0|242|
119|474|192|1|496|0|456|
119|267|96|1|252|0|244|
119|280|96|1|265|0|244|
119|264|96|1|252|0|244|
119|264|96|1|252|0|244|
119|211|96|1|221|0|242|
119|267|288|1|252|0|244|
119|478|288|1|501|0|456|
119|264|192|1|252|0|244|
119|215|96|1|221|0|242|
119|268|288|1|253|0|244|
119|477|192|1|504|0|453|
119|268|192|1|253|0|244|
119|264|96|1|253|0|244|
119|212|96|1|221|0|242|
119|476|192|1|502|0|456|
119|264|192|1|252|0|244|
119|264|192|1|252|0|244|
119|481|288|1|506|0|453|
119|264|96|1|252|0|244|
119|267|96|1|252|0|244|
119|265|96|1|252|0|244|
119|482|288|1|507|0|453|
119|264|192|1|253|0|244|
119|264|192|1|252|0|244|
119|264|96|1|253|0|244|
119|480|192|1|507|0|453|
119|264|192|1|253|0|244|
119|263|96|1|251|0|240|
119|264|96|1|252|0|244|
119|215|192|1|221|0|242|
119|264|96|1|252|0|244|
119|265|288|1|254|0|244|
119|268|96|1|253|0|244|
119|484|288|1|503|0|456|
119|214|96|1|221|0|242|
119|478|192|1|502|0|456|
119|268|96|1|253|0|244|
119|212|96|1|221|0|242|
119|212|96|1|221|0|242|
119|477|288|1|504|0|453|
119|264|96|1|253|0|244|
119|481|288|1|504|0|456|
119|268|96|1|253|0|244|
119|220|96|1|221|0|242|
119|478|192|1|505|0|453|
119|211|96|1|221|0|242|
119|482|288|1|506|0|453|
119|265|96|1|253|0|244|
119|215|96|1|221|0|242|
119|268|96|1|253|0|244|
119|427|192|1|473|0|451|
119|218|96|1|221|0|242|
119|265|96|1|253|0|244|
119|264|192|1|253|0|244|
119|479|192|1|507|0|453|
119|482|288|1|507|0|453|
119|480|288|1|507|0|453|
119|267|192|1|252|0|244|
119|264|192|1|252|0|244|
119|478|192|1|504|0|453|
119|264|96|1|253|0|244|
119|211|96|1|221|0|242|
119|480|288|1|503|0|456|
119|264|96|1|252|0|244|
119|267|96|1|252|0|244|
119|267|192|1|253|0|244|
119|426|192|1|474|0|451|
119|215|96|1|221|0|242|
119|264|96|1|252|0|244|
119|267|288|1|252|0|244|
119|264|96|1|252|0|244|
119|264|96|1|252|0|244|
119|264|96|1|253|0|244|
119|264|288|1|252|0|244|
119|484|288|1|504|0|456|
119|265|192|1|253|0|244|
119|267|96|1|252|0|244|
119|474|192|1|503|0|453|
119|482|192|1|500|0|456|
119|212|96|1|221|0|242|
119|265|96|1|251|0|240|
119|477|192|1|499|0|455|
119|264|96|1|252|0|244|
119|211|96|1|221|0|242|
119|428|192|1|473|0|451|
119|214|96|1|221|0|242|
119|264|96|1|253|0|244|
119|265|96|1|252|0|244|
119|264|96|1|253|0|244|
119|264|192|1|252|0|244|
119|264|96|1|252|0|244|
119|480|288|1|505|0|453|
119|479|192|1|501|0|456|
119|268|96|1|254|0|244|
119|267|96|1|252|0|244|
119|267|96|1|253|0|244|
119|214|96|1|221|0|242|
119|267|96|1|252|0|244|
119|265|96|1|253|0|244|
119|476|288|1|501|0|452|
119|268|96|1|253|0|244|
119|264|192|1|252|0|244|
