INSTRUCTIONS_RETIRED|CYCLES|UNKNOWN|LD_BLOCKS.STORE_FORWARD|UOPS_EXECUTED.THREAD|BR_MISP_RETIRED.ALL_BRANCHES|UOPS_RETIRED.ANY|
84|385|192|1|434|0|419|
84|229|96|1|218|0|209|
84|233|192|1|218|0|209|
84|232|96|1|218|0|209|
84|441|288|1|470|0|418|
84|446|192|1|468|0|421|
84|444|192|1|467|0|421|
84|230|96|1|218|0|209|
84|229|96|1|217|0|209|
84|230|96|1|219|0|209|
84|233|96|1|218|0|209|
84|232|192|1|218|0|209|
84|232|96|1|218|0|209|
84|445|192|1|468|0|421|
84|233|96|1|218|0|209|
84|229|192|1|217|0|209|
84|230|96|1|217|0|209|
84|445|192|1|468|0|421|
84|229|96|1|217|0|209|
84|177|96|1|186|0|207|
84|229|96|1|218|0|209|
84|447|288|1|467|0|421|
84|233|96|1|218|0|209|
84|229|96|1|217|0|209|
84|229|96|1|218|0|209|
84|229|96|1|217|0|209|
84|232|192|1|217|0|209|
84|229|96|1|217|0|209|
84|229|96|1|217|0|209|
84|448|192|1|475|0|418|
84|229|96|1|217|0|209|
84|180|96|1|186|0|207|
84|229|96|1|218|0|209|
84|232|96|1|217|0|209|
84|232|192|1|217|0|209|
84|232|192|1|217|0|209|
84|447|192|1|472|0|418|
84|443|192|1|468|0|421|
84|390|192|1|437|0|416|
84|443|288|1|467|0|421|
84|233|96|1|218|0|209|
84|232|96|1|218|0|209|
84|232|96|1|217|0|209|
84|447|192|1|467|0|421|
84|229|96|1|217|0|209|
84|232|96|1|217|0|209|
84|176|96|1|186|0|207|
84|230|96|1|218|0|209|
84|440|192|1|470|0|418|
84|442|288|1|469|0|418|
84|443|192|1|469|0|418|
84|233|96|1|218|0|209|
84|231|96|1|216|0|208|
84|230|96|1|218|0|209|
84|233|96|1|218|0|209|
84|443|192|1|469|0|418|
84|442|288|1|469|0|418|
84|440|192|1|467|0|421|
84|442|192|1|467|0|421|
84|232|96|1|217|0|209|
84|232|192|1|217|0|209|
84|232|96|1|217|0|209|
84|444|192|1|466|0|421|
84|233|96|1|218|0|209|
84|232|192|1|218|0|209|
84|232|96|1|218|0|209|
84|444|192|1|471|0|418|
84|445|288|1|472|0|418|
84|229|96|1|218|0|209|
84|229|96|1|218|0|209|
84|229|96|1|218|0|209|
84|232|96|1|217|0|209|
84|230|96|1|217|0|209|
84|232|192|1|217|0|209|
84|232|96|1|217|0|209|
84|442|192|1|468|0|418|
84|233|96|1|218|0|209|
84|230|96|1|218|0|209|
84|233|96|1|218|0|209|
84|230|96|1|218|0|209|
84|233|96|1|218|0|209|
84|229|96|1|217|0|209|
84|230|96|1|218|0|209|
84|229|96|1|217|0|209|
84|230|96|1|219|0|209|
84|180|96|1|186|0|207|
84|232|192|1|218|0|209|
84|232|96|1|217|0|209|
84|239|192|1|217|0|209|
84|445|192|1|466|0|421|
84|229|96|1|217|0|209|
84|233|96|1|218|0|209|
84|179|96|1|186|0|207|
84|445|288|1|471|0|418|
84|451|192|1|466|0|418|
84|232|192|1|218|0|209|
84|229|96|1|217|0|209|
84|233|96|1|218|0|209|
84|230|96|1|218|0|209|
84|230|96|1|218|0|209|
84|444|288|1|471|0|418|
84|233|96|1|218|0|209|
84|180|96|1|186|0|207|
84|229|96|1|218|0|209|
84|232|96|1|218|0|209|
84|233|96|1|218|0|209|
84|176|96|1|186|0|207|
84|230|96|1|219|0|209|
84|233|288|1|219|0|209|
84|232|192|1|217|0|209|
84|445|288|1|468|0|421|
84|328|96|1|204|0|209|
84|443|192|1|470|0|418|
84|176|96|1|186|0|207|
84|264|192|2|257|0|209|
84|441|288|1|469|0|418|
84|229|192|1|217|0|209|
84|229|192|1|217|0|209|
84|229|96|1|217|0|209|
84|176|96|1|186|0|207|
84|452|192|1|468|0|418|
84|230|96|1|218|0|209|
84|233|192|1|218|0|209|
84|230|192|1|218|0|209|
84|230|96|1|218|0|209|
84|233|192|1|218|0|209|
84|446|192|1|471|0|421|
84|443|192|1|468|0|421|
84|229|192|1|218|0|209|
84|230|96|1|215|0|208|
84|444|192|1|470|0|418|
84|232|96|1|218|0|209|
84|179|96|1|186|0|207|
84|390|192|1|438|0|416|
84|232|96|1|218|0|209|
84|230|192|1|218|0|209|
84|232|96|1|218|0|209|
84|233|96|1|218|0|209|
84|443|288|1|466|0|421|
84|229|192|1|217|0|209|
84|229|96|1|218|0|209|
84|232|96|1|217|0|209|
84|445|192|1|471|0|418|
84|229|96|1|217|0|209|
84|229|96|1|218|0|209|
84|233|96|1|219|0|209|
84|233|96|1|217|0|209|
84|233|192|1|219|0|209|
84|229|96|1|217|0|209|
84|229|96|1|218|0|209|
84|233|96|1|218|0|209|
84|229|192|1|218|0|209|
84|232|192|1|217|0|209|
84|230|96|1|219|0|209|
84|230|96|1|218|0|209|
84|264|96|2|257|0|209|
84|229|96|1|217|0|209|
84|233|96|1|218|0|209|
84|2911|1536|1|566|0|543|
84|233|96|1|218|0|209|
84|233|192|1|218|0|209|
84|233|192|1|218|0|209|
84|233|96|1|218|0|209|
84|233|96|1|218|0|209|
84|233|96|1|218|0|209|
84|233|96|1|218|0|209|
84|233|96|1|218|0|209|
84|233|96|1|218|0|209|
84|232|96|1|218|0|209|
84|229|192|1|217|0|209|
84|233|96|1|219|0|209|
84|233|96|1|219|0|209|
84|233|96|1|218|0|209|
84|232|96|1|217|0|209|
84|233|96|1|218|0|209|
84|230|192|1|218|0|209|
84|233|96|1|219|0|209|
84|180|96|1|186|0|207|
84|233|96|1|218|0|209|
84|232|96|1|217|0|209|
84|176|96|1|186|0|207|
84|230|96|1|219|0|209|
84|233|96|1|218|0|209|
84|230|96|1|218|0|209|
84|233|96|1|218|0|209|
84|177|96|1|186|0|207|
84|233|96|1|218|0|209|
84|230|96|1|218|0|209|
84|233|96|1|218|0|209|
84|232|96|1|218|0|209|
84|232|96|1|218|0|209|
84|232|96|1|218|0|209|
84|233|96|1|218|0|209|
84|233|96|1|218|0|209|
84|229|192|1|218|0|209|
84|180|96|1|186|0|207|
84|233|96|1|218|0|209|
84|233|96|1|218|0|209|
84|232|96|1|217|0|209|
84|229|96|1|217|0|209|
84|229|96|1|217|0|209|
84|230|96|1|218|0|209|
84|233|96|1|219|0|209|
84|233|96|1|218|0|209|
84|233|96|1|218|0|209|
84|177|96|1|186|0|207|
84|230|96|1|218|0|209|
84|249|96|1|238|0|209|
84|229|96|1|218|0|209|
84|229|192|1|218|0|209|
84|233|96|1|218|0|209|
84|230|96|1|218|0|209|
84|233|96|1|218|0|209|
84|233|96|1|218|0|209|
84|230|96|1|218|0|209|
84|180|96|1|186|0|207|
84|233|192|1|218|0|209|
84|229|96|1|217|0|209|
84|232|96|1|217|0|209|
84|229|96|1|217|0|209|
84|233|192|1|219|0|209|
84|232|96|1|217|0|209|
84|229|96|1|217|0|209|
84|233|192|1|218|0|209|
84|233|96|1|219|0|209|
84|230|96|1|218|0|209|
84|232|96|1|218|0|209|
84|233|192|1|218|0|209|
84|232|96|1|217|0|209|
84|229|96|1|217|0|209|
84|233|96|1|219|0|209|
84|229|96|1|217|0|209|
84|232|192|1|218|0|209|
84|229|96|1|217|0|209|
84|233|96|1|218|0|209|
84|233|96|1|219|0|209|
84|230|96|1|218|0|209|
84|233|96|1|218|0|209|
84|233|96|1|219|0|209|
84|229|96|1|217|0|209|
84|232|96|1|217|0|209|
84|258|96|1|240|0|209|
84|229|96|1|218|0|209|
84|229|96|1|218|0|209|
84|180|96|1|186|0|207|
84|230|192|1|218|0|209|
84|230|96|1|218|0|209|
84|232|96|1|218|0|209|
84|233|96|1|219|0|209|
84|229|96|1|217|0|209|
84|233|96|1|218|0|209|
84|232|192|1|217|0|209|
84|233|96|1|218|0|209|
84|233|96|1|218|0|209|
84|233|192|1|219|0|209|
84|178|96|1|184|0|206|
84|233|192|1|218|0|209|
84|239|96|1|218|0|209|
84|232|96|1|218|0|209|
84|233|96|1|218|0|209|
84|230|96|1|218|0|209|
84|232|96|1|218|0|209|
84|180|96|1|186|0|207|
84|230|96|1|218|0|209|
84|233|96|1|218|0|209|
84|232|96|1|217|0|209|
84|230|96|1|218|0|209|
84|229|96|1|217|0|209|
84|230|96|1|218|0|209|
84|232|96|1|217|0|209|
84|246|96|1|235|0|209|
84|229|96|1|218|0|209|
84|230|96|1|218|0|209|
84|233|96|1|218|0|209|
84|233|96|1|218|0|209|
84|232|96|1|218|0|209|
84|233|192|1|218|0|209|
84|232|96|1|218|0|209|
84|230|96|1|218|0|209|
84|233|96|1|218|0|209|
84|233|192|1|218|0|209|
84|229|192|1|218|0|209|
84|233|96|1|218|0|209|
84|230|192|1|218|0|209|
84|233|96|1|218|0|209|
84|233|96|1|218|0|209|
84|233|96|1|218|0|209|
84|229|96|1|218|0|209|
84|230|96|1|218|0|209|
84|232|192|1|218|0|209|
84|233|96|1|218|0|209|
84|176|96|1|186|0|207|
84|230|96|1|218|0|209|
84|232|192|1|218|0|209|
84|233|96|1|218|0|209|
84|230|192|1|218|0|209|
84|232|96|1|218|0|209|
84|229|96|1|218|0|209|
84|232|96|1|218|0|209|
84|230|96|1|216|0|206|
84|228|96|1|215|0|201|
84|233|192|1|218|0|209|
84|232|192|1|218|0|209|
84|229|192|1|218|0|209|
84|230|96|1|218|0|209|
84|233|96|1|218|0|209|
84|232|96|1|217|0|209|
84|230|96|1|218|0|209|
84|178|96|1|185|0|203|
84|177|96|1|186|0|207|
84|232|96|1|218|0|209|
84|233|96|1|218|0|209|
84|233|96|1|218|0|209|
84|233|288|1|218|0|209|
84|229|96|1|218|0|209|
84|232|96|1|217|0|209|
84|233|96|1|218|0|209|
84|177|96|1|186|0|207|
84|233|96|1|218|0|209|
84|229|192|1|218|0|209|
84|232|96|1|218|0|209|
84|233|192|1|218|0|209|
84|230|96|1|218|0|209|
84|232|96|1|217|0|209|
84|229|96|1|217|0|209|
84|229|96|1|217|0|209|
84|229|96|1|217|0|209|
84|232|96|1|218|0|209|
84|232|192|1|217|0|209|
84|229|96|1|217|0|209|
84|229|96|1|218|0|209|
84|232|96|1|217|0|209|
84|229|192|1|217|0|209|
84|229|96|1|217|0|209|
84|232|96|1|217|0|209|
84|233|192|1|218|0|209|
84|232|96|1|218|0|209|
84|232|192|1|218|0|209|
84|230|96|1|219|0|209|
84|180|96|1|186|0|207|
84|229|192|1|217|0|209|
84|232|192|1|218|0|209|
84|232|96|1|217|0|209|
84|229|96|1|217|0|209|
84|232|192|1|218|0|209|
84|229|96|1|217|0|209|
84|229|192|1|217|0|209|
84|229|192|1|217|0|209|
84|232|96|1|217|0|209|
84|229|96|1|217|0|209|
84|229|96|1|217|0|209|
84|232|96|1|218|0|209|
84|232|96|1|217|0|209|
84|232|96|1|218|0|209|
84|232|192|1|217|0|209|
84|233|288|1|218|0|209|
84|230|96|1|219|0|209|
84|230|192|1|219|0|209|
84|232|96|1|217|0|209|
84|230|96|1|218|0|209|
84|179|96|1|186|0|207|
84|232|96|1|217|0|209|
84|230|96|1|218|0|209|
84|233|96|1|219|0|209|
84|232|96|1|218|0|209|
84|229|96|1|218|0|209|
84|232|192|1|217|0|209|
84|230|96|1|218|0|209|
84|229|96|1|218|0|209|
84|233|96|1|218|0|209|
84|177|96|1|186|0|207|
84|233|96|1|218|0|209|
84|233|96|1|218|0|209|
84|230|192|1|218|0|209|
84|233|96|1|218|0|209|
84|233|96|1|218|0|209|
84|230|96|1|218|0|209|
84|232|96|1|218|0|209|
84|229|96|1|218|0|209|
84|232|96|1|218|0|209|
84|229|96|1|218|0|209|
84|232|192|1|218|0|209|
84|182|96|1|186|0|207|
84|233|96|1|218|0|209|
84|232|96|1|218|0|209|
84|232|192|1|218|0|209|
84|233|96|1|218|0|209|
84|233|96|1|218|0|209|
84|232|96|1|218|0|209|
84|230|96|1|218|0|209|
84|233|96|1|218|0|209|
84|232|192|1|218|0|209|
84|232|192|1|218|0|209|
84|232|192|1|217|0|209|
84|292|96|1|257|0|210|
84|229|96|1|217|0|209|
84|232|96|1|217|0|209|
84|232|96|1|217|0|209|
84|233|96|1|219|0|209|
84|183|96|1|186|0|207|
84|252|96|1|238|0|209|
84|232|96|1|217|0|209|
84|233|192|1|219|0|209|
84|229|192|1|217|0|209|
84|180|96|1|186|0|207|
84|230|96|1|218|0|209|
84|230|96|1|218|0|209|
84|230|96|1|218|0|209|
84|229|96|1|217|0|209|
84|232|96|1|217|0|209|
84|229|96|1|217|0|209|
84|229|96|1|217|0|209|
84|232|96|1|217|0|209|
84|177|96|1|186|0|207|
84|229|192|1|218|0|209|
84|230|192|1|218|0|209|
84|233|192|1|218|0|209|
84|230|96|1|218|0|209|
84|233|192|1|218|0|209|
84|233|96|1|218|0|209|
84|233|192|1|218|0|209|
84|233|96|1|218|0|209|
84|232|96|1|218|0|209|
84|233|96|1|218|0|209|
84|233|96|1|218|0|209|
84|232|96|1|217|0|209|
84|230|96|1|216|0|205|
84|232|192|1|217|0|209|
84|229|192|1|217|0|209|
84|230|96|1|215|0|208|
84|228|96|1|215|0|208|
84|232|96|1|217|0|209|
84|260|96|1|256|0|209|
84|229|96|1|217|0|209|
84|229|96|1|217|0|209|
84|232|192|1|218|0|209|
84|232|192|1|218|0|209|
84|232|96|1|218|0|209|
84|232|96|1|217|0|209|
84|230|96|1|219|0|209|
84|232|96|1|217|0|209|
84|227|96|1|215|0|208|
84|232|96|1|217|0|209|
84|232|96|1|218|0|209|
84|230|96|1|219|0|209|
84|180|96|1|186|0|207|
84|233|96|1|218|0|209|
84|232|96|1|217|0|209|
84|229|192|1|218|0|209|
84|252|96|1|240|0|209|
84|233|96|1|218|0|209|
84|232|96|1|218|0|209|
84|233|192|1|218|0|209|
84|233|192|1|218|0|209|
84|233|96|1|218|0|209|
84|233|96|1|218|0|209|
84|230|192|1|218|0|209|
84|233|96|1|218|0|209|
84|233|96|1|218|0|209|
84|233|96|1|218|0|209|
84|233|96|1|218|0|209|
84|230|96|1|218|0|209|
84|233|96|1|218|0|209|
84|232|96|1|218|0|209|
84|233|192|1|218|0|209|
84|230|192|1|218|0|209|
84|180|96|1|186|0|207|
84|233|96|1|218|0|209|
84|232|192|1|218|0|209|
84|229|96|1|218|0|209|
84|230|96|1|219|0|209|
84|229|96|1|218|0|209|
84|232|192|1|217|0|209|
84|232|192|1|217|0|209|
84|230|192|1|218|0|209|
84|260|192|1|256|0|209|
84|230|96|1|218|0|209|
84|230|96|1|218|0|209|
84|180|96|1|186|0|207|
84|233|96|1|218|0|209|
84|233|96|1|219|0|209|
84|233|96|1|218|0|209|
84|229|96|1|217|0|209|
84|229|96|1|217|0|209|
84|229|192|1|217|0|209|
84|179|96|1|186|0|207|
84|230|96|1|218|0|209|
84|179|96|1|186|0|207|
84|232|96|1|218|0|209|
84|233|192|1|219|0|209|
84|297|192|1|223|0|211|
84|233|96|1|218|0|209|
84|229|96|1|218|0|209|
84|233|96|1|218|0|209|
84|232|96|1|218|0|209|
84|233|96|1|218|0|209|
84|232|192|1|217|0|209|
84|232|96|1|218|0|209|
84|229|192|1|218|0|209|
84|229|96|1|217|0|209|
84|232|96|1|217|0|209|
84|229|96|1|218|0|209|
84|229|96|1|217|0|209|
84|229|96|1|217|0|209|
84|233|96|1|219|0|209|
84|230|192|1|215|0|208|
84|233|192|1|219|0|209|
84|229|192|1|217|0|209|
84|178|96|1|185|0|203|
84|233|96|1|218|0|209|
84|233|192|1|218|0|209|
84|233|96|1|218|0|209|
84|233|96|1|218|0|209|
84|229|96|1|218|0|209|
84|230|96|1|215|0|208|
84|230|96|1|218|0|209|
84|232|96|1|218|0|209|
84|229|192|1|218|0|209|
84|179|96|1|186|0|207|
84|229|96|1|218|0|209|
84|232|192|1|218|0|209|
84|232|96|1|218|0|209|
84|232|96|1|218|0|209|
84|232|96|1|217|0|209|
84|229|96|1|217|0|209|
84|180|96|1|186|0|207|
84|233|96|1|219|0|209|
84|229|96|1|218|0|209|
84|230|96|1|219|0|209|
84|230|96|1|218|0|209|
84|179|96|1|186|0|207|
84|229|96|1|217|0|209|
84|233|96|1|218|0|209|
84|233|96|1|218|0|209|
84|233|96|1|218|0|209|
84|232|96|1|218|0|209|
84|230|96|1|215|0|208|
84|233|96|1|218|0|209|
84|180|96|1|186|0|207|
84|229|96|1|217|0|209|
84|230|96|1|218|0|209|
84|233|96|1|218|0|209|
84|176|96|1|186|0|207|
84|232|96|1|218|0|209|
84|229|96|1|217|0|209|
84|232|96|1|217|0|209|
84|229|192|1|218|0|209|
84|232|96|1|217|0|209|
84|233|96|1|219|0|209|
84|230|96|1|218|0|209|
84|232|96|1|217|0|209|
84|181|96|1|186|0|207|
84|230|96|1|218|0|209|
84|233|96|1|218|0|209|
84|233|96|1|218|0|209|
84|229|96|1|218|0|209|
84|233|96|1|218|0|209|
84|233|96|1|218|0|209|
84|232|96|1|218|0|209|
84|233|96|1|218|0|209|
84|230|96|1|218|0|209|
84|233|192|1|218|0|209|
84|232|96|1|218|0|209|
84|230|96|1|218|0|209|
84|233|96|1|218|0|209|
84|230|96|1|218|0|209|
84|233|192|1|218|0|209|
84|180|96|1|186|0|207|
84|232|192|1|218|0|209|
84|233|96|1|218|0|209|
84|233|96|1|218|0|209|
84|229|96|1|218|0|209|
84|230|96|1|218|0|209|
84|233|192|1|218|0|209|
84|229|192|1|217|0|209|
84|233|96|1|218|0|209|
84|229|192|1|218|0|209|
84|232|96|1|218|0|209|
84|229|96|1|217|0|209|
84|232|192|1|217|0|209|
84|232|96|1|217|0|209|
84|229|192|1|218|0|209|
84|176|96|1|186|0|207|
84|229|96|1|218|0|209|
84|232|192|1|218|0|209|
84|232|96|1|217|0|209|
84|229|192|1|218|0|209|
84|232|96|1|218|0|209|
84|232|96|1|217|0|209|
84|233|96|1|218|0|209|
84|180|96|1|186|0|207|
84|232|192|1|218|0|209|
84|232|96|1|218|0|209|
84|229|96|1|217|0|209|
84|233|192|1|219|0|209|
84|229|192|1|217|0|209|
84|229|192|1|218|0|209|
84|229|192|1|217|0|209|
84|233|96|1|219|0|209|
84|233|192|1|219|0|209|
84|176|0|1|186|0|207|
84|230|96|1|218|0|209|
84|230|96|1|218|0|209|
84|233|96|1|218|0|209|
84|229|96|1|218|0|209|
84|180|96|1|186|0|207|
84|232|96|1|218|0|209|
84|232|96|1|218|0|209|
84|229|96|1|218|0|209|
84|232|192|1|218|0|209|
84|233|96|1|218|0|209|
84|232|96|1|218|0|209|
84|233|96|1|218|0|209|
84|233|96|1|218|0|209|
84|232|96|1|218|0|209|
84|230|96|1|218|0|209|
84|229|192|1|218|0|209|
84|229|96|1|218|0|209|
84|233|192|1|218|0|209|
84|230|96|1|216|0|206|
84|229|96|1|218|0|209|
84|232|96|1|217|0|209|
84|235|96|1|217|0|209|
84|230|192|1|218|0|209|
84|232|96|1|218|0|209|
84|233|96|1|218|0|209|
84|232|96|1|218|0|209|
84|229|96|1|217|0|209|
84|232|192|1|217|0|209|
84|232|96|1|217|0|209|
84|229|96|1|217|0|209|
84|229|96|1|217|0|209|
84|232|96|1|217|0|209|
84|232|96|1|217|0|209|
84|232|96|1|217|0|209|
84|232|96|1|217|0|209|
84|176|96|1|186|0|207|
84|229|96|1|217|0|209|
84|229|192|1|217|0|209|
84|229|192|1|218|0|209|
84|229|192|1|217|0|209|
84|229|96|1|218|0|209|
84|249|96|1|234|0|209|
84|232|96|1|218|0|209|
84|229|96|1|217|0|209|
84|233|96|1|218|0|209|
84|229|96|1|217|0|209|
84|176|96|1|186|0|207|
84|229|192|1|217|0|209|
84|230|96|1|219|0|209|
84|229|96|1|217|0|209|
84|232|96|1|217|0|209|
84|230|96|1|219|0|209|
84|176|96|1|186|0|207|
84|229|96|1|218|0|209|
84|232|192|1|217|0|209|
84|233|96|1|217|0|209|
84|232|96|1|217|0|209|
84|233|96|1|219|0|209|
84|229|192|1|217|0|209|
84|230|96|1|219|0|209|
84|233|96|1|218|0|209|
84|233|96|1|218|0|209|
84|233|96|1|218|0|209|
84|229|96|1|217|0|209|
84|230|192|1|218|0|209|
84|230|192|1|218|0|209|
84|229|96|1|217|0|209|
84|233|96|1|218|0|209|
84|233|96|1|219|0|209|
84|230|96|1|218|0|209|
84|176|96|1|186|0|207|
84|232|96|1|218|0|209|
84|229|192|1|217|0|209|
84|233|96|1|218|0|209|
84|233|192|1|218|0|209|
84|233|96|1|218|0|209|
84|232|96|1|218|0|209|
84|230|96|1|218|0|209|
84|177|96|1|186|0|207|
84|230|96|1|219|0|209|
84|233|96|1|219|0|209|
84|177|96|1|186|0|207|
84|233|96|1|218|0|209|
84|233|192|1|218|0|209|
84|230|96|1|219|0|209|
84|232|96|1|218|0|209|
84|230|96|1|218|0|209|
84|229|96|1|218|0|209|
84|233|96|1|218|0|209|
84|229|96|1|217|0|209|
84|233|96|1|218|0|209|
84|229|96|1|217|0|209|
84|230|96|1|217|0|209|
84|229|96|1|217|0|209|
84|233|96|1|219|0|209|
84|232|96|1|218|0|209|
84|230|96|1|218|0|209|
84|232|192|1|218|0|209|
84|229|96|1|218|0|209|
84|233|96|1|218|0|209|
84|233|96|1|218|0|209|
84|233|96|1|218|0|209|
84|233|96|1|218|0|209|
84|233|192|1|218|0|209|
84|233|96|1|218|0|209|
84|233|192|1|218|0|209|
84|176|96|1|186|0|207|
84|229|96|1|218|0|209|
84|233|96|1|219|0|209|
84|229|96|1|218|0|209|
84|230|96|1|219|0|209|
84|234|96|1|219|0|209|
84|229|96|1|218|0|209|
84|180|96|1|186|0|207|
84|180|96|1|186|0|207|
84|233|192|1|218|0|209|
84|232|96|1|218|0|209|
84|230|192|1|218|0|209|
84|179|192|1|186|0|207|
84|229|96|1|217|0|209|
84|229|96|1|217|0|209|
84|180|96|1|186|0|207|
84|232|192|1|217|0|209|
84|229|96|1|218|0|209|
84|229|96|1|217|0|209|
84|229|96|1|217|0|209|
84|232|96|1|217|0|209|
84|180|96|1|186|0|207|
84|233|96|1|218|0|209|
84|231|192|1|217|0|205|
84|229|96|1|217|0|209|
84|233|192|1|219|0|209|
84|180|96|1|186|0|207|
84|233|96|1|218|0|209|
84|233|192|1|218|0|209|
84|233|192|1|219|0|209|
84|229|96|1|217|0|209|
84|230|96|1|218|0|209|
84|233|96|1|219|0|209|
84|229|96|1|217|0|209|
84|229|96|1|217|0|209|
84|229|96|1|218|0|209|
84|229|96|1|217|0|209|
84|229|96|1|217|0|209|
84|229|96|1|218|0|209|
84|179|96|1|186|0|207|
84|230|96|1|218|0|209|
84|177|96|1|186|0|207|
84|233|96|1|218|0|209|
84|232|96|1|218|0|209|
84|230|96|1|218|0|209|
84|229|96|1|218|0|209|
84|177|96|1|186|0|207|
84|233|192|1|218|0|209|
84|232|96|1|218|0|209|
84|230|96|1|218|0|209|
84|230|192|1|218|0|209|
84|239|96|1|218|0|209|
84|239|96|1|218|0|209|
84|233|96|1|218|0|209|
84|230|192|1|218|0|209|
84|233|96|1|218|0|209|
84|230|192|1|215|0|208|
84|232|96|1|217|0|209|
84|232|96|1|217|0|209|
84|232|192|1|218|0|209|
84|230|96|1|215|0|208|
84|229|96|1|217|0|209|
84|229|96|1|217|0|209|
84|229|96|1|217|0|209|
84|262|192|2|259|0|209|
84|232|96|1|217|0|209|
84|229|96|1|217|0|209|
84|232|192|1|217|0|209|
84|229|96|1|217|0|209|
84|232|96|1|217|0|209|
84|232|192|1|217|0|209|
84|232|96|1|218|0|209|
84|229|96|1|218|0|209|
84|232|96|1|217|0|209|
84|232|192|1|217|0|209|
84|232|96|1|218|0|209|
84|232|192|1|217|0|209|
84|232|192|1|217|0|209|
84|229|96|1|217|0|209|
84|261|96|1|255|0|209|
84|229|96|1|217|0|209|
84|232|96|1|217|0|209|
84|232|192|1|217|0|209|
84|232|96|1|217|0|209|
84|233|96|1|219|0|209|
84|229|96|1|218|0|209|
84|229|192|1|217|0|209|
84|232|96|1|218|0|209|
84|230|96|1|218|0|209|
84|233|96|1|218|0|209|
84|233|192|1|218|0|209|
84|232|96|1|218|0|209|
84|233|96|1|218|0|209|
84|179|96|1|186|0|207|
84|229|96|1|218|0|209|
84|233|96|1|218|0|209|
84|232|192|1|218|0|209|
84|180|96|1|186|0|207|
84|233|96|1|218|0|209|
84|233|96|1|218|0|209|
84|233|96|1|218|0|209|
84|232|96|1|218|0|209|
84|232|96|1|218|0|209|
84|269|192|2|259|0|209|
84|232|96|1|218|0|209|
84|232|192|1|218|0|209|
84|233|96|1|218|0|209|
84|233|96|1|218|0|209|
84|233|192|1|219|0|209|
84|232|96|1|217|0|209|
84|229|96|1|218|0|209|
84|233|192|1|218|0|209|
84|233|96|1|218|0|209|
84|230|96|1|218|0|209|
84|229|96|1|218|0|209|
84|233|96|1|219|0|209|
84|232|192|1|218|0|209|
84|233|96|1|219|0|209|
84|233|96|1|218|0|209|
84|230|192|1|218|0|209|
84|232|192|1|217|0|209|
84|230|96|1|218|0|209|
84|232|192|1|218|0|209|
84|176|96|1|186|0|207|
84|230|192|1|218|0|209|
84|233|192|1|218|0|209|
84|230|96|1|218|0|209|
84|233|96|1|218|0|209|
84|232|96|1|218|0|209|
84|232|96|1|217|0|209|
84|449|192|1|467|0|421|
84|390|192|1|437|0|416|
84|229|96|1|217|0|209|
84|444|192|1|470|0|418|
84|232|192|1|217|0|209|
84|232|96|1|218|0|209|
84|229|192|1|218|0|209|
84|232|192|1|217|0|209|
84|233|192|1|217|0|209|
84|446|288|1|469|0|421|
84|232|192|1|218|0|209|
84|177|96|1|186|0|207|
84|230|96|1|218|0|209|
84|443|192|1|470|0|418|
84|232|192|1|218|0|209|
84|233|96|1|218|0|209|
84|233|192|1|218|0|209|
84|230|96|1|218|0|209|
84|230|96|1|218|0|209|
84|439|288|1|469|0|418|
84|440|288|1|467|0|418|
84|444|288|1|468|0|421|
84|180|96|1|186|0|207|
84|232|96|1|217|0|209|
84|230|96|1|218|0|209|
84|176|96|1|186|0|207|
84|230|96|1|218|0|209|
84|230|96|1|218|0|209|
84|232|192|1|218|0|209|
84|232|96|1|218|0|209|
84|230|96|1|218|0|209|
84|440|192|1|470|0|418|
84|451|192|1|468|0|421|
84|445|192|1|468|0|421|
84|448|192|1|470|0|421|
84|444|288|1|468|0|421|
84|233|96|1|218|0|209|
84|233|96|1|218|0|209|
84|230|96|1|218|0|209|
84|233|96|1|218|0|209|
84|232|96|1|218|0|209|
84|233|192|1|218|0|209|
84|233|192|1|219|0|209|
84|230|96|1|219|0|209|
84|232|192|1|217|0|209|
84|229|96|1|217|0|209|
84|233|96|1|218|0|209|
84|230|96|1|218|0|209|
84|177|96|1|186|0|207|
84|233|192|1|219|0|209|
84|229|96|1|217|0|209|
84|229|96|1|218|0|209|
84|180|96|1|186|0|207|
84|229|96|1|218|0|209|
84|232|192|1|217|0|209|
84|232|96|1|218|0|209|
84|446|192|1|467|0|421|
84|229|96|1|218|0|209|
84|232|192|1|218|0|209|
84|232|192|1|217|0|209|
84|178|96|1|184|0|206|
84|233|96|1|219|0|209|
84|443|192|1|469|0|421|
84|229|96|1|217|0|209|
84|176|96|1|186|0|207|
84|232|96|1|217|0|209|
84|229|96|1|217|0|209|
84|393|192|1|438|0|416|
84|229|96|1|218|0|209|
84|233|96|1|218|0|209|
84|180|96|1|186|0|207|
84|440|288|1|466|0|421|
84|177|96|1|186|0|207|
84|229|96|1|218|0|209|
84|229|192|1|218|0|209|
84|233|96|1|218|0|209|
84|186|96|1|186|0|207|
84|230|192|1|218|0|209|
84|176|96|1|186|0|207|
84|230|96|1|218|0|209|
84|230|192|1|218|0|209|
84|232|96|1|217|0|209|
84|232|96|1|217|0|209|
84|233|96|1|218|0|209|
84|229|96|1|218|0|209|
84|229|192|1|217|0|209|
84|233|96|1|218|0|209|
84|264|96|2|259|0|209|
84|441|288|1|465|0|421|
84|447|288|1|466|0|421|
84|230|192|1|218|0|209|
84|233|192|1|218|0|209|
84|229|96|1|218|0|209|
84|233|96|1|218|0|209|
84|229|96|1|217|0|209|
84|442|288|1|468|0|421|
84|230|96|1|218|0|209|
84|442|288|1|466|0|421|
84|229|96|1|218|0|209|
84|229|96|1|218|0|209|
84|229|96|1|218|0|209|
84|233|96|1|218|0|209|
84|233|192|1|218|0|209|
84|232|96|1|218|0|209|
84|233|96|1|218|0|209|
84|233|96|1|218|0|209|
84|180|96|1|186|0|207|
84|445|288|1|468|0|421|
84|446|288|1|470|0|421|
84|443|288|1|470|0|418|
84|446|192|1|468|0|421|
84|444|288|1|466|0|421|
84|233|96|1|218|0|209|
84|233|96|1|218|0|209|
84|230|96|1|219|0|209|
84|230|192|1|218|0|209|
84|176|96|1|186|0|207|
84|440|192|1|470|0|418|
84|445|192|1|468|0|421|
84|230|96|1|218|0|209|
84|180|96|1|186|0|207|
84|232|96|1|218|0|209|
84|233|96|1|218|0|209|
84|232|96|1|218|0|209|
84|229|96|1|218|0|209|
84|438|192|1|466|0|418|
84|394|192|1|441|0|418|
84|230|96|1|218|0|209|
84|232|96|1|218|0|209|
84|438|192|1|465|0|421|
84|233|96|1|218|0|209|
84|443|192|1|470|0|418|
84|444|192|1|468|0|421|
84|233|96|1|218|0|209|
84|232|192|1|218|0|209|
84|233|192|1|218|0|209|
84|233|192|1|218|0|209|
84|233|96|1|219|0|209|
84|447|192|1|467|0|421|
84|446|192|1|466|0|421|
84|229|192|1|218|0|209|
84|233|96|1|218|0|209|
84|229|192|1|217|0|209|
84|232|96|1|218|0|209|
84|229|96|1|217|0|209|
84|229|96|1|217|0|209|
84|440|192|1|466|0|421|
84|230|96|1|218|0|209|
84|232|192|1|218|0|209|
84|259|96|1|256|0|209|
84|232|96|1|218|0|209|
84|232|96|1|218|0|209|
84|444|288|1|471|0|418|
84|229|96|1|217|0|209|
84|233|96|1|219|0|209|
84|232|96|1|217|0|209|
84|229|96|1|217|0|209|
84|232|192|1|218|0|209|
84|229|96|1|218|0|209|
84|445|192|1|468|0|421|
84|186|0|1|186|0|207|
84|450|288|1|465|0|418|
84|232|96|1|217|0|209|
