INSTRUCTIONS_RETIRED|CYCLES|UNKNOWN|LD_BLOCKS.STORE_FORWARD|UOPS_EXECUTED.THREAD|BR_MISP_RETIRED.ALL_BRANCHES|UOPS_RETIRED.ANY|
70|215|192|1|204|0|195|
70|219|96|1|204|0|195|
70|216|96|1|204|0|195|
70|216|96|1|204|0|195|
70|426|192|1|458|0|404|
70|216|96|1|204|0|195|
70|219|96|1|204|0|195|
70|219|192|1|204|0|195|
70|427|192|1|454|0|407|
70|218|192|1|203|0|195|
70|218|96|1|203|0|195|
70|433|192|1|455|0|404|
70|432|192|1|452|0|407|
70|432|192|1|452|0|407|
70|169|96|1|172|0|193|
70|215|96|1|203|0|195|
70|221|96|1|203|0|195|
70|219|96|1|205|0|195|
70|430|192|1|451|0|407|
70|215|96|1|203|0|195|
70|431|288|1|457|0|404|
70|219|96|1|205|0|195|
70|215|96|1|203|0|195|
70|426|192|1|457|0|404|
70|215|96|1|203|0|195|
70|215|192|1|203|0|195|
70|432|192|1|459|0|404|
70|218|96|1|203|0|195|
70|215|96|1|203|0|195|
70|216|96|1|204|0|195|
70|215|0|1|203|0|195|
70|240|96|2|231|0|195|
70|425|288|1|452|0|407|
70|216|192|1|204|0|195|
70|218|96|1|203|0|195|
70|426|192|1|455|0|404|
70|216|96|1|204|0|195|
70|216|96|1|204|0|195|
70|218|96|1|204|0|195|
70|301|96|1|190|0|200|
70|215|96|1|203|0|195|
70|215|96|1|203|0|195|
70|219|96|1|205|0|195|
70|215|96|1|203|0|195|
70|429|192|1|452|0|407|
70|215|96|1|203|0|195|
70|215|96|1|203|0|195|
70|219|96|1|203|0|195|
70|218|96|1|203|0|195|
70|164|0|1|172|0|193|
70|218|192|1|204|0|195|
70|216|96|1|204|0|195|
70|219|96|1|204|0|195|
70|215|96|1|204|0|195|
70|215|96|1|204|0|195|
70|215|96|1|204|0|195|
70|218|96|1|203|0|195|
70|218|96|1|203|0|195|
70|218|96|1|203|0|195|
70|218|96|1|203|0|195|
70|216|96|1|204|0|195|
70|215|192|1|204|0|195|
70|219|96|1|205|0|195|
70|428|192|1|454|0|404|
70|216|96|1|205|0|195|
70|215|96|1|203|0|195|
70|218|96|1|204|0|195|
70|161|192|1|170|0|192|
70|433|192|1|454|0|407|
70|216|96|1|205|0|195|
70|216|96|1|204|0|195|
70|215|192|1|203|0|195|
70|430|192|1|457|0|404|
70|435|288|1|456|0|407|
70|219|96|1|205|0|195|
70|219|192|1|205|0|195|
70|218|96|1|203|0|195|
70|215|96|1|204|0|195|
70|216|96|1|205|0|195|
70|163|96|1|170|0|192|
70|429|192|1|456|0|404|
70|216|96|1|205|0|195|
70|215|96|1|204|0|195|
70|430|288|1|457|0|407|
70|167|96|1|172|0|193|
70|216|96|1|204|0|195|
70|215|96|1|204|0|195|
70|425|288|1|451|0|407|
70|216|96|1|204|0|195|
70|165|96|1|172|0|193|
70|429|192|1|452|0|407|
70|216|96|1|204|0|195|
70|216|96|1|204|0|195|
70|215|96|1|204|0|195|
70|430|192|1|457|0|404|
70|429|192|1|452|0|407|
70|216|96|1|204|0|195|
70|215|96|1|204|0|195|
70|236|96|2|231|0|195|
70|161|0|1|171|0|189|
70|218|96|1|203|0|195|
70|215|96|1|203|0|195|
70|218|96|1|204|0|195|
70|218|96|1|203|0|195|
70|218|96|1|203|0|195|
70|433|288|1|458|0|404|
70|218|192|1|203|0|195|
70|431|288|1|453|0|407|
70|213|96|1|201|0|194|
70|166|96|1|172|0|193|
70|379|192|1|424|0|402|
70|213|96|1|202|0|191|
70|215|96|1|203|0|195|
70|218|96|1|203|0|195|
70|439|192|1|465|0|407|
70|222|96|1|204|0|195|
70|219|96|1|204|0|195|
70|216|96|1|204|0|195|
70|218|96|1|204|0|195|
70|215|96|1|203|0|195|
70|218|96|1|203|0|195|
70|432|192|1|457|0|404|
70|215|192|1|203|0|195|
70|215|96|1|204|0|195|
70|216|96|1|204|0|195|
70|231|192|1|227|0|195|
70|215|96|1|204|0|195|
70|215|96|1|204|0|195|
70|216|96|1|204|0|195|
70|216|96|1|205|0|195|
70|216|96|1|204|0|195|
70|216|96|1|204|0|195|
70|430|192|1|453|0|407|
70|216|96|1|204|0|195|
70|429|192|1|456|0|404|
70|219|96|1|204|0|195|
70|216|96|1|204|0|195|
70|215|96|1|203|0|195|
70|218|192|1|204|0|195|
70|215|96|1|203|0|195|
70|427|192|1|458|0|404|
70|216|96|1|204|0|195|
70|219|96|1|204|0|195|
70|216|96|1|204|0|195|
70|216|96|1|204|0|195|
70|432|192|1|453|0|407|
70|218|96|1|203|0|195|
70|432|288|1|455|0|404|
70|428|288|1|454|0|404|
70|427|192|1|450|0|407|
70|218|96|1|203|0|195|
70|218|96|1|203|0|195|
70|431|288|1|454|0|404|
70|166|96|1|172|0|193|
70|219|96|1|205|0|195|
70|219|96|1|204|0|195|
70|430|192|1|456|0|404|
70|433|192|1|455|0|407|
70|215|96|1|203|0|195|
70|215|96|1|203|0|195|
70|430|192|1|455|0|407|
70|216|192|1|204|0|195|
70|434|288|1|460|0|404|
70|166|96|1|172|0|193|
70|218|96|1|203|0|195|
70|166|96|1|172|0|193|
70|214|96|1|204|0|191|
70|215|96|1|204|0|195|
70|216|96|1|204|0|195|
70|431|192|1|455|0|407|
70|218|96|1|204|0|195|
70|425|192|1|455|0|404|
70|218|96|1|204|0|195|
70|213|96|1|201|0|194|
70|216|96|1|204|0|195|
70|216|96|1|201|0|194|
70|216|96|1|204|0|195|
70|430|192|1|456|0|404|
70|433|288|1|457|0|407|
70|216|96|1|204|0|195|
70|238|96|2|231|0|195|
70|213|192|1|202|0|192|
70|163|96|1|172|0|193|
70|216|192|1|204|0|195|
70|216|96|1|204|0|195|
70|218|96|1|204|0|195|
70|216|192|1|205|0|195|
70|426|288|1|456|0|404|
70|220|96|1|204|0|195|
70|215|96|1|204|0|195|
70|227|96|1|222|0|195|
70|218|96|1|204|0|195|
70|216|96|1|205|0|195|
70|426|384|1|453|0|404|
70|432|192|1|456|0|404|
70|216|96|1|205|0|195|
70|215|192|1|203|0|195|
70|215|96|1|203|0|195|
70|216|192|1|204|0|195|
70|433|288|1|456|0|404|
70|216|96|1|205|0|195|
70|216|96|1|204|0|195|
70|216|96|1|204|0|195|
70|427|192|1|453|0|407|
70|216|96|1|204|0|195|
70|219|96|1|204|0|195|
70|219|96|1|204|0|195|
70|166|96|1|172|0|193|
70|218|96|1|203|0|195|
70|215|96|1|203|0|195|
70|215|96|1|203|0|195|
70|215|96|1|203|0|195|
70|232|96|1|224|0|195|
70|216|192|1|204|0|195|
70|219|96|1|204|0|195|
70|216|96|1|205|0|195|
70|219|96|1|204|0|195|
70|219|96|1|204|0|195|
70|218|96|1|203|0|195|
70|216|192|1|204|0|195|
70|215|96|1|203|0|195|
70|163|96|1|172|0|193|
70|213|192|1|201|0|194|
70|216|96|1|204|0|195|
70|215|96|1|204|0|195|
70|165|96|1|172|0|193|
70|166|0|1|172|0|193|
70|215|96|1|203|0|195|
70|218|192|1|203|0|195|
70|215|96|1|204|0|195|
70|215|96|1|203|0|195|
70|218|96|1|203|0|195|
70|165|96|1|172|0|193|
70|216|96|1|204|0|195|
70|219|96|1|204|0|195|
70|219|192|1|204|0|195|
70|218|96|1|204|0|195|
70|219|96|1|204|0|195|
70|219|96|1|204|0|195|
70|215|96|1|203|0|195|
70|166|96|1|172|0|193|
70|2964|1536|1|531|0|523|
70|218|96|1|203|0|195|
70|215|96|1|204|0|195|
70|216|192|1|204|0|195|
70|216|96|1|204|0|195|
70|216|96|1|205|0|195|
70|216|96|1|204|0|195|
70|219|96|1|205|0|195|
70|216|96|1|204|0|195|
70|218|96|1|204|0|195|
70|213|96|1|201|0|194|
70|215|192|1|203|0|195|
70|215|96|1|203|0|195|
70|218|192|1|203|0|195|
70|218|96|1|204|0|195|
70|218|96|1|203|0|195|
70|218|96|1|203|0|195|
70|218|96|1|203|0|195|
70|218|192|1|203|0|195|
70|166|96|1|172|0|193|
70|218|96|1|203|0|195|
70|215|96|1|203|0|195|
70|215|96|1|203|0|195|
70|216|96|1|204|0|195|
70|165|96|1|172|0|193|
70|219|96|1|204|0|195|
70|215|96|1|203|0|195|
70|215|96|1|203|0|195|
70|218|96|1|203|0|195|
70|213|96|1|201|0|194|
70|215|96|1|203|0|195|
70|215|192|1|203|0|195|
70|218|96|1|203|0|195|
70|218|96|1|203|0|195|
70|215|96|1|203|0|195|
70|215|96|1|203|0|195|
70|215|96|1|203|0|195|
70|219|192|1|203|0|195|
70|218|96|1|204|0|195|
70|215|96|1|203|0|195|
70|218|96|1|204|0|195|
70|218|192|1|203|0|195|
70|218|96|1|203|0|195|
70|219|96|1|204|0|195|
70|215|96|1|203|0|195|
70|166|96|1|172|0|193|
70|216|96|1|204|0|195|
70|219|96|1|204|0|195|
70|218|192|1|204|0|195|
70|215|96|1|204|0|195|
70|216|192|1|204|0|195|
70|215|96|1|204|0|195|
70|218|96|1|204|0|195|
70|215|192|1|204|0|195|
70|219|96|1|208|0|197|
70|218|96|1|204|0|195|
70|219|192|1|204|0|195|
70|183|96|1|170|0|192|
70|164|96|1|166|0|188|
70|216|192|1|204|0|195|
70|219|96|1|204|0|195|
70|216|96|1|204|0|195|
70|215|96|1|204|0|195|
70|216|192|1|204|0|195|
70|220|96|1|204|0|195|
70|215|96|1|203|0|195|
70|215|96|1|204|0|195|
70|215|96|1|203|0|195|
70|216|96|1|205|0|195|
70|219|96|1|204|0|195|
70|165|96|1|172|0|193|
70|216|96|1|204|0|195|
70|215|96|1|204|0|195|
70|219|96|1|204|0|195|
70|219|192|1|204|0|195|
70|216|96|1|204|0|195|
70|216|192|1|204|0|195|
70|216|96|1|204|0|195|
70|215|96|1|203|0|195|
70|218|192|1|203|0|195|
70|216|96|1|204|0|195|
70|218|96|1|204|0|195|
70|213|96|1|201|0|194|
70|216|96|1|205|0|195|
70|216|96|1|204|0|195|
70|216|96|1|204|0|195|
70|216|96|1|204|0|195|
70|216|96|1|204|0|195|
70|216|96|1|204|0|195|
70|215|96|1|203|0|195|
70|219|96|1|204|0|195|
70|218|96|1|204|0|195|
70|220|96|1|204|0|195|
70|216|96|1|204|0|195|
70|216|192|1|205|0|195|
70|215|96|1|203|0|195|
70|219|96|1|204|0|195|
70|215|96|1|204|0|195|
70|215|96|1|203|0|195|
70|216|96|1|204|0|195|
70|218|192|1|203|0|195|
70|215|192|1|203|0|195|
70|215|192|1|203|0|195|
70|219|96|1|204|0|195|
70|219|96|1|204|0|195|
70|218|96|1|203|0|195|
70|216|96|1|204|0|195|
70|216|96|1|204|0|195|
70|216|192|1|204|0|195|
70|218|96|1|203|0|195|
70|216|96|1|204|0|195|
70|215|96|1|203|0|195|
70|216|96|1|204|0|195|
70|216|96|1|205|0|195|
70|213|96|1|202|0|192|
70|215|192|1|203|0|195|
70|219|96|1|205|0|195|
70|216|96|1|205|0|195|
70|216|96|1|204|0|195|
70|216|96|1|204|0|195|
70|219|96|1|204|0|195|
70|216|96|1|204|0|195|
70|216|96|1|205|0|195|
70|215|96|1|204|0|195|
70|165|96|1|172|0|193|
70|216|96|1|204|0|195|
70|215|96|1|204|0|195|
70|166|96|1|172|0|193|
70|216|96|1|204|0|195|
70|215|0|1|203|0|195|
70|213|96|1|201|0|194|
70|218|96|1|203|0|195|
70|215|96|1|204|0|195|
70|216|96|1|204|0|195|
70|218|96|1|204|0|195|
70|215|96|1|204|0|195|
70|218|96|1|204|0|195|
70|216|96|1|204|0|195|
70|216|96|1|204|0|195|
70|216|96|1|204|0|195|
70|216|96|1|205|0|195|
70|215|96|1|204|0|195|
70|218|96|1|203|0|195|
70|218|96|1|204|0|195|
70|218|192|1|204|0|195|
70|215|96|1|203|0|195|
70|168|96|1|172|0|189|
70|215|96|1|203|0|195|
70|218|192|1|204|0|195|
70|218|96|1|203|0|195|
70|215|192|1|204|0|195|
70|218|96|1|203|0|195|
70|218|96|1|203|0|195|
70|166|96|1|172|0|193|
70|215|96|1|203|0|195|
70|218|96|1|204|0|195|
70|222|192|1|205|0|195|
70|216|96|1|205|0|195|
70|219|192|1|205|0|195|
70|215|96|1|203|0|195|
70|163|96|1|172|0|193|
70|215|96|1|203|0|195|
70|216|96|1|205|0|195|
70|215|96|1|204|0|195|
70|218|96|1|203|0|195|
70|216|96|1|204|0|195|
70|216|96|1|205|0|195|
70|216|96|1|205|0|195|
70|218|192|1|204|0|195|
70|216|96|1|204|0|195|
70|215|96|1|203|0|195|
70|215|96|1|203|0|195|
70|216|192|1|204|0|195|
70|216|96|1|205|0|195|
70|222|96|1|204|0|195|
70|216|96|1|204|0|195|
70|216|96|1|204|0|195|
70|216|192|1|204|0|195|
70|216|96|1|204|0|195|
70|216|192|1|204|0|195|
70|234|96|2|228|0|195|
70|219|192|1|204|0|195|
70|215|192|1|203|0|195|
70|216|96|1|204|0|195|
70|218|96|1|203|0|195|
70|218|96|1|204|0|195|
70|213|192|1|201|0|194|
70|218|96|1|203|0|195|
70|219|96|1|205|0|195|
70|215|96|1|203|0|195|
70|219|96|1|205|0|195|
70|216|96|1|205|0|195|
70|216|96|1|205|0|195|
70|218|96|1|203|0|195|
70|218|96|1|203|0|195|
70|215|96|1|204|0|195|
70|215|192|1|203|0|195|
70|216|192|1|205|0|195|
70|218|96|1|203|0|195|
70|215|96|1|203|0|195|
70|215|96|1|203|0|195|
70|218|96|1|204|0|195|
70|216|96|1|201|0|194|
70|166|96|1|172|0|193|
70|216|96|1|205|0|195|
70|215|96|1|204|0|195|
70|166|96|1|172|0|193|
70|218|96|1|203|0|195|
70|216|96|1|204|0|195|
70|216|96|1|204|0|195|
70|216|96|1|205|0|195|
70|219|96|1|204|0|195|
70|216|192|1|204|0|195|
70|215|96|1|203|0|195|
70|216|96|1|203|0|195|
70|163|96|1|172|0|193|
70|218|96|1|204|0|195|
70|216|96|1|204|0|195|
70|216|192|1|205|0|195|
70|243|192|2|231|0|195|
70|216|192|1|204|0|195|
70|219|192|1|204|0|195|
70|164|96|1|170|0|192|
70|215|192|1|204|0|195|
70|213|96|1|201|0|194|
70|236|96|1|206|0|191|
70|216|96|1|204|0|195|
70|218|96|1|204|0|195|
70|216|96|1|204|0|195|
70|218|192|1|204|0|195|
70|218|96|1|203|0|195|
70|218|96|1|203|0|195|
70|213|192|1|201|0|194|
70|219|96|1|205|0|195|
70|219|96|1|204|0|195|
70|216|96|1|204|0|195|
70|219|96|1|204|0|195|
70|166|96|1|172|0|193|
70|219|96|1|204|0|195|
70|215|96|1|204|0|195|
70|219|192|1|204|0|195|
70|218|192|1|203|0|195|
70|216|96|1|204|0|195|
70|215|96|1|203|0|195|
70|215|96|1|203|0|195|
70|216|96|1|201|0|194|
70|218|192|1|204|0|195|
70|215|96|1|203|0|195|
70|218|96|1|203|0|195|
70|166|96|1|172|0|193|
70|218|0|1|203|0|195|
70|216|96|1|204|0|195|
70|216|192|1|205|0|195|
70|218|96|1|203|0|195|
70|219|192|1|204|0|195|
70|216|0|1|204|0|195|
70|216|96|1|204|0|195|
70|216|96|1|204|0|195|
70|218|96|1|204|0|195|
70|218|96|1|204|0|195|
70|166|96|1|172|0|193|
70|215|96|1|203|0|195|
70|216|96|1|205|0|195|
70|219|96|1|204|0|195|
70|247|96|2|231|0|195|
70|219|96|1|205|0|195|
70|215|96|1|204|0|195|
70|218|96|1|203|0|195|
70|219|96|1|205|0|195|
70|213|96|1|201|0|194|
70|218|96|1|203|0|195|
70|218|96|1|204|0|195|
70|216|96|1|205|0|195|
70|215|96|1|203|0|195|
70|215|96|1|203|0|195|
70|166|96|1|172|0|193|
70|218|96|1|203|0|195|
70|216|96|1|205|0|195|
70|218|96|1|203|0|195|
70|215|96|1|204|0|195|
70|218|96|1|203|0|195|
70|215|96|1|203|0|195|
70|215|96|1|203|0|195|
70|165|96|1|172|0|193|
70|216|96|1|204|0|195|
70|216|96|1|205|0|195|
70|218|96|1|203|0|195|
70|218|96|1|203|0|195|
70|218|96|1|204|0|195|
70|166|96|1|172|0|193|
70|218|96|1|204|0|195|
70|215|96|1|204|0|195|
70|582|384|1|256|0|237|
70|215|192|1|203|0|195|
70|219|96|1|204|0|195|
70|215|96|1|204|0|195|
70|215|96|1|204|0|195|
70|165|96|1|172|0|193|
70|219|96|1|204|0|195|
70|216|192|1|204|0|195|
70|216|96|1|204|0|195|
70|219|96|1|204|0|195|
70|216|192|1|204|0|195|
70|218|96|1|204|0|195|
70|166|0|1|172|0|193|
70|216|96|1|205|0|195|
70|219|96|1|204|0|195|
70|218|96|1|203|0|195|
70|166|96|1|172|0|193|
70|163|0|1|170|0|192|
70|215|96|1|203|0|195|
70|218|192|1|203|0|195|
70|216|96|1|204|0|195|
70|219|96|1|204|0|195|
70|216|96|1|204|0|195|
70|216|96|1|205|0|195|
70|165|96|1|172|0|193|
70|215|96|1|204|0|195|
70|215|192|1|204|0|195|
70|216|192|1|205|0|195|
70|218|96|1|203|0|195|
70|219|96|1|204|0|195|
70|218|96|1|203|0|195|
70|215|96|1|204|0|195|
70|163|96|1|172|0|193|
70|218|192|1|204|0|195|
70|216|96|1|204|0|195|
70|218|96|1|203|0|195|
70|166|96|1|172|0|193|
70|216|96|1|204|0|195|
70|215|96|1|204|0|195|
70|216|96|1|204|0|195|
70|216|96|1|204|0|195|
70|215|192|1|204|0|195|
70|215|192|1|204|0|195|
70|215|96|1|204|0|195|
70|216|96|1|205|0|195|
70|215|96|1|203|0|195|
70|218|96|1|203|0|195|
70|215|96|1|203|0|195|
70|218|96|1|203|0|195|
70|163|96|1|172|0|193|
70|216|96|1|204|0|195|
70|215|96|1|203|0|195|
70|215|96|1|204|0|195|
70|215|96|1|204|0|195|
70|218|96|1|204|0|195|
70|216|96|1|205|0|195|
70|218|96|1|203|0|195|
70|282|192|1|238|0|197|
70|218|96|1|204|0|195|
70|215|96|1|203|0|195|
70|218|96|1|203|0|195|
70|215|192|1|204|0|195|
70|215|96|1|203|0|195|
70|172|96|1|172|0|193|
70|218|96|1|204|0|195|
70|215|96|1|203|0|195|
70|218|96|1|203|0|195|
70|165|96|1|172|0|193|
70|219|96|1|204|0|195|
70|215|192|1|204|0|195|
70|216|96|1|204|0|195|
70|216|96|1|204|0|195|
70|218|96|1|203|0|195|
70|218|96|1|203|0|195|
70|216|96|1|205|0|195|
70|215|96|1|204|0|195|
70|166|96|1|172|0|193|
70|216|96|1|204|0|195|
70|216|192|1|204|0|195|
70|218|96|1|204|0|195|
70|219|96|1|204|0|195|
70|216|96|1|204|0|195|
70|215|192|1|204|0|195|
70|216|96|1|204|0|195|
70|218|96|1|203|0|195|
70|215|96|1|204|0|195|
70|426|192|1|452|0|407|
70|216|96|1|204|0|195|
70|432|288|1|459|0|404|
70|218|96|1|204|0|195|
70|216|96|1|204|0|195|
70|216|96|1|204|0|195|
70|425|192|1|452|0|407|
70|219|96|1|204|0|195|
70|219|96|1|204|0|195|
70|431|192|1|457|0|404|
70|215|96|1|204|0|195|
70|216|192|1|204|0|195|
70|219|96|1|204|0|195|
70|216|96|1|204|0|195|
70|229|192|1|204|0|195|
70|215|96|1|204|0|195|
70|219|96|1|204|0|195|
70|428|192|1|453|0|407|
70|218|96|1|203|0|195|
70|433|288|1|453|0|407|
70|216|96|1|205|0|195|
70|219|96|1|204|0|195|
70|216|96|1|204|0|195|
70|218|96|1|203|0|195|
70|216|192|1|204|0|195|
70|430|192|1|453|0|407|
70|215|96|1|203|0|195|
70|215|96|1|203|0|195|
70|215|96|1|203|0|195|
70|216|96|1|205|0|195|
70|218|96|1|203|0|195|
70|432|192|1|456|0|404|
70|218|96|1|203|0|195|
70|221|192|1|203|0|195|
70|215|96|1|203|0|195|
70|215|96|1|203|0|195|
70|216|192|1|204|0|195|
70|232|192|1|204|0|195|
70|216|96|1|204|0|195|
70|215|96|1|203|0|195|
70|166|96|1|172|0|193|
70|218|96|1|203|0|195|
70|165|96|1|172|0|193|
70|218|96|1|203|0|195|
70|218|96|1|203|0|195|
70|218|96|1|203|0|195|
70|428|192|1|459|0|404|
70|582|288|1|254|0|237|
70|216|96|1|204|0|195|
70|215|192|1|203|0|195|
70|427|192|1|454|0|407|
70|218|192|1|203|0|195|
70|218|96|1|204|0|195|
70|213|96|1|201|0|194|
70|433|192|1|453|0|407|
70|166|96|1|172|0|193|
70|216|192|1|204|0|195|
70|218|96|1|203|0|195|
70|431|192|1|453|0|407|
70|215|96|1|204|0|195|
70|224|96|1|204|0|195|
70|430|192|1|458|0|404|
70|215|96|1|203|0|195|
70|165|96|1|172|0|193|
70|440|192|1|456|0|404|
70|218|96|1|204|0|195|
70|218|96|1|204|0|195|
70|216|96|1|204|0|195|
70|166|0|1|172|0|193|
70|215|96|1|204|0|195|
70|216|96|1|204|0|195|
70|218|96|1|203|0|195|
70|215|96|1|204|0|195|
70|218|96|1|203|0|195|
70|215|96|1|203|0|195|
70|215|96|1|203|0|195|
70|215|96|1|203|0|195|
70|431|288|1|454|0|407|
70|218|96|1|203|0|195|
70|215|96|1|203|0|195|
70|377|192|1|421|0|402|
70|429|192|1|452|0|407|
70|218|96|1|203|0|195|
70|215|96|1|204|0|195|
70|429|288|1|452|0|407|
70|215|96|1|203|0|195|
70|429|192|1|459|0|404|
70|218|96|1|203|0|195|
70|215|96|1|203|0|195|
70|428|192|1|451|0|407|
70|219|192|1|205|0|195|
70|218|96|1|203|0|195|
70|216|96|1|204|0|195|
70|213|96|1|202|0|194|
70|428|288|1|452|0|407|
70|219|96|1|204|0|195|
70|425|192|1|455|0|404|
70|215|96|1|203|0|195|
70|433|288|1|456|0|407|
70|215|192|1|204|0|195|
70|215|96|1|203|0|195|
70|431|192|1|455|0|404|
70|218|96|1|203|0|195|
70|218|96|1|203|0|195|
70|215|96|1|203|0|195|
70|218|96|1|203|0|195|
70|215|192|1|203|0|195|
70|429|192|1|454|0|407|
70|218|96|1|204|0|195|
70|216|96|1|203|0|195|
70|215|96|1|204|0|195|
70|163|96|1|172|0|193|
70|429|192|1|452|0|407|
70|218|96|1|203|0|195|
70|166|96|1|172|0|193|
70|218|96|1|203|0|195|
70|215|96|1|204|0|195|
70|218|192|1|204|0|195|
70|218|96|1|204|0|195|
70|215|96|1|203|0|195|
70|218|96|1|204|0|195|
70|219|96|1|204|0|195|
70|426|192|1|454|0|407|
70|216|192|1|204|0|195|
70|218|96|1|203|0|195|
70|215|96|1|203|0|195|
70|216|192|1|205|0|195|
70|215|96|1|204|0|195|
70|218|96|1|203|0|195|
70|218|96|1|203|0|195|
70|163|96|1|172|0|193|
70|165|96|1|172|0|193|
70|432|192|1|456|0|404|
70|215|96|1|203|0|195|
70|219|96|1|205|0|195|
70|216|96|1|204|0|195|
70|216|192|1|205|0|195|
70|216|96|1|204|0|195|
70|219|96|1|204|0|195|
70|427|192|1|452|0|404|
70|215|96|1|203|0|195|
70|165|96|1|172|0|193|
70|433|288|1|458|0|404|
70|215|96|1|203|0|195|
70|215|96|1|203|0|195|
70|241|96|2|231|0|195|
70|215|96|1|204|0|195|
70|219|96|1|204|0|195|
70|213|96|1|202|0|191|
70|215|96|1|203|0|195|
70|218|96|1|203|0|195|
70|218|96|1|204|0|195|
70|430|192|1|455|0|403|
70|218|96|1|203|0|195|
70|219|192|1|205|0|195|
70|215|96|1|203|0|195|
70|218|96|1|203|0|195|
70|432|288|1|452|0|407|
70|216|192|1|204|0|195|
70|215|96|1|204|0|195|
70|219|192|1|205|0|195|
70|218|96|1|203|0|195|
70|215|96|1|203|0|195|
70|218|96|1|204|0|195|
70|218|192|1|204|0|195|
70|431|288|1|454|0|407|
70|215|192|1|203|0|195|
70|216|192|1|205|0|195|
70|429|288|1|453|0|407|
70|216|96|1|204|0|195|
70|431|288|1|457|0|404|
70|219|192|1|204|0|195|
70|219|96|1|204|0|195|
70|216|96|1|204|0|195|
70|216|96|1|204|0|195|
70|216|96|1|205|0|195|
70|218|96|1|203|0|195|
70|219|96|1|204|0|195|
70|166|96|1|172|0|193|
70|433|288|1|454|0|407|
70|216|96|1|204|0|195|
70|216|96|1|204|0|195|
70|216|96|1|205|0|195|
70|428|192|1|456|0|404|
70|216|96|1|204|0|195|
70|218|96|1|203|0|195|
70|216|96|1|204|0|195|
70|376|192|1|422|0|404|
70|219|96|1|205|0|195|
70|218|96|1|203|0|195|
70|432|192|1|453|0|407|
70|216|96|1|204|0|195|
70|218|96|1|204|0|195|
70|216|192|1|204|0|195|
70|427|288|1|454|0|404|
70|215|96|1|204|0|195|
70|218|192|1|203|0|195|
70|219|96|1|205|0|195|
70|215|96|1|203|0|195|
70|234|96|1|227|0|195|
70|218|96|1|203|0|195|
70|215|192|1|204|0|195|
70|218|192|1|203|0|195|
70|375|192|1|421|0|405|
70|215|192|1|203|0|195|
70|427|192|1|457|0|404|
70|215|96|1|204|0|195|
70|215|96|1|203|0|195|
70|215|192|1|203|0|195|
70|215|96|1|203|0|195|
70|215|96|1|203|0|195|
70|218|96|1|203|0|195|
70|432|192|1|457|0|404|
70|432|192|1|452|0|407|
70|215|96|1|203|0|195|
70|218|96|1|204|0|195|
70|215|96|1|203|0|195|
70|218|192|1|204|0|195|
70|218|192|1|203|0|195|
70|431|192|1|454|0|407|
70|215|96|1|203|0|195|
70|218|96|1|203|0|195|
70|218|96|1|203|0|195|
70|215|96|1|204|0|195|
70|428|288|1|455|0|404|
70|218|192|1|204|0|195|
70|218|96|1|203|0|195|
70|431|192|1|458|0|404|
70|430|192|1|453|0|407|
70|428|192|1|452|0|407|
70|215|96|1|203|0|195|
70|215|192|1|203|0|195|
70|215|96|1|203|0|195|
70|429|192|1|455|0|404|
70|218|96|1|203|0|195|
70|433|192|1|458|0|404|
70|218|96|1|204|0|195|
70|218|96|1|203|0|195|
70|215|96|1|203|0|195|
70|215|96|1|203|0|195|
70|218|96|1|203|0|195|
70|430|288|1|452|0|407|
70|218|96|1|203|0|195|
70|215|96|1|203|0|195|
70|219|192|1|205|0|195|
70|215|96|1|203|0|195|
70|218|96|1|204|0|195|
70|430|288|1|452|0|407|
70|216|96|1|205|0|195|
70|215|192|1|203|0|195|
70|215|96|1|203|0|195|
70|430|288|1|458|0|404|
70|219|96|1|205|0|195|
70|216|96|1|205|0|195|
70|218|192|1|203|0|195|
70|431|192|1|454|0|407|
70|459|192|2|480|0|407|
70|215|96|1|203|0|195|
70|218|96|1|203|0|195|
70|218|96|1|203|0|195|
70|215|96|1|203|0|195|
70|430|192|1|456|0|404|
70|431|192|1|459|0|404|
70|428|288|1|452|0|407|
70|219|96|1|204|0|195|
70|218|192|1|203|0|195|
70|218|96|1|204|0|195|
70|216|96|1|204|0|195|
70|216|96|1|204|0|195|
70|216|192|1|204|0|195|
70|430|192|1|456|0|404|
70|427|192|1|456|0|404|
70|431|192|1|456|0|404|
70|424|192|1|450|0|407|
70|216|96|1|205|0|195|
70|215|96|1|203|0|195|
70|216|96|1|204|0|195|
70|215|96|1|203|0|195|
70|425|192|1|454|0|404|
70|219|96|1|204|0|195|
70|219|192|1|204|0|195|
70|179|0|1|172|0|193|
70|429|192|1|460|0|404|
70|434|192|1|454|0|407|
70|216|96|1|204|0|195|
70|219|192|1|204|0|195|
70|427|288|1|453|0|403|
70|165|96|1|172|0|193|
70|215|96|1|204|0|195|
70|216|96|1|204|0|195|
70|432|288|1|455|0|407|
70|216|96|1|204|0|195|
70|215|96|1|203|0|195|
70|214|96|1|203|0|191|
70|426|288|1|451|0|407|
70|218|96|1|204|0|195|
70|216|96|1|204|0|195|
70|216|192|1|204|0|195|
70|425|192|1|455|0|404|
70|426|192|1|455|0|404|
70|216|192|1|204|0|195|
70|218|96|1|204|0|195|
70|427|192|1|452|0|407|
70|215|96|1|204|0|195|
70|216|96|1|204|0|195|
70|216|96|1|204|0|195|
70|215|96|1|204|0|195|
70|432|192|1|456|0|404|
70|433|192|1|454|0|407|
70|215|96|1|204|0|195|
70|216|96|1|204|0|195|
70|218|96|1|204|0|195|
70|430|288|1|458|0|404|
70|218|96|1|203|0|195|
70|215|192|1|203|0|195|
70|216|96|1|205|0|195|
70|433|288|1|457|0|404|
70|427|288|1|454|0|407|
70|431|288|1|451|0|407|
70|215|96|1|203|0|195|
70|218|96|1|203|0|195|
70|218|96|1|203|0|195|
70|219|96|1|202|0|191|
70|215|192|1|204|0|195|
70|166|96|1|172|0|193|
70|218|96|1|203|0|195|
70|213|96|1|201|0|194|
70|215|96|1|203|0|195|
70|428|288|1|451|0|407|
70|216|192|1|205|0|195|
70|216|96|1|205|0|195|
70|218|96|1|203|0|195|
70|430|192|1|450|0|407|
70|215|96|1|203|0|195|
70|219|96|1|204|0|195|
70|216|96|1|205|0|195|
70|434|288|1|457|0|404|
70|424|288|1|452|0|407|
70|435|192|1|455|0|407|
70|218|96|1|203|0|195|
70|216|96|1|205|0|195|
70|429|192|1|455|0|404|
70|215|96|1|203|0|195|
70|215|96|1|204|0|195|
70|216|96|1|205|0|195|
70|428|192|1|455|0|404|
70|218|192|1|203|0|195|
70|215|96|1|203|0|195|
70|215|96|1|203|0|195|
70|218|192|1|203|0|195|
70|433|192|1|458|0|404|
70|431|192|1|454|0|407|
70|215|96|1|203|0|195|
70|215|96|1|203|0|195|
70|215|96|1|203|0|195|
70|429|192|1|457|0|404|
70|432|288|1|456|0|404|
70|215|96|1|204|0|195|
70|216|96|1|205|0|195|
70|432|288|1|457|0|404|
70|218|96|1|203|0|195|
70|216|96|1|205|0|195|
70|218|96|1|203|0|195|
70|433|192|1|458|0|404|
70|218|96|1|203|0|195|
70|218|96|1|203|0|195|
70|215|96|1|203|0|195|
70|218|96|1|203|0|195|
70|432|288|1|457|0|404|
70|431|288|1|454|0|407|
70|215|192|1|204|0|195|
70|215|96|1|204|0|195|
70|215|96|1|203|0|195|
70|211|192|1|201|0|187|
70|216|96|1|205|0|195|
70|430|288|1|452|0|407|
70|215|96|1|204|0|195|
70|218|192|1|203|0|195|
70|431|288|1|455|0|407|
70|434|192|1|457|0|407|
70|218|96|1|203|0|195|
