INSTRUCTIONS_RETIRED|CYCLES|UNKNOWN|LD_BLOCKS.STORE_FORWARD|UOPS_EXECUTED.THREAD|BR_MISP_RETIRED.ALL_BRANCHES|UOPS_RETIRED.ANY|
202|351|192|1|336|0|327|
202|347|192|1|336|0|327|
202|348|192|1|336|0|327|
202|347|192|1|335|0|327|
202|350|192|1|335|0|327|
202|350|192|1|335|0|327|
202|351|192|1|336|0|327|
202|350|192|1|335|0|327|
202|347|192|1|336|0|327|
202|350|192|1|335|0|327|
202|372|192|1|361|0|327|
202|347|192|1|335|0|327|
202|347|192|1|335|0|327|
202|347|192|1|336|0|327|
202|347|192|1|335|0|327|
202|347|192|1|335|0|327|
202|347|192|1|336|0|327|
202|347|96|1|335|0|327|
202|350|192|1|335|0|327|
202|380|192|1|365|0|327|
202|347|96|1|335|0|327|
202|347|192|1|335|0|327|
202|347|192|1|335|0|327|
202|348|192|1|336|0|327|
202|347|96|1|336|0|327|
202|350|192|1|335|0|327|
202|351|192|1|336|0|327|
202|347|96|1|336|0|327|
202|351|192|1|336|0|327|
202|299|192|1|304|0|325|
202|350|192|1|336|0|327|
202|350|192|1|335|0|327|
202|347|192|1|335|0|327|
202|351|96|1|336|0|327|
202|347|192|1|336|0|327|
202|350|192|1|335|0|327|
202|347|192|1|335|0|327|
202|351|192|1|337|0|327|
202|350|288|1|335|0|327|
202|350|96|1|335|0|327|
202|350|288|1|335|0|327|
202|348|96|1|337|0|327|
202|348|192|1|337|0|327|
202|348|96|1|336|0|327|
202|351|192|1|336|0|327|
202|348|192|1|337|0|327|
202|350|192|1|335|0|327|
202|350|192|1|335|0|327|
202|347|192|1|335|0|327|
202|348|192|1|336|0|327|
202|347|192|1|335|0|327|
202|347|192|1|336|0|327|
202|348|192|1|336|0|327|
202|348|96|1|336|0|327|
202|347|192|1|336|0|327|
202|351|192|1|336|0|327|
202|350|192|1|335|0|327|
202|350|192|1|336|0|327|
202|350|192|1|335|0|327|
202|345|192|1|333|0|326|
202|350|96|1|335|0|327|
202|293|96|1|302|0|324|
202|350|96|1|335|0|327|
202|350|192|1|336|0|327|
202|347|192|1|336|0|327|
202|347|192|1|335|0|327|
202|350|192|1|335|0|327|
202|347|192|1|335|0|327|
202|348|192|1|337|0|327|
202|347|192|1|335|0|327|
202|347|192|1|335|0|327|
202|347|192|1|335|0|327|
202|350|192|1|335|0|327|
202|351|192|1|337|0|327|
202|350|96|1|335|0|327|
202|348|192|1|336|0|327|
202|347|192|1|336|0|327|
202|350|192|1|335|0|327|
202|347|192|1|336|0|327|
202|347|192|1|336|0|327|
202|350|192|1|335|0|327|
202|347|96|1|335|0|327|
202|347|192|1|335|0|327|
202|347|192|1|335|0|327|
202|347|192|1|335|0|327|
202|350|192|1|336|0|327|
202|347|192|1|335|0|327|
202|350|192|1|336|0|327|
202|347|192|1|335|0|327|
202|345|192|1|334|0|324|
202|350|192|1|335|0|327|
202|345|96|1|334|0|324|
202|350|192|1|335|0|327|
202|350|96|1|335|0|327|
202|347|192|1|335|0|327|
202|350|192|1|335|0|327|
202|347|192|1|335|0|327|
202|350|192|1|335|0|327|
202|347|96|1|335|0|327|
202|347|192|1|335|0|327|
202|294|96|1|304|0|325|
202|350|192|1|336|0|327|
202|347|192|1|336|0|327|
202|345|96|1|333|0|326|
202|351|192|1|336|0|327|
202|348|96|1|336|0|327|
202|348|192|1|336|0|327|
202|348|96|1|336|0|327|
202|351|192|1|336|0|327|
202|348|192|1|336|0|327|
202|348|192|1|336|0|327|
202|348|96|1|336|0|327|
202|350|192|1|336|0|327|
202|348|192|1|336|0|327|
202|348|192|1|336|0|327|
202|351|96|1|336|0|327|
202|350|192|1|335|0|327|
202|347|96|1|336|0|327|
202|350|192|1|335|0|327|
202|350|192|1|335|0|327|
202|348|192|1|336|0|327|
202|347|192|1|335|0|327|
202|350|192|1|335|0|327|
202|351|192|1|336|0|327|
202|350|96|1|335|0|327|
202|350|192|1|335|0|327|
202|347|192|1|335|0|327|
202|347|192|1|335|0|327|
202|347|192|1|335|0|327|
202|348|192|1|336|0|327|
202|351|288|1|336|0|327|
202|347|192|1|335|0|327|
202|348|192|1|336|0|327|
202|350|96|1|335|0|327|
202|348|96|1|336|0|327|
202|351|192|1|337|0|327|
202|348|192|1|336|0|327|
202|350|96|1|335|0|327|
202|297|192|1|304|0|325|
202|348|96|1|336|0|327|
202|348|192|1|336|0|327|
202|349|192|1|335|0|324|
202|347|96|1|336|0|327|
202|298|96|1|304|0|325|
202|347|192|1|336|0|327|
202|348|192|1|336|0|327|
202|350|192|1|335|0|327|
202|348|192|1|336|0|327|
202|351|96|1|336|0|327|
202|350|192|1|336|0|327|
202|347|192|1|336|0|327|
202|348|96|1|336|0|327|
202|351|192|1|336|0|327|
202|297|192|1|304|0|325|
202|297|192|1|304|0|325|
202|351|96|1|336|0|327|
202|347|288|1|336|0|327|
202|350|192|1|336|0|327|
202|348|192|1|336|0|327|
202|349|192|1|336|0|327|
202|348|192|1|336|0|327|
202|351|96|1|336|0|327|
202|348|192|1|337|0|327|
202|348|192|1|336|0|327|
202|351|192|1|336|0|327|
202|348|192|1|336|0|327|
202|348|96|1|336|0|327|
202|295|192|1|304|0|325|
202|350|192|1|335|0|327|
202|345|192|1|333|0|326|
202|347|192|1|335|0|327|
202|348|192|1|337|0|327|
202|350|192|1|335|0|327|
202|351|288|1|336|0|327|
202|348|192|1|337|0|327|
202|351|192|1|336|0|327|
202|348|192|1|336|0|327|
202|348|192|1|337|0|327|
202|351|96|1|336|0|327|
202|347|192|1|336|0|327|
202|348|192|1|337|0|327|
202|348|96|1|336|0|327|
202|348|192|1|336|0|327|
202|351|192|1|336|0|327|
202|348|192|1|336|0|327|
202|348|192|1|337|0|327|
202|351|192|1|337|0|327|
202|348|96|1|336|0|327|
202|348|192|1|336|0|327|
202|348|192|1|337|0|327|
202|351|192|1|336|0|327|
202|347|192|1|335|0|327|
202|348|192|1|337|0|327|
202|351|192|1|336|0|327|
202|348|192|1|336|0|327|
202|348|192|1|337|0|327|
202|298|192|1|304|0|325|
202|350|192|1|335|0|327|
202|349|96|1|337|0|327|
202|348|192|1|336|0|327|
202|348|192|1|337|0|327|
202|348|192|1|337|0|327|
202|345|192|1|334|0|323|
202|348|192|1|337|0|327|
202|368|192|1|353|0|327|
202|345|96|1|334|0|323|
202|347|192|1|336|0|327|
202|347|192|1|336|0|327|
202|347|192|1|335|0|327|
202|378|192|1|363|0|327|
202|350|192|1|335|0|327|
202|347|96|1|335|0|327|
202|347|96|1|335|0|327|
202|345|192|1|334|0|323|
202|350|192|1|335|0|327|
202|347|192|1|336|0|327|
202|347|192|1|335|0|327|
202|348|96|1|337|0|327|
202|348|192|1|337|0|327|
202|347|192|1|335|0|327|
202|351|192|1|337|0|327|
202|348|192|1|337|0|327|
202|347|192|1|335|0|327|
202|351|192|1|336|0|327|
202|348|192|1|336|0|327|
202|351|192|1|336|0|327|
202|348|192|1|336|0|327|
202|351|192|1|336|0|327|
202|351|192|1|336|0|327|
202|348|192|1|336|0|327|
202|347|192|1|336|0|327|
202|350|192|1|336|0|327|
202|351|192|1|336|0|327|
202|298|96|1|304|0|325|
202|347|192|1|336|0|327|
202|348|192|1|336|0|327|
202|298|96|1|304|0|325|
202|295|96|1|304|0|325|
202|347|192|1|336|0|327|
202|347|192|1|336|0|327|
202|350|192|1|336|0|327|
202|348|192|1|336|0|327|
202|296|192|1|304|0|325|
202|350|288|1|336|0|327|
202|351|96|1|336|0|327|
202|350|192|1|336|0|327|
202|351|96|1|336|0|327|
202|347|192|1|336|0|327|
202|347|96|1|335|0|327|
202|350|192|1|336|0|327|
202|350|96|1|335|0|327|
202|347|192|1|335|0|327|
202|347|96|1|335|0|327|
202|295|192|1|304|0|325|
202|350|192|1|336|0|327|
202|350|192|1|336|0|327|
202|348|192|1|336|0|327|
202|348|192|1|336|0|327|
202|351|96|1|336|0|327|
202|348|192|1|336|0|327|
202|348|96|1|336|0|327|
202|351|192|1|336|0|327|
202|350|192|1|335|0|327|
202|348|192|1|337|0|327|
202|348|96|1|337|0|327|
202|347|192|1|335|0|327|
202|350|96|1|335|0|327|
202|351|192|1|336|0|327|
202|347|192|1|335|0|327|
202|348|192|1|337|0|327|
202|347|192|1|335|0|327|
202|348|192|1|337|0|327|
202|347|192|1|335|0|327|
202|348|192|1|337|0|327|
202|348|192|1|337|0|327|
202|348|192|1|337|0|327|
202|347|192|1|335|0|327|
202|350|96|1|335|0|327|
202|350|192|1|335|0|327|
202|348|96|1|336|0|327|
202|297|192|1|304|0|325|
202|347|192|1|336|0|327|
202|298|96|1|304|0|325|
202|295|96|1|304|0|325|
202|346|192|1|335|0|323|
202|347|192|1|335|0|327|
202|347|192|1|335|0|327|
202|347|192|1|335|0|327|
202|350|192|1|335|0|327|
202|347|192|1|335|0|327|
202|350|192|1|335|0|327|
202|350|192|1|335|0|327|
202|347|192|1|336|0|327|
202|351|192|1|336|0|327|
202|347|192|1|335|0|327|
202|348|192|1|337|0|327|
202|347|96|1|335|0|327|
202|347|192|1|335|0|327|
202|350|96|1|335|0|327|
202|350|192|1|336|0|327|
202|348|192|1|337|0|327|
202|297|192|1|304|0|325|
202|347|96|1|335|0|327|
202|348|96|1|337|0|327|
202|347|96|1|335|0|327|
202|350|192|1|335|0|327|
202|348|96|1|336|0|327|
202|348|192|1|337|0|327|
202|348|192|1|337|0|327|
202|347|192|1|335|0|327|
202|350|192|1|335|0|327|
202|347|192|1|336|0|327|
202|348|192|1|337|0|327|
202|350|96|1|336|0|327|
202|345|192|1|333|0|326|
202|347|192|1|335|0|327|
202|350|192|1|335|0|327|
202|350|192|1|335|0|327|
202|347|192|1|335|0|327|
202|350|192|1|336|0|327|
202|347|192|1|336|0|327|
202|350|192|1|335|0|327|
202|297|96|1|304|0|325|
202|345|192|1|333|0|326|
202|351|192|1|336|0|327|
202|348|192|1|336|0|327|
202|350|96|1|336|0|327|
202|348|192|1|336|0|327|
202|348|96|1|336|0|327|
202|350|192|1|336|0|327|
202|348|192|1|336|0|327|
202|295|96|1|304|0|325|
202|347|192|1|336|0|327|
202|348|192|1|336|0|327|
202|348|192|1|336|0|327|
202|351|192|1|336|0|327|
202|350|192|1|336|0|327|
202|348|192|1|336|0|327|
202|298|192|1|304|0|325|
202|348|192|1|336|0|327|
202|297|192|1|304|0|325|
202|347|192|1|336|0|327|
202|348|192|1|336|0|327|
202|348|192|1|336|0|327|
202|351|192|1|336|0|327|
202|347|96|1|336|0|327|
202|350|192|1|336|0|327|
202|351|192|1|336|0|327|
202|347|192|1|336|0|327|
202|348|192|1|336|0|327|
202|347|192|1|335|0|327|
202|297|192|1|304|0|325|
202|348|96|1|336|0|327|
202|348|192|1|336|0|327|
202|348|96|1|336|0|327|
202|351|192|1|336|0|327|
202|347|192|1|336|0|327|
202|351|192|1|336|0|327|
202|351|192|1|336|0|327|
202|348|96|1|336|0|327|
202|350|192|1|336|0|327|
202|350|192|1|336|0|327|
202|297|96|1|304|0|325|
202|351|192|1|336|0|327|
202|348|192|1|336|0|327|
202|297|96|1|304|0|325|
202|348|192|1|336|0|327|
202|351|192|1|336|0|327|
202|347|192|1|336|0|327|
202|351|192|1|336|0|327|
202|298|96|1|304|0|325|
202|350|192|1|336|0|327|
202|351|192|1|337|0|327|
202|351|288|1|336|0|327|
202|348|192|1|337|0|327|
202|348|192|1|336|0|327|
202|347|192|1|335|0|327|
202|348|192|1|336|0|327|
202|347|96|1|335|0|327|
202|350|192|1|335|0|327|
202|351|96|1|337|0|327|
202|348|192|1|337|0|327|
202|348|192|1|336|0|327|
202|347|192|1|336|0|327|
202|351|192|1|337|0|327|
202|348|192|1|336|0|327|
202|348|192|1|336|0|327|
202|348|192|1|336|0|327|
202|348|96|1|336|0|327|
202|348|192|1|336|0|327|
202|350|96|1|335|0|327|
202|348|192|1|336|0|327|
202|351|192|1|336|0|327|
202|348|192|1|336|0|327|
202|348|192|1|336|0|327|
202|351|192|1|337|0|327|
202|348|96|1|337|0|327|
202|351|192|1|336|0|327|
202|351|192|1|336|0|327|
202|348|96|1|336|0|327|
202|347|96|1|335|0|327|
202|348|192|1|337|0|327|
202|348|192|1|336|0|327|
202|363|192|1|351|0|327|
202|348|192|1|336|0|327|
202|350|96|1|336|0|327|
202|351|192|1|336|0|327|
202|295|192|1|304|0|325|
202|294|192|1|304|0|325|
202|348|96|1|336|0|327|
202|348|192|1|336|0|327|
202|297|96|1|304|0|325|
202|347|192|1|336|0|327|
202|350|192|1|336|0|327|
202|297|192|1|304|0|325|
202|348|96|1|336|0|327|
202|345|192|1|333|0|326|
202|348|96|1|336|0|327|
202|351|288|1|336|0|327|
202|348|192|1|336|0|327|
202|347|192|1|336|0|327|
202|350|192|1|336|0|327|
202|297|192|1|304|0|325|
202|295|192|1|304|0|325|
202|350|192|1|335|0|327|
202|347|192|1|335|0|327|
202|348|96|1|336|0|327|
202|348|192|1|335|0|327|
202|350|192|1|335|0|327|
202|350|192|1|335|0|327|
202|347|192|1|335|0|327|
202|350|192|1|335|0|327|
202|347|96|1|335|0|327|
202|298|192|1|304|0|325|
202|351|192|1|336|0|327|
202|348|192|1|336|0|327|
202|347|96|1|336|0|327|
202|348|192|1|336|0|327|
202|351|96|1|336|0|327|
202|348|96|1|336|0|327|
202|350|192|1|336|0|327|
202|348|192|1|336|0|327|
202|348|192|1|336|0|327|
202|351|192|1|336|0|327|
202|351|96|1|336|0|327|
202|348|192|1|336|0|327|
202|348|192|1|336|0|327|
202|350|192|1|336|0|327|
202|351|192|1|336|0|327|
202|351|192|1|336|0|327|
202|347|96|1|336|0|327|
202|350|192|1|335|0|327|
202|347|192|1|335|0|327|
202|350|192|1|335|0|327|
202|350|192|1|335|0|327|
202|347|192|1|335|0|327|
202|348|192|1|337|0|327|
202|347|96|1|336|0|327|
202|347|96|1|335|0|327|
202|347|192|1|335|0|327|
202|350|192|1|336|0|327|
202|350|192|1|335|0|327|
202|347|192|1|336|0|327|
202|347|192|1|336|0|327|
202|296|192|1|302|0|324|
202|348|192|1|336|0|327|
202|348|192|1|336|0|327|
202|348|192|1|336|0|327|
202|351|192|1|336|0|327|
202|351|192|1|336|0|327|
202|297|192|1|304|0|325|
202|348|96|1|336|0|327|
202|350|192|1|335|0|327|
202|297|96|1|304|0|325|
202|350|192|1|336|0|327|
202|347|192|1|335|0|327|
202|298|96|1|304|0|325|
202|350|192|1|336|0|327|
202|347|192|1|335|0|327|
202|347|192|1|335|0|327|
202|567|384|1|593|0|536|
202|347|192|1|336|0|327|
202|347|288|1|335|0|327|
202|347|192|1|335|0|327|
202|562|288|1|588|0|536|
202|350|96|1|335|0|327|
202|565|288|1|590|0|536|
202|562|288|1|584|0|539|
202|347|192|1|335|0|327|
202|345|192|1|333|0|326|
202|347|192|1|335|0|327|
202|509|384|1|556|0|534|
202|506|288|1|553|0|537|
202|351|288|1|336|0|327|
202|298|288|1|304|0|325|
202|557|288|1|585|0|539|
202|350|192|1|336|0|327|
202|348|192|1|336|0|327|
202|351|192|1|336|0|327|
202|351|192|1|336|0|327|
202|348|192|1|336|0|327|
202|351|192|1|336|0|327|
202|564|288|1|587|0|539|
202|348|192|1|336|0|327|
202|294|192|1|304|0|325|
202|297|96|1|304|0|325|
202|557|288|1|584|0|539|
202|347|96|1|336|0|327|
202|348|192|1|336|0|327|
202|348|192|1|336|0|327|
202|348|192|1|336|0|327|
202|348|96|1|336|0|327|
202|509|192|1|554|0|534|
202|348|192|1|336|0|327|
202|348|192|1|337|0|327|
202|562|288|1|587|0|539|
202|351|192|1|336|0|327|
202|351|96|1|337|0|327|
202|298|96|1|304|0|325|
202|348|192|1|336|0|327|
202|347|96|1|336|0|327|
202|557|288|1|587|0|536|
202|348|192|1|336|0|327|
202|558|288|1|588|0|536|
202|558|288|1|586|0|539|
202|350|192|1|336|0|327|
202|298|192|1|304|0|325|
202|560|288|1|589|0|539|
202|348|288|1|336|0|327|
202|347|192|1|336|0|327|
202|506|288|1|554|0|537|
202|348|192|1|336|0|327|
202|298|96|1|304|0|325|
202|351|192|1|337|0|327|
202|509|192|1|556|0|534|
202|348|192|1|336|0|327|
202|298|192|1|304|0|325|
202|351|192|1|336|0|327|
202|350|192|1|336|0|327|
202|505|288|1|554|0|537|
202|351|192|1|336|0|327|
202|351|192|1|336|0|327|
202|351|96|1|336|0|327|
202|348|96|1|336|0|327|
202|349|192|1|336|0|327|
202|351|96|1|336|0|327|
202|556|288|1|587|0|536|
202|348|192|1|336|0|327|
202|348|192|1|336|0|327|
202|351|96|1|336|0|327|
202|297|96|1|304|0|325|
202|348|192|1|336|0|327|
202|350|192|1|336|0|327|
202|560|288|1|585|0|539|
202|351|192|1|336|0|327|
202|296|192|1|302|0|324|
202|351|96|1|336|0|327|
202|560|288|1|587|0|536|
202|350|96|1|336|0|327|
202|351|192|1|336|0|327|
202|557|288|1|585|0|539|
202|351|192|1|336|0|327|
202|297|192|1|304|0|325|
202|559|192|1|591|0|536|
202|351|192|1|336|0|327|
202|347|192|1|336|0|327|
202|348|192|1|336|0|327|
202|350|192|1|336|0|327|
202|351|192|1|336|0|327|
202|348|192|1|336|0|327|
202|294|192|1|304|0|325|
202|348|192|1|336|0|327|
202|348|96|1|336|0|327|
202|557|288|1|587|0|536|
202|347|96|1|335|0|327|
202|350|96|1|335|0|327|
202|351|192|1|335|0|327|
202|297|192|1|304|0|325|
202|350|192|1|336|0|327|
202|350|192|1|336|0|327|
202|567|288|1|593|0|536|
202|562|288|1|584|0|539|
202|347|96|1|336|0|327|
202|347|192|1|335|0|327|
202|350|192|1|335|0|327|
202|350|96|1|335|0|327|
202|566|288|1|590|0|536|
202|559|288|1|585|0|539|
202|350|192|1|335|0|327|
202|347|192|1|336|0|327|
202|295|96|1|304|0|325|
202|350|192|1|335|0|327|
202|350|96|1|335|0|327|
202|348|192|1|337|0|327|
202|347|192|1|336|0|327|
202|509|288|1|553|0|537|
202|351|96|1|336|0|327|
202|348|192|1|336|0|327|
202|347|192|1|336|0|327|
202|347|192|1|336|0|327|
202|348|96|1|336|0|327|
202|348|96|1|336|0|327|
202|295|192|1|304|0|325|
202|297|96|1|304|0|325|
202|298|96|1|304|0|325|
202|350|192|1|335|0|327|
202|350|192|1|335|0|327|
202|351|192|1|337|0|327|
202|511|288|1|557|0|534|
202|560|288|1|585|0|539|
202|350|192|1|335|0|327|
202|351|96|1|337|0|327|
202|347|192|1|335|0|327|
202|557|192|1|588|0|536|
202|562|288|1|587|0|539|
202|347|192|1|335|0|327|
202|348|192|1|333|0|326|
202|561|288|1|587|0|536|
202|563|288|1|586|0|539|
202|347|192|1|336|0|327|
202|350|192|1|335|0|327|
202|351|96|1|337|0|327|
202|562|288|1|590|0|536|
202|351|192|1|337|0|327|
202|348|96|1|336|0|327|
202|348|192|1|336|0|327|
202|347|192|1|336|0|327|
202|558|192|1|585|0|539|
202|557|288|1|585|0|539|
202|348|96|1|336|0|327|
202|348|192|1|336|0|327|
202|350|192|1|336|0|327|
202|348|96|1|336|0|327|
202|347|96|1|335|0|327|
202|564|288|1|588|0|536|
202|347|192|1|336|0|327|
202|350|192|1|335|0|327|
202|350|96|1|335|0|327|
202|350|192|1|335|0|327|
202|350|192|1|335|0|327|
202|350|96|1|335|0|327|
202|347|192|1|336|0|327|
202|557|288|1|586|0|536|
202|347|192|1|335|0|327|
202|350|96|1|336|0|327|
202|347|192|1|335|0|327|
202|347|192|1|336|0|327|
202|563|288|1|589|0|536|
202|561|288|1|583|0|539|
202|347|192|1|336|0|327|
202|350|192|1|336|0|327|
202|556|288|1|583|0|539|
202|347|96|1|335|0|327|
202|347|192|1|335|0|327|
202|350|192|1|336|0|327|
202|347|288|1|335|0|327|
202|561|288|1|587|0|536|
202|350|192|1|335|0|327|
202|350|192|1|336|0|327|
202|350|192|1|335|0|327|
202|564|288|1|586|0|539|
202|347|192|1|335|0|327|
202|347|288|1|335|0|327|
202|560|288|1|587|0|536|
202|559|288|1|584|0|539|
202|350|192|1|335|0|327|
202|347|192|1|336|0|327|
202|560|288|1|586|0|536|
202|347|192|1|335|0|327|
202|563|288|1|585|0|539|
202|347|192|1|336|0|327|
202|298|96|1|304|0|325|
202|350|192|1|335|0|327|
202|347|192|1|336|0|327|
202|347|192|1|336|0|327|
202|347|192|1|336|0|327|
202|350|192|1|336|0|327|
202|562|288|1|590|0|536|
202|350|96|1|335|0|327|
202|350|192|1|335|0|327|
202|564|288|1|586|0|539|
202|350|192|1|336|0|327|
202|347|96|1|336|0|327|
202|350|96|1|335|0|327|
202|558|288|1|584|0|539|
202|347|96|1|335|0|327|
202|347|192|1|335|0|327|
202|350|192|1|336|0|327|
202|350|96|1|336|0|327|
202|348|192|1|336|0|327|
202|558|288|1|585|0|539|
202|348|192|1|336|0|327|
202|348|288|1|336|0|327|
202|297|96|1|304|0|325|
202|347|96|1|336|0|327|
202|348|192|1|336|0|327|
202|347|192|1|336|0|327|
202|558|288|1|588|0|536|
202|348|96|1|336|0|327|
202|347|192|1|336|0|327|
202|347|288|1|336|0|327|
202|558|288|1|586|0|536|
202|348|192|1|336|0|327|
202|298|192|1|304|0|325|
202|295|96|1|304|0|325|
202|297|192|1|304|0|325|
202|559|288|1|586|0|539|
202|294|96|1|304|0|325|
202|562|288|1|589|0|536|
202|347|288|1|335|0|327|
202|348|96|1|336|0|327|
202|351|192|1|337|0|327|
202|505|288|1|556|0|537|
202|351|192|1|336|0|327|
202|347|192|1|336|0|327|
202|350|96|1|335|0|327|
202|350|96|1|335|0|327|
202|347|192|1|335|0|327|
202|347|192|1|335|0|327|
202|347|192|1|335|0|327|
202|564|288|1|585|0|539|
202|298|96|1|304|0|325|
202|347|192|1|336|0|327|
202|347|192|1|336|0|327|
202|561|288|1|588|0|539|
202|347|192|1|335|0|327|
202|350|96|1|336|0|327|
202|348|96|1|337|0|327|
202|350|192|1|336|0|327|
202|348|192|1|336|0|327|
202|298|288|1|304|0|325|
202|567|288|1|588|0|539|
202|351|192|1|336|0|327|
202|348|192|1|336|0|327|
202|351|192|1|336|0|327|
202|556|288|1|585|0|539|
202|348|96|1|336|0|327|
202|350|192|1|336|0|327|
202|298|96|1|304|0|325|
202|350|192|1|336|0|327|
202|567|288|1|586|0|539|
202|351|96|1|336|0|327|
202|348|192|1|336|0|327|
202|297|192|1|304|0|325|
202|351|192|1|336|0|327|
202|297|192|1|304|0|325|
202|351|96|1|336|0|327|
202|348|96|1|336|0|327|
202|562|288|1|584|0|539|
202|348|192|1|336|0|327|
202|348|192|1|336|0|327|
202|561|288|1|587|0|536|
202|348|192|1|337|0|327|
202|351|192|1|336|0|327|
202|350|192|1|336|0|327|
202|348|192|1|336|0|327|
202|351|96|1|336|0|327|
202|348|192|1|336|0|327|
202|564|288|1|585|0|539|
202|347|96|1|335|0|327|
202|350|192|1|336|0|327|
202|350|192|1|335|0|327|
202|351|192|1|337|0|327|
202|351|96|1|336|0|327|
202|506|288|1|555|0|534|
202|347|96|1|335|0|327|
202|298|96|1|304|0|325|
202|294|96|1|304|0|325|
202|350|96|1|335|0|327|
202|563|288|1|586|0|536|
202|347|192|1|335|0|327|
202|347|192|1|336|0|327|
202|347|192|1|335|0|327|
202|350|96|1|336|0|327|
202|561|192|1|587|0|536|
202|350|192|1|335|0|327|
202|347|192|1|335|0|327|
202|298|192|1|304|0|325|
202|560|192|1|585|0|539|
202|350|96|1|336|0|327|
202|347|192|1|335|0|327|
202|350|192|1|335|0|327|
202|347|192|1|335|0|327|
202|561|288|1|586|0|539|
202|350|192|1|335|0|327|
202|350|192|1|335|0|327|
202|347|192|1|336|0|327|
202|350|96|1|336|0|327|
202|562|288|1|586|0|539|
202|347|192|1|336|0|327|
202|350|192|1|336|0|327|
202|347|192|1|335|0|327|
202|350|192|1|335|0|327|
202|347|192|1|335|0|327|
202|560|288|1|585|0|539|
202|347|96|1|335|0|327|
202|295|192|1|304|0|325|
202|350|192|1|335|0|327|
202|295|96|1|304|0|325|
202|513|288|1|555|0|537|
202|347|96|1|335|0|327|
202|347|192|1|336|0|327|
202|297|192|1|304|0|325|
202|350|192|1|335|0|327|
202|297|96|1|304|0|325|
202|347|96|1|335|0|327|
202|557|288|1|584|0|539|
202|350|192|1|335|0|327|
202|350|96|1|335|0|327|
202|295|192|1|304|0|325|
202|348|192|1|337|0|327|
202|350|192|1|336|0|327|
202|560|288|1|589|0|536|
202|347|96|1|335|0|327|
202|298|96|1|304|0|325|
202|347|96|1|335|0|327|
202|562|192|1|590|0|536|
202|566|288|1|588|0|539|
202|350|192|1|335|0|327|
202|347|192|1|335|0|327|
202|293|192|1|303|0|321|
202|559|288|1|588|0|536|
202|347|192|1|336|0|327|
202|347|192|1|336|0|327|
202|560|288|1|587|0|536|
202|351|192|1|336|0|327|
202|347|192|1|336|0|327|
202|348|192|1|336|0|327|
202|351|192|1|336|0|327|
202|348|96|1|336|0|327|
202|347|192|1|335|0|327|
202|348|96|1|336|0|327|
202|347|192|1|336|0|327|
202|297|192|1|304|0|325|
202|348|96|1|337|0|327|
202|350|192|1|335|0|327|
202|298|96|1|304|0|325|
202|351|192|1|336|0|327|
202|294|96|1|304|0|325|
202|348|192|1|336|0|327|
202|348|192|1|336|0|327|
202|559|288|1|590|0|536|
202|348|192|1|336|0|327|
202|348|192|1|336|0|327|
202|351|192|1|336|0|327|
202|348|192|1|336|0|327|
202|559|288|1|585|0|539|
202|350|192|1|335|0|327|
202|347|192|1|335|0|327|
202|347|288|1|335|0|327|
202|562|288|1|590|0|536|
202|347|192|1|335|0|327|
202|347|192|1|336|0|327|
202|350|192|1|335|0|327|
202|347|288|1|335|0|327|
202|347|96|1|336|0|327|
202|560|288|1|587|0|536|
202|560|288|1|584|0|539|
202|347|96|1|336|0|327|
202|350|192|1|335|0|327|
202|563|288|1|584|0|539|
202|350|192|1|335|0|327|
202|350|96|1|335|0|327|
202|347|192|1|335|0|327|
202|347|192|1|335|0|327|
202|564|288|1|589|0|536|
202|350|192|1|336|0|327|
202|347|192|1|335|0|327|
202|350|192|1|335|0|327|
202|347|192|1|335|0|327|
202|560|288|1|584|0|539|
202|347|192|1|336|0|327|
202|350|192|1|335|0|327|
202|565|192|1|590|0|536|
202|557|288|1|584|0|539|
202|350|192|1|335|0|327|
202|347|192|1|335|0|327|
202|347|192|1|336|0|327|
202|347|96|1|335|0|327|
202|563|288|1|593|0|536|
202|559|288|1|584|0|539|
202|561|288|1|585|0|539|
202|351|192|1|337|0|327|
202|347|192|1|336|0|327|
202|348|192|1|337|0|327|
202|350|192|1|335|0|327|
202|350|192|1|335|0|327|
202|348|192|1|337|0|327|
202|350|192|1|335|0|327|
202|350|192|1|335|0|327|
202|347|96|1|335|0|327|
202|562|288|1|585|0|539|
202|350|96|1|335|0|327|
202|347|96|1|335|0|327|
202|559|288|1|584|0|539|
202|347|192|1|336|0|327|
202|348|96|1|337|0|327|
202|513|192|1|558|0|534|
202|350|96|1|336|0|327|
202|561|288|1|587|0|536|
202|348|192|1|336|0|327|
202|350|192|1|336|0|327|
202|348|192|1|336|0|327|
202|558|288|1|588|0|536|
202|561|288|1|589|0|539|
202|348|192|1|336|0|327|
202|298|192|1|304|0|325|
202|566|288|1|589|0|536|
202|347|192|1|335|0|327|
202|348|192|1|337|0|327|
202|348|192|1|336|0|327|
202|559|192|1|586|0|539|
202|350|192|1|335|0|327|
202|347|192|1|335|0|327|
202|560|288|1|586|0|539|
202|351|192|1|336|0|327|
202|347|192|1|336|0|327|
202|350|96|1|335|0|327|
202|351|192|1|336|0|327|
202|558|288|1|587|0|539|
202|348|192|1|336|0|327|
202|348|192|1|336|0|327|
202|556|288|1|586|0|539|
202|298|192|1|304|0|325|
202|348|192|1|336|0|327|
202|558|192|1|587|0|536|
202|561|288|1|588|0|536|
202|347|192|1|336|0|327|
202|365|192|1|354|0|327|
202|348|192|1|336|0|327|
202|348|192|1|336|0|327|
202|347|192|1|335|0|327|
202|295|192|1|304|0|325|
202|297|192|1|304|0|325|
202|298|192|1|304|0|325|
202|348|192|1|336|0|327|
202|351|192|1|336|0|327|
202|562|288|1|589|0|539|
202|347|192|1|336|0|327|
202|350|192|1|335|0|327|
202|350|96|1|335|0|327|
202|565|288|1|590|0|536|
202|563|192|1|586|0|539|
202|347|192|1|335|0|327|
202|295|192|1|304|0|325|
202|351|192|1|336|0|327|
202|507|288|1|559|0|534|
202|562|288|1|586|0|539|
202|351|192|1|336|0|327|
202|348|96|1|336|0|327|
202|347|192|1|336|0|327|
202|351|192|1|336|0|327|
202|351|192|1|336|0|327|
202|564|288|1|587|0|536|
202|559|288|1|584|0|539|
202|564|288|1|587|0|539|
202|347|192|1|335|0|327|
202|348|192|1|336|0|327|
202|351|192|1|336|0|327|
202|350|192|1|336|0|327|
202|347|192|1|336|0|327|
202|557|288|1|585|0|536|
202|558|288|1|583|0|539|
202|348|192|1|336|0|327|
202|348|192|1|336|0|327|
202|558|288|1|588|0|536|
202|350|192|1|336|0|327|
202|347|192|1|336|0|327|
202|558|288|1|588|0|536|
202|509|384|1|554|0|537|
202|348|192|1|337|0|327|
202|295|96|1|304|0|325|
202|560|288|1|591|0|536|
202|348|192|1|336|0|327|
202|348|192|1|336|0|327|
202|506|192|1|556|0|534|
202|347|192|1|336|0|327|
202|348|192|1|336|0|327|
202|566|288|1|589|0|536|
202|348|192|1|336|0|327|
202|295|192|1|304|0|325|
202|348|192|1|336|0|327|
202|350|192|1|336|0|327|
202|295|96|1|304|0|325|
202|350|192|1|336|0|327|
202|350|192|1|335|0|327|
202|562|384|1|586|0|536|
202|559|288|1|585|0|539|
202|350|96|1|336|0|327|
202|350|192|1|335|0|327|
202|347|96|1|335|0|327|
202|350|192|1|335|0|327|
202|350|288|1|335|0|327|
202|347|192|1|336|0|327|
202|561|288|1|586|0|539|
202|350|192|1|336|0|327|
202|347|192|1|335|0|327|
202|350|192|1|335|0|327|
202|563|288|1|589|0|536|
202|350|192|1|335|0|327|
