INSTRUCTIONS_RETIRED|CYCLES|UNKNOWN|LD_BLOCKS.STORE_FORWARD|UOPS_EXECUTED.THREAD|BR_MISP_RETIRED.ALL_BRANCHES|UOPS_RETIRED.ANY|
170|319|192|1|304|0|295|
170|266|192|1|272|0|293|
170|316|96|1|304|0|295|
170|263|288|1|272|0|293|
170|316|192|1|304|0|295|
170|318|96|1|304|0|295|
170|319|192|1|305|0|295|
170|525|288|1|555|0|504|
170|527|288|1|552|0|507|
170|316|96|1|304|0|295|
170|263|96|1|272|0|293|
170|529|288|1|555|0|504|
170|318|192|1|303|0|295|
170|315|96|1|303|0|295|
170|318|96|1|303|0|295|
170|316|192|1|304|0|295|
170|530|288|1|557|0|504|
170|525|288|1|553|0|507|
170|319|288|1|304|0|295|
170|315|192|1|303|0|295|
170|318|96|1|304|0|295|
170|318|96|1|303|0|295|
170|557|288|1|585|0|504|
170|316|192|1|304|0|295|
170|318|96|1|304|0|295|
170|315|192|1|303|0|295|
170|316|192|1|304|0|295|
170|318|192|1|303|0|295|
170|318|192|1|304|0|295|
170|265|192|1|272|0|293|
170|316|192|1|304|0|295|
170|318|192|1|303|0|295|
170|315|96|1|304|0|295|
170|263|96|1|272|0|293|
170|319|192|1|304|0|295|
170|316|192|1|304|0|295|
170|263|96|1|272|0|293|
170|318|192|1|303|0|295|
170|263|96|1|272|0|293|
170|318|192|1|304|0|295|
170|319|96|1|304|0|295|
170|265|96|1|272|0|293|
170|316|192|1|304|0|295|
170|315|192|1|303|0|295|
170|315|192|1|304|0|295|
170|316|192|1|305|0|295|
170|316|192|1|304|0|295|
170|315|192|1|304|0|295|
170|319|192|1|305|0|295|
170|316|192|1|304|0|295|
170|319|192|1|304|0|295|
170|315|96|1|303|0|295|
170|316|288|1|304|0|295|
170|265|96|1|272|0|293|
170|316|192|1|304|0|295|
170|319|96|1|304|0|295|
170|316|192|1|304|0|295|
170|313|192|1|302|0|291|
170|315|192|1|303|0|295|
170|315|192|1|304|0|295|
170|263|192|1|272|0|293|
170|319|96|1|304|0|295|
170|315|96|1|303|0|295|
170|315|192|1|303|0|295|
170|339|192|1|324|0|295|
170|265|192|1|272|0|293|
170|319|96|1|305|0|295|
170|319|192|1|305|0|295|
170|319|192|1|305|0|295|
170|316|192|1|305|0|295|
170|318|96|1|303|0|295|
170|318|192|1|303|0|295|
170|315|192|1|303|0|295|
170|318|192|1|303|0|295|
170|315|96|1|304|0|295|
170|315|192|1|303|0|295|
170|315|192|1|303|0|295|
170|315|192|1|303|0|295|
170|266|96|1|272|0|293|
170|319|192|1|305|0|295|
170|316|96|1|305|0|295|
170|315|96|1|303|0|295|
170|315|96|1|303|0|295|
170|266|192|1|272|0|293|
170|316|192|1|304|0|295|
170|316|192|1|304|0|295|
170|265|96|1|272|0|293|
170|318|192|1|304|0|295|
170|319|192|1|304|0|295|
170|263|96|1|272|0|293|
170|316|192|1|304|0|295|
170|316|192|1|304|0|295|
170|318|96|1|303|0|295|
170|266|96|1|272|0|293|
170|319|192|1|304|0|295|
170|316|192|1|305|0|295|
170|318|192|1|303|0|295|
170|316|96|1|304|0|295|
170|318|192|1|304|0|295|
170|316|96|1|304|0|295|
170|316|96|1|304|0|295|
170|315|192|1|303|0|295|
170|318|192|1|303|0|295|
170|318|192|1|304|0|295|
170|315|192|1|304|0|295|
170|315|96|1|303|0|295|
170|265|192|1|272|0|293|
170|319|192|1|304|0|295|
170|319|192|1|304|0|295|
170|316|192|1|304|0|295|
170|319|192|1|304|0|295|
170|319|96|1|304|0|295|
170|266|96|1|272|0|293|
170|338|96|1|322|0|295|
170|316|192|1|304|0|295|
170|324|192|1|303|0|295|
170|318|192|1|303|0|295|
170|316|96|1|304|0|295|
170|316|192|1|304|0|295|
170|319|96|1|304|0|295|
170|265|192|1|272|0|293|
170|315|96|1|303|0|295|
170|319|192|1|304|0|295|
170|319|192|1|305|0|295|
170|316|192|1|304|0|295|
170|316|96|1|304|0|295|
170|262|192|1|272|0|293|
170|319|192|1|305|0|295|
170|318|192|1|303|0|295|
170|318|192|1|303|0|295|
170|266|96|1|272|0|293|
170|318|96|1|303|0|295|
170|315|192|1|303|0|295|
170|266|96|1|272|0|293|
170|319|192|1|305|0|295|
170|319|96|1|305|0|295|
170|319|192|1|305|0|295|
170|263|96|1|272|0|293|
170|315|192|1|304|0|295|
170|316|96|1|305|0|295|
170|319|192|1|304|0|295|
170|318|192|1|304|0|295|
170|318|192|1|303|0|295|
170|318|192|1|303|0|295|
170|315|96|1|303|0|295|
170|315|192|1|303|0|295|
170|315|96|1|303|0|295|
170|318|192|1|304|0|295|
170|316|192|1|304|0|295|
170|316|192|1|305|0|295|
170|263|96|1|272|0|293|
170|319|192|1|304|0|295|
170|316|96|1|304|0|295|
170|316|192|1|304|0|295|
170|263|192|1|272|0|293|
170|316|192|1|304|0|295|
170|316|96|1|304|0|295|
170|316|96|1|304|0|295|
170|315|96|1|304|0|295|
170|319|192|1|304|0|295|
170|315|96|1|304|0|295|
170|263|96|1|272|0|293|
170|315|96|1|303|0|295|
170|318|192|1|304|0|295|
170|394|96|1|337|0|296|
170|315|192|1|303|0|295|
170|266|96|1|272|0|293|
170|315|192|1|303|0|295|
170|316|192|1|305|0|295|
170|319|192|1|304|0|295|
170|319|192|1|304|0|295|
170|316|192|1|304|0|295|
170|315|96|1|303|0|295|
170|318|96|1|303|0|295|
170|318|96|1|303|0|295|
170|319|192|1|304|0|295|
170|316|192|1|304|0|295|
170|319|192|1|305|0|295|
170|315|288|1|303|0|295|
170|318|96|1|303|0|295|
170|318|192|1|303|0|295|
170|318|192|1|304|0|295|
170|263|192|1|272|0|293|
170|319|96|1|304|0|295|
170|316|192|1|305|0|295|
170|266|96|1|272|0|293|
170|315|192|1|304|0|295|
170|315|192|1|304|0|295|
170|316|192|1|304|0|295|
170|320|192|1|304|0|295|
170|266|192|1|272|0|293|
170|316|192|1|304|0|295|
170|316|96|1|304|0|295|
170|315|192|1|304|0|295|
170|315|192|1|304|0|295|
170|263|96|1|272|0|293|
170|315|192|1|303|0|295|
170|319|192|1|304|0|295|
170|263|96|1|272|0|293|
170|315|192|1|304|0|295|
170|262|96|1|272|0|293|
170|318|192|1|304|0|295|
170|316|192|1|304|0|295|
170|316|192|1|304|0|295|
170|319|192|1|304|0|295|
170|315|96|1|304|0|295|
170|315|192|1|304|0|295|
170|318|96|1|304|0|295|
170|315|96|1|303|0|295|
170|319|192|1|304|0|295|
170|318|192|1|303|0|295|
170|318|192|1|303|0|295|
170|265|192|1|272|0|293|
170|318|96|1|304|0|295|
170|318|192|1|304|0|295|
170|266|96|1|272|0|293|
170|318|192|1|304|0|295|
170|263|192|1|272|0|293|
170|319|96|1|304|0|295|
170|316|96|1|304|0|295|
170|316|96|1|304|0|295|
170|316|192|1|304|0|295|
170|318|192|1|304|0|295|
170|316|96|1|304|0|295|
170|318|192|1|304|0|295|
170|319|96|1|304|0|295|
170|319|96|1|304|0|295|
170|319|96|1|304|0|295|
170|315|192|1|304|0|295|
170|316|96|1|304|0|295|
170|316|192|1|304|0|295|
170|318|192|1|303|0|295|
170|315|96|1|303|0|295|
170|318|288|1|304|0|295|
170|318|192|1|304|0|295|
170|318|192|1|303|0|295|
170|315|192|1|304|0|295|
170|318|192|1|303|0|295|
170|318|192|1|303|0|295|
170|315|192|1|304|0|295|
170|313|96|1|301|0|294|
170|318|192|1|304|0|295|
170|318|192|1|303|0|295|
170|318|192|1|303|0|295|
170|316|192|1|305|0|295|
170|315|192|1|303|0|295|
170|318|192|1|303|0|295|
170|315|192|1|303|0|295|
170|318|192|1|303|0|295|
170|313|192|1|301|0|294|
170|315|192|1|304|0|295|
170|315|192|1|303|0|295|
170|318|96|1|303|0|295|
170|318|96|1|303|0|295|
170|315|192|1|304|0|295|
170|318|96|1|303|0|295|
170|318|96|1|303|0|295|
170|315|192|1|303|0|295|
170|330|192|1|304|0|295|
170|319|192|1|303|0|295|
170|319|192|1|304|0|295|
170|319|96|1|304|0|295|
170|313|96|1|301|0|294|
170|315|192|1|304|0|295|
170|319|96|1|304|0|295|
170|319|96|1|304|0|295|
170|319|192|1|304|0|295|
170|316|192|1|304|0|295|
170|319|192|1|304|0|295|
170|316|192|1|304|0|295|
170|316|192|1|304|0|295|
170|261|96|1|271|0|290|
170|318|192|1|304|0|295|
170|315|192|1|304|0|295|
170|319|192|1|304|0|295|
170|319|288|1|304|0|295|
170|316|192|1|304|0|295|
170|266|192|1|272|0|293|
170|318|192|1|304|0|295|
170|319|96|1|304|0|295|
170|315|96|1|303|0|295|
170|315|96|1|303|0|295|
170|266|192|1|272|0|293|
170|318|96|1|304|0|295|
170|318|192|1|303|0|295|
170|315|192|1|303|0|295|
170|315|192|1|304|0|295|
170|315|192|1|303|0|295|
170|266|192|1|272|0|293|
170|318|96|1|304|0|295|
170|319|192|1|304|0|295|
170|316|192|1|304|0|295|
170|316|192|1|304|0|295|
170|316|192|1|304|0|295|
170|315|192|1|303|0|295|
170|315|96|1|304|0|295|
170|315|192|1|303|0|295|
170|263|96|1|272|0|293|
170|318|192|1|303|0|295|
170|319|192|1|304|0|295|
170|318|192|1|303|0|295|
170|265|96|1|272|0|293|
170|316|192|1|304|0|295|
170|316|192|1|304|0|295|
170|318|192|1|304|0|295|
170|317|96|1|304|0|295|
170|315|96|1|304|0|295|
170|316|192|1|304|0|295|
170|316|96|1|304|0|295|
170|266|96|1|272|0|293|
170|263|96|1|272|0|293|
170|318|192|1|304|0|295|
170|263|96|1|272|0|293|
170|315|192|1|303|0|295|
170|313|96|1|301|0|294|
170|316|192|1|303|0|295|
170|318|96|1|303|0|295|
170|316|192|1|305|0|295|
170|265|96|1|272|0|293|
170|265|96|1|272|0|293|
170|319|192|1|304|0|295|
170|263|96|1|272|0|293|
170|319|192|1|304|0|295|
170|319|192|1|304|0|295|
170|318|192|1|303|0|295|
170|318|288|1|303|0|295|
170|316|96|1|304|0|295|
170|316|192|1|304|0|295|
170|319|192|1|304|0|295|
170|318|96|1|304|0|295|
170|315|192|1|304|0|295|
170|316|96|1|304|0|295|
170|316|96|1|304|0|295|
170|316|192|1|304|0|295|
170|315|192|1|304|0|295|
170|316|96|1|304|0|295|
170|319|288|1|304|0|295|
170|318|192|1|304|0|295|
170|318|96|1|304|0|295|
170|316|192|1|304|0|295|
170|263|192|1|272|0|293|
170|319|96|1|305|0|295|
170|318|192|1|303|0|295|
170|315|288|1|303|0|295|
170|315|96|1|303|0|295|
170|318|96|1|303|0|295|
170|319|96|1|305|0|295|
170|316|192|1|305|0|295|
170|319|192|1|305|0|295|
170|318|192|1|303|0|295|
170|315|192|1|303|0|295|
170|347|192|1|332|0|295|
170|315|96|1|304|0|295|
170|315|192|1|303|0|295|
170|319|192|1|304|0|295|
170|315|96|1|303|0|295|
170|265|192|1|272|0|293|
170|319|96|1|304|0|295|
170|319|192|1|304|0|295|
170|263|96|1|272|0|293|
170|262|96|1|272|0|293|
170|316|192|1|304|0|295|
170|316|192|1|304|0|295|
170|316|96|1|304|0|295|
170|319|192|1|304|0|295|
170|316|192|1|304|0|295|
170|316|96|1|304|0|295|
170|315|192|1|304|0|295|
170|265|96|1|272|0|293|
170|316|192|1|304|0|295|
170|316|96|1|304|0|295|
170|340|192|1|329|0|295|
170|316|192|1|304|0|295|
170|319|96|1|304|0|295|
170|266|96|1|272|0|293|
170|316|192|1|304|0|295|
170|318|192|1|304|0|295|
170|313|96|1|301|0|294|
170|315|192|1|303|0|295|
170|315|96|1|303|0|295|
170|265|96|1|272|0|293|
170|316|96|1|304|0|295|
170|319|192|1|304|0|295|
170|319|192|1|304|0|295|
170|266|96|1|272|0|293|
170|315|192|1|304|0|295|
170|316|192|1|304|0|295|
170|315|96|1|304|0|295|
170|318|192|1|304|0|295|
170|316|192|1|304|0|295|
170|316|96|1|304|0|295|
170|315|192|1|304|0|295|
170|266|96|1|272|0|293|
170|318|192|1|303|0|295|
170|315|96|1|304|0|295|
170|263|96|1|272|0|293|
170|319|96|1|304|0|295|
170|316|96|1|304|0|295|
170|316|192|1|304|0|295|
170|284|96|1|271|0|299|
170|345|192|1|333|0|295|
170|319|192|1|304|0|295|
170|316|192|1|304|0|295|
170|316|192|1|304|0|295|
170|265|192|1|272|0|293|
170|316|192|1|304|0|295|
170|319|192|1|304|0|295|
170|316|192|1|304|0|295|
170|316|192|1|304|0|295|
170|316|192|1|304|0|295|
170|316|192|1|304|0|295|
170|316|192|1|304|0|295|
170|263|96|1|272|0|293|
170|318|192|1|304|0|295|
170|318|96|1|303|0|295|
170|315|192|1|303|0|295|
170|319|192|1|304|0|295|
170|316|192|1|304|0|295|
170|315|192|1|303|0|295|
170|315|96|1|303|0|295|
170|266|96|1|272|0|293|
170|315|192|1|304|0|295|
170|315|192|1|303|0|295|
170|318|96|1|303|0|295|
170|315|192|1|303|0|295|
170|318|96|1|303|0|295|
170|315|96|1|303|0|295|
170|319|96|1|304|0|295|
170|319|192|1|305|0|295|
170|318|192|1|303|0|295|
170|319|192|1|304|0|295|
170|262|192|1|272|0|293|
170|318|192|1|304|0|295|
170|319|96|1|304|0|295|
170|319|192|1|304|0|295|
170|316|96|1|304|0|295|
170|315|96|1|304|0|295|
170|263|96|1|272|0|293|
170|319|192|1|304|0|295|
170|315|192|1|304|0|295|
170|315|96|1|304|0|295|
170|318|192|1|304|0|295|
170|261|96|1|271|0|289|
170|315|192|1|304|0|295|
170|315|96|1|304|0|295|
170|316|192|1|304|0|295|
170|316|192|1|304|0|295|
170|316|96|1|304|0|295|
170|316|192|1|304|0|295|
170|316|192|1|304|0|295|
170|316|192|1|304|0|295|
170|315|192|1|303|0|295|
170|318|192|1|303|0|295|
170|315|192|1|304|0|295|
170|315|192|1|304|0|295|
170|315|96|1|303|0|295|
170|271|192|1|272|0|293|
170|316|192|1|304|0|295|
170|316|288|1|304|0|295|
170|318|192|1|303|0|295|
170|319|192|1|304|0|295|
170|316|192|1|304|0|295|
170|316|192|1|305|0|295|
170|315|96|1|304|0|295|
170|318|96|1|303|0|295|
170|266|192|1|272|0|293|
170|322|192|1|305|0|295|
170|315|192|1|304|0|295|
170|315|192|1|303|0|295|
170|318|96|1|303|0|295|
170|332|192|1|320|0|295|
170|318|192|1|303|0|295|
170|315|192|1|303|0|295|
170|318|96|1|303|0|295|
170|318|192|1|303|0|295|
170|318|96|1|304|0|295|
170|265|192|1|272|0|293|
170|316|96|1|304|0|295|
170|266|96|1|272|0|293|
170|319|96|1|304|0|295|
170|319|192|1|304|0|295|
170|265|192|1|272|0|293|
170|315|192|1|304|0|295|
170|316|96|1|304|0|295|
170|316|96|1|304|0|295|
170|263|96|1|272|0|293|
170|315|96|1|303|0|295|
170|266|96|1|272|0|293|
170|316|96|1|304|0|295|
170|319|192|1|304|0|295|
170|315|96|1|304|0|295|
170|265|192|1|272|0|293|
170|315|192|1|304|0|295|
170|319|192|1|304|0|295|
170|319|192|1|304|0|295|
170|316|192|1|304|0|295|
170|318|96|1|304|0|295|
170|266|192|1|272|0|293|
170|317|96|1|305|0|295|
170|315|192|1|303|0|295|
170|315|96|1|304|0|295|
170|318|192|1|303|0|295|
170|316|288|1|305|0|295|
170|265|96|1|272|0|293|
170|315|96|1|304|0|295|
170|319|192|1|304|0|295|
170|320|192|1|304|0|295|
170|315|192|1|304|0|295|
170|266|192|1|272|0|293|
170|316|192|1|304|0|295|
170|315|288|1|304|0|295|
170|315|192|1|304|0|295|
170|262|96|1|272|0|293|
170|316|192|1|304|0|295|
170|266|96|1|272|0|293|
170|264|96|1|271|0|290|
170|318|96|1|304|0|295|
170|319|192|1|304|0|295|
170|319|192|1|304|0|295|
170|316|96|1|304|0|295|
170|318|192|1|304|0|295|
170|316|96|1|304|0|295|
170|318|96|1|303|0|295|
170|265|96|1|272|0|293|
170|315|96|1|303|0|295|
170|318|192|1|303|0|295|
170|315|96|1|303|0|295|
170|318|96|1|303|0|295|
170|319|192|1|305|0|295|
170|315|192|1|303|0|295|
170|318|192|1|303|0|295|
170|318|192|1|303|0|295|
170|318|192|1|303|0|295|
170|263|96|1|272|0|293|
170|319|192|1|304|0|295|
170|263|192|1|272|0|293|
170|319|96|1|304|0|295|
170|316|192|1|304|0|295|
170|319|96|1|304|0|295|
170|316|192|1|304|0|295|
170|266|96|1|272|0|293|
170|318|192|1|304|0|295|
170|313|192|1|301|0|294|
170|263|96|1|272|0|293|
170|319|192|1|304|0|295|
170|316|96|1|304|0|295|
170|316|192|1|304|0|295|
170|316|192|1|304|0|295|
170|263|192|1|272|0|293|
170|316|96|1|304|0|295|
170|319|192|1|304|0|295|
170|316|192|1|304|0|295|
170|315|96|1|303|0|295|
170|315|192|1|303|0|295|
170|318|192|1|303|0|295|
170|266|288|1|272|0|293|
170|266|192|1|272|0|293|
170|316|192|1|305|0|295|
170|315|96|1|303|0|295|
170|315|192|1|303|0|295|
170|315|192|1|303|0|295|
170|266|192|1|272|0|293|
170|316|96|1|304|0|295|
170|316|192|1|304|0|295|
170|316|96|1|305|0|295|
170|316|96|1|305|0|295|
170|316|96|1|304|0|295|
170|263|192|1|272|0|293|
170|315|96|1|304|0|295|
170|319|192|1|304|0|295|
170|316|192|1|304|0|295|
170|316|96|1|305|0|295|
170|318|192|1|303|0|295|
170|318|192|1|303|0|295|
170|315|288|1|303|0|295|
170|318|192|1|303|0|295|
170|263|192|1|272|0|293|
170|318|96|1|303|0|295|
170|315|192|1|303|0|295|
170|316|192|1|305|0|295|
170|316|96|1|305|0|295|
170|315|96|1|304|0|295|
170|315|96|1|303|0|295|
170|316|192|1|305|0|295|
170|319|192|1|305|0|295|
170|315|96|1|304|0|295|
170|315|96|1|303|0|295|
170|318|192|1|303|0|295|
170|315|96|1|303|0|295|
170|265|192|1|272|0|293|
170|316|192|1|304|0|295|
170|265|96|1|272|0|293|
170|265|96|1|272|0|293|
170|319|192|1|304|0|295|
170|315|96|1|304|0|295|
170|319|192|1|304|0|295|
170|316|192|1|304|0|295|
170|316|192|1|304|0|295|
170|262|192|1|272|0|293|
170|318|192|1|304|0|295|
170|318|192|1|304|0|295|
170|318|96|1|304|0|295|
170|266|288|1|272|0|293|
170|319|192|1|304|0|295|
170|316|192|1|304|0|295|
170|319|192|1|304|0|295|
170|266|288|1|272|0|293|
170|316|192|1|304|0|295|
170|315|192|1|304|0|295|
170|316|192|1|304|0|295|
170|319|192|1|304|0|295|
170|316|96|1|304|0|295|
170|315|192|1|304|0|295|
170|319|96|1|304|0|295|
170|315|96|1|304|0|295|
170|316|192|1|304|0|295|
170|316|192|1|304|0|295|
170|316|96|1|304|0|295|
170|315|96|1|303|0|295|
170|315|96|1|304|0|295|
170|315|96|1|303|0|295|
170|266|96|1|272|0|293|
170|316|96|1|304|0|295|
170|316|96|1|305|0|295|
170|318|96|1|304|0|295|
170|265|96|1|272|0|293|
170|315|192|1|303|0|295|
170|318|192|1|304|0|295|
170|316|192|1|304|0|295|
170|316|96|1|302|0|291|
170|318|192|1|303|0|295|
170|318|192|1|303|0|295|
170|266|192|1|272|0|293|
170|319|192|1|304|0|295|
170|317|192|1|304|0|295|
170|319|96|1|304|0|295|
170|316|192|1|304|0|295|
170|316|192|1|304|0|295|
170|316|96|1|304|0|295|
170|319|192|1|304|0|295|
170|316|96|1|304|0|295|
170|265|96|1|272|0|293|
170|316|192|1|304|0|295|
170|319|96|1|304|0|295|
170|266|96|1|272|0|293|
170|316|288|1|304|0|295|
170|319|96|1|304|0|295|
170|319|96|1|304|0|295|
170|316|96|1|304|0|295|
170|316|96|1|304|0|295|
170|316|96|1|304|0|295|
170|318|288|1|304|0|295|
170|316|96|1|304|0|295|
170|319|192|1|304|0|295|
170|316|288|1|304|0|295|
170|316|192|1|304|0|295|
170|316|96|1|304|0|295|
170|263|288|1|272|0|293|
170|319|96|1|304|0|295|
170|316|192|1|304|0|295|
170|318|192|1|304|0|295|
170|316|192|1|304|0|295|
170|316|96|1|304|0|295|
170|316|96|1|304|0|295|
170|316|192|1|304|0|295|
170|316|192|1|304|0|295|
170|316|192|1|304|0|295|
170|315|96|1|304|0|295|
170|315|192|1|304|0|295|
170|316|96|1|305|0|295|
170|315|192|1|303|0|295|
170|321|192|1|307|0|297|
170|315|192|1|303|0|295|
170|318|192|1|303|0|295|
170|315|192|1|304|0|295|
170|315|96|1|303|0|295|
170|315|192|1|303|0|295|
170|318|192|1|304|0|295|
170|315|192|1|304|0|295|
170|315|192|1|303|0|295|
170|315|96|1|303|0|295|
170|318|96|1|303|0|295|
170|318|192|1|304|0|295|
170|318|192|1|303|0|295|
170|315|96|1|303|0|295|
170|315|96|1|303|0|295|
170|269|288|1|272|0|293|
170|315|192|1|304|0|295|
170|319|192|1|304|0|295|
170|319|96|1|304|0|295|
170|319|192|1|304|0|295|
170|315|192|1|304|0|295|
170|315|96|1|304|0|295|
170|316|192|1|304|0|295|
170|318|192|1|304|0|295|
170|316|192|1|304|0|295|
170|318|96|1|304|0|295|
170|318|192|1|303|0|295|
170|318|192|1|303|0|295|
170|265|192|1|272|0|293|
170|318|192|1|304|0|295|
170|315|96|1|304|0|295|
170|265|192|1|272|0|293|
170|316|192|1|304|0|295|
170|315|192|1|304|0|295|
170|266|96|1|272|0|293|
170|315|96|1|303|0|295|
170|319|192|1|305|0|295|
170|315|192|1|304|0|295|
170|319|192|1|305|0|295|
170|316|96|1|304|0|295|
170|266|96|1|272|0|293|
170|319|192|1|304|0|295|
170|318|96|1|304|0|295|
170|263|192|1|270|0|292|
170|319|192|1|304|0|295|
170|316|192|1|304|0|295|
170|313|96|1|301|0|294|
170|319|192|1|304|0|295|
170|318|192|1|303|0|295|
170|318|192|1|303|0|295|
170|265|96|1|272|0|293|
170|316|192|1|304|0|295|
170|319|192|1|304|0|295|
170|263|96|1|272|0|293|
170|319|96|1|304|0|295|
170|315|192|1|304|0|295|
170|265|96|1|272|0|293|
170|319|96|1|304|0|295|
170|316|96|1|304|0|295|
170|265|192|1|272|0|293|
170|316|192|1|304|0|295|
170|316|192|1|304|0|295|
170|316|192|1|304|0|295|
170|265|192|1|272|0|293|
170|322|192|1|304|0|295|
170|265|96|1|272|0|293|
170|265|192|1|272|0|293|
170|319|192|1|304|0|295|
170|266|192|1|272|0|293|
170|263|96|1|272|0|293|
170|316|192|1|304|0|295|
170|315|192|1|304|0|295|
170|315|192|1|303|0|295|
170|328|96|1|316|0|295|
170|316|192|1|304|0|295|
170|313|96|1|301|0|294|
170|265|192|1|272|0|293|
170|319|96|1|304|0|295|
170|323|96|1|304|0|295|
170|316|96|1|304|0|295|
170|318|192|1|304|0|295|
170|316|96|1|304|0|295|
170|316|192|1|305|0|295|
170|315|192|1|303|0|295|
170|318|96|1|304|0|295|
170|318|96|1|304|0|295|
170|315|192|1|303|0|295|
170|318|192|1|304|0|295|
170|317|192|1|304|0|295|
170|313|192|1|301|0|294|
170|315|96|1|303|0|295|
170|319|192|1|305|0|295|
170|318|192|1|303|0|295|
170|266|96|1|272|0|293|
170|316|192|1|304|0|295|
170|315|192|1|304|0|295|
170|315|192|1|303|0|295|
170|315|192|1|303|0|295|
170|318|192|1|304|0|295|
170|318|192|1|304|0|295|
170|315|192|1|304|0|295|
170|315|96|1|303|0|295|
170|265|192|1|272|0|293|
170|318|192|1|304|0|295|
170|315|192|1|303|0|295|
170|318|192|1|303|0|295|
170|315|192|1|303|0|295|
170|315|96|1|304|0|295|
170|315|192|1|304|0|295|
170|315|192|1|303|0|295|
170|315|96|1|304|0|295|
170|318|192|1|303|0|295|
170|315|192|1|303|0|295|
170|266|96|1|272|0|293|
170|318|192|1|303|0|295|
170|315|96|1|304|0|295|
170|318|192|1|303|0|295|
170|315|96|1|303|0|295|
170|315|96|1|304|0|295|
170|315|192|1|303|0|295|
170|318|192|1|304|0|295|
170|318|192|1|303|0|295|
170|318|192|1|303|0|295|
170|318|192|1|303|0|295|
170|263|96|1|272|0|293|
170|315|192|1|303|0|295|
170|318|192|1|304|0|295|
170|316|192|1|304|0|295|
170|315|192|1|304|0|295|
170|319|192|1|304|0|295|
170|266|96|1|272|0|293|
170|265|192|1|272|0|293|
170|316|192|1|304|0|295|
170|316|192|1|304|0|295|
170|319|192|1|304|0|295|
170|319|192|1|304|0|295|
170|318|192|1|303|0|295|
170|319|192|1|304|0|295|
170|316|192|1|304|0|295|
170|319|192|1|304|0|295|
170|318|192|1|303|0|295|
170|319|192|1|304|0|295|
170|318|96|1|304|0|295|
170|266|96|1|272|0|293|
170|315|192|1|303|0|295|
170|315|192|1|303|0|295|
170|315|96|1|303|0|295|
170|315|192|1|303|0|295|
170|318|96|1|303|0|295|
170|315|192|1|303|0|295|
170|318|96|1|303|0|295|
170|318|192|1|304|0|295|
170|318|96|1|303|0|295|
170|315|192|1|304|0|295|
170|315|192|1|304|0|295|
170|318|96|1|303|0|295|
170|315|192|1|303|0|295|
170|315|96|1|303|0|295|
170|318|192|1|303|0|295|
170|315|192|1|304|0|295|
170|315|192|1|303|0|295|
170|335|96|1|324|0|295|
170|319|192|1|304|0|295|
170|316|192|1|304|0|295|
170|316|192|1|304|0|295|
170|316|96|1|304|0|295|
170|316|192|1|304|0|295|
170|316|192|1|304|0|295|
170|318|192|1|304|0|295|
170|316|96|1|304|0|295|
170|316|192|1|304|0|295|
170|319|96|1|304|0|295|
170|316|192|1|304|0|295|
170|265|96|1|272|0|293|
170|265|96|1|272|0|293|
170|316|96|1|304|0|295|
170|316|192|1|304|0|295|
170|315|192|1|304|0|295|
170|319|192|1|304|0|295|
170|316|192|1|304|0|295|
170|315|192|1|304|0|295|
170|316|192|1|304|0|295|
170|318|192|1|304|0|295|
170|315|192|1|304|0|295|
170|316|192|1|304|0|295|
170|318|96|1|304|0|295|
170|316|96|1|304|0|295|
170|263|96|1|272|0|293|
170|315|192|1|303|0|295|
170|315|192|1|303|0|295|
170|315|192|1|304|0|295|
170|319|96|1|304|0|295|
170|265|96|1|272|0|293|
170|315|192|1|303|0|295|
170|316|192|1|304|0|295|
170|318|192|1|304|0|295|
170|318|192|1|304|0|295|
170|316|192|1|304|0|295|
170|320|96|1|304|0|295|
170|316|96|1|304|0|295|
170|316|96|1|304|0|295|
170|316|96|1|304|0|295|
170|319|192|1|304|0|295|
170|316|96|1|304|0|295|
170|315|192|1|304|0|295|
170|316|96|1|304|0|295|
170|319|192|1|304|0|295|
170|319|192|1|305|0|295|
170|316|192|1|304|0|295|
170|315|96|1|303|0|295|
170|316|96|1|304|0|295|
170|265|96|1|272|0|293|
170|265|96|1|272|0|293|
170|318|192|1|303|0|295|
170|318|192|1|303|0|295|
170|316|96|1|305|0|295|
170|316|192|1|305|0|295|
170|262|96|1|272|0|293|
170|319|192|1|304|0|295|
170|318|192|1|304|0|295|
170|315|96|1|304|0|295|
170|315|192|1|304|0|295|
170|319|192|1|304|0|295|
170|315|192|1|304|0|295|
170|316|96|1|304|0|295|
170|263|96|1|272|0|293|
170|266|192|1|272|0|293|
170|316|192|1|304|0|295|
170|319|192|1|304|0|295|
170|315|192|1|304|0|295|
170|315|192|1|304|0|295|
170|316|96|1|304|0|295|
170|263|96|1|272|0|293|
170|319|192|1|304|0|295|
170|319|192|1|304|0|295|
170|319|192|1|304|0|295|
170|316|96|1|304|0|295|
170|318|192|1|304|0|295|
170|316|96|1|304|0|295|
170|318|96|1|304|0|295|
170|315|192|1|304|0|295|
170|319|192|1|305|0|295|
170|265|288|1|272|0|293|
170|316|96|1|304|0|295|
170|317|96|1|304|0|295|
170|318|96|1|304|0|295|
170|316|192|1|305|0|295|
170|316|192|1|305|0|295|
170|263|96|1|272|0|293|
170|316|96|1|304|0|295|
170|265|96|1|272|0|293|
170|313|96|1|301|0|294|
170|316|192|1|304|0|295|
170|318|192|1|304|0|295|
170|316|192|1|304|0|295|
170|315|192|1|304|0|295|
170|318|192|1|303|0|295|
170|318|192|1|303|0|295|
170|319|192|1|304|0|295|
170|318|192|1|304|0|295|
170|315|192|1|304|0|295|
170|316|192|1|304|0|295|
170|319|192|1|304|0|295|
170|318|192|1|304|0|295|
170|266|192|1|272|0|293|
170|319|96|1|304|0|295|
170|316|192|1|304|0|295|
170|318|192|1|304|0|295|
170|316|192|1|304|0|295|
170|316|192|1|304|0|295|
170|319|192|1|304|0|295|
170|319|192|1|304|0|295|
170|318|192|1|304|0|295|
170|318|192|1|304|0|295|
170|319|192|1|304|0|295|
170|316|96|1|304|0|295|
170|319|192|1|304|0|295|
170|319|192|1|304|0|295|
170|266|96|1|272|0|293|
170|316|192|1|304|0|295|
170|315|192|1|303|0|295|
170|319|96|1|304|0|295|
170|319|96|1|305|0|295|
170|319|96|1|304|0|295|
170|319|96|1|304|0|295|
170|316|192|1|305|0|295|
170|319|192|1|305|0|295|
170|318|96|1|303|0|295|
170|318|192|1|303|0|295|
170|315|192|1|304|0|295|
170|317|192|1|304|0|295|
170|316|192|1|304|0|295|
170|315|96|1|304|0|295|
170|316|192|1|304|0|295|
170|319|192|1|304|0|295|
170|316|192|1|304|0|295|
170|265|96|1|272|0|293|
170|319|192|1|305|0|295|
170|315|96|1|304|0|295|
170|316|192|1|304|0|295|
170|319|96|1|305|0|295|
170|315|192|1|303|0|295|
170|315|96|1|303|0|295|
170|318|192|1|303|0|295|
170|266|288|1|272|0|293|
170|318|192|1|303|0|295|
170|313|96|1|301|0|294|
170|316|192|1|304|0|295|
170|319|192|1|304|0|295|
170|318|192|1|304|0|295|
170|316|192|1|304|0|295|
170|316|96|1|304|0|295|
170|316|96|1|304|0|295|
170|316|192|1|304|0|295|
170|315|192|1|304|0|295|
170|316|96|1|304|0|295|
170|319|192|1|304|0|295|
170|263|192|1|272|0|293|
170|266|96|1|272|0|293|
170|319|192|1|304|0|295|
170|319|192|1|304|0|295|
170|266|96|1|272|0|293|
170|318|96|1|304|0|295|
170|319|192|1|304|0|295|
170|315|96|1|304|0|295|
170|316|192|1|304|0|295|
170|316|96|1|304|0|295|
170|316|192|1|305|0|295|
170|318|192|1|303|0|295|
