INSTRUCTIONS_RETIRED|CYCLES|UNKNOWN|LD_BLOCKS.STORE_FORWARD|UOPS_EXECUTED.THREAD|BR_MISP_RETIRED.ALL_BRANCHES|UOPS_RETIRED.ANY|
136|314|192|1|299|0|261|
136|284|96|1|269|0|261|
136|281|96|1|269|0|261|
136|284|96|1|270|0|261|
136|447|192|1|488|0|471|
136|282|192|1|269|0|261|
136|281|96|1|269|0|261|
136|281|96|1|269|0|261|
136|282|96|1|271|0|261|
136|284|192|1|269|0|261|
136|282|96|1|268|0|257|
136|232|96|1|238|0|259|
136|495|192|1|522|0|470|
136|285|192|1|270|0|261|
136|282|192|1|270|0|261|
136|285|96|1|270|0|261|
136|283|96|1|270|0|261|
136|496|192|1|518|0|473|
136|285|96|1|270|0|261|
136|229|96|1|238|0|259|
136|448|288|1|488|0|471|
136|285|96|1|270|0|261|
136|285|96|1|270|0|261|
136|495|288|1|519|0|473|
136|282|192|1|267|0|260|
136|297|96|1|271|0|261|
136|285|192|1|270|0|261|
136|282|96|1|270|0|261|
136|283|192|1|270|0|257|
136|281|96|1|269|0|261|
136|501|192|1|519|0|473|
136|282|288|1|269|0|261|
136|282|96|1|267|0|260|
136|496|192|1|522|0|470|
136|439|192|1|488|0|471|
136|285|192|1|270|0|261|
136|492|288|1|518|0|473|
136|232|192|1|238|0|259|
136|284|192|1|270|0|261|
136|498|288|1|520|0|473|
136|285|192|1|270|0|261|
136|228|96|1|238|0|259|
136|284|192|1|269|0|261|
136|281|96|1|270|0|261|
136|281|192|1|270|0|261|
136|284|96|1|269|0|261|
136|282|96|1|269|0|261|
136|284|192|1|270|0|261|
136|492|192|1|518|0|473|
136|285|192|1|270|0|261|
136|284|192|1|270|0|261|
136|285|192|1|270|0|261|
136|494|288|1|520|0|473|
136|284|192|1|270|0|261|
136|285|96|1|270|0|261|
136|496|288|1|523|0|470|
136|493|288|1|518|0|473|
136|284|96|1|270|0|261|
136|284|96|1|270|0|261|
136|285|192|1|270|0|261|
136|284|192|1|270|0|261|
136|496|288|1|518|0|473|
136|285|192|1|270|0|261|
136|285|192|1|270|0|261|
136|284|192|1|270|0|261|
136|502|192|1|523|0|473|
136|285|96|1|270|0|261|
136|285|192|1|270|0|261|
136|285|192|1|270|0|261|
136|284|288|1|270|0|261|
136|494|192|1|522|0|470|
136|281|96|1|270|0|261|
136|286|96|1|271|0|261|
136|442|288|1|489|0|471|
136|281|96|1|270|0|261|
136|282|96|1|270|0|261|
136|330|192|1|271|0|263|
136|497|288|1|527|0|470|
136|284|96|1|269|0|261|
136|281|192|1|269|0|261|
136|232|96|1|238|0|259|
136|285|192|1|270|0|261|
136|281|192|1|269|0|261|
136|281|192|1|270|0|261|
136|285|96|1|270|0|261|
136|284|96|1|269|0|261|
136|493|288|1|521|0|470|
136|285|192|1|270|0|261|
136|285|192|1|270|0|261|
136|282|96|1|270|0|261|
136|492|192|1|520|0|466|
136|285|96|1|270|0|261|
136|284|96|1|270|0|261|
136|284|192|1|269|0|261|
136|492|192|1|522|0|470|
136|285|192|1|270|0|261|
136|284|192|1|269|0|261|
136|281|96|1|269|0|261|
136|285|288|1|271|0|261|
136|496|288|1|523|0|470|
136|285|192|1|270|0|261|
136|229|96|1|238|0|259|
136|281|96|1|270|0|261|
136|496|192|1|519|0|473|
136|281|96|1|269|0|261|
136|285|192|1|270|0|261|
136|232|192|1|238|0|259|
136|285|288|1|270|0|261|
136|285|96|1|270|0|261|
136|282|192|1|270|0|261|
136|281|192|1|270|0|261|
136|443|288|1|492|0|468|
136|281|192|1|270|0|261|
136|282|192|1|270|0|261|
136|492|288|1|522|0|470|
136|281|96|1|270|0|261|
136|285|96|1|270|0|261|
136|232|96|1|238|0|259|
136|284|96|1|270|0|261|
136|232|192|1|238|0|259|
136|494|288|1|524|0|470|
136|487|288|1|520|0|466|
136|231|96|1|238|0|259|
136|281|96|1|269|0|261|
136|496|192|1|519|0|473|
136|494|288|1|518|0|473|
136|282|192|1|269|0|261|
136|285|96|1|270|0|261|
136|285|192|1|270|0|261|
136|282|96|1|270|0|261|
136|285|96|1|270|0|261|
136|494|288|1|520|0|473|
136|285|192|1|270|0|261|
136|285|96|1|270|0|261|
136|495|192|1|517|0|473|
136|282|96|1|270|0|261|
136|285|96|1|270|0|261|
136|495|288|1|521|0|470|
136|285|192|1|270|0|261|
136|229|96|1|238|0|259|
136|281|192|1|270|0|261|
136|282|96|1|270|0|261|
136|497|288|1|520|0|470|
136|282|192|1|270|0|261|
136|284|96|1|269|0|261|
136|285|96|1|270|0|261|
136|284|96|1|269|0|261|
136|495|288|1|518|0|473|
136|497|288|1|517|0|472|
136|285|96|1|270|0|261|
136|282|96|1|271|0|261|
136|499|192|1|527|0|470|
136|499|288|1|523|0|470|
136|285|192|1|271|0|261|
136|285|96|1|271|0|261|
136|493|192|1|523|0|470|
136|282|96|1|269|0|261|
136|228|96|1|238|0|259|
136|493|288|1|522|0|470|
136|443|192|1|487|0|471|
136|281|96|1|269|0|261|
136|281|192|1|270|0|261|
136|497|192|1|518|0|473|
136|232|96|1|238|0|259|
136|284|96|1|270|0|261|
136|281|192|1|270|0|261|
136|498|384|1|524|0|470|
136|495|288|1|523|0|470|
136|281|96|1|269|0|261|
136|285|192|1|271|0|261|
136|498|192|1|521|0|470|
136|446|192|1|491|0|471|
136|284|96|1|270|0|261|
136|441|192|1|489|0|468|
136|285|192|1|270|0|261|
136|285|96|1|270|0|261|
136|281|96|1|270|0|261|
136|497|288|1|522|0|470|
136|498|192|1|520|0|473|
136|497|192|1|521|0|473|
136|497|288|1|520|0|473|
136|285|96|1|270|0|261|
136|232|96|1|238|0|259|
136|281|192|1|270|0|261|
136|283|192|1|270|0|261|
136|492|192|1|522|0|470|
136|497|192|1|519|0|473|
136|284|192|1|270|0|261|
136|286|192|1|270|0|261|
136|490|192|1|517|0|473|
136|495|192|1|518|0|473|
136|281|96|1|269|0|261|
136|302|192|1|287|0|261|
136|281|192|1|269|0|261|
136|284|192|1|269|0|261|
136|498|192|1|524|0|470|
136|442|192|1|487|0|471|
136|285|96|1|270|0|261|
136|282|192|1|270|0|261|
136|285|96|1|270|0|261|
136|497|288|1|523|0|470|
136|285|96|1|270|0|261|
136|283|96|1|270|0|261|
136|285|192|1|270|0|261|
136|498|288|1|523|0|470|
136|283|96|1|270|0|261|
136|285|96|1|270|0|261|
136|228|96|1|238|0|259|
136|285|96|1|270|0|261|
136|282|96|1|270|0|261|
136|284|192|1|270|0|261|
136|499|192|1|523|0|470|
136|498|192|1|520|0|473|
136|285|192|1|270|0|261|
136|285|96|1|270|0|261|
136|281|192|1|270|0|261|
136|497|192|1|521|0|473|
136|494|192|1|519|0|473|
136|284|96|1|270|0|261|
136|285|192|1|270|0|261|
136|282|192|1|270|0|261|
136|498|192|1|520|0|473|
136|231|96|1|238|0|259|
136|497|384|1|524|0|470|
136|284|192|1|270|0|261|
136|285|192|1|270|0|261|
136|496|288|1|519|0|473|
136|282|96|1|270|0|261|
136|285|96|1|270|0|261|
136|286|96|1|270|0|261|
136|499|288|1|523|0|470|
136|285|192|1|270|0|261|
136|283|192|1|270|0|261|
136|284|192|1|270|0|261|
136|284|192|1|270|0|261|
136|494|288|1|518|0|473|
136|281|192|1|270|0|261|
136|497|192|1|517|0|473|
136|282|96|1|270|0|261|
136|285|288|1|271|0|261|
136|313|192|1|300|0|261|
136|285|96|1|270|0|261|
136|282|192|1|270|0|261|
136|489|288|1|518|0|470|
136|282|192|1|267|0|260|
136|285|96|1|270|0|261|
136|285|192|1|271|0|261|
136|284|192|1|270|0|261|
136|500|288|1|520|0|473|
136|281|192|1|269|0|261|
136|282|96|1|270|0|261|
136|499|288|1|523|0|470|
136|284|96|1|270|0|261|
136|228|96|1|238|0|259|
136|285|96|1|270|0|261|
136|497|288|1|519|0|473|
136|285|96|1|270|0|261|
136|282|96|1|270|0|261|
136|285|192|1|270|0|261|
136|496|288|1|523|0|470|
136|499|288|1|521|0|473|
136|285|192|1|270|0|261|
136|282|96|1|270|0|261|
136|232|96|1|238|0|259|
136|493|192|1|520|0|468|
136|232|96|1|238|0|259|
136|285|192|1|270|0|261|
136|293|192|1|269|0|261|
136|495|288|1|521|0|470|
136|281|96|1|269|0|261|
136|282|192|1|271|0|261|
136|494|288|1|521|0|469|
136|499|288|1|521|0|473|
136|285|96|1|271|0|261|
136|285|96|1|271|0|261|
136|495|192|1|522|0|470|
136|494|288|1|517|0|469|
136|282|96|1|271|0|261|
136|282|192|1|270|0|261|
136|285|192|1|271|0|261|
136|491|192|1|521|0|470|
136|499|192|1|519|0|473|
136|285|192|1|270|0|261|
136|232|96|1|238|0|259|
136|285|192|1|270|0|261|
136|499|288|1|524|0|470|
136|282|192|1|270|0|261|
136|285|96|1|270|0|261|
136|495|192|1|520|0|473|
136|282|192|1|270|0|261|
136|284|96|1|270|0|261|
136|494|192|1|521|0|470|
136|496|288|1|520|0|473|
136|282|192|1|270|0|261|
136|300|192|1|285|0|261|
136|285|192|1|270|0|261|
136|226|96|1|236|0|258|
136|283|96|1|270|0|261|
136|284|288|1|270|0|261|
136|282|96|1|270|0|261|
136|283|96|1|270|0|261|
136|446|192|1|493|0|468|
136|284|96|1|270|0|261|
136|285|96|1|271|0|261|
136|496|192|1|520|0|473|
136|229|192|1|238|0|259|
136|285|96|1|270|0|261|
136|231|96|1|238|0|259|
136|495|288|1|522|0|470|
136|285|96|1|270|0|261|
136|283|96|1|270|0|261|
136|285|96|1|270|0|261|
136|285|96|1|270|0|261|
136|497|192|1|519|0|473|
136|284|96|1|270|0|261|
136|285|96|1|270|0|261|
136|232|96|1|238|0|259|
136|283|192|1|270|0|261|
136|281|192|1|269|0|261|
136|282|96|1|270|0|261|
136|284|96|1|270|0|261|
136|497|192|1|526|0|470|
136|489|192|1|520|0|470|
136|228|192|1|238|0|259|
136|232|96|1|238|0|259|
136|281|192|1|269|0|261|
136|285|96|1|271|0|261|
136|441|288|1|490|0|471|
136|285|96|1|270|0|261|
136|497|192|1|524|0|470|
136|282|288|1|270|0|261|
136|285|96|1|270|0|261|
136|439|192|1|486|0|467|
136|494|192|1|516|0|472|
136|285|96|1|270|0|261|
136|285|96|1|270|0|261|
136|285|192|1|270|0|261|
136|285|96|1|270|0|261|
136|279|96|1|268|0|260|
136|442|192|1|490|0|468|
136|281|192|1|269|0|261|
136|281|192|1|269|0|261|
136|495|288|1|518|0|473|
136|282|96|1|271|0|261|
136|499|288|1|524|0|470|
136|284|192|1|269|0|261|
136|285|192|1|271|0|261|
136|286|192|1|271|0|261|
136|284|192|1|269|0|261|
136|497|288|1|520|0|473|
136|232|96|1|238|0|259|
136|228|96|1|238|0|259|
136|496|192|1|525|0|470|
136|496|384|1|519|0|473|
136|284|192|1|270|0|261|
136|232|96|1|238|0|259|
136|232|192|1|238|0|259|
136|281|96|1|269|0|261|
136|282|288|1|267|0|260|
136|281|192|1|269|0|261|
136|281|192|1|270|0|261|
136|282|96|1|270|0|261|
136|282|192|1|270|0|261|
136|284|96|1|269|0|261|
136|492|192|1|521|0|470|
136|446|192|1|488|0|471|
136|228|96|1|238|0|259|
136|285|96|1|270|0|261|
136|501|192|1|522|0|470|
136|282|192|1|268|0|257|
136|285|192|1|270|0|261|
136|232|96|1|238|0|259|
136|499|192|1|523|0|470|
136|496|192|1|517|0|473|
136|281|192|1|269|0|261|
136|281|96|1|269|0|261|
136|281|192|1|269|0|261|
136|231|192|1|238|0|259|
136|282|96|1|270|0|261|
136|228|96|1|238|0|259|
136|308|96|1|293|0|261|
136|231|96|1|238|0|259|
136|285|96|1|270|0|261|
136|501|288|1|523|0|473|
136|282|192|1|270|0|261|
136|281|192|1|269|0|261|
136|282|192|1|267|0|260|
136|440|192|1|489|0|468|
136|284|96|1|269|0|261|
136|281|96|1|269|0|261|
136|495|192|1|520|0|470|
136|229|192|1|238|0|259|
136|284|96|1|269|0|261|
136|282|192|1|269|0|261|
136|232|96|1|238|0|259|
136|282|96|1|269|0|261|
136|228|96|1|238|0|259|
136|285|192|1|270|0|261|
136|228|96|1|238|0|259|
136|282|96|1|270|0|261|
136|281|192|1|270|0|261|
136|285|96|1|270|0|261|
136|232|96|1|238|0|259|
136|302|96|1|287|0|261|
136|232|96|1|238|0|259|
136|285|96|1|270|0|261|
136|490|288|1|517|0|473|
136|493|192|1|520|0|473|
136|284|192|1|269|0|261|
136|284|96|1|269|0|261|
136|285|96|1|270|0|261|
136|494|192|1|522|0|470|
136|285|96|1|271|0|261|
136|232|96|1|238|0|259|
136|282|192|1|267|0|260|
136|231|96|1|238|0|259|
136|283|192|1|270|0|261|
136|285|96|1|270|0|261|
136|285|192|1|270|0|261|
136|496|192|1|518|0|473|
136|232|96|1|238|0|259|
136|282|192|1|270|0|261|
136|497|288|1|517|0|473|
136|310|192|1|298|0|261|
136|282|96|1|270|0|261|
136|500|288|1|519|0|473|
136|281|192|1|270|0|261|
136|281|192|1|270|0|261|
136|493|192|1|517|0|473|
136|284|96|1|269|0|261|
136|284|96|1|270|0|261|
136|281|96|1|269|0|261|
136|498|288|1|521|0|470|
136|285|96|1|271|0|261|
136|285|192|1|271|0|261|
136|282|192|1|269|0|261|
136|495|288|1|519|0|473|
136|232|96|1|238|0|259|
136|285|192|1|271|0|261|
136|285|96|1|270|0|261|
136|284|96|1|269|0|261|
136|283|96|1|271|0|261|
136|281|96|1|270|0|261|
136|282|96|1|270|0|261|
136|228|96|1|238|0|259|
136|285|192|1|270|0|261|
136|284|288|1|270|0|261|
136|282|192|1|270|0|261|
136|284|96|1|270|0|261|
136|281|96|1|270|0|261|
136|282|96|1|270|0|261|
136|285|96|1|270|0|261|
136|285|192|1|270|0|261|
136|282|96|1|270|0|261|
136|285|192|1|270|0|261|
136|285|192|1|270|0|261|
136|285|192|1|270|0|261|
136|285|96|1|270|0|261|
136|285|192|1|270|0|261|
136|284|96|1|269|0|261|
136|284|192|1|269|0|261|
136|281|192|1|269|0|261|
136|284|96|1|269|0|261|
136|284|192|1|269|0|261|
136|284|96|1|269|0|261|
136|281|96|1|269|0|261|
136|284|192|1|269|0|261|
136|229|192|1|238|0|259|
136|284|96|1|269|0|261|
136|284|96|1|269|0|261|
136|283|96|1|271|0|261|
136|282|96|1|271|0|261|
136|284|192|1|269|0|261|
136|281|96|1|269|0|261|
136|284|96|1|269|0|261|
136|281|96|1|269|0|261|
136|284|96|1|270|0|261|
136|281|96|1|269|0|261|
136|281|192|1|269|0|261|
136|281|192|1|269|0|261|
136|284|96|1|269|0|261|
136|281|96|1|269|0|261|
136|284|96|1|269|0|261|
136|291|192|1|271|0|261|
136|281|96|1|269|0|261|
136|232|96|1|238|0|259|
136|229|96|1|238|0|259|
136|284|96|1|270|0|261|
136|285|96|1|270|0|261|
136|285|96|1|270|0|261|
136|2966|1536|1|595|0|592|
136|285|192|1|270|0|261|
136|284|96|1|270|0|261|
136|229|96|1|238|0|259|
136|228|96|1|238|0|259|
136|288|96|1|270|0|261|
136|285|192|1|270|0|261|
136|282|96|1|270|0|261|
136|282|96|1|270|0|261|
136|232|96|1|238|0|259|
136|282|96|1|270|0|261|
136|281|96|1|270|0|261|
136|285|192|1|270|0|261|
136|283|192|1|270|0|261|
136|285|192|1|270|0|261|
136|283|96|1|270|0|261|
136|285|96|1|270|0|261|
136|285|192|1|270|0|261|
136|282|192|1|270|0|261|
136|281|96|1|269|0|261|
136|285|96|1|271|0|261|
136|284|192|1|269|0|261|
136|282|192|1|269|0|261|
136|285|192|1|271|0|261|
136|281|96|1|269|0|261|
136|232|96|1|238|0|259|
136|228|96|1|238|0|259|
136|282|96|1|270|0|261|
136|283|96|1|270|0|261|
136|285|96|1|270|0|261|
136|282|192|1|270|0|261|
136|283|192|1|270|0|261|
136|282|192|1|270|0|261|
136|282|96|1|270|0|261|
136|232|192|1|238|0|259|
136|282|192|1|270|0|261|
136|285|192|1|270|0|261|
136|232|96|1|238|0|259|
136|282|96|1|270|0|261|
136|282|96|1|270|0|261|
136|282|96|1|270|0|261|
136|285|192|1|270|0|261|
136|281|192|1|269|0|261|
136|281|96|1|269|0|261|
136|285|96|1|270|0|261|
136|282|192|1|270|0|261|
136|232|96|1|238|0|259|
136|285|96|1|270|0|261|
136|285|96|1|270|0|261|
136|280|192|1|267|0|260|
136|229|96|1|238|0|259|
136|282|192|1|270|0|261|
136|283|192|1|270|0|261|
136|281|96|1|270|0|261|
136|285|96|1|270|0|261|
136|285|192|1|270|0|261|
136|282|192|1|270|0|261|
136|284|192|1|269|0|261|
136|284|96|1|269|0|261|
136|284|96|1|269|0|261|
136|285|192|1|270|0|261|
136|281|96|1|269|0|261|
136|282|96|1|270|0|261|
136|282|96|1|270|0|261|
136|228|192|1|238|0|259|
136|282|192|1|270|0|261|
136|282|192|1|270|0|261|
136|285|192|1|270|0|261|
136|281|192|1|270|0|261|
136|285|192|1|270|0|261|
136|284|192|1|269|0|261|
136|283|192|1|269|0|261|
136|282|192|1|269|0|261|
136|284|192|1|269|0|261|
136|284|96|1|269|0|261|
136|284|96|1|269|0|261|
136|281|96|1|269|0|261|
136|284|192|1|270|0|261|
136|284|96|1|270|0|261|
136|284|96|1|270|0|261|
136|232|192|1|238|0|259|
136|281|192|1|270|0|261|
136|284|192|1|270|0|261|
136|285|96|1|270|0|261|
136|285|96|1|270|0|261|
136|229|96|1|238|0|259|
136|282|96|1|270|0|261|
136|282|192|1|270|0|261|
136|285|192|1|270|0|261|
136|285|192|1|270|0|261|
136|282|96|1|270|0|261|
136|285|96|1|270|0|261|
136|282|96|1|270|0|261|
136|284|96|1|270|0|261|
136|284|192|1|270|0|261|
136|231|96|1|238|0|259|
136|284|192|1|270|0|261|
136|286|192|1|270|0|261|
136|285|96|1|270|0|261|
136|285|96|1|270|0|261|
136|286|96|1|270|0|261|
136|285|96|1|270|0|261|
136|285|96|1|270|0|261|
136|285|192|1|270|0|261|
136|285|96|1|270|0|261|
136|285|96|1|270|0|261|
136|282|192|1|270|0|261|
136|282|192|1|270|0|261|
136|282|96|1|270|0|261|
136|281|96|1|269|0|261|
136|282|96|1|271|0|261|
136|285|96|1|270|0|261|
136|281|96|1|269|0|261|
136|285|192|1|270|0|261|
136|229|96|1|238|0|259|
136|285|96|1|270|0|261|
136|232|96|1|238|0|259|
136|282|96|1|270|0|261|
136|285|192|1|270|0|261|
136|284|96|1|270|0|261|
136|281|96|1|269|0|261|
136|284|192|1|269|0|261|
136|284|96|1|269|0|261|
136|284|192|1|270|0|261|
136|284|96|1|269|0|261|
136|283|96|1|270|0|261|
136|284|192|1|269|0|261|
136|231|96|1|238|0|259|
136|281|192|1|269|0|261|
136|284|96|1|270|0|261|
136|232|96|1|238|0|259|
136|285|192|1|270|0|261|
136|232|96|1|238|0|259|
136|232|96|1|238|0|259|
136|284|192|1|270|0|261|
136|285|96|1|270|0|261|
136|228|96|1|238|0|259|
136|282|96|1|270|0|261|
136|282|192|1|270|0|261|
136|285|96|1|270|0|261|
136|285|96|1|270|0|261|
136|285|96|1|270|0|261|
136|280|96|1|269|0|257|
136|285|96|1|270|0|261|
136|284|96|1|270|0|261|
136|282|192|1|270|0|261|
136|285|192|1|270|0|261|
136|285|192|1|270|0|261|
136|285|96|1|270|0|261|
136|281|96|1|270|0|261|
136|285|96|1|270|0|261|
136|284|96|1|270|0|261|
136|285|192|1|270|0|261|
136|282|96|1|270|0|261|
136|232|96|1|238|0|259|
136|281|192|1|269|0|261|
136|284|192|1|269|0|261|
136|228|96|1|238|0|259|
136|281|288|1|270|0|261|
136|285|96|1|270|0|261|
136|283|192|1|270|0|261|
136|282|192|1|267|0|260|
136|285|96|1|270|0|261|
136|285|96|1|270|0|261|
136|285|96|1|270|0|261|
136|285|192|1|270|0|261|
136|284|192|1|270|0|261|
136|282|96|1|270|0|261|
136|285|192|1|270|0|261|
136|284|96|1|270|0|261|
136|284|96|1|269|0|261|
136|229|96|1|238|0|259|
136|285|96|1|270|0|261|
136|281|192|1|269|0|261|
136|281|96|1|269|0|261|
136|281|192|1|269|0|261|
136|281|96|1|269|0|261|
136|285|96|1|271|0|261|
136|282|192|1|270|0|261|
136|281|192|1|269|0|261|
136|282|96|1|271|0|261|
136|284|96|1|269|0|261|
136|281|96|1|270|0|261|
136|228|96|1|238|0|259|
136|281|96|1|270|0|261|
136|228|96|1|238|0|259|
136|285|96|1|270|0|261|
136|283|96|1|270|0|261|
136|281|192|1|270|0|261|
136|283|96|1|270|0|261|
136|284|192|1|270|0|261|
136|232|96|1|238|0|259|
136|281|96|1|270|0|261|
136|283|96|1|270|0|261|
136|285|192|1|270|0|261|
136|282|96|1|270|0|261|
136|285|96|1|270|0|261|
136|284|192|1|269|0|261|
136|282|192|1|269|0|257|
136|285|96|1|270|0|261|
136|282|192|1|271|0|261|
136|232|96|1|238|0|259|
136|282|192|1|270|0|261|
136|285|96|1|270|0|261|
136|280|96|1|269|0|258|
136|229|96|1|238|0|259|
136|285|96|1|270|0|261|
136|282|96|1|270|0|261|
136|285|192|1|270|0|261|
136|283|288|1|270|0|261|
136|229|96|1|238|0|259|
136|285|192|1|270|0|261|
136|282|96|1|270|0|261|
136|232|96|1|238|0|259|
136|282|192|1|270|0|261|
136|282|192|1|270|0|261|
136|285|96|1|270|0|261|
136|284|96|1|269|0|261|
136|282|192|1|269|0|261|
136|281|192|1|270|0|261|
136|282|192|1|269|0|261|
136|231|96|1|238|0|259|
136|281|96|1|269|0|261|
136|231|96|1|238|0|259|
136|285|192|1|270|0|261|
136|282|96|1|270|0|261|
136|285|192|1|270|0|261|
136|285|96|1|270|0|261|
136|283|192|1|270|0|261|
136|282|96|1|270|0|261|
136|285|96|1|270|0|261|
136|285|96|1|270|0|261|
136|283|96|1|270|0|261|
136|283|96|1|270|0|261|
136|283|288|1|270|0|261|
136|230|96|1|237|0|256|
136|284|192|1|270|0|261|
136|282|96|1|270|0|261|
136|284|96|1|269|0|261|
136|281|192|1|269|0|261|
136|281|96|1|269|0|261|
136|284|96|1|269|0|261|
136|284|192|1|269|0|261|
136|285|192|1|271|0|261|
136|281|192|1|269|0|261|
136|284|96|1|269|0|261|
136|281|192|1|269|0|261|
136|284|96|1|270|0|261|
136|284|96|1|269|0|261|
136|232|192|1|238|0|259|
136|282|96|1|269|0|261|
136|231|96|1|238|0|259|
136|284|192|1|269|0|261|
136|281|192|1|269|0|261|
136|281|192|1|269|0|261|
136|281|96|1|269|0|261|
136|284|192|1|270|0|261|
136|284|96|1|269|0|261|
136|284|96|1|270|0|261|
136|281|192|1|269|0|261|
136|282|96|1|269|0|261|
136|284|192|1|269|0|261|
136|314|192|1|300|0|261|
136|284|96|1|270|0|261|
136|284|96|1|269|0|261|
136|284|96|1|270|0|261|
136|281|96|1|270|0|261|
136|281|96|1|270|0|261|
136|284|96|1|269|0|261|
136|285|192|1|270|0|261|
136|285|96|1|271|0|261|
136|281|192|1|269|0|261|
136|285|96|1|271|0|261|
136|282|192|1|269|0|261|
136|232|96|1|238|0|259|
136|285|96|1|270|0|261|
136|282|192|1|270|0|261|
136|285|96|1|270|0|261|
136|285|96|1|270|0|261|
136|285|96|1|270|0|261|
136|285|192|1|271|0|261|
136|284|96|1|269|0|261|
136|284|192|1|270|0|261|
136|231|96|1|238|0|259|
136|282|96|1|270|0|261|
136|285|192|1|270|0|261|
136|285|192|1|270|0|261|
136|285|192|1|270|0|261|
136|284|96|1|270|0|261|
136|285|192|1|270|0|261|
136|285|96|1|270|0|261|
136|282|96|1|270|0|261|
136|281|96|1|270|0|261|
136|284|96|1|269|0|261|
136|284|192|1|269|0|261|
136|281|96|1|269|0|261|
136|282|192|1|269|0|261|
136|284|96|1|270|0|261|
136|282|192|1|269|0|261|
136|284|96|1|270|0|261|
136|285|96|1|270|0|261|
136|284|96|1|270|0|261|
136|285|96|1|270|0|261|
136|228|192|1|238|0|259|
136|285|192|1|270|0|261|
136|285|96|1|270|0|261|
136|230|96|1|237|0|256|
136|282|96|1|270|0|261|
136|285|96|1|270|0|261|
136|282|96|1|270|0|261|
136|232|96|1|238|0|259|
136|281|192|1|269|0|261|
136|285|96|1|271|0|261|
136|284|192|1|269|0|261|
136|282|96|1|271|0|261|
136|284|192|1|269|0|261|
136|281|192|1|269|0|261|
136|230|96|1|238|0|259|
136|284|96|1|270|0|261|
136|282|96|1|270|0|261|
136|285|192|1|270|0|261|
136|281|96|1|270|0|261|
136|282|192|1|270|0|261|
136|285|96|1|270|0|261|
136|285|96|1|270|0|261|
136|232|96|1|238|0|259|
136|285|192|1|270|0|261|
136|282|96|1|270|0|261|
136|284|96|1|270|0|261|
136|229|96|1|238|0|259|
136|232|192|1|238|0|259|
136|232|96|1|238|0|259|
136|281|192|1|270|0|261|
136|285|96|1|270|0|261|
136|284|192|1|270|0|261|
136|282|192|1|267|0|260|
136|285|96|1|270|0|261|
136|285|192|1|270|0|261|
136|281|192|1|270|0|261|
136|282|96|1|270|0|261|
136|282|96|1|270|0|261|
136|284|192|1|270|0|261|
136|283|96|1|270|0|261|
136|282|96|1|270|0|261|
136|281|192|1|270|0|261|
136|284|96|1|270|0|261|
136|285|96|1|271|0|261|
136|285|96|1|270|0|261|
136|229|96|1|238|0|259|
136|283|192|1|270|0|261|
136|282|192|1|270|0|261|
136|281|96|1|269|0|261|
136|284|96|1|270|0|261|
136|281|96|1|269|0|261|
136|281|288|1|269|0|261|
136|281|96|1|269|0|261|
136|284|192|1|270|0|261|
136|284|96|1|269|0|261|
136|228|96|1|238|0|259|
136|284|96|1|269|0|261|
136|285|192|1|270|0|261|
136|284|96|1|269|0|261|
136|281|192|1|269|0|261|
136|281|96|1|269|0|261|
136|232|96|1|238|0|259|
136|282|192|1|270|0|261|
136|285|96|1|270|0|261|
136|282|192|1|269|0|261|
136|284|96|1|270|0|261|
136|281|96|1|269|0|261|
136|284|96|1|269|0|261|
136|284|288|1|269|0|261|
136|232|96|1|238|0|259|
136|228|96|1|238|0|259|
136|284|96|1|269|0|261|
136|281|192|1|270|0|261|
136|285|192|1|270|0|261|
136|284|96|1|269|0|261|
136|284|96|1|269|0|261|
136|284|192|1|269|0|261|
136|281|96|1|269|0|261|
136|281|192|1|269|0|261|
136|281|96|1|270|0|261|
136|284|96|1|270|0|261|
136|284|192|1|269|0|261|
136|285|192|1|271|0|261|
136|284|96|1|269|0|261|
136|281|192|1|269|0|261|
136|284|96|1|269|0|261|
136|229|96|1|238|0|259|
136|281|96|1|269|0|261|
136|281|96|1|269|0|261|
136|284|192|1|270|0|261|
136|282|96|1|269|0|261|
136|285|96|1|270|0|261|
136|228|96|1|238|0|259|
136|228|96|1|238|0|259|
136|285|96|1|271|0|261|
136|285|96|1|270|0|261|
136|282|96|1|267|0|260|
136|281|192|1|269|0|261|
136|281|192|1|269|0|261|
136|228|0|1|238|0|259|
136|228|96|1|238|0|259|
136|281|96|1|270|0|261|
136|229|96|1|238|0|259|
136|285|96|1|270|0|261|
136|232|96|1|238|0|259|
136|227|96|1|236|0|258|
136|285|192|1|270|0|261|
136|281|96|1|270|0|261|
136|282|96|1|270|0|261|
136|285|192|1|270|0|261|
136|285|192|1|270|0|261|
136|282|96|1|270|0|261|
136|281|96|1|270|0|261|
136|285|192|1|270|0|261|
136|285|96|1|270|0|261|
136|281|192|1|269|0|261|
136|285|192|1|270|0|261|
136|285|96|1|270|0|261|
136|281|96|1|270|0|261|
136|229|96|1|238|0|259|
136|285|192|1|270|0|261|
136|285|96|1|270|0|261|
136|228|96|1|238|0|259|
136|285|96|1|270|0|261|
136|282|192|1|270|0|261|
136|282|96|1|270|0|261|
136|283|96|1|270|0|261|
136|233|96|1|240|0|261|
136|281|192|1|269|0|261|
136|284|192|1|269|0|261|
136|281|192|1|269|0|261|
136|284|192|1|269|0|261|
136|281|96|1|269|0|261|
136|284|96|1|270|0|261|
136|284|96|1|269|0|261|
136|281|192|1|270|0|261|
136|284|192|1|269|0|261|
136|284|192|1|270|0|261|
136|281|96|1|270|0|261|
136|281|96|1|270|0|261|
136|232|192|1|238|0|259|
136|285|192|1|270|0|261|
136|228|96|1|238|0|259|
136|285|96|1|270|0|261|
136|282|96|1|270|0|261|
136|285|96|1|270|0|261|
136|285|192|1|270|0|261|
136|232|96|1|238|0|259|
136|282|192|1|271|0|261|
136|284|96|1|269|0|261|
136|281|96|1|269|0|261|
136|281|96|1|269|0|261|
136|285|96|1|270|0|261|
136|232|96|1|238|0|259|
136|285|96|1|270|0|261|
136|282|96|1|270|0|261|
136|232|96|1|238|0|259|
136|285|192|1|270|0|261|
136|285|192|1|270|0|261|
136|283|192|1|270|0|261|
136|285|96|1|270|0|261|
136|285|192|1|270|0|261|
136|285|96|1|270|0|261|
136|284|96|1|269|0|261|
136|281|192|1|269|0|261|
136|284|192|1|269|0|261|
136|284|192|1|270|0|261|
136|284|192|1|270|0|261|
136|284|96|1|269|0|261|
136|282|96|1|270|0|261|
136|281|96|1|269|0|261|
136|282|192|1|270|0|261|
136|281|96|1|270|0|261|
136|285|96|1|270|0|261|
136|228|96|1|238|0|259|
136|232|192|1|238|0|259|
136|284|192|1|270|0|261|
136|281|288|1|270|0|261|
136|282|192|1|270|0|261|
136|285|192|1|270|0|261|
136|228|96|1|238|0|259|
136|285|96|1|270|0|261|
136|285|192|1|270|0|261|
136|284|96|1|270|0|261|
136|282|192|1|270|0|261|
136|285|192|1|270|0|261|
136|281|96|1|270|0|261|
136|284|96|1|270|0|261|
136|281|192|1|269|0|261|
136|285|192|1|270|0|261|
136|285|96|1|270|0|261|
136|282|96|1|269|0|261|
136|284|192|1|270|0|261|
136|284|192|1|269|0|261|
136|284|192|1|270|0|261|
136|284|96|1|269|0|261|
136|282|192|1|270|0|261|
136|284|96|1|269|0|261|
136|285|96|1|271|0|261|
136|282|96|1|271|0|261|
136|228|96|1|238|0|259|
136|284|192|1|270|0|261|
136|285|96|1|270|0|261|
136|283|96|1|270|0|261|
136|282|96|1|267|0|260|
136|285|96|1|270|0|261|
136|282|96|1|270|0|261|
