INSTRUCTIONS_RETIRED|CYCLES|UNKNOWN|LD_BLOCKS.STORE_FORWARD|UOPS_EXECUTED.THREAD|BR_MISP_RETIRED.ALL_BRANCHES|UOPS_RETIRED.ANY|
215|336|192|1|322|1|341|
215|409|192|1|374|1|343|
215|386|192|1|354|1|343|
215|364|192|1|349|0|340|
215|364|192|1|349|0|340|
215|360|192|1|349|0|340|
215|361|96|1|349|0|340|
215|307|96|1|317|0|338|
215|364|192|1|349|0|340|
215|364|192|1|349|0|340|
215|361|192|1|349|0|340|
215|332|192|1|322|1|341|
215|309|192|1|317|0|338|
215|389|192|1|354|1|343|
215|363|192|1|348|0|340|
215|364|192|1|349|0|340|
215|363|192|1|348|0|340|
215|364|192|1|349|0|340|
215|361|192|1|349|0|340|
215|364|192|1|349|0|340|
215|361|192|1|349|0|340|
215|361|192|1|350|0|340|
215|364|192|1|350|0|340|
215|364|192|1|349|0|340|
215|364|192|1|349|0|340|
215|364|192|1|350|0|340|
215|360|192|1|348|0|340|
215|360|192|1|348|0|340|
215|364|192|1|349|0|340|
215|361|192|1|349|0|340|
215|360|192|1|349|0|340|
215|363|192|1|349|0|340|
215|360|192|1|348|0|340|
215|360|192|1|349|0|340|
215|389|288|1|354|1|343|
215|389|192|1|354|1|343|
215|364|288|1|349|0|340|
215|361|192|1|349|0|340|
215|364|192|1|349|0|340|
215|360|192|1|348|0|340|
215|361|96|1|349|0|340|
215|336|192|1|322|1|341|
215|361|192|1|350|0|340|
215|364|192|1|349|0|340|
215|360|192|1|349|0|340|
215|360|192|1|348|0|340|
215|360|192|1|348|0|340|
215|360|192|1|348|0|340|
215|363|192|1|348|0|340|
215|360|192|1|348|0|340|
215|360|192|1|348|0|340|
215|360|192|1|348|0|340|
215|388|192|1|353|1|343|
215|363|192|1|348|0|340|
215|360|192|1|348|0|340|
215|360|192|1|348|0|340|
215|360|192|1|348|0|340|
215|310|192|1|317|0|338|
215|360|192|1|348|0|340|
215|363|192|1|349|0|340|
215|363|192|1|348|0|340|
215|358|192|1|346|0|339|
215|360|288|1|348|0|340|
215|363|192|1|348|0|340|
215|360|192|1|348|0|340|
215|360|192|1|349|0|340|
215|360|192|1|349|0|340|
215|360|96|1|348|0|340|
215|360|192|1|348|0|340|
215|360|192|1|349|0|340|
215|360|192|1|348|0|340|
215|360|192|1|348|0|340|
215|360|192|1|348|0|340|
215|363|192|1|348|0|340|
215|360|192|1|349|0|340|
215|363|192|1|348|0|340|
215|312|192|1|317|0|338|
215|360|192|1|349|0|340|
215|308|96|1|317|0|338|
215|336|192|1|322|1|341|
215|362|192|1|349|0|340|
215|360|192|1|349|0|340|
215|364|192|1|349|0|340|
215|361|192|1|349|0|340|
215|363|192|1|349|0|340|
215|360|192|1|349|0|340|
215|360|192|1|349|0|340|
215|363|96|1|348|0|340|
215|360|96|1|348|0|340|
215|360|192|1|348|0|340|
215|363|192|1|349|0|340|
215|364|96|1|349|0|340|
215|361|192|1|349|0|340|
215|364|96|1|349|0|340|
215|360|192|1|349|0|340|
215|360|288|1|349|0|340|
215|364|192|1|349|0|340|
215|364|192|1|349|0|340|
215|360|192|1|349|0|340|
215|360|192|1|349|0|340|
215|361|96|1|349|0|340|
215|361|192|1|349|0|340|
215|363|192|1|348|0|340|
215|361|192|1|349|0|340|
215|361|192|1|349|0|340|
215|360|192|1|349|0|340|
215|363|192|1|349|0|340|
215|361|192|1|349|0|340|
215|360|192|1|349|0|340|
215|360|192|1|349|0|340|
215|364|192|1|349|0|340|
215|360|192|1|349|0|340|
215|364|192|1|349|0|340|
215|364|192|1|349|0|340|
215|364|192|1|349|0|340|
215|361|192|1|349|0|340|
215|360|192|1|349|0|340|
215|361|192|1|349|0|340|
215|364|192|1|349|0|340|
215|363|192|1|349|0|340|
215|364|192|1|349|0|340|
215|361|192|1|349|0|340|
215|333|192|1|322|1|341|
215|363|192|1|349|0|340|
215|380|192|1|365|0|340|
215|360|192|1|348|0|340|
215|360|96|1|348|0|340|
215|309|96|1|317|0|338|
215|363|192|1|348|0|340|
215|361|192|1|350|0|340|
215|360|192|1|349|0|340|
215|363|192|1|348|0|340|
215|361|192|1|350|0|340|
215|360|192|1|348|0|340|
215|360|192|1|348|0|340|
215|363|192|1|348|0|340|
215|360|192|1|348|0|340|
215|361|192|1|349|0|340|
215|332|192|1|322|1|341|
215|337|192|1|322|1|341|
215|360|192|1|348|0|340|
215|361|192|1|349|0|340|
215|362|288|1|349|0|340|
215|361|192|1|350|0|340|
215|360|192|1|349|0|340|
215|361|192|1|349|0|340|
215|361|192|1|349|0|340|
215|358|192|1|346|0|339|
215|360|192|1|348|0|340|
215|361|192|1|350|0|340|
215|363|192|1|348|0|340|
215|360|96|1|348|0|340|
215|360|192|1|349|0|340|
215|360|192|1|348|0|340|
215|363|192|1|348|0|340|
215|362|192|1|347|0|339|
215|361|192|1|350|0|340|
215|360|192|1|348|0|340|
215|332|192|1|322|1|341|
215|385|192|1|354|1|343|
215|389|192|1|354|1|343|
215|385|192|1|354|1|343|
215|364|192|1|349|0|340|
215|364|192|1|349|0|340|
215|364|192|1|349|0|340|
215|361|192|1|349|0|340|
215|309|192|1|317|0|338|
215|361|192|1|349|0|340|
215|360|192|1|349|0|340|
215|363|192|1|349|0|340|
215|364|192|1|349|0|340|
215|361|192|1|349|0|340|
215|363|192|1|349|0|340|
215|360|192|1|349|0|340|
215|360|192|1|348|0|340|
215|361|192|1|350|0|340|
215|360|96|1|348|0|340|
215|360|192|1|348|0|340|
215|360|192|1|348|0|340|
215|336|192|1|322|1|341|
215|386|192|1|354|1|343|
215|389|192|1|354|1|343|
215|388|192|1|354|1|343|
215|364|192|1|349|0|340|
215|364|192|1|349|0|340|
215|364|192|1|349|0|340|
215|360|192|1|349|0|340|
215|360|192|1|348|0|340|
215|364|192|1|349|0|340|
215|361|96|1|349|0|340|
215|333|96|1|322|1|341|
215|389|192|1|354|1|343|
215|389|192|1|354|1|343|
215|386|192|1|354|1|343|
215|364|192|1|349|0|340|
215|364|192|1|349|0|340|
215|361|192|1|349|0|340|
215|360|192|1|349|0|340|
215|361|192|1|349|0|340|
215|360|192|1|349|0|340|
215|364|96|1|350|0|340|
215|364|192|1|349|0|340|
215|361|192|1|349|0|340|
215|364|192|1|349|0|340|
215|308|192|1|317|0|338|
215|363|192|1|349|0|340|
215|360|192|1|348|0|340|
215|360|192|1|349|0|340|
215|360|192|1|348|0|340|
215|363|192|1|348|0|340|
215|360|192|1|348|0|340|
215|360|96|1|348|0|340|
215|364|192|1|350|0|340|
215|360|192|1|348|0|340|
215|360|192|1|348|0|340|
215|361|192|1|349|0|340|
215|360|192|1|348|0|340|
215|310|96|1|317|0|338|
215|360|192|1|348|0|340|
215|360|192|1|349|0|340|
215|364|192|1|349|0|340|
215|364|192|1|350|0|340|
215|363|192|1|348|0|340|
215|361|192|1|350|0|340|
215|385|192|1|354|1|343|
215|336|96|1|322|1|341|
215|388|288|1|354|1|343|
215|308|96|1|317|0|338|
215|360|192|1|348|0|340|
215|361|192|1|350|0|340|
215|360|96|1|348|0|340|
215|332|96|1|322|1|341|
215|364|192|1|349|0|340|
215|332|192|1|322|1|341|
215|360|192|1|349|0|340|
215|361|192|1|349|0|340|
215|364|96|1|350|0|340|
215|360|96|1|348|0|340|
215|360|192|1|348|0|340|
215|363|192|1|349|0|340|
215|363|192|1|348|0|340|
215|360|192|1|349|0|340|
215|360|192|1|349|0|340|
215|363|192|1|349|0|340|
215|363|192|1|349|0|340|
215|310|192|1|317|0|338|
215|361|192|1|349|0|340|
215|363|192|1|349|0|340|
215|364|192|1|349|0|340|
215|364|192|1|349|0|340|
215|361|96|1|349|0|340|
215|307|192|1|317|0|338|
215|335|96|1|322|1|341|
215|389|192|1|354|1|343|
215|336|192|1|322|1|341|
215|389|192|1|354|1|343|
215|364|192|1|349|0|340|
215|310|192|1|317|0|338|
215|364|192|1|349|0|340|
215|361|192|1|349|0|340|
215|363|192|1|348|0|340|
215|360|192|1|348|0|340|
215|360|288|1|348|0|340|
215|360|192|1|348|0|340|
215|361|192|1|349|0|340|
215|364|192|1|349|0|340|
215|333|192|1|322|1|341|
215|386|192|1|354|1|343|
215|378|288|1|350|0|340|
215|332|96|1|322|1|341|
215|386|192|1|354|1|343|
215|364|192|1|349|0|340|
215|308|192|1|317|0|338|
215|361|192|1|349|0|340|
215|364|192|1|349|0|340|
215|360|192|1|348|0|340|
215|364|192|1|349|0|340|
215|389|192|1|354|1|343|
215|388|288|1|353|1|343|
215|363|192|1|348|0|340|
215|360|192|1|348|0|340|
215|360|192|1|348|0|340|
215|360|192|1|348|0|340|
215|363|192|1|348|0|340|
215|360|96|1|349|0|340|
215|360|192|1|348|0|340|
215|360|192|1|349|0|340|
215|363|192|1|349|0|340|
215|360|192|1|348|0|340|
215|363|192|1|348|0|340|
215|360|192|1|349|0|340|
215|364|192|1|349|0|340|
215|336|192|1|322|1|341|
215|386|192|1|354|1|343|
215|388|192|1|354|1|343|
215|386|192|1|354|1|343|
215|363|96|1|348|0|340|
215|360|192|1|349|0|340|
215|361|192|1|349|0|340|
215|332|192|1|322|1|341|
215|389|192|1|354|1|343|
215|385|192|1|353|1|343|
215|360|96|1|348|0|340|
215|361|192|1|350|0|340|
215|385|192|1|353|1|343|
215|360|96|1|349|0|340|
215|386|192|1|355|1|343|
215|385|192|1|353|1|343|
215|389|192|1|354|1|343|
215|359|192|1|347|0|339|
215|360|192|1|349|0|340|
215|361|96|1|349|0|340|
215|360|192|1|348|0|340|
215|334|192|1|322|1|341|
215|364|96|1|350|0|340|
215|360|192|1|348|0|340|
215|364|192|1|349|0|340|
215|332|96|1|322|1|341|
215|385|192|1|353|1|343|
215|361|192|1|349|0|340|
215|332|192|1|322|1|341|
215|389|192|1|354|1|343|
215|363|96|1|349|0|340|
215|363|192|1|349|0|340|
215|360|192|1|348|0|340|
215|360|192|1|349|0|340|
215|360|192|1|348|0|340|
215|364|192|1|349|0|340|
215|360|192|1|348|0|340|
215|336|192|1|322|1|341|
215|386|192|1|354|1|343|
215|341|96|1|322|1|341|
215|385|192|1|353|1|343|
215|361|192|1|349|0|340|
215|389|192|1|354|1|343|
215|360|192|1|349|0|340|
215|364|192|1|349|0|340|
215|332|192|1|322|1|341|
215|389|192|1|354|1|343|
215|360|192|1|348|0|340|
215|360|192|1|348|0|340|
215|364|96|1|350|0|340|
215|364|192|1|350|0|340|
215|364|96|1|350|0|340|
215|360|192|1|349|0|340|
215|310|192|1|317|0|338|
215|360|192|1|348|0|340|
215|360|192|1|348|0|340|
215|363|192|1|348|0|340|
215|360|192|1|348|0|340|
215|363|96|1|348|0|340|
215|335|96|1|322|1|341|
215|361|192|1|349|0|340|
215|360|192|1|349|0|340|
215|361|192|1|349|0|340|
215|364|192|1|350|0|340|
215|360|96|1|348|0|340|
215|364|96|1|349|0|340|
215|360|96|1|349|0|340|
215|361|288|1|349|0|340|
215|364|192|1|350|0|340|
215|363|192|1|348|0|340|
215|333|192|1|322|1|341|
215|386|192|1|354|1|343|
215|361|192|1|349|0|340|
215|360|192|1|348|0|340|
215|360|192|1|349|0|340|
215|364|192|1|349|0|340|
215|360|192|1|349|0|340|
215|364|192|1|349|0|340|
215|364|192|1|349|0|340|
215|364|192|1|349|0|340|
215|361|192|1|349|0|340|
215|364|192|1|349|0|340|
215|361|192|1|349|0|340|
215|364|192|1|349|0|340|
215|361|192|1|349|0|340|
215|364|192|1|349|0|340|
215|361|192|1|349|0|340|
215|361|192|1|349|0|340|
215|364|192|1|349|0|340|
215|361|192|1|349|0|340|
215|361|96|1|349|0|340|
215|363|96|1|348|0|340|
215|360|192|1|348|0|340|
215|358|192|1|347|0|336|
215|333|192|1|322|1|341|
215|364|96|1|350|0|340|
215|363|192|1|348|0|340|
215|360|192|1|349|0|340|
215|360|192|1|348|0|340|
215|336|96|1|322|1|341|
215|363|192|1|348|0|340|
215|361|192|1|348|0|340|
215|360|192|1|349|0|340|
215|361|192|1|346|0|339|
215|360|192|1|348|0|340|
215|363|192|1|348|0|340|
215|360|192|1|348|0|340|
215|360|192|1|349|0|340|
215|360|192|1|348|0|340|
215|361|192|1|349|0|340|
215|363|192|1|349|0|340|
215|364|192|1|349|0|340|
215|360|192|1|349|0|340|
215|363|192|1|349|0|340|
215|360|192|1|348|0|340|
215|360|192|1|348|0|340|
215|360|192|1|348|0|340|
215|361|192|1|350|0|340|
215|363|192|1|348|0|340|
215|363|192|1|348|0|340|
215|364|192|1|349|0|340|
215|358|96|1|346|0|339|
215|360|192|1|348|0|340|
215|360|192|1|349|0|340|
215|360|192|1|348|0|340|
215|363|192|1|348|0|340|
215|360|192|1|348|0|340|
215|361|192|1|350|0|340|
215|364|192|1|349|0|340|
215|364|288|1|350|0|340|
215|361|192|1|350|0|340|
215|361|192|1|349|0|340|
215|364|192|1|349|0|340|
215|364|192|1|349|0|340|
215|364|192|1|349|0|340|
215|361|192|1|349|0|340|
215|361|192|1|349|0|340|
215|363|192|1|349|0|340|
215|339|96|1|322|1|338|
215|335|192|1|322|1|341|
215|363|96|1|348|0|340|
215|363|192|1|348|0|340|
215|361|192|1|350|0|340|
215|360|192|1|349|0|340|
215|361|192|1|349|0|340|
215|361|192|1|349|0|340|
215|360|192|1|349|0|340|
215|364|96|1|350|0|340|
215|364|192|1|350|0|340|
215|360|96|1|348|0|340|
215|360|192|1|348|0|340|
215|360|192|1|349|0|340|
215|360|192|1|349|0|340|
215|364|96|1|349|0|340|
215|361|192|1|349|0|340|
215|360|96|1|349|0|340|
215|356|192|1|345|0|335|
215|360|192|1|348|0|340|
215|361|192|1|350|0|340|
215|360|96|1|348|0|340|
215|363|192|1|348|0|340|
215|364|192|1|350|0|340|
215|360|192|1|348|0|340|
215|360|192|1|348|0|340|
215|363|192|1|348|0|340|
215|364|192|1|349|0|340|
215|361|192|1|349|0|340|
215|360|192|1|348|0|340|
215|360|96|1|348|0|340|
215|360|192|1|349|0|340|
215|360|96|1|348|0|340|
215|363|192|1|349|0|340|
215|361|192|1|350|0|340|
215|362|96|1|348|0|336|
215|360|96|1|348|0|340|
215|310|192|1|317|0|338|
215|364|192|1|350|0|340|
215|364|192|1|350|0|340|
215|361|96|1|350|0|340|
215|361|288|1|350|0|340|
215|360|192|1|348|0|340|
215|361|192|1|349|0|340|
215|360|192|1|349|0|340|
215|364|192|1|349|0|340|
215|364|192|1|349|0|340|
215|361|96|1|350|0|340|
215|307|192|1|317|0|338|
215|361|192|1|350|0|340|
215|390|192|1|355|1|343|
215|360|192|1|348|0|340|
215|372|192|1|360|0|340|
215|311|96|1|317|0|338|
215|361|192|1|350|0|340|
215|361|192|1|349|0|340|
215|364|192|1|349|0|340|
215|311|96|1|317|0|338|
215|364|192|1|349|0|340|
215|364|192|1|349|0|340|
215|364|192|1|349|0|340|
215|333|192|1|322|1|341|
215|360|192|1|349|0|340|
215|363|192|1|349|0|340|
215|364|192|1|349|0|340|
215|364|192|1|350|0|340|
215|361|192|1|349|0|340|
215|363|192|1|349|0|340|
215|309|96|1|317|0|338|
215|333|192|1|322|1|341|
215|386|192|1|354|1|343|
215|388|192|1|354|1|343|
215|311|96|1|317|0|338|
215|361|192|1|349|0|340|
215|363|192|1|349|0|340|
215|361|96|1|349|0|340|
215|360|192|1|349|0|340|
215|360|192|1|349|0|340|
215|361|96|1|349|0|340|
215|361|192|1|349|0|340|
215|364|192|1|349|0|340|
215|363|96|1|349|0|340|
215|364|192|1|349|0|340|
215|363|192|1|349|0|340|
215|360|192|1|348|0|340|
215|363|192|1|348|0|340|
215|363|192|1|348|0|340|
215|360|192|1|348|0|340|
215|363|192|1|348|0|340|
215|361|192|1|349|0|340|
215|309|192|1|317|0|338|
215|363|192|1|348|0|340|
215|364|192|1|349|0|340|
215|335|192|1|322|1|341|
215|335|192|1|322|1|341|
215|363|192|1|348|0|340|
215|364|192|1|350|0|340|
215|360|192|1|349|0|340|
215|360|192|1|348|0|340|
215|360|192|1|348|0|340|
215|360|192|1|348|0|340|
215|364|192|1|349|0|340|
215|361|192|1|350|0|340|
215|364|192|1|349|0|340|
215|361|96|1|349|0|340|
215|361|192|1|349|0|340|
215|360|192|1|349|0|340|
215|363|192|1|348|0|340|
215|388|192|1|354|1|343|
215|389|192|1|354|1|343|
215|360|192|1|349|0|340|
215|361|96|1|349|0|340|
215|360|192|1|348|0|340|
215|360|96|1|349|0|340|
215|364|192|1|349|0|340|
215|361|192|1|346|0|339|
215|361|192|1|349|0|340|
215|333|192|1|322|1|341|
215|389|192|1|354|1|343|
215|360|192|1|348|0|340|
215|364|192|1|350|0|340|
215|363|192|1|348|0|340|
215|361|192|1|350|0|340|
215|315|192|1|317|0|338|
215|363|192|1|349|0|340|
215|360|192|1|348|0|340|
215|389|96|1|377|0|340|
215|360|288|1|349|0|340|
215|363|192|1|348|0|340|
215|363|192|1|348|0|340|
215|364|192|1|349|0|340|
215|360|192|1|349|0|340|
215|360|192|1|349|0|340|
215|360|192|1|348|0|340|
215|385|192|1|354|1|343|
215|388|192|1|353|1|343|
215|385|192|1|354|1|343|
215|364|192|1|349|0|340|
215|363|192|1|349|0|340|
215|364|192|1|349|0|340|
215|364|192|1|349|0|340|
215|335|192|1|322|1|341|
215|336|192|1|322|1|341|
215|360|192|1|348|0|340|
215|361|192|1|349|0|340|
215|361|192|1|349|0|340|
215|360|192|1|349|0|340|
215|364|96|1|349|0|340|
215|361|192|1|349|0|340|
215|360|96|1|348|0|340|
215|389|192|1|354|1|343|
215|389|192|1|354|1|343|
215|361|192|1|349|0|340|
215|361|192|1|350|0|340|
215|360|96|1|348|0|340|
215|360|192|1|348|0|340|
215|363|192|1|348|0|340|
215|331|192|1|318|1|340|
215|389|192|1|354|1|343|
215|364|192|1|349|0|340|
215|311|192|1|317|0|338|
215|361|192|1|350|0|340|
215|364|192|1|349|0|340|
215|364|192|1|350|0|340|
215|360|192|1|348|0|340|
215|364|192|1|349|0|340|
215|360|192|1|349|0|340|
215|364|192|1|349|0|340|
215|361|192|1|349|0|340|
215|364|192|1|349|0|340|
215|364|288|1|349|0|340|
215|360|192|1|349|0|340|
215|363|96|1|348|0|340|
215|360|192|1|349|0|340|
215|360|192|1|349|0|340|
215|364|192|1|349|0|340|
215|360|192|1|348|0|340|
215|364|192|1|350|0|340|
215|360|192|1|349|0|340|
215|360|192|1|349|0|340|
215|361|192|1|349|0|340|
215|361|96|1|349|0|340|
215|364|192|1|349|0|340|
215|364|192|1|349|0|340|
215|364|288|1|349|0|340|
215|332|192|1|322|1|341|
215|388|192|1|354|1|343|
215|385|192|1|354|1|343|
215|333|192|1|322|1|341|
215|388|192|1|353|1|343|
215|360|192|1|348|0|340|
215|364|96|1|348|0|340|
215|363|96|1|348|0|340|
215|361|192|1|350|0|340|
215|360|192|1|348|0|340|
215|385|192|1|353|1|343|
215|544|288|1|571|1|550|
215|577|288|1|597|0|552|
215|363|192|1|348|0|340|
215|361|192|1|350|0|340|
215|364|192|1|349|0|340|
215|365|96|1|349|0|340|
215|541|288|1|553|1|550|
215|386|96|1|354|1|343|
215|361|192|1|350|0|340|
215|575|288|1|598|0|552|
215|360|192|1|349|0|340|
215|360|192|1|348|0|340|
215|363|192|1|349|0|340|
215|573|288|1|600|0|549|
215|360|96|1|348|0|340|
215|361|192|1|350|0|340|
215|364|192|1|350|0|340|
215|576|288|1|601|0|549|
215|575|288|1|598|0|552|
215|311|288|1|317|0|338|
215|364|192|1|349|0|340|
215|360|192|1|348|0|340|
215|549|288|1|574|1|550|
215|389|192|1|354|1|343|
215|596|288|1|621|0|552|
215|364|192|1|350|0|340|
215|361|192|1|349|0|340|
215|575|288|1|601|0|549|
215|310|96|1|317|0|338|
215|364|192|1|350|0|340|
215|363|96|1|348|0|340|
215|578|288|1|600|0|552|
215|364|192|1|349|0|340|
215|365|192|1|349|0|340|
215|364|192|1|349|0|340|
215|364|192|1|349|0|340|
215|363|192|1|349|0|340|
215|573|288|1|595|0|551|
215|363|192|1|348|0|340|
215|360|192|1|348|0|340|
215|306|192|1|315|0|337|
215|360|192|1|348|0|340|
215|363|192|1|348|0|340|
215|361|192|1|349|0|340|
215|575|288|1|597|0|552|
215|361|192|1|350|0|340|
215|364|192|1|349|0|340|
215|574|288|1|604|0|549|
215|363|192|1|348|0|340|
215|360|192|1|348|0|340|
215|362|192|1|350|0|340|
215|364|192|1|349|0|340|
215|364|96|1|349|0|340|
215|361|192|1|349|0|340|
215|360|192|1|349|0|340|
215|365|192|1|349|0|340|
215|569|192|1|599|0|549|
215|360|96|1|348|0|340|
215|363|288|1|348|0|340|
215|360|192|1|349|0|340|
215|360|192|1|349|0|340|
215|571|288|1|602|0|549|
215|360|192|1|349|0|340|
215|364|192|1|349|0|340|
215|576|288|1|604|0|549|
215|571|288|1|597|0|552|
215|363|192|1|349|0|340|
215|361|192|1|350|0|340|
215|363|192|1|348|0|340|
215|545|288|1|574|1|550|
215|386|192|1|354|1|343|
215|518|192|1|565|0|547|
215|385|192|1|353|1|343|
215|311|192|1|317|0|338|
215|361|192|1|349|0|340|
215|575|288|1|602|0|549|
215|364|192|1|349|0|340|
215|361|288|1|349|0|340|
215|364|192|1|349|0|340|
215|572|288|1|595|0|552|
215|363|192|1|348|0|340|
215|360|192|1|348|0|340|
215|360|192|1|349|0|340|
215|360|192|1|348|0|340|
215|370|192|1|350|0|340|
215|360|96|1|348|0|340|
215|310|192|1|317|0|338|
215|332|192|1|322|1|341|
215|389|192|1|354|1|343|
215|389|192|1|354|1|343|
215|389|192|1|355|1|343|
215|389|192|1|354|1|343|
215|360|192|1|349|0|340|
215|366|192|1|349|0|340|
215|364|192|1|350|0|340|
215|576|288|1|606|0|549|
215|360|192|1|348|0|340|
215|366|192|1|348|0|340|
215|361|192|1|350|0|340|
215|364|192|1|350|0|340|
215|577|288|1|596|0|552|
215|360|96|1|348|0|340|
215|361|192|1|350|0|340|
215|545|288|1|574|1|550|
215|389|192|1|354|1|343|
215|367|192|1|349|0|340|
215|546|288|1|575|1|550|
215|576|288|1|598|0|552|
215|360|192|1|348|0|340|
215|363|192|1|349|0|340|
215|575|288|1|596|0|552|
215|369|192|1|349|0|340|
215|360|288|1|348|0|340|
215|364|192|1|350|0|340|
215|570|288|1|601|0|549|
215|363|288|1|348|0|340|
215|360|192|1|348|0|340|
215|575|288|1|603|0|549|
215|336|192|1|322|1|341|
215|335|192|1|322|1|341|
215|361|192|1|349|0|340|
215|577|288|1|601|0|552|
215|364|192|1|349|0|340|
215|363|192|1|348|0|340|
215|388|192|1|353|1|343|
215|360|192|1|349|0|340|
215|360|192|1|349|0|340|
215|360|96|1|349|0|340|
215|360|192|1|348|0|340|
215|571|384|1|596|0|552|
215|574|288|1|596|0|552|
215|361|192|1|349|0|340|
215|580|288|1|600|0|552|
215|360|192|1|349|0|340|
215|363|192|1|349|0|340|
215|360|192|1|348|0|340|
215|576|288|1|598|0|552|
215|360|192|1|349|0|340|
215|364|192|1|350|0|340|
215|364|192|1|350|0|340|
215|364|192|1|350|0|340|
215|364|192|1|350|0|340|
215|579|288|1|603|0|549|
215|364|192|1|349|0|340|
215|360|192|1|348|0|340|
215|360|192|1|348|0|340|
215|360|192|1|349|0|340|
215|574|288|1|600|0|552|
215|364|192|1|350|0|340|
215|360|192|1|348|0|340|
215|363|192|1|348|0|340|
215|363|192|1|348|0|340|
215|573|288|1|598|0|552|
215|364|96|1|350|0|340|
215|377|192|1|349|0|340|
215|364|192|1|349|0|340|
215|364|192|1|349|0|340|
215|364|96|1|350|0|340|
215|364|192|1|349|0|340|
215|361|192|1|349|0|340|
215|568|288|1|596|0|552|
215|360|192|1|348|0|340|
215|579|288|1|601|0|552|
215|360|96|1|349|0|340|
215|361|192|1|349|0|340|
215|360|96|1|348|0|340|
215|572|288|1|599|0|552|
215|363|192|1|348|0|340|
215|363|192|1|349|0|340|
215|575|288|1|603|0|549|
215|360|192|1|348|0|340|
215|360|192|1|348|0|340|
215|360|96|1|348|0|340|
215|574|288|1|601|0|549|
215|361|192|1|349|0|340|
215|363|192|1|349|0|340|
215|364|192|1|349|0|340|
215|571|288|1|597|0|549|
215|311|96|1|317|0|338|
215|364|192|1|349|0|340|
215|361|192|1|348|0|340|
215|364|192|1|350|0|340|
215|360|192|1|348|0|340|
215|360|192|1|348|0|340|
215|573|288|1|600|0|549|
215|310|192|1|317|0|338|
215|360|192|1|348|0|340|
215|363|192|1|348|0|340|
215|360|192|1|349|0|340|
215|574|288|1|597|0|552|
215|360|192|1|349|0|340|
215|578|288|1|601|0|549|
215|360|192|1|349|0|340|
215|577|384|1|600|0|549|
215|364|192|1|349|0|340|
215|385|192|1|354|1|343|
215|386|192|1|355|1|343|
215|363|192|1|348|0|340|
215|573|288|1|597|0|552|
215|364|192|1|350|0|340|
215|364|192|1|349|0|340|
215|308|192|1|317|0|338|
215|574|288|1|597|0|552|
215|361|192|1|349|0|340|
215|360|96|1|348|0|340|
215|360|192|1|349|0|340|
215|363|192|1|348|0|340|
215|377|192|1|349|0|340|
215|572|288|1|597|0|552|
215|360|192|1|348|0|340|
215|360|288|1|349|0|340|
215|364|192|1|350|0|340|
215|590|288|1|584|1|552|
215|360|192|1|348|0|340|
215|592|288|1|586|1|552|
215|385|192|1|353|1|343|
215|388|192|1|354|1|343|
215|388|192|1|353|1|343|
215|363|192|1|349|0|340|
215|572|288|1|600|0|549|
215|333|192|1|322|1|341|
215|388|192|1|353|1|343|
215|361|192|1|346|0|339|
215|360|192|1|349|0|340|
215|360|192|1|348|0|340|
215|360|192|1|349|0|340|
215|361|192|1|346|0|339|
215|576|288|1|605|0|549|
215|360|192|1|348|0|340|
215|360|192|1|348|0|340|
215|364|192|1|350|0|340|
215|360|192|1|348|0|340|
215|363|192|1|348|0|340|
215|360|192|1|348|0|340|
215|360|192|1|348|0|340|
215|572|384|1|598|0|552|
215|360|192|1|349|0|340|
215|363|192|1|348|0|340|
215|335|192|1|322|1|341|
215|360|192|1|348|0|340|
215|596|288|1|602|1|552|
215|388|192|1|354|1|343|
215|385|192|1|353|1|343|
215|360|192|1|348|0|340|
215|361|192|1|350|0|340|
215|360|192|1|348|0|340|
215|598|288|1|627|0|549|
215|360|192|1|349|0|340|
215|363|192|1|349|0|340|
215|363|192|1|349|0|340|
215|364|192|1|349|0|340|
215|579|384|1|601|0|552|
215|360|192|1|348|0|340|
215|409|192|1|354|1|345|
215|361|192|1|349|0|340|
215|363|192|1|348|0|340|
215|332|192|1|322|1|341|
215|389|192|1|354|1|343|
215|598|288|1|606|1|552|
215|575|288|1|598|0|552|
215|360|192|1|348|0|340|
215|575|288|1|598|0|552|
215|336|192|1|322|1|341|
215|574|288|1|601|0|549|
215|385|192|1|354|1|343|
215|364|192|1|349|0|340|
215|572|288|1|599|0|552|
215|360|192|1|348|0|340|
215|363|192|1|348|0|340|
215|574|288|1|598|0|552|
215|364|96|1|349|0|340|
215|385|192|1|353|1|343|
215|598|288|1|607|1|552|
215|594|384|1|585|1|552|
215|388|192|1|354|1|343|
215|385|192|1|353|1|343|
215|599|288|1|603|1|552|
215|389|192|1|354|1|343|
215|386|96|1|355|1|343|
215|386|192|1|354|1|343|
215|593|288|1|604|1|552|
215|364|192|1|349|0|340|
215|364|192|1|349|0|340|
215|360|192|1|348|0|340|
215|360|192|1|348|0|340|
215|360|192|1|348|0|340|
215|363|192|1|349|0|340|
215|577|288|1|602|0|549|
215|594|288|1|586|1|552|
215|385|192|1|354|1|343|
215|574|288|1|601|0|549|
215|575|288|1|599|0|552|
215|389|288|1|354|1|343|
215|386|192|1|354|1|343|
215|515|192|1|562|0|550|
215|364|192|1|349|0|340|
215|360|192|1|348|0|340|
215|361|192|1|349|0|340|
215|579|384|1|605|0|549|
215|364|192|1|349|0|340|
215|334|96|1|321|1|338|
215|388|192|1|354|1|343|
215|336|192|1|322|1|341|
215|385|192|1|354|1|343|
215|574|288|1|596|0|552|
215|386|192|1|354|1|343|
215|386|192|1|354|1|343|
215|364|192|1|349|0|340|
215|361|192|1|349|0|340|
215|364|192|1|349|0|340|
215|311|192|1|317|0|338|
215|361|192|1|349|0|340|
215|400|192|1|369|1|343|
215|308|192|1|317|0|338|
215|571|288|1|601|0|549|
215|363|96|1|348|0|340|
215|369|192|1|348|0|340|
215|575|288|1|596|0|552|
215|361|192|1|349|0|340|
215|363|192|1|348|0|340|
215|580|288|1|606|0|549|
215|360|192|1|348|0|340|
215|363|192|1|348|0|340|
215|307|96|1|317|0|338|
215|581|384|1|600|0|552|
215|364|192|1|350|0|340|
215|363|192|1|348|0|340|
215|361|192|1|349|0|340|
215|572|288|1|602|0|549|
215|574|288|1|600|0|549|
215|360|192|1|348|0|340|
215|360|192|1|349|0|340|
215|573|384|1|598|0|549|
215|361|192|1|349|0|340|
215|360|192|1|349|0|340|
215|360|192|1|348|0|340|
215|360|192|1|348|0|340|
215|569|288|1|598|0|549|
215|360|192|1|349|0|340|
215|333|192|1|322|1|341|
215|388|192|1|353|1|343|
215|389|288|1|355|1|343|
215|385|192|1|353|1|343|
215|602|288|1|605|1|549|
215|385|192|1|353|1|343|
215|388|192|1|354|1|343|
215|360|192|1|348|0|340|
215|577|288|1|600|0|549|
215|360|192|1|349|0|340|
215|388|192|1|354|1|343|
215|361|192|1|349|0|340|
215|573|288|1|597|0|552|
215|360|192|1|348|0|340|
215|364|192|1|349|0|340|
215|389|192|1|354|1|343|
215|332|192|1|322|1|341|
215|605|384|1|608|1|552|
215|389|192|1|354|1|343|
215|361|192|1|349|0|340|
215|336|192|1|322|1|341|
215|388|192|1|353|1|343|
215|388|192|1|354|1|343|
215|603|384|1|609|1|552|
215|386|192|1|355|1|343|
215|389|192|1|354|1|343|
215|386|192|1|354|1|343|
215|386|192|1|354|1|343|
215|386|192|1|354|1|343|
215|360|192|1|349|0|340|
215|363|192|1|348|0|340|
215|363|192|1|348|0|340|
215|360|192|1|348|0|340|
215|333|192|1|322|1|341|
215|386|288|1|354|1|343|
