INSTRUCTIONS_RETIRED|CYCLES|UNKNOWN|LD_BLOCKS.STORE_FORWARD|UOPS_EXECUTED.THREAD|BR_MISP_RETIRED.ALL_BRANCHES|UOPS_RETIRED.ANY|
148|244|96|1|250|0|271|
148|509|192|1|534|0|485|
148|294|96|1|282|0|273|
148|294|96|1|282|0|273|
148|294|96|1|282|0|273|
148|296|96|1|282|0|273|
148|511|288|1|535|0|482|
148|510|288|1|532|0|485|
148|297|96|1|282|0|273|
148|293|192|1|282|0|273|
148|305|96|1|291|0|273|
148|293|96|1|282|0|273|
148|506|288|1|534|0|485|
148|294|96|1|280|0|269|
148|297|192|1|282|0|273|
148|297|192|1|282|0|273|
148|293|288|1|282|0|273|
148|296|96|1|281|0|273|
148|293|192|1|282|0|273|
148|507|288|1|531|0|485|
148|293|96|1|281|0|273|
148|293|96|1|282|0|273|
148|293|96|1|281|0|273|
148|505|192|1|530|0|485|
148|241|96|1|250|0|271|
148|506|192|1|533|0|482|
148|244|192|1|250|0|271|
148|296|192|1|282|0|273|
148|296|192|1|282|0|273|
148|293|96|1|281|0|273|
148|244|96|1|250|0|271|
148|296|96|1|282|0|273|
148|504|192|1|534|0|482|
148|508|288|1|530|0|485|
148|296|192|1|281|0|273|
148|296|192|1|282|0|273|
148|296|96|1|281|0|273|
148|293|192|1|281|0|273|
148|293|192|1|281|0|273|
148|244|192|1|250|0|271|
148|294|192|1|282|0|273|
148|296|96|1|281|0|273|
148|293|96|1|281|0|273|
148|508|192|1|535|0|482|
148|293|192|1|282|0|273|
148|242|96|1|248|0|270|
148|296|96|1|281|0|273|
148|240|192|1|250|0|271|
148|293|96|1|282|0|273|
148|454|288|1|502|0|479|
148|297|96|1|282|0|273|
148|294|192|1|282|0|273|
148|504|288|1|534|0|482|
148|297|96|1|282|0|273|
148|297|192|1|282|0|273|
148|296|96|1|282|0|273|
148|509|288|1|530|0|485|
148|294|192|1|282|0|273|
148|297|96|1|282|0|273|
148|508|288|1|535|0|482|
148|297|192|1|282|0|273|
148|297|96|1|282|0|273|
148|296|192|1|282|0|273|
148|296|192|1|282|0|273|
148|296|192|1|282|0|273|
148|297|96|1|282|0|273|
148|512|192|1|534|0|485|
148|296|96|1|282|0|273|
148|293|96|1|281|0|273|
148|293|288|1|281|0|273|
148|511|288|1|533|0|482|
148|507|384|1|531|0|485|
148|294|192|1|283|0|273|
148|293|96|1|281|0|273|
148|294|192|1|283|0|273|
148|505|288|1|533|0|482|
148|453|192|1|498|0|483|
148|240|192|1|250|0|271|
148|510|192|1|533|0|482|
148|240|96|1|250|0|271|
148|294|192|1|283|0|273|
148|243|96|1|250|0|271|
148|507|192|1|531|0|485|
148|293|96|1|281|0|273|
148|297|96|1|283|0|273|
148|293|192|1|281|0|273|
148|509|288|1|534|0|482|
148|293|96|1|282|0|273|
148|296|96|1|281|0|273|
148|502|192|1|531|0|482|
148|296|96|1|282|0|273|
148|296|96|1|281|0|273|
148|296|96|1|281|0|273|
148|509|192|1|532|0|482|
148|296|192|1|281|0|273|
148|296|192|1|281|0|273|
148|296|192|1|281|0|273|
148|511|192|1|536|0|482|
148|294|288|1|282|0|273|
148|296|192|1|282|0|273|
148|297|192|1|283|0|273|
148|293|192|1|281|0|273|
148|293|192|1|281|0|273|
148|296|96|1|281|0|273|
148|240|96|1|250|0|271|
148|297|192|1|282|0|273|
148|512|384|1|535|0|485|
148|296|96|1|282|0|273|
148|243|192|1|250|0|271|
148|507|192|1|534|0|482|
148|451|192|1|498|0|483|
148|297|96|1|282|0|273|
148|297|96|1|282|0|273|
148|296|96|1|282|0|273|
148|297|96|1|282|0|273|
148|507|288|1|534|0|485|
148|454|288|1|498|0|483|
148|243|192|1|250|0|271|
148|294|192|1|282|0|273|
148|296|96|1|282|0|273|
148|293|192|1|281|0|273|
148|507|288|1|535|0|482|
148|241|192|1|250|0|271|
148|311|96|1|283|0|273|
148|504|288|1|533|0|482|
148|294|96|1|282|0|273|
148|294|192|1|282|0|273|
148|293|192|1|282|0|273|
148|296|192|1|282|0|273|
148|502|384|1|530|0|482|
148|294|96|1|282|0|273|
148|296|192|1|281|0|273|
148|294|192|1|281|0|273|
148|296|96|1|282|0|273|
148|241|96|1|250|0|271|
148|504|288|1|529|0|485|
148|504|192|1|530|0|485|
148|297|288|1|282|0|273|
148|293|192|1|282|0|273|
148|244|96|1|250|0|271|
148|502|288|1|530|0|482|
148|505|288|1|530|0|485|
148|297|192|1|282|0|273|
148|241|96|1|250|0|271|
148|507|288|1|532|0|485|
148|294|96|1|282|0|273|
148|293|192|1|282|0|273|
148|294|96|1|282|0|273|
148|293|192|1|282|0|273|
148|297|96|1|282|0|273|
148|504|288|1|532|0|485|
148|297|192|1|282|0|273|
148|297|96|1|282|0|273|
148|294|192|1|282|0|273|
148|244|96|1|250|0|271|
148|508|288|1|537|0|482|
148|296|96|1|282|0|273|
148|297|96|1|282|0|273|
148|506|288|1|532|0|485|
148|510|288|1|532|0|485|
148|314|96|1|299|0|273|
148|508|288|1|535|0|482|
148|244|96|1|250|0|271|
148|297|192|1|283|0|273|
148|507|192|1|534|0|482|
148|507|288|1|533|0|482|
148|294|96|1|283|0|273|
148|297|192|1|283|0|273|
148|296|96|1|281|0|273|
148|297|96|1|282|0|273|
148|505|192|1|530|0|485|
148|297|192|1|282|0|273|
148|296|192|1|282|0|273|
148|296|96|1|281|0|273|
148|294|192|1|282|0|273|
148|508|288|1|533|0|485|
148|297|288|1|282|0|273|
148|297|96|1|282|0|273|
148|506|192|1|533|0|482|
148|297|192|1|282|0|273|
148|294|96|1|282|0|273|
148|509|192|1|534|0|485|
148|296|96|1|281|0|273|
148|296|96|1|281|0|273|
148|293|192|1|281|0|273|
148|293|96|1|281|0|273|
148|296|192|1|281|0|273|
148|506|192|1|533|0|482|
148|296|192|1|281|0|273|
148|296|192|1|281|0|273|
148|293|96|1|282|0|273|
148|244|96|1|250|0|271|
148|509|288|1|536|0|482|
148|296|96|1|282|0|273|
148|296|96|1|281|0|273|
148|296|96|1|281|0|273|
148|293|96|1|282|0|273|
148|293|96|1|282|0|273|
148|511|288|1|539|0|482|
148|293|288|1|282|0|273|
148|296|96|1|281|0|273|
148|293|192|1|282|0|273|
148|296|96|1|281|0|273|
148|293|192|1|282|0|273|
148|296|96|1|282|0|273|
148|512|288|1|536|0|482|
148|296|192|1|281|0|273|
148|296|96|1|282|0|273|
148|296|96|1|281|0|273|
148|296|96|1|281|0|273|
148|294|192|1|282|0|273|
148|294|192|1|282|0|273|
148|294|96|1|280|0|269|
148|297|192|1|282|0|273|
148|297|96|1|283|0|273|
148|293|96|1|281|0|273|
148|294|192|1|282|0|273|
148|505|192|1|529|0|485|
148|294|96|1|282|0|273|
148|293|192|1|281|0|273|
148|511|288|1|535|0|482|
148|511|288|1|532|0|485|
148|297|192|1|283|0|273|
148|297|96|1|282|0|273|
148|294|96|1|283|0|273|
148|297|192|1|282|0|273|
148|297|96|1|283|0|273|
148|294|192|1|282|0|273|
148|297|192|1|283|0|273|
148|297|96|1|282|0|273|
148|505|288|1|534|0|482|
148|507|288|1|532|0|485|
148|294|192|1|282|0|273|
148|297|96|1|282|0|273|
148|293|96|1|281|0|273|
148|294|192|1|282|0|273|
148|294|192|1|279|0|272|
148|511|288|1|536|0|482|
148|457|288|1|503|0|483|
148|294|192|1|283|0|273|
148|293|192|1|281|0|273|
148|509|288|1|531|0|485|
148|293|192|1|281|0|273|
148|296|96|1|282|0|273|
148|512|192|1|537|0|482|
148|296|192|1|282|0|273|
148|296|192|1|281|0|273|
148|293|192|1|281|0|273|
148|297|192|1|283|0|273|
148|505|288|1|529|0|485|
148|293|192|1|281|0|273|
148|293|192|1|281|0|273|
148|312|96|1|297|0|273|
148|296|96|1|282|0|273|
148|293|96|1|281|0|273|
148|506|192|1|530|0|485|
148|296|96|1|281|0|273|
148|508|192|1|536|0|482|
148|296|192|1|281|0|273|
148|245|96|1|250|0|271|
148|506|288|1|531|0|485|
148|302|192|1|281|0|273|
148|296|96|1|281|0|273|
148|505|288|1|529|0|485|
148|296|192|1|281|0|273|
148|296|192|1|281|0|273|
148|293|96|1|281|0|273|
148|296|96|1|281|0|273|
148|506|288|1|530|0|485|
148|293|96|1|282|0|273|
148|296|96|1|282|0|273|
148|296|96|1|282|0|273|
148|509|288|1|530|0|485|
148|296|96|1|281|0|273|
148|293|96|1|281|0|273|
148|296|192|1|281|0|273|
148|511|288|1|533|0|482|
148|293|96|1|281|0|273|
148|293|192|1|281|0|273|
148|293|96|1|281|0|273|
148|509|288|1|530|0|485|
148|293|96|1|281|0|273|
148|296|192|1|281|0|273|
148|241|192|1|250|0|271|
148|244|192|1|250|0|271|
148|503|192|1|532|0|482|
148|508|288|1|529|0|485|
148|297|192|1|281|0|273|
148|293|96|1|281|0|273|
148|296|192|1|282|0|273|
148|296|96|1|282|0|273|
148|294|96|1|279|0|272|
148|296|192|1|282|0|273|
148|508|192|1|534|0|482|
148|294|192|1|282|0|273|
148|293|192|1|282|0|273|
148|293|192|1|282|0|273|
148|297|192|1|282|0|273|
148|244|96|1|250|0|271|
148|294|96|1|282|0|273|
148|297|192|1|282|0|273|
148|294|96|1|282|0|273|
148|297|192|1|282|0|273|
148|294|192|1|282|0|273|
148|507|288|1|531|0|482|
148|297|96|1|282|0|273|
148|297|96|1|282|0|273|
148|296|96|1|282|0|273|
148|503|192|1|530|0|485|
148|296|192|1|281|0|273|
148|296|96|1|281|0|273|
148|503|192|1|529|0|485|
148|293|96|1|281|0|273|
148|296|192|1|281|0|273|
148|294|96|1|282|0|273|
148|296|192|1|281|0|273|
148|293|192|1|281|0|273|
148|296|96|1|281|0|273|
148|293|96|1|281|0|273|
148|296|288|1|281|0|273|
148|296|96|1|281|0|273|
148|507|192|1|533|0|485|
148|296|96|1|281|0|273|
148|293|96|1|281|0|273|
148|297|192|1|283|0|273|
148|293|192|1|281|0|273|
148|456|192|1|500|0|483|
148|510|192|1|535|0|485|
148|297|192|1|282|0|273|
148|294|192|1|282|0|273|
148|244|96|1|250|0|271|
148|539|288|1|565|0|485|
148|297|96|1|282|0|273|
148|296|96|1|282|0|273|
148|293|192|1|282|0|273|
148|510|288|1|534|0|482|
148|293|96|1|281|0|273|
148|294|192|1|280|0|269|
148|450|288|1|500|0|480|
148|505|288|1|529|0|485|
148|509|288|1|531|0|485|
148|244|96|1|250|0|271|
148|296|288|1|281|0|273|
148|294|96|1|283|0|273|
148|293|192|1|282|0|273|
148|296|96|1|281|0|273|
148|509|288|1|539|0|482|
148|240|288|1|250|0|271|
148|296|96|1|282|0|273|
148|293|96|1|282|0|273|
148|294|96|1|282|0|273|
148|297|192|1|282|0|273|
148|240|96|1|250|0|271|
148|297|192|1|282|0|273|
148|240|192|1|250|0|271|
148|297|192|1|282|0|273|
148|294|96|1|282|0|273|
148|297|96|1|282|0|273|
148|502|192|1|532|0|482|
148|297|96|1|282|0|273|
148|297|96|1|282|0|273|
148|297|96|1|282|0|273|
148|243|96|1|250|0|271|
148|293|192|1|282|0|273|
148|293|96|1|282|0|273|
148|297|96|1|282|0|273|
148|240|288|1|250|0|271|
148|297|192|1|282|0|273|
148|294|192|1|282|0|273|
148|509|288|1|536|0|482|
148|451|192|1|500|0|483|
148|244|96|1|250|0|271|
148|244|192|1|250|0|271|
148|297|96|1|282|0|273|
148|297|96|1|282|0|273|
148|506|288|1|530|0|485|
148|296|192|1|282|0|273|
148|294|192|1|282|0|273|
148|297|96|1|282|0|273|
148|509|192|1|534|0|482|
148|293|192|1|282|0|273|
148|297|192|1|282|0|273|
148|294|288|1|282|0|273|
148|297|192|1|282|0|273|
148|296|192|1|282|0|273|
148|506|288|1|533|0|482|
148|293|96|1|281|0|273|
148|296|192|1|281|0|273|
148|296|96|1|282|0|273|
148|508|192|1|536|0|482|
148|293|96|1|281|0|273|
148|455|288|1|503|0|480|
148|293|96|1|281|0|273|
148|293|192|1|281|0|273|
148|291|192|1|279|0|272|
148|296|192|1|281|0|273|
148|511|192|1|536|0|482|
148|509|192|1|530|0|485|
148|293|96|1|281|0|273|
148|296|96|1|282|0|273|
148|502|288|1|533|0|482|
148|297|192|1|283|0|273|
148|297|192|1|283|0|273|
148|296|96|1|281|0|273|
148|454|192|1|502|0|480|
148|297|96|1|282|0|273|
148|243|96|1|250|0|271|
148|296|96|1|282|0|273|
148|507|192|1|530|0|485|
148|297|192|1|282|0|273|
148|296|96|1|282|0|273|
148|296|96|1|282|0|273|
148|293|192|1|281|0|273|
148|300|192|1|283|0|273|
148|293|96|1|281|0|273|
148|293|192|1|281|0|273|
148|296|192|1|282|0|273|
148|293|96|1|281|0|273|
148|506|192|1|533|0|482|
148|504|384|1|530|0|485|
148|297|192|1|282|0|273|
148|296|192|1|281|0|273|
148|508|192|1|534|0|482|
148|503|288|1|529|0|485|
148|244|192|1|250|0|271|
148|293|192|1|282|0|273|
148|297|192|1|282|0|273|
148|509|192|1|532|0|485|
148|297|192|1|282|0|273|
148|297|192|1|282|0|273|
148|507|192|1|534|0|482|
148|294|96|1|282|0|273|
148|297|192|1|282|0|273|
148|295|192|1|282|0|273|
148|302|192|1|282|0|273|
148|292|192|1|281|0|270|
148|294|96|1|282|0|273|
148|507|192|1|534|0|482|
148|508|288|1|537|0|482|
148|297|192|1|282|0|273|
148|508|288|1|536|0|482|
148|512|192|1|536|0|482|
148|514|192|1|533|0|485|
148|297|96|1|282|0|273|
148|296|96|1|282|0|273|
148|297|96|1|282|0|273|
148|455|288|1|505|0|480|
148|296|192|1|281|0|273|
148|297|192|1|283|0|273|
148|294|288|1|283|0|273|
148|296|96|1|282|0|273|
148|296|96|1|281|0|273|
148|293|192|1|282|0|273|
148|296|192|1|281|0|273|
148|297|192|1|283|0|273|
148|296|192|1|281|0|273|
148|505|288|1|533|0|482|
148|509|192|1|530|0|485|
148|294|96|1|282|0|273|
148|297|192|1|282|0|273|
148|293|192|1|281|0|273|
148|296|96|1|281|0|273|
148|507|192|1|532|0|485|
148|527|288|1|551|0|485|
148|241|96|1|250|0|271|
148|297|192|1|282|0|273|
148|296|96|1|282|0|273|
148|294|96|1|282|0|273|
148|241|288|1|250|0|271|
148|514|288|1|532|0|485|
148|293|96|1|282|0|273|
148|296|192|1|282|0|273|
148|508|192|1|537|0|482|
148|506|192|1|530|0|485|
148|297|192|1|282|0|273|
148|295|192|1|282|0|273|
148|297|96|1|282|0|273|
148|507|192|1|534|0|482|
148|506|192|1|530|0|485|
148|297|192|1|282|0|273|
148|294|192|1|282|0|273|
148|294|96|1|282|0|273|
148|297|96|1|282|0|273|
148|294|96|1|282|0|273|
148|297|96|1|282|0|273|
148|296|96|1|282|0|273|
148|296|96|1|282|0|273|
148|297|96|1|282|0|273|
148|506|192|1|530|0|485|
148|505|192|1|531|0|485|
148|506|288|1|530|0|485|
148|297|192|1|282|0|273|
148|297|192|1|283|0|273|
148|294|96|1|282|0|273|
148|296|288|1|281|0|273|
148|294|192|1|282|0|273|
148|297|192|1|282|0|273|
148|506|192|1|531|0|485|
148|297|96|1|283|0|273|
148|293|192|1|281|0|273|
148|293|96|1|282|0|273|
148|292|288|1|278|0|268|
148|296|96|1|282|0|273|
148|297|192|1|283|0|273|
148|294|96|1|282|0|273|
148|508|288|1|535|0|482|
148|241|192|1|250|0|271|
148|294|192|1|283|0|273|
148|294|192|1|282|0|273|
148|297|96|1|283|0|273|
148|502|192|1|529|0|485|
148|512|192|1|533|0|485|
148|294|192|1|283|0|273|
148|296|192|1|282|0|273|
148|297|96|1|282|0|273|
148|294|192|1|282|0|273|
148|504|384|1|531|0|485|
148|297|96|1|283|0|273|
148|293|192|1|282|0|273|
148|504|288|1|529|0|485|
148|243|96|1|250|0|271|
148|293|96|1|281|0|273|
148|296|96|1|282|0|273|
148|509|192|1|534|0|485|
148|304|96|1|292|0|273|
148|296|192|1|281|0|273|
148|244|96|1|250|0|271|
148|296|96|1|282|0|273|
148|293|288|1|282|0|273|
148|296|96|1|282|0|273|
148|450|192|1|499|0|480|
148|297|96|1|282|0|273|
148|293|96|1|282|0|273|
148|507|192|1|533|0|482|
148|297|96|1|282|0|273|
148|294|96|1|282|0|273|
148|241|96|1|250|0|271|
148|294|96|1|282|0|273|
148|297|192|1|282|0|273|
148|506|288|1|532|0|485|
148|296|96|1|281|0|273|
148|293|192|1|282|0|273|
148|293|96|1|281|0|273|
148|297|192|1|282|0|273|
148|293|96|1|281|0|273|
148|296|96|1|281|0|273|
148|294|192|1|283|0|273|
148|504|288|1|532|0|485|
148|297|96|1|282|0|273|
148|297|96|1|283|0|273|
148|296|192|1|282|0|273|
148|297|192|1|282|0|273|
148|297|96|1|282|0|273|
148|294|288|1|283|0|273|
148|294|288|1|279|0|272|
148|240|96|1|250|0|271|
148|294|192|1|283|0|273|
148|502|288|1|532|0|482|
148|297|96|1|282|0|273|
148|297|192|1|282|0|273|
148|296|288|1|282|0|273|
148|244|96|1|250|0|271|
148|297|192|1|282|0|273|
148|294|288|1|282|0|273|
148|297|192|1|282|0|273|
148|297|192|1|282|0|273|
148|297|96|1|282|0|273|
148|293|192|1|282|0|273|
148|297|96|1|282|0|273|
148|510|288|1|531|0|485|
148|293|96|1|281|0|273|
148|293|192|1|281|0|273|
148|296|192|1|281|0|273|
148|508|192|1|530|0|485|
148|302|96|1|281|0|269|
148|296|288|1|281|0|273|
148|504|192|1|530|0|482|
148|507|288|1|532|0|485|
148|243|96|1|250|0|271|
148|297|288|1|282|0|273|
148|293|96|1|282|0|273|
148|510|288|1|532|0|485|
148|293|192|1|282|0|273|
148|504|288|1|534|0|482|
148|505|192|1|533|0|482|
148|504|192|1|534|0|482|
148|244|288|1|250|0|271|
148|295|96|1|279|0|272|
148|508|192|1|534|0|482|
148|507|288|1|532|0|485|
148|240|192|1|250|0|271|
148|512|288|1|535|0|482|
148|506|192|1|529|0|485|
148|294|192|1|282|0|273|
148|294|192|1|282|0|273|
148|297|192|1|282|0|273|
148|297|96|1|282|0|273|
148|296|96|1|281|0|273|
148|297|192|1|282|0|273|
148|509|288|1|535|0|482|
148|505|288|1|530|0|485|
148|297|192|1|282|0|273|
148|294|192|1|282|0|273|
148|297|96|1|282|0|273|
148|510|288|1|538|0|482|
148|509|192|1|530|0|485|
148|293|192|1|281|0|273|
148|297|192|1|282|0|273|
148|296|96|1|281|0|273|
148|294|96|1|282|0|273|
148|503|288|1|532|0|482|
148|511|288|1|531|0|485|
148|506|288|1|532|0|485|
148|244|96|1|250|0|271|
148|294|96|1|282|0|273|
148|505|288|1|534|0|482|
148|294|96|1|282|0|273|
148|294|192|1|282|0|273|
148|293|96|1|282|0|273|
148|293|192|1|282|0|273|
148|294|96|1|282|0|273|
148|504|192|1|529|0|485|
148|297|192|1|282|0|273|
148|293|192|1|282|0|273|
148|509|288|1|536|0|482|
148|240|192|1|250|0|271|
148|293|192|1|282|0|273|
148|503|192|1|529|0|485|
148|293|192|1|282|0|273|
148|244|96|1|250|0|271|
148|297|192|1|282|0|273|
148|508|288|1|534|0|482|
148|297|96|1|282|0|273|
148|296|96|1|282|0|273|
148|297|96|1|282|0|273|
148|296|96|1|282|0|273|
148|296|192|1|282|0|273|
148|293|192|1|282|0|273|
148|504|288|1|530|0|485|
148|507|288|1|531|0|485|
148|297|96|1|282|0|273|
148|293|192|1|282|0|273|
148|296|96|1|282|0|273|
148|244|96|1|250|0|271|
148|297|96|1|282|0|273|
148|296|288|1|282|0|273|
148|295|192|1|282|0|273|
148|293|96|1|281|0|273|
148|457|288|1|502|0|480|
148|297|192|1|282|0|273|
148|311|192|1|299|0|273|
148|303|192|1|282|0|273|
148|505|192|1|531|0|485|
148|294|96|1|282|0|273|
148|296|192|1|282|0|273|
148|297|96|1|282|0|273|
148|297|96|1|282|0|273|
148|297|192|1|282|0|273|
148|291|96|1|279|0|272|
148|297|192|1|282|0|273|
148|294|192|1|282|0|273|
148|297|96|1|282|0|273|
148|508|192|1|535|0|482|
148|296|96|1|282|0|273|
148|297|96|1|283|0|273|
148|293|96|1|281|0|273|
148|244|96|1|250|0|271|
148|504|288|1|528|0|485|
148|296|96|1|281|0|273|
148|293|96|1|281|0|273|
148|511|288|1|534|0|482|
148|509|288|1|530|0|485|
148|507|288|1|531|0|485|
148|293|96|1|282|0|273|
148|293|192|1|281|0|273|
148|296|96|1|281|0|273|
148|240|96|1|250|0|271|
148|293|96|1|281|0|273|
148|293|192|1|281|0|273|
148|507|288|1|532|0|482|
148|293|192|1|281|0|273|
148|241|96|1|250|0|271|
148|293|96|1|281|0|273|
148|297|96|1|283|0|273|
148|503|288|1|534|0|482|
148|297|96|1|283|0|273|
148|296|192|1|281|0|273|
148|244|96|1|250|0|271|
148|297|96|1|282|0|273|
148|241|96|1|250|0|271|
148|296|192|1|282|0|273|
148|455|192|1|499|0|483|
148|297|96|1|282|0|273|
148|293|96|1|281|0|273|
148|506|192|1|531|0|485|
148|296|192|1|281|0|273|
148|296|192|1|281|0|273|
148|296|192|1|281|0|273|
148|294|192|1|279|0|272|
148|296|192|1|282|0|273|
148|457|288|1|502|0|480|
148|297|192|1|283|0|273|
148|296|96|1|281|0|273|
148|511|288|1|535|0|482|
148|505|288|1|530|0|485|
148|317|96|1|303|0|273|
148|293|192|1|281|0|273|
148|508|192|1|536|0|482|
148|294|192|1|283|0|273|
148|293|192|1|281|0|273|
148|241|96|1|250|0|271|
148|294|96|1|282|0|273|
148|506|288|1|538|0|482|
148|505|192|1|531|0|485|
148|293|192|1|281|0|273|
148|293|288|1|281|0|273|
148|458|192|1|503|0|480|
148|296|96|1|281|0|273|
148|294|96|1|283|0|273|
148|505|288|1|529|0|485|
148|296|288|1|282|0|273|
148|294|192|1|283|0|273|
148|293|192|1|282|0|273|
148|293|96|1|282|0|273|
148|293|192|1|281|0|273|
148|241|96|1|250|0|271|
148|242|96|1|248|0|271|
148|297|96|1|282|0|273|
148|296|96|1|282|0|273|
148|509|288|1|536|0|482|
148|297|96|1|282|0|273|
148|297|192|1|282|0|273|
148|240|96|1|250|0|271|
148|503|288|1|529|0|485|
148|297|192|1|282|0|273|
148|294|192|1|282|0|273|
148|296|96|1|282|0|273|
148|294|192|1|282|0|273|
148|297|96|1|282|0|273|
148|511|192|1|535|0|482|
148|293|192|1|282|0|273|
148|297|192|1|282|0|273|
148|293|192|1|282|0|273|
148|244|96|1|250|0|271|
148|293|192|1|281|0|273|
148|293|96|1|281|0|273|
148|456|192|1|502|0|480|
148|293|96|1|281|0|273|
148|294|96|1|279|0|272|
148|508|288|1|535|0|482|
148|510|192|1|531|0|485|
148|297|192|1|283|0|273|
148|293|192|1|281|0|273|
148|297|192|1|282|0|273|
148|293|96|1|281|0|273|
148|296|192|1|281|0|273|
148|507|288|1|530|0|485|
148|297|192|1|283|0|273|
148|293|192|1|282|0|273|
148|297|96|1|282|0|273|
148|506|288|1|533|0|482|
148|296|192|1|281|0|273|
148|297|192|1|283|0|273|
148|296|96|1|281|0|273|
148|454|288|1|501|0|477|
148|294|96|1|282|0|273|
148|297|96|1|282|0|273|
148|506|192|1|533|0|482|
148|294|96|1|282|0|273|
148|244|96|1|250|0|271|
148|296|192|1|282|0|273|
148|512|288|1|535|0|482|
148|294|96|1|282|0|273|
148|296|96|1|281|0|273|
148|294|96|1|282|0|273|
148|294|96|1|279|0|272|
148|294|96|1|279|0|272|
148|453|288|1|501|0|480|
148|293|96|1|281|0|273|
148|296|96|1|281|0|273|
148|505|192|1|532|0|482|
148|293|288|1|281|0|273|
148|293|192|1|281|0|273|
148|296|96|1|281|0|273|
148|506|192|1|535|0|482|
148|296|192|1|281|0|273|
148|240|96|1|250|0|271|
148|297|96|1|282|0|273|
148|506|384|1|530|0|485|
148|296|192|1|282|0|273|
148|243|96|1|250|0|271|
148|296|192|1|282|0|273|
148|297|96|1|282|0|273|
148|240|96|1|250|0|271|
148|507|192|1|530|0|485|
148|297|192|1|282|0|273|
148|293|96|1|282|0|273|
148|241|96|1|250|0|271|
148|508|288|1|530|0|485|
148|296|96|1|282|0|273|
148|296|192|1|282|0|273|
148|293|192|1|281|0|273|
148|505|192|1|531|0|482|
148|244|288|1|250|0|271|
148|296|192|1|281|0|273|
148|296|192|1|282|0|273|
148|507|288|1|532|0|482|
148|297|192|1|282|0|273|
148|297|192|1|283|0|273|
148|240|96|1|250|0|271|
148|455|288|1|499|0|479|
148|293|96|1|282|0|273|
148|293|96|1|282|0|273|
148|297|192|1|282|0|273|
148|509|288|1|532|0|485|
148|297|192|1|282|0|273|
148|297|96|1|282|0|273|
148|297|96|1|282|0|273|
148|506|288|1|537|0|482|
148|296|96|1|282|0|273|
148|297|96|1|282|0|273|
148|294|192|1|282|0|273|
148|296|192|1|281|0|273|
148|505|192|1|537|0|482|
148|294|288|1|282|0|273|
148|244|96|1|250|0|271|
148|512|288|1|539|0|482|
148|243|96|1|250|0|271|
148|297|96|1|282|0|273|
148|505|288|1|531|0|482|
148|506|288|1|530|0|485|
148|297|96|1|282|0|273|
148|297|96|1|282|0|273|
148|240|192|1|250|0|271|
148|508|192|1|535|0|482|
148|508|288|1|532|0|485|
148|297|96|1|282|0|273|
148|296|96|1|282|0|273|
148|243|96|1|250|0|271|
148|297|192|1|282|0|273|
148|297|96|1|282|0|273|
148|296|96|1|282|0|273|
148|511|288|1|531|0|485|
148|297|96|1|282|0|273|
148|296|192|1|282|0|273|
148|297|192|1|283|0|273|
148|244|192|1|250|0|271|
148|504|288|1|531|0|485|
148|297|192|1|282|0|273|
148|296|192|1|281|0|273|
148|294|96|1|282|0|273|
148|313|288|1|298|0|273|
148|506|288|1|533|0|482|
148|245|96|1|250|0|271|
148|293|96|1|281|0|273|
148|296|96|1|281|0|273|
148|296|96|1|282|0|273|
148|297|96|1|283|0|273|
148|294|192|1|282|0|273|
148|297|192|1|282|0|273|
148|294|192|1|283|0|273|
148|508|288|1|534|0|485|
148|296|96|1|282|0|273|
148|297|96|1|282|0|273|
148|294|96|1|283|0|273|
148|504|192|1|531|0|485|
148|244|96|1|250|0|271|
148|508|288|1|535|0|482|
148|510|288|1|535|0|485|
148|294|96|1|282|0|273|
148|293|96|1|282|0|273|
148|241|96|1|250|0|271|
148|296|96|1|282|0|273|
148|508|288|1|532|0|485|
148|512|192|1|534|0|485|
148|244|96|1|250|0|271|
148|294|96|1|282|0|273|
148|297|96|1|283|0|273|
148|240|96|1|250|0|271|
148|297|96|1|282|0|273|
148|511|192|1|536|0|482|
148|505|288|1|530|0|485|
148|296|192|1|281|0|273|
148|241|96|1|250|0|271|
148|293|192|1|281|0|273|
148|503|288|1|528|0|485|
148|297|96|1|283|0|273|
148|294|288|1|283|0|273|
148|243|96|1|250|0|271|
148|506|288|1|529|0|485|
148|294|96|1|282|0|273|
148|294|96|1|282|0|273|
148|507|288|1|534|0|482|
148|297|96|1|282|0|273|
148|296|96|1|282|0|273|
148|294|96|1|282|0|273|
148|243|192|1|250|0|271|
148|297|192|1|282|0|273|
148|297|96|1|282|0|273|
148|293|192|1|282|0|273|
148|244|96|1|250|0|271|
148|293|192|1|282|0|273|
148|294|96|1|282|0|273|
148|297|192|1|282|0|273|
148|296|192|1|282|0|273|
148|243|96|1|250|0|271|
148|294|192|1|282|0|273|
148|294|192|1|282|0|273|
148|293|192|1|282|0|273|
148|294|192|1|282|0|273|
148|294|96|1|282|0|273|
148|296|192|1|282|0|273|
148|297|96|1|282|0|273|
148|240|192|1|250|0|271|
148|294|96|1|282|0|273|
148|294|192|1|282|0|273|
148|297|192|1|282|0|273|
148|296|96|1|282|0|273|
148|244|192|1|250|0|271|
148|294|96|1|282|0|273|
148|297|288|1|282|0|273|
148|294|192|1|282|0|273|
148|296|192|1|281|0|273|
148|297|192|1|282|0|273|
148|297|96|1|282|0|273|
148|297|192|1|282|0|273|
148|293|192|1|282|0|273|
148|298|96|1|282|0|273|
148|297|192|1|282|0|273|
148|297|96|1|282|0|273|
148|297|192|1|282|0|273|
148|297|96|1|282|0|273|
148|250|96|1|250|0|271|
148|297|192|1|282|0|273|
148|244|96|1|250|0|271|
148|291|192|1|279|0|272|
148|294|192|1|282|0|273|
148|244|96|1|250|0|271|
148|294|288|1|282|0|273|
148|296|96|1|282|0|273|
148|293|96|1|282|0|273|
148|297|192|1|282|0|273|
148|240|96|1|250|0|271|
148|297|192|1|282|0|273|
148|303|192|1|282|0|273|
148|293|192|1|282|0|273|
148|293|288|1|282|0|273|
148|302|192|1|282|0|273|
148|297|96|1|282|0|273|
148|296|96|1|281|0|273|
148|293|192|1|282|0|273|
148|296|96|1|281|0|273|
148|296|192|1|281|0|273|
148|296|192|1|282|0|273|
148|293|192|1|282|0|273|
148|296|96|1|282|0|273|
148|296|96|1|281|0|273|
148|296|192|1|282|0|273|
148|293|192|1|281|0|273|
148|296|192|1|281|0|273|
148|293|192|1|282|0|273|
148|296|192|1|281|0|273|
148|293|96|1|281|0|273|
148|293|288|1|281|0|273|
148|293|192|1|281|0|273|
148|296|192|1|281|0|273|
148|293|96|1|281|0|273|
148|293|192|1|281|0|273|
148|296|96|1|281|0|273|
148|296|96|1|282|0|273|
148|293|192|1|281|0|273|
148|293|192|1|282|0|273|
148|293|96|1|281|0|273|
148|293|192|1|281|0|273|
148|296|192|1|281|0|273|
148|293|192|1|281|0|273|
148|240|96|1|250|0|271|
148|293|96|1|282|0|273|
148|294|96|1|282|0|273|
148|240|96|1|250|0|271|
148|294|192|1|282|0|273|
148|297|288|1|282|0|273|
148|297|192|1|282|0|273|
148|294|192|1|282|0|273|
148|296|192|1|282|0|273|
148|297|96|1|282|0|273|
148|296|96|1|282|0|273|
148|297|192|1|282|0|273|
148|297|192|1|282|0|273|
148|297|96|1|282|0|273|
148|294|96|1|282|0|273|
148|297|192|1|282|0|273|
148|297|96|1|282|0|273|
148|294|192|1|282|0|273|
148|326|192|1|311|0|273|
148|297|96|1|282|0|273|
148|294|192|1|282|0|273|
148|293|96|1|282|0|273|
148|294|96|1|282|0|273|
148|294|96|1|282|0|273|
