INSTRUCTIONS_RETIRED|CYCLES|UNKNOWN|LD_BLOCKS.STORE_FORWARD|UOPS_EXECUTED.THREAD|BR_MISP_RETIRED.ALL_BRANCHES|UOPS_RETIRED.ANY|
114|206|96|1|216|0|237|
114|210|96|1|216|0|237|
114|260|192|1|249|0|239|
114|206|96|1|216|0|237|
114|268|96|1|247|0|239|
114|262|96|1|247|0|239|
114|259|96|1|247|0|239|
114|262|96|1|247|0|239|
114|209|96|1|216|0|237|
114|262|96|1|248|0|239|
114|260|192|1|248|0|239|
114|260|96|1|248|0|239|
114|263|96|1|248|0|239|
114|263|96|1|248|0|239|
114|259|96|1|248|0|239|
114|263|96|1|248|0|239|
114|262|96|1|248|0|239|
114|263|96|1|248|0|239|
114|262|96|1|248|0|239|
114|286|192|1|271|0|239|
114|262|96|1|248|0|239|
114|259|192|1|248|0|239|
114|260|96|1|248|0|239|
114|210|96|1|216|0|237|
114|263|192|1|248|0|239|
114|263|192|1|248|0|239|
114|262|96|1|247|0|239|
114|262|96|1|247|0|239|
114|262|192|1|247|0|239|
114|259|192|1|247|0|239|
114|259|96|1|248|0|239|
114|263|96|1|248|0|239|
114|206|96|1|216|0|237|
114|263|96|1|248|0|239|
114|260|192|1|248|0|239|
114|262|192|1|247|0|239|
114|263|96|1|249|0|239|
114|262|96|1|247|0|239|
114|262|96|1|247|0|239|
114|210|96|1|216|0|237|
114|260|192|1|249|0|239|
114|259|192|1|247|0|239|
114|262|96|1|247|0|239|
114|263|96|1|248|0|239|
114|259|96|1|248|0|239|
114|260|96|1|248|0|239|
114|263|96|1|248|0|239|
114|260|96|1|248|0|239|
114|260|96|1|248|0|239|
114|260|96|1|248|0|239|
114|260|96|1|248|0|239|
114|259|192|1|247|0|239|
114|260|192|1|249|0|239|
114|262|96|1|248|0|239|
114|259|96|1|247|0|239|
114|260|96|1|249|0|239|
114|259|96|1|247|0|239|
114|259|96|1|247|0|239|
114|262|192|1|247|0|239|
114|259|192|1|247|0|239|
114|262|96|1|247|0|239|
114|259|96|1|247|0|239|
114|259|288|1|247|0|239|
114|259|96|1|247|0|239|
114|260|96|1|247|0|239|
114|261|96|1|249|0|239|
114|260|96|1|248|0|239|
114|210|96|1|216|0|237|
114|263|96|1|249|0|239|
114|263|288|1|249|0|239|
114|259|96|1|247|0|239|
114|260|96|1|248|0|239|
114|260|96|1|249|0|239|
114|262|192|1|248|0|239|
114|262|96|1|247|0|239|
114|260|192|1|249|0|239|
114|262|96|1|248|0|239|
114|262|192|1|247|0|239|
114|263|192|1|247|0|239|
114|260|96|1|249|0|239|
114|263|96|1|249|0|239|
114|260|96|1|248|0|239|
114|210|96|1|216|0|237|
114|260|96|1|248|0|239|
114|259|96|1|248|0|239|
114|260|96|1|248|0|239|
114|259|96|1|248|0|239|
114|259|96|1|248|0|239|
114|257|96|1|245|0|238|
114|263|96|1|248|0|239|
114|210|96|1|216|0|237|
114|262|96|1|247|0|239|
114|259|96|1|248|0|239|
114|207|96|1|216|0|237|
114|263|96|1|249|0|239|
114|263|96|1|249|0|239|
114|259|192|1|248|0|239|
114|262|96|1|247|0|239|
114|285|96|1|257|1|242|
114|259|96|1|247|0|239|
114|260|96|1|248|0|239|
114|260|96|1|249|0|239|
114|259|192|1|247|0|239|
114|259|96|1|247|0|239|
114|210|96|1|216|0|237|
114|209|192|1|216|0|237|
114|209|96|1|216|0|237|
114|260|192|1|248|0|239|
114|260|96|1|248|0|239|
114|259|192|1|248|0|239|
114|263|96|1|248|0|239|
114|210|96|1|216|0|237|
114|210|96|1|216|0|237|
114|210|96|1|216|0|237|
114|260|96|1|248|0|239|
114|260|96|1|249|0|239|
114|260|96|1|248|0|239|
114|259|96|1|248|0|239|
114|262|96|1|247|0|239|
114|259|96|1|247|0|239|
114|278|192|1|266|0|239|
114|207|96|1|216|0|237|
114|263|96|1|248|0|239|
114|260|192|1|248|0|239|
114|262|96|1|248|0|239|
114|263|96|1|248|0|239|
114|210|96|1|216|0|237|
114|263|96|1|248|0|239|
114|263|192|1|248|0|239|
114|263|192|1|248|0|239|
114|260|192|1|248|0|239|
114|259|192|1|248|0|239|
114|260|192|1|248|0|239|
114|259|192|1|247|0|239|
114|260|96|1|248|0|239|
114|262|96|1|248|0|239|
114|260|192|1|248|0|239|
114|260|96|1|247|0|239|
114|262|96|1|248|0|239|
114|259|96|1|248|0|239|
114|259|192|1|247|0|239|
114|262|288|1|247|0|239|
114|259|288|1|247|0|239|
114|262|96|1|247|0|239|
114|262|96|1|247|0|239|
114|262|96|1|248|0|239|
114|259|96|1|247|0|239|
114|259|192|1|247|0|239|
114|259|96|1|248|0|239|
114|262|192|1|247|0|239|
114|259|96|1|247|0|239|
114|262|96|1|247|0|239|
114|262|96|1|247|0|239|
114|259|96|1|247|0|239|
114|259|96|1|248|0|239|
114|259|192|1|248|0|239|
114|260|96|1|248|0|239|
114|260|96|1|248|0|239|
114|260|192|1|248|0|239|
114|262|192|1|248|0|239|
114|259|192|1|248|0|239|
114|259|192|1|247|0|239|
114|260|96|1|248|0|239|
114|260|96|1|248|0|239|
114|259|288|1|248|0|239|
114|260|96|1|248|0|239|
114|260|96|1|248|0|239|
114|259|96|1|248|0|239|
114|262|192|1|247|0|239|
114|259|192|1|248|0|239|
114|259|96|1|247|0|239|
114|259|96|1|247|0|239|
114|259|96|1|247|0|239|
114|209|96|1|216|0|237|
114|259|96|1|247|0|239|
114|262|96|1|248|0|239|
114|259|192|1|247|0|239|
114|262|96|1|247|0|239|
114|259|96|1|248|0|239|
114|259|96|1|247|0|239|
114|262|192|1|248|0|239|
114|259|192|1|247|0|239|
114|259|96|1|247|0|239|
114|262|96|1|248|0|239|
114|262|192|1|247|0|239|
114|259|96|1|248|0|239|
114|262|96|1|248|0|239|
114|259|96|1|247|0|239|
114|259|96|1|247|0|239|
114|259|96|1|247|0|239|
114|260|192|1|248|0|239|
114|262|96|1|248|0|239|
114|259|192|1|248|0|239|
114|262|96|1|248|0|239|
114|263|192|1|248|0|239|
114|263|192|1|248|0|239|
114|259|96|1|248|0|239|
114|259|96|1|247|0|239|
114|262|192|1|247|0|239|
114|260|96|1|248|0|239|
114|262|96|1|247|0|239|
114|260|96|1|248|0|239|
114|262|96|1|248|0|239|
114|260|96|1|248|0|239|
114|259|192|1|247|0|239|
114|259|192|1|247|0|239|
114|263|96|1|248|0|239|
114|262|96|1|247|0|239|
114|263|96|1|248|0|239|
114|262|192|1|247|0|239|
114|259|96|1|247|0|239|
114|259|96|1|247|0|239|
114|262|96|1|247|0|239|
114|262|96|1|247|0|239|
114|260|192|1|249|0|239|
114|262|96|1|247|0|239|
114|259|96|1|248|0|239|
114|259|96|1|247|0|239|
114|262|288|1|248|0|239|
114|268|96|1|247|0|239|
114|260|96|1|249|0|239|
114|207|96|1|216|0|237|
114|210|96|1|216|0|237|
114|260|192|1|248|0|239|
114|260|96|1|248|0|239|
114|260|96|1|248|0|239|
114|262|96|1|248|0|239|
114|260|192|1|248|0|239|
114|259|96|1|248|0|239|
114|263|96|1|248|0|239|
114|259|96|1|248|0|239|
114|260|96|1|248|0|239|
114|260|96|1|248|0|239|
114|209|96|1|216|0|237|
114|260|96|1|248|0|239|
114|260|192|1|248|0|239|
114|259|96|1|247|0|239|
114|263|96|1|248|0|239|
114|260|96|1|249|0|239|
114|209|96|1|216|0|237|
114|260|192|1|248|0|239|
114|210|96|1|216|0|237|
114|209|96|1|216|0|237|
114|263|96|1|248|0|239|
114|262|96|1|248|0|239|
114|260|96|1|248|0|239|
114|263|96|1|248|0|239|
114|262|96|1|248|0|239|
114|260|96|1|248|0|239|
114|260|192|1|248|0|239|
114|262|192|1|248|0|239|
114|260|96|1|248|0|239|
114|262|96|1|248|0|239|
114|263|192|1|248|0|239|
114|209|96|1|216|0|237|
114|263|96|1|248|0|239|
114|263|96|1|248|0|239|
114|210|96|1|216|0|237|
114|263|192|1|248|0|239|
114|262|192|1|248|0|239|
114|207|96|1|216|0|237|
114|259|96|1|247|0|239|
114|259|96|1|247|0|239|
114|259|96|1|248|0|239|
114|260|96|1|249|0|239|
114|216|96|1|216|0|237|
114|259|96|1|247|0|239|
114|259|96|1|247|0|239|
114|262|96|1|248|0|239|
114|260|192|1|247|0|239|
114|259|192|1|247|0|239|
114|260|96|1|249|0|239|
114|262|192|1|247|0|239|
114|259|96|1|247|0|239|
114|262|96|1|248|0|239|
114|259|96|1|247|0|239|
114|263|96|1|249|0|239|
114|262|192|1|247|0|239|
114|262|96|1|247|0|239|
114|260|96|1|249|0|239|
114|263|96|1|247|0|239|
114|259|192|1|247|0|239|
114|259|96|1|247|0|239|
114|259|96|1|247|0|239|
114|259|192|1|248|0|239|
114|210|96|1|216|0|237|
114|260|96|1|248|0|239|
114|263|192|1|248|0|239|
114|263|192|1|248|0|239|
114|259|288|1|248|0|239|
114|259|96|1|248|0|239|
114|206|96|1|216|0|237|
114|260|288|1|248|0|239|
114|260|192|1|248|0|239|
114|207|96|1|216|0|237|
114|259|96|1|248|0|239|
114|260|96|1|248|0|239|
114|263|96|1|248|0|239|
114|259|96|1|248|0|239|
114|259|96|1|248|0|239|
114|263|96|1|248|0|239|
114|260|96|1|248|0|239|
114|207|96|1|216|0|237|
114|263|192|1|248|0|239|
114|260|96|1|248|0|239|
114|263|96|1|248|0|239|
114|260|96|1|248|0|239|
114|260|96|1|248|0|239|
114|263|96|1|248|0|239|
114|210|96|1|216|0|237|
114|207|192|1|216|0|237|
114|260|96|1|248|0|239|
114|209|96|1|216|0|237|
114|263|96|1|248|0|239|
114|260|192|1|248|0|239|
114|260|96|1|248|0|239|
114|263|96|1|248|0|239|
114|260|192|1|248|0|239|
114|260|96|1|248|0|239|
114|263|96|1|248|0|239|
114|260|288|1|248|0|239|
114|263|96|1|248|0|239|
114|210|96|1|216|0|237|
114|206|96|1|216|0|237|
114|263|96|1|248|0|239|
114|260|96|1|248|0|239|
114|210|96|1|216|0|237|
114|259|192|1|248|0|239|
114|210|96|1|216|0|237|
114|259|96|1|248|0|239|
114|262|192|1|248|0|239|
114|260|96|1|248|0|239|
114|260|96|1|248|0|239|
114|209|96|1|216|0|237|
114|207|96|1|216|0|237|
114|207|96|1|216|0|237|
114|259|96|1|247|0|239|
114|262|96|1|247|0|239|
114|209|96|1|216|0|237|
114|259|192|1|248|0|239|
114|207|96|1|216|0|237|
114|262|192|1|248|0|239|
114|263|192|1|248|0|239|
114|260|96|1|248|0|239|
114|260|96|1|248|0|239|
114|263|96|1|248|0|239|
114|260|96|1|248|0|239|
114|260|192|1|248|0|239|
114|259|192|1|248|0|239|
114|259|96|1|248|0|239|
114|262|192|1|248|0|239|
114|263|96|1|248|0|239|
114|263|192|1|248|0|239|
114|260|96|1|249|0|239|
114|260|192|1|248|0|239|
114|262|192|1|247|0|239|
114|262|96|1|248|0|239|
114|262|96|1|247|0|239|
114|263|192|1|248|0|239|
114|263|96|1|248|0|239|
114|259|96|1|248|0|239|
114|209|96|1|216|0|237|
114|210|192|1|216|0|237|
114|259|96|1|247|0|239|
114|262|96|1|248|0|239|
114|207|96|1|216|0|237|
114|263|96|1|248|0|239|
114|210|96|1|216|0|237|
114|260|192|1|248|0|239|
114|206|96|1|216|0|237|
114|262|96|1|248|0|239|
114|260|96|1|248|0|239|
114|209|96|1|216|0|237|
114|266|192|1|248|0|239|
114|260|96|1|248|0|239|
114|260|192|1|248|0|239|
114|209|192|1|216|0|237|
114|263|192|1|248|0|239|
114|266|192|1|248|0|239|
114|259|96|1|247|0|239|
114|210|96|1|216|0|237|
114|260|288|1|248|0|239|
114|262|192|1|248|0|239|
114|262|96|1|248|0|239|
114|260|96|1|248|0|239|
114|259|96|1|248|0|239|
114|260|96|1|248|0|239|
114|263|96|1|248|0|239|
114|263|192|1|248|0|239|
114|265|96|1|248|0|239|
114|262|192|1|248|0|239|
114|260|96|1|248|0|239|
114|263|96|1|248|0|239|
114|210|96|1|216|0|237|
114|263|96|1|248|0|239|
114|260|96|1|248|0|239|
114|260|96|1|248|0|239|
114|262|192|1|248|0|239|
114|259|96|1|248|0|239|
114|262|96|1|248|0|239|
114|262|96|1|247|0|239|
114|259|96|1|247|0|239|
114|272|96|1|258|0|239|
114|706|384|1|335|0|284|
114|210|96|1|216|0|237|
114|259|96|1|248|0|239|
114|262|96|1|247|0|239|
114|259|96|1|247|0|239|
114|209|96|1|216|0|237|
114|260|96|1|248|0|239|
114|206|96|1|216|0|237|
114|263|96|1|248|0|239|
114|210|96|1|216|0|237|
114|207|96|1|216|0|237|
114|260|96|1|249|0|239|
114|260|96|1|248|0|239|
114|259|192|1|248|0|239|
114|210|192|1|216|0|237|
114|262|96|1|248|0|239|
114|259|96|1|247|0|239|
114|287|96|1|256|1|242|
114|260|96|1|249|0|239|
114|262|192|1|247|0|239|
114|287|96|1|273|0|239|
114|260|192|1|249|0|239|
114|260|96|1|249|0|239|
114|260|192|1|248|0|239|
114|259|96|1|247|0|239|
114|280|192|1|265|0|239|
114|262|96|1|247|0|239|
114|259|96|1|248|0|239|
114|262|96|1|247|0|239|
114|209|96|1|216|0|237|
114|259|96|1|247|0|239|
114|259|192|1|247|0|239|
114|260|192|1|249|0|239|
114|259|96|1|247|0|239|
114|262|192|1|247|0|239|
114|259|96|1|247|0|239|
114|209|96|1|216|0|237|
114|260|192|1|249|0|239|
114|259|96|1|247|0|239|
114|259|96|1|247|0|239|
114|259|96|1|247|0|239|
114|259|96|1|247|0|239|
114|259|96|1|248|0|239|
114|259|192|1|248|0|239|
114|259|192|1|247|0|239|
114|262|96|1|248|0|239|
114|262|96|1|247|0|239|
114|259|96|1|247|0|239|
114|259|96|1|248|0|239|
114|260|192|1|249|0|239|
114|262|96|1|247|0|239|
114|210|96|1|216|0|237|
114|209|96|1|216|0|237|
114|207|96|1|216|0|237|
114|260|192|1|248|0|239|
114|230|96|1|223|1|239|
114|259|96|1|248|0|239|
114|263|192|1|248|0|239|
114|260|96|1|248|0|239|
114|259|96|1|248|0|239|
114|260|96|1|248|0|239|
114|207|96|1|216|0|237|
114|262|192|1|248|0|239|
114|206|96|1|216|0|237|
114|262|96|1|248|0|239|
114|205|96|1|215|0|233|
114|263|96|1|248|0|239|
114|260|96|1|248|0|239|
114|263|96|1|248|0|239|
114|260|96|1|248|0|239|
114|259|96|1|248|0|239|
114|213|96|1|216|0|237|
114|284|192|1|273|0|239|
114|260|288|1|248|0|239|
114|262|192|1|248|0|239|
114|260|96|1|248|0|239|
114|259|96|1|247|0|239|
114|260|192|1|248|0|239|
114|263|96|1|248|0|239|
114|260|96|1|248|0|239|
114|207|96|1|216|0|237|
114|210|96|1|216|0|237|
114|260|192|1|248|0|239|
114|260|288|1|248|0|239|
114|262|96|1|248|0|239|
114|260|192|1|248|0|239|
114|259|192|1|248|0|239|
114|259|96|1|248|0|239|
114|260|192|1|248|0|239|
114|259|96|1|248|0|239|
114|260|96|1|248|0|239|
114|259|192|1|248|0|239|
114|259|96|1|248|0|239|
114|260|96|1|248|0|239|
114|260|96|1|248|0|239|
114|260|96|1|248|0|239|
114|259|96|1|248|0|239|
114|260|96|1|248|0|239|
114|260|96|1|248|0|239|
114|260|96|1|248|0|239|
114|260|192|1|248|0|239|
114|260|96|1|248|0|239|
114|262|96|1|247|0|239|
114|261|192|1|247|0|236|
114|262|192|1|247|0|239|
114|259|192|1|248|0|239|
114|263|96|1|248|0|239|
114|259|96|1|247|0|239|
114|262|96|1|247|0|239|
114|209|192|1|216|0|237|
114|259|96|1|248|0|239|
114|260|192|1|249|0|239|
114|260|96|1|249|0|239|
114|260|96|1|248|0|239|
114|259|192|1|247|0|239|
114|263|192|1|249|0|239|
114|259|192|1|247|0|239|
114|260|192|1|249|0|239|
114|262|192|1|247|0|239|
114|260|96|1|249|0|239|
114|259|96|1|248|0|239|
114|263|96|1|248|0|239|
114|260|192|1|249|0|239|
114|259|192|1|247|0|239|
114|260|96|1|248|0|239|
114|260|96|1|249|0|239|
114|262|192|1|247|0|239|
114|262|96|1|248|0|239|
114|262|96|1|247|0|239|
114|262|96|1|248|0|239|
114|262|288|1|247|0|239|
114|207|96|1|216|0|237|
114|262|96|1|247|0|239|
114|259|96|1|247|0|239|
114|259|288|1|247|0|239|
114|259|192|1|248|0|239|
114|209|96|1|216|0|237|
114|262|96|1|247|0|239|
114|262|96|1|248|0|239|
114|207|96|1|216|0|237|
114|262|192|1|247|0|239|
114|262|96|1|247|0|239|
114|262|192|1|247|0|239|
114|210|96|1|216|0|237|
114|259|96|1|247|0|239|
114|259|96|1|247|0|239|
114|259|96|1|248|0|239|
114|210|96|1|216|0|237|
114|257|96|1|246|0|235|
114|262|96|1|247|0|239|
114|262|192|1|247|0|239|
114|259|96|1|247|0|239|
114|257|288|1|245|0|238|
114|259|96|1|247|0|239|
114|207|96|1|216|0|237|
114|259|96|1|248|0|239|
114|209|96|1|216|0|237|
114|263|96|1|248|0|239|
114|260|96|1|248|0|239|
114|259|192|1|248|0|239|
114|260|96|1|248|0|239|
114|263|96|1|248|0|239|
114|262|96|1|248|0|239|
114|259|192|1|248|0|239|
114|262|192|1|248|0|239|
114|259|96|1|248|0|239|
114|259|96|1|248|0|239|
114|260|96|1|248|0|239|
114|257|192|1|245|0|238|
114|207|96|1|216|0|237|
114|259|96|1|248|0|239|
114|209|96|1|216|0|237|
114|261|192|1|248|0|239|
114|260|96|1|248|0|239|
114|261|96|1|248|0|239|
114|257|96|1|246|0|235|
114|260|96|1|248|0|239|
114|257|192|1|245|0|238|
114|260|96|1|249|0|239|
114|260|96|1|248|0|239|
114|260|192|1|248|0|239|
114|263|192|1|248|0|239|
114|262|96|1|248|0|239|
114|210|96|1|216|0|237|
114|263|192|1|248|0|239|
114|263|96|1|248|0|239|
114|262|96|1|248|0|239|
114|209|192|1|216|0|237|
114|262|96|1|248|0|239|
114|259|192|1|248|0|239|
114|263|96|1|249|0|239|
114|263|96|1|248|0|239|
114|260|96|1|249|0|239|
114|209|96|1|216|0|237|
114|259|288|1|248|0|239|
114|260|96|1|248|0|239|
114|261|96|1|248|0|239|
114|259|96|1|247|0|239|
114|260|192|1|249|0|239|
114|260|192|1|249|0|239|
114|259|96|1|248|0|239|
114|259|192|1|247|0|239|
114|260|96|1|248|0|239|
114|260|192|1|248|0|239|
114|260|96|1|248|0|239|
114|259|96|1|247|0|239|
114|260|96|1|249|0|239|
114|205|96|1|214|0|236|
114|209|96|1|216|0|237|
114|260|192|1|248|0|239|
114|263|192|1|248|0|239|
114|260|192|1|248|0|239|
114|209|192|1|216|0|237|
114|259|96|1|248|0|239|
114|260|96|1|248|0|239|
114|259|96|1|248|0|239|
114|260|96|1|248|0|239|
114|262|96|1|248|0|239|
114|260|96|1|248|0|239|
114|260|192|1|248|0|239|
114|262|192|1|248|0|239|
114|260|192|1|248|0|239|
114|263|96|1|248|0|239|
114|260|192|1|248|0|239|
114|260|96|1|248|0|239|
114|263|192|1|248|0|239|
114|263|96|1|248|0|239|
114|260|96|1|248|0|239|
114|262|96|1|248|0|239|
114|259|96|1|248|0|239|
114|262|192|1|247|0|239|
114|269|96|1|249|0|239|
114|262|96|1|248|0|239|
114|259|96|1|247|0|239|
114|259|96|1|247|0|239|
114|260|96|1|249|0|239|
114|259|192|1|247|0|239|
114|260|288|1|249|0|239|
114|210|96|1|216|0|237|
114|260|96|1|248|0|239|
114|259|96|1|247|0|239|
114|262|96|1|247|0|239|
114|262|96|1|247|0|239|
114|260|96|1|248|0|239|
114|262|96|1|247|0|239|
114|262|96|1|247|0|239|
114|260|96|1|248|0|239|
114|260|96|1|248|0|239|
114|259|96|1|247|0|239|
114|259|96|1|247|0|239|
114|262|96|1|247|0|239|
114|259|192|1|247|0|239|
114|259|96|1|248|0|239|
114|207|96|1|216|0|237|
114|259|192|1|247|0|239|
114|262|96|1|247|0|239|
114|262|96|1|247|0|239|
114|259|96|1|247|0|239|
114|259|192|1|247|0|239|
114|262|96|1|248|0|239|
114|262|192|1|248|0|239|
114|262|96|1|247|0|239|
114|259|96|1|247|0|239|
114|262|96|1|247|0|239|
114|263|192|1|249|0|239|
114|259|96|1|247|0|239|
114|259|96|1|247|0|239|
114|259|288|1|247|0|239|
114|259|192|1|247|0|239|
114|259|192|1|248|0|239|
114|262|96|1|247|0|239|
114|259|96|1|247|0|239|
114|210|96|1|216|0|237|
114|262|96|1|247|0|239|
114|262|96|1|247|0|239|
114|260|192|1|249|0|239|
114|259|96|1|247|0|239|
114|263|96|1|249|0|239|
114|259|96|1|247|0|239|
114|262|192|1|247|0|239|
114|259|192|1|247|0|239|
114|259|96|1|248|0|239|
114|262|96|1|248|0|239|
114|260|96|1|248|0|239|
114|263|192|1|248|0|239|
114|260|192|1|248|0|239|
114|260|96|1|248|0|239|
114|259|96|1|248|0|239|
114|260|96|1|248|0|239|
114|259|96|1|248|0|239|
114|210|96|1|216|0|237|
114|260|96|1|248|0|239|
114|257|96|1|245|0|238|
114|209|96|1|216|0|237|
114|263|96|1|248|0|239|
114|260|96|1|248|0|239|
114|263|96|1|248|0|239|
114|262|192|1|248|0|239|
114|260|288|1|248|0|239|
114|259|192|1|248|0|239|
114|260|192|1|248|0|239|
114|260|192|1|248|0|239|
114|259|96|1|248|0|239|
114|260|96|1|248|0|239|
114|260|192|1|248|0|239|
114|207|192|1|216|0|237|
114|260|192|1|248|0|239|
114|260|96|1|248|0|239|
114|259|96|1|248|0|239|
114|259|96|1|247|0|239|
114|259|96|1|247|0|239|
114|257|192|1|245|0|238|
114|259|192|1|247|0|239|
114|262|96|1|247|0|239|
114|211|96|1|216|0|237|
114|259|96|1|247|0|239|
114|257|192|1|245|0|238|
114|259|96|1|247|0|239|
114|263|96|1|249|0|239|
114|260|192|1|249|0|239|
114|209|96|1|216|0|237|
114|257|96|1|245|0|238|
114|263|96|1|249|0|239|
114|262|192|1|247|0|239|
114|260|96|1|249|0|239|
114|260|96|1|248|0|239|
114|260|192|1|249|0|239|
114|262|96|1|247|0|239|
114|260|96|1|248|0|239|
114|260|96|1|248|0|239|
114|260|96|1|249|0|239|
114|259|96|1|248|0|239|
114|262|96|1|247|0|239|
114|259|192|1|247|0|239|
114|259|192|1|247|0|239|
114|259|96|1|247|0|239|
114|260|96|1|248|0|239|
114|262|96|1|248|0|239|
114|263|96|1|249|0|239|
114|260|96|1|249|0|239|
114|260|192|1|248|0|239|
114|259|192|1|247|0|239|
114|259|96|1|247|0|239|
114|210|96|1|216|0|237|
114|260|192|1|248|0|239|
114|259|96|1|248|0|239|
114|283|96|1|272|0|239|
114|260|96|1|248|0|239|
114|262|96|1|248|0|239|
114|257|96|1|245|0|238|
114|262|192|1|248|0|239|
114|260|96|1|248|0|239|
114|263|96|1|248|0|239|
114|260|96|1|249|0|239|
114|263|96|1|248|0|239|
114|260|96|1|248|0|239|
114|259|192|1|247|0|239|
114|262|96|1|247|0|239|
114|207|192|1|216|0|237|
114|259|96|1|248|0|239|
114|260|192|1|248|0|239|
114|207|96|1|216|0|237|
114|263|96|1|248|0|239|
114|260|192|1|248|0|239|
114|263|96|1|248|0|239|
114|209|96|1|216|0|237|
114|263|288|1|248|0|239|
114|262|96|1|247|0|239|
114|259|192|1|248|0|239|
114|260|96|1|248|0|239|
114|262|96|1|248|0|239|
114|260|192|1|248|0|239|
114|263|96|1|248|0|239|
114|260|96|1|248|0|239|
114|260|96|1|248|0|239|
114|259|96|1|248|0|239|
114|263|96|1|248|0|239|
114|263|192|1|248|0|239|
114|263|96|1|248|0|239|
114|262|192|1|248|0|239|
114|260|96|1|248|0|239|
114|260|96|1|248|0|239|
114|262|192|1|248|0|239|
114|263|288|1|248|0|239|
114|260|96|1|248|0|239|
114|262|96|1|248|0|239|
114|210|96|1|216|0|237|
114|260|96|1|248|0|239|
114|260|96|1|248|0|239|
114|285|192|1|257|1|242|
114|260|96|1|248|0|239|
114|275|96|1|263|0|239|
114|263|192|1|248|0|239|
114|260|288|1|248|0|239|
114|210|192|1|216|0|237|
114|259|288|1|248|0|239|
114|262|96|1|248|0|239|
114|207|96|1|216|0|237|
114|207|96|1|216|0|237|
114|259|192|1|247|0|239|
114|268|96|1|248|0|239|
114|262|96|1|247|0|239|
114|259|96|1|247|0|239|
114|259|96|1|247|0|239|
114|259|96|1|247|0|239|
114|262|96|1|248|0|239|
114|262|192|1|247|0|239|
114|259|96|1|248|0|239|
114|260|96|1|249|0|239|
114|259|96|1|248|0|239|
114|209|96|1|216|0|237|
114|262|96|1|248|0|239|
114|263|96|1|249|0|239|
114|265|96|1|247|0|239|
114|262|96|1|247|0|239|
114|259|192|1|247|0|239|
114|262|192|1|247|0|239|
114|259|192|1|247|0|239|
114|263|96|1|247|0|239|
114|260|192|1|248|0|239|
114|260|96|1|249|0|239|
114|260|96|1|248|0|239|
114|259|192|1|247|0|239|
114|262|192|1|247|0|239|
114|268|96|1|248|0|239|
114|259|96|1|248|0|239|
114|268|96|1|247|0|239|
114|259|96|1|247|0|239|
114|262|96|1|248|0|239|
114|262|96|1|247|0|239|
114|262|96|1|247|0|239|
114|262|192|1|248|0|239|
114|259|96|1|247|0|239|
114|260|192|1|247|0|239|
114|262|96|1|247|0|239|
114|259|192|1|248|0|239|
114|287|96|1|273|0|239|
114|263|192|1|248|0|239|
114|263|192|1|248|0|239|
114|261|96|1|247|0|236|
114|283|192|1|262|0|239|
114|211|96|1|216|0|237|
114|263|96|1|248|0|239|
114|260|96|1|248|0|239|
114|207|96|1|216|0|237|
114|260|96|1|248|0|239|
114|260|96|1|248|0|239|
114|260|192|1|248|0|239|
114|259|192|1|248|0|239|
114|260|192|1|248|0|239|
114|260|96|1|248|0|239|
114|262|96|1|248|0|239|
114|263|96|1|248|0|239|
114|260|96|1|248|0|239|
114|263|96|1|248|0|239|
114|263|192|1|248|0|239|
114|217|192|1|216|0|237|
114|260|96|1|248|0|239|
114|262|96|1|248|0|239|
114|262|192|1|248|0|239|
114|260|192|1|248|0|239|
114|259|96|1|247|0|239|
114|259|96|1|248|0|239|
114|262|96|1|247|0|239|
114|262|96|1|248|0|239|
114|259|192|1|247|0|239|
114|259|96|1|247|0|239|
114|262|192|1|247|0|239|
114|262|96|1|247|0|239|
114|259|96|1|248|0|239|
114|262|96|1|248|0|239|
114|260|192|1|249|0|239|
114|259|96|1|247|0|239|
114|209|96|1|216|0|237|
114|262|96|1|247|0|239|
114|262|96|1|247|0|239|
114|262|192|1|247|0|239|
114|259|96|1|247|0|239|
114|259|96|1|247|0|239|
114|259|192|1|247|0|239|
114|268|96|1|248|0|239|
114|262|192|1|247|0|239|
114|260|96|1|248|0|239|
114|260|96|1|249|0|239|
114|209|96|1|216|0|237|
114|260|96|1|249|0|239|
114|212|96|1|216|0|237|
114|259|192|1|247|0|239|
114|209|192|1|216|0|237|
114|259|96|1|247|0|239|
114|260|96|1|248|0|239|
114|263|96|1|249|0|239|
114|263|192|1|249|0|239|
114|259|96|1|247|0|239|
114|262|96|1|247|0|239|
114|262|96|1|248|0|239|
114|259|96|1|247|0|239|
114|259|96|1|247|0|239|
114|262|192|1|247|0|239|
114|268|96|1|247|0|239|
114|259|96|1|248|0|239|
114|257|96|1|245|0|238|
114|259|96|1|248|0|239|
114|262|192|1|247|0|239|
114|259|96|1|248|0|239|
114|260|192|1|249|0|239|
114|262|96|1|247|0|239|
114|259|192|1|247|0|239|
114|262|96|1|247|0|239|
114|259|192|1|247|0|239|
114|262|192|1|247|0|239|
114|260|96|1|249|0|239|
114|260|192|1|248|0|239|
114|259|192|1|247|0|239|
114|262|96|1|247|0|239|
114|259|192|1|248|0|239|
114|259|288|1|247|0|239|
114|262|96|1|248|0|239|
114|262|96|1|248|0|239|
114|259|96|1|247|0|239|
114|259|96|1|247|0|239|
114|262|96|1|247|0|239|
114|260|192|1|248|0|239|
114|259|192|1|247|0|239|
114|259|192|1|247|0|239|
114|262|192|1|247|0|239|
114|262|96|1|247|0|239|
114|262|192|1|247|0|239|
114|262|192|1|248|0|239|
114|262|96|1|247|0|239|
114|257|96|1|246|0|236|
114|259|192|1|247|0|239|
114|262|96|1|247|0|239|
114|259|96|1|247|0|239|
114|262|96|1|247|0|239|
114|259|96|1|247|0|239|
114|210|96|1|216|0|237|
114|262|192|1|247|0|239|
114|259|96|1|247|0|239|
114|259|96|1|247|0|239|
114|259|192|1|247|0|239|
114|259|96|1|247|0|239|
114|262|96|1|247|0|239|
114|210|96|1|216|0|237|
114|262|96|1|248|0|239|
114|259|96|1|247|0|239|
114|262|96|1|247|0|239|
114|259|96|1|247|0|239|
114|259|96|1|247|0|239|
114|259|96|1|247|0|239|
114|259|96|1|247|0|239|
114|262|96|1|248|0|239|
114|259|96|1|247|0|239|
114|262|96|1|247|0|239|
114|259|96|1|247|0|239|
114|263|96|1|247|0|239|
114|259|96|1|247|0|239|
114|257|96|1|245|0|238|
114|260|192|1|249|0|239|
114|262|192|1|248|0|239|
114|259|96|1|247|0|239|
114|259|192|1|247|0|239|
114|259|96|1|247|0|239|
114|260|192|1|249|0|239|
114|259|96|1|248|0|239|
114|263|192|1|249|0|239|
114|260|192|1|249|0|239|
114|259|192|1|247|0|239|
114|262|192|1|247|0|239|
114|259|288|1|247|0|239|
114|263|96|1|248|0|239|
114|263|96|1|248|0|239|
114|260|192|1|248|0|239|
114|260|192|1|248|0|239|
114|289|192|1|274|0|239|
114|260|96|1|248|0|239|
114|260|96|1|248|0|239|
114|260|192|1|249|0|239|
114|260|96|1|249|0|239|
114|260|192|1|248|0|239|
114|207|96|1|216|0|237|
114|259|288|1|247|0|239|
114|260|96|1|248|0|239|
114|260|288|1|249|0|239|
114|262|96|1|247|0|239|
114|260|96|1|249|0|239|
114|259|192|1|248|0|239|
114|260|96|1|248|0|239|
114|260|96|1|248|0|239|
114|259|192|1|248|0|239|
114|263|96|1|248|0|239|
114|259|96|1|247|0|239|
114|259|192|1|247|0|239|
114|259|192|1|247|0|239|
114|259|96|1|247|0|239|
114|259|96|1|247|0|239|
114|262|96|1|247|0|239|
