INSTRUCTIONS_RETIRED|CYCLES|UNKNOWN|LD_BLOCKS.STORE_FORWARD|UOPS_EXECUTED.THREAD|BR_MISP_RETIRED.ALL_BRANCHES|UOPS_RETIRED.ANY|
90|185|96|1|192|0|213|
90|239|96|1|224|0|215|
90|239|96|1|224|0|215|
90|236|96|1|224|0|215|
90|239|96|1|224|0|215|
90|235|96|1|224|0|215|
90|242|96|1|224|0|215|
90|242|96|1|224|0|215|
90|182|96|1|192|0|213|
90|264|192|1|252|0|215|
90|233|96|1|222|0|211|
90|235|96|1|224|0|215|
90|239|192|1|224|0|215|
90|236|96|1|224|0|215|
90|236|96|1|224|0|215|
90|235|96|1|224|0|215|
90|185|96|1|192|0|213|
90|238|96|1|223|0|215|
90|238|192|1|224|0|215|
90|186|96|1|192|0|213|
90|236|96|1|224|0|215|
90|236|192|1|224|0|215|
90|235|96|1|223|0|215|
90|184|96|1|191|0|209|
90|238|96|1|224|0|215|
90|236|192|1|225|0|215|
90|235|192|1|223|0|215|
90|239|96|1|225|0|215|
90|260|192|1|248|0|215|
90|239|192|1|224|0|215|
90|235|192|1|224|0|215|
90|236|96|1|224|0|215|
90|186|96|1|192|0|213|
90|236|96|1|224|0|215|
90|239|96|1|224|0|215|
90|239|96|1|224|0|215|
90|236|96|1|224|0|215|
90|236|96|1|224|0|215|
90|238|96|1|224|0|215|
90|236|96|1|224|0|215|
90|246|96|1|219|0|218|
90|186|96|1|192|0|213|
90|236|96|1|225|0|215|
90|238|96|1|223|0|215|
90|235|96|1|223|0|215|
90|240|192|1|224|0|215|
90|239|192|1|225|0|215|
90|238|192|1|223|0|215|
90|238|192|1|224|0|215|
90|236|96|1|223|0|211|
90|236|96|1|224|0|215|
90|264|96|1|253|0|215|
90|236|96|1|222|0|214|
90|237|96|1|225|0|215|
90|238|96|1|223|0|215|
90|265|96|1|257|0|215|
90|238|288|1|224|0|215|
90|233|96|1|221|0|214|
90|239|96|1|225|0|215|
90|235|96|1|223|0|215|
90|236|96|1|225|0|215|
90|236|96|1|224|0|215|
90|236|96|1|224|0|215|
90|236|96|1|224|0|215|
90|236|96|1|225|0|215|
90|238|96|1|223|0|215|
90|235|96|1|223|0|215|
90|185|96|1|192|0|213|
90|240|96|1|225|0|215|
90|236|96|1|225|0|215|
90|239|96|1|225|0|215|
90|235|192|1|223|0|215|
90|236|192|1|224|0|215|
90|238|96|1|223|0|215|
90|235|192|1|223|0|215|
90|183|96|1|192|0|213|
90|238|96|1|223|0|215|
90|183|96|1|192|0|213|
90|236|96|1|224|0|215|
90|235|96|1|223|0|215|
90|238|96|1|223|0|215|
90|236|96|1|224|0|215|
90|183|96|1|192|0|213|
90|235|96|1|224|0|215|
90|185|192|1|192|0|213|
90|239|96|1|224|0|215|
90|245|96|1|224|0|215|
90|238|192|1|223|0|215|
90|235|96|1|224|0|215|
90|266|96|1|261|0|215|
90|238|96|1|223|0|215|
90|239|288|1|223|0|215|
90|181|96|1|191|0|209|
90|238|96|1|224|0|215|
90|238|96|1|224|0|215|
90|236|96|1|224|0|215|
90|236|192|1|221|0|214|
90|235|96|1|224|0|215|
90|239|96|1|224|0|215|
90|236|192|1|224|0|215|
90|235|96|1|223|0|215|
90|235|192|1|224|0|215|
90|318|192|1|247|0|221|
90|235|192|1|223|0|215|
90|239|96|1|224|0|215|
90|239|192|1|224|0|215|
90|239|96|1|224|0|215|
90|239|192|1|224|0|215|
90|239|96|1|224|0|215|
90|233|96|1|221|0|214|
90|239|96|1|225|0|215|
90|235|96|1|223|0|215|
90|238|96|1|223|0|215|
90|235|96|1|223|0|215|
90|239|96|1|225|0|215|
90|238|96|1|223|0|215|
90|236|96|1|225|0|215|
90|238|96|1|223|0|215|
90|235|96|1|223|0|215|
90|238|192|1|223|0|215|
90|235|96|1|223|0|215|
90|235|96|1|223|0|215|
90|239|96|1|224|0|215|
90|239|192|1|224|0|215|
90|238|96|1|224|0|215|
90|236|96|1|224|0|215|
90|236|96|1|224|0|215|
90|183|96|1|192|0|213|
90|238|96|1|224|0|215|
90|238|96|1|224|0|215|
90|238|192|1|223|0|215|
90|236|96|1|224|0|215|
90|238|96|1|223|0|215|
90|238|96|1|224|0|215|
90|235|96|1|224|0|215|
90|236|192|1|223|0|215|
90|236|96|1|221|0|214|
90|185|96|1|192|0|213|
90|240|96|1|222|0|212|
90|239|96|1|224|0|215|
90|239|192|1|224|0|215|
90|238|96|1|224|0|215|
90|238|96|1|224|0|215|
90|239|96|1|224|0|215|
90|186|0|1|192|0|213|
90|185|96|1|192|0|213|
90|236|96|1|224|0|215|
90|236|96|1|224|0|215|
90|235|96|1|224|0|215|
90|236|96|1|224|0|215|
90|239|96|1|224|0|215|
90|183|96|1|192|0|213|
90|236|96|1|224|0|215|
90|237|96|1|224|0|215|
90|236|96|1|224|0|215|
90|183|96|1|192|0|213|
90|236|192|1|224|0|215|
90|238|96|1|224|0|215|
90|235|96|1|224|0|215|
90|183|96|1|192|0|213|
90|235|96|1|224|0|215|
90|238|96|1|224|0|215|
90|235|96|1|224|0|215|
90|236|96|1|224|0|215|
90|239|96|1|224|0|215|
90|238|96|1|224|0|215|
90|236|96|1|224|0|215|
90|238|192|1|224|0|215|
90|238|192|1|224|0|215|
90|235|96|1|224|0|215|
90|238|96|1|223|0|215|
90|235|96|1|223|0|215|
90|238|192|1|223|0|215|
90|238|192|1|223|0|215|
90|238|96|1|223|0|215|
90|236|96|1|225|0|215|
90|235|96|1|223|0|215|
90|236|96|1|224|0|215|
90|235|96|1|223|0|215|
90|235|96|1|223|0|215|
90|238|192|1|223|0|215|
90|239|96|1|224|0|215|
90|235|96|1|223|0|215|
90|235|96|1|223|0|215|
90|235|96|1|223|0|215|
90|238|96|1|223|0|215|
90|266|96|1|257|0|215|
90|238|96|1|224|0|215|
90|186|96|1|192|0|213|
90|235|96|1|223|0|215|
90|238|192|1|224|0|215|
90|235|96|1|223|0|215|
90|186|96|1|192|0|213|
90|235|96|1|224|0|215|
90|239|96|1|224|0|215|
90|235|96|1|223|0|215|
90|238|96|1|224|0|215|
90|238|192|1|224|0|215|
90|235|96|1|223|0|215|
90|235|192|1|223|0|215|
90|238|96|1|223|0|215|
90|238|96|1|224|0|215|
90|233|96|1|221|0|214|
90|236|96|1|224|0|215|
90|235|96|1|224|0|215|
90|239|192|1|224|0|215|
90|236|96|1|224|0|215|
90|235|96|1|224|0|215|
90|236|192|1|224|0|215|
90|238|192|1|224|0|215|
90|183|96|1|192|0|213|
90|236|96|1|225|0|215|
90|238|96|1|223|0|215|
90|239|96|1|224|0|215|
90|239|96|1|224|0|215|
90|236|96|1|223|0|211|
90|236|192|1|224|0|215|
90|239|96|1|224|0|215|
90|236|96|1|224|0|215|
90|238|96|1|223|0|215|
90|235|96|1|224|0|215|
90|238|96|1|223|0|215|
90|235|192|1|224|0|215|
90|236|96|1|224|0|215|
90|241|96|1|223|0|215|
90|238|96|1|223|0|215|
90|234|96|1|223|0|211|
90|236|96|1|224|0|215|
90|239|192|1|224|0|215|
90|239|288|1|224|0|215|
90|238|96|1|224|0|215|
90|233|96|1|222|0|211|
90|236|192|1|224|0|215|
90|236|96|1|224|0|215|
90|239|96|1|224|0|215|
90|238|96|1|224|0|215|
90|235|96|1|224|0|215|
90|238|96|1|224|0|215|
90|238|96|1|224|0|215|
90|235|96|1|224|0|215|
90|235|96|1|224|0|215|
90|235|96|1|224|0|215|
90|238|192|1|224|0|215|
90|236|96|1|224|0|215|
90|236|96|1|224|0|215|
90|236|96|1|224|0|215|
90|239|96|1|224|0|215|
90|236|192|1|224|0|215|
90|239|96|1|224|0|215|
90|236|192|1|224|0|215|
90|235|96|1|224|0|215|
90|236|192|1|224|0|215|
90|185|96|1|192|0|213|
90|238|96|1|224|0|215|
90|236|96|1|224|0|215|
90|238|96|1|224|0|215|
90|238|96|1|224|0|215|
90|235|192|1|224|0|215|
90|236|96|1|224|0|215|
90|238|96|1|224|0|215|
90|267|96|1|261|0|215|
90|184|192|1|194|0|215|
90|236|96|1|225|0|215|
90|235|96|1|223|0|215|
90|235|192|1|223|0|215|
90|238|192|1|224|0|215|
90|235|96|1|223|0|215|
90|236|96|1|224|0|215|
90|236|96|1|224|0|215|
90|235|96|1|223|0|215|
90|239|96|1|225|0|215|
90|239|192|1|224|0|215|
90|238|96|1|223|0|215|
90|240|192|1|224|0|215|
90|236|192|1|224|0|215|
90|236|192|1|224|0|215|
90|236|192|1|224|0|215|
90|236|96|1|224|0|215|
90|238|96|1|223|0|215|
90|185|96|1|192|0|213|
90|186|96|1|192|0|213|
90|236|96|1|225|0|215|
90|241|192|1|223|0|215|
90|235|96|1|223|0|215|
90|238|96|1|223|0|215|
90|235|192|1|223|0|215|
90|235|96|1|223|0|215|
90|186|96|1|192|0|213|
90|235|96|1|224|0|215|
90|236|192|1|224|0|215|
90|239|96|1|224|0|215|
90|236|192|1|224|0|215|
90|236|192|1|224|0|215|
90|239|96|1|224|0|215|
90|239|96|1|224|0|215|
90|239|96|1|224|0|215|
90|236|96|1|224|0|215|
90|239|96|1|224|0|215|
90|239|96|1|224|0|215|
90|236|192|1|224|0|215|
90|238|192|1|224|0|215|
90|236|96|1|225|0|215|
90|236|96|1|225|0|215|
90|181|96|1|191|0|209|
90|186|96|1|192|0|213|
90|238|96|1|223|0|215|
90|238|96|1|223|0|215|
90|236|288|1|225|0|215|
90|236|96|1|224|0|215|
90|239|96|1|225|0|215|
90|239|96|1|225|0|215|
90|236|96|1|224|0|215|
90|238|96|1|223|0|215|
90|238|96|1|224|0|215|
90|235|96|1|224|0|215|
90|235|192|1|224|0|215|
90|238|96|1|223|0|215|
90|238|288|1|223|0|215|
90|238|96|1|223|0|215|
90|238|192|1|224|0|215|
90|235|96|1|223|0|215|
90|238|192|1|223|0|215|
90|238|96|1|223|0|215|
90|238|96|1|223|0|215|
90|238|96|1|224|0|215|
90|238|96|1|223|0|215|
90|183|96|1|192|0|213|
90|236|192|1|224|0|215|
90|239|96|1|225|0|215|
90|238|96|1|223|0|215|
90|235|192|1|223|0|215|
90|183|0|1|192|0|213|
90|238|96|1|224|0|215|
90|238|192|1|224|0|215|
90|239|96|1|224|0|215|
90|235|96|1|224|0|215|
90|236|96|1|224|0|215|
90|239|192|1|224|0|215|
90|235|96|1|224|0|215|
90|183|96|1|192|0|213|
90|235|96|1|224|0|215|
90|185|96|1|192|0|213|
90|237|192|1|224|0|215|
90|236|96|1|224|0|215|
90|236|96|1|224|0|215|
90|239|192|1|224|0|215|
90|235|96|1|224|0|215|
90|236|96|1|224|0|215|
90|186|96|1|192|0|213|
90|239|96|1|224|0|215|
90|236|192|1|224|0|215|
90|237|96|1|225|0|215|
90|238|96|1|223|0|215|
90|238|96|1|223|0|215|
90|183|96|1|192|0|213|
90|235|192|1|223|0|215|
90|238|96|1|223|0|215|
90|185|96|1|192|0|213|
90|239|96|1|224|0|215|
90|238|192|1|224|0|215|
90|235|192|1|223|0|215|
90|236|192|1|225|0|215|
90|238|96|1|223|0|215|
90|237|96|1|224|0|215|
90|238|96|1|223|0|215|
90|235|96|1|224|0|215|
90|238|96|1|224|0|215|
90|238|192|1|223|0|215|
90|238|96|1|223|0|215|
90|239|96|1|225|0|215|
90|238|96|1|223|0|215|
90|183|96|1|192|0|213|
90|236|96|1|225|0|215|
90|236|192|1|224|0|215|
90|236|96|1|224|0|215|
90|239|96|1|224|0|215|
90|236|96|1|224|0|215|
90|236|192|1|224|0|215|
90|185|96|1|192|0|213|
90|239|192|1|224|0|215|
90|239|96|1|224|0|215|
90|236|96|1|224|0|215|
90|239|96|1|224|0|215|
90|236|96|1|224|0|215|
90|236|192|1|224|0|215|
90|236|96|1|224|0|215|
90|239|96|1|224|0|215|
90|236|96|1|224|0|215|
90|239|96|1|224|0|215|
90|186|96|1|192|0|213|
90|239|96|1|224|0|215|
90|236|192|1|224|0|215|
90|238|96|1|223|0|215|
90|235|192|1|223|0|215|
90|238|192|1|223|0|215|
90|235|96|1|223|0|215|
90|233|96|1|221|0|214|
90|238|96|1|223|0|215|
90|235|96|1|224|0|215|
90|235|96|1|223|0|215|
90|238|96|1|223|0|215|
90|238|192|1|223|0|215|
90|235|96|1|223|0|215|
90|186|96|1|192|0|213|
90|183|96|1|192|0|213|
90|183|96|1|192|0|213|
90|186|96|1|192|0|213|
90|238|192|1|224|0|215|
90|235|96|1|224|0|215|
90|239|192|1|224|0|215|
90|239|96|1|224|0|215|
90|186|96|1|192|0|213|
90|235|96|1|223|0|215|
90|236|96|1|225|0|215|
90|236|192|1|225|0|215|
90|235|192|1|224|0|215|
90|235|192|1|223|0|215|
90|238|192|1|223|0|215|
90|235|192|1|223|0|215|
90|454|288|1|477|0|424|
90|185|96|1|192|0|213|
90|236|96|1|224|0|215|
90|448|288|1|480|0|424|
90|238|192|1|224|0|215|
90|235|96|1|224|0|215|
90|240|96|1|224|0|215|
90|235|96|1|224|0|215|
90|445|192|1|473|0|427|
90|236|96|1|224|0|215|
90|261|96|1|249|0|215|
90|185|96|1|192|0|213|
90|186|96|1|192|0|213|
90|239|192|1|224|0|215|
90|236|96|1|224|0|215|
90|239|96|1|224|0|215|
90|236|96|1|224|0|215|
90|452|192|1|476|0|424|
90|448|192|1|477|0|427|
90|235|96|1|224|0|215|
90|236|96|1|224|0|215|
90|236|96|1|224|0|215|
90|450|288|1|476|0|424|
90|446|192|1|474|0|427|
90|238|96|1|223|0|215|
90|238|192|1|223|0|215|
90|183|96|1|192|0|213|
90|235|192|1|224|0|215|
90|233|192|1|221|0|214|
90|236|96|1|224|0|215|
90|451|192|1|476|0|424|
90|186|96|1|192|0|213|
90|186|96|1|192|0|213|
90|238|192|1|224|0|215|
90|235|192|1|224|0|215|
90|236|96|1|224|0|215|
90|235|96|1|224|0|215|
90|182|96|1|192|0|213|
90|399|192|1|448|0|422|
90|235|96|1|223|0|215|
90|239|96|1|224|0|215|
90|455|288|1|480|0|424|
90|236|96|1|225|0|215|
90|236|96|1|225|0|215|
90|238|96|1|223|0|215|
90|235|96|1|223|0|215|
90|235|288|1|223|0|215|
90|453|192|1|476|0|424|
90|238|96|1|223|0|215|
90|185|96|1|192|0|213|
90|447|288|1|472|0|424|
90|239|192|1|224|0|215|
90|235|96|1|224|0|215|
90|236|96|1|225|0|215|
90|235|96|1|223|0|215|
90|239|96|1|224|0|215|
90|235|96|1|224|0|215|
90|183|192|1|192|0|213|
90|235|96|1|224|0|215|
90|238|96|1|224|0|215|
90|235|192|1|224|0|215|
90|448|192|1|475|0|424|
90|446|192|1|473|0|427|
90|236|192|1|224|0|215|
90|236|192|1|224|0|215|
90|236|96|1|224|0|215|
90|185|96|1|192|0|213|
90|236|96|1|224|0|215|
90|238|96|1|224|0|215|
90|453|192|1|478|0|424|
90|239|192|1|224|0|215|
90|236|96|1|224|0|215|
90|236|96|1|224|0|215|
90|236|96|1|224|0|215|
90|451|192|1|477|0|424|
90|447|288|1|471|0|427|
90|238|96|1|223|0|215|
90|238|96|1|223|0|215|
90|185|96|1|192|0|213|
90|238|192|1|223|0|215|
90|453|288|1|478|0|424|
90|449|192|1|474|0|427|
90|238|96|1|223|0|215|
90|235|192|1|223|0|215|
90|236|96|1|225|0|215|
90|449|192|1|472|0|427|
90|448|192|1|473|0|427|
90|239|96|1|225|0|215|
90|238|192|1|223|0|215|
90|447|192|1|473|0|424|
90|447|192|1|471|0|427|
90|235|96|1|223|0|215|
90|235|192|1|223|0|215|
90|453|288|1|477|0|424|
90|238|192|1|224|0|215|
90|186|96|1|192|0|213|
90|235|192|1|223|0|215|
90|235|96|1|223|0|215|
90|445|288|1|470|0|427|
90|236|96|1|221|0|214|
90|185|96|1|192|0|213|
90|236|96|1|224|0|215|
90|236|96|1|224|0|215|
90|239|96|1|224|0|215|
90|451|288|1|476|0|424|
90|236|96|1|224|0|215|
90|186|96|1|192|0|213|
90|186|96|1|192|0|213|
90|238|192|1|223|0|215|
90|235|96|1|223|0|215|
90|238|96|1|224|0|215|
90|238|96|1|223|0|215|
90|235|96|1|223|0|215|
90|448|192|1|470|0|427|
90|235|192|1|223|0|215|
90|236|96|1|225|0|215|
90|239|96|1|225|0|215|
90|450|192|1|478|0|424|
90|236|96|1|225|0|215|
90|235|192|1|224|0|215|
90|236|96|1|225|0|215|
90|450|192|1|477|0|424|
90|452|288|1|475|0|424|
90|235|96|1|223|0|215|
90|235|96|1|223|0|215|
90|235|96|1|224|0|215|
90|185|96|1|192|0|213|
90|444|192|1|473|0|427|
90|269|96|1|258|0|215|
90|235|96|1|223|0|215|
90|453|288|1|477|0|424|
90|448|192|1|473|0|427|
90|235|96|1|224|0|215|
90|235|96|1|224|0|215|
90|236|192|1|224|0|215|
90|397|288|1|443|0|422|
90|238|96|1|223|0|215|
90|235|96|1|223|0|215|
90|450|192|1|474|0|427|
90|238|96|1|223|0|215|
90|236|96|1|225|0|215|
90|235|96|1|224|0|215|
90|249|96|1|224|0|215|
90|235|192|1|223|0|215|
90|235|192|1|223|0|215|
90|236|96|1|225|0|215|
90|447|288|1|475|0|427|
90|240|192|1|225|0|215|
90|238|96|1|223|0|215|
90|446|192|1|473|0|427|
90|238|96|1|221|0|218|
90|238|96|1|223|0|215|
90|235|192|1|223|0|215|
90|238|96|1|224|0|215|
90|452|192|1|476|0|427|
90|235|96|1|223|0|215|
90|235|96|1|224|0|215|
90|239|192|1|223|0|215|
90|452|192|1|477|0|424|
90|454|192|1|476|0|424|
90|476|192|1|511|0|424|
90|239|96|1|225|0|215|
90|238|96|1|223|0|215|
90|238|96|1|223|0|215|
90|395|192|1|442|0|425|
90|235|96|1|224|0|215|
90|235|96|1|223|0|215|
90|235|96|1|223|0|215|
90|399|192|1|444|0|422|
90|239|96|1|224|0|215|
90|235|96|1|224|0|215|
90|239|96|1|224|0|215|
90|183|96|1|192|0|213|
90|239|96|1|224|0|215|
90|451|288|1|472|0|427|
90|235|96|1|223|0|215|
90|183|0|1|192|0|213|
90|397|192|1|445|0|425|
90|185|96|1|192|0|213|
90|236|96|1|224|0|215|
90|397|288|1|443|0|425|
90|183|96|1|192|0|213|
90|238|96|1|224|0|215|
90|239|192|1|224|0|215|
90|238|96|1|224|0|215|
90|448|288|1|477|0|427|
90|235|96|1|224|0|215|
90|233|192|1|222|0|211|
90|446|192|1|476|0|424|
90|450|192|1|475|0|424|
90|236|96|1|224|0|215|
90|238|96|1|224|0|215|
90|447|192|1|471|0|427|
90|239|96|1|225|0|215|
90|238|96|1|224|0|215|
90|449|288|1|475|0|424|
90|235|96|1|224|0|215|
90|185|96|1|192|0|213|
90|445|192|1|475|0|424|
90|238|96|1|224|0|215|
90|236|96|1|224|0|215|
90|236|96|1|224|0|215|
90|185|96|1|192|0|213|
90|239|96|1|224|0|215|
90|235|96|1|224|0|215|
90|236|96|1|224|0|215|
90|449|288|1|473|0|427|
90|236|96|1|224|0|215|
90|236|96|1|224|0|215|
90|236|192|1|224|0|215|
90|236|192|1|224|0|215|
90|239|96|1|224|0|215|
90|235|96|1|224|0|215|
90|393|192|1|442|0|421|
90|239|96|1|224|0|215|
90|236|192|1|224|0|215|
90|239|96|1|224|0|215|
90|236|96|1|224|0|215|
90|185|96|1|192|0|213|
90|233|96|1|221|0|214|
90|479|288|1|512|0|424|
90|450|288|1|474|0|427|
90|235|96|1|224|0|215|
90|238|96|1|224|0|215|
90|186|96|1|192|0|213|
90|235|96|1|223|0|215|
90|185|0|1|192|0|213|
90|236|96|1|224|0|215|
90|446|192|1|472|0|424|
90|238|96|1|224|0|215|
90|235|96|1|224|0|215|
90|236|96|1|224|0|215|
90|394|288|1|441|0|422|
90|239|96|1|224|0|215|
90|238|96|1|223|0|215|
90|239|96|1|224|0|215|
90|236|192|1|224|0|215|
90|238|192|1|224|0|215|
90|238|96|1|223|0|215|
90|235|96|1|223|0|215|
90|238|96|1|224|0|215|
90|235|96|1|224|0|215|
90|236|96|1|224|0|215|
90|235|96|1|224|0|215|
90|236|96|1|224|0|215|
90|236|96|1|224|0|215|
90|238|192|1|224|0|215|
90|236|96|1|224|0|215|
90|253|96|1|241|0|215|
90|236|96|1|224|0|215|
90|185|96|1|192|0|213|
90|240|96|1|223|0|212|
90|235|96|1|224|0|215|
90|235|192|1|224|0|215|
90|239|192|1|224|0|215|
90|235|96|1|223|0|215|
90|238|96|1|223|0|215|
90|238|192|1|223|0|215|
90|235|96|1|223|0|215|
90|235|96|1|223|0|215|
90|238|96|1|223|0|215|
90|238|192|1|224|0|215|
90|238|96|1|223|0|215|
90|238|192|1|223|0|215|
90|235|96|1|223|0|215|
90|235|96|1|223|0|215|
90|235|96|1|223|0|215|
90|233|96|1|222|0|211|
90|238|192|1|224|0|215|
90|236|96|1|224|0|215|
90|240|96|1|224|0|215|
90|183|96|1|192|0|213|
90|236|96|1|224|0|215|
90|235|96|1|224|0|215|
90|236|96|1|224|0|215|
90|239|96|1|224|0|215|
90|238|96|1|224|0|215|
90|239|96|1|224|0|215|
90|235|96|1|224|0|215|
90|235|96|1|224|0|215|
90|235|96|1|224|0|215|
90|244|192|1|224|0|215|
90|235|192|1|224|0|215|
90|236|192|1|225|0|215|
90|236|96|1|224|0|215|
90|236|96|1|224|0|215|
90|202|96|1|191|0|216|
90|236|192|1|225|0|215|
90|235|96|1|223|0|215|
90|235|96|1|224|0|215|
90|236|192|1|224|0|215|
90|183|96|1|192|0|213|
90|239|96|1|224|0|215|
90|238|192|1|224|0|215|
90|236|96|1|224|0|215|
90|236|96|1|224|0|215|
90|236|192|1|224|0|215|
90|239|192|1|224|0|215|
90|239|192|1|224|0|215|
90|236|96|1|224|0|215|
90|239|192|1|224|0|215|
90|238|96|1|223|0|215|
90|235|96|1|223|0|215|
90|244|96|1|224|0|215|
90|235|96|1|223|0|215|
90|240|192|1|225|0|215|
90|235|192|1|223|0|215|
90|235|96|1|223|0|215|
90|235|192|1|223|0|215|
90|235|96|1|223|0|215|
90|235|96|1|223|0|215|
90|183|96|1|192|0|213|
90|236|96|1|224|0|215|
90|188|0|1|192|0|213|
90|238|96|1|224|0|215|
90|236|96|1|224|0|215|
90|236|96|1|224|0|215|
90|183|96|1|192|0|213|
90|236|96|1|224|0|215|
90|236|96|1|224|0|215|
90|239|96|1|224|0|215|
90|239|96|1|224|0|215|
90|233|96|1|221|0|214|
90|236|96|1|224|0|215|
90|239|192|1|224|0|215|
90|239|96|1|224|0|215|
90|236|96|1|225|0|215|
90|186|96|1|192|0|213|
90|236|96|1|224|0|215|
90|239|96|1|224|0|215|
90|239|192|1|225|0|215|
90|235|96|1|224|0|215|
90|238|96|1|223|0|215|
90|235|96|1|224|0|215|
90|235|96|1|223|0|215|
90|238|96|1|223|0|215|
90|239|96|1|224|0|215|
90|238|96|1|224|0|215|
90|235|96|1|223|0|215|
90|238|96|1|223|0|215|
90|238|96|1|223|0|215|
90|238|96|1|223|0|215|
90|235|192|1|223|0|215|
90|238|96|1|223|0|215|
90|238|288|1|223|0|215|
90|238|96|1|223|0|215|
90|238|192|1|223|0|215|
90|235|96|1|223|0|215|
90|235|192|1|224|0|215|
90|235|96|1|223|0|215|
90|238|96|1|223|0|215|
90|235|96|1|223|0|215|
90|236|96|1|224|0|215|
90|236|96|1|225|0|215|
90|238|96|1|224|0|215|
90|239|96|1|225|0|215|
90|236|96|1|224|0|215|
90|235|96|1|224|0|215|
90|266|96|1|257|0|215|
90|236|96|1|224|0|215|
90|239|96|1|225|0|215|
90|238|96|1|223|0|215|
90|186|96|1|192|0|213|
90|235|96|1|223|0|215|
90|239|96|1|225|0|215|
90|236|96|1|224|0|215|
90|236|96|1|224|0|215|
90|238|192|1|224|0|215|
90|237|96|1|222|0|214|
90|236|192|1|224|0|215|
90|239|96|1|224|0|215|
90|238|96|1|224|0|215|
90|239|96|1|224|0|215|
90|236|96|1|224|0|215|
90|186|96|1|192|0|213|
90|238|96|1|223|0|215|
90|235|192|1|223|0|215|
90|235|96|1|224|0|215|
90|235|96|1|224|0|215|
90|235|96|1|224|0|215|
90|235|96|1|224|0|215|
90|238|96|1|223|0|215|
90|239|192|1|224|0|215|
90|238|96|1|224|0|215|
90|236|96|1|224|0|215|
90|238|192|1|223|0|215|
90|235|96|1|223|0|215|
90|238|96|1|224|0|215|
90|235|192|1|223|0|215|
90|235|288|1|223|0|215|
90|238|96|1|223|0|215|
90|238|96|1|223|0|215|
90|186|96|1|192|0|213|
90|186|96|1|192|0|213|
90|236|96|1|221|0|214|
90|235|192|1|223|0|215|
90|238|96|1|223|0|215|
90|238|96|1|223|0|215|
90|235|96|1|224|0|215|
90|238|96|1|224|0|215|
90|236|96|1|224|0|215|
90|236|96|1|224|0|215|
90|183|96|1|192|0|213|
90|236|192|1|224|0|215|
90|186|96|1|192|0|213|
90|236|96|1|224|0|215|
90|236|96|1|224|0|215|
90|236|96|1|224|0|215|
90|183|96|1|192|0|213|
90|235|192|1|224|0|215|
90|236|192|1|224|0|215|
90|236|192|1|224|0|215|
90|236|96|1|224|0|215|
90|235|96|1|224|0|215|
90|236|96|1|224|0|215|
90|236|96|1|224|0|215|
90|239|192|1|224|0|215|
90|267|96|1|253|0|215|
90|239|96|1|224|0|215|
90|239|96|1|224|0|215|
90|236|192|1|224|0|215|
90|239|96|1|224|0|215|
90|236|96|1|224|0|215|
90|185|96|1|192|0|213|
90|186|96|1|192|0|213|
90|239|96|1|225|0|215|
90|238|96|1|224|0|215|
90|182|0|1|192|0|213|
90|236|96|1|224|0|215|
90|235|96|1|223|0|215|
90|240|96|1|224|0|215|
90|235|96|1|224|0|215|
90|235|96|1|223|0|215|
90|453|192|1|477|0|424|
90|238|96|1|224|0|215|
90|238|96|1|223|0|215|
90|235|192|1|223|0|215|
90|452|192|1|476|0|427|
90|235|192|1|223|0|215|
90|236|96|1|225|0|215|
90|453|288|1|477|0|424|
90|453|288|1|474|0|427|
90|236|192|1|224|0|215|
90|238|192|1|223|0|215|
90|183|96|1|192|0|213|
90|236|192|1|224|0|215|
90|236|288|1|224|0|215|
90|391|192|1|443|0|418|
90|239|96|1|224|0|215|
90|183|96|1|192|0|213|
90|449|192|1|475|0|424|
90|236|96|1|224|0|215|
90|236|96|1|224|0|215|
90|448|288|1|475|0|424|
90|445|192|1|473|0|427|
90|239|96|1|224|0|215|
90|235|192|1|224|0|215|
90|447|192|1|472|0|427|
90|235|96|1|224|0|215|
90|236|96|1|224|0|215|
90|446|288|1|475|0|424|
90|235|192|1|223|0|215|
90|244|96|1|223|0|215|
90|238|96|1|223|0|215|
90|235|192|1|223|0|215|
90|235|96|1|224|0|215|
90|238|96|1|223|0|215|
90|235|96|1|223|0|215|
90|235|96|1|223|0|215|
90|186|96|1|192|0|213|
90|453|192|1|473|0|427|
90|238|192|1|224|0|215|
90|235|192|1|223|0|215|
90|235|192|1|223|0|215|
90|445|288|1|472|0|427|
90|238|96|1|223|0|215|
90|238|96|1|224|0|215|
90|454|288|1|478|0|424|
90|450|288|1|474|0|427|
90|238|96|1|223|0|215|
90|258|192|1|243|0|215|
90|236|192|1|224|0|215|
90|239|96|1|224|0|215|
90|182|96|1|192|0|213|
90|185|96|1|192|0|213|
90|236|96|1|224|0|215|
90|236|96|1|224|0|215|
90|449|288|1|477|0|424|
90|238|96|1|223|0|215|
90|238|96|1|224|0|215|
90|451|192|1|478|0|424|
90|449|192|1|472|0|427|
90|238|96|1|223|0|215|
90|238|96|1|223|0|215|
90|182|96|1|192|0|213|
90|444|192|1|472|0|427|
90|183|96|1|192|0|213|
90|239|192|1|224|0|215|
90|239|96|1|224|0|215|
90|239|96|1|224|0|215|
90|443|192|1|473|0|424|
90|446|288|1|476|0|424|
90|446|288|1|473|0|427|
90|236|96|1|224|0|215|
90|236|192|1|224|0|215|
90|236|96|1|224|0|215|
90|443|192|1|472|0|424|
90|238|96|1|224|0|215|
90|186|96|1|192|0|213|
90|185|96|1|192|0|213|
90|236|96|1|224|0|215|
90|454|192|1|475|0|427|
90|235|192|1|224|0|215|
90|239|96|1|223|0|215|
90|233|192|1|221|0|214|
90|235|192|1|223|0|215|
90|238|96|1|223|0|215|
90|241|96|1|224|0|215|
90|186|96|1|192|0|213|
90|235|192|1|223|0|215|
90|455|288|1|478|0|424|
90|235|96|1|224|0|215|
90|239|96|1|224|0|215|
90|238|96|1|223|0|215|
90|238|96|1|223|0|215|
90|449|288|1|473|0|427|
90|238|192|1|223|0|215|
90|233|192|1|222|0|211|
90|450|192|1|474|0|427|
90|236|96|1|224|0|215|
90|449|192|1|478|0|424|
90|235|192|1|223|0|215|
90|235|96|1|223|0|215|
90|447|192|1|472|0|427|
90|239|192|1|224|0|215|
90|239|192|1|224|0|215|
90|236|96|1|225|0|215|
90|235|192|1|224|0|215|
90|450|192|1|477|0|424|
90|447|192|1|472|0|427|
90|237|96|1|224|0|215|
90|235|96|1|224|0|215|
90|236|96|1|225|0|215|
90|235|96|1|224|0|215|
90|451|288|1|478|0|424|
90|397|192|1|445|0|425|
90|236|96|1|224|0|215|
90|236|96|1|224|0|215|
90|446|192|1|475|0|424|
90|235|192|1|224|0|215|
90|239|96|1|224|0|215|
90|183|96|1|192|0|213|
90|236|96|1|224|0|215|
90|239|96|1|224|0|215|
90|236|96|1|224|0|215|
90|186|0|1|192|0|213|
90|238|192|1|224|0|215|
90|235|96|1|224|0|215|
90|399|192|1|443|0|425|
90|186|96|1|192|0|213|
90|236|96|1|225|0|215|
90|236|96|1|225|0|215|
90|238|96|1|223|0|215|
90|235|96|1|223|0|215|
90|453|192|1|473|0|427|
90|451|192|1|476|0|427|
90|235|96|1|223|0|215|
90|239|96|1|224|0|215|
90|238|96|1|223|0|215|
90|235|192|1|223|0|215|
90|444|288|1|475|0|424|
90|400|192|1|441|0|425|
90|449|288|1|476|0|427|
90|452|288|1|474|0|427|
90|453|192|1|474|0|427|
90|235|96|1|224|0|215|
90|235|96|1|224|0|215|
90|393|192|1|440|0|421|
90|236|288|1|224|0|215|
90|235|96|1|223|0|215|
90|238|192|1|223|0|215|
