INSTRUCTIONS_RETIRED|CYCLES|UNKNOWN|LD_BLOCKS.STORE_FORWARD|UOPS_EXECUTED.CORE|BR_MISP_RETIRED.ALL_BRANCHES|UOPS_ISSUED.SINGLE_MUL|
30|956|756|0|535|1|0|
30|945|756|0|534|1|0|
30|958|756|0|535|1|0|
30|946|648|0|535|1|0|
30|1023|540|0|644|1|0|
30|984|756|0|533|1|0|
30|947|756|0|535|1|0|
30|948|756|0|535|1|0|
30|946|540|0|534|1|0|
30|949|756|0|535|1|0|
30|945|540|0|534|1|0|
30|942|432|0|535|1|0|
30|948|432|0|535|1|0|
30|946|432|0|535|1|0|
30|942|756|0|534|1|0|
30|946|432|0|534|1|0|
30|946|864|0|535|1|0|
30|946|756|0|534|1|0|
30|1084|648|0|1133|1|0|
30|1022|540|0|785|1|0|
30|1017|864|0|839|1|0|
30|943|648|0|534|1|0|
30|953|648|0|535|1|0|
30|939|540|0|534|1|0|
30|946|648|0|535|1|0|
30|947|648|0|535|1|0|
30|947|648|0|535|1|0|
30|942|540|0|535|1|0|
30|947|864|0|534|1|0|
30|947|648|0|535|1|0|
30|947|432|0|535|1|0|
30|947|756|0|535|1|0|
30|937|648|0|535|1|0|
30|943|648|0|535|1|0|
30|947|756|0|535|1|0|
30|951|756|0|535|1|0|
30|951|648|0|535|1|0|
30|954|756|0|531|1|0|
30|947|540|0|535|1|0|
30|955|648|0|535|1|0|
30|1061|756|0|721|1|0|
30|946|648|0|535|1|0|
30|944|540|0|535|1|0|
30|949|432|0|535|1|0|
30|945|540|0|535|1|0|
30|941|432|0|535|1|0|
30|942|540|0|535|1|0|
30|948|540|0|534|1|0|
30|949|756|0|535|1|0|
30|937|540|0|533|1|0|
30|947|648|0|534|1|0|
30|959|864|0|534|1|0|
30|944|864|0|534|1|0|
30|945|756|0|535|1|0|
30|1065|648|0|1184|1|0|
30|1030|864|0|852|1|0|
30|952|540|0|534|1|0|
30|938|756|0|535|1|0|
30|946|432|0|534|1|0|
30|958|864|0|534|1|0|
30|946|756|0|534|1|0|
30|949|756|0|534|1|0|
30|947|648|0|535|1|0|
30|947|756|0|534|1|0|
30|945|648|0|534|1|0|
30|945|648|0|534|1|0|
30|952|648|0|535|1|0|
30|937|756|0|535|1|0|
30|955|540|0|533|1|0|
30|935|540|0|535|1|0|
30|941|432|0|535|1|0|
30|946|540|0|534|1|0|
30|943|432|0|535|1|0|
30|950|648|0|535|1|0|
30|945|756|0|533|1|0|
30|947|540|0|533|1|0|
30|951|756|0|535|1|0|
30|945|432|0|535|1|0|
30|947|756|0|535|1|0|
30|949|648|0|535|1|0|
30|943|756|0|535|1|0|
30|950|648|0|535|1|0|
30|952|756|0|535|1|0|
30|954|540|0|532|1|0|
30|950|756|0|535|1|0|
30|945|648|0|534|1|0|
30|945|648|0|535|1|0|
30|945|648|0|535|1|0|
30|944|756|0|535|1|0|
30|943|648|0|535|1|0|
30|946|540|0|535|1|0|
30|945|756|0|532|1|0|
30|946|756|0|532|1|0|
30|939|540|0|535|1|0|
30|949|648|0|534|1|0|
30|1115|864|0|1569|1|0|
30|1087|756|0|1342|1|0|
30|1104|864|0|1237|1|0|
30|946|540|0|533|1|0|
30|941|432|0|535|1|0|
30|945|648|0|534|1|0|
30|948|432|0|535|1|0|
30|942|540|0|533|1|0|
30|956|540|0|535|1|0|
30|943|648|0|535|1|0|
30|949|432|0|534|1|0|
30|944|864|0|535|1|0|
30|951|648|0|534|1|0|
30|956|756|0|532|1|0|
30|943|648|0|535|1|0|
30|943|540|0|534|1|0|
30|946|648|0|535|1|0|
30|945|648|0|533|1|0|
30|953|756|0|530|1|0|
30|955|648|0|535|1|0|
30|947|972|0|535|1|0|
30|946|540|0|534|1|0|
30|942|540|0|535|1|0|
30|949|540|0|535|1|0|
30|944|648|0|534|1|0|
30|941|432|0|535|1|0|
30|950|648|0|536|1|0|
30|953|756|0|535|1|0|
30|1146|648|0|1873|1|0|
30|1075|864|0|721|1|0|
30|1095|756|0|945|1|0|
30|950|864|0|536|1|0|
30|940|648|0|535|1|0|
30|944|648|0|535|1|0|
30|948|432|0|534|1|0|
30|943|540|0|535|1|0|
30|1057|540|0|1296|1|0|
30|1036|756|0|826|1|0|
30|1019|540|0|877|1|0|
30|938|756|0|535|1|0|
30|943|756|0|535|1|0|
30|944|648|0|534|1|0|
30|945|756|0|535|1|0|
30|947|648|0|535|1|0|
30|980|540|0|535|1|0|
30|949|540|0|535|1|0|
30|946|648|0|535|1|0|
30|948|648|0|534|1|0|
30|945|648|0|534|1|0|
30|945|864|0|535|1|0|
30|942|648|0|535|1|0|
30|949|540|0|535|1|0|
30|954|756|0|535|1|0|
30|946|756|0|534|1|0|
30|950|756|0|535|1|0|
30|949|756|0|534|1|0|
30|948|432|0|535|1|0|
30|948|648|0|535|1|0|
30|940|648|0|535|1|0|
30|939|648|0|535|1|0|
30|945|648|0|535|1|0|
30|1069|648|0|1129|1|0|
30|945|540|0|535|1|0|
30|950|864|0|534|1|0|
30|948|648|0|535|1|0|
30|954|756|0|531|1|0|
30|948|432|0|534|1|0|
30|952|540|0|535|1|0|
30|953|864|0|535|1|0|
30|942|540|0|534|1|0|
30|950|756|0|535|1|0|
30|943|756|0|535|1|0|
30|944|648|0|535|1|0|
30|944|648|0|534|1|0|
30|948|756|0|533|1|0|
30|943|756|0|534|1|0|
30|943|648|0|534|1|0|
30|944|432|0|534|1|0|
30|942|540|0|534|1|0|
30|943|648|0|535|1|0|
30|946|756|0|535|1|0|
30|959|756|0|531|1|0|
30|944|756|0|534|1|0|
30|945|432|0|534|1|0|
30|945|648|0|535|1|0|
30|946|648|0|535|1|0|
30|944|648|0|534|1|0|
30|946|756|0|534|1|0|
30|951|648|0|534|1|0|
30|943|648|0|534|1|0|
30|946|540|0|534|1|0|
30|958|756|0|532|1|0|
30|941|432|0|535|1|0|
30|946|540|0|534|1|0|
30|948|540|0|535|1|0|
30|941|432|0|535|1|0|
30|948|432|0|535|1|0|
30|942|648|0|534|1|0|
30|951|756|0|534|1|0|
30|949|756|0|534|1|0|
30|949|756|0|535|1|0|
30|947|648|0|534|1|0|
30|948|756|0|535|1|0|
30|948|972|0|535|1|0|
30|938|756|0|535|1|0|
30|954|648|0|532|1|0|
30|950|648|0|535|1|0|
30|948|432|0|535|1|0|
30|960|756|0|532|1|0|
30|943|756|0|534|1|0|
30|946|540|0|535|1|0|
30|946|756|0|535|1|0|
30|944|756|0|534|1|0|
30|941|756|0|535|1|0|
30|945|864|0|535|1|0|
30|949|540|0|533|1|0|
30|944|756|0|535|1|0|
30|947|540|0|535|1|0|
30|945|540|0|535|1|0|
30|943|648|0|535|1|0|
30|955|540|0|535|1|0|
30|946|540|0|535|1|0|
30|946|540|0|535|1|0|
30|945|648|0|535|1|0|
30|958|540|0|535|1|0|
30|944|648|0|535|1|0|
30|955|756|0|535|1|0|
30|949|432|0|535|1|0|
30|946|540|0|535|1|0|
30|945|648|0|535|1|0|
30|945|648|0|534|1|0|
30|942|648|0|534|1|0|
30|944|648|0|535|1|0|
30|947|756|0|534|1|0|
30|948|648|0|535|1|0|
30|945|648|0|535|1|0|
30|958|540|0|535|1|0|
30|944|864|0|535|1|0|
30|947|648|0|535|1|0|
30|946|648|0|534|1|0|
30|953|648|0|535|1|0|
30|949|540|0|535|1|0|
30|948|540|0|535|1|0|
30|945|648|0|535|1|0|
30|948|540|0|534|1|0|
30|945|432|0|534|1|0|
30|946|648|0|534|1|0|
30|946|648|0|535|1|0|
30|951|648|0|534|1|0|
30|946|540|0|535|1|0|
30|944|648|0|534|1|0|
30|944|648|0|533|1|0|
30|947|432|0|534|1|0|
30|944|648|0|533|1|0|
30|946|648|0|534|1|0|
30|947|648|0|534|1|0|
30|954|540|0|534|1|0|
30|946|540|0|535|1|0|
30|941|756|0|535|1|0|
30|946|648|0|534|1|0|
30|946|540|0|535|1|0|
30|947|756|0|534|1|0|
30|945|648|0|535|1|0|
30|950|648|0|535|1|0|
30|954|648|0|534|1|0|
30|948|756|0|535|1|0|
30|952|756|0|534|1|0|
30|945|432|0|535|1|0|
30|945|756|0|535|1|0|
30|942|864|0|535|1|0|
30|945|432|0|535|1|0|
30|948|540|0|535|1|0|
30|951|756|0|535|1|0|
30|954|432|0|536|1|0|
30|956|756|0|535|1|0|
30|948|540|0|535|1|0|
30|947|432|0|535|1|0|
30|944|648|0|535|1|0|
30|941|432|0|534|1|0|
30|945|432|0|535|1|0|
30|944|432|0|534|1|0|
30|949|648|0|535|1|0|
30|945|648|0|535|1|0|
30|943|756|0|535|1|0|
30|950|540|0|534|1|0|
30|946|648|0|535|1|0|
30|942|648|0|535|1|0|
30|941|648|0|535|1|0|
30|947|648|0|535|1|0|
30|948|540|0|535|1|0|
30|945|648|0|535|1|0|
30|948|864|0|533|1|0|
30|948|648|0|535|1|0|
30|945|648|0|535|1|0|
30|950|648|0|535|1|0|
30|944|648|0|535|1|0|
30|951|756|0|535|1|0|
30|985|756|0|531|1|0|
30|950|756|0|535|1|0|
30|948|648|0|535|1|0|
30|947|540|0|535|1|0|
30|941|540|0|535|1|0|
30|955|648|0|532|1|0|
30|941|648|0|535|1|0|
30|946|540|0|534|1|0|
30|952|648|0|534|1|0|
30|946|648|0|535|1|0|
30|946|432|0|535|1|0|
30|945|540|0|534|1|0|
30|948|540|0|534|1|0|
30|944|540|0|535|1|0|
30|946|540|0|535|1|0|
30|946|648|0|534|1|0|
30|958|540|0|532|1|0|
30|948|540|0|535|1|0|
30|943|540|0|535|1|0|
30|942|648|0|535|1|0|
30|958|648|0|532|1|0|
30|947|648|0|534|1|0|
30|947|648|0|534|1|0|
30|946|648|0|535|1|0|
30|944|864|0|534|1|0|
30|947|540|0|534|1|0|
30|960|756|0|532|1|0|
30|952|540|0|535|1|0|
30|944|648|0|535|1|0|
30|947|648|0|534|1|0|
30|948|648|0|535|1|0|
30|947|756|0|535|1|0|
30|955|648|0|535|1|0|
30|959|432|0|535|1|0|
30|948|648|0|534|1|0|
30|948|432|0|534|1|0|
30|950|648|0|535|1|0|
30|943|540|0|535|1|0|
30|942|648|0|535|1|0|
30|944|432|0|535|1|0|
30|947|432|0|534|1|0|
30|952|540|0|534|1|0|
30|957|756|0|532|1|0|
30|945|540|0|535|1|0|
30|943|648|0|535|1|0|
30|947|648|0|535|1|0|
30|953|756|0|534|1|0|
30|941|756|0|535|1|0|
30|947|648|0|535|1|0|
30|944|540|0|535|1|0|
30|953|756|0|535|1|0|
30|946|540|0|535|1|0|
30|945|756|0|535|1|0|
30|951|648|0|535|1|0|
30|950|756|0|535|1|0|
30|948|756|0|535|1|0|
30|950|864|0|534|1|0|
30|950|648|0|534|1|0|
30|943|648|0|535|1|0|
30|948|648|0|534|1|0|
30|947|540|0|534|1|0|
30|945|756|0|535|1|0|
30|948|864|0|535|1|0|
30|947|432|0|535|1|0|
30|949|648|0|534|1|0|
30|943|648|0|534|1|0|
30|947|432|0|535|1|0|
30|944|756|0|534|1|0|
30|955|432|0|534|1|0|
30|946|540|0|535|1|0|
30|1104|756|0|1664|1|0|
30|948|540|0|533|1|0|
30|942|648|0|535|1|0|
30|944|756|0|534|1|0|
30|945|648|0|534|1|0|
30|949|756|0|535|1|0|
30|943|756|0|535|1|0|
30|1102|648|0|1196|1|0|
30|959|648|0|536|1|0|
30|942|540|0|534|1|0|
30|942|864|0|534|1|0|
30|947|540|0|535|1|0|
30|942|540|0|534|1|0|
30|954|756|0|535|1|0|
30|947|540|0|535|1|0|
30|941|540|0|535|1|0|
30|939|864|0|535|1|0|
30|942|756|0|535|1|0|
30|956|756|0|535|1|0|
30|948|756|0|537|1|0|
30|944|864|0|535|1|0|
30|940|756|0|535|1|0|
30|949|540|0|535|1|0|
30|941|648|0|535|1|0|
30|943|540|0|535|1|0|
30|944|648|0|534|1|0|
30|947|756|0|535|1|0|
30|947|540|0|534|1|0|
30|949|648|0|534|1|0|
30|950|540|0|535|1|0|
30|943|432|0|534|1|0|
30|957|756|0|535|1|0|
30|951|756|0|531|1|0|
30|945|540|0|535|1|0|
30|949|864|0|535|1|0|
30|945|864|0|534|1|0|
30|941|648|0|535|1|0|
30|943|648|0|534|1|0|
30|951|540|0|534|1|0|
30|952|648|0|535|1|0|
30|945|972|0|535|1|0|
30|942|540|0|535|1|0|
30|941|648|0|535|1|0|
30|942|864|0|535|1|0|
30|945|648|0|535|1|0|
30|945|756|0|534|1|0|
30|947|864|0|534|1|0|
30|948|648|0|535|1|0|
30|947|756|0|535|1|0|
30|946|756|0|535|1|0|
30|945|540|0|535|1|0|
30|1081|864|0|1406|1|0|
30|946|648|0|535|1|0|
30|948|540|0|535|1|0|
30|947|648|0|534|1|0|
30|945|432|0|535|1|0|
30|941|648|0|535|1|0|
30|951|540|0|531|1|0|
30|937|648|0|535|1|0|
30|947|432|0|535|1|0|
30|945|756|0|535|1|0|
30|954|540|0|535|1|0|
30|943|648|0|534|1|0|
30|948|756|0|535|1|0|
30|945|648|0|535|1|0|
30|946|648|0|534|1|0|
30|937|540|0|535|1|0|
30|942|540|0|535|1|0|
30|951|756|0|535|1|0|
30|945|756|0|534|1|0|
30|943|432|0|534|1|0|
30|945|648|0|533|1|0|
30|947|540|0|535|1|0|
30|950|756|0|535|1|0|
30|943|648|0|535|1|0|
30|943|756|0|535|1|0|
30|986|756|0|744|1|0|
30|943|756|0|533|1|0|
30|948|756|0|535|1|0|
30|941|756|0|534|1|0|
30|956|648|0|532|1|0|
30|946|540|0|535|1|0|
30|982|756|0|535|1|0|
30|939|972|0|535|1|0|
30|952|864|0|535|1|0|
30|951|540|0|534|1|0|
30|945|540|0|535|1|0|
30|945|648|0|534|1|0|
30|958|540|0|535|1|0|
30|949|540|0|534|1|0|
30|952|648|0|535|1|0|
30|983|540|0|535|1|0|
30|952|756|0|532|1|0|
30|948|864|0|534|1|0|
30|946|540|0|534|1|0|
30|950|756|0|535|1|0|
30|952|648|0|534|1|0|
30|950|756|0|535|1|0|
30|963|648|0|532|1|0|
30|943|864|0|535|1|0|
30|961|540|0|531|1|0|
30|940|756|0|535|1|0|
30|943|756|0|535|1|0|
30|943|648|0|535|1|0|
30|948|648|0|533|1|0|
30|959|648|0|535|1|0|
30|948|648|0|535|1|0|
30|946|648|0|534|1|0|
30|958|648|0|535|1|0|
30|950|864|0|533|1|0|
30|946|756|0|535|1|0|
30|949|648|0|535|1|0|
30|951|648|0|535|1|0|
30|948|648|0|534|1|0|
30|944|648|0|535|1|0|
30|946|648|0|534|1|0|
30|954|648|0|534|1|0|
30|947|432|0|535|1|0|
30|939|648|0|534|1|0|
30|946|756|0|535|1|0|
30|946|432|0|534|1|0|
30|947|648|0|535|1|0|
30|952|972|0|534|1|0|
30|949|648|0|535|1|0|
30|952|756|0|532|1|0|
30|957|648|0|535|1|0|
30|947|756|0|535|1|0|
30|939|756|0|534|1|0|
30|950|756|0|535|1|0|
30|946|648|0|535|1|0|
30|957|648|0|534|1|0|
30|943|540|0|534|1|0|
30|949|648|0|533|1|0|
30|947|864|0|535|1|0|
30|945|648|0|535|1|0|
30|944|540|0|535|1|0|
30|944|972|0|535|1|0|
30|948|756|0|535|1|0|
30|1086|756|0|770|1|0|
30|945|432|0|535|1|0|
30|948|648|0|534|1|0|
30|948|648|0|535|1|0|
30|953|864|0|535|1|0|
30|944|648|0|535|1|0|
30|942|648|0|535|1|0|
30|947|540|0|534|1|0|
30|945|540|0|535|1|0|
30|955|756|0|532|1|0|
30|946|648|0|534|1|0|
30|945|540|0|534|1|0|
30|951|540|0|535|1|0|
30|945|756|0|535|1|0|
30|945|648|0|535|1|0|
30|946|756|0|535|1|0|
30|944|648|0|535|1|0|
30|950|540|0|534|1|0|
30|950|756|0|534|1|0|
30|954|540|0|534|1|0|
30|948|756|0|535|1|0|
30|947|756|0|535|1|0|
30|950|648|0|534|1|0|
30|946|756|0|535|1|0|
30|946|540|0|534|1|0|
30|948|540|0|534|1|0|
30|956|972|0|535|1|0|
30|945|756|0|535|1|0|
30|944|648|0|535|1|0|
30|943|648|0|534|1|0|
30|1057|648|0|873|1|0|
30|954|756|0|532|1|0|
30|951|540|0|535|1|0|
30|948|648|0|534|1|0|
30|947|540|0|534|1|0|
30|945|756|0|534|1|0|
30|949|756|0|534|1|0|
30|943|648|0|535|1|0|
30|949|540|0|535|1|0|
30|982|756|0|535|1|0|
30|945|648|0|534|1|0|
30|944|864|0|535|1|0|
30|951|648|0|534|1|0|
30|949|648|0|534|1|0|
30|947|648|0|535|1|0|
30|956|648|0|534|1|0|
30|947|756|0|535|1|0|
30|952|648|0|535|1|0|
30|948|756|0|535|1|0|
30|949|756|0|535|1|0|
30|945|540|0|535|1|0|
30|944|648|0|535|1|0|
30|954|756|0|531|1|0|
30|944|540|0|535|1|0|
30|948|756|0|534|1|0|
30|950|540|0|535|1|0|
30|947|756|0|535|1|0|
30|945|648|0|534|1|0|
30|948|432|0|535|1|0|
30|1128|864|0|776|1|0|
30|946|540|0|535|1|0|
30|948|648|0|533|1|0|
30|942|432|0|534|1|0|
30|945|540|0|534|1|0|
30|948|540|0|535|1|0|
30|946|432|0|535|1|0|
30|945|864|0|535|1|0|
30|944|756|0|535|1|0|
30|951|756|0|535|1|0|
30|945|756|0|534|1|0|
30|956|756|0|536|1|0|
30|945|756|0|535|1|0|
30|944|648|0|534|1|0|
30|942|648|0|535|1|0|
30|948|648|0|535|1|0|
30|947|864|0|534|1|0|
30|944|864|0|533|1|0|
30|943|756|0|535|1|0|
30|950|756|0|534|1|0|
30|941|540|0|535|1|0|
30|954|756|0|532|1|0|
30|943|648|0|535|1|0|
30|955|540|0|531|1|0|
30|943|648|0|534|1|0|
30|943|972|0|534|1|0|
30|948|648|0|535|1|0|
30|943|540|0|535|1|0|
30|946|756|0|532|1|0|
30|1164|972|0|1896|1|0|
30|1100|756|0|1789|1|0|
30|1141|972|0|1756|1|0|
30|952|432|0|534|1|0|
30|941|540|0|535|1|0|
30|944|432|0|535|1|0|
30|944|540|0|535|1|0|
30|983|540|0|532|1|0|
30|940|540|0|535|1|0|
30|956|648|0|535|1|0|
30|951|648|0|535|1|0|
30|946|540|0|534|1|0|
30|946|648|0|535|1|0|
30|944|540|0|535|1|0|
30|951|432|0|534|1|0|
30|947|756|0|534|1|0|
30|941|756|0|535|1|0|
30|945|540|0|534|1|0|
30|947|648|0|535|1|0|
30|943|540|0|535|1|0|
30|945|756|0|535|1|0|
30|942|648|0|535|1|0|
30|949|864|0|534|1|0|
30|945|648|0|533|1|0|
30|945|540|0|535|1|0|
30|958|648|0|535|1|0|
30|945|648|0|535|1|0|
30|1175|756|0|1795|1|0|
30|1120|972|0|1313|1|0|
30|1131|648|0|1587|1|0|
30|941|756|0|535|1|0|
30|942|648|0|535|1|0|
30|944|540|0|535|1|0|
30|945|540|0|535|1|0|
30|953|648|0|535|1|0|
30|946|756|0|534|1|0|
30|947|756|0|534|1|0|
30|945|540|0|534|1|0|
30|943|648|0|535|1|0|
30|942|540|0|534|1|0|
30|946|864|0|535|1|0|
30|953|648|0|534|1|0|
30|998|972|0|532|1|0|
30|939|648|0|535|1|0|
30|945|648|0|534|1|0|
30|943|540|0|534|1|0|
30|959|648|0|535|1|0|
30|947|756|0|535|1|0|
30|954|648|0|533|1|0|
30|957|972|0|534|1|0|
30|946|648|0|535|1|0|
30|950|648|0|533|1|0|
30|946|756|0|535|1|0|
30|944|648|0|535|1|0|
30|942|756|0|534|1|0|
30|1116|864|0|1671|1|0|
30|1072|648|0|810|1|0|
30|1845|1404|0|1490|1|0|
30|946|432|0|535|1|0|
30|942|540|0|534|1|0|
30|943|432|0|534|1|0|
30|944|540|0|535|1|0|
30|943|648|0|535|1|0|
30|944|648|0|535|1|0|
30|945|540|0|533|1|0|
30|948|540|0|534|1|0|
30|945|756|0|535|1|0|
30|946|540|0|534|1|0|
30|953|540|0|535|1|0|
30|949|540|0|534|1|0|
30|945|540|0|535|1|0|
30|945|756|0|535|1|0|
30|950|540|0|535|1|0|
30|943|540|0|533|1|0|
30|943|648|0|534|1|0|
30|942|756|0|535|1|0|
30|956|540|0|535|1|0|
30|950|648|0|536|1|0|
30|944|540|0|535|1|0|
30|959|540|0|535|1|0|
30|942|756|0|535|1|0|
30|943|864|0|535|1|0|
30|946|648|0|533|1|0|
30|1147|756|0|1615|1|0|
30|1107|864|0|1831|1|0|
30|1096|756|0|1722|1|0|
30|953|540|0|535|1|0|
30|943|540|0|535|1|0|
30|942|432|0|535|1|0|
30|948|756|0|535|1|0|
30|940|756|0|535|1|0|
30|952|432|0|535|1|0|
30|953|648|0|535|1|0|
30|947|648|0|535|1|0|
30|949|540|0|535|1|0|
30|945|756|0|535|1|0|
30|946|540|0|535|1|0|
30|946|756|0|535|1|0|
30|950|756|0|535|1|0|
30|952|648|0|532|1|0|
30|947|648|0|534|1|0|
30|944|648|0|532|1|0|
30|944|432|0|535|1|0|
30|950|540|0|534|1|0|
30|956|756|0|534|1|0|
30|953|648|0|535|1|0|
30|943|756|0|535|1|0|
30|949|756|0|534|1|0|
30|943|540|0|535|1|0|
30|943|540|0|535|1|0|
30|948|540|0|534|1|0|
30|1144|972|0|1790|1|0|
30|1098|648|0|1158|1|0|
30|1123|864|0|1810|1|0|
30|946|540|0|532|1|0|
30|954|648|0|535|1|0|
30|947|864|0|535|1|0|
30|941|432|0|535|1|0|
30|948|540|0|535|1|0|
30|946|864|0|533|1|0|
30|946|432|0|535|1|0|
30|944|756|0|535|1|0|
30|951|648|0|534|1|0|
30|939|648|0|533|1|0|
30|949|540|0|535|1|0|
30|947|756|0|535|1|0|
30|947|756|0|535|1|0|
30|948|648|0|535|1|0|
30|945|648|0|535|1|0|
30|945|432|0|535|1|0|
30|946|648|0|534|1|0|
30|950|648|0|534|1|0|
30|989|756|0|535|1|0|
30|944|540|0|534|1|0|
30|947|648|0|533|1|0|
30|946|432|0|535|1|0|
30|956|648|0|534|1|0|
30|945|648|0|535|1|0|
30|948|648|0|533|1|0|
30|947|864|0|534|1|0|
30|949|648|0|534|1|0|
30|1128|540|0|1109|1|0|
30|1132|648|0|1612|1|0|
30|938|540|0|535|1|0|
30|945|540|0|534|1|0|
30|940|648|0|534|1|0|
30|945|756|0|535|1|0|
30|949|432|0|534|1|0|
30|945|648|0|535|1|0|
30|944|648|0|534|1|0|
30|945|648|0|534|1|0|
30|942|756|0|534|1|0|
30|947|648|0|534|1|0|
30|943|648|0|535|1|0|
30|943|648|0|534|1|0|
30|978|648|0|534|1|0|
30|974|648|0|535|1|0|
30|945|648|0|535|1|0|
30|946|648|0|535|1|0|
30|946|540|0|534|1|0|
30|948|648|0|535|1|0|
30|953|648|0|535|1|0|
30|948|540|0|535|1|0|
30|946|756|0|534|1|0|
30|945|648|0|534|1|0|
30|943|648|0|534|1|0|
30|944|756|0|534|1|0|
30|946|432|0|534|1|0|
30|951|648|0|534|1|0|
30|1096|648|0|1770|1|0|
30|1139|756|0|1315|1|0|
30|1092|756|0|931|1|0|
30|936|648|0|535|1|0|
30|943|540|0|535|1|0|
30|952|864|0|536|1|0|
30|945|540|0|535|1|0|
30|954|756|0|532|1|0|
30|947|540|0|534|1|0|
30|947|648|0|534|1|0|
30|955|648|0|532|1|0|
30|937|540|0|533|1|0|
30|945|540|0|534|1|0|
30|948|648|0|534|1|0|
30|945|648|0|535|1|0|
30|945|540|0|535|1|0|
30|946|648|0|535|1|0|
30|952|864|0|535|1|0|
30|951|540|0|535|1|0|
30|946|648|0|534|1|0|
30|946|648|0|534|1|0|
31|1674|1080|0|798|1|0|
30|946|540|0|534|1|0|
30|946|540|0|534|1|0|
30|945|648|0|535|1|0|
30|946|540|0|535|1|0|
30|948|648|0|535|1|0|
30|943|540|0|533|1|0|
30|1125|756|0|1935|1|0|
30|1112|972|0|1759|1|0|
30|1128|648|0|1921|1|0|
30|940|648|0|535|1|0|
30|943|540|0|534|1|0|
30|944|540|0|535|1|0|
30|945|648|0|535|1|0|
30|944|540|0|534|1|0|
30|946|540|0|533|1|0|
30|947|540|0|535|1|0|
30|943|540|0|535|1|0|
30|946|864|0|535|1|0|
30|942|648|0|534|1|0|
30|948|756|0|535|1|0|
30|944|648|0|534|1|0|
30|946|648|0|534|1|0|
30|948|648|0|535|1|0|
30|946|540|0|535|1|0|
30|946|432|0|535|1|0|
30|947|648|0|532|1|0|
30|943|540|0|535|1|0|
30|938|756|0|535|1|0|
30|957|432|0|537|1|0|
30|960|648|0|534|1|0|
30|947|648|0|534|1|0|
30|946|540|0|534|1|0|
30|948|756|0|534|1|0|
30|947|540|0|533|1|0|
30|1097|648|0|1381|1|0|
30|1069|756|0|1840|1|0|
30|1098|972|0|1000|1|0|
30|943|540|0|535|1|0|
30|941|540|0|534|1|0|
30|941|648|0|535|1|0|
30|947|648|0|535|1|0|
30|947|648|0|534|1|0|
30|946|756|0|535|1|0|
30|948|648|0|535|1|0|
30|959|540|0|534|1|0|
30|937|648|0|535|1|0|
30|942|864|0|534|1|0|
30|945|540|0|535|1|0|
30|944|648|0|535|1|0|
30|949|864|0|534|1|0|
30|946|756|0|535|1|0|
30|950|540|0|534|1|0|
30|945|540|0|534|1|0|
30|934|432|0|535|1|0|
30|941|648|0|535|1|0|
30|947|648|0|534|1|0|
30|946|540|0|535|1|0|
30|947|540|0|534|1|0|
30|951|432|0|535|1|0|
30|949|756|0|535|1|0|
30|944|540|0|535|1|0|
30|943|648|0|535|1|0|
30|937|756|0|535|1|0|
30|1130|864|0|1749|1|0|
30|1051|756|0|896|1|0|
30|947|540|0|535|1|0|
30|944|648|0|534|1|0|
30|947|648|0|535|1|0|
30|950|648|0|535|1|0|
30|940|432|0|535|1|0|
30|944|756|0|534|1|0|
30|942|432|0|535|1|0|
30|943|540|0|534|1|0|
30|944|540|0|535|1|0|
30|944|432|0|535|1|0|
30|946|648|0|535|1|0|
30|944|648|0|534|1|0|
30|941|648|0|535|1|0|
30|939|648|0|535|1|0|
30|954|756|0|535|1|0|
30|941|540|0|535|1|0|
30|946|540|0|535|1|0|
30|945|756|0|534|1|0|
30|952|648|0|535|1|0|
30|948|756|0|535|1|0|
30|942|648|0|535|1|0|
30|947|540|0|534|1|0|
30|944|648|0|535|1|0|
30|945|756|0|535|1|0|
30|947|540|0|535|1|0|
30|951|432|0|535|1|0|
30|1098|864|0|1170|1|0|
30|1100|540|0|1006|1|0|
30|939|540|0|535|1|0|
30|949|648|0|532|1|0|
30|950|540|0|534|1|0|
30|944|540|0|535|1|0|
30|945|756|0|534|1|0|
30|944|540|0|534|1|0|
30|948|648|0|535|1|0|
30|943|540|0|534|1|0|
30|940|540|0|535|1|0|
30|949|540|0|535|1|0|
30|944|756|0|535|1|0|
30|943|648|0|534|1|0|
30|947|540|0|535|1|0|
30|974|540|0|535|1|0|
30|941|540|0|533|1|0|
30|945|648|0|535|1|0|
30|944|756|0|535|1|0|
30|943|756|0|535|1|0|
30|955|756|0|535|1|0|
30|955|540|0|528|1|0|
30|944|540|0|535|1|0|
30|955|540|0|531|1|0|
30|947|648|0|534|1|0|
30|948|648|0|535|1|0|
30|955|648|0|533|1|0|
30|955|756|0|534|1|0|
30|1111|756|0|1823|1|0|
30|1128|648|0|1442|1|0|
30|1098|972|0|1169|1|0|
30|936|756|0|535|1|0|
30|947|756|0|535|1|0|
30|947|864|0|534|1|0|
30|986|864|0|535|1|0|
30|944|756|0|534|1|0|
30|942|756|0|535|1|0|
30|941|648|0|535|1|0|
30|947|540|0|535|1|0|
30|950|756|0|535|1|0|
30|941|648|0|535|1|0|
30|949|648|0|534|1|0|
30|945|540|0|535|1|0|
30|944|648|0|535|1|0|
30|948|432|0|534|1|0|
30|945|648|0|534|1|0|
30|945|540|0|535|1|0|
30|943|648|0|535|1|0|
30|942|756|0|535|1|0|
30|940|648|0|535|1|0|
30|955|756|0|531|1|0|
30|951|648|0|534|1|0|
30|945|540|0|535|1|0|
30|945|864|0|535|1|0|
30|947|540|0|533|1|0|
30|943|756|0|533|1|0|
30|1086|648|0|779|1|0|
30|1163|756|0|1894|1|0|
30|1111|864|0|1354|1|0|
30|948|648|0|532|1|0|
30|940|432|0|535|1|0|
30|941|648|0|534|1|0|
30|937|540|0|535|1|0|
30|958|432|0|534|1|0|
30|946|432|0|534|1|0|
30|953|648|0|535|1|0|
30|945|540|0|535|1|0|
30|950|864|0|537|1|0|
30|974|756|0|534|1|0|
30|947|540|0|535|1|0|
30|942|648|0|535|1|0|
30|944|648|0|535|1|0|
30|944|864|0|535|1|0|
30|950|540|0|535|1|0|
30|944|540|0|534|1|0|
30|955|756|0|532|1|0|
30|951|756|0|534|1|0|
30|944|648|0|533|1|0|
30|941|648|0|535|1|0|
30|950|648|0|535|1|0|
30|946|648|0|534|1|0|
30|945|864|0|535|1|0|
30|950|540|0|535|1|0|
30|951|648|0|535|1|0|
30|937|540|0|535|1|0|
30|1058|756|0|967|1|0|
30|1092|756|0|1588|1|0|
30|1125|756|0|1668|1|0|
30|946|864|0|535|1|0|
30|942|540|0|535|1|0|
30|949|432|0|535|1|0|
30|935|648|0|535|1|0|
30|936|540|0|534|1|0|
30|943|540|0|535|1|0|
30|947|756|0|535|1|0|
30|940|648|0|535|1|0|
30|942|648|0|535|1|0|
30|950|756|0|535|1|0|
30|954|432|0|534|1|0|
30|945|756|0|533|1|0|
30|956|540|0|535|1|0|
30|953|756|0|532|1|0|
30|942|432|0|535|1|0|
30|942|756|0|535|1|0|
30|947|756|0|535|1|0|
30|949|648|0|534|1|0|
30|942|756|0|533|1|0|
30|947|756|0|535|1|0|
30|939|756|0|535|1|0|
30|952|756|0|535|1|0|
30|942|648|0|535|1|0|
30|942|540|0|535|1|0|
30|949|540|0|535|1|0|
30|1178|756|0|1788|1|0|
30|1127|972|0|1405|1|0|
30|938|648|0|535|1|0|
30|947|756|0|534|1|0|
30|943|540|0|535|1|0|
30|946|756|0|535|1|0|
30|952|540|0|535|1|0|
30|944|540|0|535|1|0|
30|955|648|0|535|1|0|
30|953|648|0|535|1|0|
30|956|648|0|531|1|0|
30|938|864|0|535|1|0|
30|945|756|0|534|1|0|
30|952|756|0|532|1|0|
30|944|756|0|535|1|0|
30|954|540|0|536|1|0|
30|945|540|0|535|1|0|
