INSTRUCTIONS_RETIRED|CYCLES|UNKNOWN|LD_BLOCKS.STORE_FORWARD|UOPS_EXECUTED.CORE|BR_MISP_RETIRED.ALL_BRANCHES|UOPS_ISSUED.SINGLE_MUL|
30|965|540|0|535|1|0|
30|942|540|0|535|1|0|
30|949|540|0|535|1|0|
30|946|540|0|534|1|0|
30|949|864|0|534|1|0|
30|943|540|0|533|1|0|
30|946|648|0|535|1|0|
30|942|540|0|535|1|0|
30|946|648|0|534|1|0|
30|945|756|0|535|1|0|
30|945|540|0|535|1|0|
30|953|648|0|535|1|0|
30|950|540|0|535|1|0|
30|943|756|0|535|1|0|
30|946|864|0|534|1|0|
30|944|540|0|535|1|0|
30|949|756|0|535|1|0|
30|947|648|0|535|1|0|
30|945|648|0|535|1|0|
30|946|756|0|535|1|0|
30|957|432|0|535|1|0|
30|948|648|0|535|1|0|
30|947|648|0|535|1|0|
30|948|648|0|535|1|0|
30|944|540|0|534|1|0|
30|951|540|0|535|1|0|
30|975|648|0|534|1|0|
30|947|756|0|535|1|0|
30|945|540|0|535|1|0|
30|952|432|0|534|1|0|
30|944|648|0|534|1|0|
30|948|648|0|534|1|0|
30|946|648|0|535|1|0|
30|948|648|0|535|1|0|
30|949|540|0|534|1|0|
30|944|432|0|534|1|0|
30|949|756|0|535|1|0|
30|946|756|0|534|1|0|
30|945|540|0|535|1|0|
30|949|540|0|535|1|0|
30|947|432|0|535|1|0|
30|943|432|0|535|1|0|
30|945|648|0|534|1|0|
30|944|540|0|535|1|0|
30|947|432|0|535|1|0|
30|944|540|0|535|1|0|
30|951|756|0|534|1|0|
30|948|540|0|535|1|0|
30|940|540|0|535|1|0|
30|947|648|0|534|1|0|
30|949|540|0|534|1|0|
30|945|432|0|535|1|0|
30|947|648|0|534|1|0|
30|947|540|0|534|1|0|
30|947|540|0|535|1|0|
30|943|540|0|534|1|0|
30|945|648|0|534|1|0|
30|946|540|0|535|1|0|
30|946|432|0|534|1|0|
30|953|648|0|535|1|0|
30|1466|864|0|1068|1|0|
30|946|756|0|535|1|0|
30|948|756|0|535|1|0|
30|951|756|0|534|1|0|
30|941|648|0|534|1|0|
30|947|756|0|534|1|0|
30|944|540|0|534|1|0|
30|947|540|0|535|1|0|
30|946|648|0|535|1|0|
30|949|756|0|535|1|0|
30|950|648|0|534|1|0|
30|974|648|0|535|1|0|
30|949|756|0|534|1|0|
30|947|756|0|535|1|0|
30|950|432|0|534|1|0|
30|942|756|0|535|1|0|
30|950|864|0|535|1|0|
30|945|756|0|534|1|0|
30|947|648|0|534|1|0|
30|946|756|0|535|1|0|
30|945|864|0|535|1|0|
30|950|756|0|535|1|0|
30|948|864|0|535|1|0|
30|945|540|0|535|1|0|
30|946|648|0|535|1|0|
30|939|540|0|535|1|0|
30|955|540|0|535|1|0|
30|953|648|0|535|1|0|
30|946|540|0|535|1|0|
30|950|648|0|535|1|0|
30|950|648|0|535|1|0|
30|945|648|0|535|1|0|
30|951|648|0|533|1|0|
30|940|648|0|535|1|0|
30|946|648|0|534|1|0|
30|956|432|0|535|1|0|
30|958|756|0|531|1|0|
30|949|648|0|535|1|0|
30|947|756|0|535|1|0|
30|946|648|0|535|1|0|
30|943|648|0|535|1|0|
30|957|648|0|535|1|0|
30|962|864|0|534|1|0|
30|947|972|0|535|1|0|
30|948|540|0|534|1|0|
30|947|864|0|534|1|0|
30|952|648|0|535|1|0|
30|946|648|0|535|1|0|
30|955|756|0|537|1|0|
30|946|756|0|535|1|0|
30|939|648|0|534|1|0|
30|945|756|0|535|1|0|
30|944|756|0|534|1|0|
30|945|756|0|534|1|0|
30|953|648|0|535|1|0|
30|948|756|0|535|1|0|
30|946|540|0|534|1|0|
30|956|756|0|535|1|0|
30|948|540|0|535|1|0|
30|943|648|0|535|1|0|
30|944|648|0|535|1|0|
30|944|540|0|535|1|0|
30|946|540|0|535|1|0|
30|944|648|0|535|1|0|
30|953|540|0|534|1|0|
30|946|756|0|535|1|0|
30|956|540|0|535|1|0|
30|948|756|0|534|1|0|
30|937|540|0|535|1|0|
30|944|756|0|534|1|0|
30|945|756|0|535|1|0|
30|950|756|0|535|1|0|
30|945|540|0|534|1|0|
30|947|648|0|535|1|0|
30|945|756|0|534|1|0|
30|950|756|0|534|1|0|
30|949|648|0|534|1|0|
30|943|648|0|535|1|0|
30|948|756|0|534|1|0|
30|944|540|0|535|1|0|
30|943|540|0|534|1|0|
30|960|648|0|534|1|0|
30|942|540|0|535|1|0|
30|949|432|0|534|1|0|
30|945|972|0|535|1|0|
30|945|648|0|534|1|0|
30|946|540|0|534|1|0|
30|952|432|0|535|1|0|
30|945|432|0|535|1|0|
30|945|540|0|535|1|0|
30|945|648|0|535|1|0|
30|945|864|0|534|1|0|
30|947|648|0|535|1|0|
30|949|756|0|535|1|0|
30|947|540|0|535|1|0|
30|955|540|0|535|1|0|
30|951|648|0|534|1|0|
30|945|648|0|534|1|0|
30|945|864|0|535|1|0|
30|951|756|0|535|1|0|
30|982|540|0|535|1|0|
30|949|540|0|535|1|0|
30|947|540|0|535|1|0|
30|946|756|0|535|1|0|
30|943|540|0|535|1|0|
30|953|648|0|535|1|0|
30|946|756|0|535|1|0|
30|945|540|0|535|1|0|
30|945|540|0|535|1|0|
30|958|540|0|534|1|0|
30|947|756|0|535|1|0|
30|949|648|0|535|1|0|
30|949|540|0|535|1|0|
30|952|540|0|535|1|0|
30|947|648|0|535|1|0|
30|944|648|0|535|1|0|
30|948|756|0|534|1|0|
30|945|648|0|535|1|0|
30|947|648|0|535|1|0|
30|951|756|0|534|1|0|
30|945|432|0|534|1|0|
30|948|540|0|535|1|0|
30|948|756|0|535|1|0|
30|944|648|0|535|1|0|
30|943|648|0|535|1|0|
30|946|540|0|533|1|0|
30|949|756|0|534|1|0|
30|946|432|0|535|1|0|
30|948|756|0|534|1|0|
30|946|540|0|535|1|0|
30|945|756|0|535|1|0|
30|954|648|0|535|1|0|
30|944|756|0|535|1|0|
30|946|648|0|535|1|0|
30|946|540|0|534|1|0|
30|944|648|0|535|1|0|
30|974|648|0|535|1|0|
30|945|756|0|535|1|0|
30|951|648|0|534|1|0|
30|946|756|0|535|1|0|
30|945|648|0|535|1|0|
30|949|864|0|535|1|0|
30|950|540|0|535|1|0|
30|945|540|0|534|1|0|
30|953|648|0|535|1|0|
30|947|432|0|535|1|0|
30|951|756|0|534|1|0|
30|948|648|0|535|1|0|
30|947|432|0|534|1|0|
30|940|432|0|535|1|0|
30|948|756|0|534|1|0|
30|959|648|0|535|1|0|
30|949|756|0|535|1|0|
30|946|540|0|535|1|0|
30|948|432|0|535|1|0|
30|947|540|0|535|1|0|
30|945|756|0|535|1|0|
30|947|540|0|535|1|0|
30|951|648|0|535|1|0|
30|944|648|0|535|1|0|
30|949|864|0|535|1|0|
30|949|540|0|534|1|0|
30|955|648|0|531|1|0|
30|944|648|0|535|1|0|
30|943|756|0|535|1|0|
30|948|648|0|535|1|0|
30|951|540|0|534|1|0|
30|951|756|0|535|1|0|
30|946|540|0|535|1|0|
30|944|540|0|534|1|0|
30|945|648|0|535|1|0|
30|944|756|0|535|1|0|
30|941|432|0|535|1|0|
30|946|648|0|534|1|0|
30|977|540|0|535|1|0|
30|949|648|0|535|1|0|
30|945|756|0|533|1|0|
30|949|756|0|535|1|0|
30|948|648|0|534|1|0|
30|946|756|0|535|1|0|
30|947|648|0|535|1|0|
30|945|756|0|535|1|0|
30|950|864|0|535|1|0|
30|949|432|0|534|1|0|
30|951|540|0|535|1|0|
30|950|648|0|535|1|0|
30|946|648|0|535|1|0|
30|949|756|0|534|1|0|
30|947|756|0|535|1|0|
30|949|648|0|533|1|0|
30|946|540|0|535|1|0|
30|942|756|0|535|1|0|
30|946|648|0|534|1|0|
30|945|648|0|535|1|0|
30|946|648|0|535|1|0|
30|945|540|0|535|1|0|
30|949|540|0|535|1|0|
30|945|648|0|535|1|0|
30|952|648|0|534|1|0|
30|947|756|0|535|1|0|
30|947|648|0|535|1|0|
30|944|864|0|535|1|0|
30|955|864|0|535|1|0|
30|948|756|0|534|1|0|
30|939|540|0|535|1|0|
30|949|864|0|535|1|0|
30|945|756|0|535|1|0|
30|946|756|0|534|1|0|
30|947|756|0|535|1|0|
30|948|648|0|534|1|0|
30|947|540|0|534|1|0|
30|943|432|0|535|1|0|
30|948|648|0|537|1|0|
30|946|432|0|535|1|0|
30|950|432|0|534|1|0|
30|947|648|0|535|1|0|
30|944|648|0|535|1|0|
30|945|648|0|535|1|0|
30|945|648|0|535|1|0|
30|948|540|0|535|1|0|
30|962|432|0|532|1|0|
30|945|756|0|535|1|0|
30|947|540|0|535|1|0|
30|947|648|0|534|1|0|
30|953|540|0|532|1|0|
30|943|756|0|535|1|0|
30|945|648|0|535|1|0|
30|946|648|0|534|1|0|
30|949|756|0|535|1|0|
30|952|540|0|535|1|0|
30|948|540|0|535|1|0|
30|948|540|0|534|1|0|
30|951|648|0|534|1|0|
30|947|648|0|535|1|0|
30|949|648|0|535|1|0|
30|946|756|0|535|1|0|
30|949|648|0|535|1|0|
30|947|432|0|535|1|0|
30|952|540|0|535|1|0|
30|948|756|0|534|1|0|
30|944|648|0|535|1|0|
30|948|432|0|535|1|0|
30|947|432|0|535|1|0|
30|955|432|0|535|1|0|
30|947|540|0|535|1|0|
30|944|648|0|535|1|0|
30|957|540|0|531|1|0|
30|945|756|0|534|1|0|
30|945|756|0|534|1|0|
30|947|432|0|535|1|0|
30|945|432|0|535|1|0|
30|954|648|0|534|1|0|
30|944|648|0|535|1|0|
30|951|432|0|535|1|0|
30|946|756|0|534|1|0|
30|944|540|0|535|1|0|
30|960|540|0|536|1|0|
30|949|756|0|535|1|0|
30|945|864|0|534|1|0|
30|953|648|0|535|1|0|
30|947|648|0|534|1|0|
30|944|648|0|533|1|0|
30|946|756|0|534|1|0|
30|946|540|0|534|1|0|
30|949|756|0|535|1|0|
30|947|864|0|534|1|0|
30|946|432|0|534|1|0|
30|950|648|0|534|1|0|
30|975|540|0|535|1|0|
30|945|648|0|535|1|0|
30|946|648|0|534|1|0|
30|945|432|0|535|1|0|
30|949|540|0|535|1|0|
30|947|540|0|535|1|0|
30|948|540|0|535|1|0|
30|951|540|0|535|1|0|
30|945|540|0|534|1|0|
30|948|540|0|535|1|0|
30|945|540|0|534|1|0|
30|946|648|0|535|1|0|
30|946|432|0|535|1|0|
30|963|432|0|532|1|0|
30|946|756|0|534|1|0|
30|948|756|0|535|1|0|
30|945|540|0|535|1|0|
30|948|756|0|534|1|0|
30|944|540|0|535|1|0|
30|946|648|0|535|1|0|
30|943|648|0|535|1|0|
30|949|540|0|534|1|0|
30|948|648|0|534|1|0|
30|947|648|0|534|1|0|
30|956|540|0|535|1|0|
30|947|756|0|535|1|0|
30|948|648|0|535|1|0|
30|945|540|0|534|1|0|
30|949|432|0|535|1|0|
30|948|540|0|535|1|0|
30|949|432|0|533|1|0|
30|957|540|0|535|1|0|
30|946|756|0|533|1|0|
30|946|648|0|535|1|0|
30|949|648|0|534|1|0|
30|951|432|0|534|1|0|
30|948|540|0|535|1|0|
30|950|540|0|535|1|0|
30|946|648|0|534|1|0|
30|947|432|0|535|1|0|
30|945|756|0|535|1|0|
30|947|756|0|535|1|0|
30|945|540|0|535|1|0|
30|957|864|0|535|1|0|
30|947|648|0|535|1|0|
30|947|648|0|534|1|0|
30|947|756|0|535|1|0|
30|945|648|0|535|1|0|
30|945|648|0|534|1|0|
30|948|540|0|535|1|0|
30|947|432|0|535|1|0|
30|945|432|0|535|1|0|
30|949|432|0|535|1|0|
30|943|756|0|535|1|0|
30|946|648|0|534|1|0|
30|946|432|0|535|1|0|
30|942|540|0|534|1|0|
30|950|648|0|534|1|0|
30|946|540|0|535|1|0|
30|944|432|0|534|1|0|
30|945|540|0|535|1|0|
30|949|540|0|534|1|0|
30|956|540|0|531|1|0|
30|949|756|0|535|1|0|
30|949|756|0|535|1|0|
30|948|648|0|535|1|0|
30|945|432|0|535|1|0|
30|955|648|0|531|1|0|
30|951|648|0|534|1|0|
30|949|540|0|535|1|0|
30|948|756|0|534|1|0|
30|947|540|0|535|1|0|
30|946|648|0|535|1|0|
30|950|756|0|535|1|0|
30|959|864|0|535|1|0|
30|946|648|0|535|1|0|
30|945|648|0|535|1|0|
30|947|864|0|535|1|0|
30|947|648|0|535|1|0|
30|954|648|0|532|1|0|
30|943|648|0|535|1|0|
30|951|648|0|535|1|0|
30|945|540|0|535|1|0|
30|953|756|0|535|1|0|
30|946|648|0|534|1|0|
30|944|540|0|535|1|0|
30|946|756|0|535|1|0|
30|955|756|0|535|1|0|
30|948|540|0|535|1|0|
30|950|540|0|535|1|0|
30|950|756|0|535|1|0|
30|1009|648|0|532|2|0|
30|950|540|0|535|1|0|
30|951|864|0|534|1|0|
30|949|540|0|535|1|0|
30|945|648|0|535|1|0|
30|947|540|0|535|1|0|
30|945|648|0|534|1|0|
30|949|648|0|535|1|0|
30|944|756|0|535|1|0|
30|979|540|0|534|1|0|
30|947|540|0|535|1|0|
30|940|540|0|535|1|0|
30|949|432|0|534|1|0|
30|946|648|0|534|1|0|
30|946|432|0|535|1|0|
30|946|648|0|535|1|0|
30|946|648|0|534|1|0|
30|950|756|0|535|1|0|
30|944|648|0|535|1|0|
30|948|540|0|535|1|0|
30|944|648|0|535|1|0|
30|949|540|0|534|1|0|
30|953|756|0|535|1|0|
30|947|540|0|534|1|0|
30|945|648|0|535|1|0|
31|1601|972|0|788|1|0|
30|948|432|0|534|1|0|
30|944|540|0|535|1|0|
30|944|756|0|535|1|0|
30|951|540|0|535|1|0|
30|946|756|0|534|1|0|
30|943|864|0|535|1|0|
30|946|540|0|534|1|0|
30|943|540|0|534|1|0|
30|954|648|0|535|1|0|
30|952|756|0|535|1|0|
30|947|540|0|535|1|0|
30|948|540|0|535|1|0|
30|947|540|0|534|1|0|
30|945|540|0|534|1|0|
30|943|756|0|534|1|0|
30|945|540|0|534|1|0|
30|958|540|0|536|1|0|
30|948|756|0|535|1|0|
30|946|756|0|534|1|0|
30|945|540|0|535|1|0|
30|950|648|0|535|1|0|
30|946|864|0|533|1|0|
30|946|864|0|534|1|0|
30|950|756|0|535|1|0|
30|944|540|0|534|1|0|
30|948|648|0|535|1|0|
30|946|648|0|535|1|0|
30|949|540|0|534|1|0|
30|945|648|0|535|1|0|
30|945|864|0|535|1|0|
30|946|648|0|534|1|0|
30|946|648|0|535|1|0|
30|944|540|0|535|1|0|
30|946|756|0|534|1|0|
30|950|648|0|534|1|0|
30|946|540|0|535|1|0|
30|944|540|0|534|1|0|
30|949|756|0|535|1|0|
30|944|540|0|535|1|0|
30|947|648|0|535|1|0|
30|948|648|0|534|1|0|
30|945|648|0|535|1|0|
30|949|756|0|535|1|0|
30|950|864|0|534|1|0|
30|947|864|0|535|1|0|
30|946|648|0|534|1|0|
30|948|540|0|534|1|0|
30|956|540|0|532|1|0|
30|944|756|0|535|1|0|
30|943|432|0|535|1|0|
30|949|648|0|535|1|0|
30|945|648|0|535|1|0|
30|945|540|0|535|1|0|
30|947|648|0|535|1|0|
30|948|540|0|535|1|0|
30|948|648|0|534|1|0|
30|952|540|0|535|1|0|
30|946|540|0|534|1|0|
30|948|540|0|535|1|0|
30|956|432|0|535|1|0|
30|946|756|0|534|1|0|
30|944|540|0|535|1|0|
30|944|864|0|535|1|0|
30|948|648|0|534|1|0|
30|947|540|0|534|1|0|
30|953|756|0|535|1|0|
30|946|756|0|535|1|0|
30|971|756|0|535|1|0|
30|947|540|0|534|1|0|
30|942|648|0|534|1|0|
30|958|756|0|535|1|0|
30|947|756|0|535|1|0|
30|947|648|0|534|1|0|
30|948|540|0|535|1|0|
30|946|432|0|535|1|0|
30|946|540|0|535|1|0|
30|944|648|0|535|1|0|
30|944|756|0|535|1|0|
30|946|648|0|535|1|0|
30|949|432|0|535|1|0|
30|945|756|0|535|1|0|
30|949|540|0|534|1|0|
30|948|540|0|534|1|0|
30|945|432|0|534|1|0|
30|951|540|0|537|1|0|
30|945|540|0|534|1|0|
30|941|540|0|535|1|0|
30|947|540|0|535|1|0|
30|976|756|0|534|1|0|
30|945|756|0|535|1|0|
30|970|756|0|534|1|0|
30|959|432|0|535|1|0|
30|957|648|0|535|1|0|
30|961|540|0|534|1|0|
30|954|648|0|535|1|0|
30|954|756|0|537|1|0|
30|945|432|0|535|1|0|
30|947|648|0|534|1|0|
30|948|432|0|535|1|0|
30|941|540|0|535|1|0|
30|947|648|0|535|1|0|
30|949|756|0|534|1|0|
30|945|756|0|535|1|0|
30|951|540|0|535|1|0|
30|950|540|0|535|1|0|
30|945|432|0|535|1|0|
30|950|432|0|534|1|0|
30|946|540|0|533|1|0|
30|951|756|0|535|1|0|
30|944|540|0|535|1|0|
30|945|756|0|535|1|0|
30|944|432|0|535|1|0|
30|949|864|0|534|1|0|
30|943|648|0|535|1|0|
30|950|648|0|535|1|0|
30|947|648|0|535|1|0|
30|950|756|0|534|1|0|
30|948|540|0|535|1|0|
30|944|648|0|533|1|0|
30|948|648|0|535|1|0|
30|942|756|0|535|1|0|
30|943|540|0|534|1|0|
30|947|756|0|534|1|0|
30|958|432|0|535|1|0|
30|950|540|0|535|1|0|
30|944|648|0|535|1|0|
30|946|648|0|535|1|0|
30|946|648|0|535|1|0|
30|945|648|0|535|1|0|
30|946|756|0|535|1|0|
30|946|540|0|534|1|0|
30|951|540|0|534|1|0|
30|955|540|0|535|1|0|
30|944|756|0|535|1|0|
30|946|648|0|534|1|0|
30|950|756|0|535|1|0|
30|944|432|0|534|1|0|
30|945|648|0|535|1|0|
30|946|756|0|535|1|0|
30|951|648|0|535|1|0|
30|937|756|0|535|1|0|
30|942|540|0|535|1|0|
30|943|432|0|533|1|0|
30|948|756|0|535|1|0|
30|944|540|0|535|1|0|
30|945|648|0|535|1|0|
30|945|540|0|535|1|0|
30|986|540|0|535|1|0|
30|953|756|0|535|1|0|
30|949|648|0|535|1|0|
30|950|540|0|535|1|0|
30|944|648|0|535|1|0|
30|948|540|0|535|1|0|
30|951|756|0|533|1|0|
30|974|756|0|534|1|0|
30|945|432|0|534|1|0|
30|947|756|0|535|1|0|
30|948|540|0|535|1|0|
30|949|432|0|535|1|0|
30|959|756|0|535|1|0|
30|949|648|0|535|1|0|
30|945|540|0|534|1|0|
30|944|432|0|535|1|0|
30|945|540|0|534|1|0|
30|947|540|0|535|1|0|
30|946|432|0|535|1|0|
30|946|648|0|534|1|0|
30|945|540|0|535|1|0|
30|945|756|0|535|1|0|
30|944|432|0|535|1|0|
30|948|756|0|535|1|0|
30|944|648|0|534|1|0|
30|947|648|0|535|1|0|
30|947|432|0|535|1|0|
30|953|432|0|535|1|0|
30|948|648|0|534|1|0|
30|945|540|0|534|1|0|
30|944|648|0|535|1|0|
30|956|648|0|533|1|0|
30|953|540|0|532|1|0|
30|945|756|0|535|1|0|
30|950|648|0|535|1|0|
30|950|648|0|535|1|0|
30|945|648|0|534|1|0|
30|948|648|0|534|1|0|
30|944|540|0|535|1|0|
30|952|648|0|535|1|0|
30|949|540|0|535|1|0|
30|947|648|0|535|1|0|
30|946|756|0|535|1|0|
30|945|648|0|534|1|0|
30|944|540|0|535|1|0|
30|955|432|0|535|1|0|
30|945|432|0|535|1|0|
30|953|648|0|536|1|0|
30|953|648|0|534|1|0|
30|946|648|0|535|1|0|
30|946|648|0|534|1|0|
30|954|540|0|534|1|0|
30|943|540|0|534|1|0|
30|947|432|0|535|1|0|
30|946|540|0|535|1|0|
30|943|648|0|535|1|0|
30|950|540|0|535|1|0|
30|954|540|0|535|1|0|
30|945|432|0|535|1|0|
30|950|432|0|534|1|0|
30|953|648|0|534|1|0|
30|947|540|0|535|1|0|
30|942|432|0|535|1|0|
30|946|432|0|535|1|0|
30|947|540|0|535|1|0|
30|945|540|0|534|1|0|
30|953|540|0|535|1|0|
30|949|540|0|534|1|0|
30|948|540|0|534|1|0|
30|947|540|0|534|1|0|
30|945|540|0|535|1|0|
30|943|540|0|535|1|0|
30|947|432|0|535|1|0|
30|948|648|0|534|1|0|
30|949|648|0|536|1|0|
30|948|756|0|535|1|0|
30|961|756|0|535|1|0|
30|947|540|0|535|1|0|
30|946|864|0|534|1|0|
30|951|540|0|534|1|0|
30|946|648|0|535|1|0|
30|957|432|0|535|1|0|
30|945|648|0|534|1|0|
30|943|432|0|535|1|0|
30|949|648|0|535|1|0|
30|944|756|0|534|1|0|
30|946|540|0|535|1|0|
30|950|648|0|534|1|0|
30|957|540|0|534|1|0|
30|948|648|0|534|1|0|
30|941|648|0|535|1|0|
30|948|648|0|535|1|0|
30|945|540|0|534|1|0|
30|950|540|0|534|1|0|
30|947|648|0|535|1|0|
30|947|648|0|535|1|0|
30|954|540|0|534|1|0|
30|947|648|0|535|1|0|
30|949|540|0|534|1|0|
30|946|648|0|535|1|0|
30|949|648|0|534|1|0|
30|952|756|0|534|1|0|
30|957|756|0|535|1|0|
30|944|756|0|532|1|0|
30|946|540|0|535|1|0|
30|953|756|0|535|1|0|
30|945|864|0|534|1|0|
30|960|648|0|534|1|0|
30|943|648|0|535|1|0|
30|945|540|0|535|1|0|
30|964|540|0|534|1|0|
30|946|648|0|535|1|0|
30|948|540|0|535|1|0|
30|947|540|0|535|1|0|
30|943|540|0|535|1|0|
30|949|540|0|534|1|0|
30|948|540|0|535|1|0|
30|952|756|0|533|1|0|
30|949|540|0|534|1|0|
30|954|540|0|535|1|0|
30|945|756|0|535|1|0|
30|956|540|0|534|1|0|
30|944|648|0|535|1|0|
30|955|648|0|535|1|0|
30|950|540|0|535|1|0|
31|1602|972|0|782|1|0|
30|952|432|0|534|1|0|
30|947|432|0|535|1|0|
30|945|432|0|535|1|0|
30|946|540|0|535|1|0|
30|946|432|0|535|1|0|
30|957|648|0|534|1|0|
30|948|864|0|535|1|0|
30|946|540|0|534|1|0|
30|944|432|0|535|1|0|
30|945|648|0|534|1|0|
30|945|540|0|535|1|0|
30|952|540|0|534|1|0|
30|950|540|0|535|1|0|
30|950|756|0|534|1|0|
30|945|648|0|535|1|0|
30|948|756|0|535|1|0|
30|948|648|0|535|1|0|
30|946|756|0|535|1|0|
30|946|648|0|535|1|0|
30|956|540|0|535|1|0|
30|944|540|0|535|1|0|
30|953|972|0|535|1|0|
30|946|648|0|535|1|0|
30|945|540|0|534|1|0|
30|946|540|0|535|1|0|
30|951|432|0|534|1|0|
30|948|648|0|535|1|0|
30|950|648|0|534|1|0|
30|943|432|0|535|1|0|
30|948|540|0|534|1|0|
30|948|432|0|534|1|0|
30|946|756|0|535|1|0|
30|944|432|0|535|1|0|
30|950|432|0|535|1|0|
30|946|432|0|534|1|0|
30|947|864|0|535|1|0|
30|946|648|0|534|1|0|
30|946|648|0|534|1|0|
30|956|648|0|534|1|0|
30|948|432|0|534|1|0|
30|951|648|0|534|1|0|
30|946|756|0|534|1|0|
30|947|540|0|535|1|0|
30|944|540|0|535|1|0|
30|947|540|0|534|1|0|
30|945|432|0|535|1|0|
30|952|648|0|535|1|0|
30|955|648|0|535|1|0|
30|948|540|0|534|1|0|
30|947|540|0|534|1|0|
30|944|432|0|535|1|0|
30|961|864|0|534|1|0|
30|942|756|0|535|1|0|
30|953|648|0|535|1|0|
30|945|648|0|535|1|0|
30|950|432|0|535|1|0|
30|955|540|0|535|1|0|
30|951|540|0|535|1|0|
30|948|540|0|535|1|0|
30|944|540|0|535|1|0|
30|949|432|0|535|1|0|
30|948|432|0|535|1|0|
30|945|648|0|535|1|0|
30|951|540|0|534|1|0|
30|950|648|0|537|1|0|
30|947|540|0|534|1|0|
30|947|540|0|535|1|0|
30|946|540|0|534|1|0|
30|945|432|0|535|1|0|
30|944|648|0|535|1|0|
30|949|756|0|535|1|0|
30|945|432|0|534|1|0|
30|949|756|0|535|1|0|
30|949|540|0|535|1|0|
30|945|432|0|534|1|0|
30|945|540|0|535|1|0|
30|959|648|0|534|1|0|
30|950|540|0|534|1|0|
30|943|540|0|534|1|0|
30|944|648|0|535|1|0|
30|944|756|0|535|1|0|
30|950|540|0|534|1|0|
30|945|432|0|535|1|0|
30|946|648|0|535|1|0|
30|950|864|0|535|1|0|
30|946|540|0|535|1|0|
30|946|432|0|535|1|0|
30|945|864|0|534|1|0|
30|944|540|0|535|1|0|
30|948|540|0|535|1|0|
30|945|540|0|535|1|0|
30|946|540|0|535|1|0|
30|944|540|0|535|1|0|
30|951|756|0|535|1|0|
30|947|432|0|535|1|0|
30|944|648|0|535|1|0|
30|946|648|0|535|1|0|
30|947|648|0|534|1|0|
30|945|432|0|533|1|0|
30|950|648|0|535|1|0|
30|947|756|0|535|1|0|
30|951|756|0|535|1|0|
30|946|648|0|535|1|0|
30|948|540|0|534|1|0|
30|943|756|0|535|1|0|
30|943|540|0|535|1|0|
30|957|864|0|532|1|0|
30|947|864|0|534|1|0|
30|943|756|0|535|1|0|
30|950|756|0|535|1|0|
30|945|756|0|535|1|0|
30|962|648|0|534|1|0|
30|944|540|0|535|1|0|
30|947|756|0|535|1|0|
30|952|540|0|535|1|0|
30|947|432|0|535|1|0|
30|948|432|0|535|1|0|
30|948|648|0|535|1|0|
30|948|540|0|535|1|0|
30|950|648|0|534|1|0|
30|949|648|0|534|1|0|
30|941|648|0|535|1|0|
30|956|540|0|535|1|0|
30|957|540|0|533|1|0|
30|953|648|0|534|1|0|
30|950|540|0|534|1|0|
30|948|540|0|535|1|0|
30|947|648|0|534|1|0|
30|947|756|0|535|1|0|
30|949|432|0|534|1|0|
30|948|432|0|535|1|0|
30|951|540|0|535|1|0|
30|944|972|0|535|1|0|
30|948|648|0|535|1|0|
30|946|540|0|535|1|0|
30|944|648|0|535|1|0|
30|944|540|0|535|1|0|
30|946|648|0|535|1|0|
30|945|756|0|535|1|0|
30|949|756|0|535|1|0|
30|944|648|0|535|1|0|
30|945|432|0|535|1|0|
30|943|540|0|535|1|0|
30|942|540|0|535|1|0|
30|949|648|0|535|1|0|
30|944|864|0|535|1|0|
30|946|540|0|535|1|0|
30|949|540|0|535|1|0|
30|987|540|0|532|1|0|
30|948|540|0|535|1|0|
30|949|756|0|534|1|0|
30|945|648|0|535|1|0|
30|946|432|0|534|1|0|
30|948|540|0|535|1|0|
30|947|648|0|534|1|0|
30|943|756|0|535|1|0|
30|948|648|0|535|1|0|
30|953|540|0|534|1|0|
30|949|432|0|534|1|0|
30|947|648|0|534|1|0|
30|948|756|0|535|1|0|
30|944|756|0|534|1|0|
30|944|432|0|534|1|0|
30|948|756|0|535|1|0|
30|961|540|0|535|1|0|
30|947|432|0|535|1|0|
30|941|540|0|535|1|0|
30|947|432|0|535|1|0|
30|947|756|0|534|1|0|
30|955|540|0|536|1|0|
30|952|864|0|535|1|0|
30|950|756|0|534|1|0|
30|948|432|0|535|1|0|
30|946|432|0|534|1|0|
30|945|648|0|535|1|0|
30|944|756|0|535|1|0|
30|947|648|0|533|1|0|
30|946|864|0|534|1|0|
30|949|432|0|534|1|0|
30|945|648|0|535|1|0|
30|947|540|0|535|1|0|
30|950|648|0|534|1|0|
30|947|756|0|535|1|0|
30|945|540|0|535|1|0|
30|944|432|0|535|1|0|
30|947|540|0|534|1|0|
30|946|648|0|535|1|0|
30|949|756|0|535|1|0|
30|948|540|0|535|1|0|
30|945|648|0|534|1|0|
30|972|756|0|535|1|0|
30|954|648|0|534|1|0|
30|950|432|0|535|1|0|
30|944|756|0|535|1|0|
30|944|648|0|535|1|0|
30|951|756|0|535|1|0|
30|944|756|0|533|1|0|
30|945|432|0|533|1|0|
30|951|864|0|535|1|0|
30|944|756|0|535|1|0|
30|949|432|0|535|1|0|
30|953|432|0|534|1|0|
30|945|648|0|535|1|0|
30|946|540|0|535|1|0|
30|948|864|0|535|1|0|
30|945|756|0|535|1|0|
30|949|540|0|535|1|0|
30|947|756|0|534|1|0|
30|951|756|0|535|1|0|
30|947|648|0|535|1|0|
30|959|540|0|535|1|0|
30|952|540|0|534|1|0|
30|944|540|0|534|1|0|
30|961|540|0|535|1|0|
30|988|540|0|531|1|0|
30|951|648|0|535|1|0|
30|954|540|0|535|1|0|
30|942|756|0|535|1|0|
30|946|540|0|533|1|0|
30|945|540|0|535|1|0|
30|945|540|0|535|1|0|
30|953|756|0|532|1|0|
30|945|648|0|534|1|0|
30|946|432|0|535|1|0|
30|940|540|0|535|1|0|
30|947|648|0|534|1|0|
30|946|648|0|535|1|0|
30|945|648|0|535|1|0|
30|949|540|0|533|1|0|
30|948|540|0|535|1|0|
30|945|540|0|534|1|0|
30|950|648|0|534|1|0|
30|943|540|0|535|1|0|
30|949|756|0|535|1|0|
30|945|648|0|535|1|0|
30|946|648|0|534|1|0|
30|952|432|0|534|1|0|
30|945|756|0|534|1|0|
30|954|648|0|533|1|0|
30|949|648|0|535|1|0|
30|950|864|0|535|1|0|
30|950|432|0|537|1|0|
30|946|540|0|535|1|0|
30|947|648|0|535|1|0|
30|949|540|0|535|1|0|
30|948|648|0|534|1|0|
30|947|648|0|534|1|0|
30|963|648|0|534|1|0|
30|949|756|0|534|1|0|
30|944|540|0|534|1|0|
30|948|540|0|535|1|0|
30|948|648|0|534|1|0|
30|948|756|0|535|1|0|
30|948|756|0|534|1|0|
30|950|540|0|534|1|0|
30|946|756|0|535|1|0|
30|947|432|0|535|1|0|
30|943|756|0|535|1|0|
30|949|756|0|534|1|0|
30|949|540|0|534|1|0|
30|943|648|0|535|1|0|
30|947|756|0|535|1|0|
30|945|540|0|534|1|0|
30|940|648|0|535|1|0|
30|956|756|0|534|1|0|
30|950|648|0|535|1|0|
30|946|432|0|534|1|0|
30|946|648|0|534|1|0|
30|946|540|0|535|1|0|
30|946|756|0|535|1|0|
30|947|540|0|535|1|0|
30|945|540|0|535|1|0|
30|969|756|0|535|1|0|
30|946|648|0|535|1|0|
30|956|540|0|535|1|0|
30|945|864|0|535|1|0|
30|947|756|0|535|1|0|
30|954|648|0|535|1|0|
30|949|756|0|534|1|0|
30|945|540|0|535|1|0|
30|952|756|0|534|1|0|
30|952|648|0|534|1|0|
