INSTRUCTIONS_RETIRED|CYCLES|UNKNOWN|LD_BLOCKS.STORE_FORWARD|UOPS_EXECUTED.CORE|BR_MISP_RETIRED.ALL_BRANCHES|UOPS_ISSUED.SINGLE_MUL|
30|971|648|0|548|2|0|
30|940|432|0|535|1|0|
30|943|648|0|535|1|0|
30|949|756|0|535|1|0|
30|948|648|0|534|1|0|
30|946|648|0|535|1|0|
30|956|648|0|535|1|0|
30|944|864|0|535|1|0|
30|943|648|0|535|1|0|
30|947|756|0|535|1|0|
30|1002|540|0|548|2|0|
30|950|648|0|535|1|0|
30|951|540|0|535|1|0|
30|1003|648|0|547|2|0|
30|964|756|0|535|1|0|
30|950|540|0|535|1|0|
30|983|648|0|535|1|0|
30|1059|756|0|900|2|0|
30|1110|756|0|1689|1|0|
30|982|540|0|535|1|0|
30|946|540|0|534|1|0|
30|968|540|0|548|2|0|
30|947|756|0|534|1|0|
30|984|540|0|547|2|0|
30|954|648|0|532|1|0|
30|983|756|0|534|1|0|
30|946|648|0|535|1|0|
30|943|540|0|535|1|0|
30|946|540|0|535|1|0|
30|955|648|0|532|1|0|
30|947|648|0|533|1|0|
30|947|756|0|535|1|0|
30|946|756|0|535|1|0|
30|948|648|0|534|1|0|
30|947|540|0|535|1|0|
30|948|540|0|535|1|0|
30|943|432|0|535|1|0|
30|950|648|0|534|1|0|
30|946|540|0|535|1|0|
30|974|540|0|548|2|0|
30|959|648|0|537|1|0|
30|965|756|0|532|1|0|
30|946|756|0|535|1|0|
30|948|648|0|535|1|0|
30|947|864|0|534|1|0|
30|943|540|0|535|1|0|
30|981|648|0|535|1|0|
30|971|648|0|547|2|0|
30|981|648|0|535|1|0|
30|1008|540|0|548|2|0|
30|952|648|0|536|1|0|
30|948|648|0|535|1|0|
30|1100|648|0|582|1|0|
30|947|648|0|533|1|0|
30|979|540|0|533|1|0|
30|948|540|0|535|1|0|
30|970|432|0|548|2|0|
30|956|648|0|537|1|0|
30|953|756|0|535|1|0|
30|983|756|0|534|1|0|
30|955|432|0|537|1|0|
30|964|648|0|547|2|0|
30|945|756|0|534|1|0|
30|947|540|0|535|1|0|
30|1000|756|0|548|2|0|
30|945|648|0|535|1|0|
30|952|648|0|535|1|0|
30|1020|648|0|532|1|0|
30|955|648|0|535|1|0|
30|943|648|0|535|1|0|
30|946|648|0|534|1|0|
30|951|540|0|535|1|0|
30|958|540|0|535|1|0|
30|975|756|0|548|2|0|
30|949|756|0|534|1|0|
30|946|648|0|534|1|0|
30|945|648|0|535|1|0|
30|945|756|0|535|1|0|
30|945|756|0|535|1|0|
30|945|540|0|535|1|0|
30|979|756|0|535|1|0|
30|947|648|0|534|1|0|
30|947|756|0|535|1|0|
30|950|432|0|535|1|0|
30|947|648|0|535|1|0|
30|948|648|0|535|1|0|
30|946|648|0|534|1|0|
30|948|648|0|534|1|0|
30|955|432|0|535|1|0|
30|952|432|0|535|1|0|
30|949|756|0|533|1|0|
30|945|648|0|535|1|0|
30|948|432|0|535|1|0|
30|947|540|0|535|1|0|
30|945|756|0|535|1|0|
30|943|756|0|535|1|0|
30|943|540|0|535|1|0|
30|943|648|0|535|1|0|
30|965|648|0|548|2|0|
30|949|648|0|535|1|0|
30|946|648|0|535|1|0|
30|939|540|0|535|1|0|
30|949|540|0|535|1|0|
30|969|540|0|548|2|0|
30|950|540|0|534|1|0|
30|944|756|0|535|1|0|
30|952|648|0|534|1|0|
30|950|648|0|534|1|0|
30|949|648|0|535|1|0|
30|948|648|0|535|1|0|
30|945|756|0|535|1|0|
30|949|864|0|535|1|0|
30|949|432|0|535|1|0|
30|959|756|0|534|1|0|
30|947|540|0|535|1|0|
30|978|648|0|548|2|0|
30|941|540|0|535|1|0|
30|952|540|0|535|1|0|
30|946|540|0|535|1|0|
30|945|432|0|535|1|0|
30|951|756|0|535|1|0|
30|946|648|0|535|1|0|
30|949|648|0|534|1|0|
30|950|432|0|535|1|0|
30|989|648|0|535|1|0|
30|951|648|0|535|1|0|
30|942|648|0|535|1|0|
30|945|648|0|535|1|0|
30|966|648|0|548|2|0|
30|947|648|0|535|1|0|
30|953|540|0|535|1|0|
30|947|540|0|534|1|0|
30|941|648|0|535|1|0|
30|946|756|0|534|1|0|
30|944|756|0|534|1|0|
30|954|540|0|534|1|0|
30|944|756|0|534|1|0|
30|944|648|0|534|1|0|
30|951|648|0|535|1|0|
30|953|756|0|534|1|0|
30|947|432|0|534|1|0|
30|969|756|0|548|2|0|
30|949|648|0|533|1|0|
30|971|432|0|547|2|0|
30|954|756|0|536|1|0|
30|967|648|0|547|2|0|
30|949|648|0|535|1|0|
30|946|864|0|535|1|0|
30|947|540|0|535|1|0|
30|951|864|0|534|1|0|
30|947|540|0|535|1|0|
30|948|540|0|535|1|0|
30|971|540|0|548|2|0|
30|947|432|0|534|1|0|
30|947|540|0|534|1|0|
30|950|648|0|537|1|0|
30|955|648|0|535|1|0|
30|949|756|0|534|1|0|
30|976|432|0|548|2|0|
30|961|756|0|535|1|0|
30|947|540|0|534|1|0|
30|946|540|0|535|1|0|
30|969|540|0|547|2|0|
30|954|648|0|535|1|0|
30|967|648|0|530|1|0|
30|946|540|0|535|1|0|
30|946|648|0|535|1|0|
30|969|756|0|548|2|0|
30|969|756|0|547|2|0|
30|949|648|0|534|1|0|
30|950|756|0|535|1|0|
30|949|648|0|535|1|0|
30|945|540|0|535|1|0|
30|945|540|0|535|1|0|
30|968|864|0|552|2|0|
30|949|648|0|534|1|0|
30|952|432|0|536|1|0|
30|944|756|0|534|1|0|
30|982|648|0|547|2|0|
30|948|540|0|535|1|0|
30|980|432|0|534|1|0|
30|992|756|0|536|1|0|
30|943|648|0|535|1|0|
30|943|648|0|534|1|0|
30|954|648|0|535|1|0|
30|989|756|0|548|2|0|
30|946|432|0|534|1|0|
30|943|648|0|535|1|0|
30|946|864|0|535|1|0|
30|941|540|0|535|1|0|
30|948|432|0|534|1|0|
30|950|648|0|535|1|0|
30|955|756|0|534|1|0|
30|961|756|0|534|1|0|
30|944|648|0|535|1|0|
30|948|540|0|534|1|0|
30|954|756|0|535|1|0|
30|952|648|0|535|1|0|
30|973|540|0|547|2|0|
30|949|756|0|534|1|0|
30|945|648|0|535|1|0|
30|979|648|0|548|2|0|
30|945|540|0|535|1|0|
30|947|648|0|535|1|0|
30|950|972|0|535|1|0|
30|945|756|0|535|1|0|
30|1060|864|0|796|2|0|
30|966|756|0|547|2|0|
30|979|540|0|535|1|0|
30|975|540|0|551|2|0|
30|945|756|0|534|1|0|
30|971|756|0|548|2|0|
30|954|540|0|534|1|0|
30|990|432|0|545|2|0|
30|951|648|0|533|1|0|
30|951|540|0|535|1|0|
30|950|540|0|535|1|0|
30|999|540|0|548|2|0|
30|991|540|0|535|1|0|
30|970|540|0|547|2|0|
30|947|540|0|535|1|0|
30|986|648|0|532|1|0|
30|947|648|0|534|1|0|
30|952|648|0|535|1|0|
30|942|648|0|534|1|0|
30|972|864|0|548|2|0|
30|952|648|0|535|1|0|
30|954|756|0|535|1|0|
30|951|540|0|534|1|0|
30|949|756|0|535|1|0|
30|974|756|0|551|2|0|
30|954|756|0|534|1|0|
30|967|756|0|547|2|0|
30|980|540|0|535|1|0|
30|1005|864|0|548|2|0|
30|949|864|0|535|1|0|
30|944|540|0|533|1|0|
30|1104|756|0|896|2|0|
30|983|540|0|548|2|0|
30|966|540|0|548|2|0|
30|970|540|0|547|2|0|
30|972|540|0|548|2|0|
30|948|864|0|535|1|0|
30|949|864|0|535|1|0|
30|944|432|0|535|1|0|
30|955|648|0|536|1|0|
30|970|648|0|548|2|0|
30|945|540|0|535|1|0|
30|953|756|0|534|1|0|
30|949|756|0|535|1|0|
30|956|432|0|532|1|0|
30|945|756|0|535|1|0|
30|946|540|0|535|1|0|
30|980|648|0|535|1|0|
30|969|864|0|548|2|0|
30|943|864|0|535|1|0|
30|975|648|0|547|2|0|
30|946|756|0|535|1|0|
30|973|540|0|548|2|0|
30|976|648|0|552|2|0|
30|965|756|0|534|1|0|
30|977|648|0|545|2|0|
30|955|540|0|535|1|0|
30|978|648|0|535|1|0|
30|958|540|0|534|1|0|
30|946|540|0|535|1|0|
30|952|540|0|535|1|0|
30|955|864|0|535|1|0|
30|949|432|0|534|1|0|
30|1059|756|0|904|1|0|
30|946|432|0|535|1|0|
30|945|432|0|534|1|0|
30|948|540|0|534|1|0|
30|945|864|0|535|1|0|
30|998|756|0|548|2|0|
30|951|432|0|535|1|0|
30|947|540|0|534|1|0|
30|967|540|0|537|1|0|
30|946|756|0|534|1|0|
30|949|540|0|537|1|0|
30|983|756|0|544|2|0|
30|953|648|0|535|1|0|
30|1003|648|0|548|2|0|
30|971|864|0|548|2|0|
30|957|540|0|535|1|0|
30|950|756|0|535|1|0|
30|950|648|0|534|1|0|
30|947|756|0|535|1|0|
30|946|756|0|535|1|0|
30|955|540|0|535|1|0|
30|947|756|0|535|1|0|
30|950|864|0|535|1|0|
30|953|648|0|534|1|0|
30|944|648|0|534|1|0|
30|983|540|0|535|1|0|
30|947|648|0|535|1|0|
30|949|648|0|535|1|0|
30|971|432|0|547|2|0|
30|955|648|0|535|1|0|
30|948|540|0|535|1|0|
30|952|648|0|534|1|0|
30|978|648|0|534|1|0|
30|955|432|0|534|1|0|
30|947|540|0|535|1|0|
30|946|756|0|535|1|0|
30|970|756|0|548|2|0|
30|947|756|0|534|1|0|
30|943|756|0|534|1|0|
30|949|432|0|535|1|0|
30|953|540|0|535|1|0|
30|949|648|0|535|1|0|
30|946|648|0|535|1|0|
30|972|756|0|548|2|0|
30|971|756|0|548|2|0|
30|969|756|0|548|2|0|
30|968|648|0|548|2|0|
30|945|756|0|535|1|0|
30|939|864|0|535|1|0|
30|1002|972|0|548|2|0|
30|948|756|0|535|1|0|
30|955|648|0|532|1|0|
30|945|756|0|535|1|0|
30|965|648|0|548|2|0|
30|951|756|0|535|1|0|
30|951|648|0|534|1|0|
30|944|756|0|535|1|0|
30|967|648|0|548|2|0|
30|947|540|0|535|1|0|
30|946|648|0|534|1|0|
30|974|540|0|547|2|0|
30|973|756|0|548|2|0|
30|943|648|0|534|1|0|
30|946|540|0|535|1|0|
30|942|648|0|535|1|0|
30|946|864|0|535|1|0|
30|949|432|0|534|1|0|
30|948|864|0|535|1|0|
30|970|756|0|547|2|0|
30|947|648|0|534|1|0|
30|945|540|0|533|1|0|
30|947|540|0|535|1|0|
30|946|648|0|535|1|0|
30|948|756|0|534|1|0|
30|974|648|0|550|2|0|
30|968|648|0|547|2|0|
30|1005|540|0|545|2|0|
30|983|648|0|536|1|0|
30|969|864|0|548|2|0|
30|949|648|0|535|1|0|
30|937|648|0|533|1|0|
30|967|540|0|547|2|0|
30|945|540|0|535|1|0|
30|947|432|0|535|1|0|
30|945|756|0|534|1|0|
30|980|540|0|544|2|0|
30|955|648|0|534|1|0|
30|945|432|0|534|1|0|
30|943|756|0|535|1|0|
30|966|648|0|533|1|0|
30|945|648|0|534|1|0|
30|946|540|0|534|1|0|
30|948|756|0|535|1|0|
30|980|540|0|548|2|0|
30|967|540|0|548|2|0|
30|949|648|0|535|1|0|
30|945|756|0|534|1|0|
30|948|648|0|534|1|0|
30|974|648|0|547|2|0|
30|943|432|0|535|1|0|
30|946|648|0|534|1|0|
30|950|648|0|534|1|0|
30|941|540|0|534|1|0|
30|948|648|0|535|1|0|
30|947|648|0|535|1|0|
30|943|540|0|535|1|0|
30|951|540|0|535|1|0|
30|966|648|0|548|2|0|
30|951|648|0|537|1|0|
30|967|864|0|548|2|0|
30|978|648|0|535|1|0|
30|979|540|0|535|1|0|
30|948|540|0|535|1|0|
30|946|540|0|535|1|0|
30|948|756|0|535|1|0|
30|957|432|0|532|1|0|
30|970|540|0|548|2|0|
30|945|540|0|535|1|0|
30|951|540|0|534|1|0|
30|955|648|0|536|1|0|
30|948|648|0|534|1|0|
30|949|756|0|535|1|0|
30|946|432|0|535|1|0|
30|952|756|0|534|1|0|
30|977|540|0|548|2|0|
30|967|756|0|548|2|0|
30|951|756|0|534|1|0|
30|949|648|0|535|1|0|
30|949|648|0|535|1|0|
30|947|756|0|534|1|0|
30|946|648|0|534|1|0|
30|954|540|0|535|1|0|
30|948|864|0|535|1|0|
30|951|540|0|535|1|0|
30|947|648|0|535|1|0|
30|946|756|0|535|1|0|
30|959|648|0|537|1|0|
30|944|648|0|535|1|0|
30|947|756|0|534|1|0|
30|954|756|0|535|1|0|
30|955|648|0|534|1|0|
30|966|648|0|548|2|0|
30|962|540|0|535|1|0|
30|949|540|0|534|1|0|
30|957|648|0|534|1|0|
30|946|540|0|535|1|0|
30|956|648|0|536|1|0|
30|972|648|0|547|2|0|
30|956|648|0|537|1|0|
30|959|540|0|535|1|0|
30|948|540|0|535|1|0|
30|946|864|0|535|1|0|
30|971|540|0|532|1|0|
30|946|648|0|535|1|0|
30|974|648|0|547|2|0|
30|949|540|0|535|1|0|
30|942|648|0|535|1|0|
30|943|756|0|535|1|0|
30|959|648|0|535|1|0|
30|954|648|0|535|1|0|
30|999|756|0|602|1|0|
30|946|432|0|534|1|0|
30|977|648|0|544|2|0|
30|956|540|0|534|1|0|
30|946|756|0|535|1|0|
30|966|540|0|547|2|0|
30|946|648|0|534|1|0|
30|945|648|0|535|1|0|
30|1088|864|0|1110|1|0|
30|977|648|0|548|2|0|
30|946|648|0|535|1|0|
30|946|540|0|535|1|0|
30|945|648|0|534|1|0|
30|1016|540|0|548|2|0|
30|967|864|0|534|1|0|
30|969|756|0|547|2|0|
30|944|648|0|535|1|0|
30|946|864|0|535|1|0|
30|945|648|0|535|1|0|
30|970|540|0|547|2|0|
30|954|756|0|535|1|0|
30|950|648|0|535|1|0|
30|953|648|0|534|1|0|
30|947|756|0|535|1|0|
30|943|756|0|535|1|0|
30|947|648|0|535|1|0|
30|972|756|0|547|2|0|
30|994|648|0|530|1|0|
30|980|540|0|535|1|0|
30|959|540|0|539|1|0|
30|984|648|0|535|1|0|
30|947|648|0|535|1|0|
30|983|756|0|535|1|0|
30|946|648|0|535|1|0|
30|944|648|0|535|1|0|
30|949|648|0|534|1|0|
30|949|648|0|534|1|0|
30|982|540|0|537|1|0|
30|946|648|0|535|1|0|
30|948|432|0|535|1|0|
30|943|648|0|534|1|0|
30|939|756|0|535|1|0|
30|963|432|0|535|1|0|
30|950|756|0|535|1|0|
30|945|540|0|535|1|0|
30|975|540|0|547|2|0|
30|953|540|0|535|1|0|
30|949|756|0|535|1|0|
30|951|540|0|534|1|0|
30|963|756|0|534|1|0|
30|957|540|0|534|1|0|
30|949|648|0|535|1|0|
30|967|756|0|547|2|0|
30|953|432|0|535|1|0|
30|947|540|0|535|1|0|
30|945|540|0|535|1|0|
30|948|648|0|535|1|0|
30|945|432|0|535|1|0|
30|946|540|0|535|1|0|
30|953|648|0|535|1|0|
30|950|648|0|535|1|0|
30|947|756|0|535|1|0|
30|985|648|0|535|1|0|
30|944|540|0|535|1|0|
30|944|432|0|535|1|0|
30|947|648|0|535|1|0|
30|943|540|0|534|1|0|
30|970|648|0|547|2|0|
30|968|864|0|547|2|0|
30|987|648|0|535|1|0|
30|972|432|0|547|2|0|
30|943|540|0|535|1|0|
30|949|648|0|534|1|0|
30|966|648|0|548|2|0|
30|945|432|0|535|1|0|
30|981|648|0|534|1|0|
30|969|540|0|535|1|0|
30|949|756|0|535|1|0|
30|946|648|0|535|1|0|
30|988|756|0|535|1|0|
30|949|648|0|535|1|0|
30|948|432|0|535|1|0|
30|951|432|0|534|1|0|
30|946|756|0|535|1|0|
30|949|756|0|535|1|0|
30|951|648|0|535|1|0|
30|955|648|0|534|1|0|
30|949|756|0|534|1|0|
30|955|864|0|532|1|0|
30|977|756|0|534|1|0|
30|945|648|0|535|1|0|
30|945|540|0|535|1|0|
30|972|864|0|547|2|0|
30|968|540|0|548|2|0|
30|955|540|0|535|1|0|
30|950|648|0|535|1|0|
30|978|540|0|535|1|0|
30|944|648|0|535|1|0|
30|948|540|0|535|1|0|
30|954|540|0|535|1|0|
30|973|756|0|548|2|0|
30|948|540|0|535|1|0|
30|950|756|0|534|1|0|
30|969|432|0|547|2|0|
30|948|756|0|535|1|0|
30|947|432|0|535|1|0|
30|947|648|0|534|1|0|
30|951|756|0|535|1|0|
30|1033|648|0|548|2|0|
30|985|648|0|537|1|0|
30|975|864|0|551|2|0|
30|945|540|0|535|1|0|
30|946|432|0|534|1|0|
30|950|648|0|534|1|0|
30|969|756|0|547|2|0|
30|948|540|0|534|1|0|
30|950|648|0|535|1|0|
30|976|756|0|535|1|0|
30|944|648|0|535|1|0|
30|953|540|0|535|1|0|
30|953|756|0|535|1|0|
30|964|432|0|532|1|0|
30|945|540|0|534|1|0|
30|969|756|0|548|2|0|
30|946|648|0|535|1|0|
30|982|540|0|547|2|0|
30|952|432|0|535|1|0|
30|972|864|0|547|2|0|
30|947|756|0|535|1|0|
30|969|432|0|531|1|0|
30|968|864|0|548|2|0|
30|972|756|0|547|2|0|
30|967|756|0|548|2|0|
30|943|540|0|535|1|0|
30|969|756|0|551|2|0|
30|943|756|0|534|1|0|
30|944|648|0|535|1|0|
30|1078|540|0|1102|1|0|
30|981|540|0|535|1|0|
30|949|540|0|534|1|0|
30|950|864|0|535|1|0|
30|955|648|0|537|1|0|
30|947|432|0|534|1|0|
30|941|648|0|534|1|0|
30|957|756|0|535|1|0|
30|979|756|0|545|2|0|
30|977|432|0|548|2|0|
30|948|648|0|537|1|0|
30|969|648|0|547|2|0|
30|948|756|0|534|1|0|
30|946|540|0|534|1|0|
30|947|864|0|534|1|0|
30|968|432|0|547|2|0|
30|1017|648|0|532|1|0|
30|971|648|0|548|2|0|
30|951|432|0|535|1|0|
30|949|864|0|535|1|0|
30|977|648|0|535|1|0|
30|946|540|0|533|1|0|
30|948|432|0|533|1|0|
30|965|648|0|548|2|0|
30|939|756|0|535|1|0|
30|945|540|0|534|1|0|
30|946|540|0|534|1|0|
30|973|648|0|547|2|0|
30|966|648|0|548|2|0|
30|944|756|0|534|1|0|
30|949|648|0|535|1|0|
30|946|540|0|534|1|0|
30|977|432|0|544|2|0|
30|947|648|0|535|1|0|
30|968|648|0|530|1|0|
30|947|540|0|535|1|0|
30|944|756|0|535|1|0|
30|946|756|0|535|1|0|
30|954|648|0|535|1|0|
30|964|540|0|536|1|0|
30|969|540|0|548|2|0|
30|942|540|0|535|1|0|
30|972|648|0|547|2|0|
30|968|756|0|548|2|0|
30|950|432|0|535|1|0|
30|947|648|0|535|1|0|
30|948|648|0|534|1|0|
30|970|756|0|547|2|0|
30|950|648|0|535|1|0|
30|944|648|0|534|1|0|
30|955|864|0|534|1|0|
30|949|756|0|535|1|0|
30|972|432|0|548|2|0|
30|950|864|0|534|1|0|
30|951|540|0|535|1|0|
30|948|756|0|535|1|0|
30|949|648|0|534|1|0|
30|977|648|0|535|1|0|
30|950|756|0|535|1|0|
30|952|540|0|534|1|0|
30|970|756|0|548|2|0|
30|948|540|0|535|1|0|
30|972|972|0|548|2|0|
30|967|432|0|548|2|0|
30|974|540|0|547|2|0|
31|1689|1188|0|1328|1|0|
30|979|756|0|547|2|0|
30|946|648|0|535|1|0|
30|945|648|0|534|1|0|
30|947|648|0|535|1|0|
30|972|648|0|548|2|0|
30|944|756|0|535|1|0|
30|957|540|0|535|1|0|
30|943|648|0|534|1|0|
30|948|540|0|535|1|0|
30|948|756|0|535|1|0|
30|956|648|0|535|1|0|
30|967|864|0|547|2|0|
30|947|540|0|535|1|0|
30|948|756|0|535|1|0|
30|988|432|0|532|1|0|
30|944|648|0|535|1|0|
30|1022|648|0|549|2|0|
30|968|540|0|547|2|0|
30|980|756|0|535|1|0|
30|946|540|0|535|1|0|
30|953|648|0|535|1|0|
30|948|648|0|534|1|0|
30|951|648|0|535|1|0|
30|981|540|0|535|1|0|
30|947|648|0|535|1|0|
30|976|648|0|548|2|0|
30|947|864|0|535|1|0|
30|966|756|0|547|2|0|
30|973|648|0|548|2|0|
30|971|540|0|548|2|0|
30|950|756|0|535|1|0|
30|958|756|0|535|1|0|
30|944|540|0|534|1|0|
30|961|756|0|535|1|0|
30|951|864|0|535|1|0|
30|967|648|0|548|2|0|
30|944|432|0|535|1|0|
30|976|540|0|548|2|0|
30|946|648|0|535|1|0|
30|949|432|0|534|1|0|
30|949|756|0|535|1|0|
30|947|648|0|535|1|0|
30|968|756|0|548|2|0|
30|969|864|0|547|2|0|
30|983|540|0|547|2|0|
30|947|756|0|535|1|0|
30|947|540|0|533|1|0|
30|952|648|0|536|1|0|
30|950|756|0|535|1|0|
30|944|756|0|535|1|0|
30|970|756|0|547|2|0|
30|944|756|0|535|1|0|
30|945|756|0|535|1|0|
30|950|540|0|534|1|0|
30|945|648|0|535|1|0|
30|947|756|0|535|1|0|
30|949|540|0|535|1|0|
30|973|540|0|548|2|0|
30|968|540|0|548|2|0|
30|946|648|0|535|1|0|
30|950|540|0|535|1|0|
30|949|432|0|534|1|0|
30|945|648|0|535|1|0|
30|970|432|0|547|2|0|
30|944|648|0|534|1|0|
30|971|864|0|548|2|0|
30|948|540|0|534|1|0|
30|946|756|0|534|1|0|
30|947|648|0|535|1|0|
30|969|540|0|548|2|0|
30|948|540|0|534|1|0|
30|1029|756|0|547|2|0|
30|948|648|0|534|1|0|
30|967|540|0|547|2|0|
30|945|756|0|534|1|0|
30|948|864|0|535|1|0|
30|970|648|0|548|2|0|
30|947|756|0|535|1|0|
30|944|648|0|534|1|0|
30|1065|648|0|683|1|0|
30|947|540|0|534|1|0|
30|947|648|0|535|1|0|
31|1604|864|0|990|1|0|
30|942|756|0|534|1|0|
30|973|648|0|547|2|0|
30|948|648|0|534|1|0|
30|948|540|0|535|1|0|
30|949|648|0|535|1|0|
30|946|540|0|534|1|0|
30|945|756|0|535|1|0|
30|972|756|0|547|2|0|
30|952|648|0|537|1|0|
30|969|648|0|547|2|0|
30|1016|540|0|535|1|0|
30|974|756|0|544|2|0|
30|1021|756|0|545|2|0|
30|1006|864|0|548|2|0|
30|957|756|0|534|1|0|
30|943|648|0|534|1|0|
30|1005|756|0|548|2|0|
30|976|540|0|535|1|0|
30|948|648|0|535|1|0|
30|965|756|0|548|2|0|
30|948|648|0|534|1|0|
30|954|756|0|535|1|0|
30|958|540|0|536|1|0|
30|964|648|0|537|1|0|
30|944|648|0|535|1|0|
30|946|756|0|535|1|0|
30|948|648|0|535|1|0|
30|952|756|0|535|1|0|
30|1058|540|0|535|1|0|
30|954|432|0|532|1|0|
30|944|756|0|534|1|0|
30|941|864|0|535|1|0|
30|974|648|0|535|1|0|
30|952|540|0|534|1|0|
30|946|540|0|535|1|0|
30|947|432|0|534|1|0|
30|944|648|0|535|1|0|
30|945|648|0|534|1|0|
30|948|648|0|535|1|0|
30|980|648|0|548|2|0|
30|946|756|0|534|1|0|
30|968|648|0|547|2|0|
30|950|540|0|535|1|0|
30|953|756|0|537|1|0|
30|1083|648|0|723|2|0|
30|946|540|0|535|1|0|
30|955|648|0|534|1|0|
30|945|432|0|535|1|0|
30|946|540|0|534|1|0|
30|964|864|0|547|2|0|
30|954|540|0|535|1|0|
30|955|756|0|532|1|0|
30|949|648|0|534|1|0|
30|947|648|0|534|1|0|
30|949|648|0|533|1|0|
30|969|756|0|547|2|0|
30|947|648|0|535|1|0|
30|971|756|0|548|2|0|
30|954|648|0|535|1|0|
30|946|864|0|534|1|0|
30|937|756|0|535|1|0|
30|955|756|0|536|1|0|
30|952|756|0|535|1|0|
30|971|648|0|548|2|0|
30|977|648|0|548|2|0|
30|949|540|0|535|1|0|
30|980|648|0|535|1|0|
30|948|432|0|535|1|0|
30|939|648|0|535|1|0|
30|955|540|0|534|1|0|
30|945|432|0|535|1|0|
30|953|756|0|534|1|0|
30|946|756|0|535|1|0|
30|964|648|0|535|1|0|
30|950|648|0|535|1|0|
30|940|648|0|534|1|0|
30|946|648|0|534|1|0|
30|949|432|0|533|1|0|
30|947|864|0|535|1|0|
30|1011|648|0|547|2|0|
30|969|864|0|548|2|0|
30|950|540|0|535|1|0|
30|947|756|0|535|1|0|
30|973|648|0|547|2|0|
30|952|540|0|536|1|0|
30|950|756|0|535|1|0|
30|947|540|0|535|1|0|
30|949|648|0|534|1|0|
30|946|648|0|535|1|0|
30|982|540|0|534|1|0|
30|950|756|0|535|1|0|
30|948|756|0|534|1|0|
30|968|864|0|548|2|0|
30|957|648|0|532|1|0|
30|955|540|0|535|1|0|
30|946|648|0|535|1|0|
30|948|540|0|534|1|0|
30|955|756|0|534|1|0|
30|960|756|0|534|1|0|
30|944|648|0|533|1|0|
30|944|540|0|535|1|0|
30|947|540|0|535|1|0|
30|954|756|0|532|1|0|
30|954|648|0|535|1|0|
30|947|756|0|534|1|0|
30|949|756|0|534|1|0|
30|947|756|0|534|1|0|
30|948|648|0|535|1|0|
30|956|432|0|531|1|0|
30|942|540|0|535|1|0|
30|983|756|0|536|1|0|
30|949|756|0|535|1|0|
30|951|540|0|535|1|0|
30|948|540|0|534|1|0|
30|983|756|0|548|2|0|
30|955|756|0|532|1|0|
30|951|648|0|534|1|0|
30|983|540|0|535|1|0|
30|945|648|0|534|1|0|
30|947|540|0|534|1|0|
30|968|648|0|548|2|0|
30|977|648|0|535|1|0|
30|956|648|0|535|1|0|
30|950|648|0|534|1|0|
30|955|540|0|532|1|0|
30|948|756|0|535|1|0|
30|972|648|0|548|2|0|
30|946|432|0|534|1|0|
30|952|540|0|535|1|0|
30|946|648|0|535|1|0|
30|946|432|0|535|1|0|
30|941|648|0|533|1|0|
30|947|540|0|534|1|0|
30|951|540|0|535|1|0|
30|968|648|0|548|2|0|
30|993|648|0|548|2|0|
30|945|648|0|535|1|0|
30|974|540|0|548|2|0|
30|971|648|0|547|2|0|
30|950|648|0|534|1|0|
30|953|540|0|534|1|0|
30|955|756|0|535|1|0|
30|985|540|0|546|2|0|
30|952|540|0|534|1|0|
30|955|648|0|537|1|0|
30|956|540|0|534|1|0|
30|957|540|0|536|1|0|
30|947|432|0|534|1|0|
30|946|540|0|534|1|0|
30|941|648|0|534|1|0|
30|981|756|0|548|2|0|
30|972|648|0|548|2|0|
30|952|540|0|535|1|0|
30|955|864|0|532|1|0|
30|975|540|0|535|1|0|
30|949|648|0|535|1|0|
30|945|540|0|535|1|0|
30|954|648|0|537|1|0|
30|977|540|0|534|1|0|
30|979|540|0|535|1|0|
30|958|756|0|534|1|0|
30|970|540|0|547|2|0|
30|970|756|0|548|2|0|
30|954|648|0|536|1|0|
30|950|648|0|535|1|0|
30|976|648|0|535|1|0|
30|968|648|0|548|2|0|
30|952|540|0|535|1|0|
30|971|648|0|548|2|0|
30|951|756|0|534|1|0|
30|967|864|0|548|2|0|
30|946|648|0|535|1|0|
30|944|648|0|535|1|0|
30|944|648|0|534|1|0|
30|947|648|0|535|1|0|
30|953|540|0|537|1|0|
30|953|648|0|537|1|0|
30|948|432|0|534|1|0|
30|947|756|0|535|1|0|
30|981|432|0|534|1|0|
30|946|648|0|534|1|0|
30|951|756|0|532|1|0|
30|948|540|0|535|1|0|
30|945|648|0|534|1|0|
30|966|756|0|546|2|0|
30|944|540|0|535|1|0|
30|948|648|0|534|1|0|
30|954|648|0|534|1|0|
30|949|540|0|534|1|0|
30|945|432|0|535|1|0|
30|945|648|0|534|1|0|
30|970|432|0|548|2|0|
30|947|756|0|534|1|0|
30|946|540|0|535|1|0|
30|944|540|0|535|1|0|
30|973|648|0|547|2|0|
30|950|864|0|534|1|0|
30|948|540|0|535|1|0|
30|952|540|0|536|1|0|
30|945|864|0|535|1|0|
30|953|432|0|534|1|0|
30|946|648|0|535|1|0|
30|948|648|0|535|1|0|
30|983|648|0|534|1|0|
30|948|756|0|534|1|0|
30|946|648|0|534|1|0|
30|947|648|0|534|1|0|
30|947|540|0|535|1|0|
30|943|432|0|535|1|0|
30|951|540|0|535|1|0|
30|948|756|0|535|1|0|
30|949|432|0|535|1|0|
30|946|648|0|535|1|0|
30|939|648|0|534|1|0|
30|945|432|0|534|1|0|
30|947|648|0|535|1|0|
30|967|540|0|547|2|0|
30|980|756|0|547|2|0|
30|970|648|0|547|2|0|
30|943|864|0|535|1|0|
30|945|432|0|533|1|0|
30|951|648|0|532|1|0|
30|949|540|0|534|1|0|
30|950|972|0|534|1|0|
30|953|756|0|535|1|0|
30|948|756|0|533|1|0|
30|944|648|0|535|1|0|
30|945|648|0|534|1|0|
30|944|432|0|534|1|0|
30|962|540|0|536|1|0|
30|949|432|0|534|1|0|
30|969|540|0|548|2|0|
30|954|648|0|534|1|0|
30|950|648|0|535|1|0|
30|949|540|0|534|1|0|
30|961|864|0|537|1|0|
30|947|648|0|535|1|0|
30|944|540|0|534|1|0|
30|950|432|0|534|1|0|
30|949|648|0|535|1|0|
30|948|648|0|534|1|0|
30|990|540|0|535|1|0|
30|946|864|0|535|1|0|
30|1002|540|0|548|2|0|
30|954|756|0|532|1|0|
30|956|648|0|537|1|0|
30|963|648|0|535|1|0|
30|949|756|0|534|1|0|
30|950|540|0|535|1|0|
30|948|648|0|534|1|0|
30|958|648|0|531|1|0|
30|945|540|0|534|1|0|
30|945|648|0|535|1|0|
30|946|432|0|534|1|0|
30|979|648|0|535|1|0|
30|952|756|0|535|1|0|
30|945|540|0|535|1|0|
30|944|648|0|534|1|0|
30|946|864|0|535|1|0|
30|950|648|0|535|1|0|
30|950|540|0|535|1|0|
30|950|432|0|535|1|0|
30|951|648|0|535|1|0|
30|946|756|0|534|1|0|
30|951|540|0|534|1|0|
30|956|540|0|535|1|0|
30|954|648|0|535|1|0|
30|950|756|0|535|1|0|
30|948|648|0|533|1|0|
30|947|432|0|535|1|0|
30|947|648|0|535|1|0|
30|948|648|0|534|1|0|
30|976|648|0|548|2|0|
30|951|648|0|534|1|0|
30|963|756|0|531|1|0|
30|945|756|0|535|1|0|
30|948|540|0|535|1|0|
30|950|432|0|534|1|0|
30|954|756|0|535|1|0|
30|949|540|0|534|1|0|
30|943|540|0|535|1|0|
30|956|756|0|537|1|0|
30|968|756|0|547|2|0|
30|947|540|0|534|1|0|
30|948|648|0|534|1|0|
