INSTRUCTIONS_RETIRED|CYCLES|UNKNOWN|LD_BLOCKS.STORE_FORWARD|UOPS_EXECUTED.CORE|BR_MISP_RETIRED.ALL_BRANCHES|UOPS_ISSUED.SINGLE_MUL|
30|1140|972|0|1421|1|0|
30|1187|756|0|1854|1|0|
30|1102|972|0|2017|1|0|
30|1160|864|0|1703|1|0|
30|953|540|0|535|1|0|
30|942|540|0|533|1|0|
30|956|648|0|535|1|0|
30|945|540|0|535|1|0|
30|946|756|0|535|1|0|
30|944|756|0|534|1|0|
30|943|756|0|535|1|0|
30|944|756|0|535|1|0|
30|949|756|0|535|1|0|
30|947|540|0|535|1|0|
30|947|648|0|535|1|0|
30|942|648|0|535|1|0|
30|941|648|0|535|1|0|
30|947|648|0|535|1|0|
30|945|756|0|534|1|0|
30|948|756|0|535|1|0|
30|944|648|0|535|1|0|
30|939|540|0|534|1|0|
30|951|864|0|532|1|0|
30|946|864|0|535|1|0|
30|945|540|0|535|1|0|
30|940|540|0|535|1|0|
30|946|648|0|534|1|0|
30|949|540|0|535|1|0|
30|946|756|0|535|1|0|
30|951|756|0|535|1|0|
30|952|648|0|532|1|0|
30|947|756|0|534|1|0|
30|1130|756|0|1839|1|0|
30|1154|648|0|1881|1|0|
30|1188|648|0|1932|1|0|
30|943|648|0|535|1|0|
30|944|756|0|535|1|0|
30|944|540|0|535|1|0|
30|944|648|0|534|1|0|
30|947|432|0|534|1|0|
30|943|756|0|534|1|0|
30|951|540|0|535|1|0|
30|941|540|0|535|1|0|
30|987|864|0|530|1|0|
30|942|648|0|535|1|0|
30|945|756|0|534|1|0|
30|949|864|0|535|1|0|
30|945|540|0|535|1|0|
30|951|756|0|537|1|0|
30|943|648|0|534|1|0|
30|945|648|0|534|1|0|
30|945|756|0|535|1|0|
30|950|864|0|535|1|0|
30|944|540|0|535|1|0|
30|943|648|0|535|1|0|
30|969|756|0|535|1|0|
30|950|756|0|535|1|0|
30|939|864|0|533|1|0|
30|956|756|0|536|1|0|
30|952|540|0|533|1|0|
30|944|864|0|535|1|0|
30|945|864|0|534|1|0|
30|944|756|0|535|1|0|
30|1133|864|0|1387|1|0|
30|1112|864|0|1871|1|0|
30|944|648|0|532|1|0|
30|951|540|0|535|1|0|
30|944|864|0|535|1|0|
30|944|540|0|535|1|0|
30|948|540|0|534|1|0|
30|942|756|0|534|1|0|
30|946|648|0|535|1|0|
30|950|540|0|535|1|0|
30|956|756|0|537|1|0|
30|950|756|0|535|1|0|
30|952|648|0|534|1|0|
30|972|864|0|535|1|0|
30|944|432|0|535|1|0|
30|948|648|0|535|1|0|
30|941|756|0|535|1|0|
30|948|648|0|532|1|0|
30|950|648|0|535|1|0|
30|940|756|0|533|1|0|
30|946|864|0|534|1|0|
30|943|756|0|533|1|0|
30|957|648|0|533|1|0|
30|944|864|0|534|1|0|
30|936|540|0|535|1|0|
30|949|648|0|534|1|0|
30|945|648|0|535|1|0|
30|1102|756|0|2451|1|0|
30|1088|756|0|1801|1|0|
30|1125|756|0|1918|1|0|
30|944|864|0|535|1|0|
30|947|540|0|535|1|0|
30|940|540|0|535|1|0|
30|943|648|0|535|1|0|
30|947|864|0|535|1|0|
30|942|756|0|535|1|0|
30|945|540|0|534|1|0|
30|942|648|0|535|1|0|
30|945|756|0|535|1|0|
30|947|648|0|535|1|0|
30|944|540|0|534|1|0|
30|947|972|0|535|1|0|
30|943|756|0|535|1|0|
30|944|864|0|534|1|0|
30|944|756|0|535|1|0|
30|951|648|0|535|1|0|
30|947|756|0|535|1|0|
30|960|648|0|534|1|0|
30|950|540|0|534|1|0|
30|948|756|0|535|1|0|
30|945|648|0|534|1|0|
30|942|756|0|534|1|0|
30|945|756|0|535|1|0|
30|948|540|0|534|1|0|
30|943|864|0|534|1|0|
30|947|756|0|534|1|0|
30|945|756|0|534|1|0|
30|1128|648|0|949|1|0|
30|1122|864|0|1711|1|0|
30|948|540|0|535|1|0|
30|948|540|0|534|1|0|
30|943|540|0|534|1|0|
30|953|756|0|534|1|0|
30|946|756|0|535|1|0|
30|943|540|0|535|1|0|
30|956|648|0|532|1|0|
30|973|648|0|535|1|0|
30|945|540|0|535|1|0|
30|956|540|0|535|1|0|
30|942|540|0|535|1|0|
30|944|648|0|535|1|0|
30|947|540|0|535|1|0|
30|952|540|0|534|1|0|
30|944|648|0|535|1|0|
30|950|756|0|534|1|0|
30|945|756|0|535|1|0|
30|946|864|0|535|1|0|
30|943|756|0|535|1|0|
30|947|648|0|535|1|0|
30|946|432|0|534|1|0|
30|943|540|0|535|1|0|
30|944|648|0|535|1|0|
30|949|648|0|535|1|0|
30|945|648|0|535|1|0|
30|951|540|0|535|1|0|
30|940|648|0|535|1|0|
30|1159|864|0|1738|1|0|
30|1113|972|0|1334|1|0|
30|1137|864|0|1862|1|0|
30|946|648|0|537|1|0|
30|940|648|0|534|1|0|
30|944|540|0|534|1|0|
30|953|540|0|535|1|0|
30|947|756|0|534|1|0|
30|944|864|0|534|1|0|
30|951|648|0|534|1|0|
30|944|756|0|535|1|0|
30|950|648|0|534|1|0|
30|946|648|0|535|1|0|
30|938|756|0|535|1|0|
30|946|432|0|535|1|0|
30|944|648|0|535|1|0|
30|949|432|0|535|1|0|
30|950|756|0|535|1|0|
30|944|756|0|535|1|0|
30|947|756|0|534|1|0|
30|946|756|0|535|1|0|
30|941|756|0|535|1|0|
30|946|864|0|535|1|0|
30|950|648|0|534|1|0|
30|951|648|0|535|1|0|
30|943|648|0|535|1|0|
30|945|540|0|535|1|0|
30|942|648|0|535|1|0|
30|944|540|0|535|1|0|
30|945|540|0|535|1|0|
30|1115|864|0|1865|1|0|
30|1049|756|0|1059|1|0|
30|1167|756|0|1563|1|0|
30|946|648|0|535|1|0|
30|943|540|0|535|1|0|
30|944|648|0|535|1|0|
30|947|756|0|534|1|0|
30|954|648|0|532|1|0|
30|951|756|0|535|1|0|
30|943|648|0|534|1|0|
30|944|540|0|534|1|0|
30|946|648|0|533|1|0|
30|981|756|0|534|1|0|
30|946|540|0|535|1|0|
30|944|648|0|534|1|0|
30|945|864|0|535|1|0|
30|943|864|0|534|1|0|
30|958|648|0|535|1|0|
30|945|756|0|534|1|0|
30|951|648|0|535|1|0|
30|954|756|0|535|1|0|
30|943|864|0|535|1|0|
30|948|864|0|535|1|0|
30|942|540|0|535|1|0|
30|944|756|0|534|1|0|
30|952|756|0|535|1|0|
30|946|756|0|535|1|0|
30|944|540|0|535|1|0|
30|950|648|0|535|1|0|
30|943|972|0|534|1|0|
30|942|864|0|535|1|0|
30|939|648|0|533|1|0|
30|943|648|0|535|1|0|
30|945|648|0|535|1|0|
30|951|540|0|535|1|0|
30|947|648|0|535|1|0|
30|978|648|0|661|1|0|
30|943|756|0|535|1|0|
30|946|540|0|535|1|0|
30|949|540|0|535|1|0|
30|944|648|0|535|1|0|
30|943|648|0|534|1|0|
30|947|648|0|535|1|0|
30|947|540|0|535|1|0|
30|956|648|0|535|1|0|
30|943|756|0|535|1|0|
30|949|756|0|535|1|0|
30|984|756|0|535|1|0|
30|954|540|0|535|1|0|
30|942|648|0|535|1|0|
30|948|540|0|535|1|0|
30|945|756|0|535|1|0|
30|945|756|0|535|1|0|
30|952|756|0|534|1|0|
30|945|648|0|535|1|0|
30|944|864|0|534|1|0|
30|947|972|0|535|1|0|
30|948|864|0|535|1|0|
30|950|648|0|534|1|0|
30|946|864|0|535|1|0|
30|945|648|0|535|1|0|
30|957|972|0|535|1|0|
30|937|864|0|535|1|0|
30|949|864|0|534|1|0|
30|956|540|0|532|1|0|
30|945|648|0|533|1|0|
30|943|756|0|535|1|0|
30|947|648|0|535|1|0|
30|947|648|0|535|1|0|
30|948|648|0|534|1|0|
30|945|864|0|533|1|0|
30|945|648|0|535|1|0|
30|940|648|0|535|1|0|
30|947|648|0|534|1|0|
30|947|432|0|535|1|0|
30|951|864|0|534|1|0|
30|948|540|0|535|1|0|
30|944|648|0|535|1|0|
30|942|648|0|535|1|0|
30|947|648|0|534|1|0|
30|950|756|0|534|1|0|
30|942|648|0|534|1|0|
30|1069|540|0|1254|1|0|
30|941|540|0|534|1|0|
30|948|432|0|535|1|0|
30|942|864|0|534|1|0|
30|939|756|0|535|1|0|
30|944|756|0|534|1|0|
30|945|756|0|534|1|0|
30|940|540|0|533|1|0|
30|944|648|0|535|1|0|
30|940|864|0|535|1|0|
30|943|756|0|535|1|0|
30|947|540|0|535|1|0|
30|958|648|0|534|1|0|
30|984|864|0|535|1|0|
30|978|648|0|535|1|0|
30|946|648|0|535|1|0|
30|945|432|0|535|1|0|
30|950|648|0|534|1|0|
30|1073|756|0|819|1|0|
30|937|648|0|535|1|0|
30|941|432|0|535|1|0|
30|945|648|0|535|1|0|
30|950|648|0|535|1|0|
30|948|864|0|535|1|0|
30|945|540|0|535|1|0|
30|942|972|0|534|1|0|
30|957|540|0|534|1|0|
30|951|648|0|535|1|0|
30|947|864|0|535|1|0|
30|945|540|0|535|1|0|
30|947|756|0|534|1|0|
30|944|864|0|535|1|0|
30|952|648|0|535|1|0|
30|944|540|0|534|1|0|
30|943|432|0|535|1|0|
30|1070|648|0|820|1|0|
30|945|864|0|535|1|0|
30|947|756|0|535|1|0|
30|944|648|0|534|1|0|
30|946|648|0|534|1|0|
30|952|756|0|534|1|0|
30|955|540|0|534|1|0|
30|943|432|0|535|1|0|
30|946|756|0|535|1|0|
30|947|648|0|535|1|0|
30|944|648|0|535|1|0|
30|943|756|0|535|1|0|
30|943|756|0|535|1|0|
30|943|648|0|534|1|0|
30|946|756|0|534|1|0|
30|945|756|0|535|1|0|
30|948|648|0|534|1|0|
30|959|648|0|531|1|0|
30|1014|864|0|929|1|0|
30|943|864|0|535|1|0|
30|939|648|0|534|1|0|
30|942|756|0|534|1|0|
30|954|756|0|532|1|0|
30|942|756|0|534|1|0|
30|951|756|0|534|1|0|
30|939|648|0|535|1|0|
30|939|648|0|534|1|0|
30|937|864|0|535|1|0|
30|941|756|0|535|1|0|
30|939|540|0|535|1|0|
30|940|756|0|534|1|0|
30|940|648|0|535|1|0|
30|944|540|0|535|1|0|
30|938|648|0|535|1|0|
30|939|756|0|535|1|0|
30|1014|864|0|717|1|0|
30|1047|864|0|617|1|0|
30|935|756|0|535|1|0|
30|939|648|0|534|1|0|
30|942|540|0|535|1|0|
30|937|648|0|535|1|0|
31|1523|972|0|789|1|0|
30|946|540|0|535|1|0|
30|945|756|0|535|1|0|
30|945|648|0|534|1|0|
30|946|648|0|535|1|0|
30|944|540|0|535|1|0|
30|945|648|0|535|1|0|
30|942|432|0|535|1|0|
30|945|972|0|535|1|0|
30|949|540|0|535|1|0|
30|947|648|0|535|1|0|
30|940|972|0|535|1|0|
30|1076|756|0|1060|1|0|
30|952|648|0|535|1|0|
30|945|648|0|535|1|0|
30|939|432|0|535|1|0|
30|939|648|0|535|1|0|
30|941|648|0|534|1|0|
30|953|648|0|536|1|0|
30|995|648|0|531|1|0|
30|950|756|0|535|1|0|
30|939|648|0|534|1|0|
30|938|756|0|535|1|0|
30|939|756|0|535|1|0|
30|944|648|0|535|1|0|
30|943|648|0|534|1|0|
30|945|756|0|535|1|0|
30|947|540|0|535|1|0|
30|946|756|0|535|1|0|
30|947|756|0|535|1|0|
30|1046|756|0|1018|1|0|
30|985|864|0|532|1|0|
30|943|756|0|534|1|0|
30|950|540|0|534|1|0|
30|942|648|0|535|1|0|
30|949|648|0|532|1|0|
30|941|972|0|535|1|0|
30|946|864|0|535|1|0|
30|945|432|0|535|1|0|
30|939|540|0|535|1|0|
30|947|864|0|535|1|0|
30|944|756|0|535|1|0|
30|943|756|0|535|1|0|
30|942|648|0|535|1|0|
30|941|648|0|535|1|0|
30|944|540|0|535|1|0|
30|939|756|0|535|1|0|
30|949|864|0|535|1|0|
30|1007|756|0|532|1|0|
30|944|540|0|534|1|0|
30|942|540|0|534|1|0|
30|947|648|0|535|1|0|
30|938|756|0|535|1|0|
30|949|540|0|534|1|0|
30|958|648|0|534|1|0|
30|944|648|0|535|1|0|
30|954|756|0|535|1|0|
30|947|540|0|535|1|0|
30|944|648|0|535|1|0|
30|945|756|0|534|1|0|
30|944|756|0|535|1|0|
30|945|540|0|535|1|0|
30|949|648|0|534|1|0|
30|947|756|0|534|1|0|
30|948|648|0|535|1|0|
30|1090|864|0|857|1|0|
30|1000|756|0|653|1|0|
30|949|432|0|533|1|0|
30|944|864|0|535|1|0|
30|948|540|0|534|1|0|
30|945|540|0|535|1|0|
30|936|648|0|535|1|0|
30|946|756|0|535|1|0|
30|947|756|0|534|1|0|
30|951|540|0|535|1|0|
30|941|540|0|535|1|0|
30|958|756|0|534|1|0|
30|943|648|0|535|1|0|
30|939|648|0|535|1|0|
30|939|756|0|535|1|0|
30|958|648|0|535|1|0|
30|955|972|0|535|1|0|
30|948|540|0|535|1|0|
30|945|756|0|535|1|0|
30|1014|648|0|695|1|0|
30|1080|756|0|962|1|0|
30|939|540|0|534|1|0|
30|946|756|0|534|1|0|
30|955|756|0|535|1|0|
30|946|648|0|535|1|0|
30|942|540|0|535|1|0|
30|940|648|0|535|1|0|
30|938|540|0|535|1|0|
30|941|648|0|535|1|0|
30|949|540|0|535|1|0|
30|949|648|0|534|1|0|
30|945|540|0|535|1|0|
30|958|648|0|537|1|0|
30|948|864|0|533|1|0|
30|949|864|0|537|1|0|
30|949|864|0|534|1|0|
30|939|864|0|535|1|0|
30|945|756|0|534|1|0|
30|941|540|0|534|1|0|
30|948|756|0|535|1|0|
30|945|864|0|535|1|0|
30|951|756|0|537|1|0|
30|940|648|0|535|1|0|
30|945|972|0|534|1|0|
30|956|864|0|530|1|0|
30|943|648|0|535|1|0|
30|941|756|0|534|1|0|
30|943|756|0|535|1|0|
30|952|648|0|535|1|0|
30|943|864|0|534|1|0|
30|940|540|0|535|1|0|
30|945|540|0|535|1|0|
30|948|540|0|537|1|0|
30|938|756|0|535|1|0|
30|947|540|0|535|1|0|
30|1090|756|0|811|1|0|
30|1041|756|0|821|1|0|
30|945|648|0|535|1|0|
30|947|756|0|534|1|0|
30|945|756|0|535|1|0|
30|944|648|0|534|1|0|
30|946|648|0|535|1|0|
30|946|648|0|535|1|0|
30|944|540|0|535|1|0|
30|939|864|0|535|1|0|
30|945|540|0|535|1|0|
30|948|540|0|531|1|0|
30|944|864|0|534|1|0|
30|948|540|0|534|1|0|
30|944|864|0|535|1|0|
30|941|648|0|535|1|0|
30|947|756|0|535|1|0|
30|942|540|0|535|1|0|
30|945|648|0|534|1|0|
30|947|648|0|535|1|0|
30|961|756|0|531|1|0|
30|959|864|0|534|1|0|
30|943|648|0|535|1|0|
30|938|540|0|534|1|0|
30|946|648|0|535|1|0|
30|941|864|0|534|1|0|
30|941|648|0|535|1|0|
30|939|648|0|534|1|0|
30|938|756|0|535|1|0|
30|939|540|0|535|1|0|
30|940|648|0|535|1|0|
30|939|648|0|534|1|0|
30|954|864|0|535|1|0|
30|946|756|0|535|1|0|
30|947|432|0|535|1|0|
30|945|756|0|535|1|0|
30|969|540|0|535|1|0|
30|955|540|0|537|1|0|
30|944|432|0|535|1|0|
30|1049|648|0|1043|1|0|
30|947|540|0|535|1|0|
30|941|648|0|534|1|0|
30|944|864|0|535|1|0|
30|938|756|0|534|1|0|
30|943|540|0|535|1|0|
30|940|864|0|535|1|0|
30|940|432|0|535|1|0|
30|944|648|0|535|1|0|
30|936|756|0|535|1|0|
30|941|648|0|534|1|0|
30|944|756|0|535|1|0|
30|945|864|0|535|1|0|
30|946|756|0|534|1|0|
30|943|756|0|535|1|0|
30|942|648|0|535|1|0|
30|948|648|0|535|1|0|
30|945|540|0|535|1|0|
30|937|756|0|535|1|0|
30|1138|756|0|1520|1|0|
30|944|864|0|535|1|0|
30|940|432|0|535|1|0|
30|944|540|0|535|1|0|
30|944|864|0|535|1|0|
30|959|648|0|532|1|0|
30|949|540|0|535|1|0|
30|936|540|0|533|1|0|
30|943|756|0|535|1|0|
30|942|756|0|535|1|0|
30|947|756|0|535|1|0|
30|948|648|0|535|1|0|
30|943|540|0|534|1|0|
30|941|648|0|535|1|0|
30|945|864|0|535|1|0|
30|948|756|0|534|1|0|
30|946|756|0|535|1|0|
30|943|756|0|534|1|0|
30|1963|1404|0|1456|1|0|
30|943|756|0|535|1|0|
30|949|756|0|535|1|0|
30|944|864|0|535|1|0|
30|941|756|0|535|1|0|
30|950|756|0|535|1|0|
30|943|648|0|535|1|0|
30|940|648|0|535|1|0|
30|942|756|0|535|1|0|
30|940|648|0|535|1|0|
30|949|648|0|535|1|0|
30|940|756|0|535|1|0|
30|949|540|0|537|1|0|
30|946|756|0|534|1|0|
30|950|648|0|535|1|0|
30|942|648|0|535|1|0|
30|943|756|0|535|1|0|
30|961|972|0|535|1|0|
30|945|540|0|534|1|0|
30|946|648|0|534|1|0|
30|942|648|0|535|1|0|
30|945|756|0|535|1|0|
30|946|648|0|534|1|0|
30|947|648|0|535|1|0|
30|946|648|0|535|1|0|
30|949|648|0|535|1|0|
30|943|540|0|534|1|0|
30|949|648|0|535|1|0|
30|944|756|0|534|1|0|
30|948|540|0|534|1|0|
30|944|756|0|534|1|0|
30|944|756|0|535|1|0|
30|942|540|0|535|1|0|
30|946|432|0|535|1|0|
30|952|756|0|535|1|0|
30|996|648|0|752|1|0|
30|945|540|0|534|1|0|
30|945|756|0|533|1|0|
30|949|756|0|535|1|0|
30|962|648|0|535|1|0|
30|948|864|0|534|1|0|
30|946|540|0|534|1|0|
30|948|756|0|532|1|0|
30|939|648|0|535|1|0|
30|946|540|0|533|1|0|
30|945|756|0|535|1|0|
30|942|540|0|535|1|0|
30|941|756|0|535|1|0|
30|946|648|0|534|1|0|
30|947|648|0|534|1|0|
30|943|648|0|535|1|0|
30|947|432|0|535|1|0|
30|974|648|0|535|1|0|
30|948|756|0|534|1|0|
30|945|756|0|534|1|0|
30|945|648|0|535|1|0|
30|948|756|0|534|1|0|
30|950|756|0|535|1|0|
30|944|648|0|535|1|0|
30|943|648|0|535|1|0|
30|956|648|0|532|1|0|
30|951|756|0|535|1|0|
30|948|864|0|535|1|0|
30|946|540|0|535|1|0|
30|949|756|0|535|1|0|
30|947|648|0|535|1|0|
30|947|864|0|535|1|0|
30|949|648|0|534|1|0|
30|942|648|0|534|1|0|
30|943|756|0|535|1|0|
30|944|756|0|535|1|0|
30|949|648|0|535|1|0|
30|949|540|0|535|1|0|
30|944|756|0|535|1|0|
30|949|756|0|535|1|0|
30|941|648|0|535|1|0|
30|942|540|0|535|1|0|
30|947|756|0|535|1|0|
30|950|648|0|535|1|0|
30|943|648|0|535|1|0|
30|948|648|0|535|1|0|
30|948|756|0|534|1|0|
30|946|756|0|535|1|0|
30|948|648|0|535|1|0|
30|958|540|0|534|1|0|
30|943|756|0|535|1|0|
30|946|756|0|535|1|0|
30|941|432|0|535|1|0|
30|957|540|0|536|1|0|
30|948|648|0|534|1|0|
30|947|756|0|535|1|0|
30|942|540|0|535|1|0|
30|946|648|0|535|1|0|
30|945|540|0|534|1|0|
30|944|540|0|535|1|0|
30|953|648|0|535|1|0|
30|956|648|0|535|1|0|
30|963|648|0|537|1|0|
30|949|648|0|535|1|0|
30|956|648|0|534|1|0|
30|940|540|0|535|1|0|
30|950|432|0|534|1|0|
30|946|864|0|534|1|0|
30|954|756|0|534|1|0|
30|953|648|0|535|1|0|
30|944|648|0|535|1|0|
30|944|540|0|534|1|0|
30|939|540|0|534|1|0|
30|945|540|0|534|1|0|
30|941|756|0|535|1|0|
30|947|540|0|535|1|0|
30|943|756|0|535|1|0|
30|947|648|0|535|1|0|
30|954|540|0|534|1|0|
30|940|864|0|535|1|0|
30|949|540|0|535|1|0|
30|943|756|0|535|1|0|
30|949|648|0|535|1|0|
30|947|972|0|535|1|0|
30|955|540|0|535|1|0|
30|947|540|0|534|1|0|
30|952|432|0|534|1|0|
30|943|756|0|535|1|0|
30|944|540|0|535|1|0|
30|943|756|0|535|1|0|
30|950|972|0|534|1|0|
30|948|540|0|535|1|0|
30|947|756|0|534|1|0|
30|948|864|0|535|1|0|
30|946|648|0|535|1|0|
30|960|756|0|533|1|0|
30|951|756|0|533|1|0|
30|945|540|0|534|1|0|
30|956|540|0|534|1|0|
30|946|648|0|535|1|0|
30|957|756|0|532|1|0|
30|947|540|0|535|1|0|
30|966|648|0|535|1|0|
30|942|648|0|535|1|0|
30|947|432|0|535|1|0|
30|944|648|0|534|1|0|
30|1063|756|0|1068|1|0|
30|947|540|0|534|1|0|
30|945|756|0|535|1|0|
30|947|540|0|535|1|0|
30|943|864|0|534|1|0|
30|947|648|0|535|1|0|
30|950|864|0|535|1|0|
30|947|432|0|534|1|0|
30|948|648|0|534|1|0|
30|955|648|0|537|1|0|
30|954|864|0|535|1|0|
30|951|648|0|535|1|0|
30|946|432|0|535|1|0|
30|942|432|0|535|1|0|
30|948|648|0|535|1|0|
30|944|756|0|534|1|0|
30|947|432|0|535|1|0|
30|953|540|0|533|1|0|
30|946|432|0|535|1|0|
30|938|540|0|535|1|0|
30|953|648|0|534|1|0|
30|946|540|0|535|1|0|
30|949|648|0|535|1|0|
30|948|648|0|535|1|0|
30|945|648|0|535|1|0|
30|948|756|0|534|1|0|
30|948|648|0|535|1|0|
30|949|648|0|535|1|0|
30|940|540|0|534|1|0|
30|939|540|0|535|1|0|
30|941|756|0|534|1|0|
30|948|648|0|535|1|0|
30|946|756|0|534|1|0|
30|946|540|0|535|1|0|
30|944|648|0|535|1|0|
30|945|432|0|535|1|0|
30|957|432|0|532|1|0|
30|945|864|0|535|1|0|
30|954|648|0|534|1|0|
30|943|864|0|535|1|0|
30|950|648|0|534|1|0|
30|948|540|0|535|1|0|
30|939|648|0|535|1|0|
30|945|540|0|535|1|0|
30|955|756|0|532|1|0|
30|972|756|0|534|1|0|
30|949|648|0|535|1|0|
30|945|432|0|534|1|0|
30|946|648|0|535|1|0|
30|945|540|0|535|1|0|
30|951|756|0|534|1|0|
30|952|648|0|536|1|0|
30|952|540|0|535|1|0|
30|956|432|0|532|1|0|
30|945|540|0|535|1|0|
30|948|540|0|534|1|0|
30|951|648|0|535|1|0|
30|950|540|0|534|1|0|
30|950|756|0|535|1|0|
30|947|648|0|535|1|0|
30|945|540|0|535|1|0|
30|940|648|0|535|1|0|
30|945|756|0|535|1|0|
30|947|540|0|535|1|0|
30|946|648|0|535|1|0|
30|946|540|0|535|1|0|
30|952|540|0|534|1|0|
30|947|864|0|535|1|0|
30|947|540|0|535|1|0|
30|950|756|0|534|1|0|
30|948|648|0|535|1|0|
30|947|756|0|535|1|0|
30|945|432|0|534|1|0|
30|945|864|0|534|1|0|
30|947|756|0|534|1|0|
30|950|756|0|533|1|0|
30|938|540|0|535|1|0|
30|941|540|0|534|1|0|
30|947|648|0|534|1|0|
30|946|432|0|535|1|0|
30|951|540|0|534|1|0|
30|945|540|0|534|1|0|
30|939|432|0|535|1|0|
30|945|540|0|534|1|0|
30|943|648|0|535|1|0|
30|948|648|0|537|1|0|
30|942|540|0|534|1|0|
30|944|756|0|535|1|0|
30|948|540|0|535|1|0|
30|977|648|0|535|1|0|
30|950|648|0|534|1|0|
30|947|432|0|534|1|0|
30|945|540|0|535|1|0|
30|945|648|0|535|1|0|
30|955|756|0|535|1|0|
30|942|648|0|534|1|0|
30|941|432|0|535|1|0|
30|955|648|0|535|1|0|
30|956|540|0|535|1|0|
30|946|432|0|535|1|0|
30|945|540|0|535|1|0|
30|944|540|0|534|1|0|
30|945|540|0|535|1|0|
30|944|648|0|535|1|0|
30|948|648|0|535|1|0|
30|939|756|0|535|1|0|
30|944|540|0|534|1|0|
30|955|648|0|537|1|0|
30|945|540|0|534|1|0|
30|947|540|0|535|1|0|
30|946|540|0|534|1|0|
30|946|540|0|535|1|0|
30|937|432|0|535|1|0|
30|939|648|0|535|1|0|
30|943|648|0|534|1|0|
30|945|648|0|535|1|0|
30|949|540|0|535|1|0|
30|949|648|0|534|1|0|
30|946|648|0|534|1|0|
30|946|540|0|533|1|0|
30|953|648|0|536|1|0|
30|950|432|0|534|1|0|
30|956|756|0|532|1|0|
30|948|756|0|535|1|0|
30|946|648|0|535|1|0|
30|945|756|0|534|1|0|
30|947|756|0|535|1|0|
30|944|756|0|534|1|0|
30|944|648|0|535|1|0|
30|944|432|0|534|1|0|
30|944|648|0|535|1|0|
30|953|648|0|534|1|0|
30|951|756|0|537|1|0|
30|944|540|0|535|1|0|
30|943|648|0|534|1|0|
30|946|756|0|534|1|0|
30|949|648|0|534|1|0|
30|947|540|0|534|1|0|
30|946|648|0|535|1|0|
30|950|648|0|535|1|0|
30|946|648|0|535|1|0|
30|947|648|0|535|1|0|
30|939|540|0|534|1|0|
30|945|648|0|535|1|0|
30|978|648|0|534|1|0|
30|947|756|0|535|1|0|
30|944|756|0|533|1|0|
30|979|432|0|535|1|0|
30|948|432|0|534|1|0|
30|942|648|0|535|1|0|
30|953|648|0|530|1|0|
30|946|648|0|534|1|0|
30|947|648|0|534|1|0|
30|946|648|0|535|1|0|
30|943|540|0|535|1|0|
30|946|540|0|534|1|0|
30|956|756|0|537|1|0|
30|944|648|0|535|1|0|
30|947|540|0|535|1|0|
30|945|864|0|535|1|0|
30|945|756|0|535|1|0|
30|952|432|0|535|1|0|
30|946|648|0|534|1|0|
30|939|540|0|535|1|0|
30|946|648|0|535|1|0|
30|945|432|0|535|1|0|
30|945|648|0|535|1|0|
30|946|648|0|535|1|0|
30|945|648|0|535|1|0|
30|941|756|0|535|1|0|
30|942|432|0|535|1|0|
30|944|540|0|534|1|0|
30|944|648|0|534|1|0|
30|950|648|0|535|1|0|
30|945|540|0|535|1|0|
30|953|864|0|535|1|0|
30|986|540|0|532|1|0|
30|943|648|0|535|1|0|
30|945|540|0|535|1|0|
30|940|432|0|535|1|0|
30|944|648|0|534|1|0|
30|951|864|0|535|1|0|
30|944|648|0|534|1|0|
30|947|756|0|535|1|0|
30|949|540|0|535|1|0|
30|944|540|0|534|1|0|
30|955|540|0|534|1|0|
30|952|756|0|533|1|0|
30|943|756|0|535|1|0|
30|954|648|0|535|1|0|
30|947|648|0|534|1|0|
30|951|540|0|535|1|0|
30|944|648|0|534|1|0|
30|944|756|0|534|1|0|
30|944|540|0|535|1|0|
30|1132|972|0|1779|1|0|
30|1129|756|0|1454|1|0|
30|1127|864|0|1821|1|0|
30|952|648|0|535|1|0|
30|947|648|0|534|1|0|
30|945|756|0|533|1|0|
30|948|540|0|535|1|0|
30|948|756|0|534|1|0|
30|943|756|0|534|1|0|
30|955|648|0|534|1|0|
30|951|864|0|534|1|0|
30|948|648|0|534|1|0|
30|945|540|0|535|1|0|
30|946|648|0|534|1|0|
30|943|648|0|535|1|0|
30|952|648|0|534|1|0|
30|944|648|0|534|1|0|
30|955|756|0|535|1|0|
30|946|540|0|534|1|0|
30|943|540|0|534|1|0|
30|944|540|0|535|1|0|
30|984|648|0|534|1|0|
30|978|540|0|532|1|0|
30|944|540|0|534|1|0|
30|950|864|0|534|1|0|
30|954|540|0|532|1|0|
30|942|648|0|535|1|0|
30|947|864|0|535|1|0|
30|944|864|0|534|1|0|
30|940|972|0|535|1|0|
30|942|756|0|535|1|0|
30|1051|864|0|1828|1|0|
30|1080|648|0|1086|1|0|
30|1047|756|0|567|1|0|
30|1070|756|0|1129|1|0|
30|1158|756|0|1888|1|0|
30|1106|756|0|1079|1|0|
30|943|648|0|535|1|0|
30|943|432|0|535|1|0|
30|943|648|0|535|1|0|
30|952|540|0|535|1|0|
30|943|648|0|535|1|0|
30|946|648|0|534|1|0|
30|946|540|0|535|1|0|
30|959|972|0|535|1|0|
30|943|756|0|535|1|0|
30|948|648|0|535|1|0|
30|950|864|0|536|1|0|
30|1049|756|0|1875|1|0|
30|1064|864|0|1075|1|0|
30|957|756|0|532|1|0|
30|949|756|0|535|1|0|
30|952|756|0|534|1|0|
30|947|972|0|535|1|0|
30|948|540|0|535|1|0|
30|949|648|0|535|1|0|
30|945|756|0|534|1|0|
30|947|432|0|534|1|0|
30|943|648|0|534|1|0|
30|949|648|0|535|1|0|
30|948|756|0|534|1|0|
30|944|540|0|535|1|0|
30|943|756|0|533|1|0|
30|957|648|0|535|1|0|
30|947|540|0|535|1|0|
30|1073|864|0|1406|1|0|
30|1164|756|0|1116|1|0|
30|1009|540|0|643|1|0|
30|1079|756|0|1594|1|0|
30|959|756|0|537|1|0|
30|945|648|0|534|1|0|
30|1105|648|0|1317|1|0|
30|944|540|0|535|1|0|
30|945|648|0|535|1|0|
30|942|432|0|533|1|0|
30|942|648|0|534|1|0|
30|947|756|0|535|1|0|
30|946|648|0|535|1|0|
30|953|540|0|534|1|0|
30|945|648|0|535|1|0|
30|943|540|0|535|1|0|
30|944|648|0|535|1|0|
30|953|648|0|534|1|0|
30|945|756|0|534|1|0|
30|943|648|0|535|1|0|
30|945|864|0|535|1|0|
30|940|864|0|535|1|0|
30|948|648|0|535|1|0|
30|945|648|0|534|1|0|
30|947|864|0|534|1|0|
30|942|648|0|535|1|0|
30|947|540|0|533|1|0|
30|948|864|0|535|1|0|
30|948|540|0|535|1|0|
30|950|648|0|535|1|0|
30|1148|756|0|1790|1|0|
30|1076|756|0|1109|1|0|
30|1195|756|0|1747|1|0|
30|938|648|0|535|1|0|
30|946|648|0|534|1|0|
30|946|648|0|535|1|0|
30|943|432|0|535|1|0|
30|942|756|0|535|1|0|
30|941|648|0|534|1|0|
30|946|540|0|534|1|0|
30|948|648|0|535|1|0|
30|955|756|0|532|1|0|
30|1022|756|0|827|1|0|
30|938|756|0|534|1|0|
30|939|756|0|534|1|0|
30|946|540|0|534|1|0|
30|943|540|0|535|1|0|
30|944|756|0|535|1|0|
30|941|648|0|535|1|0|
30|942|540|0|535|1|0|
30|940|756|0|535|1|0|
30|946|648|0|535|1|0|
30|944|648|0|535|1|0|
30|949|864|0|535|1|0|
30|947|756|0|535|1|0|
30|944|432|0|534|1|0|
30|978|540|0|535|1|0|
30|983|648|0|534|1|0|
30|954|432|0|535|1|0|
30|947|756|0|535|1|0|
30|945|972|0|534|1|0|
30|948|756|0|535|1|0|
30|946|540|0|535|1|0|
30|945|756|0|535|1|0|
30|947|540|0|535|1|0|
30|945|648|0|535|1|0|
