INSTRUCTIONS_RETIRED|CYCLES|UNKNOWN|LD_BLOCKS.STORE_FORWARD|UOPS_EXECUTED.CORE|BR_MISP_RETIRED.ALL_BRANCHES|UOPS_ISSUED.SINGLE_MUL|
30|1115|756|0|1171|1|0|
30|1058|864|0|1382|1|0|
30|1121|864|0|1337|1|0|
30|1118|648|0|1163|1|0|
30|968|864|0|533|1|0|
30|944|756|0|535|1|0|
30|946|540|0|535|1|0|
30|944|648|0|535|1|0|
30|944|648|0|535|1|0|
30|944|540|0|533|1|0|
30|940|540|0|535|1|0|
30|944|648|0|535|1|0|
30|942|648|0|535|1|0|
30|944|540|0|534|1|0|
30|948|756|0|534|1|0|
30|936|864|0|535|1|0|
30|946|648|0|534|1|0|
30|942|756|0|535|1|0|
30|962|648|0|534|1|0|
30|944|756|0|533|1|0|
30|948|864|0|534|1|0|
30|945|540|0|535|1|0|
30|949|648|0|532|1|0|
30|949|540|0|534|1|0|
30|950|648|0|535|1|0|
30|948|756|0|535|1|0|
30|943|756|0|535|1|0|
30|943|540|0|535|1|0|
30|942|756|0|533|1|0|
30|947|432|0|534|1|0|
30|939|540|0|535|1|0|
30|1183|648|0|1360|1|0|
30|1099|756|0|1696|1|0|
30|1084|540|0|1568|1|0|
30|1049|756|0|746|1|0|
30|955|432|0|535|1|0|
30|948|432|0|535|1|0|
30|942|756|0|533|1|0|
30|941|540|0|534|1|0|
30|952|864|0|537|1|0|
30|951|756|0|535|1|0|
30|955|756|0|535|1|0|
30|949|540|0|537|1|0|
30|943|648|0|535|1|0|
30|946|648|0|535|1|0|
30|950|864|0|536|1|0|
30|942|756|0|535|1|0|
30|949|648|0|535|1|0|
30|949|756|0|535|1|0|
30|953|864|0|535|1|0|
30|953|864|0|536|1|0|
30|953|540|0|534|1|0|
30|947|864|0|534|1|0|
30|950|540|0|535|1|0|
30|945|540|0|534|1|0|
30|948|648|0|534|1|0|
30|944|432|0|534|1|0|
30|938|648|0|535|1|0|
30|943|648|0|535|1|0|
30|944|756|0|535|1|0|
30|945|756|0|534|1|0|
30|1116|864|0|1612|1|0|
30|1123|648|0|1804|1|0|
30|940|756|0|535|1|0|
30|943|432|0|534|1|0|
30|941|756|0|533|1|0|
30|946|648|0|534|1|0|
30|948|432|0|534|1|0|
30|944|756|0|535|1|0|
30|942|648|0|535|1|0|
30|947|540|0|535|1|0|
30|952|756|0|534|1|0|
30|946|540|0|534|1|0|
30|949|540|0|537|1|0|
30|978|540|0|534|1|0|
30|945|648|0|535|1|0|
30|951|432|0|535|1|0|
30|944|540|0|535|1|0|
30|947|432|0|534|1|0|
30|955|540|0|534|1|0|
30|948|648|0|534|1|0|
30|937|756|0|533|1|0|
30|978|864|0|535|1|0|
30|958|648|0|536|1|0|
30|944|540|0|534|1|0|
30|943|756|0|535|1|0|
30|942|756|0|535|1|0|
30|973|756|0|533|1|0|
30|1018|864|0|532|1|0|
30|946|540|0|534|1|0|
30|1022|972|0|675|1|0|
30|1116|864|0|1107|1|0|
30|1094|540|0|1150|1|0|
30|961|756|0|535|1|0|
30|942|756|0|535|1|0|
30|950|432|0|534|1|0|
30|947|648|0|535|1|0|
30|947|540|0|535|1|0|
30|954|756|0|534|1|0|
30|949|648|0|534|1|0|
30|952|648|0|535|1|0|
30|942|864|0|533|1|0|
30|944|540|0|535|1|0|
30|945|864|0|534|1|0|
30|946|648|0|534|1|0|
30|947|648|0|535|1|0|
30|944|540|0|535|1|0|
30|947|648|0|535|1|0|
30|950|432|0|534|1|0|
30|944|648|0|534|1|0|
30|943|756|0|535|1|0|
30|949|756|0|535|1|0|
30|943|432|0|535|1|0|
30|947|648|0|535|1|0|
30|945|648|0|535|1|0|
30|942|756|0|534|1|0|
30|942|864|0|534|1|0|
30|948|756|0|535|1|0|
30|955|648|0|534|1|0|
30|949|756|0|535|1|0|
30|953|540|0|535|1|0|
30|949|432|0|534|1|0|
30|948|756|0|535|1|0|
30|950|756|0|536|1|0|
30|1114|972|0|1615|1|0|
30|1112|864|0|1788|1|0|
30|1134|756|0|1609|1|0|
30|946|648|0|535|1|0|
30|943|756|0|535|1|0|
30|944|864|0|535|1|0|
30|943|648|0|535|1|0|
30|944|756|0|535|1|0|
30|945|540|0|535|1|0|
30|950|648|0|535|1|0|
30|946|864|0|534|1|0|
30|950|648|0|535|1|0|
30|950|648|0|535|1|0|
30|942|864|0|535|1|0|
30|953|756|0|535|1|0|
30|953|648|0|534|1|0|
30|942|864|0|535|1|0|
30|949|648|0|532|1|0|
30|938|648|0|535|1|0|
30|948|756|0|534|1|0|
30|943|648|0|535|1|0|
30|983|756|0|535|1|0|
30|947|648|0|535|1|0|
30|945|756|0|534|1|0|
30|954|756|0|535|1|0|
30|951|648|0|535|1|0|
30|941|432|0|534|1|0|
30|946|540|0|535|1|0|
30|946|648|0|535|1|0|
30|946|648|0|535|1|0|
30|946|648|0|535|1|0|
30|1149|864|0|1890|1|0|
30|1082|864|0|1737|1|0|
30|1149|756|0|1375|1|0|
30|944|864|0|535|1|0|
30|941|540|0|535|1|0|
30|943|540|0|535|1|0|
30|978|756|0|535|1|0|
30|944|756|0|534|1|0|
30|942|540|0|535|1|0|
30|942|540|0|535|1|0|
30|942|648|0|535|1|0|
30|935|864|0|535|1|0|
30|950|972|0|535|1|0|
30|945|648|0|535|1|0|
30|946|864|0|535|1|0|
30|938|648|0|534|1|0|
30|957|756|0|534|1|0|
30|946|756|0|535|1|0|
30|945|540|0|535|1|0|
30|948|756|0|534|1|0|
30|943|756|0|535|1|0|
30|948|756|0|535|1|0|
30|944|648|0|535|1|0|
30|944|648|0|535|1|0|
30|952|648|0|535|1|0|
30|954|756|0|532|1|0|
30|949|648|0|535|1|0|
30|945|648|0|535|1|0|
30|941|648|0|535|1|0|
30|943|648|0|535|1|0|
30|943|756|0|535|1|0|
30|952|540|0|531|1|0|
30|956|648|0|532|1|0|
30|944|864|0|535|1|0|
30|1073|756|0|1929|1|0|
30|1314|1080|0|1860|1|0|
30|1141|972|0|1869|1|0|
30|944|432|0|535|1|0|
30|955|756|0|532|1|0|
30|944|648|0|534|1|0|
30|940|540|0|535|1|0|
30|947|540|0|535|1|0|
30|945|756|0|534|1|0|
30|945|756|0|534|1|0|
30|939|648|0|535|1|0|
30|936|540|0|535|1|0|
30|949|756|0|537|1|0|
30|938|648|0|535|1|0|
30|945|648|0|535|1|0|
30|949|648|0|534|1|0|
30|946|756|0|534|1|0|
30|946|756|0|535|1|0|
30|948|756|0|534|1|0|
30|953|540|0|534|1|0|
30|957|648|0|534|1|0|
30|950|756|0|535|1|0|
30|940|540|0|533|1|0|
30|947|864|0|534|1|0|
30|946|756|0|535|1|0|
30|939|756|0|535|1|0|
30|942|648|0|535|1|0|
30|954|756|0|532|1|0|
30|1132|648|0|2046|1|0|
30|1056|648|0|807|1|0|
30|945|648|0|534|1|0|
30|955|540|0|535|1|0|
30|943|432|0|535|1|0|
30|946|540|0|535|1|0|
30|939|756|0|535|1|0|
30|949|648|0|534|1|0|
30|947|648|0|535|1|0|
30|952|648|0|534|1|0|
30|943|648|0|535|1|0|
30|949|540|0|535|1|0|
30|957|648|0|535|1|0|
30|945|540|0|535|1|0|
30|943|540|0|535|1|0|
30|942|864|0|535|1|0|
30|938|756|0|535|1|0|
30|947|540|0|534|1|0|
30|953|864|0|534|1|0|
30|944|864|0|535|1|0|
30|946|432|0|535|1|0|
30|942|648|0|533|1|0|
30|949|756|0|535|1|0|
30|942|864|0|535|1|0|
30|946|864|0|535|1|0|
30|973|756|0|532|1|0|
30|951|756|0|534|1|0|
30|945|540|0|535|1|0|
30|943|648|0|535|1|0|
30|1091|864|0|1457|1|0|
30|1113|540|0|1405|1|0|
30|1059|540|0|1008|1|0|
30|939|648|0|535|1|0|
30|943|432|0|535|1|0|
30|952|756|0|535|1|0|
30|945|648|0|534|1|0|
30|941|648|0|534|1|0|
30|942|648|0|535|1|0|
30|951|648|0|535|1|0|
30|946|972|0|534|1|0|
30|975|540|0|544|1|0|
30|943|864|0|535|1|0|
30|954|756|0|536|1|0|
30|944|756|0|535|1|0|
30|945|648|0|535|1|0|
30|946|648|0|534|1|0|
30|942|648|0|535|1|0|
30|948|648|0|535|1|0|
30|944|432|0|535|1|0|
30|942|756|0|535|1|0|
30|943|756|0|534|1|0|
30|944|864|0|534|1|0|
30|944|756|0|535|1|0|
30|940|864|0|535|1|0|
30|958|648|0|535|1|0|
30|944|756|0|535|1|0|
30|952|540|0|535|1|0|
30|1114|648|0|1868|1|0|
30|1114|540|0|1787|1|0|
30|1044|648|0|937|1|0|
30|953|756|0|535|1|0|
30|961|648|0|536|1|0|
30|943|648|0|535|1|0|
30|950|648|0|536|1|0|
30|948|648|0|534|1|0|
30|943|432|0|535|1|0|
30|944|540|0|535|1|0|
30|937|756|0|535|1|0|
30|944|648|0|535|1|0|
30|953|756|0|531|1|0|
30|952|756|0|534|1|0|
30|954|648|0|535|1|0|
30|952|432|0|535|1|0|
30|936|756|0|535|1|0|
30|940|756|0|535|1|0|
30|946|756|0|535|1|0|
30|944|756|0|535|1|0|
30|944|864|0|535|1|0|
30|944|648|0|535|1|0|
30|955|756|0|535|1|0|
30|951|756|0|536|1|0|
30|946|648|0|533|1|0|
30|946|540|0|537|1|0|
30|980|756|0|535|1|0|
30|943|756|0|534|1|0|
30|1128|756|0|1381|1|0|
30|1185|648|0|1867|1|0|
30|1145|864|0|1776|1|0|
30|944|864|0|535|1|0|
30|946|756|0|534|1|0|
30|937|540|0|534|1|0|
30|947|972|0|535|1|0|
30|944|648|0|535|1|0|
30|948|648|0|534|1|0|
30|957|648|0|535|1|0|
30|947|540|0|535|1|0|
30|949|864|0|535|1|0|
30|952|648|0|535|1|0|
30|944|756|0|534|1|0|
30|947|540|0|535|1|0|
30|942|756|0|535|1|0|
30|945|648|0|534|1|0|
30|946|648|0|535|1|0|
30|944|756|0|534|1|0|
30|944|540|0|534|1|0|
30|945|648|0|535|1|0|
30|939|648|0|535|1|0|
30|941|432|0|535|1|0|
30|953|756|0|537|1|0|
30|943|648|0|535|1|0|
30|945|432|0|534|1|0|
30|942|540|0|535|1|0|
30|945|756|0|535|1|0|
30|944|864|0|534|1|0|
30|945|864|0|534|1|0|
30|1104|648|0|1775|1|0|
30|1139|648|0|1501|1|0|
30|1151|972|0|1849|1|0|
30|1183|756|0|577|1|0|
30|951|756|0|535|1|0|
30|953|756|0|535|1|0|
30|943|648|0|535|1|0|
30|944|540|0|534|1|0|
30|943|648|0|534|1|0|
30|943|540|0|535|1|0|
30|949|864|0|535|1|0|
30|952|756|0|536|1|0|
30|955|648|0|534|1|0|
30|941|432|0|533|1|0|
30|948|756|0|535|1|0|
30|938|864|0|535|1|0|
30|949|648|0|535|1|0|
30|945|648|0|535|1|0|
30|949|756|0|534|1|0|
30|947|648|0|534|1|0|
30|947|756|0|534|1|0|
30|944|756|0|535|1|0|
30|944|432|0|535|1|0|
30|950|864|0|535|1|0|
30|946|648|0|535|1|0|
30|945|756|0|534|1|0|
30|955|648|0|534|1|0|
30|947|756|0|534|1|0|
30|945|648|0|534|1|0|
30|948|648|0|534|1|0|
30|1190|756|0|1546|1|0|
30|1148|756|0|2049|1|0|
30|946|540|0|535|1|0|
30|937|648|0|535|1|0|
30|942|756|0|535|1|0|
30|945|540|0|534|1|0|
30|951|648|0|535|1|0|
30|942|756|0|532|1|0|
30|946|540|0|534|1|0|
30|947|540|0|535|1|0|
30|944|756|0|535|1|0|
30|945|648|0|534|1|0|
30|945|540|0|535|1|0|
30|979|756|0|534|1|0|
30|946|972|0|535|1|0|
30|948|648|0|534|1|0|
30|945|648|0|535|1|0|
30|955|540|0|535|1|0|
30|951|756|0|537|1|0|
30|952|540|0|535|1|0|
30|1040|864|0|1010|1|0|
30|954|864|0|535|1|0|
30|948|756|0|535|1|0|
30|946|648|0|533|1|0|
30|948|648|0|534|1|0|
30|941|648|0|535|1|0|
30|943|972|0|534|1|0|
30|944|648|0|535|1|0|
30|947|756|0|535|1|0|
30|943|648|0|535|1|0|
30|1092|756|0|1694|1|0|
30|1915|1296|0|1411|1|0|
31|1940|1404|0|2581|1|0|
30|985|540|0|531|1|0|
30|946|648|0|534|1|0|
30|948|540|0|534|1|0|
30|941|540|0|535|1|0|
30|943|648|0|535|1|0|
30|947|756|0|534|1|0|
30|947|540|0|534|1|0|
30|944|648|0|534|1|0|
30|964|864|0|532|1|0|
30|944|972|0|534|1|0|
30|947|756|0|534|1|0|
30|952|756|0|534|1|0|
30|948|756|0|535|1|0|
30|945|648|0|535|1|0|
30|946|864|0|534|1|0|
30|951|756|0|534|1|0|
30|945|648|0|532|1|0|
30|942|540|0|533|1|0|
30|942|540|0|535|1|0|
30|944|432|0|535|1|0|
30|944|432|0|535|1|0|
30|945|648|0|535|1|0|
30|938|540|0|535|1|0|
30|945|432|0|535|1|0|
30|959|756|0|535|1|0|
30|944|972|0|535|1|0|
30|1163|864|0|1886|1|0|
30|1164|1080|0|1315|1|0|
30|1184|972|0|1950|1|0|
30|944|540|0|534|1|0|
30|943|432|0|534|1|0|
30|946|756|0|534|1|0|
30|952|648|0|534|1|0|
30|947|648|0|535|1|0|
30|946|648|0|534|1|0|
30|942|756|0|534|1|0|
30|953|540|0|535|1|0|
30|949|540|0|535|1|0|
30|952|540|0|535|1|0|
30|947|648|0|535|1|0|
30|945|756|0|535|1|0|
30|947|540|0|534|1|0|
30|952|648|0|535|1|0|
30|950|648|0|535|1|0|
30|944|540|0|534|1|0|
30|946|432|0|535|1|0|
30|944|648|0|535|1|0|
30|943|648|0|535|1|0|
30|952|648|0|535|1|0|
30|945|756|0|535|1|0|
30|953|540|0|536|1|0|
30|944|648|0|534|1|0|
30|943|432|0|535|1|0|
30|944|432|0|535|1|0|
30|942|648|0|535|1|0|
30|946|648|0|535|1|0|
30|943|540|0|534|1|0|
30|1093|1080|0|875|1|0|
30|1103|756|0|1723|1|0|
30|946|756|0|535|1|0|
30|943|648|0|535|1|0|
30|946|648|0|534|1|0|
30|944|756|0|534|1|0|
30|952|648|0|534|1|0|
30|941|540|0|535|1|0|
30|940|756|0|535|1|0|
30|940|756|0|535|1|0|
30|950|648|0|535|1|0|
30|949|648|0|535|1|0|
30|943|648|0|535|1|0|
30|946|540|0|535|1|0|
30|949|756|0|535|1|0|
30|948|540|0|535|1|0|
30|948|648|0|535|1|0|
30|945|756|0|535|1|0|
30|948|756|0|535|1|0|
30|950|540|0|537|1|0|
30|947|864|0|535|1|0|
30|946|864|0|535|1|0|
30|944|756|0|535|1|0|
30|952|864|0|535|1|0|
30|945|864|0|535|1|0|
30|946|540|0|534|1|0|
30|946|756|0|535|1|0|
30|955|432|0|537|1|0|
30|1083|864|0|1715|1|0|
30|1104|756|0|1816|1|0|
30|1137|864|0|1524|1|0|
30|944|432|0|535|1|0|
30|940|648|0|533|1|0|
30|950|756|0|535|1|0|
30|942|648|0|534|1|0|
30|945|540|0|535|1|0|
30|948|756|0|535|1|0|
30|953|540|0|535|1|0|
30|944|648|0|534|1|0|
30|943|648|0|533|1|0|
30|942|648|0|534|1|0|
30|945|756|0|535|1|0|
30|960|648|0|531|1|0|
30|944|540|0|535|1|0|
30|944|756|0|534|1|0|
30|959|648|0|535|1|0|
30|963|864|0|531|1|0|
30|945|648|0|534|1|0|
30|942|864|0|534|1|0|
30|952|648|0|535|1|0|
30|956|756|0|534|1|0|
30|945|756|0|534|1|0|
30|947|864|0|535|1|0|
30|950|648|0|535|1|0|
30|944|864|0|535|1|0|
30|948|756|0|534|1|0|
30|957|540|0|536|1|0|
30|944|540|0|535|1|0|
30|1090|864|0|1296|1|0|
30|1074|864|0|1840|1|0|
30|949|756|0|537|1|0|
30|949|648|0|535|1|0|
30|943|540|0|534|1|0|
30|947|648|0|534|1|0|
30|944|540|0|535|1|0|
30|943|756|0|535|1|0|
30|940|756|0|534|1|0|
30|938|648|0|535|1|0|
30|944|756|0|535|1|0|
30|943|648|0|535|1|0|
30|950|648|0|535|1|0|
30|952|648|0|534|1|0|
30|944|756|0|535|1|0|
30|946|540|0|537|1|0|
30|946|756|0|534|1|0|
30|940|864|0|535|1|0|
30|943|648|0|535|1|0|
30|945|432|0|534|1|0|
30|944|648|0|535|1|0|
30|950|864|0|535|1|0|
30|942|864|0|535|1|0|
30|950|972|0|535|1|0|
30|943|648|0|535|1|0|
30|946|648|0|534|1|0|
30|937|756|0|535|1|0|
30|959|540|0|537|1|0|
30|947|756|0|534|1|0|
30|1104|648|0|1650|1|0|
30|1143|756|0|1525|1|0|
30|1131|756|0|2098|1|0|
30|942|540|0|535|1|0|
30|944|540|0|534|1|0|
30|946|540|0|535|1|0|
30|949|756|0|535|1|0|
30|945|540|0|534|1|0|
30|946|756|0|535|1|0|
30|947|756|0|535|1|0|
30|947|864|0|534|1|0|
30|943|648|0|535|1|0|
30|946|648|0|535|1|0|
30|946|648|0|534|1|0|
30|938|648|0|535|1|0|
30|944|864|0|534|1|0|
30|946|648|0|534|1|0|
30|946|540|0|535|1|0|
30|949|756|0|534|1|0|
30|945|864|0|535|1|0|
30|944|540|0|535|1|0|
30|951|756|0|535|1|0|
30|939|864|0|532|1|0|
30|941|648|0|535|1|0|
30|942|540|0|535|1|0|
30|947|648|0|533|1|0|
30|946|756|0|535|1|0|
30|951|540|0|534|1|0|
30|946|540|0|534|1|0|
30|944|540|0|534|1|0|
30|1122|864|0|1407|1|0|
30|1139|864|0|1782|1|0|
30|1044|540|0|708|1|0|
30|947|648|0|533|1|0|
30|943|540|0|535|1|0|
30|947|432|0|534|1|0|
30|944|972|0|535|1|0|
30|949|864|0|534|1|0|
30|947|648|0|535|1|0|
30|945|648|0|535|1|0|
30|948|648|0|534|1|0|
30|944|648|0|535|1|0|
30|940|648|0|535|1|0|
30|945|648|0|534|1|0|
30|949|540|0|535|1|0|
30|948|540|0|534|1|0|
30|954|540|0|535|1|0|
30|948|648|0|535|1|0|
30|1110|864|0|534|1|0|
30|942|648|0|533|1|0|
30|944|756|0|535|1|0|
30|943|540|0|535|1|0|
30|950|648|0|535|1|0|
30|943|648|0|535|1|0|
30|945|648|0|535|1|0|
30|946|648|0|534|1|0|
30|944|756|0|535|1|0|
30|937|540|0|535|1|0|
30|946|432|0|535|1|0|
30|947|648|0|535|1|0|
30|947|648|0|535|1|0|
30|1117|540|0|2393|1|0|
30|1100|540|0|1350|1|0|
30|1151|864|0|1518|1|0|
30|942|540|0|535|1|0|
30|958|864|0|537|1|0|
30|956|864|0|536|1|0|
30|946|648|0|533|1|0|
30|959|648|0|537|1|0|
30|957|864|0|537|1|0|
30|943|756|0|535|1|0|
30|950|864|0|534|1|0|
30|938|756|0|535|1|0|
30|943|864|0|535|1|0|
30|943|540|0|535|1|0|
30|954|648|0|536|1|0|
30|944|756|0|535|1|0|
30|945|864|0|534|1|0|
30|947|756|0|534|1|0|
30|943|540|0|535|1|0|
30|943|756|0|534|1|0|
30|946|540|0|534|1|0|
30|942|756|0|534|1|0|
30|946|864|0|534|1|0|
30|951|756|0|536|1|0|
30|949|432|0|534|1|0|
30|947|648|0|534|1|0|
30|948|540|0|534|1|0|
30|947|756|0|534|1|0|
30|941|648|0|535|1|0|
30|950|864|0|534|1|0|
30|1171|864|0|1936|1|0|
30|1069|756|0|1464|1|0|
30|1100|864|0|1158|1|0|
30|955|540|0|534|1|0|
30|955|648|0|532|1|0|
30|948|648|0|534|1|0|
30|945|648|0|534|1|0|
30|947|648|0|535|1|0|
30|951|540|0|535|1|0|
30|946|864|0|535|1|0|
30|939|756|0|534|1|0|
30|947|648|0|535|1|0|
30|941|648|0|535|1|0|
30|950|540|0|534|1|0|
30|942|540|0|535|1|0|
30|944|864|0|534|1|0|
30|945|648|0|535|1|0|
30|946|648|0|534|1|0|
30|954|756|0|532|1|0|
30|944|648|0|535|1|0|
30|951|648|0|535|1|0|
30|942|648|0|533|1|0|
30|946|540|0|533|1|0|
30|992|756|0|534|1|0|
30|949|756|0|535|1|0|
30|953|540|0|535|1|0|
30|944|756|0|535|1|0|
30|945|756|0|535|1|0|
30|943|648|0|534|1|0|
30|951|756|0|535|1|0|
30|958|864|0|536|1|0|
30|947|540|0|535|1|0|
30|947|432|0|535|1|0|
30|940|540|0|535|1|0|
30|952|432|0|535|1|0|
30|938|648|0|535|1|0|
30|985|540|0|535|1|0|
30|948|756|0|535|1|0|
30|942|648|0|535|1|0|
30|959|648|0|535|1|0|
30|945|756|0|537|1|0|
30|943|648|0|535|1|0|
30|953|432|0|537|1|0|
30|950|540|0|534|1|0|
30|943|540|0|535|1|0|
30|950|756|0|535|1|0|
30|947|540|0|535|1|0|
30|942|864|0|535|1|0|
30|951|648|0|535|1|0|
30|938|756|0|535|1|0|
30|955|756|0|533|1|0|
30|946|540|0|535|1|0|
30|943|648|0|534|1|0|
30|946|972|0|535|1|0|
30|944|972|0|534|1|0|
30|946|864|0|535|1|0|
30|955|972|0|535|1|0|
30|952|864|0|537|1|0|
30|946|864|0|535|1|0|
30|944|972|0|534|1|0|
30|939|864|0|535|1|0|
30|940|864|0|534|1|0|
30|945|864|0|534|1|0|
30|946|972|0|534|1|0|
30|945|972|0|535|1|0|
30|945|864|0|535|1|0|
30|942|972|0|535|1|0|
30|950|864|0|535|1|0|
30|945|972|0|536|1|0|
30|945|864|0|535|1|0|
30|944|1080|0|535|1|0|
30|951|864|0|535|1|0|
30|948|864|0|534|1|0|
30|953|972|0|537|1|0|
30|942|864|0|534|1|0|
30|957|972|0|536|1|0|
30|948|1080|0|535|1|0|
30|946|972|0|535|1|0|
30|955|1080|0|536|1|0|
30|947|1080|0|535|1|0|
30|944|1080|0|535|1|0|
30|948|756|0|535|1|0|
30|945|972|0|535|1|0|
30|947|972|0|535|1|0|
30|946|864|0|535|1|0|
30|946|864|0|535|1|0|
30|943|864|0|535|1|0|
30|956|972|0|537|1|0|
30|943|1080|0|535|1|0|
30|945|864|0|535|1|0|
30|963|864|0|535|1|0|
30|951|972|0|537|1|0|
30|949|864|0|534|1|0|
30|952|972|0|532|1|0|
30|942|756|0|535|1|0|
30|941|864|0|535|1|0|
30|939|972|0|534|1|0|
30|953|864|0|536|1|0|
30|955|972|0|535|1|0|
30|946|1080|0|535|1|0|
30|948|864|0|535|1|0|
30|939|1080|0|535|1|0|
30|942|972|0|533|1|0|
30|946|972|0|534|1|0|
30|957|972|0|535|1|0|
30|949|972|0|535|1|0|
30|948|864|0|535|1|0|
30|949|864|0|534|1|0|
30|951|864|0|534|1|0|
30|955|972|0|532|1|0|
30|945|864|0|534|1|0|
30|943|972|0|535|1|0|
30|949|756|0|535|1|0|
30|945|756|0|534|1|0|
30|946|972|0|534|1|0|
30|945|864|0|535|1|0|
30|944|864|0|535|1|0|
30|945|864|0|534|1|0|
30|945|864|0|535|1|0|
30|946|972|0|535|1|0|
30|949|864|0|535|1|0|
30|942|864|0|535|1|0|
30|963|972|0|535|1|0|
30|952|1080|0|535|1|0|
30|944|972|0|534|1|0|
30|946|1080|0|534|1|0|
30|952|864|0|537|1|0|
30|956|972|0|535|1|0|
30|948|864|0|535|1|0|
30|946|864|0|534|1|0|
30|949|972|0|535|1|0|
30|946|972|0|534|1|0|
30|947|1080|0|535|1|0|
30|948|1080|0|534|1|0|
30|945|864|0|535|1|0|
30|943|756|0|535|1|0|
30|939|864|0|534|1|0|
30|955|1080|0|532|1|0|
30|945|972|0|535|1|0|
30|952|1188|0|537|1|0|
30|949|756|0|535|1|0|
30|945|1080|0|535|1|0|
30|942|864|0|535|1|0|
30|955|864|0|535|1|0|
30|938|972|0|535|1|0|
30|944|972|0|535|1|0|
30|950|972|0|535|1|0|
30|940|972|0|534|1|0|
30|941|864|0|535|1|0|
30|939|1080|0|534|1|0|
30|945|1080|0|535|1|0|
30|1121|1296|0|1229|1|0|
30|944|756|0|535|1|0|
30|951|864|0|537|1|0|
30|943|972|0|534|1|0|
30|953|972|0|537|1|0|
30|940|972|0|535|1|0|
30|941|972|0|535|1|0|
30|940|972|0|535|1|0|
30|941|972|0|535|1|0|
30|946|864|0|535|1|0|
30|948|756|0|535|1|0|
30|948|756|0|535|1|0|
30|1068|1080|0|938|1|0|
30|943|864|0|535|1|0|
30|956|1080|0|536|1|0|
30|945|864|0|535|1|0|
30|946|864|0|535|1|0|
30|942|756|0|534|1|0|
30|941|864|0|535|1|0|
30|945|972|0|534|1|0|
30|945|1080|0|535|1|0|
30|946|864|0|535|1|0|
30|958|864|0|534|1|0|
30|948|972|0|534|1|0|
30|943|972|0|535|1|0|
30|947|972|0|535|1|0|
30|945|972|0|534|1|0|
30|945|864|0|535|1|0|
30|952|864|0|537|1|0|
30|944|972|0|535|1|0|
30|943|972|0|535|1|0|
30|947|972|0|535|1|0|
30|947|972|0|535|1|0|
30|947|972|0|534|1|0|
30|952|1080|0|537|1|0|
30|938|972|0|535|1|0|
30|949|972|0|535|1|0|
30|952|756|0|534|1|0|
30|952|972|0|535|1|0|
30|941|972|0|535|1|0|
30|948|1080|0|535|1|0|
30|946|972|0|535|1|0|
30|947|972|0|535|1|0|
30|947|972|0|534|1|0|
30|947|972|0|535|1|0|
30|946|864|0|535|1|0|
30|943|972|0|535|1|0|
30|975|1080|0|535|1|0|
30|948|1080|0|534|1|0|
30|945|972|0|534|1|0|
30|944|1080|0|534|1|0|
30|946|864|0|535|1|0|
30|946|756|0|535|1|0|
30|950|972|0|534|1|0|
30|939|972|0|535|1|0|
30|946|864|0|535|1|0|
30|945|972|0|534|1|0|
30|947|972|0|534|1|0|
30|942|1080|0|533|1|0|
30|946|972|0|535|1|0|
30|952|972|0|532|1|0|
30|943|1080|0|535|1|0|
30|944|972|0|535|1|0|
30|946|1080|0|535|1|0|
30|948|864|0|534|1|0|
30|946|972|0|534|1|0|
30|945|972|0|534|1|0|
30|941|972|0|534|1|0|
30|936|972|0|535|1|0|
30|947|1188|0|535|1|0|
30|943|972|0|534|1|0|
30|975|1080|0|535|1|0|
30|938|1080|0|535|1|0|
30|938|1080|0|535|1|0|
30|950|1188|0|534|1|0|
30|945|972|0|535|1|0|
30|945|1080|0|535|1|0|
30|957|864|0|535|1|0|
30|944|864|0|533|1|0|
30|939|864|0|535|1|0|
30|944|864|0|534|1|0|
30|939|756|0|534|1|0|
30|944|972|0|534|1|0|
30|943|864|0|534|1|0|
30|953|1080|0|534|1|0|
30|957|972|0|535|1|0|
30|942|972|0|535|1|0|
30|943|972|0|535|1|0|
30|942|864|0|535|1|0|
30|946|972|0|535|1|0|
30|944|1080|0|535|1|0|
30|944|972|0|535|1|0|
30|946|972|0|534|1|0|
30|945|972|0|535|1|0|
30|942|864|0|535|1|0|
30|948|972|0|535|1|0|
30|952|1080|0|534|1|0|
30|940|864|0|535|1|0|
30|949|972|0|534|1|0|
30|945|972|0|535|1|0|
30|950|972|0|537|1|0|
30|950|972|0|535|1|0|
30|942|864|0|534|1|0|
30|948|864|0|537|1|0|
30|946|1080|0|535|1|0|
30|952|756|0|535|1|0|
30|946|864|0|534|1|0|
30|953|864|0|537|1|0|
30|948|1080|0|535|1|0|
30|938|972|0|534|1|0|
30|951|972|0|535|1|0|
30|946|1080|0|535|1|0|
30|950|972|0|535|1|0|
30|948|972|0|533|1|0|
30|942|864|0|534|1|0|
30|948|864|0|534|1|0|
30|942|972|0|535|1|0|
30|950|864|0|534|1|0|
30|946|972|0|534|1|0|
30|945|972|0|535|1|0|
30|938|972|0|535|1|0|
30|951|972|0|536|1|0|
30|943|756|0|535|1|0|
30|947|1080|0|535|1|0|
30|948|972|0|535|1|0|
30|949|864|0|534|1|0|
30|946|864|0|535|1|0|
30|951|972|0|534|1|0|
30|944|972|0|534|1|0|
30|947|1080|0|535|1|0|
30|948|864|0|535|1|0|
30|949|972|0|534|1|0|
30|943|972|0|535|1|0|
30|945|756|0|535|1|0|
30|944|972|0|535|1|0|
30|942|972|0|535|1|0|
30|950|864|0|534|1|0|
30|947|864|0|535|1|0|
30|945|756|0|534|1|0|
30|945|972|0|535|1|0|
30|946|972|0|535|1|0|
30|948|864|0|534|1|0|
30|945|756|0|535|1|0|
30|947|972|0|535|1|0|
30|959|972|0|535|1|0|
30|1096|1188|0|1268|1|0|
30|943|972|0|535|1|0|
30|950|864|0|535|1|0|
30|943|972|0|535|1|0|
30|948|864|0|535|1|0|
30|958|756|0|535|1|0|
30|962|972|0|532|1|0|
30|947|972|0|535|1|0|
30|946|1080|0|535|1|0|
30|943|864|0|534|1|0|
30|946|864|0|535|1|0|
30|1861|1836|0|1105|1|0|
30|949|972|0|537|1|0|
30|948|864|0|535|1|0|
30|949|864|0|534|1|0|
30|947|972|0|534|1|0|
30|945|1080|0|535|1|0|
30|946|864|0|535|1|0|
30|948|864|0|535|1|0|
30|949|972|0|535|1|0|
30|953|972|0|534|1|0|
30|954|864|0|535|1|0|
30|944|972|0|535|1|0|
30|940|972|0|535|1|0|
30|943|864|0|534|1|0|
30|962|972|0|537|1|0|
30|944|972|0|534|1|0|
30|943|972|0|533|1|0|
30|943|756|0|535|1|0|
30|945|972|0|535|1|0|
30|954|972|0|532|1|0|
30|982|1188|0|535|1|0|
30|954|972|0|531|1|0|
30|951|972|0|533|1|0|
30|944|972|0|535|1|0|
30|943|972|0|535|1|0|
30|949|972|0|534|1|0|
30|948|756|0|535|1|0|
30|1063|1080|0|655|1|0|
30|1119|1080|0|1756|1|0|
30|1092|1188|0|1515|1|0|
30|944|756|0|535|1|0|
30|945|864|0|535|1|0|
30|949|864|0|535|1|0|
30|948|1080|0|534|1|0|
30|944|972|0|535|1|0|
30|948|972|0|535|1|0|
30|949|864|0|535|1|0|
30|945|972|0|535|1|0|
30|943|972|0|535|1|0|
30|944|864|0|535|1|0|
30|952|972|0|534|1|0|
30|971|972|0|535|1|0|
30|945|864|0|535|1|0|
30|953|864|0|535|1|0|
30|945|972|0|535|1|0|
30|945|972|0|534|1|0|
30|944|972|0|534|1|0|
30|950|972|0|536|1|0|
30|945|972|0|535|1|0|
30|949|864|0|534|1|0|
30|947|1188|0|535|1|0|
30|943|972|0|535|1|0|
30|943|756|0|535|1|0|
30|944|972|0|534|1|0|
30|942|756|0|535|1|0|
30|945|972|0|534|1|0|
30|945|972|0|535|1|0|
30|945|864|0|534|1|0|
30|943|972|0|535|1|0|
30|941|864|0|535|1|0|
30|944|1080|0|534|1|0|
30|943|972|0|535|1|0|
30|944|972|0|535|1|0|
