INSTRUCTIONS_RETIRED|CYCLES|UNKNOWN|LD_BLOCKS.STORE_FORWARD|UOPS_EXECUTED.CORE|BR_MISP_RETIRED.ALL_BRANCHES|UOPS_ISSUED.SINGLE_MUL|
30|1083|648|0|790|1|0|
30|1058|864|0|1306|1|0|
30|1060|648|0|1469|1|0|
30|942|648|0|535|1|0|
30|1052|756|0|777|1|0|
30|1119|864|0|1679|1|0|
30|957|648|0|531|1|0|
30|949|540|0|535|1|0|
30|944|540|0|534|1|0|
30|947|648|0|535|1|0|
30|946|540|0|535|1|0|
30|949|540|0|535|1|0|
30|951|648|0|535|1|0|
30|949|540|0|535|1|0|
30|956|540|0|535|1|0|
30|949|756|0|535|1|0|
30|944|756|0|533|1|0|
30|945|540|0|535|1|0|
30|950|648|0|535|1|0|
30|962|648|0|535|1|0|
30|948|648|0|535|1|0|
30|947|648|0|535|1|0|
30|947|540|0|534|1|0|
30|956|648|0|534|1|0|
30|950|540|0|535|1|0|
30|950|648|0|535|1|0|
30|946|648|0|535|1|0|
30|943|648|0|534|1|0|
30|958|540|0|535|1|0|
30|955|540|0|535|1|0|
30|947|648|0|535|1|0|
30|952|432|0|535|1|0|
30|946|648|0|534|1|0|
30|944|540|0|534|1|0|
30|946|432|0|533|1|0|
30|945|756|0|535|1|0|
30|948|432|0|535|1|0|
30|949|432|0|535|1|0|
30|952|864|0|534|1|0|
30|948|756|0|535|1|0|
30|954|648|0|535|1|0|
30|948|864|0|535|1|0|
30|954|540|0|535|1|0|
30|951|540|0|535|1|0|
30|945|648|0|534|1|0|
30|941|756|0|535|1|0|
30|947|648|0|534|1|0|
30|946|648|0|535|1|0|
30|947|648|0|535|1|0|
30|941|540|0|535|1|0|
30|944|540|0|534|1|0|
30|948|540|0|535|1|0|
30|944|648|0|535|1|0|
30|948|648|0|535|1|0|
30|957|864|0|535|1|0|
30|1019|756|0|687|1|0|
30|943|540|0|534|1|0|
30|947|540|0|535|1|0|
30|946|648|0|535|1|0|
30|956|648|0|532|1|0|
30|946|648|0|535|1|0|
30|946|648|0|535|1|0|
30|941|648|0|534|1|0|
30|940|540|0|534|1|0|
30|948|648|0|535|1|0|
30|946|756|0|534|1|0|
30|948|648|0|535|1|0|
30|949|756|0|535|1|0|
30|946|864|0|535|1|0|
30|951|648|0|536|1|0|
30|948|648|0|535|1|0|
30|947|540|0|535|1|0|
30|947|648|0|535|1|0|
30|952|648|0|535|1|0|
30|979|756|0|534|1|0|
30|950|540|0|535|1|0|
30|952|540|0|535|1|0|
30|949|648|0|535|1|0|
30|948|648|0|535|1|0|
30|947|756|0|534|1|0|
30|944|648|0|535|1|0|
30|947|540|0|535|1|0|
30|956|756|0|532|1|0|
30|945|648|0|535|1|0|
30|1148|648|0|945|1|0|
30|1136|540|0|1662|1|0|
30|1106|756|0|1804|1|0|
30|943|648|0|535|1|0|
30|945|648|0|535|1|0|
30|957|648|0|531|1|0|
30|944|648|0|535|1|0|
30|944|756|0|535|1|0|
30|949|648|0|535|1|0|
30|952|756|0|535|1|0|
30|952|540|0|535|1|0|
30|947|648|0|534|1|0|
30|937|648|0|535|1|0|
30|948|540|0|534|1|0|
30|944|540|0|534|1|0|
30|942|540|0|535|1|0|
30|944|756|0|535|1|0|
30|950|756|0|534|1|0|
30|942|540|0|535|1|0|
30|944|864|0|535|1|0|
30|983|540|0|535|1|0|
30|955|756|0|535|1|0|
30|957|648|0|535|1|0|
30|970|648|0|535|1|0|
30|942|540|0|535|1|0|
30|950|540|0|535|1|0|
30|943|540|0|535|1|0|
30|948|648|0|534|1|0|
30|954|648|0|534|1|0|
30|1077|648|0|1554|1|0|
30|1147|756|0|1395|1|0|
30|1149|540|0|1698|1|0|
30|944|756|0|535|1|0|
30|952|648|0|535|1|0|
30|942|432|0|535|1|0|
30|944|648|0|534|1|0|
30|969|540|0|535|1|0|
30|945|756|0|535|1|0|
30|953|540|0|534|1|0|
30|953|432|0|531|1|0|
30|949|756|0|534|1|0|
30|946|648|0|535|1|0|
30|978|756|0|534|1|0|
30|952|756|0|535|1|0|
30|944|540|0|534|1|0|
30|945|540|0|535|1|0|
30|945|540|0|534|1|0|
30|947|756|0|535|1|0|
30|946|648|0|534|1|0|
30|944|540|0|535|1|0|
30|948|648|0|534|1|0|
30|950|648|0|535|1|0|
30|943|648|0|535|1|0|
30|945|648|0|535|1|0|
30|945|648|0|535|1|0|
30|959|648|0|535|1|0|
30|957|756|0|535|1|0|
30|944|432|0|535|1|0|
30|1120|540|0|1922|1|0|
30|1117|540|0|1174|1|0|
30|1102|756|0|1242|1|0|
30|943|756|0|535|1|0|
30|946|432|0|535|1|0|
30|946|540|0|535|1|0|
30|944|540|0|534|1|0|
30|946|756|0|535|1|0|
30|957|432|0|535|1|0|
30|945|648|0|534|1|0|
30|946|648|0|534|1|0|
30|940|432|0|535|1|0|
30|949|648|0|534|1|0|
30|946|540|0|534|1|0|
30|945|432|0|535|1|0|
30|948|648|0|535|1|0|
30|942|432|0|535|1|0|
30|982|648|0|535|1|0|
30|936|648|0|535|1|0|
30|953|432|0|535|1|0|
30|946|648|0|535|1|0|
30|943|540|0|535|1|0|
30|946|756|0|534|1|0|
30|944|540|0|532|1|0|
30|952|864|0|534|1|0|
30|947|648|0|535|1|0|
30|946|648|0|535|1|0|
30|948|648|0|535|1|0|
30|1082|864|0|1166|1|0|
30|1102|756|0|1788|1|0|
30|1086|648|0|1292|1|0|
30|942|432|0|535|1|0|
30|944|540|0|535|1|0|
30|956|432|0|534|1|0|
30|950|540|0|535|1|0|
30|940|540|0|534|1|0|
30|938|648|0|534|1|0|
30|942|432|0|535|1|0|
30|3861|2484|0|1041|1|0|
30|950|540|0|535|1|0|
30|941|756|0|534|1|0|
30|946|432|0|535|1|0|
30|945|648|0|534|1|0|
30|950|540|0|534|1|0|
30|949|540|0|535|1|0|
30|954|648|0|535|1|0|
30|944|864|0|535|1|0|
30|949|648|0|535|1|0|
30|945|432|0|535|1|0|
30|947|756|0|535|1|0|
30|943|756|0|534|1|0|
30|944|648|0|533|1|0|
30|944|648|0|535|1|0|
30|944|864|0|533|1|0|
30|941|756|0|535|1|0|
30|946|756|0|535|1|0|
30|947|648|0|535|1|0|
30|951|756|0|534|1|0|
30|1169|756|0|1551|1|0|
30|1103|864|0|1881|1|0|
30|1062|648|0|1422|1|0|
30|945|432|0|535|1|0|
30|940|756|0|534|1|0|
30|943|648|0|535|1|0|
30|951|756|0|535|1|0|
30|982|648|0|534|1|0|
30|945|432|0|534|1|0|
30|939|540|0|535|1|0|
30|956|540|0|534|1|0|
30|941|756|0|535|1|0|
30|953|756|0|534|1|0|
30|945|648|0|534|1|0|
30|989|756|0|531|1|0|
30|945|756|0|535|1|0|
30|944|756|0|535|1|0|
30|949|648|0|534|1|0|
30|942|540|0|534|1|0|
30|943|540|0|535|1|0|
30|946|540|0|533|1|0|
30|941|540|0|535|1|0|
30|947|756|0|534|1|0|
30|953|648|0|535|1|0|
30|953|540|0|534|1|0|
30|944|540|0|535|1|0|
30|943|648|0|534|1|0|
30|942|864|0|535|1|0|
30|952|756|0|534|1|0|
30|1170|864|0|1653|1|0|
30|1057|540|0|859|1|0|
30|1091|864|0|1711|1|0|
30|944|432|0|535|1|0|
30|948|540|0|535|1|0|
30|944|540|0|535|1|0|
30|943|648|0|535|1|0|
30|944|756|0|535|1|0|
30|942|756|0|535|1|0|
30|944|540|0|535|1|0|
30|953|648|0|532|1|0|
30|978|864|0|534|1|0|
30|952|756|0|532|1|0|
30|940|864|0|535|1|0|
30|944|432|0|535|1|0|
30|949|540|0|534|1|0|
30|956|540|0|534|1|0|
30|947|756|0|535|1|0|
30|941|648|0|534|1|0|
30|947|756|0|535|1|0|
30|954|432|0|537|1|0|
30|942|648|0|534|1|0|
30|948|648|0|534|1|0|
30|945|864|0|534|1|0|
30|948|756|0|535|1|0|
30|951|756|0|535|1|0|
30|946|648|0|535|1|0|
30|948|432|0|534|1|0|
30|946|648|0|534|1|0|
30|1121|540|0|1807|1|0|
30|1076|864|0|1051|1|0|
30|1080|756|0|1110|1|0|
30|943|648|0|535|1|0|
30|947|756|0|535|1|0|
30|957|756|0|537|1|0|
30|959|756|0|531|1|0|
30|944|540|0|534|1|0|
30|944|648|0|535|1|0|
30|942|648|0|535|1|0|
30|940|648|0|535|1|0|
30|945|648|0|534|1|0|
30|946|756|0|534|1|0|
30|946|432|0|535|1|0|
30|944|540|0|535|1|0|
30|944|756|0|534|1|0|
30|947|540|0|534|1|0|
30|943|648|0|535|1|0|
30|947|540|0|532|1|0|
30|948|756|0|534|1|0|
30|944|756|0|535|1|0|
30|946|756|0|535|1|0|
30|950|756|0|535|1|0|
30|945|540|0|534|1|0|
30|946|864|0|535|1|0|
30|947|864|0|534|1|0|
30|944|540|0|534|1|0|
30|946|648|0|535|1|0|
30|953|648|0|534|1|0|
30|948|648|0|533|1|0|
30|949|540|0|535|1|0|
30|951|540|0|535|1|0|
30|947|540|0|535|1|0|
30|949|756|0|535|1|0|
30|947|540|0|535|1|0|
30|1003|648|0|534|1|0|
30|948|432|0|535|1|0|
30|944|648|0|535|1|0|
30|987|540|0|535|1|0|
30|947|648|0|535|1|0|
30|950|540|0|535|1|0|
30|948|864|0|535|1|0|
30|947|648|0|535|1|0|
30|957|648|0|536|1|0|
30|946|432|0|534|1|0|
30|950|540|0|535|1|0|
30|948|432|0|534|1|0|
30|948|756|0|535|1|0|
30|950|648|0|535|1|0|
30|948|864|0|535|1|0|
30|947|648|0|534|1|0|
30|971|756|0|535|1|0|
30|947|540|0|533|1|0|
30|943|540|0|534|1|0|
30|945|648|0|535|1|0|
30|939|864|0|535|1|0|
30|944|756|0|535|1|0|
30|949|540|0|535|1|0|
30|954|756|0|534|1|0|
30|947|648|0|535|1|0|
30|947|540|0|535|1|0|
30|949|648|0|533|1|0|
30|946|432|0|535|1|0|
30|944|648|0|534|1|0|
30|945|540|0|535|1|0|
30|949|540|0|534|1|0|
30|950|432|0|535|1|0|
30|1020|864|0|554|1|0|
30|949|540|0|535|1|0|
30|948|432|0|534|1|0|
30|955|540|0|535|1|0|
30|983|432|0|535|1|0|
30|947|756|0|535|1|0|
30|947|756|0|534|1|0|
30|950|864|0|534|1|0|
30|947|648|0|534|1|0|
30|947|756|0|535|1|0|
30|947|648|0|535|1|0|
30|946|756|0|535|1|0|
30|948|648|0|535|1|0|
30|946|648|0|535|1|0|
30|948|648|0|535|1|0|
30|947|540|0|535|1|0|
30|946|756|0|535|1|0|
30|954|756|0|534|1|0|
30|953|432|0|534|1|0|
30|946|540|0|535|1|0|
30|947|648|0|534|1|0|
30|954|540|0|535|1|0|
30|947|432|0|535|1|0|
30|949|648|0|535|1|0|
30|950|540|0|533|1|0|
30|959|648|0|535|1|0|
30|955|756|0|535|1|0|
30|941|648|0|535|1|0|
30|951|864|0|535|1|0|
30|947|540|0|535|1|0|
30|953|756|0|533|1|0|
30|947|432|0|535|1|0|
30|953|540|0|535|1|0|
30|945|756|0|535|1|0|
30|948|432|0|535|1|0|
30|942|756|0|535|1|0|
30|954|756|0|536|1|0|
30|954|756|0|535|1|0|
30|958|540|0|532|1|0|
30|948|540|0|535|1|0|
30|946|540|0|534|1|0|
30|952|756|0|534|1|0|
30|948|648|0|534|1|0|
30|957|540|0|536|1|0|
30|946|540|0|534|1|0|
30|955|864|0|535|1|0|
30|951|648|0|535|1|0|
30|948|864|0|535|1|0|
30|945|756|0|535|1|0|
30|948|756|0|533|1|0|
30|966|756|0|535|1|0|
30|965|648|0|532|1|0|
30|952|648|0|535|1|0|
30|947|648|0|535|1|0|
30|947|648|0|534|1|0|
30|945|540|0|535|1|0|
30|984|648|0|534|1|0|
30|944|540|0|535|1|0|
30|947|648|0|534|1|0|
30|962|756|0|533|1|0|
30|954|648|0|534|1|0|
30|946|540|0|534|1|0|
30|941|540|0|534|1|0|
30|945|756|0|534|1|0|
30|951|648|0|535|1|0|
30|945|648|0|535|1|0|
30|957|648|0|535|1|0|
30|945|648|0|534|1|0|
30|949|756|0|535|1|0|
30|945|756|0|535|1|0|
30|954|648|0|535|1|0|
30|946|648|0|535|1|0|
30|949|648|0|535|1|0|
30|947|648|0|535|1|0|
30|946|648|0|535|1|0|
30|947|648|0|534|1|0|
30|957|648|0|534|1|0|
30|945|648|0|535|1|0|
30|965|432|0|532|1|0|
30|946|756|0|535|1|0|
30|942|648|0|534|1|0|
30|949|540|0|535|1|0|
30|961|540|0|535|1|0|
30|951|648|0|535|1|0|
30|948|648|0|535|1|0|
30|947|540|0|535|1|0|
30|951|648|0|535|1|0|
30|946|540|0|534|1|0|
30|956|432|0|535|1|0|
30|947|648|0|535|1|0|
30|947|648|0|534|1|0|
30|947|648|0|535|1|0|
30|949|648|0|534|1|0|
30|946|540|0|535|1|0|
30|950|648|0|537|1|0|
30|948|540|0|535|1|0|
30|946|540|0|534|1|0|
30|945|756|0|535|1|0|
30|945|540|0|535|1|0|
30|948|648|0|535|1|0|
30|946|540|0|534|1|0|
30|947|540|0|535|1|0|
30|944|756|0|534|1|0|
30|953|540|0|535|1|0|
30|946|756|0|535|1|0|
30|949|540|0|535|1|0|
30|946|648|0|535|1|0|
30|943|540|0|535|1|0|
30|950|648|0|534|1|0|
30|947|648|0|534|1|0|
30|960|648|0|535|1|0|
30|947|756|0|534|1|0|
30|977|540|0|535|1|0|
30|949|432|0|535|1|0|
30|943|648|0|534|1|0|
30|938|756|0|535|1|0|
30|942|756|0|534|1|0|
30|946|756|0|535|1|0|
30|943|432|0|533|1|0|
30|943|756|0|534|1|0|
30|947|648|0|535|1|0|
30|957|756|0|531|1|0|
30|948|540|0|535|1|0|
30|947|756|0|534|1|0|
30|947|756|0|534|1|0|
30|946|756|0|534|1|0|
30|950|648|0|535|1|0|
30|955|540|0|532|1|0|
30|943|540|0|534|1|0|
30|943|540|0|535|1|0|
30|942|648|0|535|1|0|
30|946|540|0|532|1|0|
30|945|648|0|535|1|0|
30|952|648|0|535|1|0|
30|944|756|0|534|1|0|
30|950|864|0|535|1|0|
30|949|648|0|534|1|0|
30|947|540|0|535|1|0|
30|945|648|0|535|1|0|
30|943|540|0|535|1|0|
30|950|540|0|536|1|0|
30|1212|972|0|2015|1|0|
30|1092|756|0|1800|1|0|
30|1145|756|0|1667|1|0|
30|946|756|0|535|1|0|
30|982|756|0|535|1|0|
30|985|540|0|534|1|0|
30|944|432|0|535|1|0|
30|957|648|0|534|1|0|
30|947|648|0|535|1|0|
30|952|756|0|532|1|0|
30|943|756|0|535|1|0|
30|954|648|0|535|1|0|
30|973|972|0|534|1|0|
30|944|756|0|535|1|0|
30|945|648|0|535|1|0|
30|943|648|0|534|1|0|
30|943|756|0|535|1|0|
30|946|540|0|534|1|0|
30|953|756|0|534|1|0|
30|943|756|0|535|1|0|
30|942|864|0|535|1|0|
30|950|432|0|534|1|0|
30|947|540|0|535|1|0|
30|943|756|0|535|1|0|
30|944|648|0|534|1|0|
30|946|540|0|534|1|0|
30|943|648|0|535|1|0|
30|952|648|0|534|1|0|
30|1030|648|0|1013|1|0|
30|1065|756|0|1573|1|0|
30|948|648|0|532|1|0|
30|947|540|0|535|1|0|
30|944|432|0|535|1|0|
30|956|864|0|532|1|0|
30|947|864|0|535|1|0|
30|935|540|0|535|1|0|
30|957|540|0|535|1|0|
30|956|864|0|535|1|0|
30|955|648|0|535|1|0|
30|951|648|0|530|1|0|
30|947|648|0|535|1|0|
30|944|648|0|535|1|0|
30|944|648|0|535|1|0|
30|948|648|0|534|1|0|
30|945|648|0|535|1|0|
30|941|540|0|535|1|0|
30|950|756|0|537|1|0|
30|947|648|0|534|1|0|
30|948|648|0|534|1|0|
30|942|648|0|534|1|0|
30|947|540|0|534|1|0|
30|949|756|0|534|1|0|
30|952|648|0|535|1|0|
30|946|648|0|534|1|0|
30|943|756|0|535|1|0|
30|945|540|0|534|1|0|
30|949|540|0|534|1|0|
30|1168|864|0|1633|1|0|
30|1117|756|0|1314|1|0|
30|956|648|0|532|1|0|
30|952|648|0|531|1|0|
30|944|648|0|534|1|0|
30|945|540|0|535|1|0|
30|942|540|0|535|1|0|
30|947|540|0|535|1|0|
30|947|648|0|534|1|0|
30|953|648|0|535|1|0|
30|952|540|0|535|1|0|
30|941|648|0|535|1|0|
30|945|756|0|534|1|0|
30|944|756|0|535|1|0|
30|943|432|0|535|1|0|
30|991|756|0|535|1|0|
30|953|540|0|537|1|0|
30|949|648|0|534|1|0|
30|957|648|0|529|1|0|
30|941|540|0|535|1|0|
30|947|756|0|534|1|0|
30|950|756|0|535|1|0|
30|980|648|0|535|1|0|
30|949|648|0|535|1|0|
30|944|648|0|535|1|0|
30|951|648|0|534|1|0|
30|944|648|0|535|1|0|
30|951|648|0|535|1|0|
30|1159|864|0|1867|1|0|
30|1097|864|0|1020|1|0|
30|1108|756|0|1264|1|0|
30|951|540|0|535|1|0|
30|944|648|0|535|1|0|
30|939|432|0|535|1|0|
30|944|540|0|534|1|0|
30|947|540|0|535|1|0|
30|940|648|0|535|1|0|
30|945|432|0|535|1|0|
30|945|432|0|535|1|0|
30|937|648|0|534|1|0|
30|954|432|0|532|1|0|
30|954|756|0|535|1|0|
30|942|540|0|535|1|0|
30|944|864|0|535|1|0|
30|944|540|0|535|1|0|
30|955|864|0|535|1|0|
30|946|756|0|534|1|0|
30|954|756|0|535|1|0|
30|937|540|0|535|1|0|
30|947|648|0|535|1|0|
30|946|540|0|535|1|0|
30|942|648|0|535|1|0|
30|946|540|0|535|1|0|
30|946|648|0|535|1|0|
30|987|648|0|534|1|0|
30|948|540|0|534|1|0|
30|945|540|0|535|1|0|
30|1109|648|0|1077|1|0|
30|1755|972|0|1593|1|0|
30|946|540|0|533|1|0|
30|946|756|0|535|1|0|
30|942|648|0|535|1|0|
30|945|540|0|534|1|0|
30|949|648|0|534|1|0|
30|945|540|0|534|1|0|
30|946|432|0|534|1|0|
30|953|756|0|531|1|0|
30|945|756|0|535|1|0|
30|945|864|0|535|1|0|
30|942|648|0|535|1|0|
30|948|432|0|534|1|0|
30|943|432|0|534|1|0|
30|949|648|0|535|1|0|
30|945|432|0|535|1|0|
30|954|648|0|535|1|0|
30|943|648|0|535|1|0|
30|949|432|0|536|1|0|
30|946|648|0|535|1|0|
30|950|540|0|535|1|0|
30|947|648|0|535|1|0|
30|944|756|0|535|1|0|
30|946|648|0|535|1|0|
30|968|648|0|534|1|0|
30|980|648|0|534|1|0|
30|985|540|0|534|1|0|
30|945|540|0|535|1|0|
30|1081|756|0|747|1|0|
30|1138|756|0|1838|1|0|
30|1162|756|0|1878|1|0|
30|949|432|0|537|1|0|
30|948|756|0|534|1|0|
30|946|432|0|533|1|0|
30|947|756|0|534|1|0|
30|938|756|0|535|1|0|
30|943|648|0|534|1|0|
30|945|864|0|535|1|0|
30|943|540|0|533|1|0|
30|944|648|0|535|1|0|
30|942|648|0|534|1|0|
30|944|756|0|535|1|0|
30|946|648|0|535|1|0|
30|951|648|0|535|1|0|
30|939|432|0|535|1|0|
30|947|864|0|534|1|0|
30|949|540|0|534|1|0|
30|947|756|0|535|1|0|
30|948|648|0|534|1|0|
30|944|540|0|534|1|0|
30|953|540|0|535|1|0|
30|943|432|0|535|1|0|
30|943|756|0|535|1|0|
30|953|756|0|535|1|0|
30|946|648|0|534|1|0|
30|954|540|0|535|1|0|
30|948|540|0|535|1|0|
30|1123|756|0|1851|1|0|
30|1092|972|0|1359|1|0|
30|1115|756|0|1459|1|0|
30|941|540|0|535|1|0|
30|942|648|0|535|1|0|
30|955|432|0|535|1|0|
30|943|432|0|535|1|0|
30|956|756|0|534|1|0|
30|951|756|0|532|1|0|
30|951|540|0|535|1|0|
30|969|540|0|535|1|0|
30|943|648|0|535|1|0|
30|949|648|0|534|1|0|
30|943|648|0|535|1|0|
30|944|540|0|535|1|0|
30|943|648|0|535|1|0|
30|940|756|0|535|1|0|
30|944|756|0|534|1|0|
30|944|648|0|535|1|0|
30|944|648|0|534|1|0|
30|955|648|0|534|1|0|
30|945|648|0|534|1|0|
30|954|648|0|535|1|0|
30|946|756|0|534|1|0|
30|1078|648|0|535|1|0|
30|943|648|0|535|1|0|
30|944|756|0|534|1|0|
30|947|540|0|535|1|0|
30|958|648|0|535|1|0|
30|1073|864|0|974|1|0|
30|1165|756|0|1717|1|0|
30|1069|648|0|1326|1|0|
30|937|756|0|535|1|0|
30|956|432|0|535|1|0|
30|975|432|0|534|1|0|
30|943|540|0|535|1|0|
30|945|540|0|535|1|0|
30|1325|864|0|664|1|0|
30|946|756|0|535|1|0|
30|948|540|0|535|1|0|
30|940|432|0|534|1|0|
30|937|540|0|535|1|0|
30|942|540|0|535|1|0|
30|946|756|0|534|1|0|
30|949|648|0|535|1|0|
30|947|540|0|535|1|0|
30|945|540|0|535|1|0|
30|956|648|0|535|1|0|
30|944|864|0|535|1|0|
30|945|756|0|535|1|0|
30|937|648|0|535|1|0|
30|950|648|0|535|1|0|
30|941|648|0|535|1|0|
30|940|540|0|535|1|0|
30|945|864|0|535|1|0|
30|1170|864|0|1670|1|0|
30|1079|648|0|1045|1|0|
30|1095|648|0|1785|1|0|
30|1102|648|0|1608|1|0|
30|953|648|0|532|1|0|
30|951|540|0|533|1|0|
30|949|972|0|536|1|0|
30|980|432|0|535|1|0|
30|945|648|0|534|1|0|
30|951|540|0|535|1|0|
30|983|756|0|535|1|0|
30|946|540|0|535|1|0|
30|945|648|0|535|1|0|
30|945|648|0|534|1|0|
30|950|540|0|535|1|0|
30|946|756|0|534|1|0|
30|946|432|0|534|1|0|
30|942|432|0|535|1|0|
30|953|540|0|534|1|0|
30|943|432|0|534|1|0|
30|1006|864|0|531|1|0|
30|949|648|0|535|1|0|
30|946|432|0|537|1|0|
30|943|648|0|534|1|0|
30|945|756|0|535|1|0|
30|950|540|0|535|1|0|
30|940|540|0|535|1|0|
30|956|648|0|532|1|0|
30|944|756|0|535|1|0|
30|1142|756|0|1002|1|0|
30|1107|756|0|1618|1|0|
30|1135|864|0|1748|1|0|
30|950|648|0|535|1|0|
30|946|648|0|533|1|0|
30|944|432|0|535|1|0|
30|947|648|0|534|1|0|
30|949|540|0|534|1|0|
30|949|540|0|535|1|0|
30|940|648|0|535|1|0|
30|944|864|0|534|1|0|
30|952|756|0|535|1|0|
30|948|756|0|535|1|0|
30|943|540|0|535|1|0|
30|945|432|0|535|1|0|
30|946|756|0|535|1|0|
30|944|648|0|534|1|0|
30|949|540|0|535|1|0|
30|941|540|0|535|1|0|
30|943|864|0|535|1|0|
30|949|432|0|534|1|0|
30|946|756|0|535|1|0|
30|946|756|0|534|1|0|
30|946|648|0|534|1|0|
30|945|432|0|534|1|0|
30|945|648|0|534|1|0|
30|950|540|0|531|1|0|
30|945|540|0|534|1|0|
30|953|756|0|535|1|0|
30|1119|648|0|1014|1|0|
30|1114|756|0|1491|1|0|
30|939|648|0|535|1|0|
30|944|432|0|534|1|0|
30|945|540|0|535|1|0|
30|942|432|0|533|1|0|
30|960|756|0|534|1|0|
30|935|432|0|535|1|0|
30|946|756|0|534|1|0|
30|956|864|0|534|1|0|
30|949|756|0|534|1|0|
30|945|648|0|535|1|0|
30|947|432|0|535|1|0|
30|947|864|0|534|1|0|
30|953|648|0|532|1|0|
30|950|648|0|535|1|0|
30|944|540|0|535|1|0|
30|943|648|0|535|1|0|
30|950|648|0|533|1|0|
30|951|540|0|535|1|0|
30|944|864|0|534|1|0|
30|952|540|0|535|1|0|
30|948|756|0|533|1|0|
30|944|648|0|534|1|0|
30|943|540|0|534|1|0|
30|940|432|0|534|1|0|
30|946|540|0|534|1|0|
30|1144|756|0|1798|1|0|
30|1181|648|0|1629|1|0|
30|1165|648|0|1899|1|0|
30|948|540|0|534|1|0|
30|948|648|0|534|1|0|
30|954|540|0|532|1|0|
30|938|648|0|534|1|0|
30|947|432|0|534|1|0|
30|941|540|0|535|1|0|
30|948|864|0|534|1|0|
30|951|540|0|534|1|0|
30|948|756|0|534|1|0|
30|947|648|0|534|1|0|
30|940|648|0|535|1|0|
30|945|648|0|535|1|0|
30|941|540|0|535|1|0|
30|944|864|0|535|1|0|
30|943|540|0|535|1|0|
30|948|540|0|535|1|0|
30|944|756|0|534|1|0|
30|944|648|0|535|1|0|
30|947|648|0|535|1|0|
30|949|648|0|534|1|0|
30|955|540|0|534|1|0|
30|949|648|0|535|1|0|
30|949|756|0|535|1|0|
30|948|540|0|535|1|0|
30|950|432|0|535|1|0|
30|950|540|0|535|1|0|
30|1110|540|0|1898|1|0|
30|1109|756|0|1872|1|0|
30|1090|648|0|1644|1|0|
30|940|648|0|534|1|0|
30|952|540|0|535|1|0|
30|946|432|0|535|1|0|
30|956|756|0|532|1|0|
30|944|432|0|535|1|0|
30|951|540|0|534|1|0|
30|950|864|0|535|1|0|
30|960|648|0|534|1|0|
30|992|648|0|531|1|0|
30|943|540|0|535|1|0|
30|945|540|0|535|1|0|
30|951|756|0|535|1|0|
30|946|432|0|535|1|0|
30|947|648|0|535|1|0|
30|945|648|0|535|1|0|
30|942|540|0|534|1|0|
30|943|432|0|535|1|0|
30|947|756|0|535|1|0|
30|942|648|0|533|1|0|
30|942|540|0|534|1|0|
30|953|756|0|535|1|0|
30|944|540|0|535|1|0|
30|954|756|0|535|1|0|
30|944|540|0|535|1|0|
30|944|648|0|535|1|0|
30|942|864|0|535|1|0|
30|1101|756|0|1850|1|0|
30|1121|756|0|1799|1|0|
30|1098|756|0|1856|1|0|
30|938|756|0|535|1|0|
30|947|756|0|535|1|0|
30|943|648|0|535|1|0|
30|943|648|0|535|1|0|
30|950|540|0|535|1|0|
30|954|648|0|532|1|0|
30|943|648|0|535|1|0|
30|946|432|0|534|1|0|
30|946|756|0|534|1|0|
30|946|648|0|534|1|0|
30|949|648|0|535|1|0|
30|951|648|0|534|1|0|
30|946|540|0|535|1|0|
30|952|540|0|535|1|0|
30|947|648|0|535|1|0|
30|943|648|0|535|1|0|
30|949|432|0|534|1|0|
30|945|540|0|535|1|0|
30|977|864|0|534|1|0|
30|945|432|0|535|1|0|
30|944|648|0|535|1|0|
30|946|648|0|534|1|0|
30|948|432|0|534|1|0|
30|946|432|0|535|1|0|
30|991|540|0|532|1|0|
30|938|432|0|535|1|0|
30|1140|864|0|975|1|0|
30|1110|864|0|1241|1|0|
30|940|648|0|535|1|0|
30|947|540|0|534|1|0|
30|947|540|0|534|1|0|
30|947|756|0|534|1|0|
30|952|648|0|534|1|0|
30|944|432|0|535|1|0|
30|945|756|0|535|1|0|
30|947|432|0|534|1|0|
30|947|756|0|535|1|0|
30|950|432|0|535|1|0|
30|953|648|0|536|1|0|
30|947|756|0|535|1|0|
30|944|648|0|535|1|0|
30|946|756|0|534|1|0|
30|954|648|0|532|1|0|
30|952|540|0|535|1|0|
30|943|540|0|535|1|0|
30|954|540|0|532|1|0|
30|949|864|0|535|1|0|
30|947|648|0|535|1|0|
30|946|540|0|534|1|0|
30|941|864|0|535|1|0|
30|944|648|0|535|1|0|
30|942|648|0|535|1|0|
30|943|432|0|535|1|0|
30|1126|648|0|1877|1|0|
30|1096|648|0|1898|1|0|
30|1105|648|0|1163|1|0|
30|945|648|0|535|1|0|
30|940|864|0|534|1|0|
30|941|540|0|535|1|0|
30|951|756|0|535|1|0|
30|987|648|0|535|1|0|
30|943|648|0|535|1|0|
30|946|540|0|534|1|0|
30|944|648|0|535|1|0|
30|939|540|0|535|1|0|
30|984|432|0|535|1|0|
30|950|756|0|534|1|0|
30|942|648|0|534|1|0|
30|948|432|0|534|1|0|
30|939|540|0|535|1|0|
30|947|540|0|535|1|0|
30|943|540|0|535|1|0|
30|950|648|0|535|1|0|
30|943|756|0|535|1|0|
30|944|648|0|535|1|0|
30|945|648|0|535|1|0|
30|950|648|0|534|1|0|
30|937|540|0|534|1|0|
30|943|756|0|535|1|0|
30|1163|756|0|1888|1|0|
30|1067|756|0|1163|1|0|
30|1089|648|0|983|1|0|
30|938|540|0|535|1|0|
30|943|540|0|534|1|0|
30|950|648|0|534|1|0|
30|946|648|0|534|1|0|
30|944|648|0|535|1|0|
30|944|540|0|534|1|0|
30|953|864|0|534|1|0|
30|944|648|0|534|1|0|
30|945|648|0|535|1|0|
30|944|648|0|534|1|0|
30|946|648|0|535|1|0|
30|943|540|0|535|1|0|
30|952|756|0|535|1|0|
30|943|432|0|534|1|0|
30|944|540|0|535|1|0|
30|948|648|0|535|1|0|
30|980|540|0|535|1|0|
30|949|648|0|534|1|0|
30|948|540|0|535|1|0|
30|943|648|0|535|1|0|
30|945|648|0|534|1|0|
30|943|648|0|534|1|0|
30|941|756|0|535|1|0|
30|946|648|0|533|1|0|
30|949|540|0|535|1|0|
30|947|756|0|535|1|0|
30|1108|756|0|1703|1|0|
30|1078|648|0|1645|1|0|
30|1086|540|0|1290|1|0|
30|942|648|0|535|1|0|
30|954|540|0|536|1|0|
30|946|540|0|535|1|0|
30|948|432|0|535|1|0|
30|975|756|0|535|1|0|
30|948|648|0|533|1|0|
30|950|432|0|534|1|0|
30|951|648|0|535|1|0|
30|955|540|0|535|1|0|
30|947|540|0|535|1|0|
30|947|756|0|535|1|0|
30|947|648|0|533|1|0|
30|957|756|0|535|1|0|
30|955|864|0|535|1|0|
30|949|648|0|537|1|0|
30|956|756|0|534|1|0|
30|950|540|0|535|1|0|
30|944|648|0|534|1|0|
30|947|756|0|535|1|0|
30|945|540|0|535|1|0|
30|978|648|0|534|1|0|
30|955|864|0|533|1|0|
30|948|648|0|535|1|0|
30|951|540|0|534|1|0|
30|944|756|0|534|1|0|
30|949|756|0|534|1|0|
30|960|648|0|537|1|0|
30|951|756|0|535|1|0|
30|947|756|0|535|1|0|
30|943|540|0|535|1|0|
30|1105|756|0|716|1|0|
30|946|432|0|535|1|0|
30|959|540|0|534|1|0|
30|945|648|0|534|1|0|
30|941|972|0|535|1|0|
30|944|648|0|534|1|0|
30|946|432|0|534|1|0|
30|949|648|0|534|1|0|
30|946|648|0|535|1|0|
30|950|648|0|535|1|0|
30|955|648|0|535|1|0|
30|949|756|0|534|1|0|
30|954|648|0|534|1|0|
30|949|540|0|534|1|0|
30|948|756|0|535|1|0|
30|948|756|0|535|1|0|
30|948|540|0|534|1|0|
30|948|648|0|534|1|0|
30|950|756|0|533|1|0|
30|950|648|0|534|1|0|
