INSTRUCTIONS_RETIRED|CYCLES|UNKNOWN|LD_BLOCKS.STORE_FORWARD|UOPS_EXECUTED.CORE|BR_MISP_RETIRED.ALL_BRANCHES|UOPS_ISSUED.SINGLE_MUL|
30|980|648|0|535|1|0|
30|948|756|0|535|1|0|
30|946|540|0|534|1|0|
30|946|540|0|534|1|0|
30|954|756|0|535|1|0|
30|944|540|0|534|1|0|
30|945|756|0|534|1|0|
30|943|648|0|535|1|0|
30|943|432|0|535|1|0|
30|944|540|0|535|1|0|
30|937|540|0|535|1|0|
30|1217|648|0|2218|1|0|
30|1096|756|0|2034|1|0|
30|947|540|0|535|1|0|
30|942|648|0|535|1|0|
30|943|648|0|535|1|0|
30|1152|756|0|2441|1|0|
30|1089|648|0|2132|1|0|
30|1151|864|0|2243|1|0|
30|1114|756|0|2089|1|0|
30|1104|864|0|2303|1|0|
30|1127|756|0|2380|1|0|
30|1127|540|0|2387|1|0|
30|1109|756|0|2301|1|0|
30|1113|540|0|2188|1|0|
30|1119|756|0|2368|1|0|
30|1115|972|0|2302|1|0|
30|943|648|0|535|1|0|
30|1093|648|0|2164|1|0|
30|1120|864|0|2439|1|0|
30|1144|756|0|2471|1|0|
30|1113|648|0|2336|1|0|
30|1119|864|0|2216|1|0|
30|1123|864|0|2461|1|0|
30|1154|756|0|2648|1|0|
30|1137|864|0|2546|1|0|
30|1126|648|0|1729|1|0|
30|1117|540|0|2328|1|0|
30|1110|540|0|1846|1|0|
30|937|540|0|533|1|0|
30|945|756|0|534|1|0|
30|944|648|0|535|1|0|
30|946|540|0|535|1|0|
30|982|756|0|534|1|0|
30|949|540|0|537|1|0|
30|957|648|0|531|1|0|
30|1174|864|0|1996|1|0|
30|1004|648|0|642|1|0|
30|950|648|0|535|1|0|
30|944|540|0|535|1|0|
30|957|432|0|534|1|0|
30|948|432|0|535|1|0|
30|942|864|0|533|1|0|
30|949|648|0|535|1|0|
30|943|648|0|535|1|0|
30|945|432|0|535|1|0|
30|946|432|0|535|1|0|
30|944|540|0|534|1|0|
30|944|540|0|535|1|0|
30|945|648|0|535|1|0|
30|948|540|0|535|1|0|
30|944|432|0|535|1|0|
30|945|432|0|535|1|0|
30|949|432|0|535|1|0|
30|951|756|0|536|1|0|
30|947|540|0|534|1|0|
30|945|540|0|534|1|0|
30|948|648|0|535|1|0|
30|944|432|0|534|1|0|
30|956|432|0|535|1|0|
30|948|864|0|535|1|0|
30|949|648|0|537|1|0|
30|943|648|0|535|1|0|
30|942|648|0|535|1|0|
30|941|540|0|535|1|0|
30|951|540|0|537|1|0|
30|947|432|0|535|1|0|
30|946|540|0|535|1|0|
30|943|540|0|535|1|0|
30|948|540|0|535|1|0|
30|945|648|0|535|1|0|
30|1033|432|0|536|1|0|
30|945|756|0|534|1|0|
30|947|648|0|535|1|0|
30|946|432|0|535|1|0|
30|948|648|0|534|1|0|
30|953|756|0|535|1|0|
30|945|432|0|535|1|0|
30|947|432|0|535|1|0|
30|943|432|0|532|1|0|
30|944|756|0|535|1|0|
30|944|540|0|535|1|0|
30|948|540|0|535|1|0|
30|947|540|0|534|1|0|
30|977|648|0|534|1|0|
30|949|648|0|535|1|0|
30|957|648|0|535|1|0|
30|953|756|0|534|1|0|
30|944|540|0|535|1|0|
30|946|648|0|534|1|0|
30|947|540|0|535|1|0|
30|955|864|0|535|1|0|
30|944|540|0|535|1|0|
30|951|540|0|536|1|0|
30|943|432|0|535|1|0|
30|1138|864|0|1837|1|0|
30|1192|864|0|1892|1|0|
30|1120|864|0|1304|1|0|
30|949|432|0|534|1|0|
30|943|432|0|535|1|0|
30|942|540|0|535|1|0|
30|942|540|0|534|1|0|
30|951|648|0|534|1|0|
30|949|540|0|535|1|0|
30|953|648|0|535|1|0|
30|945|432|0|535|1|0|
30|951|756|0|535|1|0|
30|945|540|0|535|1|0|
30|948|540|0|534|1|0|
30|943|540|0|535|1|0|
30|948|540|0|534|1|0|
30|948|432|0|534|1|0|
30|958|540|0|534|1|0|
30|946|648|0|534|1|0|
30|955|648|0|534|1|0|
30|954|864|0|532|1|0|
30|946|540|0|535|1|0|
30|959|432|0|535|1|0|
30|953|540|0|537|1|0|
30|991|540|0|537|1|0|
30|936|648|0|535|1|0|
30|943|648|0|535|1|0|
30|947|756|0|533|1|0|
30|946|432|0|534|1|0|
30|1154|864|0|1853|1|0|
30|1076|864|0|1646|1|0|
30|1127|864|0|1992|1|0|
30|939|648|0|535|1|0|
30|940|648|0|535|1|0|
30|949|540|0|535|1|0|
30|945|648|0|535|1|0|
30|942|648|0|535|1|0|
30|946|540|0|535|1|0|
30|951|756|0|535|1|0|
30|944|756|0|535|1|0|
30|942|540|0|534|1|0|
30|945|648|0|535|1|0|
30|945|648|0|535|1|0|
30|975|540|0|534|1|0|
30|942|432|0|535|1|0|
30|948|864|0|535|1|0|
30|952|540|0|534|1|0|
30|941|432|0|535|1|0|
30|953|432|0|535|1|0|
30|945|756|0|534|1|0|
30|977|756|0|534|1|0|
30|941|432|0|534|1|0|
30|945|540|0|535|1|0|
30|945|648|0|535|1|0|
30|944|756|0|534|1|0|
30|944|540|0|533|1|0|
30|950|756|0|535|1|0|
30|947|540|0|535|1|0|
30|946|432|0|535|1|0|
30|949|756|0|534|1|0|
30|947|540|0|535|1|0|
30|943|648|0|535|1|0|
30|965|540|0|537|1|0|
30|1051|756|0|834|1|0|
30|1122|648|0|1689|1|0|
30|1138|648|0|1702|1|0|
30|941|648|0|535|1|0|
30|938|540|0|535|1|0|
31|1800|1080|0|1767|1|0|
30|944|540|0|535|1|0|
30|949|432|0|535|1|0|
30|951|540|0|535|1|0|
30|947|648|0|535|1|0|
30|941|540|0|535|1|0|
30|943|540|0|534|1|0|
30|943|432|0|535|1|0|
30|948|648|0|532|1|0|
30|943|432|0|535|1|0|
30|941|540|0|535|1|0|
30|954|648|0|535|1|0|
30|943|540|0|534|1|0|
30|955|648|0|534|1|0|
30|945|648|0|535|1|0|
30|943|864|0|535|1|0|
30|950|756|0|534|1|0|
30|941|756|0|535|1|0|
30|950|540|0|535|1|0|
30|944|432|0|535|1|0|
30|946|432|0|534|1|0|
30|943|432|0|535|1|0|
30|943|648|0|535|1|0|
30|1098|648|0|1364|1|0|
30|1117|756|0|1163|1|0|
30|940|540|0|534|1|0|
30|948|648|0|537|1|0|
30|949|540|0|534|1|0|
30|951|648|0|535|1|0|
30|947|432|0|535|1|0|
30|954|432|0|534|1|0|
30|955|864|0|535|1|0|
30|955|756|0|535|1|0|
30|946|540|0|535|1|0|
30|943|648|0|535|1|0|
30|944|648|0|534|1|0|
30|954|756|0|535|1|0|
30|946|540|0|535|1|0|
30|949|756|0|537|1|0|
30|943|540|0|535|1|0|
30|955|648|0|535|1|0|
30|945|540|0|533|1|0|
30|950|756|0|534|1|0|
30|950|432|0|534|1|0|
30|947|648|0|534|1|0|
30|946|540|0|535|1|0|
30|943|432|0|533|1|0|
30|944|864|0|535|1|0|
30|952|648|0|535|1|0|
30|943|756|0|534|1|0|
30|944|540|0|535|1|0|
30|1133|756|0|1803|1|0|
30|1158|648|0|1855|1|0|
30|1082|756|0|974|1|0|
30|944|540|0|535|1|0|
30|948|540|0|535|1|0|
30|950|540|0|534|1|0|
30|945|540|0|535|1|0|
30|945|432|0|535|1|0|
30|943|540|0|535|1|0|
30|946|540|0|534|1|0|
30|942|432|0|535|1|0|
30|953|540|0|535|1|0|
30|939|756|0|535|1|0|
30|954|540|0|532|1|0|
30|947|540|0|534|1|0|
30|956|756|0|535|1|0|
30|946|648|0|534|1|0|
30|947|432|0|536|1|0|
30|954|432|0|534|1|0|
30|941|540|0|535|1|0|
30|943|756|0|535|1|0|
30|946|432|0|534|1|0|
30|948|432|0|535|1|0|
30|947|540|0|535|1|0|
30|947|540|0|535|1|0|
30|975|432|0|535|1|0|
30|953|432|0|531|1|0|
30|946|648|0|534|1|0|
30|1131|864|0|1755|1|0|
30|1104|756|0|1267|1|0|
30|1209|648|0|1569|1|0|
30|970|756|0|534|1|0|
30|942|648|0|535|1|0|
30|944|648|0|534|1|0|
30|947|540|0|535|1|0|
30|954|432|0|532|1|0|
30|947|648|0|535|1|0|
30|956|540|0|534|1|0|
30|953|540|0|535|1|0|
30|943|432|0|534|1|0|
30|945|540|0|535|1|0|
30|944|540|0|535|1|0|
30|949|540|0|536|1|0|
30|957|756|0|534|1|0|
30|947|648|0|535|1|0|
30|949|648|0|534|1|0|
30|945|648|0|534|1|0|
30|941|540|0|535|1|0|
30|947|756|0|534|1|0|
30|944|648|0|535|1|0|
30|948|432|0|534|1|0|
30|944|648|0|534|1|0|
30|941|648|0|535|1|0|
30|952|540|0|534|1|0|
30|951|756|0|534|1|0|
30|948|540|0|535|1|0|
30|945|540|0|535|1|0|
30|946|648|0|535|1|0|
30|1141|864|0|1306|1|0|
30|1851|1080|0|1543|1|0|
30|1137|864|0|1768|1|0|
30|975|864|0|534|1|0|
30|953|864|0|534|1|0|
30|961|432|0|533|1|0|
30|955|540|0|534|1|0|
30|947|432|0|534|1|0|
30|954|648|0|534|1|0|
30|951|432|0|533|1|0|
30|948|864|0|534|1|0|
30|941|756|0|535|1|0|
30|942|648|0|535|1|0|
30|952|756|0|534|1|0|
30|948|756|0|535|1|0|
30|947|648|0|535|1|0|
30|944|540|0|535|1|0|
30|955|756|0|534|1|0|
30|946|648|0|534|1|0|
30|950|432|0|535|1|0|
30|944|432|0|535|1|0|
30|947|648|0|534|1|0|
30|950|540|0|535|1|0|
30|936|540|0|535|1|0|
30|942|648|0|535|1|0|
30|945|432|0|534|1|0|
30|951|540|0|535|1|0|
30|975|864|0|534|1|0|
30|950|540|0|534|1|0|
30|1116|648|0|1620|1|0|
30|1168|756|0|1699|1|0|
30|1163|648|0|1596|1|0|
30|938|540|0|535|1|0|
30|945|540|0|535|1|0|
30|949|540|0|535|1|0|
30|944|540|0|535|1|0|
30|948|432|0|534|1|0|
30|945|540|0|534|1|0|
30|944|756|0|535|1|0|
30|952|648|0|532|1|0|
30|939|648|0|535|1|0|
30|947|432|0|534|1|0|
30|946|432|0|534|1|0|
30|943|756|0|535|1|0|
30|984|432|0|533|1|0|
30|954|540|0|531|1|0|
30|946|648|0|535|1|0|
30|948|648|0|535|1|0|
30|942|648|0|534|1|0|
30|943|540|0|535|1|0|
30|973|540|0|534|1|0|
30|942|648|0|534|1|0|
30|951|540|0|534|1|0|
30|948|648|0|535|1|0|
30|943|540|0|534|1|0|
30|945|864|0|534|1|0|
30|941|648|0|535|1|0|
30|946|540|0|535|1|0|
30|1157|756|0|1891|1|0|
30|952|540|0|535|1|0|
30|945|864|0|535|1|0|
30|951|432|0|534|1|0|
30|946|864|0|535|1|0|
30|959|540|0|534|1|0|
30|943|648|0|534|1|0|
30|945|432|0|535|1|0|
30|950|540|0|535|1|0|
30|945|756|0|534|1|0|
30|960|432|0|535|1|0|
30|951|648|0|535|1|0|
30|946|864|0|535|1|0|
30|956|540|0|532|1|0|
30|947|756|0|534|1|0|
30|948|540|0|536|1|0|
30|952|648|0|537|1|0|
30|948|540|0|535|1|0|
30|947|864|0|535|1|0|
30|946|648|0|534|1|0|
30|954|540|0|535|1|0|
30|944|648|0|534|1|0|
30|945|540|0|534|1|0|
30|954|432|0|531|1|0|
30|943|540|0|535|1|0|
30|949|540|0|534|1|0|
30|946|540|0|535|1|0|
30|973|432|0|534|1|0|
30|946|648|0|534|1|0|
30|943|648|0|535|1|0|
30|946|540|0|535|1|0|
30|944|540|0|535|1|0|
30|943|756|0|535|1|0|
30|946|648|0|535|1|0|
30|946|432|0|533|1|0|
30|944|756|0|535|1|0|
30|955|540|0|532|1|0|
30|942|648|0|534|1|0|
30|946|648|0|535|1|0|
30|947|432|0|534|1|0|
30|946|540|0|535|1|0|
30|942|648|0|535|1|0|
30|943|648|0|534|1|0|
30|993|432|0|535|1|0|
30|953|540|0|535|1|0|
30|946|648|0|535|1|0|
30|947|648|0|535|1|0|
30|942|540|0|534|1|0|
30|939|648|0|535|1|0|
30|946|756|0|535|1|0|
30|946|648|0|535|1|0|
30|985|540|0|535|1|0|
30|947|432|0|535|1|0|
30|945|540|0|535|1|0|
30|958|540|0|534|1|0|
30|943|756|0|535|1|0|
30|945|540|0|535|1|0|
30|951|648|0|535|1|0|
30|956|432|0|534|1|0|
30|945|432|0|535|1|0|
30|951|648|0|535|1|0|
30|946|756|0|535|1|0|
30|956|864|0|535|1|0|
30|948|432|0|535|1|0|
30|956|540|0|535|1|0|
30|947|648|0|535|1|0|
30|952|648|0|534|1|0|
30|938|432|0|535|1|0|
30|947|540|0|535|1|0|
30|948|648|0|535|1|0|
30|954|540|0|535|1|0|
30|943|648|0|534|1|0|
30|943|540|0|535|1|0|
30|943|648|0|535|1|0|
30|946|432|0|535|1|0|
30|946|540|0|534|1|0|
30|950|432|0|535|1|0|
30|951|648|0|535|1|0|
30|949|432|0|534|1|0|
30|946|864|0|534|1|0|
30|978|756|0|535|1|0|
30|951|648|0|537|1|0|
30|947|540|0|535|1|0|
30|954|540|0|534|1|0|
30|947|756|0|534|1|0|
30|949|648|0|535|1|0|
30|945|864|0|535|1|0|
30|944|432|0|534|1|0|
30|946|540|0|535|1|0|
30|946|756|0|534|1|0|
30|949|540|0|537|1|0|
30|953|432|0|535|1|0|
30|947|432|0|535|1|0|
30|977|648|0|534|1|0|
30|949|432|0|535|1|0|
30|945|432|0|535|1|0|
30|947|540|0|535|1|0|
30|949|648|0|534|1|0|
30|941|648|0|535|1|0|
30|989|540|0|531|1|0|
30|949|540|0|534|1|0|
30|945|756|0|535|1|0|
30|947|540|0|534|1|0|
30|954|864|0|531|1|0|
30|951|648|0|537|1|0|
30|952|432|0|535|1|0|
30|988|648|0|537|1|0|
30|953|432|0|535|1|0|
30|944|432|0|535|1|0|
30|942|756|0|535|1|0|
30|952|432|0|535|1|0|
30|942|540|0|535|1|0|
30|949|864|0|536|1|0|
30|947|648|0|537|1|0|
30|945|540|0|534|1|0|
30|981|648|0|535|1|0|
30|954|540|0|535|1|0|
30|948|432|0|534|1|0|
30|944|756|0|535|1|0|
30|948|540|0|535|1|0|
30|953|540|0|532|1|0|
30|947|540|0|534|1|0|
30|963|540|0|534|1|0|
30|946|540|0|534|1|0|
30|958|540|0|535|1|0|
30|944|648|0|535|1|0|
30|945|756|0|534|1|0|
30|941|648|0|535|1|0|
30|945|540|0|535|1|0|
30|949|540|0|537|1|0|
30|945|540|0|534|1|0|
30|947|540|0|535|1|0|
30|948|432|0|534|1|0|
30|951|648|0|535|1|0|
30|945|648|0|535|1|0|
30|948|648|0|535|1|0|
30|944|648|0|533|1|0|
30|981|540|0|535|1|0|
30|944|756|0|535|1|0|
30|944|864|0|535|1|0|
30|985|648|0|535|1|0|
30|944|540|0|534|1|0|
30|947|432|0|535|1|0|
30|946|540|0|535|1|0|
30|944|432|0|535|1|0|
30|941|648|0|535|1|0|
30|950|648|0|535|1|0|
30|949|648|0|535|1|0|
30|945|756|0|534|1|0|
30|948|756|0|535|1|0|
30|956|756|0|532|1|0|
30|946|432|0|534|1|0|
30|943|432|0|535|1|0|
30|947|540|0|535|1|0|
30|941|432|0|535|1|0|
30|946|540|0|535|1|0|
30|946|756|0|535|1|0|
30|945|540|0|535|1|0|
30|946|540|0|535|1|0|
30|953|648|0|535|1|0|
30|942|540|0|533|1|0|
30|945|540|0|535|1|0|
30|944|540|0|534|1|0|
30|946|972|0|534|1|0|
30|950|540|0|535|1|0|
30|944|756|0|535|1|0|
30|978|432|0|534|1|0|
30|947|864|0|534|1|0|
30|946|432|0|535|1|0|
30|948|432|0|535|1|0|
30|977|432|0|535|1|0|
30|947|540|0|535|1|0|
30|948|540|0|535|1|0|
30|943|648|0|533|1|0|
30|944|432|0|535|1|0|
30|945|540|0|535|1|0|
30|950|648|0|534|1|0|
30|946|756|0|534|1|0|
30|953|540|0|535|1|0|
30|946|648|0|534|1|0|
30|953|756|0|537|1|0|
30|945|648|0|534|1|0|
30|955|432|0|534|1|0|
30|953|540|0|535|1|0|
30|956|648|0|532|1|0|
30|945|648|0|535|1|0|
30|941|648|0|535|1|0|
30|945|756|0|535|1|0|
30|948|864|0|535|1|0|
30|948|540|0|534|1|0|
30|953|864|0|535|1|0|
30|951|864|0|537|1|0|
30|953|648|0|535|1|0|
30|940|648|0|534|1|0|
30|944|432|0|535|1|0|
30|947|540|0|535|1|0|
30|948|540|0|535|1|0|
30|945|756|0|534|1|0|
30|945|540|0|534|1|0|
30|943|648|0|535|1|0|
30|981|972|0|535|1|0|
30|943|540|0|535|1|0|
30|946|432|0|535|1|0|
30|948|540|0|535|1|0|
30|944|756|0|535|1|0|
30|954|540|0|534|1|0|
30|961|648|0|535|1|0|
30|950|432|0|535|1|0|
30|957|756|0|535|1|0|
30|945|648|0|534|1|0|
30|955|648|0|534|1|0|
30|948|648|0|534|1|0|
30|949|648|0|535|1|0|
30|944|648|0|534|1|0|
30|947|648|0|535|1|0|
30|945|648|0|535|1|0|
30|954|648|0|535|1|0|
30|944|648|0|534|1|0|
30|959|648|0|535|1|0|
30|946|540|0|533|1|0|
30|953|648|0|535|1|0|
30|944|648|0|535|1|0|
30|954|648|0|532|1|0|
30|949|540|0|535|1|0|
30|952|432|0|534|1|0|
30|944|648|0|535|1|0|
30|944|648|0|534|1|0|
30|954|756|0|533|1|0|
30|948|648|0|537|1|0|
30|945|972|0|534|1|0|
30|946|540|0|535|1|0|
30|983|648|0|535|1|0|
30|943|648|0|535|1|0|
30|949|648|0|534|1|0|
30|945|756|0|534|1|0|
30|945|540|0|534|1|0|
30|945|540|0|535|1|0|
30|943|540|0|535|1|0|
30|948|540|0|535|1|0|
30|960|756|0|537|1|0|
30|958|540|0|535|1|0|
30|945|756|0|534|1|0|
30|948|648|0|535|1|0|
30|954|756|0|535|1|0|
30|951|756|0|535|1|0|
30|944|540|0|534|1|0|
30|944|648|0|534|1|0|
30|949|648|0|535|1|0|
30|947|540|0|534|1|0|
30|952|432|0|537|1|0|
30|952|540|0|536|1|0|
30|977|756|0|535|1|0|
30|946|648|0|535|1|0|
30|947|432|0|535|1|0|
30|949|864|0|535|1|0|
30|946|864|0|535|1|0|
30|952|432|0|535|1|0|
30|951|432|0|535|1|0|
30|948|540|0|535|1|0|
30|946|432|0|535|1|0|
30|963|648|0|537|1|0|
30|946|540|0|535|1|0|
30|952|540|0|535|1|0|
30|944|864|0|534|1|0|
30|947|540|0|534|1|0|
30|941|648|0|535|1|0|
30|945|540|0|534|1|0|
30|944|540|0|534|1|0|
30|952|648|0|534|1|0|
30|948|756|0|535|1|0|
30|944|540|0|535|1|0|
30|947|648|0|535|1|0|
30|946|432|0|535|1|0|
30|946|540|0|535|1|0|
30|946|540|0|535|1|0|
30|943|648|0|534|1|0|
30|945|648|0|535|1|0|
30|946|540|0|535|1|0|
30|945|540|0|534|1|0|
30|946|756|0|535|1|0|
30|945|432|0|535|1|0|
30|948|432|0|534|1|0|
30|948|648|0|535|1|0|
30|961|540|0|534|1|0|
30|946|432|0|535|1|0|
30|944|432|0|534|1|0|
30|952|648|0|535|1|0|
30|949|540|0|534|1|0|
30|943|432|0|535|1|0|
30|942|864|0|535|1|0|
30|945|648|0|534|1|0|
30|949|648|0|535|1|0|
30|947|648|0|535|1|0|
30|956|756|0|534|1|0|
30|948|756|0|534|1|0|
30|945|432|0|533|1|0|
30|943|540|0|535|1|0|
30|944|540|0|535|1|0|
30|944|540|0|535|1|0|
30|942|648|0|535|1|0|
30|947|540|0|534|1|0|
30|944|540|0|535|1|0|
30|946|540|0|535|1|0|
30|941|648|0|535|1|0|
30|944|648|0|534|1|0|
30|963|540|0|537|1|0|
30|951|972|0|534|1|0|
30|978|756|0|535|1|0|
30|951|432|0|534|1|0|
30|939|540|0|535|1|0|
30|946|648|0|535|1|0|
30|961|432|0|532|1|0|
30|954|648|0|535|1|0|
30|946|756|0|535|1|0|
30|944|432|0|535|1|0|
30|943|648|0|535|1|0|
30|951|540|0|534|1|0|
30|942|540|0|534|1|0|
30|1131|864|0|1766|1|0|
30|1015|756|0|747|1|0|
30|1111|648|0|1150|1|0|
30|940|540|0|535|1|0|
30|945|756|0|535|1|0|
30|949|648|0|535|1|0|
30|945|432|0|534|1|0|
30|947|648|0|534|1|0|
30|940|540|0|535|1|0|
30|950|540|0|537|1|0|
30|945|540|0|537|1|0|
30|952|648|0|535|1|0|
30|959|432|0|536|1|0|
30|957|432|0|535|1|0|
30|944|432|0|535|1|0|
30|968|648|0|533|1|0|
30|944|756|0|535|1|0|
30|945|648|0|535|1|0|
30|949|864|0|535|1|0|
30|958|648|0|535|1|0|
30|951|540|0|534|1|0|
30|944|648|0|535|1|0|
30|959|540|0|534|1|0|
30|991|432|0|535|1|0|
30|952|540|0|534|1|0|
30|952|756|0|535|1|0|
30|957|540|0|535|1|0|
30|977|648|0|535|1|0|
30|1117|756|0|1857|1|0|
30|1098|648|0|1240|1|0|
30|1090|648|0|804|1|0|
30|941|540|0|534|1|0|
30|945|756|0|535|1|0|
30|942|648|0|535|1|0|
30|944|432|0|535|1|0|
30|946|432|0|535|1|0|
30|943|756|0|534|1|0|
30|943|864|0|534|1|0|
30|945|540|0|533|1|0|
30|955|648|0|535|1|0|
30|945|540|0|535|1|0|
30|944|756|0|535|1|0|
30|946|648|0|535|1|0|
30|941|540|0|535|1|0|
30|941|540|0|535|1|0|
30|937|540|0|535|1|0|
30|949|432|0|534|1|0|
30|949|540|0|537|1|0|
30|946|756|0|535|1|0|
30|942|540|0|535|1|0|
30|942|648|0|535|1|0|
30|953|540|0|535|1|0|
30|979|540|0|534|1|0|
30|951|648|0|534|1|0|
30|942|648|0|534|1|0|
30|1128|756|0|1817|1|0|
30|1134|648|0|1573|1|0|
30|1165|864|0|1950|1|0|
30|938|432|0|534|1|0|
30|947|540|0|535|1|0|
30|938|432|0|535|1|0|
30|945|648|0|534|1|0|
30|959|648|0|535|1|0|
30|942|648|0|535|1|0|
30|944|972|0|535|1|0|
30|943|540|0|535|1|0|
30|981|648|0|534|1|0|
30|946|432|0|535|1|0|
30|951|540|0|534|1|0|
30|946|756|0|535|1|0|
30|984|756|0|534|1|0|
30|947|648|0|534|1|0|
30|950|648|0|534|1|0|
30|945|540|0|535|1|0|
30|947|756|0|533|1|0|
30|954|648|0|535|1|0|
30|952|540|0|535|1|0|
30|949|540|0|535|1|0|
30|943|756|0|534|1|0|
30|946|432|0|535|1|0|
30|948|648|0|533|1|0|
30|943|540|0|535|1|0|
30|946|432|0|535|1|0|
30|955|864|0|532|1|0|
30|945|540|0|535|1|0|
30|1076|648|0|1676|1|0|
30|1148|864|0|1854|1|0|
30|939|540|0|534|1|0|
30|937|540|0|535|1|0|
30|940|648|0|534|1|0|
30|947|432|0|535|1|0|
30|954|540|0|535|1|0|
30|952|540|0|535|1|0|
30|944|756|0|533|1|0|
30|943|432|0|535|1|0|
30|951|540|0|535|1|0|
30|948|648|0|535|1|0|
30|946|756|0|534|1|0|
30|951|756|0|535|1|0|
30|948|648|0|534|1|0|
30|944|540|0|535|1|0|
30|945|432|0|534|1|0|
30|944|648|0|535|1|0|
30|954|432|0|535|1|0|
30|943|540|0|535|1|0|
30|951|432|0|535|1|0|
30|950|540|0|535|1|0|
30|947|540|0|535|1|0|
30|945|540|0|535|1|0|
30|946|540|0|535|1|0|
30|953|648|0|537|1|0|
30|950|540|0|533|1|0|
30|946|648|0|535|1|0|
30|1133|756|0|1620|1|0|
30|1159|756|0|924|1|0|
30|1113|756|0|1814|1|0|
30|936|540|0|535|1|0|
30|940|540|0|534|1|0|
30|969|756|0|534|1|0|
30|949|648|0|534|1|0|
30|948|648|0|534|1|0|
30|953|648|0|535|1|0|
30|943|540|0|534|1|0|
30|945|756|0|535|1|0|
30|945|540|0|535|1|0|
30|964|648|0|534|1|0|
30|941|540|0|535|1|0|
30|943|540|0|535|1|0|
30|943|756|0|535|1|0|
30|979|972|0|534|1|0|
30|939|540|0|535|1|0|
30|945|756|0|535|1|0|
30|965|648|0|535|1|0|
30|941|432|0|533|1|0|
30|947|432|0|532|1|0|
30|946|648|0|535|1|0|
30|943|756|0|535|1|0|
30|981|540|0|535|1|0|
30|947|432|0|537|1|0|
30|949|540|0|537|1|0|
30|945|432|0|535|1|0|
30|1166|540|0|1887|1|0|
30|1105|540|0|1767|1|0|
30|1139|864|0|1720|1|0|
30|946|540|0|534|1|0|
30|947|540|0|535|1|0|
30|946|540|0|535|1|0|
30|945|648|0|535|1|0|
30|944|648|0|535|1|0|
30|950|432|0|536|1|0|
30|951|864|0|534|1|0|
30|953|432|0|535|1|0|
30|945|540|0|535|1|0|
30|943|540|0|535|1|0|
30|947|432|0|534|1|0|
30|938|648|0|533|1|0|
30|945|648|0|533|1|0|
30|947|432|0|534|1|0|
30|941|648|0|535|1|0|
30|954|540|0|531|1|0|
30|948|648|0|535|1|0|
30|942|432|0|535|1|0|
30|950|540|0|534|1|0|
30|946|756|0|535|1|0|
30|953|540|0|534|1|0|
30|944|648|0|535|1|0|
30|945|540|0|534|1|0|
30|975|756|0|535|1|0|
30|946|432|0|534|1|0|
30|1075|756|0|889|1|0|
30|1150|864|0|1921|1|0|
30|1114|864|0|1836|1|0|
30|973|648|0|534|1|0|
30|945|432|0|534|1|0|
30|945|432|0|535|1|0|
30|945|540|0|533|1|0|
30|954|648|0|532|1|0|
30|944|648|0|535|1|0|
30|943|540|0|535|1|0|
30|950|972|0|535|1|0|
30|941|756|0|535|1|0|
30|955|864|0|534|1|0|
30|952|540|0|532|1|0|
30|948|432|0|535|1|0|
30|946|540|0|534|1|0|
30|947|540|0|534|1|0|
30|943|648|0|534|1|0|
30|948|540|0|535|1|0|
30|943|540|0|534|1|0|
30|946|540|0|534|1|0|
30|945|540|0|535|1|0|
30|953|864|0|532|1|0|
30|944|756|0|535|1|0|
30|982|648|0|535|1|0|
30|951|540|0|537|1|0|
30|948|648|0|537|1|0|
30|954|540|0|536|1|0|
30|944|864|0|535|1|0|
30|1061|648|0|1537|1|0|
30|1136|756|0|1740|1|0|
30|1122|756|0|1033|1|0|
30|955|540|0|532|1|0|
30|941|540|0|535|1|0|
30|946|540|0|534|1|0|
30|942|648|0|535|1|0|
30|955|432|0|534|1|0|
30|947|540|0|535|1|0|
30|946|432|0|535|1|0|
30|954|648|0|535|1|0|
30|945|540|0|535|1|0|
30|940|756|0|535|1|0|
30|944|756|0|537|1|0|
30|947|864|0|535|1|0|
30|944|756|0|535|1|0|
30|944|540|0|535|1|0|
30|949|540|0|534|1|0|
30|945|648|0|535|1|0|
30|945|432|0|535|1|0|
30|943|540|0|533|1|0|
30|941|648|0|535|1|0|
30|948|432|0|534|1|0|
30|948|540|0|535|1|0|
30|950|648|0|535|1|0|
30|943|432|0|534|1|0|
30|942|540|0|535|1|0|
30|949|540|0|534|1|0|
30|947|972|0|535|1|0|
30|1114|756|0|1717|1|0|
30|1080|540|0|1814|1|0|
30|1137|648|0|1898|1|0|
30|951|648|0|535|1|0|
30|945|648|0|535|1|0|
30|947|432|0|534|1|0|
30|974|432|0|534|1|0|
30|944|540|0|534|1|0|
30|947|756|0|535|1|0|
30|941|540|0|535|1|0|
30|948|432|0|534|1|0|
30|945|648|0|535|1|0|
30|948|540|0|535|1|0|
30|944|540|0|535|1|0|
30|946|432|0|532|1|0|
30|950|540|0|535|1|0|
30|942|864|0|535|1|0|
30|978|432|0|535|1|0|
30|947|432|0|533|1|0|
30|942|432|0|534|1|0|
30|950|648|0|535|1|0|
30|941|756|0|535|1|0|
30|943|432|0|535|1|0|
30|947|540|0|534|1|0|
30|953|432|0|534|1|0|
30|946|432|0|534|1|0|
30|951|648|0|534|1|0|
30|953|648|0|534|1|0|
30|1133|756|0|1397|1|0|
30|1057|756|0|898|1|0|
30|1102|756|0|1308|1|0|
30|943|648|0|532|1|0|
30|943|540|0|535|1|0|
30|984|540|0|534|1|0|
30|949|648|0|535|1|0|
30|952|756|0|535|1|0|
30|945|648|0|534|1|0|
30|945|648|0|534|1|0|
30|943|648|0|535|1|0|
30|939|432|0|534|1|0|
30|942|864|0|535|1|0|
30|944|756|0|534|1|0|
30|943|432|0|535|1|0|
30|979|648|0|534|1|0|
30|955|648|0|535|1|0|
30|946|540|0|535|1|0|
30|941|432|0|535|1|0|
30|956|432|0|534|1|0|
30|945|756|0|535|1|0|
30|956|864|0|534|1|0|
30|940|540|0|535|1|0|
30|945|432|0|534|1|0|
30|945|648|0|535|1|0|
30|943|432|0|535|1|0|
30|950|648|0|534|1|0|
30|946|432|0|535|1|0|
30|1107|540|0|1619|1|0|
30|1069|648|0|951|1|0|
30|1156|648|0|1715|1|0|
30|940|648|0|535|1|0|
30|944|432|0|534|1|0|
30|949|432|0|534|1|0|
30|948|432|0|534|1|0|
30|953|432|0|534|1|0|
30|943|648|0|533|1|0|
30|945|540|0|534|1|0|
30|942|756|0|534|1|0|
30|944|648|0|535|1|0|
30|941|540|0|535|1|0|
30|953|540|0|535|1|0|
30|943|648|0|535|1|0|
30|943|540|0|535|1|0|
30|947|540|0|535|1|0|
30|947|648|0|535|1|0|
30|946|648|0|534|1|0|
30|945|540|0|535|1|0|
30|949|648|0|534|1|0|
30|945|540|0|535|1|0|
30|944|648|0|534|1|0|
30|944|540|0|534|1|0|
30|946|648|0|534|1|0|
30|949|648|0|535|1|0|
30|946|756|0|535|1|0|
30|945|648|0|535|1|0|
30|1116|648|0|1469|1|0|
30|1088|432|0|1331|1|0|
30|1136|648|0|1296|1|0|
30|953|540|0|534|1|0|
30|951|540|0|532|1|0|
30|947|540|0|535|1|0|
30|943|540|0|532|1|0|
30|945|540|0|534|1|0|
30|947|540|0|532|1|0|
30|943|432|0|535|1|0|
30|974|540|0|535|1|0|
30|948|540|0|535|1|0|
30|950|972|0|535|1|0|
30|957|648|0|535|1|0|
30|950|432|0|535|1|0|
30|945|648|0|534|1|0|
30|943|432|0|535|1|0|
30|945|756|0|535|1|0|
30|952|432|0|535|1|0|
30|940|756|0|534|1|0|
30|946|540|0|534|1|0|
30|941|648|0|535|1|0|
30|945|540|0|535|1|0|
30|942|432|0|533|1|0|
30|944|432|0|535|1|0|
30|943|432|0|534|1|0|
30|952|648|0|534|1|0|
30|948|540|0|534|1|0|
30|944|648|0|533|1|0|
30|1098|648|0|1587|1|0|
30|1127|864|0|934|1|0|
