INSTRUCTIONS_RETIRED|CYCLES|UNKNOWN|LD_BLOCKS.STORE_FORWARD|UOPS_EXECUTED.CORE|BR_MISP_RETIRED.ALL_BRANCHES|UOPS_ISSUED.SINGLE_MUL|
30|943|432|0|535|1|0|
30|1124|864|0|1619|1|0|
30|1137|648|0|1767|1|0|
30|962|432|0|532|1|0|
30|945|540|0|535|1|0|
30|947|756|0|534|1|0|
30|964|540|0|536|1|0|
30|938|648|0|535|1|0|
30|952|756|0|534|1|0|
30|942|648|0|535|1|0|
30|946|648|0|534|1|0|
30|950|540|0|535|1|0|
30|959|648|0|535|1|0|
30|943|648|0|534|1|0|
30|948|540|0|534|1|0|
30|944|540|0|535|1|0|
30|945|648|0|534|1|0|
30|944|864|0|535|1|0|
30|939|432|0|535|1|0|
30|943|432|0|535|1|0|
30|936|648|0|535|1|0|
30|1096|648|0|1079|1|0|
30|949|432|0|535|1|0|
30|948|540|0|535|1|0|
30|953|432|0|535|1|0|
30|944|540|0|534|1|0|
30|946|648|0|535|1|0|
30|948|756|0|534|1|0|
30|951|540|0|535|1|0|
30|948|540|0|535|1|0|
30|945|540|0|535|1|0|
30|944|648|0|535|1|0|
30|944|648|0|535|1|0|
30|951|540|0|534|1|0|
30|945|864|0|534|1|0|
30|945|648|0|534|1|0|
30|947|756|0|534|1|0|
30|947|540|0|535|1|0|
30|945|648|0|535|1|0|
30|956|756|0|535|1|0|
30|949|648|0|535|1|0|
30|957|756|0|535|1|0|
30|953|756|0|535|1|0|
30|944|648|0|535|1|0|
30|950|648|0|534|1|0|
30|955|648|0|535|1|0|
30|948|756|0|533|1|0|
30|941|864|0|535|1|0|
30|944|648|0|535|1|0|
30|945|648|0|534|1|0|
30|937|648|0|532|1|0|
30|955|756|0|535|1|0|
30|946|756|0|535|1|0|
30|944|540|0|535|1|0|
30|947|648|0|534|1|0|
30|939|432|0|535|1|0|
30|942|648|0|535|1|0|
30|955|648|0|535|1|0|
30|959|648|0|535|1|0|
30|948|648|0|535|1|0|
30|948|540|0|535|1|0|
30|947|648|0|534|1|0|
30|949|756|0|534|1|0|
30|941|540|0|535|1|0|
30|944|648|0|534|1|0|
30|949|648|0|535|1|0|
30|939|648|0|535|1|0|
30|944|648|0|535|1|0|
30|945|648|0|534|1|0|
30|953|756|0|535|1|0|
30|937|648|0|535|1|0|
30|953|648|0|535|1|0|
30|938|648|0|535|1|0|
30|1148|972|0|1344|1|0|
30|1141|864|0|1974|1|0|
30|1116|648|0|1764|1|0|
30|952|756|0|535|1|0|
30|971|540|0|535|1|0|
30|945|648|0|535|1|0|
30|939|432|0|534|1|0|
30|944|432|0|535|1|0|
30|952|648|0|534|1|0|
30|950|648|0|534|1|0|
30|980|864|0|535|1|0|
30|950|540|0|535|1|0|
30|943|756|0|535|1|0|
30|940|540|0|535|1|0|
30|945|756|0|535|1|0|
30|946|432|0|535|1|0|
30|949|432|0|535|1|0|
30|943|648|0|535|1|0|
30|944|648|0|535|1|0|
30|944|540|0|535|1|0|
30|946|756|0|535|1|0|
30|939|648|0|534|1|0|
30|941|648|0|535|1|0|
30|940|432|0|535|1|0|
30|951|540|0|536|1|0|
30|944|756|0|535|1|0|
30|945|540|0|534|1|0|
30|1171|648|0|1433|1|0|
30|1171|864|0|1952|2|0|
30|1105|756|0|1646|1|0|
30|1158|756|0|1917|1|0|
30|952|432|0|534|1|0|
30|948|540|0|535|1|0|
30|947|648|0|535|1|0|
30|957|648|0|535|1|0|
30|956|432|0|535|1|0|
30|948|540|0|535|1|0|
30|938|540|0|535|1|0|
30|942|648|0|534|1|0|
30|941|756|0|535|1|0|
30|944|540|0|535|1|0|
30|951|864|0|535|1|0|
30|950|540|0|535|1|0|
30|945|756|0|534|1|0|
30|944|540|0|534|1|0|
30|950|648|0|535|1|0|
30|970|648|0|535|1|0|
30|957|432|0|535|1|0|
30|941|756|0|535|1|0|
30|957|648|0|535|1|0|
30|951|756|0|534|1|0|
30|961|648|0|535|1|0|
30|943|648|0|535|1|0|
30|942|756|0|535|1|0|
30|942|756|0|533|1|0|
30|984|540|0|532|1|0|
30|942|540|0|535|1|0|
30|960|540|0|532|1|0|
30|949|756|0|534|1|0|
30|945|648|0|535|1|0|
30|954|756|0|532|1|0|
30|945|540|0|533|1|0|
30|947|432|0|535|1|0|
30|940|756|0|535|1|0|
30|946|648|0|534|1|0|
30|945|432|0|535|1|0|
30|942|648|0|535|1|0|
30|957|648|0|537|1|0|
30|951|648|0|536|1|0|
30|953|648|0|534|1|0|
30|944|756|0|535|1|0|
30|954|756|0|535|1|0|
30|955|648|0|535|1|0|
30|949|540|0|535|1|0|
30|938|432|0|535|1|0|
30|947|756|0|535|1|0|
30|957|648|0|535|1|0|
30|961|648|0|534|1|0|
30|954|432|0|535|1|0|
30|939|648|0|535|1|0|
30|946|864|0|535|1|0|
30|943|756|0|535|1|0|
30|957|540|0|535|1|0|
30|948|756|0|534|1|0|
30|957|756|0|532|1|0|
30|974|648|0|534|1|0|
30|948|648|0|535|1|0|
30|937|648|0|535|1|0|
30|942|756|0|535|1|0|
30|945|648|0|535|1|0|
30|941|432|0|535|1|0|
30|1037|540|0|745|1|0|
30|946|432|0|535|1|0|
30|940|540|0|534|1|0|
30|945|756|0|535|1|0|
30|946|540|0|534|1|0|
30|940|648|0|535|1|0|
30|941|648|0|535|1|0|
30|946|864|0|535|1|0|
30|938|540|0|535|1|0|
30|948|648|0|534|1|0|
30|949|540|0|534|1|0|
30|955|540|0|533|1|0|
30|946|648|0|534|1|0|
30|942|648|0|533|1|0|
30|945|540|0|534|1|0|
30|948|756|0|535|1|0|
30|942|648|0|535|1|0|
30|937|540|0|535|1|0|
30|952|540|0|535|1|0|
30|952|540|0|535|1|0|
30|947|648|0|535|1|0|
30|939|648|0|534|1|0|
30|948|540|0|535|1|0|
30|943|648|0|535|1|0|
30|940|432|0|534|1|0|
30|948|540|0|535|1|0|
30|947|432|0|535|1|0|
30|944|648|0|535|1|0|
30|943|648|0|534|1|0|
30|947|648|0|535|1|0|
30|944|648|0|534|1|0|
30|942|648|0|534|1|0|
30|944|540|0|535|1|0|
30|947|864|0|535|1|0|
30|956|540|0|535|1|0|
30|944|432|0|535|1|0|
30|943|648|0|535|1|0|
30|949|540|0|534|1|0|
30|949|756|0|535|1|0|
30|944|756|0|535|1|0|
30|961|648|0|532|1|0|
30|947|540|0|535|1|0|
30|945|756|0|535|1|0|
30|947|648|0|534|1|0|
30|940|540|0|534|1|0|
30|939|540|0|535|1|0|
30|952|756|0|535|1|0|
30|951|756|0|535|1|0|
30|947|540|0|534|1|0|
30|946|756|0|535|1|0|
30|949|540|0|535|1|0|
30|960|648|0|535|1|0|
30|966|648|0|537|1|0|
30|962|864|0|535|1|0|
30|943|648|0|535|1|0|
30|948|648|0|535|1|0|
30|947|756|0|535|1|0|
30|948|648|0|535|1|0|
30|954|540|0|535|1|0|
30|986|540|0|535|1|0|
30|958|972|0|534|1|0|
30|948|648|0|534|1|0|
30|944|540|0|534|1|0|
30|959|756|0|535|1|0|
30|948|540|0|534|1|0|
30|945|648|0|535|1|0|
30|959|540|0|532|1|0|
30|947|648|0|534|1|0|
30|953|756|0|535|1|0|
30|954|756|0|534|1|0|
30|944|540|0|534|1|0|
30|950|864|0|531|1|0|
30|940|648|0|535|1|0|
30|953|648|0|534|1|0|
30|989|756|0|534|1|0|
30|946|756|0|535|1|0|
30|956|432|0|535|1|0|
30|954|648|0|535|1|0|
30|951|648|0|535|1|0|
30|945|756|0|535|1|0|
30|942|540|0|535|1|0|
30|944|540|0|534|1|0|
30|944|756|0|535|1|0|
30|948|648|0|535|1|0|
30|948|648|0|535|1|0|
30|947|864|0|535|1|0|
30|947|540|0|535|1|0|
30|945|864|0|535|1|0|
30|946|756|0|535|1|0|
30|956|432|0|536|1|0|
30|961|648|0|535|1|0|
30|954|756|0|535|1|0|
30|944|648|0|535|1|0|
30|954|648|0|535|1|0|
30|942|756|0|533|1|0|
30|953|756|0|532|1|0|
30|951|648|0|535|1|0|
30|943|756|0|535|1|0|
30|946|756|0|535|1|0|
30|943|540|0|535|1|0|
30|948|540|0|535|1|0|
30|958|648|0|534|1|0|
30|943|864|0|534|1|0|
30|945|756|0|535|1|0|
30|943|864|0|534|1|0|
30|950|756|0|535|1|0|
30|944|648|0|535|1|0|
30|952|648|0|535|1|0|
30|950|540|0|535|1|0|
30|964|648|0|535|1|0|
30|948|648|0|535|1|0|
30|950|864|0|537|1|0|
30|945|540|0|535|1|0|
30|947|540|0|535|1|0|
30|959|648|0|536|1|0|
30|948|648|0|534|1|0|
30|947|540|0|534|1|0|
30|946|648|0|535|1|0|
30|949|540|0|534|1|0|
30|947|864|0|535|1|0|
30|954|756|0|534|1|0|
30|951|540|0|535|1|0|
30|994|756|0|537|1|0|
30|945|540|0|535|1|0|
30|944|648|0|535|1|0|
30|950|756|0|535|1|0|
30|944|756|0|535|1|0|
30|951|648|0|534|1|0|
30|946|648|0|535|1|0|
30|982|648|0|534|1|0|
30|948|864|0|534|1|0|
30|965|648|0|537|1|0|
30|945|540|0|534|1|0|
30|943|648|0|535|1|0|
30|946|648|0|535|1|0|
30|946|648|0|534|1|0|
30|949|540|0|537|1|0|
30|948|432|0|534|1|0|
30|956|648|0|537|1|0|
30|944|432|0|535|1|0|
30|1004|756|0|535|1|0|
30|945|540|0|535|1|0|
30|951|540|0|535|1|0|
30|941|648|0|535|1|0|
30|939|648|0|535|1|0|
30|948|540|0|535|1|0|
30|941|540|0|535|1|0|
30|955|756|0|535|1|0|
30|942|648|0|535|1|0|
30|942|540|0|534|1|0|
30|942|540|0|535|1|0|
30|960|648|0|534|1|0|
30|949|756|0|535|1|0|
30|947|432|0|535|1|0|
30|950|648|0|535|1|0|
30|944|648|0|535|1|0|
30|941|648|0|534|1|0|
30|938|756|0|534|1|0|
30|937|648|0|535|1|0|
30|939|648|0|534|1|0|
30|944|756|0|535|1|0|
30|948|756|0|535|1|0|
30|939|540|0|534|1|0|
30|959|648|0|535|1|0|
30|942|648|0|534|1|0|
30|938|648|0|535|1|0|
30|947|540|0|534|1|0|
30|1111|864|0|1828|1|0|
30|1106|540|0|1708|1|0|
30|1129|756|0|1842|1|0|
30|934|540|0|535|1|0|
30|948|432|0|534|1|0|
30|1053|648|0|1024|1|0|
30|944|756|0|534|1|0|
30|945|648|0|534|1|0|
30|954|540|0|535|1|0|
30|953|756|0|534|1|0|
30|956|756|0|535|1|0|
30|943|540|0|535|1|0|
30|942|540|0|534|1|0|
30|939|648|0|535|1|0|
30|945|756|0|535|1|0|
30|945|864|0|534|1|0|
30|951|540|0|535|1|0|
30|958|648|0|535|1|0|
30|952|756|0|535|1|0|
30|943|648|0|534|1|0|
30|958|648|0|534|1|0|
30|946|756|0|534|1|0|
30|941|540|0|535|1|0|
30|951|756|0|535|1|0|
30|949|540|0|534|1|0|
30|952|648|0|537|1|0|
30|944|540|0|535|1|0|
30|942|540|0|535|1|0|
30|944|648|0|533|1|0|
30|943|756|0|535|1|0|
30|951|648|0|535|1|0|
30|947|648|0|535|1|0|
30|953|756|0|535|1|0|
30|948|432|0|535|1|0|
30|953|756|0|535|1|0|
30|952|648|0|535|1|0|
30|945|540|0|535|1|0|
30|947|540|0|535|1|0|
30|954|432|0|534|1|0|
30|951|540|0|535|1|0|
30|945|756|0|534|1|0|
30|942|540|0|535|1|0|
30|945|648|0|535|1|0|
30|954|648|0|534|1|0|
30|950|648|0|535|1|0|
30|956|648|0|535|1|0|
30|945|756|0|535|1|0|
30|950|756|0|536|1|0|
30|944|540|0|535|1|0|
30|954|648|0|534|1|0|
30|946|432|0|534|1|0|
30|949|648|0|535|1|0|
30|954|864|0|535|1|0|
30|943|648|0|535|1|0|
30|947|540|0|534|1|0|
30|951|648|0|535|1|0|
30|943|540|0|535|1|0|
30|955|756|0|532|1|0|
30|945|540|0|534|1|0|
30|947|432|0|535|1|0|
30|955|648|0|534|1|0|
30|954|756|0|535|1|0|
30|945|540|0|534|1|0|
30|944|648|0|533|1|0|
30|950|648|0|535|1|0|
30|948|756|0|535|1|0|
30|946|648|0|534|1|0|
30|944|756|0|534|1|0|
30|944|540|0|535|1|0|
30|943|648|0|535|1|0|
30|949|432|0|535|1|0|
30|946|648|0|535|1|0|
30|949|756|0|534|1|0|
30|947|540|0|534|1|0|
30|945|540|0|535|1|0|
30|945|648|0|535|1|0|
30|950|756|0|535|1|0|
30|951|648|0|535|1|0|
30|948|756|0|534|1|0|
30|947|540|0|535|1|0|
30|959|756|0|531|1|0|
30|942|540|0|534|1|0|
30|949|648|0|534|1|0|
30|986|756|0|535|1|0|
30|957|648|0|535|1|0|
30|969|648|0|532|1|0|
30|956|540|0|536|1|0|
30|946|648|0|535|1|0|
30|986|540|0|532|1|0|
30|946|432|0|534|1|0|
30|947|648|0|535|1|0|
30|946|540|0|535|1|0|
30|954|756|0|535|1|0|
30|961|648|0|534|1|0|
30|951|864|0|534|1|0|
30|945|432|0|535|1|0|
30|952|756|0|535|1|0|
30|987|540|0|535|1|0|
30|945|648|0|535|1|0|
30|945|648|0|534|1|0|
30|947|540|0|535|1|0|
30|955|648|0|535|1|0|
30|947|756|0|535|1|0|
30|944|648|0|535|1|0|
30|946|648|0|535|1|0|
30|937|648|0|535|1|0|
30|946|756|0|534|1|0|
30|948|540|0|534|1|0|
30|949|648|0|533|1|0|
30|948|648|0|535|1|0|
30|966|540|0|535|1|0|
30|945|756|0|535|1|0|
30|950|648|0|534|1|0|
30|964|756|0|535|1|0|
30|1138|540|0|1820|1|0|
30|943|648|0|535|1|0|
30|938|540|0|534|1|0|
30|945|432|0|534|1|0|
30|949|432|0|534|1|0|
30|945|648|0|534|1|0|
30|965|756|0|536|1|0|
30|978|864|0|535|1|0|
30|938|756|0|535|1|0|
30|952|648|0|534|1|0|
30|942|648|0|535|1|0|
30|947|648|0|534|1|0|
30|960|648|0|534|1|0|
30|956|864|0|535|1|0|
30|950|540|0|534|1|0|
30|944|648|0|535|1|0|
30|948|540|0|535|1|0|
30|944|648|0|535|1|0|
30|945|756|0|534|1|0|
30|954|540|0|535|1|0|
30|953|756|0|534|1|0|
30|944|648|0|534|1|0|
30|942|648|0|535|1|0|
30|946|648|0|535|1|0|
30|949|648|0|534|1|0|
30|959|756|0|534|1|0|
30|944|756|0|535|1|0|
30|950|756|0|536|1|0|
30|953|648|0|535|1|0|
30|1073|864|0|661|1|0|
30|983|756|0|557|1|0|
30|955|648|0|535|1|0|
30|951|864|0|535|1|0|
30|944|648|0|535|1|0|
30|947|432|0|534|1|0|
30|963|648|0|530|1|0|
30|936|864|0|535|1|0|
30|950|540|0|534|1|0|
30|947|540|0|534|1|0|
30|947|648|0|535|1|0|
30|953|648|0|535|1|0|
30|952|648|0|535|1|0|
30|952|648|0|535|1|0|
30|958|648|0|534|1|0|
30|948|648|0|535|1|0|
30|947|540|0|535|1|0|
30|955|540|0|533|1|0|
30|943|648|0|535|1|0|
30|944|648|0|535|1|0|
30|946|540|0|534|1|0|
30|948|756|0|535|1|0|
30|948|540|0|534|1|0|
30|949|540|0|535|1|0|
30|952|648|0|535|1|0|
30|940|432|0|535|1|0|
30|955|540|0|535|1|0|
30|949|648|0|535|1|0|
30|956|864|0|532|1|0|
30|944|756|0|535|1|0|
30|943|648|0|534|1|0|
30|947|540|0|534|1|0|
30|944|756|0|535|1|0|
30|955|540|0|537|1|0|
30|943|648|0|535|1|0|
30|943|864|0|535|1|0|
30|946|540|0|535|1|0|
30|948|648|0|534|1|0|
30|945|3132|0|534|1|0|
30|940|3024|0|534|1|0|
30|945|3132|0|535|1|0|
30|942|3024|0|535|1|0|
30|947|3024|0|535|1|0|
30|945|3132|0|535|1|0|
30|953|3240|0|534|1|0|
30|956|3132|0|534|1|0|
30|955|3024|0|536|1|0|
30|952|3024|0|534|1|0|
30|945|3240|0|535|1|0|
30|944|3132|0|535|1|0|
30|952|3348|0|534|1|0|
30|953|2808|0|535|1|0|
30|959|2916|0|535|1|0|
30|955|3024|0|534|1|0|
30|946|3348|0|533|1|0|
30|938|2916|0|534|1|0|
30|944|3024|0|534|1|0|
30|944|3024|0|535|1|0|
30|1162|3780|0|2214|1|0|
30|1157|3672|0|2297|1|0|
30|1169|3780|0|2197|1|0|
30|1095|3564|0|2026|1|0|
30|1147|3780|0|2190|1|0|
30|1175|3888|0|2153|1|0|
30|1107|3672|0|2042|1|0|
30|1130|3672|0|2080|1|0|
30|1122|3780|0|1585|1|0|
30|950|3024|0|535|1|0|
30|945|3132|0|533|1|0|
30|946|2916|0|535|1|0|
30|946|3240|0|534|1|0|
30|948|3024|0|535|1|0|
30|953|3024|0|535|1|0|
30|939|3132|0|535|1|0|
30|962|3240|0|534|1|0|
30|942|3132|0|535|1|0|
30|947|3132|0|535|1|0|
30|945|3024|0|534|1|0|
30|949|3132|0|534|1|0|
30|957|3024|0|535|1|0|
30|948|2808|0|535|1|0|
30|940|3132|0|534|1|0|
30|950|2916|0|535|1|0|
30|947|3132|0|535|1|0|
30|942|3024|0|535|1|0|
30|957|3240|0|532|1|0|
30|944|3024|0|535|1|0|
30|948|3132|0|535|1|0|
30|954|3240|0|534|1|0|
30|947|3132|0|535|1|0|
30|944|3024|0|534|1|0|
30|946|3024|0|534|1|0|
30|942|3024|0|534|1|0|
30|944|2916|0|535|1|0|
30|941|3024|0|535|1|0|
30|938|3132|0|535|1|0|
30|949|3024|0|535|1|0|
30|959|3240|0|532|1|0|
30|946|3132|0|535|1|0|
30|985|3240|0|532|1|0|
30|945|3024|0|533|1|0|
30|953|3024|0|535|1|0|
30|1164|3888|0|2504|1|0|
30|1161|3672|0|2546|1|0|
30|1131|3672|0|2293|1|0|
30|1131|3888|0|2379|1|0|
30|1143|3672|0|2332|1|0|
30|1126|3456|0|2370|1|0|
30|1121|3456|0|2526|1|0|
30|1105|3672|0|2189|1|0|
30|1123|3780|0|2603|1|0|
30|1156|3672|0|2639|1|0|
30|1136|3672|0|2367|1|0|
30|1110|3456|0|2257|1|0|
30|1088|3456|0|1925|1|0|
30|1125|3672|0|2418|1|0|
30|1129|3672|0|1412|1|0|
30|1180|3888|0|1353|1|0|
30|1176|3780|0|961|1|0|
30|1108|3564|0|2388|1|0|
30|1134|3780|0|1289|1|0|
30|1169|3780|0|2261|1|0|
30|1077|3456|0|879|1|0|
30|1075|3456|0|1252|1|0|
30|1078|3564|0|1072|1|0|
30|1069|3348|0|1452|1|0|
30|1102|3564|0|1955|1|0|
30|1148|3672|0|2093|1|0|
30|1136|3672|0|1436|1|0|
30|1126|3672|0|1642|1|0|
30|1114|3672|0|1801|1|0|
30|1068|3564|0|878|1|0|
30|950|3024|0|533|1|0|
30|949|3024|0|534|1|0|
30|946|2916|0|535|1|0|
30|947|3132|0|534|1|0|
30|951|3132|0|534|1|0|
30|955|3240|0|535|1|0|
30|1135|3672|0|1425|1|0|
30|1106|3564|0|1497|1|0|
30|946|3132|0|535|1|0|
30|942|3024|0|535|1|0|
30|945|3132|0|534|1|0|
30|944|3024|0|535|1|0|
30|971|3132|0|535|1|0|
30|938|3024|0|535|1|0|
30|945|3024|0|535|1|0|
30|946|3024|0|534|1|0|
30|955|3240|0|535|1|0|
30|951|3132|0|537|1|0|
30|947|3132|0|535|1|0|
30|949|3240|0|532|1|0|
30|947|3132|0|535|1|0|
30|946|3132|0|534|1|0|
30|943|3132|0|535|1|0|
30|946|2916|0|535|1|0|
30|952|3132|0|537|1|0|
30|944|3132|0|535|1|0|
30|960|3132|0|532|1|0|
30|942|3240|0|535|1|0|
30|944|3132|0|535|1|0|
30|960|3240|0|536|1|0|
30|974|3132|0|535|1|0|
30|1001|3240|0|732|1|0|
30|952|3240|0|534|1|0|
30|1136|3780|0|2285|1|0|
30|955|3132|0|532|1|0|
30|949|2916|0|535|1|0|
30|1009|3240|0|533|1|0|
30|1128|3672|0|1299|1|0|
30|1092|3456|0|2439|1|0|
30|1034|3456|0|1093|1|0|
30|1141|3672|0|2448|1|0|
30|1168|3780|0|1627|1|0|
30|1091|3564|0|899|1|0|
30|1098|3564|0|1747|1|0|
30|950|3132|0|535|1|0|
30|950|3240|0|535|1|0|
30|944|3132|0|535|1|0|
30|943|3024|0|535|1|0|
30|944|2916|0|534|1|0|
30|1180|3996|0|1000|1|0|
30|1179|3888|0|1560|1|0|
30|1115|3564|0|1163|1|0|
30|1094|3672|0|846|1|0|
30|1205|3996|0|2066|1|0|
30|1032|3132|0|774|1|0|
30|1125|3564|0|1486|1|0|
30|1241|3888|0|2337|1|0|
30|1106|3780|0|1549|1|0|
30|1135|3780|0|2137|1|0|
30|943|3024|0|535|1|0|
30|951|3240|0|534|1|0|
30|943|3024|0|535|1|0|
30|944|2916|0|535|1|0|
30|947|3024|0|534|1|0|
30|949|3132|0|535|1|0|
30|944|3132|0|535|1|0|
30|939|2916|0|535|1|0|
30|943|3024|0|535|1|0|
30|957|3024|0|532|1|0|
30|1067|3240|0|810|1|0|
30|949|3024|0|533|1|0|
30|949|2916|0|535|1|0|
30|954|3024|0|535|1|0|
30|972|3132|0|535|1|0|
30|946|3132|0|535|1|0|
30|943|3240|0|535|1|0|
30|952|2916|0|535|1|0|
30|943|3024|0|535|1|0|
30|938|3024|0|535|1|0|
30|944|3240|0|534|1|0|
30|975|3132|0|535|1|0|
30|944|3132|0|535|1|0|
30|945|2916|0|534|1|0|
31|1558|4968|0|752|1|0|
30|947|3240|0|535|1|0|
30|939|2916|0|535|1|0|
30|937|3240|0|535|1|0|
30|947|3132|0|535|1|0|
30|948|3132|0|535|1|0|
30|950|3024|0|534|1|0|
30|949|3132|0|534|1|0|
30|949|3240|0|535|1|0|
30|946|3132|0|535|1|0|
30|943|3132|0|533|1|0|
30|950|3240|0|534|1|0|
30|939|3132|0|533|1|0|
30|949|3240|0|535|1|0|
30|992|3240|0|535|1|0|
30|948|3132|0|534|1|0|
30|939|3024|0|534|1|0|
30|944|2808|0|535|1|0|
30|941|3132|0|535|1|0|
30|943|3024|0|534|1|0|
30|944|3132|0|534|1|0|
30|945|3024|0|535|1|0|
30|954|3132|0|535|1|0|
30|946|3024|0|535|1|0|
30|951|3132|0|535|1|0|
30|1199|3888|0|1804|1|0|
30|1078|3456|0|1581|1|0|
30|953|2916|0|535|1|0|
30|983|3024|0|531|1|0|
30|946|3024|0|534|1|0|
30|936|2916|0|535|1|0|
30|945|3132|0|534|1|0|
30|938|3024|0|535|1|0|
30|945|3132|0|535|1|0|
30|942|3132|0|535|1|0|
30|949|3132|0|534|1|0|
30|949|3132|0|535|1|0|
30|956|3132|0|537|1|0|
30|938|3024|0|535|1|0|
30|941|3024|0|534|1|0|
30|943|2916|0|535|1|0|
30|939|3024|0|535|1|0|
30|948|3132|0|535|1|0|
30|938|3132|0|535|1|0|
30|962|3240|0|532|1|0|
30|945|3132|0|535|1|0|
30|945|3024|0|534|1|0|
30|948|3132|0|534|1|0|
30|946|2916|0|534|1|0|
30|948|3024|0|535|1|0|
30|944|3240|0|534|1|0|
30|947|3132|0|535|1|0|
30|942|2916|0|535|1|0|
30|945|3240|0|535|1|0|
30|942|3132|0|534|1|0|
30|952|3024|0|534|1|0|
30|945|3240|0|535|1|0|
30|937|3024|0|535|1|0|
30|948|3132|0|535|1|0|
30|936|2916|0|535|1|0|
30|948|3024|0|534|1|0|
30|956|3024|0|534|1|0|
30|946|3240|0|535|1|0|
30|940|3132|0|535|1|0|
30|1073|3456|0|907|1|0|
30|1134|3672|0|1360|1|0|
30|1114|3564|0|1898|1|0|
30|1021|3024|0|532|1|0|
30|937|3024|0|535|1|0|
30|951|3240|0|535|1|0|
30|937|3024|0|535|1|0|
30|950|3132|0|534|1|0|
30|952|3132|0|534|1|0|
30|942|2916|0|534|1|0|
30|943|2916|0|535|1|0|
30|949|3024|0|535|1|0|
30|947|2916|0|535|1|0|
30|940|3024|0|535|1|0|
30|955|3240|0|535|1|0|
31|1575|5184|0|936|1|0|
30|947|3132|0|535|1|0|
30|982|3348|0|534|1|0|
30|945|3024|0|534|1|0|
30|948|2916|0|537|1|0|
30|943|3024|0|535|1|0|
30|948|3024|0|535|1|0|
30|998|3132|0|537|1|0|
30|1067|3456|0|1005|1|0|
30|945|3132|0|535|1|0|
31|1719|5508|0|1495|1|0|
30|941|3240|0|535|1|0|
30|992|3240|0|534|1|0|
30|938|3132|0|535|1|0|
30|987|3024|0|535|1|0|
30|946|3132|0|535|1|0|
30|941|3132|0|535|1|0|
30|942|3132|0|537|1|0|
30|1174|3888|0|1349|1|0|
30|946|3240|0|535|1|0|
30|954|2916|0|532|1|0|
30|945|3024|0|534|1|0|
30|949|3024|0|535|1|0|
30|950|3132|0|535|1|0|
30|937|2916|0|535|1|0|
30|945|2916|0|535|1|0|
30|951|3024|0|535|1|0|
30|959|3024|0|535|1|0|
30|945|3240|0|534|1|0|
30|946|3024|0|534|1|0|
30|943|3132|0|535|1|0|
30|950|3024|0|535|1|0|
30|953|3024|0|534|1|0|
30|944|2916|0|535|1|0|
30|941|3132|0|535|1|0|
30|948|2916|0|534|1|0|
30|945|3024|0|534|1|0|
30|947|3024|0|534|1|0|
30|946|3240|0|535|1|0|
30|946|3132|0|535|1|0|
30|964|3132|0|535|1|0|
30|948|3024|0|535|1|0|
30|948|3024|0|535|1|0|
30|947|3024|0|535|1|0|
30|939|3024|0|534|1|0|
30|945|3240|0|534|1|0|
30|939|2808|0|535|1|0|
30|946|3024|0|535|1|0|
30|943|3024|0|535|1|0|
30|947|2916|0|535|1|0|
30|955|3132|0|535|1|0|
30|946|2916|0|535|1|0|
30|940|3132|0|535|1|0|
30|957|3240|0|535|1|0|
30|936|2808|0|534|1|0|
30|949|3024|0|534|1|0|
30|947|3024|0|535|1|0|
30|947|3132|0|534|1|0|
30|948|3132|0|534|1|0|
30|953|3132|0|534|1|0|
30|946|3240|0|534|1|0|
30|939|3024|0|535|1|0|
30|959|3132|0|535|1|0|
30|945|3024|0|535|1|0|
30|952|3024|0|534|1|0|
30|948|3024|0|535|1|0|
30|943|3240|0|534|1|0|
30|950|3240|0|534|1|0|
30|940|3132|0|534|1|0|
30|943|3024|0|535|1|0|
30|941|3024|0|535|1|0|
30|947|3024|0|535|1|0|
30|946|3132|0|535|1|0|
30|948|3240|0|535|1|0|
30|941|3024|0|535|1|0|
30|947|2808|0|534|1|0|
30|948|3240|0|535|1|0|
30|954|3240|0|535|1|0|
30|943|3132|0|534|1|0|
30|944|3132|0|535|1|0|
30|937|2916|0|535|1|0|
30|948|3240|0|535|1|0|
30|945|3132|0|534|1|0|
30|942|3132|0|534|1|0|
30|947|3240|0|535|1|0|
30|946|3132|0|535|1|0|
30|945|3132|0|534|1|0|
30|957|3024|0|532|1|0|
30|958|3240|0|535|1|0|
30|942|3132|0|535|1|0|
30|952|3132|0|535|1|0|
30|942|2916|0|534|1|0|
30|943|3132|0|535|1|0|
30|942|3132|0|535|1|0|
30|943|3024|0|534|1|0|
30|958|2916|0|534|1|0|
30|944|3240|0|534|1|0|
30|945|3024|0|535|1|0|
30|941|2808|0|534|1|0|
30|943|2808|0|534|1|0|
30|942|3240|0|534|1|0|
30|953|3132|0|535|1|0|
30|952|3024|0|534|1|0|
30|943|3132|0|535|1|0|
30|946|3024|0|535|1|0|
30|946|3024|0|535|1|0|
30|950|2916|0|532|1|0|
30|953|3024|0|530|1|0|
30|953|3024|0|535|1|0|
30|943|3024|0|535|1|0|
30|943|3132|0|535|1|0|
30|946|3024|0|534|1|0|
30|941|3024|0|534|1|0|
30|949|3132|0|535|1|0|
30|941|3024|0|535|1|0|
30|945|3132|0|535|1|0|
30|939|3024|0|535|1|0|
30|943|2916|0|535|1|0|
30|947|3132|0|534|1|0|
30|952|2916|0|537|1|0|
30|943|3024|0|534|1|0|
30|951|3024|0|535|1|0|
30|941|3024|0|534|1|0|
30|948|3024|0|535|1|0|
30|942|2916|0|535|1|0|
30|943|2916|0|535|1|0|
30|947|3132|0|534|1|0|
30|955|3024|0|535|1|0|
30|945|3024|0|534|1|0|
30|941|3132|0|535|1|0|
30|943|3132|0|535|1|0|
30|954|3132|0|537|1|0|
30|946|3132|0|535|1|0|
30|946|3132|0|535|1|0|
30|945|3240|0|535|1|0|
30|950|3024|0|534|1|0|
30|950|3024|0|534|1|0|
30|943|3024|0|534|1|0|
30|1185|3888|0|1381|1|0|
30|952|3240|0|535|1|0|
30|942|3024|0|534|1|0|
30|946|3240|0|534|1|0|
30|970|3240|0|535|1|0|
30|938|2916|0|534|1|0|
30|960|1620|0|537|1|0|
30|946|1512|0|535|1|0|
30|945|1620|0|534|1|0|
30|948|1404|0|535|1|0|
30|959|1512|0|535|1|0|
30|955|1080|0|535|1|0|
30|943|1296|0|535|1|0|
30|942|1404|0|535|1|0|
30|949|1404|0|534|1|0|
30|950|1296|0|535|1|0|
30|956|1296|0|534|1|0|
30|948|1296|0|534|1|0|
30|946|864|0|535|1|0|
30|939|1080|0|535|1|0|
30|949|972|0|535|1|0|
30|981|1080|0|534|1|0|
30|947|1080|0|534|1|0|
30|953|1080|0|535|1|0|
30|949|1080|0|537|1|0|
30|946|864|0|535|1|0|
30|949|864|0|534|1|0|
30|954|864|0|532|1|0|
30|942|648|0|535|1|0|
30|946|972|0|535|1|0|
30|946|864|0|535|1|0|
30|942|756|0|535|1|0|
30|953|864|0|535|1|0|
30|953|756|0|534|1|0|
30|950|756|0|534|1|0|
30|961|864|0|537|1|0|
30|947|972|0|535|1|0|
30|944|648|0|535|1|0|
30|947|756|0|535|1|0|
30|945|864|0|535|1|0|
30|952|864|0|536|1|0|
30|953|648|0|532|1|0|
30|942|540|0|535|1|0|
30|945|972|0|534|1|0|
30|951|540|0|535|1|0|
30|944|756|0|534|1|0|
30|967|648|0|535|1|0|
30|941|864|0|535|1|0|
30|954|648|0|534|1|0|
30|944|756|0|535|1|0|
30|945|756|0|534|1|0|
30|943|648|0|535|1|0|
30|944|648|0|535|1|0|
30|954|756|0|535|1|0|
30|942|756|0|534|1|0|
30|947|648|0|535|1|0|
30|945|540|0|534|1|0|
30|955|432|0|534|1|0|
30|941|648|0|535|1|0|
30|943|648|0|534|1|0|
31|1623|1080|0|787|2|0|
30|937|540|0|535|1|0|
30|945|648|0|535|1|0|
30|947|648|0|534|1|0|
30|941|648|0|535|1|0|
30|948|540|0|535|1|0|
30|960|648|0|535|1|0|
30|944|432|0|535|1|0|
30|937|648|0|535|1|0|
30|949|540|0|535|1|0|
30|951|432|0|535|1|0|
30|953|540|0|534|1|0|
30|952|432|0|534|1|0|
30|946|540|0|535|1|0|
30|952|648|0|536|1|0|
30|947|540|0|536|1|0|
30|943|540|0|535|1|0|
30|946|540|0|535|1|0|
30|949|432|0|535|1|0|
30|948|648|0|535|1|0|
30|943|540|0|534|1|0|
30|948|432|0|534|1|0|
30|948|648|0|534|1|0|
30|945|540|0|534|1|0|
30|942|756|0|534|1|0|
30|950|648|0|535|1|0|
30|945|648|0|535|1|0|
30|953|864|0|534|1|0|
30|945|540|0|535|1|0|
30|942|540|0|534|1|0|
30|1047|756|0|942|1|0|
30|945|648|0|535|1|0|
30|942|432|0|534|1|0|
30|946|648|0|535|1|0|
