INSTRUCTIONS_RETIRED|CYCLES|UNKNOWN|LD_BLOCKS.STORE_FORWARD|UOPS_EXECUTED.CORE|BR_MISP_RETIRED.ALL_BRANCHES|UOPS_ISSUED.SINGLE_MUL|
30|979|648|0|534|1|0|
30|943|648|0|535|1|0|
30|945|540|0|534|1|0|
30|950|432|0|534|1|0|
30|1009|540|0|532|1|0|
30|950|648|0|534|1|0|
30|947|540|0|534|1|0|
30|945|756|0|535|1|0|
30|947|864|0|535|1|0|
30|945|432|0|535|1|0|
30|944|540|0|535|1|0|
30|948|756|0|535|1|0|
30|956|540|0|535|1|0|
30|949|648|0|535|1|0|
30|944|648|0|534|1|0|
30|947|540|0|535|1|0|
30|943|756|0|535|1|0|
30|952|432|0|534|1|0|
30|950|756|0|535|1|0|
30|951|540|0|535|1|0|
30|952|540|0|535|1|0|
30|944|648|0|534|1|0|
30|945|648|0|534|1|0|
30|948|648|0|535|1|0|
30|949|648|0|534|1|0|
30|945|540|0|535|1|0|
30|980|756|0|533|1|0|
30|990|864|0|535|1|0|
30|949|756|0|535|1|0|
30|949|648|0|535|1|0|
30|951|864|0|535|1|0|
30|944|756|0|534|1|0|
30|956|648|0|532|1|0|
30|941|648|0|535|1|0|
30|1124|864|0|1197|1|0|
30|946|756|0|534|1|0|
30|943|540|0|535|1|0|
30|943|540|0|535|1|0|
30|949|756|0|535|1|0|
30|948|540|0|535|1|0|
30|944|432|0|534|1|0|
30|942|648|0|534|1|0|
30|949|648|0|534|1|0|
30|944|756|0|534|1|0|
30|947|540|0|535|1|0|
30|942|540|0|534|1|0|
30|954|648|0|537|1|0|
30|945|540|0|534|1|0|
30|948|648|0|535|1|0|
30|950|864|0|535|1|0|
30|953|864|0|535|1|0|
30|948|756|0|535|1|0|
30|962|540|0|534|1|0|
30|941|540|0|535|1|0|
30|946|648|0|535|1|0|
30|946|648|0|535|1|0|
30|941|540|0|535|1|0|
30|954|648|0|534|1|0|
30|948|540|0|535|1|0|
30|951|648|0|535|1|0|
30|945|540|0|533|1|0|
30|946|648|0|534|1|0|
30|943|648|0|535|1|0|
30|944|540|0|534|1|0|
30|946|648|0|535|1|0|
30|944|648|0|535|1|0|
30|946|648|0|535|1|0|
30|952|648|0|535|1|0|
30|952|540|0|535|1|0|
30|1039|756|0|1139|1|0|
30|1076|756|0|1048|1|0|
30|1167|648|0|2332|1|0|
30|1214|540|0|2138|1|0|
30|1120|648|0|1772|1|0|
30|1134|648|0|1837|1|0|
30|1148|756|0|2040|1|0|
30|1131|864|0|1850|1|0|
30|1188|756|0|2067|1|0|
30|1114|756|0|1638|1|0|
30|1132|756|0|1676|1|0|
30|1175|756|0|1992|1|0|
30|1135|864|0|1812|1|0|
30|1160|756|0|1951|1|0|
30|1164|756|0|2141|1|0|
30|1096|648|0|1434|1|0|
30|1167|648|0|2116|1|0|
30|1110|540|0|1516|1|0|
30|1180|648|0|1978|1|0|
31|1689|972|0|2239|1|0|
30|1153|540|0|1719|1|0|
30|1160|756|0|1438|1|0|
30|1118|756|0|1714|1|0|
30|1172|648|0|1861|1|0|
30|1170|972|0|1869|1|0|
30|1150|648|0|2039|1|0|
30|1089|648|0|1569|1|0|
30|1120|864|0|1752|1|0|
30|1152|648|0|1741|1|0|
30|1145|864|0|1863|1|0|
30|1158|972|0|1730|1|0|
30|1149|648|0|2011|1|0|
30|1132|540|0|1889|1|0|
30|1133|864|0|1413|1|0|
30|1123|756|0|1835|1|0|
30|1175|756|0|2167|1|0|
30|1128|540|0|1222|1|0|
30|1177|756|0|1964|1|0|
30|1112|540|0|1592|1|0|
30|1142|864|0|1845|1|0|
30|1110|756|0|1057|1|0|
30|944|432|0|532|1|0|
30|1156|648|0|2270|1|0|
30|1172|864|0|2044|1|0|
30|1138|756|0|1954|1|0|
30|1272|864|0|1891|1|0|
30|1189|864|0|1910|1|0|
30|1141|756|0|1354|1|0|
30|1123|648|0|1606|1|0|
30|1105|540|0|1457|1|0|
30|1151|648|0|2347|1|0|
30|1156|756|0|1937|1|0|
30|1125|972|0|1667|1|0|
30|1193|648|0|1934|1|0|
30|1165|648|0|1881|1|0|
30|1189|756|0|2276|1|0|
30|1130|648|0|1888|1|0|
30|1128|648|0|2107|1|0|
30|1163|864|0|1732|1|0|
30|1146|756|0|2053|1|0|
30|1160|864|0|1761|1|0|
30|1107|756|0|2034|1|0|
30|1130|648|0|1840|1|0|
30|1155|756|0|1826|1|0|
30|1153|756|0|1933|1|0|
30|1159|864|0|2175|1|0|
30|1184|864|0|2072|1|0|
30|1157|756|0|2125|1|0|
30|1121|756|0|1630|1|0|
30|1149|756|0|2179|1|0|
30|1133|648|0|1539|1|0|
30|1102|756|0|1389|1|0|
30|1130|972|0|1515|1|0|
30|1186|648|0|1976|1|0|
30|1163|972|0|2170|1|0|
30|1177|864|0|2062|1|0|
30|1170|972|0|1834|1|0|
30|1170|648|0|2291|1|0|
30|1090|972|0|1234|1|0|
30|1126|756|0|1641|1|0|
30|1064|756|0|1463|1|0|
30|1137|648|0|2081|1|0|
30|940|432|0|535|1|0|
30|944|540|0|534|1|0|
30|938|540|0|533|1|0|
30|1182|648|0|2461|1|0|
30|1126|648|0|1456|1|0|
30|1130|648|0|1935|1|0|
30|1084|756|0|1134|1|0|
30|1141|756|0|1621|1|0|
30|1136|756|0|1918|1|0|
30|1067|648|0|1629|1|0|
30|1141|648|0|1760|1|0|
30|1151|648|0|1948|1|0|
30|1163|864|0|2298|1|0|
30|1185|864|0|2321|1|0|
30|1180|864|0|2068|1|0|
30|1120|756|0|1302|1|0|
30|1131|756|0|2059|1|0|
30|1134|648|0|2146|1|0|
30|1136|648|0|1690|1|0|
30|1111|864|0|2302|1|0|
30|1147|648|0|2021|1|0|
30|1159|756|0|1866|1|0|
30|1158|972|0|1668|1|0|
30|1150|756|0|1721|1|0|
30|1172|864|0|1833|1|0|
30|1126|756|0|1356|1|0|
30|1152|864|0|2213|1|0|
30|1174|756|0|2137|1|0|
30|1069|864|0|1384|1|0|
30|1154|540|0|2093|1|0|
30|1168|756|0|1913|1|0|
30|1123|864|0|1618|1|0|
30|1114|756|0|1274|1|0|
30|1164|864|0|1923|1|0|
30|1175|864|0|1951|1|0|
30|1146|864|0|1941|1|0|
30|1153|864|0|2201|1|0|
30|1143|864|0|1741|1|0|
30|1150|972|0|2018|1|0|
30|1180|756|0|1894|1|0|
30|1082|540|0|1350|1|0|
30|1145|972|0|1361|1|0|
30|1130|540|0|1843|1|0|
30|1125|756|0|1595|1|0|
30|987|540|0|535|1|0|
30|942|432|0|535|1|0|
30|945|540|0|533|1|0|
30|1102|756|0|1722|1|0|
30|1142|648|0|1237|1|0|
30|1180|648|0|1644|1|0|
30|1137|756|0|1858|1|0|
30|1148|648|0|2155|1|0|
30|1156|864|0|2076|1|0|
30|1107|864|0|1642|1|0|
30|1163|756|0|1846|1|0|
30|1203|756|0|1935|1|0|
30|1183|756|0|2324|1|0|
30|1156|540|0|1818|1|0|
30|1175|972|0|1889|1|0|
30|1179|756|0|2042|1|0|
30|1172|864|0|2182|1|0|
30|1155|756|0|1930|1|0|
30|1157|972|0|1931|1|0|
30|1148|864|0|2181|1|0|
30|1108|972|0|1644|1|0|
30|1160|756|0|1877|1|0|
30|1158|864|0|1807|1|0|
30|1169|756|0|2114|1|0|
30|1198|756|0|2063|1|0|
30|1117|756|0|2131|1|0|
30|1113|540|0|1782|1|0|
30|1104|540|0|1607|1|0|
30|1141|972|0|1753|1|0|
30|1197|972|0|1647|1|0|
30|1147|972|0|2017|1|0|
30|1171|756|0|1663|1|0|
30|1164|648|0|1971|1|0|
30|1109|648|0|1514|1|0|
30|1139|756|0|2091|1|0|
30|1166|756|0|2090|1|0|
30|1160|648|0|2046|1|0|
30|1111|648|0|1761|1|0|
30|1135|648|0|1919|1|0|
30|1180|756|0|1657|1|0|
30|1102|756|0|1534|1|0|
30|1165|864|0|1545|1|0|
30|1158|864|0|1718|1|0|
30|1146|756|0|1639|1|0|
30|1041|972|0|713|1|0|
30|939|540|0|534|1|0|
30|952|648|0|537|1|0|
30|1098|864|0|2143|1|0|
30|1161|756|0|1738|1|0|
30|1159|648|0|2051|1|0|
30|1137|864|0|1651|1|0|
30|1112|864|0|1556|1|0|
30|1179|648|0|1938|1|0|
30|1161|756|0|2271|1|0|
30|1115|756|0|1455|1|0|
30|1118|648|0|1901|1|0|
30|1096|648|0|1321|1|0|
30|1152|756|0|1869|1|0|
30|1161|540|0|1730|1|0|
30|1146|756|0|1845|1|0|
30|1172|756|0|2117|1|0|
30|1130|756|0|1652|1|0|
30|1115|864|0|2095|1|0|
30|1182|756|0|2061|1|0|
30|1194|864|0|2358|1|0|
30|1125|756|0|1909|1|0|
30|1122|648|0|1640|1|0|
30|1175|648|0|1545|2|0|
30|1145|864|0|1973|1|0|
30|1129|864|0|1789|1|0|
30|1139|864|0|1961|1|0|
30|1136|756|0|2049|1|0|
30|1143|648|0|1782|1|0|
30|1248|972|0|1980|1|0|
30|1102|540|0|1464|1|0|
30|1170|756|0|2013|2|0|
30|1131|648|0|2211|1|0|
30|1164|864|0|2045|1|0|
30|1130|648|0|1983|1|0|
30|1138|756|0|2004|1|0|
30|1138|756|0|2261|1|0|
30|1168|756|0|2096|1|0|
30|1150|648|0|1408|1|0|
30|1146|756|0|1958|1|0|
30|1171|864|0|1650|1|0|
30|1145|756|0|1557|1|0|
30|1154|972|0|1660|1|0|
30|1132|756|0|2148|1|0|
30|1110|756|0|1151|1|0|
30|941|540|0|534|1|0|
30|940|540|0|535|1|0|
30|1080|864|0|1556|1|0|
30|1165|540|0|1742|1|0|
30|1176|648|0|1404|1|0|
30|1122|540|0|1731|1|0|
30|1155|756|0|1723|1|0|
30|1105|540|0|1483|1|0|
30|1117|864|0|1759|1|0|
30|1093|756|0|1753|1|0|
30|1179|756|0|1561|1|0|
30|1162|756|0|1849|1|0|
30|1139|756|0|1998|1|0|
30|1137|972|0|1643|1|0|
30|1125|1080|0|1739|1|0|
30|1128|648|0|2084|1|0|
30|1114|756|0|2315|1|0|
30|1147|756|0|1858|1|0|
30|1237|864|0|2271|1|0|
30|1164|756|0|2144|1|0|
30|1128|648|0|1683|1|0|
30|1187|756|0|2058|1|0|
30|1079|756|0|1308|1|0|
30|1147|648|0|1902|1|0|
30|1214|972|0|1928|1|0|
30|1159|756|0|1840|1|0|
30|1115|864|0|1518|1|0|
30|1152|756|0|1959|1|0|
30|1169|756|0|1897|1|0|
30|1138|648|0|1814|1|0|
30|1192|864|0|2198|1|0|
30|1159|756|0|1727|1|0|
30|1133|756|0|1882|1|0|
30|1130|864|0|2092|1|0|
30|1153|540|0|2165|1|0|
30|1113|648|0|1275|1|0|
30|1139|864|0|1810|1|0|
30|1122|756|0|1887|1|0|
30|1113|756|0|1939|1|0|
30|1153|648|0|1398|1|0|
30|1107|756|0|1266|1|0|
30|1128|864|0|1519|1|0|
30|1050|648|0|950|1|0|
30|944|540|0|534|1|0|
30|947|648|0|534|1|0|
30|1197|648|0|2343|1|0|
30|1153|756|0|1955|1|0|
30|1134|756|0|1708|1|0|
30|1134|648|0|1926|1|0|
30|2307|1404|0|3038|1|0|
30|1130|648|0|1925|1|0|
30|1155|648|0|1804|1|0|
30|1132|864|0|1565|1|0|
30|1161|972|0|1729|1|0|
30|1209|972|0|1850|1|0|
30|1163|648|0|2185|1|0|
30|1161|756|0|1823|1|0|
30|1113|864|0|1694|1|0|
30|1160|648|0|2161|1|0|
30|1172|648|0|1787|1|0|
30|1199|972|0|2124|1|0|
30|1190|756|0|2349|1|0|
30|1182|864|0|2087|1|0|
30|1173|864|0|2175|1|0|
30|1133|864|0|1816|1|0|
30|1176|648|0|1940|1|0|
30|1145|864|0|1681|1|0|
30|1156|648|0|1957|1|0|
30|1188|756|0|2096|1|0|
30|1142|756|0|2218|1|0|
30|1124|648|0|1535|1|0|
30|1129|756|0|1439|1|0|
30|1128|648|0|1781|1|0|
30|1132|756|0|1619|1|0|
30|1099|756|0|1445|1|0|
30|1183|756|0|2050|1|0|
30|1158|756|0|1782|1|0|
30|1235|756|0|2129|1|0|
30|1146|648|0|1995|1|0|
30|1167|864|0|2233|1|0|
30|1137|756|0|1808|1|0|
30|1130|648|0|2148|1|0|
30|1137|972|0|1603|1|0|
30|1172|756|0|1667|1|0|
30|1126|972|0|1888|1|0|
30|1115|864|0|1709|1|0|
30|977|540|0|534|1|0|
30|1072|648|0|2126|1|0|
30|1034|756|0|962|1|0|
30|1111|648|0|1365|1|0|
30|1064|648|0|1704|1|0|
30|1078|648|0|1724|1|0|
30|1165|756|0|1631|1|0|
30|1107|864|0|2045|1|0|
30|1110|864|0|1636|1|0|
30|1163|864|0|1462|1|0|
30|1143|972|0|1769|1|0|
30|1170|648|0|1761|1|0|
30|1133|648|0|1769|1|0|
30|1140|864|0|1814|1|0|
30|1088|540|0|1608|1|0|
30|1137|648|0|1937|1|0|
30|1137|648|0|2176|1|0|
30|1138|864|0|1486|1|0|
30|1147|972|0|2134|1|0|
30|1162|756|0|1883|1|0|
30|1128|756|0|1681|1|0|
30|1155|756|0|2267|1|0|
30|1143|648|0|2153|1|0|
30|1146|648|0|1708|1|0|
30|1135|756|0|1921|1|0|
30|1126|648|0|2009|1|0|
30|1086|648|0|1245|1|0|
30|1148|756|0|2119|1|0|
30|1162|540|0|1586|1|0|
30|1170|972|0|2087|1|0|
30|1134|756|0|1888|1|0|
30|1162|756|0|2100|1|0|
30|1131|648|0|1616|1|0|
30|1127|864|0|1635|1|0|
30|1159|756|0|1751|1|0|
30|1109|648|0|1603|1|0|
30|1138|756|0|1743|1|0|
30|1169|648|0|2029|1|0|
30|1160|864|0|1789|1|0|
30|1054|648|0|628|1|0|
30|1168|864|0|1766|1|0|
30|1133|756|0|1461|1|0|
30|1086|864|0|1129|1|0|
30|1154|864|0|1535|1|0|
30|948|756|0|535|1|0|
30|943|432|0|535|1|0|
30|1100|756|0|2199|1|0|
30|1102|540|0|1594|1|0|
30|1134|540|0|1571|1|0|
30|1150|648|0|1745|1|0|
30|1184|756|0|2038|1|0|
30|1106|648|0|1734|1|0|
30|1158|756|0|2039|1|0|
30|1102|864|0|1554|1|0|
30|1102|864|0|1950|1|0|
30|1130|648|0|1770|1|0|
30|1144|756|0|1781|1|0|
30|1145|864|0|1895|1|0|
30|1094|648|0|1586|1|0|
30|1138|756|0|1823|1|0|
30|1153|648|0|2084|1|0|
30|1173|756|0|1790|1|0|
30|1127|648|0|1758|1|0|
30|1117|756|0|1661|1|0|
30|1115|648|0|1877|1|0|
30|1112|756|0|1385|1|0|
30|1122|648|0|1617|1|0|
30|1145|864|0|1913|1|0|
30|1127|864|0|1790|1|0|
30|1120|972|0|1856|1|0|
30|1156|756|0|2043|1|0|
30|1165|648|0|2284|1|0|
30|1182|648|0|2130|1|0|
30|1116|756|0|2018|1|0|
30|1142|864|0|1738|1|0|
30|1129|648|0|2205|1|0|
30|1124|864|0|1561|1|0|
30|1161|864|0|2004|1|0|
30|1145|648|0|1953|1|0|
30|1151|864|0|1537|1|0|
30|1140|756|0|2195|1|0|
30|1134|648|0|1756|1|0|
30|1173|864|0|2018|1|0|
30|1141|756|0|1796|1|0|
30|1191|756|0|1896|1|0|
30|1134|648|0|1769|1|0|
30|1144|540|0|2010|1|0|
30|947|648|0|532|1|0|
30|1127|648|0|2198|1|0|
30|1131|648|0|1499|1|0|
30|1186|756|0|2190|1|0|
30|1122|972|0|1944|1|0|
30|1178|756|0|1926|1|0|
30|1156|756|0|1953|1|0|
30|1139|648|0|1340|1|0|
30|1148|864|0|1991|1|0|
30|1112|756|0|1297|1|0|
30|1138|756|0|2045|1|0|
30|1163|756|0|1866|1|0|
30|1167|972|0|1907|1|0|
30|1082|540|0|1366|1|0|
30|1122|648|0|2290|1|0|
30|1198|756|0|1976|1|0|
30|1157|648|0|2249|1|0|
30|1094|972|0|2079|1|0|
30|1157|756|0|1759|1|0|
30|1158|756|0|2169|1|0|
30|1121|648|0|2000|1|0|
30|1127|756|0|1727|1|0|
30|1174|756|0|1603|1|0|
30|1186|972|0|1926|1|0|
30|1162|972|0|1953|1|0|
30|1161|864|0|1867|1|0|
30|1168|756|0|2205|1|0|
30|1157|756|0|2061|1|0|
30|1130|648|0|1737|1|0|
30|1172|648|0|2083|1|0|
30|1114|756|0|1836|1|0|
30|1154|864|0|1697|1|0|
30|1128|972|0|1854|1|0|
30|1137|648|0|2268|1|0|
30|1161|648|0|2068|1|0|
30|1155|648|0|1994|1|0|
30|1162|864|0|1890|1|0|
30|1152|756|0|2094|1|0|
30|1169|972|0|1947|1|0|
30|1173|864|0|2112|1|0|
30|1101|972|0|1547|1|0|
30|1130|756|0|1763|1|0|
30|1164|864|0|1768|1|0|
30|1123|540|0|2106|1|0|
30|1101|756|0|1196|1|0|
30|965|648|0|531|1|0|
30|946|648|0|535|1|0|
30|1145|756|0|2452|1|0|
30|1171|756|0|1841|1|0|
30|1127|648|0|1145|1|0|
30|1120|648|0|1372|1|0|
30|1078|756|0|1812|1|0|
30|1168|648|0|1784|1|0|
30|1119|864|0|1818|1|0|
30|1140|864|0|2047|1|0|
30|1172|864|0|1597|1|0|
30|1174|756|0|1613|1|0|
30|1132|756|0|1799|1|0|
30|1156|756|0|1915|1|0|
30|1146|648|0|1504|1|0|
30|1113|540|0|1894|1|0|
30|1144|756|0|1913|1|0|
30|1157|864|0|2298|1|0|
30|1129|756|0|1869|1|0|
30|1114|864|0|1792|1|0|
30|1128|648|0|1363|1|0|
30|1099|864|0|1689|1|0|
30|1172|648|0|1948|1|0|
30|1153|648|0|2085|1|0|
30|1164|864|0|2186|1|0|
30|1151|864|0|1856|1|0|
30|1157|756|0|2120|1|0|
30|1194|864|0|2187|1|0|
30|1156|756|0|2071|1|0|
30|1158|972|0|2181|1|0|
30|1158|864|0|2251|1|0|
30|1130|756|0|1808|1|0|
30|1139|972|0|1455|1|0|
30|1174|864|0|2034|1|0|
30|1156|756|0|2152|1|0|
30|1148|864|0|2111|1|0|
30|1167|756|0|1749|1|0|
30|1210|648|0|2207|1|0|
30|1109|540|0|1643|1|0|
30|1097|756|0|1360|1|0|
30|1180|864|0|1762|1|0|
30|1198|648|0|1863|1|0|
30|1158|864|0|2356|1|0|
30|950|864|0|532|1|0|
30|1109|648|0|2334|1|0|
30|945|540|0|532|1|0|
30|1097|756|0|1928|1|0|
30|1198|864|0|1378|1|0|
30|1121|756|0|1693|1|0|
30|1139|648|0|1668|1|0|
30|1140|756|0|1930|1|0|
30|1152|864|0|2250|1|0|
30|1157|756|0|1924|1|0|
30|1171|864|0|1583|1|0|
30|1161|756|0|2034|1|0|
30|1156|756|0|1975|1|0|
30|1126|756|0|1657|1|0|
30|1146|756|0|1576|1|0|
30|1138|864|0|1888|1|0|
30|1094|756|0|1618|1|0|
30|1112|864|0|1603|1|0|
30|1177|756|0|2323|1|0|
30|1182|648|0|1805|1|0|
30|1184|756|0|1836|1|0|
30|1180|648|0|2101|1|0|
30|1105|756|0|1482|1|0|
30|1153|1080|0|2215|1|0|
30|1145|756|0|1791|1|0|
30|1182|756|0|1914|1|0|
30|1130|648|0|1669|1|0|
30|1117|756|0|1804|1|0|
30|1129|864|0|1994|1|0|
30|1164|756|0|1960|1|0|
30|1160|756|0|2145|1|0|
30|1159|864|0|2056|1|0|
30|1121|864|0|1731|1|0|
30|1157|864|0|2087|1|0|
30|1201|864|0|2007|1|0|
30|1134|756|0|1431|1|0|
30|1162|648|0|1791|1|0|
30|1115|864|0|1818|1|0|
30|1132|864|0|1551|1|0|
30|1102|864|0|1223|1|0|
30|1156|756|0|1694|1|0|
30|1204|864|0|2158|1|0|
30|1087|756|0|1921|1|0|
30|1125|864|0|1552|1|0|
30|950|648|0|535|1|0|
30|990|864|0|532|1|0|
30|1100|756|0|1352|1|0|
30|1133|864|0|1406|1|0|
30|1171|756|0|1931|1|0|
30|1153|648|0|2172|1|0|
30|1145|864|0|1678|1|0|
30|1125|756|0|1350|1|0|
30|1123|756|0|1930|1|0|
30|1110|756|0|1760|1|0|
30|1152|648|0|1537|1|0|
30|1180|864|0|2074|1|0|
30|1156|648|0|2151|1|0|
30|1170|756|0|1874|1|0|
30|1133|864|0|2240|1|0|
30|1186|756|0|2049|1|0|
30|1146|756|0|2575|1|0|
30|1167|972|0|1697|1|0|
30|1207|864|0|1763|1|0|
30|1053|648|0|1602|1|0|
30|1133|756|0|2150|1|0|
30|1176|864|0|2009|1|0|
30|1154|864|0|1868|1|0|
30|1123|756|0|2155|1|0|
30|1123|756|0|2161|1|0|
30|1160|756|0|2146|1|0|
30|1138|756|0|1773|1|0|
30|1104|864|0|1590|1|0|
30|1149|864|0|1746|1|0|
30|1152|540|0|1121|1|0|
30|1182|864|0|2301|1|0|
30|1171|972|0|2211|1|0|
30|1136|756|0|1747|1|0|
30|1174|648|0|2162|1|0|
30|1144|864|0|1449|1|0|
30|1134|864|0|1880|1|0|
30|1177|756|0|1984|1|0|
30|1173|864|0|2228|1|0|
30|1117|864|0|1885|1|0|
30|1113|756|0|1682|1|0|
30|1113|756|0|1643|1|0|
30|1136|756|0|1575|1|0|
30|939|648|0|535|1|0|
30|946|756|0|534|1|0|
30|982|540|0|531|1|0|
30|1134|648|0|2499|1|0|
30|1142|756|0|2271|1|0|
30|1145|648|0|2390|1|0|
30|1144|756|0|1581|1|0|
30|1142|756|0|1816|1|0|
30|1150|648|0|2072|1|0|
30|1148|756|0|1753|1|0|
30|1134|648|0|1534|1|0|
30|1156|756|0|2096|1|0|
30|1124|864|0|1720|1|0|
30|939|648|0|534|1|0|
30|978|540|0|535|1|0|
30|945|756|0|535|1|0|
30|945|756|0|535|1|0|
30|945|540|0|535|1|0|
30|953|540|0|534|1|0|
30|948|756|0|534|1|0|
30|947|540|0|535|1|0|
30|947|648|0|535|1|0|
30|944|648|0|535|1|0|
30|948|540|0|534|1|0|
30|942|432|0|535|1|0|
30|953|864|0|535|1|0|
30|978|540|0|535|1|0|
30|957|648|0|535|1|0|
30|944|540|0|535|1|0|
30|947|756|0|535|1|0|
30|945|864|0|535|1|0|
30|945|648|0|535|1|0|
30|951|756|0|535|1|0|
30|1151|756|0|1451|1|0|
30|951|648|0|534|1|0|
30|1115|864|0|1484|1|0|
30|947|648|0|535|1|0|
30|962|648|0|535|1|0|
30|955|648|0|535|1|0|
30|943|540|0|535|1|0|
30|981|540|0|535|1|0|
30|941|432|0|535|1|0|
30|944|648|0|535|1|0|
30|947|540|0|534|1|0|
30|948|432|0|535|1|0|
30|947|540|0|534|1|0|
30|946|648|0|534|1|0|
30|943|432|0|535|1|0|
30|943|432|0|534|1|0|
30|945|540|0|535|1|0|
30|948|756|0|535|1|0|
30|955|756|0|531|1|0|
30|954|648|0|534|1|0|
30|946|540|0|535|1|0|
30|947|756|0|534|1|0|
30|949|756|0|535|1|0|
30|945|648|0|535|1|0|
30|945|432|0|535|1|0|
30|946|756|0|534|1|0|
30|943|648|0|535|1|0|
30|947|540|0|534|1|0|
30|946|648|0|535|1|0|
30|1152|540|0|1551|1|0|
30|1815|1296|0|1064|1|0|
30|942|756|0|534|1|0|
30|942|648|0|535|1|0|
30|986|648|0|535|1|0|
30|946|756|0|534|1|0|
30|948|540|0|534|1|0|
30|978|540|0|534|1|0|
30|945|540|0|535|1|0|
30|947|432|0|534|1|0|
30|982|540|0|535|1|0|
30|943|864|0|535|1|0|
30|1093|648|0|535|1|0|
30|945|648|0|534|1|0|
30|945|648|0|534|1|0|
30|946|648|0|534|1|0|
30|947|540|0|534|1|0|
30|945|432|0|534|1|0|
30|977|540|0|535|1|0|
30|950|756|0|535|1|0|
30|949|540|0|535|1|0|
30|946|540|0|535|1|0|
30|947|540|0|535|1|0|
30|962|540|0|534|1|0|
30|946|432|0|534|1|0|
30|947|432|0|534|1|0|
30|942|756|0|535|1|0|
30|943|648|0|535|1|0|
30|945|648|0|535|1|0|
30|945|648|0|535|1|0|
30|947|540|0|534|1|0|
30|948|756|0|535|1|0|
30|946|540|0|534|1|0|
30|945|540|0|534|1|0|
30|944|648|0|535|1|0|
30|942|540|0|535|1|0|
30|944|648|0|534|1|0|
30|948|756|0|533|1|0|
30|941|648|0|534|1|0|
30|944|648|0|534|1|0|
30|952|432|0|535|1|0|
30|942|540|0|535|1|0|
30|978|540|0|535|1|0|
30|977|540|0|535|1|0|
30|946|648|0|534|1|0|
30|941|540|0|535|1|0|
30|943|756|0|533|1|0|
30|942|648|0|535|1|0|
30|939|648|0|535|1|0|
30|950|864|0|534|1|0|
30|949|756|0|535|1|0|
30|953|432|0|533|1|0|
30|952|432|0|534|1|0|
30|947|432|0|534|1|0|
30|948|540|0|535|1|0|
30|946|648|0|535|1|0|
30|948|540|0|535|1|0|
30|950|540|0|530|1|0|
30|1158|972|0|1186|1|0|
30|949|432|0|537|1|0|
30|952|540|0|532|1|0|
30|948|648|0|534|1|0|
30|956|540|0|532|1|0|
30|948|540|0|535|1|0|
30|947|864|0|535|1|0|
30|991|972|0|531|1|0|
30|942|648|0|534|1|0|
30|982|432|0|535|1|0|
30|950|540|0|535|1|0|
30|945|432|0|534|1|0|
30|944|540|0|535|1|0|
30|947|648|0|534|1|0|
30|946|648|0|534|1|0|
30|945|432|0|535|1|0|
30|951|432|0|537|1|0|
30|943|648|0|535|1|0|
30|940|756|0|534|1|0|
30|947|540|0|534|1|0|
30|944|648|0|535|1|0|
30|944|756|0|535|1|0|
30|951|648|0|535|1|0|
30|950|432|0|535|1|0|
30|942|648|0|535|1|0|
30|953|864|0|537|1|0|
30|941|648|0|534|1|0|
30|944|648|0|535|1|0|
30|962|864|0|533|1|0|
30|945|756|0|535|1|0|
30|944|648|0|535|1|0|
30|952|432|0|535|1|0|
30|954|648|0|536|1|0|
30|945|648|0|535|1|0|
30|949|756|0|535|1|0|
30|945|432|0|535|1|0|
30|947|756|0|534|1|0|
30|949|756|0|535|1|0|
30|945|540|0|534|1|0|
30|946|432|0|535|1|0|
30|956|648|0|534|1|0|
30|943|432|0|534|1|0|
30|946|540|0|535|1|0|
30|957|756|0|531|1|0|
30|947|648|0|535|1|0|
30|939|756|0|534|1|0|
30|943|648|0|535|1|0|
30|942|648|0|535|1|0|
30|948|540|0|534|1|0|
30|943|864|0|535|1|0|
30|946|540|0|534|1|0|
30|950|540|0|535|1|0|
30|952|540|0|535|1|0|
30|998|756|0|537|1|0|
30|939|648|0|535|1|0|
30|975|540|0|535|1|0|
30|979|540|0|535|1|0|
30|949|540|0|534|1|0|
30|944|648|0|535|1|0|
30|945|648|0|535|1|0|
30|948|540|0|535|1|0|
30|946|432|0|535|1|0|
30|948|540|0|535|1|0|
30|947|756|0|534|1|0|
30|945|648|0|534|1|0|
30|955|540|0|535|1|0|
30|945|864|0|535|1|0|
30|943|756|0|535|1|0|
30|945|756|0|535|1|0|
30|975|648|0|533|1|0|
30|948|540|0|534|1|0|
30|945|648|0|535|1|0|
30|941|540|0|535|1|0|
30|944|540|0|534|1|0|
30|945|864|0|534|1|0|
30|957|648|0|535|1|0|
30|946|648|0|535|1|0|
30|950|756|0|536|1|0|
30|944|540|0|534|1|0|
30|946|540|0|535|1|0|
30|963|648|0|534|1|0|
30|952|648|0|535|1|0|
30|956|756|0|534|1|0|
30|979|648|0|535|1|0|
30|944|432|0|535|1|0|
30|945|648|0|535|1|0|
30|951|540|0|534|1|0|
30|945|432|0|535|1|0|
30|943|540|0|535|1|0|
30|945|540|0|534|1|0|
30|935|540|0|535|1|0|
30|979|756|0|535|1|0|
30|954|540|0|534|1|0|
30|954|756|0|531|1|0|
30|945|432|0|535|1|0|
30|1320|864|0|667|1|0|
30|948|864|0|535|1|0|
30|952|864|0|534|1|0|
30|948|648|0|535|1|0|
30|961|648|0|535|1|0|
30|952|648|0|535|1|0|
30|943|540|0|535|1|0|
30|948|756|0|535|1|0|
30|944|756|0|535|1|0|
30|948|648|0|535|1|0|
30|945|648|0|534|1|0|
30|952|756|0|535|1|0|
30|963|756|0|534|1|0|
30|943|648|0|535|1|0|
30|944|648|0|535|1|0|
30|945|864|0|535|1|0|
30|977|756|0|535|1|0|
30|953|648|0|534|1|0|
30|943|756|0|532|1|0|
30|947|432|0|535|1|0|
30|945|864|0|535|1|0|
30|944|540|0|535|1|0|
30|948|648|0|534|1|0|
30|944|756|0|534|1|0|
30|956|648|0|531|1|0|
30|943|756|0|535|1|0|
30|947|756|0|534|1|0|
30|944|540|0|535|1|0|
30|946|756|0|535|1|0|
30|947|540|0|535|1|0|
30|943|540|0|535|1|0|
30|942|540|0|534|1|0|
30|947|540|0|534|1|0|
30|945|648|0|535|1|0|
30|947|648|0|534|1|0|
30|943|864|0|533|1|0|
30|946|648|0|535|1|0|
30|948|648|0|535|1|0|
30|941|648|0|535|1|0|
30|980|432|0|535|1|0|
30|947|540|0|534|1|0|
30|945|648|0|535|1|0|
30|945|648|0|534|1|0|
30|949|648|0|535|1|0|
30|955|648|0|534|1|0|
30|949|756|0|535|1|0|
30|944|648|0|535|1|0|
30|949|756|0|535|1|0|
30|956|756|0|535|1|0|
30|953|756|0|536|1|0|
30|945|432|0|534|1|0|
30|950|540|0|535|1|0|
30|948|648|0|534|1|0|
30|943|540|0|533|1|0|
30|950|756|0|535|1|0|
30|958|432|0|533|1|0|
30|980|540|0|535|1|0|
30|943|756|0|534|1|0|
30|958|648|0|535|1|0|
30|945|756|0|534|1|0|
30|946|756|0|535|1|0|
30|944|540|0|535|1|0|
30|947|756|0|535|1|0|
30|946|648|0|535|1|0|
30|948|648|0|535|1|0|
30|946|648|0|535|1|0|
30|944|648|0|535|1|0|
30|948|648|0|534|1|0|
30|945|756|0|535|1|0|
30|946|540|0|535|1|0|
30|951|756|0|534|1|0|
30|977|648|0|535|1|0|
30|947|540|0|535|1|0|
30|950|648|0|535|1|0|
30|944|540|0|535|1|0|
30|1059|648|0|823|1|0|
30|943|432|0|535|1|0|
30|972|432|0|535|1|0|
30|942|648|0|535|1|0|
30|938|648|0|534|1|0|
30|940|540|0|535|1|0|
30|939|540|0|535|1|0|
30|957|540|0|534|1|0|
30|952|540|0|534|1|0|
30|955|540|0|531|1|0|
30|956|648|0|535|1|0|
30|957|756|0|534|1|0|
30|950|432|0|535|1|0|
30|944|864|0|535|1|0|
30|955|648|0|535|1|0|
30|948|432|0|535|1|0|
30|944|648|0|534|1|0|
30|941|648|0|534|1|0|
30|944|756|0|535|1|0|
30|947|432|0|535|1|0|
30|947|648|0|534|1|0|
30|945|432|0|535|1|0|
30|991|540|0|536|1|0|
30|947|648|0|534|1|0|
30|948|756|0|534|1|0|
30|959|756|0|536|1|0|
30|955|648|0|535|1|0|
30|949|648|0|535|1|0|
30|958|648|0|535|1|0|
30|953|756|0|531|1|0|
30|942|756|0|535|1|0|
30|957|648|0|534|1|0|
30|947|540|0|535|1|0|
30|949|432|0|535|1|0|
30|949|756|0|535|1|0|
30|947|540|0|535|1|0|
30|946|540|0|534|1|0|
30|944|648|0|535|1|0|
30|947|432|0|535|1|0|
30|954|540|0|535|1|0|
30|944|648|0|534|1|0|
30|948|540|0|534|1|0|
30|942|648|0|534|1|0|
30|949|756|0|535|1|0|
30|943|540|0|535|1|0|
30|947|756|0|535|1|0|
30|949|648|0|534|1|0|
30|946|756|0|535|1|0|
30|938|864|0|535|1|0|
30|942|648|0|534|1|0|
30|943|864|0|535|1|0|
30|953|756|0|534|1|0|
30|946|864|0|534|1|0|
30|942|864|0|535|1|0|
30|951|648|0|535|1|0|
30|945|432|0|535|1|0|
30|954|648|0|534|1|0|
30|945|972|0|535|1|0|
30|942|540|0|535|1|0|
30|950|648|0|535|1|0|
30|945|756|0|534|1|0|
30|945|648|0|534|1|0|
30|945|756|0|535|1|0|
30|945|648|0|535|1|0|
30|957|648|0|535|1|0|
30|947|432|0|534|1|0|
30|946|540|0|535|1|0|
30|947|864|0|535|1|0|
30|945|648|0|535|1|0|
30|954|864|0|532|1|0|
30|942|864|0|534|1|0|
30|944|432|0|535|1|0|
30|977|756|0|534|1|0|
30|948|648|0|535|1|0|
30|956|648|0|535|1|0|
30|941|864|0|534|1|0|
30|945|540|0|535|1|0|
30|948|648|0|535|1|0|
30|956|648|0|536|1|0|
