INSTRUCTIONS_RETIRED|CYCLES|UNKNOWN|LD_BLOCKS.STORE_FORWARD|UOPS_EXECUTED.CORE|BR_MISP_RETIRED.ALL_BRANCHES|UOPS_ISSUED.SINGLE_MUL|
30|941|648|0|534|1|0|
30|945|432|0|535|1|0|
30|948|756|0|535|1|0|
30|950|648|0|537|1|0|
30|958|648|0|535|1|0|
30|946|648|0|534|1|0|
30|940|648|0|535|1|0|
30|947|756|0|534|1|0|
30|944|648|0|535|1|0|
30|952|756|0|535|1|0|
30|944|756|0|535|1|0|
30|948|756|0|535|1|0|
30|943|648|0|535|1|0|
30|956|540|0|532|1|0|
30|949|972|0|535|1|0|
30|956|972|0|535|1|0|
30|945|756|0|534|1|0|
30|981|648|0|535|1|0|
30|947|648|0|534|1|0|
30|945|432|0|535|1|0|
30|945|756|0|535|1|0|
30|957|432|0|535|1|0|
30|947|864|0|534|1|0|
30|954|540|0|534|1|0|
30|944|864|0|535|1|0|
30|937|756|0|535|1|0|
30|944|540|0|534|1|0|
30|958|864|0|535|1|0|
30|947|540|0|534|1|0|
30|948|540|0|534|1|0|
30|943|540|0|534|1|0|
30|945|648|0|534|1|0|
30|944|540|0|535|1|0|
30|944|540|0|535|1|0|
30|956|648|0|534|1|0|
30|942|648|0|535|1|0|
30|954|648|0|535|1|0|
30|946|756|0|535|1|0|
30|945|648|0|535|1|0|
30|955|432|0|535|1|0|
30|950|540|0|535|1|0|
30|948|432|0|535|1|0|
30|948|540|0|535|1|0|
30|954|972|0|536|1|0|
30|943|648|0|534|1|0|
30|948|540|0|535|1|0|
30|947|648|0|535|1|0|
30|948|648|0|534|1|0|
30|945|648|0|535|1|0|
30|954|864|0|534|1|0|
30|940|756|0|534|1|0|
30|947|432|0|534|1|0|
30|944|432|0|535|1|0|
30|949|540|0|535|1|0|
30|954|540|0|535|1|0|
30|947|540|0|535|1|0|
30|954|648|0|535|1|0|
30|950|540|0|534|1|0|
30|944|648|0|535|1|0|
30|945|756|0|535|1|0|
30|948|756|0|535|1|0|
30|958|432|0|537|1|0|
30|946|648|0|535|1|0|
30|945|756|0|535|1|0|
30|943|756|0|534|1|0|
30|945|648|0|535|1|0|
30|944|540|0|534|1|0|
30|944|972|0|535|1|0|
30|957|540|0|534|1|0|
30|943|540|0|535|1|0|
30|942|648|0|534|1|0|
30|945|540|0|534|1|0|
30|947|648|0|534|1|0|
30|949|432|0|535|1|0|
30|946|432|0|535|1|0|
30|949|432|0|534|1|0|
30|946|540|0|534|1|0|
30|946|540|0|535|1|0|
30|951|432|0|535|1|0|
30|946|540|0|534|1|0|
30|952|540|0|532|1|0|
30|946|540|0|535|1|0|
30|948|756|0|535|1|0|
30|956|432|0|534|1|0|
30|946|540|0|535|1|0|
30|948|648|0|535|1|0|
30|949|540|0|535|1|0|
30|945|648|0|534|1|0|
30|947|432|0|534|1|0|
30|943|432|0|535|1|0|
30|957|540|0|535|1|0|
30|950|432|0|534|1|0|
30|947|648|0|535|1|0|
30|964|648|0|534|1|0|
30|942|648|0|534|1|0|
30|948|432|0|535|1|0|
30|951|540|0|535|1|0|
30|1090|756|0|904|1|0|
30|946|756|0|535|1|0|
30|944|432|0|534|1|0|
30|945|648|0|535|1|0|
30|944|648|0|534|1|0|
30|946|432|0|534|1|0|
30|941|540|0|534|1|0|
30|946|540|0|534|1|0|
30|947|648|0|534|1|0|
30|955|540|0|532|1|0|
30|954|432|0|534|1|0|
30|947|756|0|535|1|0|
30|947|648|0|535|1|0|
30|945|540|0|534|1|0|
30|946|540|0|535|1|0|
30|953|648|0|536|1|0|
30|939|540|0|534|1|0|
30|954|540|0|535|1|0|
30|949|648|0|535|1|0|
30|944|756|0|534|1|0|
30|947|648|0|534|1|0|
30|945|648|0|535|1|0|
30|944|648|0|535|1|0|
30|955|648|0|532|1|0|
30|947|540|0|535|1|0|
30|955|648|0|534|1|0|
30|1047|864|0|565|1|0|
30|947|648|0|534|1|0|
30|944|432|0|535|1|0|
30|947|648|0|535|1|0|
30|945|432|0|535|1|0|
30|941|432|0|535|1|0|
30|954|864|0|535|1|0|
30|946|540|0|535|1|0|
30|956|648|0|535|1|0|
30|946|432|0|535|1|0|
30|950|432|0|533|1|0|
30|948|648|0|535|1|0|
30|950|648|0|534|1|0|
30|948|540|0|535|1|0|
30|945|648|0|534|1|0|
30|956|432|0|535|1|0|
30|945|648|0|535|1|0|
30|945|540|0|535|1|0|
30|945|540|0|535|1|0|
30|944|864|0|535|1|0|
30|942|540|0|535|1|0|
30|940|432|0|533|1|0|
30|939|756|0|535|1|0|
30|941|648|0|535|1|0|
30|942|540|0|535|1|0|
30|948|540|0|535|1|0|
30|939|540|0|535|1|0|
30|940|540|0|535|1|0|
30|942|756|0|535|1|0|
30|941|432|0|533|1|0|
30|950|432|0|533|1|0|
30|940|648|0|535|1|0|
30|938|756|0|534|1|0|
30|940|648|0|535|1|0|
30|939|648|0|535|1|0|
30|942|432|0|535|1|0|
30|940|756|0|535|1|0|
30|939|756|0|535|1|0|
30|947|540|0|534|1|0|
30|945|432|0|535|1|0|
30|945|540|0|535|1|0|
30|958|540|0|534|1|0|
30|944|540|0|535|1|0|
30|946|756|0|535|1|0|
30|944|540|0|533|1|0|
30|953|648|0|535|1|0|
30|943|540|0|535|1|0|
30|947|540|0|535|1|0|
30|1028|648|0|536|1|0|
30|947|648|0|534|1|0|
30|950|756|0|535|1|0|
30|945|648|0|535|1|0|
30|953|432|0|534|1|0|
30|951|648|0|535|1|0|
30|950|648|0|534|1|0|
30|946|432|0|535|1|0|
30|956|540|0|535|1|0|
30|943|432|0|535|1|0|
30|945|540|0|535|1|0|
30|954|648|0|535|1|0|
30|943|648|0|535|1|0|
30|960|648|0|537|1|0|
30|952|648|0|534|1|0|
30|945|540|0|535|1|0|
30|943|432|0|535|1|0|
30|955|432|0|531|1|0|
30|945|756|0|535|1|0|
30|943|540|0|534|1|0|
30|944|648|0|535|1|0|
30|952|864|0|535|1|0|
30|944|864|0|535|1|0|
30|947|540|0|535|1|0|
30|948|648|0|535|1|0|
30|953|432|0|535|1|0|
30|949|540|0|534|1|0|
30|945|540|0|535|1|0|
30|944|648|0|535|1|0|
30|955|540|0|535|1|0|
30|942|540|0|535|1|0|
30|945|648|0|534|1|0|
30|948|540|0|534|1|0|
30|951|540|0|535|1|0|
30|940|540|0|535|1|0|
30|944|432|0|535|1|0|
30|953|540|0|535|1|0|
30|945|540|0|534|1|0|
30|951|756|0|535|1|0|
30|946|648|0|535|1|0|
30|945|648|0|535|1|0|
30|945|540|0|535|1|0|
30|945|648|0|534|1|0|
30|946|540|0|534|1|0|
30|945|648|0|535|1|0|
30|959|540|0|537|1|0|
30|946|756|0|535|1|0|
30|952|540|0|535|1|0|
30|946|432|0|535|1|0|
30|953|540|0|534|1|0|
30|946|864|0|535|1|0|
30|955|972|0|532|1|0|
30|942|540|0|534|1|0|
30|946|864|0|535|1|0|
30|942|756|0|534|1|0|
30|945|756|0|534|1|0|
30|953|648|0|535|1|0|
30|956|648|0|535|1|0|
30|945|756|0|534|1|0|
30|944|648|0|534|1|0|
30|950|432|0|535|1|0|
30|944|648|0|535|1|0|
30|944|756|0|535|1|0|
30|946|756|0|535|1|0|
30|941|648|0|535|1|0|
30|958|432|0|534|1|0|
30|949|756|0|535|1|0|
30|952|540|0|533|1|0|
30|954|756|0|535|1|0|
30|946|432|0|535|1|0|
30|948|648|0|534|1|0|
30|943|648|0|535|1|0|
30|951|648|0|535|1|0|
30|944|540|0|534|1|0|
30|944|648|0|535|1|0|
30|945|648|0|534|1|0|
30|987|540|0|534|1|0|
30|942|540|0|535|1|0|
30|940|648|0|535|1|0|
30|945|648|0|535|1|0|
30|946|756|0|535|1|0|
30|946|864|0|535|1|0|
30|943|432|0|534|1|0|
30|956|648|0|532|1|0|
30|948|648|0|535|1|0|
30|950|648|0|535|1|0|
30|946|648|0|534|1|0|
30|945|540|0|533|1|0|
30|941|432|0|535|1|0|
30|951|648|0|534|1|0|
30|948|756|0|535|1|0|
30|944|648|0|534|1|0|
30|950|432|0|536|1|0|
30|941|648|0|535|1|0|
30|949|432|0|534|1|0|
30|955|540|0|535|1|0|
30|1004|540|0|535|1|0|
30|945|756|0|535|1|0|
30|954|540|0|532|1|0|
30|948|432|0|535|1|0|
30|942|756|0|535|1|0|
30|956|540|0|532|1|0|
30|942|540|0|535|1|0|
30|953|540|0|535|1|0|
30|946|540|0|535|1|0|
30|959|540|0|535|1|0|
30|946|648|0|535|1|0|
30|960|864|0|537|1|0|
30|941|756|0|535|1|0|
30|943|432|0|535|1|0|
30|948|648|0|535|1|0|
30|944|540|0|535|1|0|
30|946|432|0|535|1|0|
30|944|540|0|535|1|0|
30|946|648|0|535|1|0|
30|949|540|0|535|1|0|
30|938|540|0|535|1|0|
30|950|540|0|535|1|0|
30|945|648|0|535|1|0|
30|946|540|0|535|1|0|
30|945|648|0|534|1|0|
30|951|540|0|535|1|0|
30|943|540|0|535|1|0|
30|951|648|0|535|1|0|
30|943|648|0|535|1|0|
30|943|432|0|535|1|0|
30|947|432|0|534|1|0|
30|946|756|0|533|1|0|
30|945|648|0|534|1|0|
30|948|756|0|534|1|0|
30|945|432|0|534|1|0|
30|944|540|0|535|1|0|
30|956|648|0|535|1|0|
30|946|540|0|533|1|0|
30|945|648|0|535|1|0|
30|946|432|0|534|1|0|
30|949|540|0|535|1|0|
30|949|648|0|535|1|0|
30|944|432|0|535|1|0|
30|956|432|0|535|1|0|
30|955|648|0|535|1|0|
30|954|648|0|535|1|0|
30|950|540|0|535|1|0|
30|954|540|0|534|1|0|
30|947|540|0|535|1|0|
30|945|540|0|535|1|0|
30|942|864|0|535|1|0|
30|943|540|0|535|1|0|
30|945|540|0|534|1|0|
30|944|648|0|535|1|0|
30|957|540|0|534|1|0|
30|948|540|0|534|1|0|
30|944|432|0|535|1|0|
30|942|540|0|535|1|0|
30|945|756|0|534|1|0|
30|942|648|0|535|1|0|
30|945|540|0|534|1|0|
30|946|540|0|533|1|0|
30|946|756|0|535|1|0|
30|957|648|0|534|1|0|
30|943|432|0|535|1|0|
30|949|756|0|535|1|0|
30|961|540|0|535|1|0|
30|948|648|0|534|1|0|
30|946|756|0|535|1|0|
30|957|648|0|536|1|0|
30|953|540|0|534|1|0|
30|960|540|0|534|1|0|
30|941|756|0|535|1|0|
30|953|540|0|537|1|0|
30|943|540|0|534|1|0|
30|944|648|0|534|1|0|
30|975|648|0|535|1|0|
30|953|432|0|535|1|0|
30|949|540|0|535|1|0|
30|942|432|0|535|1|0|
30|947|648|0|535|1|0|
30|944|540|0|535|1|0|
30|941|540|0|535|1|0|
30|946|540|0|535|1|0|
30|942|540|0|534|1|0|
30|946|540|0|534|1|0|
30|944|540|0|535|1|0|
30|952|540|0|535|1|0|
30|948|756|0|534|1|0|
30|941|432|0|535|1|0|
30|955|648|0|535|1|0|
30|949|648|0|535|1|0|
30|948|432|0|535|1|0|
30|956|756|0|532|1|0|
30|946|540|0|534|1|0|
30|955|432|0|535|1|0|
30|943|432|0|535|1|0|
30|945|540|0|534|1|0|
30|946|432|0|535|1|0|
30|945|432|0|534|1|0|
30|941|756|0|534|1|0|
30|946|540|0|534|1|0|
30|943|648|0|535|1|0|
30|942|432|0|535|1|0|
30|943|432|0|535|1|0|
30|950|540|0|535|1|0|
30|958|540|0|535|1|0|
30|956|540|0|532|1|0|
30|961|756|0|535|1|0|
30|944|432|0|533|1|0|
30|988|756|0|535|1|0|
30|945|432|0|535|1|0|
30|949|540|0|535|1|0|
30|949|756|0|534|1|0|
30|949|756|0|534|1|0|
30|945|540|0|535|1|0|
30|942|432|0|535|1|0|
30|944|864|0|535|1|0|
30|949|540|0|534|1|0|
30|947|648|0|535|1|0|
30|954|540|0|534|1|0|
30|945|648|0|535|1|0|
30|946|648|0|535|1|0|
30|944|540|0|535|1|0|
30|950|756|0|534|1|0|
30|952|972|0|532|1|0|
30|944|540|0|535|1|0|
30|942|432|0|535|1|0|
30|955|648|0|535|1|0|
30|946|540|0|535|1|0|
30|946|756|0|535|1|0|
30|948|540|0|535|1|0|
30|952|540|0|535|1|0|
30|946|648|0|535|1|0|
30|944|432|0|535|1|0|
30|946|432|0|535|1|0|
30|938|540|0|535|1|0|
30|943|756|0|534|1|0|
30|953|864|0|537|1|0|
30|943|756|0|534|1|0|
30|952|756|0|535|1|0|
30|945|864|0|535|1|0|
30|946|540|0|534|1|0|
30|953|540|0|534|1|0|
30|956|540|0|534|1|0|
30|958|540|0|532|1|0|
30|945|756|0|535|1|0|
30|947|540|0|534|1|0|
30|953|648|0|535|1|0|
30|949|756|0|535|1|0|
30|943|756|0|535|1|0|
30|942|756|0|535|1|0|
30|956|540|0|535|1|0|
30|945|540|0|535|1|0|
30|947|540|0|535|1|0|
30|953|648|0|531|1|0|
30|947|540|0|534|1|0|
30|950|648|0|535|1|0|
30|946|540|0|535|1|0|
30|950|648|0|535|1|0|
30|951|540|0|536|1|0|
30|945|756|0|535|1|0|
30|945|648|0|534|1|0|
30|944|648|0|535|1|0|
30|956|540|0|535|1|0|
30|947|756|0|535|1|0|
30|943|540|0|534|1|0|
30|940|432|0|535|1|0|
30|949|540|0|535|1|0|
30|947|540|0|535|1|0|
30|949|540|0|535|1|0|
30|954|648|0|535|1|0|
30|946|648|0|535|1|0|
30|947|540|0|534|1|0|
30|945|648|0|534|1|0|
30|940|540|0|535|1|0|
30|959|432|0|535|1|0|
30|947|864|0|534|1|0|
30|956|540|0|535|1|0|
30|960|540|0|535|1|0|
30|951|540|0|535|1|0|
30|944|756|0|535|1|0|
30|952|648|0|536|1|0|
30|959|540|0|537|1|0|
30|946|540|0|535|1|0|
30|954|432|0|537|1|0|
30|945|648|0|535|1|0|
30|943|648|0|535|1|0|
30|943|648|0|534|1|0|
30|945|756|0|533|1|0|
30|951|864|0|534|1|0|
30|943|540|0|535|1|0|
30|944|648|0|534|1|0|
30|978|756|0|534|1|0|
30|957|756|0|534|1|0|
30|957|756|0|535|1|0|
30|950|756|0|535|1|0|
30|948|648|0|535|1|0|
30|951|432|0|534|1|0|
30|953|432|0|535|1|0|
30|944|540|0|535|1|0|
30|949|540|0|535|1|0|
30|940|540|0|535|1|0|
30|950|540|0|535|1|0|
30|970|540|0|531|1|0|
30|949|648|0|534|1|0|
30|948|540|0|535|1|0|
30|951|540|0|535|1|0|
30|946|648|0|535|1|0|
30|948|540|0|534|1|0|
30|953|756|0|535|1|0|
30|944|432|0|535|1|0|
30|947|648|0|534|1|0|
30|948|540|0|535|1|0|
30|947|540|0|534|1|0|
30|950|648|0|535|1|0|
30|945|756|0|535|1|0|
30|945|540|0|535|1|0|
30|944|864|0|534|1|0|
30|950|540|0|534|1|0|
30|946|756|0|534|1|0|
30|958|432|0|534|1|0|
30|953|648|0|535|1|0|
30|944|540|0|535|1|0|
30|945|540|0|535|1|0|
30|941|648|0|535|1|0|
30|948|648|0|533|1|0|
30|955|540|0|533|1|0|
30|949|432|0|534|1|0|
30|946|432|0|534|1|0|
30|944|432|0|535|1|0|
30|951|432|0|535|1|0|
30|949|756|0|535|1|0|
30|953|648|0|535|1|0|
30|955|540|0|535|1|0|
30|954|648|0|534|1|0|
30|955|540|0|535|1|0|
30|944|432|0|535|1|0|
30|944|432|0|535|1|0|
30|954|648|0|535|1|0|
30|979|540|0|535|1|0|
30|962|432|0|535|1|0|
30|945|432|0|534|1|0|
30|946|540|0|535|1|0|
30|944|756|0|535|1|0|
30|954|756|0|532|1|0|
30|947|648|0|535|1|0|
30|949|540|0|535|1|0|
30|945|648|0|534|1|0|
30|946|540|0|535|1|0|
30|941|648|0|535|1|0|
30|949|756|0|535|1|0|
30|950|756|0|535|1|0|
30|946|540|0|535|1|0|
30|947|540|0|534|1|0|
30|947|648|0|535|1|0|
30|966|648|0|534|1|0|
30|948|432|0|534|1|0|
30|956|540|0|535|1|0|
30|945|648|0|535|1|0|
30|948|432|0|535|1|0|
30|955|540|0|535|1|0|
30|954|432|0|535|1|0|
30|943|540|0|534|1|0|
30|945|756|0|535|1|0|
30|945|432|0|535|1|0|
30|953|756|0|534|1|0|
30|947|432|0|535|1|0|
30|951|432|0|535|1|0|
30|947|648|0|535|1|0|
30|944|756|0|535|1|0|
30|948|756|0|535|1|0|
30|946|648|0|534|1|0|
30|943|540|0|535|1|0|
30|939|648|0|535|1|0|
30|954|540|0|534|1|0|
30|947|432|0|535|1|0|
30|941|756|0|535|1|0|
30|943|756|0|535|1|0|
30|943|864|0|534|1|0|
30|948|540|0|535|1|0|
30|944|864|0|535|1|0|
30|937|540|0|534|1|0|
30|984|540|0|534|1|0|
30|948|540|0|535|1|0|
30|949|864|0|535|1|0|
30|945|648|0|534|1|0|
30|948|540|0|535|1|0|
30|955|432|0|534|1|0|
30|945|432|0|534|1|0|
30|956|756|0|532|1|0|
30|948|432|0|535|1|0|
30|944|540|0|535|1|0|
30|943|648|0|535|1|0|
30|949|540|0|535|1|0|
30|949|540|0|535|1|0|
30|954|648|0|532|1|0|
30|942|432|0|535|1|0|
30|945|432|0|535|1|0|
30|945|432|0|534|1|0|
30|947|540|0|535|1|0|
30|937|540|0|534|1|0|
30|950|540|0|534|1|0|
30|950|648|0|535|1|0|
30|944|540|0|535|1|0|
30|943|648|0|534|1|0|
30|955|540|0|535|1|0|
30|947|540|0|535|1|0|
30|959|648|0|535|1|0|
30|947|540|0|534|1|0|
30|951|540|0|535|1|0|
30|950|648|0|535|1|0|
30|961|864|0|535|1|0|
30|946|864|0|535|1|0|
30|945|648|0|535|1|0|
30|957|432|0|535|1|0|
30|943|540|0|535|1|0|
30|943|540|0|534|1|0|
30|947|756|0|534|1|0|
30|944|540|0|534|1|0|
30|954|648|0|535|1|0|
30|956|756|0|534|1|0|
30|945|432|0|535|1|0|
30|944|756|0|535|1|0|
30|950|756|0|535|1|0|
30|945|648|0|534|1|0|
30|944|540|0|534|1|0|
30|943|648|0|535|1|0|
30|943|432|0|535|1|0|
30|949|648|0|534|1|0|
30|946|540|0|535|1|0|
30|946|540|0|535|1|0|
30|949|756|0|535|1|0|
30|952|756|0|535|1|0|
30|941|648|0|535|1|0|
30|949|756|0|534|1|0|
30|948|756|0|534|1|0|
30|949|432|0|534|1|0|
30|948|648|0|535|1|0|
30|943|432|0|535|1|0|
30|944|432|0|535|1|0|
30|962|432|0|535|1|0|
30|943|756|0|535|1|0|
30|945|648|0|535|1|0|
30|944|756|0|535|1|0|
30|961|540|0|536|1|0|
30|952|648|0|534|1|0|
30|945|432|0|535|1|0|
30|944|540|0|534|1|0|
30|942|432|0|535|1|0|
30|946|432|0|534|1|0|
30|944|648|0|535|1|0|
30|950|756|0|534|1|0|
30|948|648|0|534|1|0|
30|954|756|0|535|1|0|
30|946|756|0|534|1|0|
30|945|756|0|535|1|0|
30|954|756|0|535|1|0|
30|947|648|0|535|1|0|
30|945|540|0|534|1|0|
30|941|648|0|535|1|0|
30|942|864|0|534|1|0|
30|948|432|0|535|1|0|
30|946|756|0|534|1|0|
30|944|648|0|535|1|0|
30|943|648|0|535|1|0|
30|944|540|0|534|1|0|
30|946|756|0|535|1|0|
30|948|432|0|534|1|0|
30|957|540|0|534|1|0|
30|958|648|0|534|1|0|
30|956|540|0|535|1|0|
30|944|540|0|535|1|0|
30|943|648|0|534|1|0|
30|946|540|0|535|1|0|
30|949|648|0|535|1|0|
30|949|432|0|534|1|0|
30|953|648|0|532|1|0|
30|949|540|0|534|1|0|
30|944|648|0|535|1|0|
30|952|432|0|535|1|0|
30|950|432|0|534|1|0|
30|949|756|0|533|1|0|
30|959|756|0|537|1|0|
30|946|540|0|534|1|0|
30|946|540|0|534|1|0|
30|953|540|0|535|1|0|
30|953|648|0|535|1|0|
30|946|648|0|535|1|0|
30|940|540|0|535|1|0|
30|949|540|0|534|1|0|
30|959|432|0|537|1|0|
30|951|648|0|534|1|0|
30|945|648|0|535|1|0|
30|947|432|0|535|1|0|
30|945|648|0|535|1|0|
30|946|648|0|535|1|0|
30|947|432|0|535|1|0|
30|954|432|0|536|1|0|
30|945|432|0|535|1|0|
30|951|432|0|535|1|0|
30|944|432|0|535|1|0|
30|943|756|0|535|1|0|
30|956|864|0|531|1|0|
30|946|540|0|535|1|0|
30|970|432|0|535|1|0|
30|953|540|0|537|1|0|
30|947|648|0|534|1|0|
30|956|648|0|534|1|0|
30|940|864|0|535|1|0|
30|956|432|0|535|1|0|
30|951|648|0|535|1|0|
30|946|648|0|535|1|0|
30|945|432|0|535|1|0|
30|957|648|0|535|1|0|
30|947|540|0|535|1|0|
30|957|756|0|535|1|0|
30|944|432|0|535|1|0|
30|941|432|0|534|1|0|
30|947|756|0|534|1|0|
30|944|432|0|535|1|0|
30|951|540|0|535|1|0|
30|954|648|0|532|1|0|
30|946|648|0|535|1|0|
30|948|540|0|535|1|0|
30|963|540|0|537|1|0|
30|946|540|0|534|1|0|
30|944|432|0|535|1|0|
30|961|432|0|535|1|0|
30|945|540|0|535|1|0|
30|953|540|0|535|1|0|
30|956|864|0|534|1|0|
30|959|540|0|534|1|0|
30|943|648|0|534|1|0|
30|950|540|0|535|1|0|
30|944|756|0|534|1|0|
30|943|432|0|535|1|0|
30|939|648|0|535|1|0|
30|945|432|0|535|1|0|
30|954|648|0|535|1|0|
30|951|540|0|537|1|0|
30|946|540|0|535|1|0|
30|947|648|0|535|1|0|
30|950|432|0|535|1|0|
30|945|648|0|535|1|0|
30|947|756|0|535|1|0|
30|939|540|0|535|1|0|
30|946|432|0|535|1|0|
30|957|648|0|535|1|0|
30|951|756|0|535|1|0|
30|958|540|0|532|1|0|
30|947|648|0|535|1|0|
30|942|648|0|535|1|0|
30|956|648|0|536|1|0|
30|949|432|0|535|1|0|
30|946|648|0|534|1|0|
30|945|648|0|535|1|0|
30|946|648|0|535|1|0|
30|948|432|0|534|1|0|
30|945|648|0|535|1|0|
30|944|540|0|535|1|0|
30|952|540|0|535|1|0|
30|954|756|0|532|1|0|
30|946|540|0|534|1|0|
30|944|756|0|535|1|0|
30|945|432|0|535|1|0|
30|960|432|0|534|1|0|
30|952|864|0|535|1|0|
30|943|540|0|534|1|0|
30|938|540|0|535|1|0|
30|953|648|0|534|1|0|
30|949|648|0|534|1|0|
30|936|864|0|535|1|0|
30|944|756|0|534|1|0|
30|946|756|0|535|1|0|
30|939|540|0|535|1|0|
30|955|540|0|537|1|0|
30|955|756|0|535|1|0|
30|957|432|0|531|1|0|
30|948|540|0|534|1|0|
30|945|540|0|535|1|0|
30|941|756|0|534|1|0|
30|944|648|0|535|1|0|
30|959|432|0|535|1|0|
30|945|540|0|535|1|0|
30|950|432|0|534|1|0|
30|944|540|0|535|1|0|
30|945|648|0|533|1|0|
30|944|648|0|534|1|0|
30|948|432|0|535|1|0|
30|949|648|0|534|1|0|
30|945|432|0|535|1|0|
30|949|648|0|535|1|0|
30|950|756|0|534|1|0|
30|950|972|0|535|1|0|
30|944|756|0|535|1|0|
30|945|540|0|535|1|0|
30|944|648|0|535|1|0|
30|960|540|0|535|1|0|
30|949|432|0|535|1|0|
30|941|540|0|535|1|0|
30|942|648|0|534|1|0|
30|946|648|0|535|1|0|
30|946|540|0|535|1|0|
30|955|648|0|535|1|0|
30|950|648|0|535|1|0|
30|947|540|0|534|1|0|
30|944|540|0|535|1|0|
30|943|540|0|535|1|0|
30|984|864|0|534|1|0|
30|947|756|0|537|1|0|
30|946|540|0|535|1|0|
30|947|648|0|535|1|0|
30|945|756|0|535|1|0|
30|946|648|0|534|1|0|
30|938|648|0|535|1|0|
30|945|756|0|535|1|0|
30|946|432|0|534|1|0|
30|945|648|0|534|1|0|
30|941|540|0|534|1|0|
30|943|432|0|535|1|0|
30|947|432|0|535|1|0|
30|946|648|0|535|1|0|
30|942|648|0|535|1|0|
30|945|432|0|535|1|0|
30|946|648|0|534|1|0|
30|944|540|0|534|1|0|
30|946|648|0|535|1|0|
30|942|648|0|535|1|0|
30|954|648|0|535|1|0|
30|950|648|0|534|1|0|
30|945|756|0|535|1|0|
30|954|756|0|535|1|0|
30|945|432|0|534|1|0|
30|946|540|0|535|1|0|
30|943|756|0|535|1|0|
30|944|756|0|534|1|0|
30|958|648|0|533|1|0|
30|953|756|0|535|1|0|
30|951|648|0|535|1|0|
30|948|648|0|535|1|0|
30|953|540|0|531|1|0|
30|954|648|0|535|1|0|
30|945|648|0|535|1|0|
30|946|756|0|534|1|0|
30|945|432|0|535|1|0|
30|945|648|0|535|1|0|
30|947|648|0|534|1|0|
30|962|540|0|534|1|0|
30|951|432|0|535|1|0|
30|958|756|0|535|1|0|
30|942|540|0|535|1|0|
30|944|540|0|535|1|0|
30|945|648|0|535|1|0|
30|951|540|0|535|1|0|
30|957|432|0|534|1|0|
30|948|432|0|534|1|0|
30|997|540|0|531|1|0|
30|942|540|0|534|1|0|
30|943|756|0|535|1|0|
30|945|432|0|535|1|0|
30|948|648|0|534|1|0|
30|959|648|0|533|1|0|
30|946|540|0|535|1|0|
30|945|648|0|535|1|0|
30|955|648|0|534|1|0|
30|956|540|0|535|1|0|
30|939|756|0|535|1|0|
30|943|864|0|535|1|0|
30|958|540|0|535|1|0|
30|946|540|0|535|1|0|
30|949|432|0|535|1|0|
30|953|648|0|534|1|0|
30|944|864|0|535|1|0|
30|948|540|0|535|1|0|
30|944|540|0|535|1|0|
30|947|540|0|535|1|0|
30|952|648|0|535|1|0|
30|941|648|0|535|1|0|
30|944|432|0|535|1|0|
30|941|648|0|535|1|0|
30|947|432|0|534|1|0|
30|944|756|0|535|1|0|
30|957|648|0|535|1|0|
30|955|540|0|536|1|0|
30|946|540|0|535|1|0|
30|949|540|0|535|1|0|
30|944|540|0|535|1|0|
30|949|540|0|535|1|0|
30|947|648|0|535|1|0|
30|946|648|0|534|1|0|
30|942|648|0|534|1|0|
30|950|648|0|534|1|0|
30|960|648|0|535|1|0|
30|945|432|0|534|1|0|
30|946|648|0|534|1|0|
30|941|648|0|534|1|0|
30|941|540|0|535|1|0|
30|956|540|0|535|1|0|
30|946|648|0|534|1|0|
30|946|540|0|535|1|0|
30|948|432|0|535|1|0|
30|942|756|0|535|1|0|
30|948|864|0|534|1|0|
30|959|648|0|535|1|0|
30|965|540|0|534|1|0|
30|945|540|0|535|1|0|
30|957|540|0|535|1|0|
30|969|540|0|535|1|0|
30|945|756|0|534|1|0|
30|951|756|0|535|1|0|
30|944|648|0|535|1|0|
30|942|540|0|535|1|0|
30|964|540|0|532|1|0|
30|946|432|0|535|1|0|
30|946|540|0|535|1|0|
30|947|540|0|535|1|0|
30|952|648|0|537|1|0|
30|955|540|0|534|1|0|
30|947|540|0|535|1|0|
30|949|432|0|535|1|0|
30|950|540|0|537|1|0|
30|943|648|0|535|1|0|
30|943|540|0|535|1|0|
30|955|432|0|535|1|0|
30|982|648|0|531|1|0|
30|945|648|0|535|1|0|
30|949|540|0|535|1|0|
30|950|540|0|534|1|0|
30|943|864|0|535|1|0|
30|956|540|0|535|1|0|
30|946|648|0|535|1|0|
30|954|540|0|535|1|0|
30|941|432|0|535|1|0|
30|952|648|0|535|1|0|
30|957|540|0|535|1|0|
30|959|648|0|535|1|0|
30|984|540|0|534|1|0|
30|947|540|0|535|1|0|
30|943|756|0|535|1|0|
30|942|432|0|534|1|0|
30|943|756|0|534|1|0|
30|976|540|0|535|1|0|
30|942|540|0|535|1|0|
30|955|648|0|535|1|0|
30|944|756|0|535|1|0|
30|943|540|0|535|1|0|
30|947|648|0|535|1|0|
30|950|648|0|535|1|0|
30|945|432|0|534|1|0|
30|947|648|0|535|1|0|
30|943|432|0|535|1|0|
30|945|540|0|535|1|0|
30|944|648|0|535|1|0|
30|960|648|0|535|1|0|
30|945|540|0|534|1|0|
30|949|648|0|535|1|0|
30|947|540|0|534|1|0|
30|960|648|0|534|1|0|
30|946|432|0|535|1|0|
30|954|648|0|535|1|0|
30|949|540|0|534|1|0|
30|945|540|0|534|1|0|
30|950|648|0|534|1|0|
30|941|756|0|535|1|0|
30|954|648|0|537|1|0|
30|943|648|0|534|1|0|
30|956|540|0|534|1|0|
30|948|540|0|535|1|0|
30|944|540|0|535|1|0|
30|948|540|0|534|1|0|
30|947|648|0|534|1|0|
30|944|648|0|534|1|0|
30|957|648|0|534|1|0|
30|944|432|0|535|1|0|
30|986|540|0|536|1|0|
30|951|540|0|534|1|0|
30|947|540|0|535|1|0|
30|941|432|0|535|1|0|
30|944|540|0|534|1|0|
30|952|648|0|534|1|0|
30|947|540|0|535|1|0|
30|953|756|0|535|1|0|
30|941|648|0|534|1|0|
30|946|540|0|534|1|0|
30|945|540|0|535|1|0|
30|964|756|0|535|1|0|
30|949|756|0|535|1|0|
30|959|648|0|535|1|0|
30|951|432|0|535|1|0|
30|945|540|0|535|1|0|
30|996|540|0|532|1|0|
30|941|756|0|534|1|0|
30|955|432|0|532|1|0|
30|943|648|0|535|1|0|
30|946|648|0|535|1|0|
30|947|648|0|535|1|0|
30|941|432|0|535|1|0|
30|946|540|0|535|1|0|
30|961|756|0|535|1|0|
30|949|648|0|535|1|0|
30|949|756|0|535|1|0|
30|956|756|0|536|1|0|
30|955|864|0|534|1|0|
30|950|540|0|535|1|0|
30|968|756|0|534|1|0|
30|944|540|0|535|1|0|
30|963|864|0|535|1|0|
30|945|648|0|534|1|0|
30|972|540|0|534|1|0|
30|939|648|0|535|1|0|
30|943|648|0|535|1|0|
30|954|432|0|535|1|0|
30|950|432|0|535|1|0|
30|945|540|0|534|1|0|
30|948|756|0|535|1|0|
30|948|432|0|534|1|0|
30|946|756|0|535|1|0|
30|953|540|0|535|1|0|
30|942|648|0|534|1|0|
30|944|648|0|535|1|0|
30|948|432|0|535|1|0|
30|956|648|0|535|1|0|
30|947|864|0|535|1|0|
30|951|756|0|535|1|0|
30|957|756|0|535|1|0|
30|948|540|0|535|1|0|
30|946|432|0|535|1|0|
30|949|648|0|534|1|0|
30|938|648|0|535|1|0|
30|944|756|0|534|1|0|
30|945|648|0|535|1|0|
30|953|648|0|535|1|0|
