INSTRUCTIONS_RETIRED|CYCLES|UNKNOWN|LD_BLOCKS.STORE_FORWARD|UOPS_EXECUTED.CORE|BR_MISP_RETIRED.ALL_BRANCHES|UOPS_ISSUED.SINGLE_MUL|
30|1142|756|0|1518|1|0|
30|1135|756|0|2341|1|0|
30|1139|756|0|1908|1|0|
30|938|540|0|535|1|0|
30|1112|972|0|1151|1|0|
30|943|540|0|535|1|0|
30|953|648|0|536|1|0|
30|960|756|0|535|1|0|
30|943|540|0|535|1|0|
30|945|648|0|535|1|0|
30|941|648|0|535|1|0|
30|941|648|0|535|1|0|
30|1030|648|0|945|1|0|
30|944|648|0|534|1|0|
30|943|540|0|535|1|0|
30|949|648|0|534|1|0|
30|956|432|0|535|1|0|
30|944|540|0|535|1|0|
30|947|648|0|535|1|0|
30|941|648|0|535|1|0|
30|944|864|0|534|1|0|
30|944|540|0|534|1|0|
30|984|648|0|535|1|0|
30|942|756|0|535|1|0|
30|945|756|0|535|1|0|
30|988|540|0|535|1|0|
30|951|756|0|535|1|0|
30|988|540|0|532|1|0|
30|946|648|0|532|1|0|
30|944|432|0|535|1|0|
30|944|756|0|535|1|0|
30|980|432|0|535|1|0|
30|943|648|0|534|1|0|
30|946|540|0|534|1|0|
30|986|756|0|532|1|0|
30|939|864|0|535|1|0|
30|940|648|0|535|1|0|
30|945|756|0|535|1|0|
30|985|648|0|532|1|0|
30|992|756|0|532|1|0|
30|945|648|0|534|1|0|
30|944|648|0|534|1|0|
30|948|432|0|534|1|0|
30|949|648|0|535|1|0|
30|947|756|0|535|1|0|
30|946|648|0|535|1|0|
30|947|648|0|534|1|0|
30|947|648|0|534|1|0|
30|945|648|0|535|1|0|
30|989|540|0|648|1|0|
30|936|648|0|535|1|0|
30|948|756|0|534|1|0|
30|944|540|0|534|1|0|
30|936|540|0|533|1|0|
30|947|756|0|535|1|0|
30|958|432|0|534|1|0|
30|952|540|0|535|1|0|
30|960|648|0|535|1|0|
30|945|648|0|535|1|0|
30|947|756|0|534|1|0|
30|947|756|0|535|1|0|
30|953|540|0|535|1|0|
30|949|540|0|535|1|0|
30|949|648|0|535|1|0|
30|949|540|0|535|1|0|
30|952|648|0|534|1|0|
30|943|648|0|535|1|0|
30|946|540|0|534|1|0|
30|945|648|0|535|1|0|
30|950|756|0|534|1|0|
30|948|756|0|535|1|0|
30|945|540|0|534|1|0|
30|943|648|0|534|1|0|
30|949|756|0|535|1|0|
30|945|540|0|535|1|0|
30|948|756|0|535|1|0|
30|948|540|0|534|1|0|
30|946|648|0|535|1|0|
30|1026|540|0|839|1|0|
30|945|756|0|535|1|0|
30|945|648|0|535|1|0|
30|943|648|0|535|1|0|
30|950|864|0|534|1|0|
30|953|648|0|534|1|0|
30|944|540|0|534|1|0|
30|949|648|0|535|1|0|
30|947|648|0|534|1|0|
30|946|540|0|535|1|0|
30|949|756|0|535|1|0|
30|947|756|0|534|1|0|
30|946|756|0|534|1|0|
30|945|648|0|534|1|0|
30|956|756|0|532|1|0|
30|952|648|0|535|1|0|
30|949|540|0|534|1|0|
30|947|648|0|535|1|0|
30|950|432|0|534|1|0|
30|947|648|0|535|1|0|
30|958|756|0|532|1|0|
30|946|540|0|535|1|0|
30|948|756|0|535|1|0|
30|944|540|0|533|1|0|
30|943|540|0|535|1|0|
30|943|756|0|535|1|0|
30|977|864|0|534|1|0|
30|942|540|0|535|1|0|
30|944|756|0|534|1|0|
30|950|756|0|535|1|0|
30|945|540|0|534|1|0|
30|942|648|0|535|1|0|
30|945|864|0|535|1|0|
30|947|648|0|535|1|0|
30|943|540|0|535|1|0|
30|945|432|0|535|1|0|
30|943|648|0|535|1|0|
30|948|540|0|535|1|0|
30|953|756|0|535|1|0|
30|943|540|0|535|1|0|
30|944|540|0|535|1|0|
30|943|540|0|535|1|0|
30|942|648|0|535|1|0|
30|945|648|0|535|1|0|
30|945|648|0|534|1|0|
30|943|540|0|535|1|0|
30|949|756|0|535|1|0|
30|949|540|0|535|1|0|
30|1120|756|0|1306|1|0|
30|1123|756|0|1481|1|0|
30|977|648|0|535|1|0|
30|944|648|0|534|1|0|
30|941|648|0|534|1|0|
30|948|648|0|534|1|0|
30|940|648|0|535|1|0|
30|943|540|0|535|1|0|
30|942|864|0|535|1|0|
30|940|648|0|535|1|0|
30|943|432|0|534|1|0|
30|943|756|0|535|1|0|
30|983|648|0|535|1|0|
30|947|648|0|534|1|0|
30|945|540|0|534|1|0|
30|946|540|0|534|1|0|
30|946|648|0|535|1|0|
30|946|756|0|534|1|0|
30|948|648|0|534|1|0|
30|945|648|0|535|1|0|
30|947|648|0|535|1|0|
30|943|756|0|534|1|0|
30|943|540|0|535|1|0|
30|941|648|0|533|1|0|
30|945|540|0|534|1|0|
30|943|540|0|535|1|0|
30|946|648|0|535|1|0|
30|1109|540|0|1065|1|0|
30|1116|864|0|2058|1|0|
30|1049|648|0|1038|1|0|
30|941|756|0|534|1|0|
30|941|648|0|535|1|0|
30|943|540|0|534|1|0|
30|940|648|0|535|1|0|
30|941|648|0|535|1|0|
30|942|756|0|534|1|0|
30|947|756|0|535|1|0|
30|943|540|0|535|1|0|
30|943|540|0|534|1|0|
30|946|540|0|535|1|0|
30|944|756|0|535|1|0|
30|945|648|0|535|1|0|
30|942|648|0|535|1|0|
30|981|648|0|535|1|0|
30|944|648|0|534|1|0|
30|944|540|0|535|1|0|
30|947|540|0|534|1|0|
30|944|864|0|535|1|0|
30|952|648|0|535|1|0|
30|942|756|0|532|1|0|
30|952|648|0|535|1|0|
30|942|756|0|535|1|0|
30|945|648|0|534|1|0|
30|946|648|0|535|1|0|
30|944|756|0|535|1|0|
30|947|756|0|534|1|0|
30|1171|540|0|1934|1|0|
30|1096|756|0|1431|1|0|
30|1104|756|0|1941|1|0|
30|937|540|0|534|1|0|
30|942|540|0|535|1|0|
30|943|756|0|535|1|0|
30|943|540|0|535|1|0|
30|952|648|0|534|1|0|
30|952|540|0|535|1|0|
30|948|648|0|535|1|0|
30|947|864|0|535|1|0|
30|943|540|0|535|1|0|
30|942|540|0|535|1|0|
30|949|648|0|535|1|0|
30|949|648|0|534|1|0|
30|943|540|0|535|1|0|
30|941|432|0|535|1|0|
30|946|756|0|533|1|0|
30|943|648|0|535|1|0|
30|950|648|0|535|1|0|
30|947|432|0|535|1|0|
30|945|540|0|535|1|0|
30|943|540|0|535|1|0|
30|943|648|0|535|1|0|
30|954|648|0|537|1|0|
30|955|756|0|535|1|0|
30|942|756|0|535|1|0|
30|1059|864|0|1198|1|0|
30|1144|540|0|1606|1|0|
30|1166|864|0|1841|1|0|
30|943|540|0|535|1|0|
30|942|756|0|533|1|0|
30|944|540|0|534|1|0|
30|942|756|0|534|1|0|
30|944|540|0|535|1|0|
30|943|756|0|535|1|0|
30|941|432|0|534|1|0|
30|941|756|0|535|1|0|
30|943|756|0|535|1|0|
30|943|432|0|533|1|0|
30|951|648|0|535|1|0|
30|946|756|0|535|1|0|
30|985|540|0|535|1|0|
30|953|756|0|535|1|0|
30|943|756|0|535|1|0|
30|945|540|0|535|1|0|
30|945|648|0|534|1|0|
30|943|756|0|534|1|0|
30|943|648|0|535|1|0|
30|942|864|0|535|1|0|
30|946|540|0|535|1|0|
30|954|648|0|535|1|0|
30|948|756|0|535|1|0|
30|948|648|0|534|1|0|
30|944|864|0|535|1|0|
30|943|756|0|535|1|0|
30|1134|648|0|1767|1|0|
30|1159|756|0|1255|1|0|
30|1138|648|0|1790|1|0|
30|940|756|0|534|1|0|
30|944|864|0|535|1|0|
30|949|648|0|535|1|0|
30|945|756|0|534|1|0|
30|949|540|0|535|1|0|
30|946|540|0|535|1|0|
30|944|648|0|534|1|0|
30|942|648|0|535|1|0|
30|936|648|0|535|1|0|
30|943|540|0|534|1|0|
30|945|540|0|534|1|0|
30|954|648|0|534|1|0|
30|943|756|0|534|1|0|
30|942|648|0|535|1|0|
30|941|756|0|534|1|0|
30|953|756|0|532|1|0|
30|942|540|0|534|1|0|
30|955|648|0|535|1|0|
30|955|648|0|535|1|0|
30|940|756|0|533|1|0|
30|943|756|0|535|1|0|
30|946|756|0|534|1|0|
30|945|648|0|534|1|0|
30|946|972|0|534|1|0|
30|944|540|0|535|1|0|
30|948|432|0|534|1|0|
30|968|648|0|551|1|0|
30|1176|648|0|1415|1|0|
30|988|756|0|531|1|0|
30|942|864|0|535|1|0|
30|943|756|0|535|1|0|
30|949|540|0|535|1|0|
30|944|540|0|535|1|0|
30|943|648|0|535|1|0|
30|951|540|0|532|1|0|
30|952|756|0|536|1|0|
30|947|648|0|534|1|0|
30|944|540|0|535|1|0|
30|949|540|0|534|1|0|
30|948|432|0|535|1|0|
30|944|540|0|535|1|0|
30|949|648|0|534|1|0|
30|941|648|0|535|1|0|
30|950|756|0|535|1|0|
30|944|756|0|535|1|0|
30|948|756|0|534|1|0|
30|941|540|0|535|1|0|
30|945|432|0|535|1|0|
30|943|540|0|535|1|0|
30|944|432|0|534|1|0|
30|942|648|0|535|1|0|
30|946|432|0|534|1|0|
30|944|756|0|535|1|0|
30|941|756|0|535|1|0|
30|944|540|0|534|1|0|
30|1127|648|0|1251|1|0|
30|949|648|0|535|1|0|
30|949|972|0|535|1|0|
30|945|648|0|534|1|0|
30|948|432|0|535|1|0|
30|949|648|0|535|1|0|
30|946|756|0|534|1|0|
30|947|540|0|534|1|0|
30|959|648|0|534|1|0|
30|946|864|0|534|1|0|
30|947|648|0|535|1|0|
30|949|756|0|535|1|0|
30|945|648|0|534|1|0|
30|943|756|0|535|1|0|
30|942|756|0|535|1|0|
30|941|648|0|535|1|0|
30|954|540|0|535|1|0|
30|950|540|0|535|1|0|
30|946|540|0|535|1|0|
30|948|540|0|535|1|0|
30|946|756|0|534|1|0|
30|945|432|0|534|1|0|
30|950|540|0|534|1|0|
30|950|756|0|537|1|0|
30|951|540|0|534|1|0|
30|946|864|0|535|1|0|
30|950|432|0|534|1|0|
30|947|432|0|535|1|0|
30|943|432|0|535|1|0|
30|982|540|0|535|1|0|
30|943|756|0|535|1|0|
30|951|648|0|535|1|0|
30|941|540|0|534|1|0|
30|950|648|0|535|1|0|
30|949|756|0|535|1|0|
30|946|540|0|535|1|0|
30|973|756|0|535|1|0|
30|945|540|0|535|1|0|
30|948|756|0|535|1|0|
30|945|540|0|535|1|0|
30|951|648|0|535|1|0|
30|949|756|0|535|1|0|
30|947|540|0|535|1|0|
30|946|864|0|535|1|0|
30|944|540|0|535|1|0|
30|942|756|0|535|1|0|
30|947|756|0|535|1|0|
30|947|864|0|534|1|0|
30|952|648|0|534|1|0|
30|960|648|0|536|1|0|
30|950|540|0|533|1|0|
30|943|864|0|535|1|0|
30|945|540|0|535|1|0|
30|940|540|0|535|1|0|
30|943|648|0|535|1|0|
30|946|648|0|535|1|0|
30|945|648|0|534|1|0|
30|945|756|0|535|1|0|
30|946|540|0|535|1|0|
30|952|648|0|535|1|0|
30|941|648|0|535|1|0|
30|946|756|0|534|1|0|
30|956|648|0|534|1|0|
30|943|540|0|535|1|0|
30|947|540|0|535|1|0|
30|948|648|0|535|1|0|
30|951|540|0|535|1|0|
30|941|540|0|535|1|0|
30|946|648|0|534|1|0|
30|943|540|0|534|1|0|
30|946|540|0|535|1|0|
30|942|648|0|535|1|0|
30|957|540|0|539|1|0|
30|945|540|0|534|1|0|
30|948|864|0|535|1|0|
30|945|648|0|535|1|0|
30|948|648|0|535|1|0|
30|948|648|0|535|1|0|
30|952|540|0|535|1|0|
30|943|648|0|535|1|0|
30|945|756|0|534|1|0|
30|948|756|0|534|1|0|
30|986|648|0|535|1|0|
30|947|756|0|535|1|0|
30|941|540|0|535|1|0|
30|947|432|0|535|1|0|
30|957|648|0|535|1|0|
30|945|432|0|535|1|0|
30|949|648|0|534|1|0|
30|946|540|0|535|1|0|
30|951|540|0|535|1|0|
30|942|756|0|535|1|0|
30|944|540|0|533|1|0|
30|944|648|0|535|1|0|
30|948|756|0|535|1|0|
30|954|648|0|535|1|0|
30|944|432|0|535|1|0|
30|948|756|0|535|1|0|
30|948|756|0|534|1|0|
30|946|540|0|535|1|0|
30|953|540|0|531|1|0|
30|958|648|0|532|1|0|
30|942|648|0|535|1|0|
30|943|648|0|534|1|0|
30|948|648|0|534|1|0|
30|958|540|0|535|1|0|
30|950|432|0|534|1|0|
30|948|756|0|534|1|0|
30|947|756|0|534|1|0|
30|945|756|0|534|1|0|
30|947|540|0|534|1|0|
30|946|540|0|535|1|0|
30|947|648|0|535|1|0|
30|944|648|0|535|1|0|
30|949|756|0|534|1|0|
30|949|756|0|535|1|0|
30|944|540|0|534|1|0|
30|946|540|0|534|1|0|
30|955|756|0|535|1|0|
30|959|540|0|536|1|0|
30|942|756|0|535|1|0|
30|941|432|0|535|1|0|
30|947|648|0|535|1|0|
30|951|432|0|534|1|0|
30|944|540|0|535|1|0|
30|947|756|0|535|1|0|
30|958|432|0|537|1|0|
30|954|756|0|530|1|0|
30|945|756|0|535|1|0|
30|946|756|0|535|1|0|
30|942|540|0|535|1|0|
30|945|756|0|534|1|0|
30|946|864|0|535|1|0|
30|944|864|0|535|1|0|
30|961|864|0|535|1|0|
30|943|756|0|535|1|0|
30|946|540|0|534|1|0|
30|944|648|0|534|1|0|
30|947|648|0|535|1|0|
30|949|540|0|534|1|0|
30|958|756|0|535|1|0|
30|946|432|0|535|1|0|
30|959|756|0|535|1|0|
30|944|648|0|535|1|0|
30|942|540|0|535|1|0|
30|946|648|0|535|1|0|
30|956|540|0|534|1|0|
30|946|432|0|535|1|0|
30|944|540|0|535|1|0|
30|955|540|0|534|1|0|
30|949|756|0|535|1|0|
30|944|648|0|535|1|0|
30|947|432|0|535|1|0|
30|947|756|0|534|1|0|
30|946|756|0|535|1|0|
30|945|432|0|534|1|0|
30|948|648|0|534|1|0|
30|943|648|0|534|1|0|
30|945|756|0|535|1|0|
30|943|648|0|535|1|0|
30|948|648|0|535|1|0|
30|945|540|0|534|1|0|
30|959|864|0|535|1|0|
30|951|648|0|535|1|0|
30|944|756|0|534|1|0|
30|951|756|0|534|1|0|
30|944|540|0|535|1|0|
30|945|648|0|535|1|0|
30|945|648|0|535|1|0|
30|946|648|0|535|1|0|
30|956|648|0|535|1|0|
30|947|756|0|535|1|0|
30|943|540|0|535|1|0|
30|949|540|0|534|1|0|
30|943|756|0|534|1|0|
30|947|540|0|535|1|0|
30|956|756|0|534|1|0|
30|945|540|0|534|1|0|
30|945|756|0|535|1|0|
30|952|648|0|535|1|0|
31|1505|1080|0|751|1|0|
30|944|756|0|535|1|0|
30|945|756|0|534|1|0|
30|948|864|0|534|1|0|
30|949|756|0|535|1|0|
30|1186|864|0|1382|1|0|
30|943|540|0|535|1|0|
30|948|432|0|534|1|0|
30|946|648|0|535|1|0|
30|948|540|0|535|1|0|
30|943|756|0|535|1|0|
30|942|432|0|535|1|0|
30|948|540|0|535|1|0|
30|962|432|0|535|1|0|
30|954|648|0|532|1|0|
30|945|432|0|535|1|0|
30|949|648|0|535|1|0|
30|956|648|0|535|1|0|
30|943|756|0|535|1|0|
30|945|540|0|534|1|0|
30|948|756|0|535|1|0|
30|946|540|0|535|1|0|
30|950|648|0|535|1|0|
30|948|756|0|535|1|0|
30|948|648|0|534|1|0|
30|950|864|0|537|1|0|
30|947|432|0|535|1|0|
30|959|540|0|535|1|0|
30|943|540|0|535|1|0|
30|954|648|0|535|1|0|
30|947|756|0|534|1|0|
30|947|540|0|535|1|0|
30|980|648|0|535|1|0|
30|960|648|0|536|1|0|
30|952|540|0|534|1|0|
30|958|756|0|532|1|0|
30|1153|972|0|790|1|0|
30|944|540|0|535|1|0|
30|948|756|0|535|1|0|
30|946|432|0|535|1|0|
30|945|540|0|534|1|0|
30|953|540|0|535|1|0|
30|957|864|0|535|1|0|
30|956|648|0|536|1|0|
30|950|756|0|535|1|0|
30|960|648|0|535|1|0|
30|946|540|0|535|1|0|
30|948|540|0|535|1|0|
30|951|864|0|535|1|0|
30|942|540|0|534|1|0|
30|949|756|0|535|1|0|
30|943|540|0|535|1|0|
30|945|648|0|534|1|0|
30|945|972|0|535|1|0|
30|954|648|0|535|1|0|
30|942|756|0|535|1|0|
30|940|756|0|534|1|0|
30|943|540|0|535|1|0|
30|942|648|0|534|1|0|
30|953|756|0|533|1|0|
30|948|864|0|535|1|0|
30|946|648|0|535|1|0|
30|947|432|0|535|1|0|
30|951|648|0|534|1|0|
30|946|648|0|534|1|0|
30|941|756|0|534|1|0|
30|946|648|0|535|1|0|
30|945|648|0|534|1|0|
30|944|540|0|535|1|0|
30|943|648|0|535|1|0|
30|942|432|0|535|1|0|
30|944|648|0|535|1|0|
30|945|540|0|535|1|0|
30|949|756|0|535|1|0|
30|948|540|0|535|1|0|
30|986|648|0|534|1|0|
30|946|540|0|535|1|0|
30|960|648|0|535|1|0|
30|944|540|0|535|1|0|
30|949|540|0|535|1|0|
30|949|540|0|535|1|0|
30|948|432|0|534|1|0|
30|942|432|0|535|1|0|
30|950|756|0|534|1|0|
30|945|648|0|535|1|0|
30|961|648|0|535|1|0|
30|946|756|0|534|1|0|
30|947|756|0|534|1|0|
30|939|540|0|535|1|0|
30|952|648|0|537|1|0|
30|944|432|0|534|1|0|
30|950|648|0|535|1|0|
30|943|540|0|534|1|0|
30|950|648|0|535|1|0|
30|952|756|0|535|1|0|
30|942|648|0|534|1|0|
30|953|648|0|535|1|0|
30|943|432|0|535|1|0|
30|941|540|0|535|1|0|
30|958|432|0|538|1|0|
30|951|756|0|536|1|0|
30|950|756|0|535|1|0|
30|948|540|0|535|1|0|
30|949|648|0|535|1|0|
30|942|540|0|535|1|0|
30|950|432|0|534|1|0|
30|947|756|0|534|1|0|
30|953|540|0|535|1|0|
30|952|540|0|535|1|0|
30|956|432|0|534|1|0|
30|947|756|0|534|1|0|
30|949|864|0|535|1|0|
30|944|540|0|535|1|0|
30|946|648|0|535|1|0|
30|944|540|0|535|1|0|
30|949|756|0|534|1|0|
30|945|540|0|535|1|0|
30|946|648|0|534|1|0|
30|944|756|0|534|1|0|
30|941|864|0|535|1|0|
30|954|540|0|535|1|0|
30|943|648|0|535|1|0|
30|945|432|0|535|1|0|
30|943|540|0|534|1|0|
30|944|540|0|535|1|0|
30|944|648|0|534|1|0|
30|942|864|0|535|1|0|
30|947|540|0|535|1|0|
30|1120|756|0|1019|1|0|
30|959|864|0|532|1|0|
30|948|648|0|535|1|0|
30|952|648|0|534|1|0|
30|952|648|0|534|1|0|
30|945|756|0|535|1|0|
30|945|648|0|535|1|0|
30|939|756|0|535|1|0|
30|947|540|0|534|1|0|
30|944|540|0|535|1|0|
30|948|648|0|535|1|0|
30|943|648|0|534|1|0|
30|954|648|0|535|1|0|
30|945|756|0|534|1|0|
30|945|756|0|535|1|0|
30|944|648|0|535|1|0|
30|946|540|0|535|1|0|
30|944|540|0|535|1|0|
30|951|648|0|534|1|0|
30|948|432|0|534|1|0|
30|950|540|0|534|1|0|
30|948|540|0|535|1|0|
30|942|540|0|535|1|0|
30|951|756|0|535|1|0|
30|942|756|0|534|1|0|
30|951|756|0|535|1|0|
30|941|540|0|534|1|0|
30|942|648|0|535|1|0|
30|941|648|0|534|1|0|
30|951|540|0|534|1|0|
30|945|648|0|535|1|0|
30|948|648|0|535|1|0|
30|945|648|0|535|1|0|
30|945|648|0|534|1|0|
30|944|648|0|535|1|0|
30|941|540|0|534|1|0|
30|939|540|0|534|1|0|
30|954|756|0|533|1|0|
30|947|540|0|534|1|0|
30|945|648|0|535|1|0|
30|989|648|0|534|1|0|
30|948|756|0|534|1|0|
30|983|432|0|534|1|0|
30|950|648|0|534|1|0|
30|945|540|0|535|1|0|
30|952|540|0|534|1|0|
30|945|864|0|535|1|0|
30|948|432|0|534|1|0|
30|946|540|0|534|1|0|
30|953|540|0|537|1|0|
30|949|864|0|534|1|0|
30|944|540|0|535|1|0|
30|945|648|0|534|1|0|
30|942|648|0|534|1|0|
30|1085|756|0|980|1|0|
30|948|540|0|535|1|0|
30|946|648|0|535|1|0|
30|986|540|0|535|1|0|
30|944|648|0|535|1|0|
30|947|756|0|535|1|0|
30|950|432|0|534|1|0|
30|938|432|0|535|1|0|
30|953|540|0|535|1|0|
30|950|540|0|535|1|0|
30|949|540|0|534|1|0|
30|945|540|0|535|1|0|
30|950|648|0|535|1|0|
30|951|540|0|535|1|0|
30|947|864|0|535|1|0|
30|956|540|0|531|1|0|
30|943|648|0|535|1|0|
30|945|540|0|534|1|0|
30|953|540|0|535|1|0|
30|948|756|0|535|1|0|
30|943|648|0|535|1|0|
30|946|864|0|534|1|0|
30|946|756|0|535|1|0|
30|943|648|0|535|1|0|
30|954|540|0|534|1|0|
30|944|756|0|535|1|0|
30|947|864|0|535|1|0|
30|946|864|0|535|1|0|
30|949|648|0|535|1|0|
30|943|648|0|535|1|0|
30|947|648|0|535|1|0|
30|946|864|0|534|1|0|
30|944|432|0|535|1|0|
30|943|756|0|535|1|0|
30|948|756|0|535|1|0|
30|950|648|0|534|1|0|
30|954|756|0|534|1|0|
30|943|648|0|535|1|0|
30|944|648|0|535|1|0|
30|951|756|0|535|1|0|
30|972|756|0|534|1|0|
30|945|540|0|535|1|0|
30|950|432|0|534|1|0|
30|944|540|0|534|1|0|
30|949|756|0|534|1|0|
30|949|432|0|535|1|0|
30|953|648|0|536|1|0|
30|944|648|0|535|1|0|
30|944|756|0|535|1|0|
30|962|540|0|532|1|0|
30|949|648|0|535|1|0|
30|946|648|0|535|1|0|
30|939|648|0|535|1|0|
30|945|756|0|535|1|0|
30|944|756|0|535|1|0|
30|946|648|0|535|1|0|
30|944|756|0|535|1|0|
30|958|540|0|534|1|0|
30|947|648|0|535|1|0|
30|950|648|0|535|1|0|
30|947|648|0|534|1|0|
30|947|864|0|535|1|0|
30|952|540|0|535|1|0|
30|950|540|0|535|1|0|
30|950|648|0|535|1|0|
30|948|540|0|535|1|0|
30|944|864|0|534|1|0|
30|950|540|0|535|1|0|
30|940|540|0|535|1|0|
30|947|648|0|534|1|0|
30|983|540|0|534|1|0|
30|946|648|0|535|1|0|
30|953|540|0|531|1|0|
30|949|648|0|534|1|0|
30|949|648|0|535|1|0|
30|944|540|0|534|1|0|
30|943|756|0|535|1|0|
30|948|648|0|535|1|0|
30|947|648|0|537|1|0|
30|941|540|0|535|1|0|
30|954|540|0|534|1|0|
30|951|540|0|535|1|0|
30|958|648|0|535|1|0|
30|944|540|0|535|1|0|
30|942|540|0|534|1|0|
30|951|756|0|535|1|0|
30|943|648|0|534|1|0|
30|949|648|0|535|1|0|
30|952|864|0|534|1|0|
30|945|432|0|535|1|0|
30|957|648|0|535|1|0|
30|946|648|0|535|1|0|
30|950|540|0|534|1|0|
30|948|648|0|535|1|0|
30|949|648|0|533|1|0|
30|948|648|0|535|1|0|
30|952|756|0|534|1|0|
30|974|540|0|532|1|0|
30|956|648|0|536|1|0|
30|951|540|0|535|1|0|
30|948|540|0|534|1|0|
30|944|540|0|535|1|0|
30|946|648|0|535|1|0|
30|950|756|0|537|1|0|
30|952|648|0|535|1|0|
30|949|648|0|534|1|0|
30|943|756|0|534|1|0|
30|961|540|0|537|1|0|
30|954|864|0|535|1|0|
30|946|756|0|535|1|0|
30|946|756|0|533|1|0|
30|952|648|0|535|1|0|
30|949|540|0|534|1|0|
30|941|648|0|534|1|0|
30|942|648|0|534|1|0|
30|944|756|0|535|1|0|
30|945|756|0|535|1|0|
30|946|756|0|534|1|0|
30|950|432|0|537|1|0|
30|951|540|0|532|1|0|
30|948|540|0|535|1|0|
30|949|540|0|535|1|0|
30|944|756|0|535|1|0|
30|939|648|0|535|1|0|
30|947|864|0|534|1|0|
30|949|756|0|535|1|0|
30|951|648|0|535|1|0|
30|947|648|0|535|1|0|
30|945|648|0|534|1|0|
30|942|756|0|535|1|0|
30|955|648|0|537|1|0|
30|942|648|0|535|1|0|
30|948|756|0|534|1|0|
30|945|540|0|534|1|0|
30|944|648|0|535|1|0|
30|950|756|0|535|1|0|
30|944|648|0|535|1|0|
30|1112|756|0|1834|1|0|
30|1101|756|0|2106|1|0|
30|1101|756|0|2160|1|0|
30|1099|648|0|1860|1|0|
30|1093|648|0|2258|1|0|
30|1085|648|0|2067|1|0|
30|1081|864|0|1962|1|0|
30|1091|864|0|2018|1|0|
30|942|540|0|535|1|0|
30|943|432|0|535|1|0|
30|947|648|0|535|1|0|
30|946|756|0|535|1|0|
30|945|648|0|534|1|0|
30|945|648|0|535|1|0|
30|950|540|0|535|1|0|
30|942|648|0|535|1|0|
30|945|540|0|534|1|0|
30|944|432|0|533|1|0|
30|945|756|0|534|1|0|
30|951|756|0|535|1|0|
30|949|648|0|534|1|0|
30|947|864|0|535|1|0|
30|1133|756|0|834|1|0|
30|950|864|0|535|1|0|
30|946|648|0|535|1|0|
30|948|648|0|535|1|0|
30|945|648|0|534|1|0|
30|943|864|0|535|1|0|
30|949|648|0|535|1|0|
30|948|648|0|535|1|0|
30|956|648|0|534|1|0|
30|950|540|0|534|1|0|
30|946|648|0|535|1|0|
30|944|756|0|534|1|0|
30|948|756|0|534|1|0|
30|946|864|0|535|1|0|
30|944|756|0|534|1|0|
30|949|864|0|534|1|0|
30|945|540|0|535|1|0|
30|948|756|0|535|1|0|
30|951|540|0|535|1|0|
30|952|540|0|534|1|0|
30|943|648|0|535|1|0|
30|948|972|0|535|1|0|
30|945|648|0|535|1|0|
30|940|648|0|534|1|0|
30|940|540|0|535|1|0|
30|951|648|0|534|1|0|
30|942|540|0|535|1|0|
30|945|864|0|535|1|0|
30|951|756|0|535|1|0|
30|949|972|0|534|1|0|
30|952|756|0|535|1|0|
30|1139|864|0|2508|1|0|
30|1139|972|0|2418|1|0|
30|1114|972|0|2037|1|0|
30|1139|756|0|2580|1|0|
30|1165|648|0|2354|1|0|
30|1145|756|0|2390|1|0|
30|1142|648|0|2477|1|0|
30|1127|756|0|2501|1|0|
30|1134|864|0|2335|1|0|
30|1134|864|0|2484|1|0|
30|1141|648|0|2628|1|0|
30|1107|864|0|2535|1|0|
30|1146|648|0|2582|1|0|
30|1119|972|0|2535|1|0|
30|1128|864|0|2452|1|0|
30|1118|864|0|2221|1|0|
30|1129|756|0|2333|1|0|
30|1118|648|0|2257|1|0|
30|1130|756|0|2028|1|0|
30|1117|864|0|2527|1|0|
30|1124|864|0|2557|1|0|
30|1129|648|0|2516|1|0|
30|1092|864|0|2315|1|0|
30|1099|864|0|2326|1|0|
30|1123|864|0|2522|1|0|
30|1099|864|0|2540|1|0|
30|1136|648|0|2414|1|0|
30|936|864|0|535|1|0|
30|945|432|0|534|1|0|
30|945|756|0|534|1|0|
30|948|648|0|534|1|0|
30|944|648|0|535|1|0|
30|963|756|0|535|2|0|
30|937|756|0|535|1|0|
30|946|432|0|535|1|0|
30|945|648|0|534|1|0|
30|943|540|0|534|1|0|
30|942|756|0|535|1|0|
30|1118|864|0|1147|1|0|
30|948|648|0|535|1|0|
30|1125|756|0|2435|1|0|
30|956|648|0|536|1|0|
30|935|648|0|535|1|0|
30|953|432|0|535|1|0|
30|949|756|0|534|1|0|
30|942|864|0|535|1|0|
30|947|756|0|533|1|0|
30|944|540|0|532|1|0|
30|941|864|0|535|1|0|
30|944|648|0|535|1|0|
30|937|648|0|532|1|0|
30|943|756|0|535|1|0|
30|952|540|0|535|1|0|
30|945|540|0|535|1|0|
30|977|648|0|535|1|0|
30|948|756|0|537|1|0|
30|945|540|0|534|1|0|
30|1136|864|0|1845|1|0|
30|1134|756|0|1436|1|0|
30|1199|972|0|1784|1|0|
30|948|648|0|535|1|0|
30|953|432|0|534|1|0|
30|952|648|0|535|1|0|
30|944|540|0|535|1|0|
30|943|540|0|535|1|0|
30|1085|756|0|1161|1|0|
30|945|540|0|535|1|0|
30|939|540|0|534|1|0|
30|942|756|0|535|1|0|
30|944|432|0|534|1|0|
30|946|756|0|534|1|0|
30|950|756|0|534|1|0|
30|945|540|0|534|1|0|
30|944|648|0|535|1|0|
30|940|864|0|535|1|0|
30|939|756|0|533|1|0|
30|944|648|0|535|1|0|
30|943|540|0|535|1|0|
30|942|756|0|535|1|0|
30|944|648|0|535|1|0|
30|946|648|0|535|1|0|
30|950|864|0|535|1|0|
30|941|864|0|535|1|0|
30|940|864|0|534|1|0|
30|945|864|0|535|1|0|
30|943|648|0|535|1|0|
30|945|540|0|534|1|0|
30|948|864|0|537|1|0|
30|940|756|0|535|1|0|
30|952|756|0|532|1|0|
30|942|756|0|535|1|0|
30|945|540|0|535|1|0|
30|1063|756|0|965|1|0|
30|1110|756|0|1815|1|0|
30|1113|648|0|1275|1|0|
30|945|648|0|535|1|0|
30|938|540|0|534|1|0|
30|950|648|0|537|1|0|
30|968|756|0|532|1|0|
30|951|756|0|534|1|0|
30|945|756|0|535|1|0|
30|945|540|0|535|1|0|
30|942|864|0|535|1|0|
30|957|648|0|534|1|0|
30|945|864|0|535|1|0|
30|947|648|0|534|1|0|
30|942|756|0|534|1|0|
30|953|648|0|532|1|0|
30|944|540|0|535|1|0|
30|955|648|0|531|1|0|
30|947|648|0|534|1|0|
30|948|432|0|534|1|0|
30|951|864|0|532|1|0|
30|952|756|0|535|1|0|
30|948|756|0|534|1|0|
30|940|864|0|535|1|0|
30|943|756|0|535|1|0|
30|953|648|0|535|1|0|
30|944|648|0|534|1|0|
30|953|540|0|535|1|0|
30|1116|648|0|1209|1|0|
30|1102|756|0|937|1|0|
30|1102|864|0|1658|1|0|
30|939|540|0|533|1|0|
30|945|756|0|532|1|0|
30|944|648|0|535|1|0|
30|947|864|0|535|1|0|
30|941|756|0|535|1|0|
30|944|432|0|534|1|0|
30|943|648|0|535|1|0|
30|941|648|0|535|1|0|
30|956|648|0|532|1|0|
30|946|756|0|535|1|0|
30|942|648|0|535|1|0|
30|944|648|0|535|1|0|
30|943|540|0|535|1|0|
30|953|648|0|535|1|0|
30|945|972|0|535|1|0|
30|944|432|0|535|1|0|
30|952|864|0|535|1|0|
30|945|540|0|534|1|0|
30|946|756|0|534|1|0|
30|943|972|0|535|1|0|
30|942|648|0|535|1|0|
30|947|756|0|534|1|0|
30|973|864|0|534|1|0|
30|944|648|0|535|1|0|
30|940|756|0|535|1|0|
30|942|540|0|535|1|0|
30|1068|756|0|907|1|0|
30|1138|864|0|1291|1|0|
30|1054|648|0|1282|1|0|
