INSTRUCTIONS_RETIRED|CYCLES|UNKNOWN|LD_BLOCKS.STORE_FORWARD|UOPS_EXECUTED.CORE|BR_MISP_RETIRED.ALL_BRANCHES|UOPS_ISSUED.SINGLE_MUL|
30|945|432|0|535|1|0|
30|946|432|0|535|1|0|
30|953|540|0|535|1|0|
30|947|540|0|535|1|0|
30|944|648|0|535|1|0|
30|940|540|0|535|1|0|
30|956|648|0|534|1|0|
30|948|864|0|535|1|0|
30|945|756|0|535|1|0|
30|945|432|0|534|1|0|
30|947|756|0|534|1|0|
30|947|756|0|535|1|0|
30|962|540|0|534|1|0|
30|950|648|0|534|1|0|
30|947|540|0|535|1|0|
30|944|756|0|535|1|0|
30|945|648|0|534|1|0|
30|946|648|0|535|1|0|
30|952|648|0|534|1|0|
30|945|648|0|535|1|0|
30|946|540|0|535|1|0|
30|943|648|0|535|1|0|
30|949|540|0|534|1|0|
30|943|540|0|535|1|0|
30|948|540|0|535|1|0|
30|938|540|0|535|1|0|
30|946|648|0|535|1|0|
30|1186|864|0|1442|1|0|
30|945|540|0|535|1|0|
30|943|648|0|535|1|0|
30|948|648|0|534|1|0|
30|954|648|0|531|1|0|
30|948|756|0|535|1|0|
30|944|540|0|533|1|0|
30|945|432|0|534|1|0|
30|979|432|0|535|1|0|
30|945|540|0|535|1|0|
30|944|540|0|535|1|0|
30|946|756|0|534|1|0|
30|943|756|0|534|1|0|
30|949|432|0|535|1|0|
30|951|540|0|534|1|0|
30|951|756|0|534|1|0|
30|939|432|0|535|1|0|
30|943|756|0|535|1|0|
30|946|540|0|535|1|0|
30|949|432|0|535|1|0|
30|956|648|0|535|1|0|
30|949|432|0|535|1|0|
30|958|756|0|531|1|0|
30|946|648|0|535|1|0|
30|944|756|0|535|1|0|
30|945|540|0|534|1|0|
30|944|756|0|535|1|0|
30|948|540|0|534|1|0|
30|945|864|0|535|1|0|
30|948|648|0|534|1|0|
30|945|756|0|535|1|0|
30|944|540|0|535|1|0|
30|1114|756|0|2221|1|0|
30|1046|540|0|803|1|0|
30|950|648|0|534|1|0|
30|945|432|0|535|1|0|
30|946|648|0|535|1|0|
30|946|648|0|535|1|0|
30|948|648|0|534|1|0|
30|944|756|0|535|1|0|
30|945|540|0|534|1|0|
30|944|756|0|534|1|0|
30|945|756|0|534|1|0|
30|946|648|0|535|1|0|
30|948|648|0|534|1|0|
30|947|648|0|534|1|0|
30|954|432|0|535|1|0|
30|946|540|0|535|1|0|
30|944|648|0|535|1|0|
30|944|540|0|535|1|0|
30|950|648|0|534|1|0|
30|944|432|0|535|1|0|
30|951|540|0|534|1|0|
30|940|540|0|534|1|0|
30|945|648|0|535|1|0|
30|944|756|0|535|1|0|
30|948|756|0|535|1|0|
30|947|648|0|535|1|0|
30|948|432|0|535|1|0|
30|953|432|0|536|1|0|
30|945|540|0|535|1|0|
30|946|432|0|534|1|0|
30|1052|540|0|946|1|0|
30|946|648|0|535|1|0|
30|946|540|0|535|1|0|
30|951|432|0|535|1|0|
30|946|540|0|535|1|0|
30|950|432|0|535|1|0|
30|947|648|0|535|1|0|
30|943|540|0|535|1|0|
30|944|756|0|535|1|0|
30|943|648|0|534|1|0|
30|946|648|0|535|1|0|
30|943|432|0|535|1|0|
30|955|648|0|535|1|0|
30|948|864|0|535|1|0|
30|954|648|0|535|1|0|
30|942|540|0|535|1|0|
30|955|756|0|535|1|0|
30|948|648|0|535|1|0|
30|947|432|0|535|1|0|
30|945|540|0|534|1|0|
30|945|540|0|534|1|0|
30|943|432|0|535|1|0|
30|951|540|0|534|1|0|
30|951|756|0|535|1|0|
30|953|648|0|535|1|0|
30|947|432|0|534|1|0|
30|944|648|0|535|1|0|
30|949|648|0|535|1|0|
30|949|648|0|535|1|0|
30|948|756|0|535|1|0|
30|983|540|0|532|1|0|
30|943|864|0|535|1|0|
30|944|648|0|535|1|0|
30|944|648|0|535|1|0|
30|946|756|0|535|1|0|
30|948|432|0|535|1|0|
30|945|756|0|535|1|0|
30|949|540|0|535|1|0|
30|950|756|0|534|1|0|
30|944|540|0|534|1|0|
30|946|540|0|535|1|0|
30|942|540|0|535|1|0|
30|945|540|0|534|1|0|
30|949|540|0|535|1|0|
30|947|540|0|534|1|0|
30|951|432|0|535|1|0|
30|948|648|0|535|1|0|
30|944|648|0|535|1|0|
30|951|432|0|535|1|0|
30|952|540|0|535|1|0|
30|956|540|0|535|1|0|
30|948|540|0|534|1|0|
30|944|432|0|535|1|0|
30|948|756|0|534|1|0|
30|947|432|0|534|1|0|
30|957|432|0|535|1|0|
30|946|432|0|534|1|0|
30|948|432|0|535|1|0|
30|948|648|0|535|1|0|
30|943|432|0|535|1|0|
30|946|756|0|534|1|0|
30|950|648|0|534|1|0|
30|948|648|0|534|1|0|
30|957|648|0|532|1|0|
30|947|432|0|534|1|0|
30|948|648|0|535|1|0|
30|946|540|0|535|1|0|
30|938|540|0|535|1|0|
30|943|432|0|534|1|0|
30|949|864|0|535|1|0|
30|946|648|0|534|1|0|
30|955|648|0|535|1|0|
30|946|648|0|535|1|0|
30|945|864|0|535|1|0|
30|954|648|0|535|1|0|
30|948|648|0|535|1|0|
30|948|540|0|535|1|0|
30|948|648|0|534|1|0|
30|943|540|0|535|1|0|
30|945|540|0|535|1|0|
30|942|432|0|535|1|0|
30|948|756|0|534|1|0|
30|948|756|0|535|1|0|
30|945|432|0|534|1|0|
30|947|648|0|535|1|0|
30|943|432|0|535|1|0|
30|938|756|0|535|1|0|
30|942|756|0|535|1|0|
30|949|540|0|535|1|0|
30|948|540|0|534|1|0|
30|942|648|0|534|1|0|
30|948|756|0|535|1|0|
30|951|756|0|535|1|0|
30|945|540|0|534|1|0|
30|950|540|0|535|1|0|
30|946|648|0|535|1|0|
30|956|648|0|534|1|0|
30|948|648|0|535|1|0|
30|945|648|0|535|1|0|
30|1087|648|0|1463|1|0|
30|1096|756|0|1528|1|0|
30|944|540|0|535|1|0|
30|949|432|0|534|1|0|
30|949|540|0|535|1|0|
30|948|756|0|534|1|0|
30|947|648|0|534|1|0|
30|943|756|0|535|1|0|
30|949|648|0|534|1|0|
30|945|756|0|534|1|0|
30|952|540|0|535|1|0|
30|951|540|0|535|1|0|
30|947|756|0|534|1|0|
30|945|432|0|534|1|0|
30|941|540|0|535|1|0|
30|951|864|0|535|1|0|
30|949|648|0|535|1|0|
30|944|756|0|534|1|0|
30|1110|864|0|1058|1|0|
30|951|648|0|535|1|0|
30|944|648|0|535|1|0|
30|943|540|0|535|1|0|
30|947|756|0|535|1|0|
30|947|648|0|535|1|0|
30|950|756|0|535|1|0|
30|947|648|0|534|1|0|
30|959|540|0|534|1|0|
30|949|540|0|534|1|0|
30|949|648|0|535|1|0|
30|944|756|0|535|1|0|
30|949|540|0|535|1|0|
30|947|540|0|535|1|0|
30|948|540|0|535|1|0|
30|954|756|0|534|1|0|
30|950|756|0|534|1|0|
30|952|648|0|535|1|0|
30|953|540|0|534|1|0|
30|952|432|0|535|1|0|
30|946|540|0|534|1|0|
30|951|540|0|535|1|0|
30|949|432|0|535|1|0|
30|956|648|0|535|1|0|
30|944|756|0|535|1|0|
30|959|648|0|535|1|0|
30|954|540|0|535|1|0|
30|947|648|0|535|1|0|
30|948|648|0|535|1|0|
30|958|864|0|535|1|0|
30|943|540|0|535|1|0|
30|944|648|0|534|1|0|
30|944|540|0|535|1|0|
30|943|540|0|535|1|0|
30|943|540|0|535|1|0|
30|946|432|0|534|1|0|
30|951|432|0|534|1|0|
30|947|864|0|535|1|0|
30|947|756|0|535|1|0|
30|946|432|0|533|1|0|
30|950|432|0|535|1|0|
30|948|648|0|534|1|0|
30|939|648|0|533|1|0|
30|948|648|0|535|1|0|
30|946|648|0|535|1|0|
30|947|540|0|535|1|0|
30|948|432|0|535|1|0|
30|949|648|0|535|1|0|
30|946|972|0|534|1|0|
30|939|540|0|535|1|0|
30|940|648|0|535|1|0|
30|944|432|0|535|1|0|
30|944|648|0|534|1|0|
30|944|540|0|535|1|0|
30|950|540|0|534|1|0|
30|951|756|0|535|1|0|
30|946|432|0|535|1|0|
30|947|864|0|534|1|0|
30|939|648|0|535|1|0|
30|943|756|0|535|1|0|
30|950|648|0|535|1|0|
30|944|540|0|535|1|0|
30|949|540|0|534|1|0|
30|945|540|0|534|1|0|
30|1086|756|0|739|1|0|
30|943|648|0|535|1|0|
30|943|648|0|535|1|0|
30|948|648|0|535|1|0|
30|952|648|0|535|1|0|
30|944|864|0|535|1|0|
30|951|648|0|533|1|0|
30|946|756|0|535|1|0|
30|941|540|0|535|1|0|
30|945|648|0|534|1|0|
30|943|864|0|534|1|0|
30|945|540|0|535|1|0|
30|943|648|0|534|1|0|
30|946|540|0|535|1|0|
30|954|756|0|534|1|0|
30|949|648|0|535|1|0|
30|949|864|0|534|1|0|
30|943|756|0|535|1|0|
30|948|540|0|534|1|0|
30|958|648|0|535|1|0|
30|942|756|0|534|1|0|
30|953|540|0|535|1|0|
30|978|648|0|535|1|0|
30|948|648|0|535|1|0|
30|948|648|0|535|1|0|
30|944|540|0|534|1|0|
30|953|540|0|534|1|0|
30|949|540|0|534|1|0|
30|952|540|0|535|1|0|
30|943|540|0|535|1|0|
30|982|648|0|535|1|0|
30|945|648|0|534|1|0|
30|954|648|0|536|1|0|
30|945|864|0|535|1|0|
30|950|432|0|535|1|0|
30|942|648|0|534|1|0|
30|979|648|0|534|1|0|
30|949|648|0|535|1|0|
30|952|864|0|535|1|0|
30|949|648|0|535|1|0|
30|945|432|0|535|1|0|
30|955|432|0|535|1|0|
30|947|648|0|535|1|0|
30|945|432|0|534|1|0|
30|945|756|0|535|1|0|
30|946|864|0|534|1|0|
30|945|756|0|535|1|0|
30|950|540|0|534|1|0|
30|946|648|0|535|1|0|
30|955|648|0|535|1|0|
30|954|864|0|535|1|0|
30|945|756|0|535|1|0|
30|946|756|0|535|1|0|
30|946|864|0|535|1|0|
30|948|864|0|535|1|0|
30|947|756|0|534|1|0|
30|947|540|0|535|1|0|
30|955|540|0|535|1|0|
30|944|540|0|535|1|0|
30|946|540|0|535|1|0|
30|945|756|0|535|1|0|
30|946|648|0|535|1|0|
30|947|648|0|535|1|0|
30|944|648|0|535|1|0|
30|949|756|0|535|1|0|
30|946|540|0|535|1|0|
30|951|648|0|535|1|0|
30|943|648|0|535|1|0|
30|947|540|0|535|1|0|
30|946|864|0|535|1|0|
30|947|756|0|534|1|0|
30|946|432|0|534|1|0|
30|947|648|0|535|1|0|
30|951|540|0|535|1|0|
30|938|648|0|534|1|0|
30|941|648|0|535|1|0|
30|943|756|0|535|1|0|
30|958|756|0|532|1|0|
30|960|756|0|532|1|0|
30|945|540|0|534|1|0|
30|957|648|0|536|1|0|
30|945|540|0|535|1|0|
30|944|540|0|535|1|0|
30|953|756|0|535|1|0|
30|958|648|0|534|1|0|
30|946|432|0|534|1|0|
30|948|648|0|535|1|0|
30|1106|756|0|1292|1|0|
30|951|648|0|535|1|0|
30|946|756|0|535|1|0|
30|944|648|0|535|1|0|
30|949|432|0|535|1|0|
30|941|540|0|535|1|0|
30|942|540|0|535|1|0|
30|948|432|0|534|1|0|
30|948|864|0|534|1|0|
30|979|756|0|535|1|0|
30|944|648|0|535|1|0|
30|946|864|0|535|1|0|
30|950|540|0|535|1|0|
30|996|756|0|621|1|0|
30|944|756|0|535|1|0|
30|944|432|0|534|1|0|
30|944|648|0|535|1|0|
30|948|864|0|535|1|0|
30|945|540|0|535|1|0|
30|950|756|0|534|1|0|
30|946|540|0|535|1|0|
30|946|756|0|534|1|0|
30|946|540|0|534|1|0|
30|949|756|0|535|1|0|
30|942|648|0|534|1|0|
30|947|648|0|535|1|0|
30|942|648|0|535|1|0|
30|944|432|0|535|1|0|
30|956|756|0|531|1|0|
30|1186|864|0|1634|1|0|
30|947|648|0|535|1|0|
30|950|756|0|535|1|0|
30|953|432|0|535|1|0|
30|946|432|0|535|1|0|
30|950|540|0|535|1|0|
30|948|540|0|535|1|0|
30|948|540|0|534|1|0|
30|951|756|0|535|1|0|
30|948|648|0|535|1|0|
30|955|648|0|535|1|0|
30|948|540|0|534|1|0|
30|939|540|0|535|1|0|
30|949|540|0|535|1|0|
30|944|648|0|535|1|0|
30|946|648|0|534|1|0|
30|948|756|0|534|1|0|
30|958|648|0|535|1|0|
30|945|648|0|535|1|0|
30|942|648|0|534|1|0|
30|945|540|0|534|1|0|
30|949|756|0|534|1|0|
30|945|756|0|535|1|0|
30|944|540|0|535|1|0|
30|948|648|0|535|1|0|
30|941|540|0|535|1|0|
30|944|648|0|534|1|0|
30|948|540|0|535|1|0|
30|953|864|0|534|1|0|
30|945|648|0|534|1|0|
30|947|756|0|535|1|0|
30|946|648|0|535|1|0|
30|945|756|0|534|1|0|
30|951|648|0|535|1|0|
30|945|756|0|535|1|0|
30|941|756|0|534|1|0|
30|954|540|0|534|1|0|
30|939|972|0|534|1|0|
30|946|432|0|534|1|0|
30|950|540|0|535|1|0|
30|944|864|0|535|1|0|
30|951|756|0|534|1|0|
30|948|432|0|535|1|0|
30|946|648|0|534|1|0|
30|945|756|0|535|1|0|
30|951|648|0|535|1|0|
30|955|648|0|534|1|0|
30|946|540|0|535|1|0|
30|942|648|0|535|1|0|
30|940|864|0|535|1|0|
30|942|540|0|535|1|0|
30|943|756|0|535|1|0|
30|955|648|0|536|1|0|
30|948|648|0|534|1|0|
30|947|648|0|535|1|0|
30|945|648|0|535|1|0|
30|946|648|0|535|1|0|
30|940|540|0|535|1|0|
30|947|540|0|535|1|0|
30|947|648|0|535|1|0|
30|945|648|0|534|1|0|
30|943|432|0|535|1|0|
30|947|432|0|535|1|0|
30|943|540|0|534|1|0|
30|947|648|0|535|1|0|
30|948|648|0|535|1|0|
30|943|540|0|534|1|0|
30|951|540|0|534|1|0|
30|947|648|0|535|1|0|
30|949|756|0|535|1|0|
30|949|648|0|534|1|0|
30|944|756|0|535|1|0|
30|944|540|0|535|1|0|
30|946|864|0|535|1|0|
30|943|540|0|535|1|0|
30|940|864|0|535|1|0|
30|937|648|0|535|1|0|
30|945|756|0|535|1|0|
30|945|648|0|535|1|0|
30|948|540|0|535|1|0|
30|945|540|0|534|1|0|
30|947|540|0|534|1|0|
30|947|540|0|534|1|0|
30|956|648|0|535|1|0|
30|948|648|0|534|1|0|
30|947|648|0|535|1|0|
30|949|540|0|534|1|0|
30|945|864|0|535|1|0|
30|948|648|0|535|1|0|
30|949|648|0|534|1|0|
30|945|540|0|535|1|0|
30|1059|540|0|1099|1|0|
30|943|756|0|535|1|0|
30|943|648|0|535|1|0|
30|948|432|0|534|1|0|
30|953|648|0|535|1|0|
30|950|432|0|535|1|0|
30|948|648|0|535|1|0|
30|957|648|0|534|1|0|
30|950|432|0|535|1|0|
30|948|756|0|535|1|0|
30|945|756|0|535|1|0|
30|945|540|0|535|1|0|
30|956|648|0|535|1|0|
30|950|648|0|535|1|0|
30|955|648|0|535|1|0|
30|948|756|0|534|1|0|
30|947|648|0|535|1|0|
30|947|648|0|535|1|0|
30|950|756|0|535|1|0|
30|954|756|0|537|1|0|
30|941|756|0|535|1|0|
30|947|864|0|535|1|0|
30|947|540|0|535|1|0|
30|945|648|0|535|1|0|
30|945|540|0|535|1|0|
30|947|540|0|534|1|0|
30|945|540|0|535|1|0|
30|950|756|0|535|1|0|
30|940|432|0|535|1|0|
30|945|540|0|534|1|0|
30|947|648|0|534|1|0|
30|951|756|0|535|1|0|
30|945|540|0|534|1|0|
30|956|648|0|530|1|0|
30|954|540|0|534|1|0|
30|946|648|0|535|1|0|
30|949|540|0|534|1|0|
30|942|432|0|535|1|0|
30|948|648|0|534|1|0|
30|948|648|0|535|1|0|
30|943|648|0|535|1|0|
30|951|756|0|535|1|0|
30|945|648|0|535|1|0|
30|945|756|0|535|1|0|
30|949|648|0|534|1|0|
30|946|540|0|534|1|0|
30|938|756|0|535|1|0|
30|942|756|0|535|1|0|
30|949|540|0|535|1|0|
30|946|756|0|535|1|0|
30|952|648|0|534|1|0|
30|943|648|0|534|1|0|
30|946|648|0|535|1|0|
30|941|648|0|535|1|0|
30|945|756|0|534|1|0|
30|949|648|0|535|1|0|
30|946|540|0|533|1|0|
30|955|540|0|536|1|0|
30|949|540|0|535|1|0|
30|939|648|0|535|1|0|
30|977|540|0|535|1|0|
30|943|756|0|535|1|0|
30|951|756|0|535|1|0|
30|952|648|0|535|1|0|
30|952|432|0|535|1|0|
30|946|540|0|534|1|0|
30|948|756|0|534|1|0|
30|948|864|0|534|1|0|
30|947|648|0|535|1|0|
30|944|540|0|535|1|0|
30|950|648|0|534|1|0|
30|954|540|0|535|1|0|
30|944|648|0|533|1|0|
30|952|648|0|535|1|0|
30|954|864|0|535|1|0|
30|955|864|0|535|1|0|
30|961|648|0|534|1|0|
30|984|432|0|534|1|0|
30|954|540|0|535|1|0|
30|944|756|0|535|1|0|
30|955|756|0|534|1|0|
30|946|432|0|534|1|0|
30|940|756|0|534|1|0|
30|946|540|0|535|1|0|
30|951|756|0|534|1|0|
30|1127|756|0|1033|1|0|
30|942|756|0|534|1|0|
30|945|756|0|535|1|0|
30|954|540|0|535|1|0|
30|951|648|0|535|1|0|
30|953|756|0|537|1|0|
30|948|540|0|534|1|0|
30|951|756|0|535|1|0|
30|949|648|0|535|1|0|
30|948|432|0|535|1|0|
30|953|756|0|537|1|0|
30|946|648|0|535|1|0|
30|950|648|0|535|1|0|
30|947|648|0|535|1|0|
30|955|648|0|535|1|0|
30|947|756|0|535|1|0|
30|945|540|0|535|1|0|
30|946|864|0|535|1|0|
30|948|648|0|534|1|0|
30|943|648|0|535|1|0|
30|957|432|0|535|1|0|
30|949|648|0|535|1|0|
30|952|756|0|535|1|0|
30|949|756|0|535|1|0|
30|945|756|0|534|1|0|
30|951|756|0|535|1|0|
30|948|648|0|535|1|0|
30|952|756|0|535|1|0|
30|1069|648|0|773|1|0|
30|938|756|0|535|1|0|
30|1030|648|0|775|1|0|
30|942|756|0|534|1|0|
30|955|432|0|534|1|0|
30|945|432|0|535|1|0|
30|947|540|0|535|1|0|
30|961|540|0|535|1|0|
30|942|864|0|535|1|0|
30|950|540|0|535|1|0|
30|953|540|0|535|1|0|
30|946|648|0|535|1|0|
30|946|540|0|535|1|0|
30|947|540|0|534|1|0|
30|951|648|0|535|1|0|
30|945|648|0|535|1|0|
30|950|756|0|533|1|0|
30|945|648|0|535|1|0|
30|945|648|0|535|1|0|
30|949|648|0|535|1|0|
30|944|648|0|533|1|0|
30|946|756|0|535|1|0|
30|947|756|0|535|1|0|
30|950|756|0|532|1|0|
30|941|540|0|535|1|0|
30|944|864|0|535|1|0|
30|949|648|0|534|1|0|
30|944|756|0|535|1|0|
30|947|648|0|535|1|0|
30|951|648|0|535|1|0|
30|1166|864|0|967|1|0|
30|945|540|0|535|1|0|
30|953|540|0|534|1|0|
30|945|540|0|534|1|0|
30|945|540|0|535|1|0|
30|945|648|0|534|1|0|
30|947|540|0|535|1|0|
30|944|648|0|534|1|0|
30|944|648|0|535|1|0|
30|946|756|0|534|1|0|
30|944|756|0|535|1|0|
30|944|648|0|534|1|0|
30|952|540|0|534|1|0|
30|945|756|0|534|1|0|
30|946|432|0|535|1|0|
30|946|540|0|535|1|0|
30|945|648|0|534|1|0|
30|950|864|0|535|1|0|
30|948|432|0|534|1|0|
30|957|540|0|532|1|0|
30|952|648|0|535|1|0|
30|957|864|0|535|1|0|
30|951|648|0|535|1|0|
30|946|756|0|534|1|0|
30|950|756|0|535|1|0|
30|944|432|0|534|1|0|
30|961|648|0|535|1|0|
30|944|648|0|535|1|0|
30|945|648|0|535|1|0|
30|945|648|0|534|1|0|
30|956|540|0|535|1|0|
30|960|648|0|535|1|0|
30|947|648|0|535|1|0|
30|937|540|0|535|1|0|
30|948|648|0|534|1|0|
30|943|648|0|534|1|0|
30|948|432|0|535|1|0|
30|946|648|0|535|1|0|
30|943|540|0|535|1|0|
30|949|756|0|535|1|0|
30|952|648|0|535|1|0|
30|952|756|0|535|1|0|
30|945|540|0|534|1|0|
30|955|540|0|534|1|0|
30|947|756|0|534|1|0|
30|955|756|0|532|1|0|
30|945|648|0|535|1|0|
30|944|432|0|535|1|0|
30|941|432|0|534|1|0|
30|942|648|0|535|1|0|
30|950|540|0|535|1|0|
30|944|756|0|535|1|0|
30|946|756|0|535|1|0|
30|949|648|0|535|1|0|
30|945|540|0|534|1|0|
30|948|756|0|535|1|0|
30|943|756|0|535|1|0|
30|951|540|0|535|1|0|
30|947|648|0|534|1|0|
30|945|648|0|535|1|0|
30|946|432|0|534|1|0|
30|941|756|0|535|1|0|
30|959|540|0|532|1|0|
30|945|540|0|533|1|0|
30|947|648|0|535|1|0|
30|946|648|0|535|1|0|
30|943|648|0|534|1|0|
30|945|540|0|534|1|0|
30|941|648|0|535|1|0|
30|946|540|0|534|1|0|
30|948|648|0|533|1|0|
30|948|648|0|534|1|0|
30|946|648|0|534|1|0|
30|945|540|0|535|1|0|
30|948|756|0|535|1|0|
30|947|540|0|534|1|0|
30|955|432|0|535|1|0|
30|945|540|0|535|1|0|
30|947|540|0|535|1|0|
30|943|432|0|535|1|0|
30|948|540|0|534|1|0|
30|948|864|0|535|1|0|
30|947|648|0|534|1|0|
30|944|756|0|534|1|0|
30|957|648|0|531|1|0|
30|950|648|0|534|1|0|
30|946|648|0|535|1|0|
30|963|756|0|535|1|0|
30|941|864|0|535|1|0|
30|942|540|0|535|1|0|
30|952|648|0|534|1|0|
30|946|540|0|535|1|0|
30|944|648|0|535|1|0|
30|945|540|0|535|1|0|
30|947|540|0|534|1|0|
30|946|540|0|534|1|0|
30|945|648|0|535|1|0|
30|943|756|0|534|1|0|
30|945|648|0|535|1|0|
30|947|648|0|535|1|0|
30|946|648|0|535|1|0|
30|948|432|0|534|1|0|
30|944|648|0|534|1|0|
30|943|756|0|534|1|0|
30|951|540|0|534|1|0|
30|955|540|0|534|1|0|
30|943|756|0|535|1|0|
30|947|540|0|535|1|0|
30|944|648|0|534|1|0|
30|944|432|0|534|1|0|
30|943|648|0|534|1|0|
30|947|540|0|534|1|0|
30|951|648|0|534|1|0|
30|948|540|0|534|1|0|
30|941|648|0|535|1|0|
30|952|432|0|534|1|0|
30|950|648|0|535|1|0|
30|944|756|0|535|1|0|
30|944|540|0|535|1|0|
30|977|540|0|535|1|0|
30|943|648|0|535|1|0|
30|945|648|0|535|1|0|
30|944|432|0|535|1|0|
30|941|648|0|535|1|0|
30|944|540|0|534|1|0|
30|950|648|0|534|1|0|
30|966|864|0|532|1|0|
30|941|540|0|535|1|0|
30|940|864|0|535|1|0|
30|949|756|0|531|1|0|
30|942|648|0|535|1|0|
30|945|864|0|534|1|0|
30|941|540|0|535|1|0|
30|943|756|0|535|1|0|
30|939|648|0|535|1|0|
30|940|864|0|535|1|0|
30|940|648|0|535|1|0|
30|939|648|0|535|1|0|
30|942|864|0|535|1|0|
30|940|648|0|534|1|0|
30|944|540|0|535|1|0|
30|943|648|0|535|1|0|
30|957|648|0|535|1|0|
30|946|648|0|535|1|0|
30|985|540|0|535|1|0|
30|937|648|0|535|1|0|
30|942|756|0|534|1|0|
30|947|648|0|534|1|0|
30|951|756|0|535|1|0|
30|946|756|0|535|1|0|
30|947|648|0|534|1|0|
30|947|756|0|535|1|0|
30|940|432|0|534|1|0|
30|949|648|0|535|1|0|
30|951|864|0|535|1|0|
30|946|540|0|534|1|0|
30|1069|540|0|1581|1|0|
30|1118|864|0|1852|1|0|
30|1113|756|0|2010|1|0|
30|1078|864|0|1229|1|0|
30|1079|756|0|832|1|0|
30|1043|756|0|777|1|0|
30|1183|864|0|1689|1|0|
30|1148|648|0|1459|1|0|
30|1149|648|0|1517|1|0|
30|1183|864|0|1821|1|0|
30|1124|756|0|1848|1|0|
30|1158|864|0|1968|1|0|
30|1078|648|0|1537|1|0|
30|1131|864|0|1718|1|0|
30|1205|864|0|1647|1|0|
30|1198|756|0|2006|1|0|
30|1136|756|0|1751|1|0|
30|1154|756|0|1435|1|0|
30|1179|864|0|2035|1|0|
30|1180|648|0|1983|1|0|
30|1097|756|0|1919|1|0|
30|1174|864|0|1730|1|0|
30|1094|648|0|1319|1|0|
30|1122|540|0|1856|1|0|
30|1143|756|0|1639|1|0|
30|1126|756|0|1579|1|0|
30|1121|756|0|1377|1|0|
30|1139|756|0|1819|1|0|
30|1053|648|0|906|1|0|
30|1095|864|0|1407|1|0|
30|1062|756|0|959|1|0|
30|1106|756|0|1382|1|0|
30|1088|756|0|963|1|0|
30|1042|756|0|795|1|0|
30|1051|648|0|1073|1|0|
30|1075|648|0|1343|1|0|
30|1054|648|0|1222|1|0|
30|1224|648|0|1567|1|0|
30|1114|648|0|1318|1|0|
30|1102|648|0|1021|1|0|
30|1152|756|0|1144|1|0|
30|1097|756|0|990|2|0|
30|1099|864|0|1674|1|0|
30|1079|756|0|1165|1|0|
30|1123|756|0|1808|2|0|
30|1025|756|0|817|1|0|
30|1145|756|0|1701|1|0|
30|1093|864|0|963|1|0|
30|1129|540|0|1443|1|0|
30|1193|648|0|2473|1|0|
30|1068|540|0|1149|1|0|
30|1077|540|0|1461|1|0|
30|1104|648|0|1463|1|0|
30|1083|648|0|821|1|0|
30|1105|756|0|1728|1|0|
30|1189|756|0|1636|1|0|
30|947|648|0|535|1|0|
30|1096|864|0|1403|1|0|
30|949|540|0|535|1|0|
30|957|648|0|532|1|0|
30|944|648|0|535|1|0|
30|954|756|0|535|1|0|
30|949|648|0|534|1|0|
30|950|648|0|535|1|0|
30|957|540|0|535|1|0|
30|944|648|0|535|1|0|
30|944|648|0|534|1|0|
30|947|648|0|535|1|0|
30|945|540|0|535|1|0|
30|945|540|0|534|1|0|
30|1117|756|0|574|1|0|
30|1086|648|0|1468|1|0|
30|1111|756|0|1183|1|0|
30|1118|648|0|1308|1|0|
30|1128|972|0|1527|1|0|
30|1122|972|0|1913|1|0|
30|1146|864|0|2138|1|0|
30|1123|864|0|1745|1|0|
30|1126|648|0|1745|1|0|
30|1175|864|0|2032|1|0|
30|1161|972|0|1873|1|0|
30|1153|648|0|1921|1|0|
30|1136|756|0|1789|1|0|
30|1157|648|0|1626|1|0|
30|1126|756|0|1811|1|0|
30|1067|864|0|1077|1|0|
30|1187|756|0|2132|1|0|
30|1130|756|0|2109|1|0|
30|989|540|0|657|1|0|
30|1048|540|0|564|1|0|
30|1013|648|0|585|1|0|
30|1101|864|0|1587|1|0|
30|1132|864|0|2029|1|0|
30|1114|540|0|2414|1|0|
30|1095|756|0|1669|1|0|
30|1122|864|0|2090|1|0|
30|1110|756|0|1987|1|0|
30|1188|864|0|2182|1|0|
30|1106|864|0|1898|1|0|
30|1086|540|0|1388|1|0|
30|1115|648|0|1129|1|0|
30|1126|648|0|1254|1|0|
30|1116|756|0|1611|1|0|
30|1096|756|0|1342|1|0|
30|1074|540|0|737|1|0|
30|2747|1944|0|4650|1|0|
30|1125|756|0|1737|1|0|
30|1152|864|0|1529|1|0|
30|1778|972|0|1089|1|0|
30|947|540|0|534|1|0|
30|956|540|0|535|1|0|
30|949|648|0|535|1|0|
30|953|540|0|535|1|0|
30|949|540|0|534|1|0|
30|954|648|0|535|1|0|
30|946|540|0|534|1|0|
30|944|648|0|535|1|0|
30|948|540|0|534|1|0|
30|948|540|0|535|1|0|
30|948|864|0|534|1|0|
30|953|648|0|532|1|0|
30|944|756|0|535|1|0|
30|950|648|0|534|1|0|
30|948|540|0|535|1|0|
30|957|864|0|535|1|0|
30|945|648|0|534|1|0|
30|948|756|0|534|1|0|
30|950|540|0|535|1|0|
30|950|540|0|535|1|0|
30|941|540|0|534|1|0|
30|952|648|0|535|1|0|
30|948|756|0|535|1|0|
30|981|648|0|532|1|0|
30|987|648|0|535|1|0|
30|960|756|0|535|1|0|
30|950|648|0|534|1|0|
30|959|756|0|535|1|0|
30|949|540|0|535|1|0|
30|947|540|0|534|1|0|
30|946|756|0|534|1|0|
30|956|540|0|534|1|0|
30|1056|756|0|832|1|0|
30|1099|756|0|1265|1|0|
30|1189|864|0|2021|1|0|
30|1164|756|0|1934|1|0|
30|1150|864|0|2048|1|0|
30|1121|540|0|1522|1|0|
30|1185|756|0|2209|1|0|
30|1150|972|0|1880|1|0|
30|1153|864|0|1908|1|0|
30|1154|756|0|2014|1|0|
30|1126|648|0|1790|1|0|
30|1124|972|0|1653|1|0|
30|1162|972|0|1896|1|0|
30|1097|756|0|1552|1|0|
30|1125|864|0|1514|1|0|
30|1072|648|0|993|1|0|
30|1122|864|0|1434|1|0|
30|1118|648|0|2163|1|0|
30|1022|756|0|685|1|0|
30|1034|756|0|891|1|0|
30|1067|756|0|1659|1|0|
30|1041|756|0|1196|1|0|
30|1044|648|0|1016|1|0|
30|1044|648|0|825|1|0|
30|1152|864|0|2120|1|0|
30|1101|756|0|1204|1|0|
30|1074|756|0|1014|1|0|
30|1170|648|0|2543|1|0|
30|1047|540|0|953|1|0|
30|1021|540|0|713|1|0|
30|1012|648|0|654|1|0|
30|1087|648|0|1406|1|0|
30|1143|864|0|2108|1|0|
30|1074|648|0|1356|1|0|
30|1137|972|0|1391|1|0|
30|1020|756|0|901|1|0|
30|945|648|0|535|1|0|
30|953|756|0|535|1|0|
30|944|432|0|535|1|0|
30|944|648|0|534|1|0|
30|962|648|0|535|1|0|
30|945|540|0|535|1|0|
30|950|648|0|534|1|0|
30|948|756|0|534|1|0|
30|946|432|0|535|1|0|
30|949|648|0|535|1|0|
30|944|648|0|535|1|0|
30|948|864|0|534|1|0|
30|946|648|0|534|1|0|
30|946|756|0|535|1|0|
30|950|540|0|535|1|0|
30|948|432|0|535|1|0|
30|945|864|0|535|1|0|
30|947|432|0|535|1|0|
30|947|540|0|534|1|0|
30|946|432|0|535|1|0|
30|944|648|0|535|1|0|
30|943|540|0|535|1|0|
30|943|540|0|534|1|0|
30|944|432|0|534|1|0|
30|947|540|0|535|1|0|
30|948|756|0|534|1|0|
30|947|864|0|535|1|0|
30|939|756|0|535|1|0|
30|945|648|0|535|1|0|
30|944|864|0|535|1|0|
30|947|540|0|534|1|0|
30|946|540|0|534|1|0|
30|953|432|0|534|1|0|
30|961|648|0|534|1|0|
30|944|648|0|535|1|0|
30|998|864|0|535|1|0|
30|944|756|0|535|1|0|
30|1112|756|0|1539|1|0|
30|1050|756|0|1423|1|0|
30|1141|540|0|2038|1|0|
30|1074|540|0|1447|1|0|
30|1112|972|0|1725|1|0|
30|1138|756|0|1915|1|0|
30|1128|864|0|1743|1|0|
30|1149|648|0|1571|1|0|
30|1152|864|0|1711|1|0|
30|1116|864|0|1189|1|0|
