INSTRUCTIONS_RETIRED|CYCLES|UNKNOWN|LD_BLOCKS.STORE_FORWARD|UOPS_EXECUTED.CORE|BR_MISP_RETIRED.ALL_BRANCHES|UOPS_ISSUED.SINGLE_MUL|
30|945|648|0|535|1|0|
30|946|648|0|535|1|0|
30|949|648|0|534|1|0|
30|947|648|0|535|1|0|
30|947|540|0|535|1|0|
30|1031|756|0|665|1|0|
30|990|756|0|533|1|0|
30|948|540|0|535|1|0|
30|943|648|0|535|1|0|
30|946|756|0|534|1|0|
30|944|540|0|534|1|0|
30|1020|756|0|653|1|0|
30|946|432|0|535|1|0|
30|945|540|0|534|1|0|
30|953|540|0|535|1|0|
30|955|540|0|537|1|0|
30|949|432|0|532|1|0|
30|940|648|0|535|1|0|
30|948|540|0|534|1|0|
30|953|648|0|534|1|0|
30|948|540|0|535|1|0|
30|948|540|0|535|1|0|
30|954|648|0|530|1|0|
30|946|756|0|535|1|0|
30|942|432|0|535|1|0|
30|941|756|0|535|1|0|
30|958|648|0|537|1|0|
30|941|432|0|535|1|0|
30|945|540|0|535|1|0|
30|939|540|0|534|1|0|
30|947|648|0|535|1|0|
30|951|648|0|535|1|0|
30|970|540|0|535|1|0|
30|949|648|0|535|1|0|
30|940|432|0|535|1|0|
30|945|432|0|535|1|0|
30|952|540|0|534|1|0|
30|968|648|0|534|1|0|
30|950|756|0|535|1|0|
30|944|540|0|535|1|0|
30|955|756|0|535|1|0|
30|942|432|0|535|1|0|
30|941|648|0|535|1|0|
30|974|432|0|534|1|0|
30|944|648|0|535|1|0|
30|950|756|0|535|1|0|
30|948|648|0|535|1|0|
30|946|648|0|535|1|0|
30|945|540|0|535|1|0|
30|955|540|0|535|1|0|
30|951|648|0|534|1|0|
30|943|648|0|534|1|0|
30|944|648|0|535|1|0|
30|945|648|0|535|1|0|
30|945|540|0|535|1|0|
30|946|540|0|535|1|0|
30|955|648|0|535|1|0|
30|947|648|0|535|1|0|
30|945|864|0|535|1|0|
30|944|432|0|535|1|0|
30|947|756|0|534|1|0|
30|945|756|0|535|1|0|
30|948|540|0|534|1|0|
30|948|648|0|535|1|0|
30|950|756|0|536|1|0|
30|958|540|0|535|1|0|
30|945|648|0|535|1|0|
30|950|756|0|537|1|0|
30|945|648|0|535|1|0|
30|947|540|0|535|1|0|
30|940|648|0|534|1|0|
30|942|540|0|535|1|0|
30|950|432|0|535|1|0|
30|948|432|0|534|1|0|
30|945|540|0|535|1|0|
30|944|540|0|535|1|0|
30|945|540|0|534|1|0|
30|942|540|0|535|1|0|
30|946|756|0|535|1|0|
30|953|540|0|535|1|0|
30|943|540|0|535|1|0|
30|944|756|0|535|1|0|
30|947|756|0|535|1|0|
30|942|540|0|535|1|0|
30|947|756|0|534|1|0|
30|953|756|0|536|1|0|
30|945|540|0|535|1|0|
30|938|756|0|535|1|0|
30|948|432|0|534|1|0|
30|953|540|0|535|1|0|
30|946|540|0|535|1|0|
30|946|648|0|534|1|0|
30|944|648|0|535|1|0|
30|945|756|0|535|1|0|
30|952|648|0|534|1|0|
30|950|540|0|534|1|0|
30|942|540|0|535|1|0|
30|942|756|0|534|1|0|
30|942|864|0|534|1|0|
30|1071|648|0|978|1|0|
30|945|540|0|535|1|0|
30|946|540|0|535|1|0|
30|940|756|0|534|1|0|
30|945|432|0|535|1|0|
30|946|648|0|535|1|0|
30|948|648|0|535|1|0|
30|946|864|0|535|1|0|
30|955|648|0|535|1|0|
30|949|540|0|535|1|0|
30|948|864|0|535|1|0|
30|945|756|0|534|1|0|
30|952|540|0|536|1|0|
30|956|540|0|535|1|0|
30|953|540|0|535|1|0|
30|939|540|0|535|1|0|
30|940|648|0|535|1|0|
30|950|756|0|534|1|0|
30|947|756|0|535|1|0|
30|946|648|0|535|1|0|
30|945|864|0|535|1|0|
30|947|756|0|535|1|0|
30|950|540|0|535|1|0|
30|946|540|0|535|1|0|
30|954|540|0|535|1|0|
30|947|648|0|535|1|0|
30|947|648|0|535|1|0|
30|947|648|0|534|1|0|
30|944|432|0|534|1|0|
30|952|756|0|536|1|0|
30|959|540|0|535|1|0|
30|945|648|0|535|1|0|
30|949|756|0|531|1|0|
30|975|864|0|535|1|0|
30|946|540|0|535|1|0|
30|949|648|0|535|1|0|
30|952|648|0|536|1|0|
30|950|648|0|535|1|0|
30|946|756|0|535|1|0|
30|945|540|0|535|1|0|
30|943|864|0|535|1|0|
30|946|756|0|535|1|0|
30|944|540|0|535|1|0|
30|945|756|0|534|1|0|
30|950|540|0|534|1|0|
30|944|756|0|535|1|0|
30|952|648|0|536|1|0|
30|948|756|0|534|1|0|
30|945|648|0|535|1|0|
30|953|864|0|534|1|0|
30|945|756|0|534|1|0|
30|953|540|0|533|1|0|
30|938|756|0|535|1|0|
30|946|648|0|535|1|0|
30|946|540|0|535|1|0|
30|953|648|0|534|1|0|
30|946|756|0|535|1|0|
30|976|864|0|537|1|0|
30|954|432|0|536|1|0|
30|961|432|0|537|1|0|
30|943|648|0|535|1|0|
30|943|648|0|535|1|0|
30|1028|648|0|837|1|0|
30|947|972|0|534|1|0|
30|946|540|0|535|1|0|
30|947|648|0|535|1|0|
30|949|540|0|535|1|0|
30|945|540|0|535|1|0|
30|945|540|0|535|1|0|
30|945|540|0|535|1|0|
30|943|648|0|534|1|0|
30|956|432|0|536|1|0|
30|946|648|0|535|1|0|
30|955|540|0|535|1|0|
30|945|756|0|534|1|0|
30|945|648|0|535|1|0|
30|943|756|0|535|1|0|
30|947|540|0|535|1|0|
30|937|756|0|534|1|0|
30|941|648|0|535|1|0|
30|945|540|0|534|1|0|
30|948|540|0|534|1|0|
30|946|432|0|534|1|0|
30|955|648|0|535|1|0|
30|947|648|0|535|1|0|
30|944|540|0|535|1|0|
30|948|540|0|535|1|0|
30|977|648|0|534|1|0|
30|947|432|0|535|1|0|
30|949|432|0|535|1|0|
30|945|756|0|535|1|0|
30|948|540|0|534|1|0|
30|943|540|0|535|1|0|
30|957|540|0|534|1|0|
30|951|756|0|534|1|0|
30|947|756|0|535|1|0|
30|952|540|0|535|1|0|
30|942|648|0|535|1|0|
30|943|432|0|535|1|0|
30|946|432|0|535|1|0|
30|945|648|0|535|1|0|
30|946|756|0|535|1|0|
30|952|756|0|534|1|0|
30|950|432|0|535|1|0|
30|946|648|0|535|1|0|
30|946|864|0|534|1|0|
30|943|756|0|535|1|0|
30|943|756|0|535|1|0|
30|952|864|0|535|1|0|
30|947|648|0|535|1|0|
30|947|756|0|535|1|0|
30|949|540|0|537|1|0|
30|945|540|0|534|1|0|
30|943|648|0|535|1|0|
30|952|540|0|534|1|0|
30|943|540|0|535|1|0|
30|947|540|0|535|1|0|
30|944|432|0|535|1|0|
30|946|540|0|535|1|0|
30|946|648|0|534|1|0|
30|950|540|0|537|1|0|
30|951|540|0|535|1|0|
30|944|648|0|535|1|0|
30|945|648|0|535|1|0|
30|942|540|0|535|1|0|
30|941|756|0|534|1|0|
30|944|648|0|535|1|0|
30|943|648|0|534|1|0|
30|948|648|0|535|1|0|
30|947|756|0|535|1|0|
30|945|540|0|535|1|0|
30|947|648|0|535|1|0|
30|944|648|0|535|1|0|
30|937|648|0|535|1|0|
30|953|648|0|537|1|0|
30|944|864|0|535|1|0|
30|945|540|0|535|1|0|
30|946|648|0|535|1|0|
30|944|432|0|535|1|0|
30|943|648|0|535|1|0|
30|946|648|0|535|1|0|
30|1098|648|0|1175|1|0|
30|947|432|0|534|1|0|
30|944|756|0|535|1|0|
30|947|540|0|535|1|0|
30|947|756|0|535|1|0|
30|947|864|0|534|1|0|
30|949|864|0|535|1|0|
30|955|864|0|537|1|0|
30|948|432|0|535|1|0|
30|943|648|0|535|1|0|
30|942|648|0|535|1|0|
30|944|756|0|534|1|0|
30|954|432|0|535|1|0|
30|947|648|0|535|1|0|
30|942|540|0|534|1|0|
30|947|540|0|535|1|0|
30|952|540|0|537|1|0|
30|947|648|0|534|1|0|
30|954|756|0|535|1|0|
30|944|540|0|535|1|0|
30|951|864|0|533|1|0|
30|944|864|0|534|1|0|
30|946|648|0|535|1|0|
30|943|756|0|535|1|0|
30|950|648|0|535|1|0|
30|945|540|0|535|1|0|
30|944|756|0|535|1|0|
30|947|648|0|535|1|0|
30|939|648|0|535|1|0|
30|937|756|0|535|1|0|
30|947|540|0|534|1|0|
30|949|432|0|534|1|0|
30|944|756|0|535|1|0|
30|947|540|0|535|1|0|
30|949|540|0|535|1|0|
30|946|756|0|534|1|0|
30|946|648|0|535|1|0|
31|1600|1188|0|783|1|0|
30|945|648|0|535|1|0|
30|946|864|0|534|1|0|
30|947|756|0|534|1|0|
30|949|756|0|534|1|0|
30|948|432|0|534|1|0|
30|948|756|0|535|1|0|
30|942|648|0|535|1|0|
30|951|756|0|535|1|0|
30|947|648|0|534|1|0|
30|950|756|0|535|1|0|
30|947|864|0|535|1|0|
30|947|648|0|535|1|0|
30|952|540|0|535|1|0|
30|950|648|0|535|1|0|
30|943|756|0|535|1|0|
30|945|648|0|534|1|0|
30|944|432|0|535|1|0|
30|948|648|0|535|1|0|
30|945|648|0|535|1|0|
30|947|864|0|535|1|0|
30|943|648|0|535|1|0|
30|949|756|0|535|1|0|
30|944|864|0|535|1|0|
30|944|540|0|535|1|0|
30|953|540|0|537|1|0|
30|943|648|0|535|1|0|
30|946|648|0|535|1|0|
30|945|540|0|535|1|0|
30|956|648|0|536|1|0|
30|944|432|0|535|1|0|
30|953|864|0|535|1|0|
30|945|648|0|535|1|0|
30|951|648|0|535|1|0|
30|943|648|0|534|1|0|
30|951|648|0|537|1|0|
30|946|756|0|535|1|0|
30|944|756|0|534|1|0|
30|949|864|0|535|1|0|
30|942|540|0|535|1|0|
30|939|540|0|535|1|0|
30|950|648|0|535|1|0|
30|948|648|0|534|1|0|
30|947|648|0|534|1|0|
30|949|864|0|534|1|0|
30|959|648|0|535|1|0|
30|958|648|0|535|1|0|
30|952|432|0|535|1|0|
30|949|648|0|535|1|0|
30|993|864|0|533|1|0|
30|944|648|0|535|1|0|
30|948|648|0|535|1|0|
30|944|756|0|534|1|0|
30|947|756|0|534|1|0|
30|948|648|0|535|1|0|
30|948|540|0|534|1|0|
30|946|540|0|534|1|0|
30|940|540|0|534|1|0|
30|940|432|0|535|1|0|
30|947|864|0|535|1|0|
30|945|864|0|535|1|0|
30|947|540|0|535|1|0|
30|943|432|0|535|1|0|
30|943|432|0|534|1|0|
30|945|432|0|535|1|0|
30|947|756|0|535|1|0|
30|947|864|0|535|1|0|
30|946|540|0|535|1|0|
30|953|648|0|533|1|0|
30|945|756|0|535|1|0|
30|956|648|0|535|1|0|
30|945|756|0|534|1|0|
30|954|756|0|534|1|0|
30|957|756|0|535|1|0|
30|948|540|0|535|1|0|
30|944|756|0|535|1|0|
30|947|648|0|534|1|0|
30|952|648|0|534|1|0|
30|948|648|0|537|1|0|
30|947|648|0|534|1|0|
30|1114|648|0|1090|1|0|
30|941|648|0|535|1|0|
30|948|756|0|535|1|0|
30|956|540|0|535|1|0|
30|946|648|0|534|1|0|
30|950|756|0|535|1|0|
30|944|540|0|535|1|0|
30|943|648|0|535|1|0|
30|946|648|0|535|1|0|
30|949|648|0|534|1|0|
30|946|540|0|535|1|0|
30|944|540|0|535|1|0|
30|946|540|0|535|1|0|
30|942|972|0|534|1|0|
30|946|648|0|534|1|0|
30|947|864|0|534|1|0|
30|942|540|0|535|1|0|
30|945|648|0|535|1|0|
30|948|756|0|535|1|0|
30|948|648|0|535|1|0|
30|944|756|0|535|1|0|
30|955|648|0|535|1|0|
30|946|756|0|534|1|0|
30|948|864|0|535|1|0|
30|945|432|0|534|1|0|
30|955|648|0|535|1|0|
30|943|756|0|535|1|0|
30|1937|1296|0|1454|1|0|
30|938|648|0|535|1|0|
30|942|648|0|535|1|0|
30|947|864|0|535|1|0|
30|947|756|0|535|1|0|
30|947|540|0|535|1|0|
30|946|756|0|534|1|0|
30|952|648|0|535|1|0|
30|949|756|0|537|1|0|
30|945|756|0|535|1|0|
30|946|432|0|535|1|0|
30|946|648|0|535|1|0|
30|955|648|0|535|1|0|
30|951|540|0|537|1|0|
30|953|540|0|535|1|0|
30|948|648|0|535|1|0|
30|945|648|0|535|1|0|
30|946|648|0|534|1|0|
30|943|540|0|535|1|0|
30|944|540|0|534|1|0|
30|953|648|0|533|1|0|
30|946|648|0|534|1|0|
30|941|648|0|535|1|0|
30|948|864|0|535|1|0|
30|945|648|0|535|1|0|
30|945|648|0|535|1|0|
30|945|756|0|535|1|0|
30|949|648|0|534|1|0|
30|941|540|0|535|1|0|
30|949|648|0|535|1|0|
30|939|432|0|535|1|0|
30|948|432|0|534|1|0|
30|954|540|0|535|1|0|
30|947|756|0|535|1|0|
30|945|540|0|535|1|0|
30|944|540|0|534|1|0|
30|947|540|0|534|1|0|
30|952|756|0|535|1|0|
30|956|648|0|535|1|0|
30|946|756|0|535|1|0|
30|937|648|0|535|1|0|
30|942|756|0|534|1|0|
30|943|756|0|535|1|0|
30|945|756|0|535|1|0|
30|946|540|0|535|1|0|
30|948|432|0|537|1|0|
30|953|648|0|535|1|0|
30|947|540|0|534|1|0|
30|947|648|0|535|1|0|
30|939|540|0|535|1|0|
30|946|648|0|534|1|0|
30|960|540|0|534|1|0|
30|950|756|0|534|1|0|
30|946|648|0|535|1|0|
30|948|648|0|534|1|0|
30|957|756|0|539|1|0|
30|949|756|0|535|1|0|
30|946|648|0|535|1|0|
30|951|756|0|531|1|0|
30|939|648|0|534|1|0|
30|946|540|0|535|1|0|
30|947|648|0|535|1|0|
30|956|540|0|536|1|0|
30|946|648|0|535|1|0|
30|952|540|0|535|1|0|
30|943|648|0|535|1|0|
30|952|540|0|534|1|0|
30|943|540|0|534|1|0|
30|945|648|0|535|1|0|
30|947|648|0|534|1|0|
30|946|540|0|535|1|0|
30|953|540|0|536|1|0|
30|948|648|0|534|1|0|
30|946|756|0|535|1|0|
30|947|756|0|535|1|0|
30|954|540|0|537|1|0|
31|1742|1080|0|1105|1|0|
30|944|864|0|535|1|0|
30|946|540|0|535|1|0|
30|957|648|0|534|1|0|
30|943|648|0|535|1|0|
30|953|540|0|532|1|0|
30|945|540|0|535|1|0|
30|944|756|0|535|1|0|
30|945|756|0|535|1|0|
30|951|540|0|535|1|0|
30|969|540|0|606|1|0|
30|945|540|0|534|1|0|
30|953|540|0|534|1|0|
30|945|756|0|535|1|0|
30|945|540|0|533|1|0|
30|945|540|0|534|1|0|
30|953|648|0|537|1|0|
30|944|432|0|535|1|0|
30|946|432|0|534|1|0|
30|951|756|0|535|1|0|
30|944|540|0|535|1|0|
30|943|540|0|535|1|0|
30|951|540|0|534|1|0|
30|947|756|0|535|1|0|
30|947|756|0|535|1|0|
30|949|540|0|534|1|0|
30|945|540|0|535|1|0|
30|944|648|0|534|1|0|
30|946|648|0|534|1|0|
30|945|756|0|534|1|0|
30|944|648|0|535|1|0|
30|946|648|0|534|1|0|
30|950|540|0|535|1|0|
30|946|864|0|534|1|0|
30|947|648|0|535|1|0|
30|948|756|0|535|1|0|
30|945|540|0|535|1|0|
30|946|648|0|535|1|0|
30|948|432|0|534|1|0|
30|943|648|0|535|1|0|
30|941|540|0|534|1|0|
30|944|648|0|535|1|0|
30|945|648|0|535|1|0|
30|947|432|0|535|1|0|
30|947|540|0|534|1|0|
30|944|648|0|535|1|0|
30|946|540|0|535|1|0|
30|943|756|0|534|1|0|
30|946|648|0|534|1|0|
30|953|648|0|534|1|0|
30|955|432|0|535|1|0|
30|947|756|0|535|1|0|
30|947|864|0|535|1|0|
30|947|864|0|535|1|0|
30|943|432|0|535|1|0|
30|946|648|0|534|1|0|
30|948|648|0|535|1|0|
30|939|756|0|535|1|0|
30|947|540|0|535|1|0|
30|945|864|0|535|1|0|
30|949|540|0|535|1|0|
30|949|648|0|537|1|0|
30|945|540|0|534|1|0|
30|946|540|0|535|1|0|
30|946|864|0|535|1|0|
30|945|648|0|534|1|0|
30|938|648|0|535|1|0|
30|940|648|0|535|1|0|
30|940|756|0|535|1|0|
30|952|540|0|537|1|0|
30|956|756|0|535|1|0|
30|949|756|0|535|1|0|
30|948|648|0|534|1|0|
30|944|432|0|535|1|0|
30|950|432|0|534|1|0|
30|946|648|0|534|1|0|
30|945|432|0|534|1|0|
30|952|432|0|536|1|0|
30|952|648|0|535|1|0|
30|956|648|0|534|1|0|
30|952|756|0|533|1|0|
30|947|540|0|534|1|0|
30|947|432|0|535|1|0|
30|950|540|0|534|1|0|
30|959|432|0|531|1|0|
30|939|648|0|535|1|0|
30|942|756|0|535|1|0|
30|946|432|0|535|1|0|
30|945|648|0|535|1|0|
30|948|432|0|535|1|0|
30|948|540|0|534|1|0|
30|950|648|0|535|1|0|
30|943|648|0|535|1|0|
30|950|756|0|534|1|0|
30|945|648|0|534|1|0|
30|954|648|0|536|1|0|
30|949|648|0|535|1|0|
30|954|540|0|533|1|0|
30|949|756|0|535|1|0|
30|948|648|0|535|1|0|
30|947|540|0|535|1|0|
30|942|540|0|535|1|0|
30|955|540|0|535|1|0|
30|949|432|0|536|1|0|
30|946|756|0|535|1|0|
30|944|432|0|535|1|0|
30|947|432|0|535|1|0|
30|948|540|0|535|1|0|
30|944|432|0|535|1|0|
30|949|432|0|535|1|0|
30|960|756|0|535|1|0|
30|947|756|0|535|1|0|
30|947|432|0|534|1|0|
30|948|648|0|534|1|0|
30|939|648|0|535|1|0|
30|943|540|0|534|1|0|
30|947|648|0|535|1|0|
30|951|756|0|535|1|0|
30|946|756|0|535|1|0|
30|946|648|0|534|1|0|
30|948|648|0|535|1|0|
30|949|432|0|535|1|0|
30|955|756|0|535|1|0|
30|942|648|0|535|1|0|
30|947|540|0|534|1|0|
30|948|756|0|534|1|0|
30|946|648|0|535|1|0|
30|944|864|0|534|1|0|
30|954|540|0|535|1|0|
30|947|540|0|534|1|0|
30|948|648|0|534|1|0|
30|945|432|0|535|1|0|
30|946|432|0|534|1|0|
30|947|540|0|535|1|0|
30|950|864|0|535|1|0|
30|948|540|0|534|1|0|
30|957|432|0|535|1|0|
30|946|756|0|535|1|0|
30|945|648|0|535|1|0|
30|946|756|0|535|1|0|
30|952|648|0|535|1|0|
30|942|540|0|535|1|0|
30|946|756|0|534|1|0|
30|957|648|0|534|1|0|
30|945|864|0|535|1|0|
30|945|648|0|535|1|0|
30|947|648|0|535|1|0|
30|946|756|0|535|1|0|
30|952|756|0|534|1|0|
30|943|648|0|534|1|0|
30|947|648|0|535|1|0|
30|946|648|0|535|1|0|
30|946|540|0|535|1|0|
30|944|648|0|535|1|0|
30|945|540|0|535|1|0|
30|1028|864|0|790|1|0|
30|948|540|0|535|1|0|
30|1082|540|0|1243|1|0|
30|949|540|0|534|1|0|
30|948|648|0|534|1|0|
30|949|648|0|535|1|0|
30|946|648|0|534|1|0|
30|946|540|0|533|1|0|
30|945|432|0|535|1|0|
30|947|648|0|535|1|0|
30|944|648|0|535|1|0|
30|944|756|0|535|1|0|
30|942|648|0|535|1|0|
30|941|648|0|535|1|0|
30|947|540|0|534|1|0|
30|944|864|0|535|1|0|
30|950|648|0|535|1|0|
30|946|648|0|534|1|0|
30|951|864|0|537|1|0|
30|948|756|0|535|1|0|
30|954|648|0|535|1|0|
30|954|648|0|536|1|0|
30|947|540|0|535|1|0|
30|945|648|0|535|1|0|
30|948|756|0|535|1|0|
30|947|540|0|535|1|0|
30|942|756|0|535|1|0|
30|940|540|0|535|1|0|
30|944|756|0|534|1|0|
30|945|756|0|535|1|0|
30|960|756|0|535|1|0|
30|955|648|0|534|1|0|
30|948|864|0|535|1|0|
30|950|648|0|535|1|0|
30|952|540|0|536|1|0|
30|947|540|0|535|1|0|
30|951|648|0|534|1|0|
30|951|432|0|537|1|0|
30|945|648|0|534|1|0|
30|947|648|0|535|1|0|
30|959|540|0|536|1|0|
30|942|540|0|534|1|0|
30|945|756|0|535|1|0|
30|945|648|0|535|1|0|
30|952|756|0|536|1|0|
30|947|540|0|534|1|0|
30|947|540|0|535|1|0|
30|946|648|0|535|1|0|
30|947|756|0|535|1|0|
30|941|540|0|534|1|0|
30|945|432|0|535|1|0|
30|942|432|0|535|1|0|
30|945|432|0|534|1|0|
30|947|648|0|534|1|0|
30|946|648|0|535|1|0|
30|952|864|0|534|1|0|
30|945|756|0|534|1|0|
30|950|648|0|533|1|0|
30|940|540|0|535|1|0|
30|940|648|0|534|1|0|
30|954|432|0|535|1|0|
30|949|432|0|534|1|0|
30|947|540|0|535|1|0|
30|945|432|0|535|1|0|
30|951|540|0|535|1|0|
30|945|756|0|535|1|0|
30|946|648|0|535|1|0|
30|946|540|0|534|1|0|
30|943|756|0|535|1|0|
30|951|648|0|535|1|0|
30|946|648|0|535|1|0|
30|944|648|0|534|1|0|
30|951|648|0|537|1|0|
30|948|540|0|535|1|0|
30|955|648|0|535|1|0|
30|975|756|0|531|1|0|
30|948|864|0|535|1|0|
30|950|540|0|535|1|0|
30|946|864|0|535|1|0|
30|946|540|0|535|1|0|
30|951|648|0|535|1|0|
30|945|540|0|535|1|0|
30|946|648|0|535|1|0|
30|944|648|0|535|1|0|
30|948|864|0|535|1|0|
30|939|864|0|535|1|0|
30|937|648|0|535|1|0|
30|950|756|0|534|1|0|
30|942|756|0|535|1|0|
30|946|540|0|535|1|0|
30|944|648|0|534|1|0|
30|947|540|0|535|1|0|
30|947|648|0|535|1|0|
30|946|540|0|534|1|0|
30|943|432|0|535|1|0|
30|946|648|0|535|1|0|
30|957|432|0|532|1|0|
30|951|540|0|535|1|0|
30|948|864|0|535|1|0|
30|944|540|0|535|1|0|
30|949|756|0|535|1|0|
30|952|648|0|535|1|0|
30|947|648|0|535|1|0|
30|952|540|0|534|1|0|
30|945|648|0|535|1|0|
30|940|540|0|535|1|0|
30|943|540|0|535|1|0|
30|949|648|0|534|1|0|
30|946|756|0|534|1|0|
30|951|648|0|535|1|0|
30|950|756|0|533|1|0|
30|944|432|0|535|1|0|
30|951|648|0|535|1|0|
30|938|648|0|535|1|0|
30|947|648|0|535|1|0|
30|944|756|0|534|1|0|
30|1116|756|0|954|1|0|
30|952|648|0|536|1|0|
30|949|756|0|535|1|0|
30|941|756|0|535|1|0|
30|957|756|0|537|1|0|
30|949|648|0|535|1|0|
30|938|648|0|535|1|0|
30|944|756|0|534|1|0|
30|942|540|0|534|1|0|
30|949|432|0|534|1|0|
30|946|540|0|534|1|0|
30|944|540|0|535|1|0|
30|943|432|0|535|1|0|
30|946|540|0|535|1|0|
30|987|648|0|534|1|0|
30|954|648|0|535|1|0|
30|946|864|0|535|1|0|
30|946|756|0|534|1|0|
30|952|540|0|536|1|0|
30|946|756|0|535|1|0|
30|949|756|0|535|1|0|
30|945|540|0|534|1|0|
30|944|540|0|535|1|0|
30|946|756|0|534|1|0|
30|958|756|0|531|1|0|
30|952|648|0|534|1|0|
30|944|648|0|535|1|0|
30|947|540|0|535|1|0|
30|963|972|0|531|1|0|
30|955|756|0|535|1|0|
30|947|648|0|535|1|0|
30|950|756|0|534|1|0|
31|1591|1080|0|854|1|0|
30|946|648|0|535|1|0|
30|948|648|0|535|1|0|
30|947|756|0|534|1|0|
30|946|756|0|535|1|0|
30|946|540|0|534|1|0|
30|946|432|0|535|1|0|
30|945|648|0|534|1|0|
30|947|540|0|535|1|0|
30|948|648|0|535|1|0|
30|952|756|0|537|1|0|
30|944|756|0|534|1|0|
30|945|756|0|534|1|0|
30|945|648|0|535|1|0|
30|945|540|0|534|1|0|
30|959|756|0|537|1|0|
30|945|540|0|534|1|0|
30|948|648|0|535|1|0|
30|946|648|0|535|1|0|
30|943|540|0|535|1|0|
30|945|756|0|533|1|0|
30|945|864|0|535|1|0|
30|942|540|0|535|1|0|
30|948|648|0|533|1|0|
30|944|648|0|535|1|0|
30|947|756|0|535|1|0|
30|947|648|0|534|1|0|
30|943|648|0|535|1|0|
30|942|432|0|535|1|0|
30|942|540|0|535|1|0|
30|945|648|0|534|1|0|
30|976|648|0|535|1|0|
30|947|648|0|534|1|0|
30|946|540|0|535|1|0|
30|946|648|0|534|1|0|
30|947|756|0|535|1|0|
30|943|540|0|535|1|0|
30|945|648|0|535|1|0|
30|945|864|0|535|1|0|
30|945|648|0|535|1|0|
30|953|756|0|534|1|0|
30|955|648|0|531|1|0|
30|948|648|0|535|1|0|
30|956|540|0|535|1|0|
30|946|648|0|533|1|0|
30|954|432|0|534|1|0|
30|944|648|0|535|1|0|
30|937|648|0|535|1|0|
30|949|972|0|535|1|0|
30|948|648|0|535|1|0|
30|954|540|0|535|1|0|
30|944|648|0|535|1|0|
30|945|756|0|535|1|0|
30|944|540|0|535|1|0|
30|1085|648|0|1033|1|0|
30|941|432|0|535|1|0|
30|951|756|0|534|1|0|
30|952|432|0|535|1|0|
30|946|756|0|534|1|0|
30|948|540|0|537|1|0|
30|945|540|0|534|1|0|
30|943|540|0|534|1|0|
30|947|432|0|534|1|0|
30|942|540|0|535|1|0|
30|948|864|0|535|1|0|
30|945|756|0|535|1|0|
30|940|648|0|535|1|0|
30|950|540|0|535|1|0|
30|953|648|0|534|1|0|
30|948|756|0|535|1|0|
30|947|540|0|535|1|0|
30|945|648|0|535|1|0|
30|951|540|0|534|1|0|
30|956|648|0|535|1|0|
30|948|648|0|535|1|0|
30|947|756|0|534|1|0|
30|953|540|0|534|1|0|
30|949|540|0|537|1|0|
30|945|540|0|534|1|0|
30|946|756|0|535|1|0|
30|954|648|0|537|1|0|
30|947|648|0|534|1|0|
30|945|540|0|534|1|0|
30|940|648|0|535|1|0|
30|949|648|0|534|1|0|
30|947|756|0|535|1|0|
30|950|648|0|534|1|0|
30|948|648|0|535|1|0|
30|947|648|0|534|1|0|
30|954|540|0|535|1|0|
30|944|648|0|535|1|0|
30|939|540|0|535|1|0|
30|947|756|0|534|1|0|
30|948|432|0|535|1|0|
30|947|432|0|535|1|0|
30|954|432|0|532|1|0|
30|948|648|0|535|1|0|
30|953|864|0|535|1|0|
30|948|648|0|535|1|0|
30|950|648|0|535|1|0|
30|943|648|0|535|1|0|
30|944|756|0|535|1|0|
30|964|756|0|532|1|0|
30|944|756|0|534|1|0|
30|946|540|0|535|1|0|
30|951|540|0|534|1|0|
30|949|756|0|535|1|0|
30|946|540|0|535|1|0|
30|955|648|0|532|1|0|
30|951|540|0|535|1|0|
30|946|540|0|535|1|0|
30|944|648|0|535|1|0|
30|957|540|0|532|1|0|
30|950|432|0|535|1|0|
30|946|540|0|534|1|0|
30|945|432|0|535|1|0|
30|947|540|0|535|1|0|
30|945|540|0|535|1|0|
30|941|540|0|535|1|0|
30|939|648|0|534|1|0|
30|948|648|0|534|1|0|
30|947|756|0|535|1|0|
30|945|648|0|535|1|0|
30|949|756|0|535|1|0|
30|947|648|0|535|1|0|
30|947|864|0|534|1|0|
30|945|756|0|535|1|0|
30|973|864|0|535|1|0|
30|948|540|0|535|1|0|
30|951|756|0|535|1|0|
30|945|540|0|535|1|0|
30|945|648|0|535|1|0|
30|947|648|0|534|1|0|
30|948|648|0|534|1|0|
30|949|756|0|534|1|0|
30|949|648|0|534|1|0|
30|944|648|0|535|1|0|
30|937|648|0|535|1|0|
30|942|648|0|534|1|0|
30|946|756|0|535|1|0|
30|946|540|0|534|1|0|
30|954|540|0|535|1|0|
30|954|540|0|537|1|0|
30|945|540|0|535|1|0|
30|944|648|0|535|1|0|
30|948|540|0|534|1|0|
30|949|540|0|534|1|0|
30|945|648|0|535|1|0|
30|946|648|0|535|1|0|
30|946|540|0|535|1|0|
30|946|432|0|534|1|0|
30|948|432|0|535|1|0|
30|951|540|0|534|1|0|
30|945|648|0|535|1|0|
30|948|648|0|535|1|0|
30|959|648|0|537|1|0|
30|947|648|0|535|1|0|
30|947|756|0|534|1|0|
30|945|540|0|534|1|0|
30|944|540|0|535|1|0|
30|945|540|0|535|1|0|
30|944|540|0|533|1|0|
30|948|648|0|535|1|0|
30|946|540|0|535|1|0|
30|954|648|0|536|1|0|
30|940|648|0|535|1|0|
30|942|540|0|535|1|0|
30|945|648|0|535|1|0|
30|959|756|0|535|1|0|
30|961|756|0|532|1|0|
30|973|648|0|535|1|0|
30|945|648|0|535|1|0|
30|1095|648|0|1027|1|0|
30|935|540|0|535|1|0|
30|944|648|0|534|1|0|
30|949|648|0|533|1|0|
30|947|648|0|534|1|0|
30|945|648|0|535|1|0|
30|944|540|0|535|1|0|
30|947|648|0|535|1|0|
30|944|756|0|535|1|0|
30|946|540|0|535|1|0|
30|955|648|0|534|1|0|
30|958|648|0|532|1|0|
30|943|540|0|535|1|0|
30|945|756|0|535|1|0|
30|954|756|0|534|1|0|
30|950|540|0|535|1|0|
30|945|540|0|535|1|0|
30|946|756|0|534|1|0|
30|946|864|0|535|1|0|
30|947|540|0|534|1|0|
30|947|648|0|535|1|0|
30|948|756|0|535|1|0|
30|945|756|0|535|1|0|
30|948|540|0|535|1|0|
30|947|540|0|535|1|0|
30|944|540|0|535|1|0|
30|942|648|0|534|1|0|
30|1119|864|0|861|1|0|
30|954|648|0|535|1|0|
30|946|756|0|535|1|0|
30|946|540|0|532|1|0|
30|945|540|0|535|1|0|
30|947|432|0|535|1|0|
30|947|648|0|535|1|0|
30|945|648|0|534|1|0|
30|950|540|0|537|1|0|
30|940|648|0|535|1|0|
30|947|648|0|535|1|0|
30|944|540|0|535|1|0|
30|945|648|0|535|1|0|
30|946|756|0|535|1|0|
30|978|648|0|535|1|0|
30|947|756|0|535|1|0|
30|954|432|0|534|1|0|
30|947|756|0|535|1|0|
30|945|432|0|534|1|0|
30|953|648|0|532|1|0|
30|958|648|0|532|1|0|
30|942|756|0|536|1|0|
30|946|756|0|535|1|0|
30|946|756|0|534|1|0|
30|947|540|0|535|1|0|
30|960|540|0|536|1|0|
30|951|864|0|534|1|0|
30|945|756|0|535|1|0|
30|943|540|0|535|1|0|
30|985|864|0|535|1|0|
30|953|756|0|535|1|0|
30|949|432|0|535|1|0|
30|944|540|0|535|1|0|
30|954|756|0|536|1|0|
30|953|540|0|532|1|0|
30|953|756|0|532|1|0|
30|945|540|0|535|1|0|
30|949|432|0|534|1|0|
