INSTRUCTIONS_RETIRED|CYCLES|UNKNOWN|LD_BLOCKS.STORE_FORWARD|UOPS_EXECUTED.CORE|BR_MISP_RETIRED.ALL_BRANCHES|UOPS_ISSUED.SINGLE_MUL|
30|944|648|0|535|1|0|
30|944|864|0|535|1|0|
30|954|648|0|536|1|0|
30|955|864|0|532|1|0|
30|943|756|0|535|1|0|
30|944|648|0|535|1|0|
30|942|540|0|535|1|0|
30|947|648|0|534|1|0|
30|943|540|0|535|1|0|
30|947|540|0|535|1|0|
30|984|648|0|534|1|0|
30|952|648|0|535|1|0|
30|946|432|0|534|1|0|
30|948|540|0|535|1|0|
30|945|540|0|534|1|0|
30|954|432|0|535|1|0|
30|946|756|0|535|1|0|
30|944|432|0|535|1|0|
30|944|756|0|535|1|0|
30|942|648|0|535|1|0|
30|948|540|0|535|1|0|
30|946|432|0|535|1|0|
30|947|756|0|535|1|0|
30|955|648|0|534|1|0|
30|958|540|0|532|1|0|
30|944|540|0|534|1|0|
30|945|756|0|534|1|0|
30|944|648|0|534|1|0|
30|943|864|0|535|1|0|
30|947|540|0|535|1|0|
30|943|540|0|534|1|0|
30|946|756|0|535|1|0|
30|953|756|0|535|1|0|
30|953|540|0|535|1|0|
30|946|540|0|534|1|0|
30|943|540|0|534|1|0|
30|943|648|0|535|1|0|
30|944|540|0|534|1|0|
30|946|540|0|535|1|0|
30|946|756|0|535|1|0|
30|943|648|0|534|1|0|
30|952|864|0|535|1|0|
30|946|648|0|535|1|0|
30|943|864|0|535|1|0|
30|942|648|0|535|1|0|
30|1050|756|0|531|1|0|
30|952|432|0|535|1|0|
30|944|756|0|535|1|0|
30|944|432|0|535|1|0|
30|954|540|0|534|1|0|
30|951|432|0|535|1|0|
30|944|540|0|535|1|0|
30|943|756|0|535|1|0|
30|946|648|0|534|1|0|
30|945|432|0|534|1|0|
30|938|432|0|535|1|0|
30|948|432|0|535|1|0|
30|944|648|0|535|1|0|
30|953|864|0|535|1|0|
30|945|540|0|534|1|0|
30|944|648|0|534|1|0|
30|979|540|0|535|1|0|
30|944|648|0|535|1|0|
30|943|540|0|534|1|0|
30|951|648|0|537|1|0|
30|940|540|0|535|1|0|
30|948|648|0|535|1|0|
30|959|648|0|535|1|0|
30|948|756|0|535|1|0|
30|969|756|0|531|1|0|
30|944|756|0|535|1|0|
30|953|756|0|535|1|0|
30|949|540|0|535|1|0|
30|944|540|0|535|1|0|
30|939|432|0|535|1|0|
30|947|432|0|534|1|0|
30|944|648|0|535|1|0|
30|944|540|0|534|1|0|
30|946|540|0|535|1|0|
30|955|432|0|535|1|0|
30|948|864|0|535|1|0|
30|946|432|0|535|1|0|
30|949|540|0|534|1|0|
30|939|648|0|534|1|0|
30|945|432|0|534|1|0|
30|946|648|0|535|1|0|
30|952|648|0|535|1|0|
30|953|540|0|532|1|0|
30|962|648|0|534|1|0|
30|944|540|0|535|1|0|
30|944|540|0|535|1|0|
30|945|756|0|535|1|0|
30|947|648|0|534|1|0|
30|955|648|0|534|1|0|
30|942|540|0|535|1|0|
30|948|756|0|535|1|0|
30|953|756|0|535|1|0|
30|953|540|0|535|1|0|
30|948|540|0|535|1|0|
30|957|756|0|537|1|0|
30|950|864|0|535|1|0|
30|953|648|0|535|1|0|
30|955|648|0|536|1|0|
30|946|648|0|535|1|0|
30|944|432|0|535|1|0|
30|943|540|0|535|1|0|
30|963|648|0|534|1|0|
30|943|756|0|535|1|0|
30|942|756|0|534|1|0|
30|946|540|0|535|1|0|
30|947|540|0|534|1|0|
30|951|540|0|535|1|0|
30|946|540|0|535|1|0|
30|942|864|0|535|1|0|
30|944|756|0|534|1|0|
30|948|756|0|535|1|0|
30|951|540|0|535|1|0|
30|943|648|0|535|1|0|
30|945|648|0|535|1|0|
30|946|648|0|534|1|0|
30|951|756|0|535|1|0|
30|943|540|0|535|1|0|
30|945|648|0|535|1|0|
30|946|540|0|534|1|0|
30|942|540|0|535|1|0|
30|943|648|0|535|1|0|
30|942|756|0|535|1|0|
30|953|648|0|533|1|0|
30|953|864|0|535|1|0|
30|937|540|0|535|1|0|
30|942|432|0|535|1|0|
30|942|648|0|535|1|0|
30|960|756|0|534|1|0|
30|944|756|0|534|1|0|
30|948|540|0|535|1|0|
30|946|756|0|534|1|0|
30|960|756|0|536|1|0|
30|954|756|0|535|1|0|
30|936|864|0|535|1|0|
30|954|648|0|535|1|0|
30|948|756|0|535|1|0|
30|944|540|0|535|1|0|
30|945|648|0|534|1|0|
30|944|648|0|534|1|0|
30|947|648|0|535|1|0|
30|940|648|0|534|1|0|
30|942|648|0|534|1|0|
30|953|648|0|531|1|0|
30|959|756|0|535|1|0|
30|943|432|0|535|1|0|
30|945|648|0|535|1|0|
30|951|648|0|535|1|0|
30|945|756|0|535|1|0|
30|955|756|0|534|1|0|
30|942|756|0|535|1|0|
30|946|540|0|535|1|0|
30|948|756|0|535|1|0|
30|944|756|0|535|1|0|
30|944|432|0|535|1|0|
30|946|540|0|534|1|0|
30|943|648|0|535|1|0|
30|948|540|0|534|1|0|
30|951|864|0|534|1|0|
30|944|432|0|533|1|0|
30|944|756|0|534|1|0|
30|952|648|0|535|1|0|
30|942|432|0|535|1|0|
30|959|864|0|535|1|0|
30|947|540|0|535|1|0|
30|945|648|0|534|1|0|
30|962|540|0|532|1|0|
30|953|648|0|535|1|0|
30|946|864|0|534|1|0|
30|948|648|0|536|1|0|
30|942|540|0|535|1|0|
30|945|540|0|535|1|0|
30|935|648|0|535|1|0|
30|947|540|0|535|1|0|
30|959|756|0|535|1|0|
30|947|648|0|535|1|0|
30|946|756|0|535|1|0|
30|946|432|0|534|1|0|
30|944|540|0|534|1|0|
30|953|648|0|531|1|0|
30|944|756|0|535|1|0|
30|946|756|0|535|1|0|
30|947|756|0|535|1|0|
30|949|540|0|535|1|0|
30|944|648|0|535|1|0|
30|950|540|0|535|1|0|
30|945|864|0|534|1|0|
30|981|864|0|535|1|0|
30|944|540|0|535|1|0|
30|946|648|0|534|1|0|
30|945|648|0|534|1|0|
30|948|540|0|535|1|0|
30|946|648|0|535|1|0|
30|947|432|0|535|1|0|
30|949|648|0|535|1|0|
30|942|756|0|535|1|0|
30|947|648|0|535|1|0|
30|945|864|0|535|1|0|
30|946|648|0|534|1|0|
30|941|648|0|535|1|0|
30|944|756|0|534|1|0|
30|951|540|0|535|1|0|
30|946|648|0|535|1|0|
30|946|864|0|535|1|0|
30|944|648|0|535|1|0|
30|942|540|0|534|1|0|
30|945|648|0|534|1|0|
30|942|864|0|535|1|0|
30|942|540|0|535|1|0|
30|935|432|0|535|1|0|
30|938|756|0|535|1|0|
30|945|540|0|535|1|0|
30|952|648|0|534|1|0|
30|951|864|0|535|1|0|
30|947|756|0|534|1|0|
30|948|432|0|535|1|0|
30|950|540|0|535|1|0|
30|943|432|0|534|1|0|
30|938|432|0|535|1|0|
30|935|648|0|535|1|0|
30|943|756|0|534|1|0|
30|945|432|0|535|1|0|
30|948|648|0|535|1|0|
30|953|756|0|535|1|0|
30|945|648|0|535|1|0|
30|947|756|0|535|1|0|
30|947|756|0|534|1|0|
30|939|432|0|534|1|0|
30|941|648|0|535|1|0|
30|942|756|0|535|1|0|
30|947|540|0|535|1|0|
30|944|540|0|535|1|0|
30|976|864|0|535|1|0|
30|957|756|0|534|1|0|
30|946|648|0|535|1|0|
30|944|432|0|534|1|0|
30|943|648|0|535|1|0|
30|946|756|0|535|1|0|
30|943|648|0|534|1|0|
30|947|648|0|535|1|0|
30|947|648|0|533|1|0|
30|945|756|0|534|1|0|
30|945|756|0|535|1|0|
30|942|540|0|535|1|0|
30|1079|864|0|923|1|0|
30|946|540|0|535|1|0|
30|945|864|0|535|1|0|
30|942|756|0|535|1|0|
30|945|540|0|535|1|0|
30|948|756|0|535|1|0|
30|949|756|0|534|1|0|
30|946|540|0|534|1|0|
30|944|648|0|535|1|0|
30|942|756|0|535|1|0|
30|961|648|0|532|1|0|
30|953|648|0|535|1|0|
30|941|540|0|535|1|0|
30|953|540|0|535|1|0|
30|941|648|0|535|1|0|
30|954|540|0|535|1|0|
30|945|648|0|534|1|0|
30|962|540|0|534|1|0|
30|949|756|0|535|1|0|
30|946|648|0|535|1|0|
30|937|756|0|535|1|0|
30|951|756|0|535|1|0|
30|953|648|0|535|1|0|
30|952|648|0|535|1|0|
30|942|648|0|534|1|0|
30|945|648|0|535|1|0|
30|943|756|0|535|1|0|
30|950|756|0|535|1|0|
30|964|540|0|535|1|0|
30|953|756|0|534|1|0|
30|957|540|0|534|1|0|
30|946|540|0|534|1|0|
30|944|432|0|534|1|0|
30|960|540|0|532|1|0|
30|943|756|0|535|1|0|
30|954|648|0|535|1|0|
30|951|648|0|534|1|0|
30|953|864|0|534|1|0|
30|936|648|0|534|1|0|
30|944|540|0|535|1|0|
30|950|756|0|535|1|0|
30|945|540|0|535|1|0|
30|948|648|0|535|1|0|
30|942|756|0|535|1|0|
30|956|756|0|533|1|0|
30|952|756|0|535|1|0|
30|944|648|0|533|1|0|
30|957|648|0|531|1|0|
30|948|756|0|534|1|0|
30|938|432|0|535|1|0|
30|944|432|0|535|1|0|
30|943|648|0|535|1|0|
30|948|432|0|535|1|0|
30|944|756|0|534|1|0|
30|956|432|0|535|1|0|
30|949|648|0|535|1|0|
30|942|648|0|534|1|0|
30|938|648|0|535|1|0|
30|945|756|0|535|1|0|
30|945|972|0|535|1|0|
30|947|540|0|535|1|0|
30|952|540|0|535|1|0|
30|949|756|0|534|1|0|
30|939|648|0|535|1|0|
30|941|648|0|535|1|0|
30|945|648|0|534|1|0|
30|947|648|0|535|1|0|
30|938|648|0|535|1|0|
30|945|756|0|535|1|0|
30|946|540|0|535|1|0|
30|943|648|0|535|1|0|
30|957|756|0|534|1|0|
30|942|540|0|535|1|0|
30|969|756|0|539|1|0|
30|944|648|0|535|1|0|
30|942|756|0|535|1|0|
30|942|648|0|534|1|0|
30|942|756|0|535|1|0|
30|950|432|0|535|1|0|
30|945|648|0|535|1|0|
30|950|648|0|535|1|0|
30|981|648|0|535|1|0|
30|950|648|0|535|1|0|
30|1023|648|0|607|1|0|
30|941|540|0|535|1|0|
30|952|540|0|534|1|0|
30|954|648|0|534|1|0|
30|943|540|0|535|1|0|
30|942|756|0|535|1|0|
30|953|540|0|535|1|0|
30|943|540|0|535|1|0|
30|943|432|0|535|1|0|
30|946|540|0|535|1|0|
30|951|648|0|535|1|0|
30|945|540|0|534|1|0|
30|955|756|0|537|1|0|
30|944|648|0|535|1|0|
30|950|432|0|535|1|0|
30|949|864|0|535|1|0|
30|958|756|0|535|1|0|
30|950|648|0|535|1|0|
30|947|432|0|535|1|0|
30|951|864|0|534|1|0|
30|960|756|0|535|1|0|
30|948|756|0|535|1|0|
30|945|756|0|534|1|0|
30|949|648|0|535|1|0|
30|947|540|0|534|1|0|
30|945|864|0|534|1|0|
30|953|648|0|535|1|0|
30|951|648|0|534|1|0|
30|952|648|0|535|1|0|
30|945|648|0|534|1|0|
30|939|756|0|535|1|0|
30|938|648|0|535|1|0|
30|953|540|0|535|1|0|
30|955|648|0|535|1|0|
30|946|540|0|534|1|0|
30|945|540|0|534|1|0|
30|946|648|0|535|1|0|
30|945|648|0|534|1|0|
30|945|648|0|534|1|0|
30|950|540|0|535|1|0|
30|943|648|0|534|1|0|
30|942|432|0|535|1|0|
30|950|648|0|535|1|0|
30|965|648|0|535|1|0|
30|946|756|0|534|1|0|
30|945|540|0|535|1|0|
30|947|648|0|535|1|0|
30|953|648|0|536|1|0|
30|954|756|0|535|1|0|
30|944|648|0|535|1|0|
30|943|648|0|535|1|0|
30|954|756|0|535|1|0|
30|946|648|0|534|1|0|
30|946|540|0|534|1|0|
30|948|756|0|535|1|0|
30|953|540|0|535|1|0|
30|945|540|0|534|1|0|
30|950|648|0|533|1|0|
30|943|756|0|535|1|0|
30|937|540|0|535|1|0|
30|947|756|0|534|1|0|
30|944|648|0|535|1|0|
30|944|432|0|534|1|0|
30|945|432|0|534|1|0|
30|944|432|0|534|1|0|
30|958|864|0|534|1|0|
30|946|648|0|534|1|0|
30|950|648|0|535|1|0|
30|946|432|0|535|1|0|
30|944|540|0|535|1|0|
30|953|648|0|534|1|0|
30|944|540|0|535|1|0|
30|950|540|0|535|1|0|
30|949|648|0|535|1|0|
30|951|756|0|534|1|0|
30|944|648|0|535|1|0|
30|940|648|0|535|1|0|
30|940|864|0|535|1|0|
30|944|864|0|535|1|0|
30|945|540|0|535|1|0|
30|946|648|0|534|1|0|
30|945|648|0|534|1|0|
30|943|540|0|535|1|0|
30|954|540|0|535|1|0|
30|949|648|0|535|1|0|
30|977|756|0|535|2|0|
30|949|540|0|535|1|0|
30|951|648|0|534|1|0|
30|944|540|0|535|1|0|
30|945|540|0|534|1|0|
30|944|540|0|535|1|0|
30|953|432|0|535|1|0|
30|946|432|0|534|1|0|
30|947|648|0|535|1|0|
30|955|756|0|535|1|0|
30|938|648|0|535|1|0|
30|943|648|0|534|1|0|
30|946|648|0|535|1|0|
30|945|864|0|535|1|0|
30|949|648|0|535|1|0|
30|958|648|0|532|1|0|
30|949|648|0|535|1|0|
30|944|756|0|533|1|0|
30|938|540|0|535|1|0|
30|938|756|0|535|1|0|
30|941|648|0|535|1|0|
30|949|648|0|535|1|0|
30|943|648|0|535|1|0|
30|948|432|0|535|1|0|
30|948|648|0|534|1|0|
30|945|432|0|534|1|0|
30|943|648|0|535|1|0|
30|943|756|0|535|1|0|
30|945|756|0|535|1|0|
30|946|756|0|535|1|0|
30|941|756|0|535|1|0|
30|946|864|0|534|1|0|
30|949|756|0|535|1|0|
30|945|864|0|534|1|0|
30|943|648|0|534|1|0|
30|943|432|0|534|1|0|
30|944|648|0|535|1|0|
30|943|756|0|534|1|0|
30|943|756|0|534|1|0|
30|945|540|0|534|1|0|
30|952|648|0|535|1|0|
30|947|648|0|533|1|0|
30|946|432|0|535|1|0|
30|943|648|0|534|1|0|
30|946|648|0|535|1|0|
30|955|540|0|535|1|0|
30|954|756|0|532|1|0|
30|944|540|0|534|1|0|
30|939|756|0|535|1|0|
30|944|540|0|534|1|0|
30|947|648|0|534|1|0|
30|943|756|0|535|1|0|
30|946|648|0|535|1|0|
30|966|864|0|534|1|0|
30|949|648|0|535|1|0|
30|944|756|0|535|1|0|
30|945|648|0|534|1|0|
30|945|540|0|535|1|0|
30|949|540|0|535|1|0|
30|941|756|0|535|1|0|
30|954|756|0|535|1|0|
30|943|648|0|535|1|0|
30|950|756|0|534|1|0|
30|943|756|0|534|1|0|
30|951|648|0|535|1|0|
30|942|756|0|535|1|0|
30|949|648|0|532|1|0|
30|938|648|0|534|1|0|
30|985|648|0|535|1|0|
30|946|432|0|535|1|0|
30|944|432|0|535|1|0|
30|953|648|0|534|1|0|
30|948|648|0|534|1|0|
30|948|648|0|535|1|0|
30|947|648|0|535|1|0|
30|942|648|0|534|1|0|
30|944|648|0|535|1|0|
30|947|864|0|535|1|0|
30|939|540|0|535|1|0|
30|947|648|0|535|1|0|
30|945|648|0|535|1|0|
30|943|756|0|533|1|0|
30|942|540|0|535|1|0|
30|942|756|0|535|1|0|
30|959|648|0|532|1|0|
30|940|648|0|535|1|0|
30|953|648|0|534|1|0|
30|949|648|0|534|1|0|
30|945|648|0|535|1|0|
30|958|756|0|536|1|0|
30|954|648|0|535|1|0|
30|1150|648|0|1525|1|0|
30|1166|648|0|1347|1|0|
30|1068|756|0|1272|1|0|
30|937|648|0|535|1|0|
30|946|540|0|534|1|0|
30|944|540|0|534|1|0|
30|947|540|0|535|1|0|
30|942|648|0|535|1|0|
30|944|648|0|535|1|0|
30|944|432|0|533|1|0|
30|948|648|0|534|1|0|
30|939|432|0|534|1|0|
30|945|540|0|535|1|0|
30|943|540|0|534|1|0|
30|948|432|0|534|1|0|
30|945|540|0|535|1|0|
30|950|540|0|533|1|0|
30|944|648|0|535|1|0|
30|957|540|0|534|1|0|
30|944|864|0|534|1|0|
30|942|648|0|535|1|0|
30|945|540|0|534|1|0|
30|956|648|0|533|1|0|
30|944|648|0|535|1|0|
30|942|648|0|535|1|0|
30|944|756|0|534|1|0|
30|949|648|0|535|1|0|
30|946|756|0|535|1|0|
30|958|540|0|534|1|0|
30|950|756|0|535|1|0|
30|1106|864|0|863|1|0|
30|1129|756|0|1459|1|0|
30|1115|864|0|1527|1|0|
30|947|648|0|535|1|0|
30|942|540|0|535|1|0|
30|944|540|0|535|1|0|
30|943|432|0|535|1|0|
30|959|540|0|531|1|0|
30|949|540|0|534|1|0|
30|945|540|0|535|1|0|
30|944|540|0|534|1|0|
30|950|432|0|535|1|0|
30|944|540|0|534|1|0|
30|946|648|0|535|1|0|
30|948|864|0|534|1|0|
30|947|432|0|534|1|0|
30|946|540|0|534|1|0|
30|942|432|0|535|1|0|
30|946|756|0|534|1|0|
30|944|540|0|535|1|0|
30|947|756|0|535|1|0|
30|946|648|0|534|1|0|
30|942|756|0|535|1|0|
30|949|648|0|534|1|0|
30|947|648|0|535|1|0|
30|946|540|0|535|1|0|
30|940|432|0|534|1|0|
30|951|648|0|535|1|0|
30|939|756|0|535|1|0|
30|1115|756|0|1597|1|0|
30|1068|648|0|1027|1|0|
30|937|648|0|535|1|0|
30|1082|648|0|779|1|0|
30|943|540|0|534|1|0|
30|954|540|0|536|1|0|
30|953|756|0|534|1|0|
30|943|756|0|534|1|0|
30|941|432|0|535|1|0|
30|950|540|0|534|1|0|
30|953|432|0|532|1|0|
30|940|864|0|535|1|0|
30|973|648|0|551|1|0|
30|946|648|0|534|1|0|
30|944|648|0|534|1|0|
30|945|756|0|534|1|0|
30|948|756|0|534|1|0|
30|943|540|0|535|1|0|
30|952|540|0|535|1|0|
30|962|756|0|538|1|0|
30|943|756|0|535|1|0|
30|963|648|0|531|1|0|
30|947|864|0|535|1|0|
30|941|648|0|535|1|0|
30|958|432|0|531|1|0|
30|950|540|0|535|1|0|
30|946|540|0|534|1|0|
30|946|648|0|534|1|0|
30|1155|864|0|1646|1|0|
30|1110|648|0|1407|1|0|
30|1211|648|0|1804|1|0|
30|935|432|0|535|1|0|
30|945|432|0|535|1|0|
30|972|648|0|535|1|0|
30|952|540|0|535|1|0|
30|944|972|0|535|1|0|
30|944|540|0|534|1|0|
30|943|648|0|535|1|0|
30|950|540|0|534|1|0|
30|998|540|0|538|2|0|
30|942|540|0|534|1|0|
30|952|756|0|534|1|0|
30|945|540|0|535|1|0|
30|955|756|0|535|1|0|
30|945|540|0|535|1|0|
30|946|756|0|535|1|0|
30|945|648|0|534|1|0|
30|944|864|0|534|1|0|
30|981|756|0|535|2|0|
30|965|756|0|535|1|0|
30|950|540|0|535|1|0|
30|949|540|0|535|1|0|
30|944|432|0|534|1|0|
30|952|540|0|535|1|0|
30|945|540|0|535|1|0|
30|944|540|0|535|1|0|
30|946|756|0|535|1|0|
30|946|432|0|535|1|0|
30|1113|756|0|1930|1|0|
30|1125|756|0|1863|1|0|
30|1098|756|0|1793|1|0|
30|954|540|0|534|1|0|
30|951|648|0|535|1|0|
30|945|540|0|535|1|0|
30|942|756|0|535|1|0|
30|951|648|0|535|1|0|
30|948|864|0|535|1|0|
30|954|756|0|535|1|0|
30|954|540|0|535|1|0|
30|947|756|0|534|1|0|
30|948|540|0|534|1|0|
30|942|648|0|535|1|0|
30|953|756|0|534|1|0|
30|945|432|0|534|1|0|
30|947|540|0|535|1|0|
30|957|864|0|535|1|0|
30|949|648|0|534|1|0|
30|952|648|0|535|1|0|
30|955|756|0|537|1|0|
30|945|864|0|535|1|0|
30|946|864|0|535|1|0|
30|946|648|0|535|1|0|
30|943|648|0|535|1|0|
30|946|540|0|535|1|0|
30|941|648|0|535|1|0|
30|942|540|0|535|1|0|
30|1165|864|0|1927|1|0|
30|1143|648|0|1810|1|0|
30|984|648|0|531|1|0|
30|946|432|0|535|1|0|
30|944|540|0|535|1|0|
30|963|756|0|534|1|0|
30|950|540|0|535|1|0|
30|943|648|0|535|1|0|
30|946|540|0|535|1|0|
30|940|540|0|535|1|0|
30|946|756|0|534|1|0|
30|941|756|0|535|1|0|
30|949|864|0|535|1|0|
30|942|648|0|534|1|0|
30|943|648|0|535|1|0|
30|955|648|0|531|1|0|
30|941|864|0|533|1|0|
30|949|540|0|535|1|0|
30|947|540|0|534|1|0|
30|944|540|0|535|1|0|
30|955|540|0|535|1|0|
30|947|648|0|534|1|0|
30|945|648|0|535|1|0|
30|950|648|0|534|1|0|
30|946|756|0|534|1|0|
30|954|648|0|535|1|0|
30|950|756|0|537|1|0|
30|947|756|0|534|1|0|
30|1111|756|0|1029|1|0|
30|1088|756|0|1328|1|0|
30|938|432|0|535|1|0|
30|941|756|0|534|1|0|
30|939|648|0|534|1|0|
30|955|432|0|533|1|0|
30|944|756|0|535|1|0|
30|946|648|0|534|1|0|
30|950|540|0|534|1|0|
30|954|540|0|535|1|0|
30|943|540|0|534|1|0|
30|946|540|0|535|1|0|
30|945|540|0|535|1|0|
30|950|756|0|534|1|0|
30|938|648|0|535|1|0|
30|945|648|0|534|1|0|
30|956|756|0|535|1|0|
30|943|540|0|535|1|0|
30|946|432|0|535|1|0|
30|955|540|0|535|1|0|
30|941|432|0|533|1|0|
30|948|648|0|535|1|0|
30|953|864|0|535|1|0|
30|950|648|0|534|1|0|
30|950|648|0|535|1|0|
30|944|756|0|535|1|0|
30|948|648|0|535|1|0|
30|949|756|0|535|1|0|
30|1082|648|0|1834|1|0|
30|1239|864|0|1715|1|0|
30|1068|756|0|1638|1|0|
30|942|540|0|534|1|0|
30|945|648|0|535|1|0|
30|941|540|0|535|1|0|
30|937|648|0|535|1|0|
30|951|540|0|535|1|0|
30|938|756|0|535|1|0|
30|1141|756|0|1776|1|0|
30|1197|864|0|2165|1|0|
30|1055|864|0|1095|1|0|
30|947|648|0|532|1|0|
30|954|540|0|534|1|0|
30|1072|756|0|1079|1|0|
30|945|540|0|535|1|0|
30|950|540|0|534|1|0|
30|948|648|0|535|1|0|
30|941|540|0|535|1|0|
30|941|648|0|535|1|0|
30|944|648|0|534|1|0|
30|1023|540|0|619|2|0|
30|940|756|0|534|1|0|
30|949|756|0|534|1|0|
30|942|432|0|535|1|0|
30|950|432|0|534|1|0|
30|948|540|0|534|1|0|
30|942|648|0|534|1|0|
30|954|540|0|535|1|0|
30|946|648|0|534|1|0|
30|952|540|0|535|1|0|
30|1052|864|0|908|1|0|
30|1202|648|0|1327|2|0|
30|1124|1080|0|1626|1|0|
30|947|864|0|534|1|0|
30|949|540|0|535|1|0|
30|936|432|0|534|1|0|
30|941|648|0|535|1|0|
30|947|648|0|535|1|0|
30|951|648|0|535|1|0|
30|947|756|0|535|1|0|
30|950|540|0|535|1|0|
30|944|756|0|535|1|0|
30|942|756|0|535|1|0|
30|949|540|0|535|1|0|
30|953|648|0|535|1|0|
30|957|540|0|535|1|0|
30|948|756|0|535|1|0|
30|944|648|0|535|1|0|
30|947|756|0|535|1|0|
30|947|648|0|535|1|0|
30|945|756|0|535|1|0|
30|945|864|0|535|1|0|
30|939|756|0|535|1|0|
30|952|864|0|535|1|0|
30|946|540|0|535|1|0|
30|946|432|0|535|1|0|
30|943|648|0|534|1|0|
30|950|540|0|530|1|0|
30|948|648|0|534|1|0|
30|943|648|0|535|1|0|
30|952|540|0|532|1|0|
30|941|756|0|535|1|0|
30|944|756|0|533|1|0|
30|946|864|0|534|1|0|
30|955|648|0|535|1|0|
30|959|648|0|535|1|0|
30|944|540|0|535|1|0|
30|956|756|0|536|1|0|
30|950|648|0|535|1|0|
30|952|972|0|535|1|0|
30|937|540|0|535|1|0|
30|977|864|0|534|1|0|
30|1083|648|0|1013|1|0|
30|988|432|0|534|1|0|
30|947|540|0|535|1|0|
30|947|756|0|534|1|0|
30|945|864|0|535|1|0|
30|938|648|0|535|1|0|
30|940|540|0|534|1|0|
30|988|648|0|532|1|0|
30|954|756|0|535|1|0|
30|1149|864|0|1432|1|0|
30|1061|648|0|1166|1|0|
30|954|648|0|531|1|0|
30|938|540|0|534|1|0|
30|940|864|0|535|1|0|
30|945|864|0|535|1|0|
30|940|648|0|534|1|0|
30|943|648|0|535|1|0|
30|942|540|0|535|1|0|
30|948|540|0|535|1|0|
30|945|756|0|534|1|0|
30|948|648|0|534|1|0|
30|938|648|0|535|1|0|
30|944|864|0|535|1|0|
30|950|648|0|534|1|0|
30|944|540|0|535|1|0|
30|945|864|0|534|1|0|
30|945|864|0|535|1|0|
30|945|540|0|534|1|0|
30|957|648|0|534|1|0|
30|945|756|0|534|1|0|
30|953|648|0|535|1|0|
30|942|648|0|534|1|0|
30|947|864|0|535|1|0|
30|945|864|0|534|1|0|
30|961|648|0|534|1|0|
30|947|432|0|535|1|0|
30|953|432|0|535|1|0|
30|943|648|0|535|1|0|
30|948|540|0|535|1|0|
30|946|756|0|535|1|0|
30|943|864|0|535|1|0|
30|943|756|0|533|1|0|
30|944|864|0|535|1|0|
30|944|648|0|535|1|0|
30|952|756|0|533|1|0|
30|945|756|0|535|1|0|
30|957|756|0|535|1|0|
30|951|756|0|534|1|0|
30|947|540|0|535|1|0|
30|1083|756|0|866|1|0|
30|940|648|0|534|1|0|
30|946|540|0|535|1|0|
30|944|540|0|534|1|0|
30|942|756|0|535|1|0|
30|949|648|0|535|1|0|
30|943|648|0|535|1|0|
30|957|432|0|537|1|0|
30|960|540|0|535|1|0|
30|945|540|0|534|1|0|
30|946|756|0|535|1|0|
30|963|648|0|534|1|0|
30|949|864|0|535|1|0|
30|952|648|0|535|1|0|
30|946|540|0|535|1|0|
30|945|648|0|535|1|0|
30|953|648|0|535|1|0|
30|946|648|0|535|1|0|
30|945|540|0|534|1|0|
30|944|648|0|534|1|0|
30|945|540|0|534|1|0|
30|944|648|0|535|1|0|
30|952|432|0|534|1|0|
30|943|648|0|535|1|0|
30|947|756|0|535|1|0|
30|953|432|0|535|1|0|
30|953|756|0|535|1|0|
30|946|648|0|535|1|0|
30|947|756|0|535|1|0|
30|951|648|0|535|1|0|
30|944|648|0|535|1|0|
30|1113|864|0|1854|1|0|
30|1122|648|0|1214|1|0|
30|1170|648|0|1831|1|0|
30|939|540|0|534|1|0|
30|938|432|0|535|1|0|
30|939|540|0|534|1|0|
30|947|540|0|534|1|0|
30|949|432|0|535|1|0|
30|945|540|0|535|1|0|
30|954|432|0|534|1|0|
30|951|756|0|535|1|0|
30|955|648|0|535|1|0|
30|943|756|0|535|1|0|
30|943|540|0|535|1|0|
30|944|540|0|535|1|0|
30|944|648|0|535|1|0|
30|950|756|0|535|1|0|
30|952|864|0|535|1|0|
30|952|648|0|534|1|0|
30|955|648|0|535|1|0|
30|943|756|0|535|1|0|
30|945|648|0|535|1|0|
30|937|648|0|535|1|0|
30|948|648|0|535|1|0|
30|941|756|0|534|1|0|
30|944|756|0|534|1|0|
30|943|756|0|535|1|0|
30|944|864|0|535|1|0|
30|956|648|0|535|1|0|
30|955|648|0|535|1|0|
30|953|648|0|534|1|0|
30|946|432|0|535|1|0|
30|945|432|0|535|1|0|
30|945|648|0|535|1|0|
30|936|648|0|535|1|0|
30|956|756|0|535|1|0|
30|946|432|0|534|1|0|
30|946|432|0|534|1|0|
30|941|756|0|535|1|0|
30|934|864|0|535|1|0|
30|946|648|0|535|1|0|
30|947|540|0|535|1|0|
30|945|432|0|535|1|0|
30|938|432|0|535|1|0|
30|942|864|0|535|1|0|
30|944|432|0|534|1|0|
30|945|756|0|535|1|0|
30|949|756|0|534|1|0|
30|945|540|0|535|1|0|
30|954|756|0|534|1|0|
30|991|648|0|535|1|0|
30|952|756|0|535|1|0|
30|979|756|0|534|1|0|
30|945|648|0|534|1|0|
30|961|864|0|535|1|0|
30|948|648|0|535|1|0|
30|936|540|0|535|1|0|
30|946|432|0|534|1|0|
30|955|648|0|535|1|0|
30|944|756|0|534|1|0|
30|958|648|0|535|1|0|
30|944|756|0|535|1|0|
30|945|648|0|534|1|0|
30|955|648|0|534|1|0|
30|944|540|0|534|1|0|
30|955|540|0|535|1|0|
30|947|648|0|535|1|0|
30|945|648|0|535|1|0|
30|948|432|0|535|1|0|
30|953|864|0|534|1|0|
30|955|648|0|532|1|0|
30|951|648|0|533|1|0|
30|953|756|0|535|1|0|
30|944|648|0|535|1|0|
30|944|648|0|535|1|0|
30|940|540|0|535|1|0|
30|947|648|0|533|1|0|
30|946|540|0|535|1|0|
30|943|432|0|535|1|0|
30|943|540|0|535|1|0|
30|949|648|0|534|1|0|
30|945|648|0|535|1|0|
30|943|756|0|535|1|0|
30|941|756|0|535|1|0|
30|965|756|0|535|1|0|
30|942|540|0|535|1|0|
30|946|540|0|535|1|0|
30|946|648|0|535|1|0|
30|946|540|0|535|1|0|
30|944|648|0|534|1|0|
30|957|756|0|534|1|0|
30|947|648|0|535|1|0|
30|946|648|0|534|1|0|
30|964|756|0|537|1|0|
30|950|540|0|535|1|0|
30|1138|864|0|1551|1|0|
30|1135|648|0|880|1|0|
30|1130|756|0|1779|1|0|
30|952|540|0|534|1|0|
30|943|756|0|535|1|0|
30|949|540|0|535|1|0|
30|986|648|0|532|1|0|
30|949|540|0|535|1|0|
30|951|756|0|535|1|0|
30|942|432|0|533|1|0|
30|953|540|0|534|1|0|
30|942|648|0|535|1|0|
30|945|540|0|535|1|0|
30|952|648|0|535|1|0|
30|945|432|0|535|1|0|
30|951|540|0|534|1|0|
30|939|648|0|535|1|0|
30|952|648|0|535|1|0|
30|941|648|0|535|1|0|
30|944|540|0|532|1|0|
30|945|756|0|534|1|0|
30|950|756|0|535|1|0|
30|945|756|0|535|1|0|
30|952|756|0|535|1|0|
30|939|648|0|533|1|0|
30|940|648|0|535|1|0|
30|952|648|0|535|1|0|
30|946|756|0|535|1|0|
30|1130|756|0|1817|1|0|
30|1127|648|0|2084|1|0|
30|1111|756|0|1738|1|0|
30|1125|756|0|1813|1|0|
30|947|756|0|535|1|0|
30|952|432|0|535|1|0|
30|987|648|0|534|1|0|
30|951|432|0|533|1|0|
30|979|540|0|535|1|0|
30|953|432|0|534|1|0|
30|946|432|0|535|1|0|
30|942|756|0|535|1|0|
30|938|756|0|535|1|0|
30|982|432|0|535|1|0|
30|951|756|0|535|1|0|
30|977|540|0|535|1|0|
