INSTRUCTIONS_RETIRED|CYCLES|UNKNOWN|LD_BLOCKS.STORE_FORWARD|UOPS_EXECUTED.CORE|BR_MISP_RETIRED.ALL_BRANCHES|UOPS_RETIRED.ANY|
13|390|216|0|55|1|75|
13|379|216|0|55|1|75|
13|379|216|0|55|1|75|
13|391|216|0|55|1|75|
13|378|324|0|55|1|75|
13|446|324|0|55|1|75|
13|356|324|0|55|1|75|
13|387|216|0|55|1|75|
13|385|216|0|55|1|75|
13|379|324|0|55|1|75|
13|386|216|0|55|1|75|
13|384|324|0|55|1|75|
13|395|324|0|55|1|75|
13|381|324|0|55|1|75|
13|394|324|0|55|1|75|
13|432|324|0|55|1|75|
13|396|216|0|55|1|75|
13|385|216|0|55|1|75|
13|394|216|0|55|1|75|
13|784|540|0|55|1|75|
13|380|324|0|55|1|75|
13|396|324|0|55|1|75|
13|379|216|0|55|1|75|
13|385|324|0|55|1|75|
13|379|216|0|55|1|75|
13|375|216|0|55|1|75|
13|381|216|0|55|1|75|
13|375|324|0|55|1|75|
13|423|216|0|55|1|75|
13|380|324|0|55|1|75|
13|387|216|0|55|1|75|
13|428|216|0|55|1|75|
13|357|324|0|55|1|75|
13|360|216|0|55|1|75|
13|382|216|0|55|1|75|
13|376|216|0|55|1|75|
13|383|216|0|55|1|75|
13|390|324|0|55|1|75|
13|394|216|0|55|1|75|
13|391|216|0|55|1|75|
13|380|216|0|55|1|75|
13|386|216|0|55|1|75|
13|404|216|0|55|1|75|
13|383|216|0|55|1|75|
13|386|216|0|55|1|75|
13|383|216|0|55|1|75|
13|388|324|0|55|1|75|
13|360|216|0|55|1|75|
13|388|216|0|55|1|75|
13|383|216|0|55|1|75|
13|383|216|0|55|1|75|
13|385|216|0|55|1|75|
13|379|216|0|55|1|75|
13|377|216|0|55|1|75|
13|381|324|0|55|1|75|
13|365|216|0|55|1|75|
13|380|324|0|55|1|75|
13|385|216|0|55|1|75|
13|363|216|0|55|1|75|
13|359|216|0|55|1|75|
13|426|216|0|55|1|75|
13|386|216|0|55|1|75|
13|385|216|0|55|1|75|
13|375|324|0|55|1|75|
13|386|216|0|55|1|75|
13|382|324|0|55|1|75|
13|384|216|0|55|1|75|
13|393|216|0|55|1|75|
13|382|216|0|55|1|75|
13|381|324|0|55|1|75|
13|356|108|0|55|1|75|
13|381|216|0|55|1|75|
13|390|216|0|55|1|75|
13|1332|864|0|55|1|75|
13|382|216|0|55|1|75|
13|386|324|0|55|1|75|
13|385|324|0|55|1|75|
13|389|216|0|55|1|75|
13|386|216|0|55|1|75|
13|381|216|0|55|1|75|
13|361|324|0|55|1|75|
13|394|324|0|55|1|75|
13|390|324|0|55|1|75|
13|378|324|0|55|1|75|
13|391|216|0|55|1|75|
13|383|216|0|55|1|75|
13|394|324|0|55|1|75|
13|390|324|0|55|1|75|
13|383|216|0|55|1|75|
13|352|216|0|55|1|75|
13|353|216|0|55|1|75|
13|404|324|0|541|1|73|
13|420|324|0|55|1|75|
13|391|324|0|55|1|75|
13|393|216|0|55|1|75|
13|353|216|0|55|1|75|
13|380|324|0|55|1|75|
13|385|216|0|55|1|75|
13|381|216|0|55|1|75|
13|382|216|0|55|1|75|
13|389|216|0|55|1|75|
13|381|216|0|55|1|75|
13|352|216|0|55|1|75|
13|396|324|0|55|1|75|
13|378|324|0|55|1|75|
13|390|324|0|55|1|75|
13|375|324|0|55|1|75|
13|388|216|0|55|1|75|
13|382|108|0|55|1|75|
13|389|216|0|55|1|75|
13|384|216|0|55|1|75|
13|383|324|0|55|1|75|
13|377|216|0|55|1|75|
13|394|216|0|55|1|75|
13|392|216|0|55|1|75|
13|388|216|0|55|1|75|
13|370|324|0|55|1|75|
13|358|216|0|55|1|75|
13|386|216|0|55|1|75|
13|395|324|0|55|1|75|
13|377|216|0|197|1|77|
13|396|324|0|494|1|75|
13|381|216|0|55|1|75|
13|386|216|0|55|1|75|
13|378|216|0|55|1|75|
13|387|216|0|55|1|75|
13|379|216|0|55|1|75|
13|386|216|0|55|1|75|
13|390|216|0|55|1|75|
13|1630|1080|0|55|1|75|
13|388|216|0|55|1|75|
13|385|324|0|55|1|75|
13|380|216|0|55|1|75|
13|381|324|0|55|1|75|
13|384|324|0|55|1|75|
13|382|216|0|55|1|75|
13|381|216|0|55|1|75|
13|384|216|0|55|1|75|
13|367|216|0|55|1|75|
13|376|324|0|55|1|75|
13|390|216|0|55|1|75|
13|391|216|0|55|1|75|
13|380|108|0|55|1|75|
13|375|216|0|55|1|75|
13|380|216|0|55|1|75|
13|352|324|0|55|1|75|
13|389|324|0|55|1|75|
13|371|216|0|55|1|75|
13|357|108|0|55|1|75|
13|385|216|0|440|1|75|
13|374|324|0|143|1|77|
13|393|216|0|55|1|75|
13|357|108|0|55|1|75|
13|366|216|0|55|1|75|
13|386|216|0|55|1|75|
13|1326|864|0|55|1|75|
13|364|216|0|55|1|75|
13|389|216|0|55|1|75|
13|995|540|0|55|1|75|
13|356|324|0|55|1|75|
13|396|216|0|55|1|75|
13|378|216|0|55|1|75|
13|349|216|0|55|1|75|
13|385|324|0|55|1|75|
13|378|216|0|55|1|75|
13|373|108|0|55|1|75|
13|379|216|0|55|1|75|
13|387|324|0|55|1|75|
13|376|216|0|55|1|75|
13|387|216|0|55|1|75|
13|387|216|0|55|1|75|
13|386|324|0|55|1|75|
13|385|216|0|55|1|75|
13|384|216|0|55|1|75|
13|391|324|0|55|1|75|
13|350|108|0|55|1|75|
13|397|216|0|55|1|75|
13|371|216|0|55|1|75|
13|406|216|0|356|1|75|
13|403|216|0|431|1|79|
13|390|216|0|55|1|75|
13|383|216|0|55|1|75|
13|368|324|0|55|1|75|
13|375|324|0|55|1|75|
13|362|216|0|55|1|75|
13|375|216|0|55|1|75|
13|390|216|0|55|1|75|
13|341|324|0|55|0|75|
13|381|216|0|55|1|75|
13|385|216|0|55|1|75|
13|371|324|0|55|1|75|
13|381|216|0|55|1|75|
13|390|216|0|55|1|75|
13|391|324|0|55|1|75|
13|385|324|0|55|1|75|
13|391|216|0|55|1|75|
13|385|216|0|55|1|75|
13|388|216|0|55|1|75|
13|377|324|0|55|1|75|
13|386|216|0|55|1|75|
13|391|216|0|55|1|75|
13|389|216|0|55|1|75|
13|348|216|0|55|1|75|
13|351|324|0|55|1|75|
13|385|216|0|55|1|75|
13|353|216|0|55|1|75|
13|378|216|0|426|1|75|
13|394|324|0|109|1|78|
13|364|108|0|55|1|75|
13|391|216|0|55|1|75|
13|385|324|0|55|1|75|
13|393|216|0|55|1|75|
13|391|324|0|55|1|75|
13|1101|648|0|55|1|75|
13|357|324|0|55|1|75|
13|379|216|0|55|1|75|
13|380|216|0|55|1|75|
13|390|216|0|55|1|75|
13|374|216|0|55|1|75|
13|1597|972|0|55|1|75|
13|393|216|0|55|1|75|
13|394|324|0|55|1|75|
13|375|324|0|55|1|75|
13|394|216|0|55|1|75|
13|386|216|0|55|1|75|
13|375|216|0|55|1|75|
13|390|216|0|55|1|75|
13|385|216|0|55|1|75|
13|382|216|0|55|1|75|
13|358|324|0|55|1|75|
13|381|324|0|55|1|75|
13|742|540|0|55|1|75|
13|395|324|0|55|1|75|
13|354|324|0|55|1|75|
13|386|216|0|55|1|75|
13|422|216|0|55|1|75|
13|388|324|0|55|1|75|
13|400|216|0|450|1|78|
13|379|324|0|55|1|75|
13|345|108|0|55|1|75|
13|383|216|0|55|1|75|
13|386|324|0|55|1|75|
13|361|324|0|55|1|75|
13|1814|1188|0|55|1|75|
13|394|216|0|55|1|75|
13|394|216|0|55|1|75|
13|395|324|0|55|1|75|
13|378|216|0|55|1|75|
13|390|216|0|55|1|75|
13|383|324|0|55|1|75|
13|347|108|0|55|1|75|
13|380|216|0|55|1|75|
13|383|216|0|55|1|75|
13|389|324|0|55|1|75|
13|378|216|0|55|1|75|
13|1540|864|0|55|1|75|
13|1184|648|0|55|1|75|
13|379|108|0|55|1|75|
13|392|216|0|55|1|75|
13|395|324|0|55|1|75|
13|391|216|0|55|1|75|
13|389|216|0|55|1|75|
13|364|216|0|55|1|75|
13|395|216|0|55|1|75|
13|413|324|0|55|1|75|
13|380|216|0|55|1|75|
13|362|216|0|55|1|75|
13|349|216|0|55|1|75|
13|380|216|0|55|1|75|
13|384|216|0|55|1|75|
13|380|216|0|55|1|75|
13|386|216|0|55|1|75|
13|381|324|0|55|1|75|
13|390|216|0|55|1|75|
13|379|216|0|55|1|75|
13|390|216|0|55|1|75|
13|380|216|0|55|1|75|
13|384|216|0|55|1|75|
13|351|216|0|55|1|75|
13|397|216|0|55|1|75|
13|378|216|0|55|1|75|
13|395|216|0|55|1|75|
13|383|216|0|55|1|75|
13|390|216|0|55|1|75|
13|380|324|0|55|1|75|
13|388|216|0|55|1|75|
13|383|324|0|55|1|75|
13|382|216|0|55|1|75|
13|381|324|0|55|1|75|
13|383|324|0|55|1|75|
13|363|216|0|55|1|75|
13|381|216|0|55|1|75|
13|356|216|0|55|1|75|
13|380|216|0|55|1|75|
13|382|324|0|55|1|75|
13|376|216|0|55|1|75|
13|394|216|0|55|1|75|
13|383|216|0|55|1|75|
13|389|324|0|55|1|75|
13|381|324|0|55|1|75|
13|395|216|0|55|1|75|
13|388|216|0|55|1|75|
13|383|216|0|55|1|75|
13|1326|972|0|55|1|75|
13|389|216|0|55|1|75|
13|390|324|0|55|1|75|
13|392|216|0|55|1|75|
13|391|216|0|55|1|75|
13|391|216|0|55|1|75|
13|378|216|0|55|1|75|
13|389|324|0|55|1|75|
13|358|216|0|55|1|75|
13|390|324|0|55|1|75|
13|380|324|0|55|1|75|
13|388|216|0|55|1|75|
13|381|216|0|55|1|75|
13|390|216|0|55|1|75|
13|386|216|0|55|1|75|
13|1766|1188|0|55|1|75|
13|385|216|0|55|1|75|
13|374|216|0|55|1|75|
13|385|324|0|55|1|75|
13|361|108|0|55|1|75|
13|383|216|0|55|1|75|
13|375|108|0|55|1|75|
13|374|108|0|55|1|75|
13|394|324|0|55|1|75|
13|382|216|0|55|1|75|
13|388|216|0|55|1|75|
13|378|216|0|55|1|75|
13|392|216|0|55|1|75|
13|380|216|0|55|1|75|
13|389|216|0|55|1|75|
13|382|216|0|55|1|75|
13|379|216|0|55|1|75|
13|368|108|0|55|0|75|
13|346|216|0|55|0|75|
13|366|216|0|55|1|75|
13|1527|972|0|55|1|75|
13|387|216|0|55|1|75|
13|393|324|0|55|1|75|
13|1152|756|0|55|1|75|
13|383|216|0|55|1|75|
13|376|108|0|55|1|75|
13|379|324|0|55|1|75|
13|390|324|0|55|1|75|
13|381|216|0|55|1|75|
13|380|216|0|55|1|75|
13|358|216|0|85|1|75|
13|412|216|0|732|1|75|
13|354|108|0|55|1|75|
13|381|216|0|55|1|75|
13|382|216|0|55|1|75|
13|380|216|0|55|1|75|
13|399|216|0|55|1|75|
13|542|324|0|55|1|75|
13|352|324|0|55|1|75|
13|389|216|0|55|1|75|
13|387|216|0|55|1|75|
13|388|324|0|55|1|75|
13|391|324|0|55|1|75|
13|378|216|0|55|1|75|
13|380|216|0|55|1|75|
13|384|324|0|55|1|75|
13|360|216|0|55|1|75|
13|386|216|0|55|1|75|
13|387|324|0|55|1|75|
13|390|216|0|55|1|75|
13|375|216|0|55|1|75|
13|396|324|0|55|1|75|
13|396|324|0|55|1|75|
13|397|216|0|55|1|75|
13|386|216|0|55|1|75|
13|385|216|0|55|1|75|
13|378|324|0|55|1|75|
13|1820|1188|0|55|1|75|
13|378|216|0|55|1|75|
13|378|216|0|55|1|75|
13|349|216|0|55|1|75|
13|355|216|0|55|1|75|
13|382|216|0|55|1|75|
13|387|216|0|55|1|75|
13|378|216|0|55|1|75|
13|376|216|0|55|1|75|
13|380|216|0|55|1|75|
13|382|216|0|55|1|75|
13|380|216|0|55|1|75|
13|387|216|0|55|1|75|
13|380|216|0|55|1|75|
13|374|216|0|55|1|75|
13|389|216|0|55|1|75|
13|1025|756|0|55|1|75|
13|390|324|0|55|1|75|
13|395|216|0|55|1|75|
13|390|216|0|55|1|75|
13|497|324|0|55|1|75|
13|393|216|0|55|1|75|
13|381|216|0|55|1|75|
13|389|216|0|55|1|75|
13|382|324|0|55|1|75|
13|380|216|0|55|1|75|
13|378|216|0|55|1|75|
13|381|216|0|55|1|75|
13|390|216|0|55|1|75|
13|352|108|0|55|1|75|
13|377|324|0|55|1|75|
13|359|108|0|55|1|75|
13|355|108|0|55|1|75|
13|1345|864|0|55|1|75|
13|391|216|0|55|1|75|
13|387|216|0|55|1|75|
13|381|324|0|55|1|75|
13|376|216|0|55|1|75|
13|389|216|0|55|1|75|
13|382|216|0|55|1|75|
13|388|216|0|55|1|75|
13|392|216|0|55|1|75|
13|423|216|0|55|1|75|
13|392|216|0|55|1|75|
13|383|324|0|55|1|75|
13|380|324|0|55|1|75|
13|382|216|0|55|1|75|
13|378|216|0|55|1|75|
13|355|108|0|55|1|75|
13|1692|1080|0|55|1|75|
13|379|216|0|55|1|75|
13|382|324|0|55|1|75|
13|389|324|0|55|1|75|
13|373|216|0|55|1|75|
13|392|216|0|55|1|75|
13|380|216|0|55|1|75|
13|390|216|0|55|1|75|
13|382|108|0|55|1|75|
13|384|216|0|55|1|75|
13|390|324|0|55|1|75|
13|352|108|0|55|1|75|
13|363|216|0|55|1|75|
13|388|324|0|55|1|75|
13|372|324|0|55|1|75|
13|388|324|0|55|1|75|
13|385|216|0|55|1|75|
13|1637|1080|0|55|1|75|
13|377|324|0|55|1|75|
13|389|216|0|55|1|75|
13|385|324|0|55|1|75|
13|382|216|0|55|1|75|
13|393|324|0|55|1|75|
13|377|216|0|55|1|75|
13|389|216|0|55|1|75|
13|374|324|0|55|1|75|
13|382|216|0|55|1|75|
13|392|216|0|55|1|75|
13|381|216|0|55|1|75|
13|383|216|0|55|1|75|
13|378|324|0|55|1|75|
13|376|324|0|55|1|75|
13|376|216|0|55|1|75|
13|376|216|0|55|1|75|
13|386|324|0|55|1|75|
13|384|216|0|55|1|75|
13|383|324|0|55|1|75|
13|410|216|0|55|1|75|
13|382|324|0|55|1|75|
13|1118|648|0|55|1|75|
13|391|216|0|55|1|75|
13|355|108|0|55|1|75|
13|386|216|0|55|1|75|
13|354|108|0|55|1|75|
13|365|216|0|55|1|75|
13|390|216|0|55|1|75|
13|385|216|0|55|1|75|
13|392|216|0|55|1|75|
13|382|324|0|55|1|75|
13|395|324|0|55|1|75|
13|384|324|0|55|1|75|
13|382|324|0|55|1|75|
13|399|324|0|55|1|75|
13|381|216|0|55|1|75|
13|395|324|0|55|1|75|
13|388|324|0|55|1|75|
13|385|216|0|55|1|75|
13|381|216|0|55|1|75|
13|377|324|0|55|1|75|
13|381|324|0|55|1|75|
13|388|216|0|55|1|75|
13|389|216|0|55|1|75|
13|386|216|0|55|1|75|
13|383|216|0|55|1|75|
13|381|216|0|55|1|75|
13|395|324|0|55|1|75|
13|358|216|0|55|1|75|
13|393|216|0|55|1|75|
13|381|216|0|55|1|75|
13|378|216|0|55|1|75|
13|383|216|0|55|1|75|
13|391|324|0|55|1|75|
13|360|108|0|55|1|75|
13|382|324|0|55|1|75|
13|386|216|0|55|1|75|
13|386|324|0|55|1|75|
13|374|108|0|55|1|75|
13|381|216|0|55|1|75|
13|387|216|0|55|1|75|
13|384|216|0|55|1|75|
13|382|324|0|55|1|75|
13|389|324|0|55|1|75|
13|381|216|0|55|1|75|
13|389|324|0|55|1|75|
13|391|216|0|55|1|75|
13|382|216|0|55|1|75|
13|393|324|0|55|1|75|
13|388|324|0|55|1|75|
13|384|324|0|55|1|75|
13|388|216|0|55|1|75|
13|389|216|0|55|1|75|
13|378|216|0|55|1|75|
13|389|324|0|55|1|75|
13|382|216|0|55|1|75|
13|379|216|0|55|1|75|
13|377|324|0|55|1|75|
13|384|108|0|55|1|75|
13|382|216|0|55|1|75|
13|388|216|0|55|1|75|
13|385|216|0|55|1|75|
13|359|324|0|55|1|75|
13|380|324|0|55|1|75|
13|388|324|0|55|1|75|
13|391|216|0|55|1|75|
13|379|216|0|55|1|75|
13|380|216|0|55|1|75|
13|391|324|0|55|1|75|
13|395|216|0|55|1|75|
13|395|216|0|55|1|75|
13|388|216|0|55|1|75|
13|389|216|0|55|1|75|
13|376|216|0|55|1|75|
13|389|216|0|55|1|75|
13|727|432|0|55|1|75|
13|382|216|0|55|1|75|
13|393|216|0|55|1|75|
13|386|216|0|55|1|75|
13|395|216|0|55|1|75|
13|384|216|0|55|1|75|
13|383|216|0|55|1|75|
13|386|216|0|55|1|75|
13|379|216|0|55|1|75|
13|378|324|0|55|1|75|
13|362|108|0|55|1|75|
13|384|216|0|55|1|75|
13|397|216|0|55|1|75|
13|365|108|0|55|1|75|
13|361|108|0|55|1|75|
13|362|324|0|55|1|75|
13|392|216|0|55|1|75|
13|1444|972|0|55|1|75|
13|390|216|0|55|1|75|
13|385|216|0|55|1|75|
13|390|216|0|55|1|75|
13|392|216|0|55|1|75|
13|383|216|0|55|1|75|
13|379|216|0|55|1|75|
13|407|324|0|55|1|75|
13|383|324|0|55|1|75|
13|378|216|0|55|1|75|
13|380|324|0|55|1|75|
13|378|324|0|55|1|75|
13|382|216|0|55|1|75|
13|379|216|0|55|1|75|
13|377|216|0|55|1|75|
13|388|216|0|55|1|75|
13|383|324|0|55|1|75|
13|389|324|0|55|1|75|
13|385|324|0|55|1|75|
13|389|216|0|55|1|75|
13|383|216|0|55|1|75|
13|375|216|0|55|1|75|
13|383|216|0|55|1|75|
13|392|216|0|55|1|75|
13|357|216|0|55|1|75|
13|386|216|0|55|1|75|
13|352|216|0|55|1|75|
13|1085|756|0|55|1|75|
13|376|324|0|55|1|75|
13|386|108|0|55|1|75|
13|389|216|0|55|1|75|
13|393|216|0|55|1|75|
13|388|216|0|55|1|75|
13|391|216|0|55|1|75|
13|1036|756|0|55|1|75|
13|389|324|0|55|1|75|
13|380|216|0|55|1|75|
13|391|216|0|55|1|75|
13|383|216|0|55|1|75|
13|378|324|0|55|1|75|
13|393|324|0|55|1|75|
13|386|324|0|55|1|75|
13|377|216|0|55|1|75|
13|392|324|0|55|1|75|
13|390|216|0|55|1|75|
13|389|324|0|55|1|75|
13|379|324|0|55|1|75|
13|390|216|0|55|1|75|
13|389|216|0|55|1|75|
13|378|216|0|55|1|75|
13|380|324|0|55|1|75|
13|385|216|0|55|1|75|
13|384|216|0|55|1|75|
13|874|432|0|55|1|75|
13|393|216|0|55|1|75|
13|363|216|0|55|1|75|
13|368|216|0|55|1|75|
13|387|216|0|55|1|75|
13|385|216|0|55|1|75|
13|387|216|0|55|1|75|
13|357|108|0|55|1|75|
13|381|216|0|55|1|75|
13|383|216|0|55|1|75|
13|380|324|0|55|1|75|
13|364|216|0|55|1|75|
13|381|216|0|55|1|75|
13|394|216|0|55|1|75|
13|381|216|0|55|1|75|
13|383|216|0|55|1|75|
13|380|324|0|55|1|75|
13|378|324|0|55|1|75|
13|373|216|0|55|1|75|
13|375|216|0|55|1|75|
13|379|216|0|55|1|75|
13|376|324|0|55|1|75|
13|394|216|0|55|1|75|
13|366|216|0|55|1|75|
13|389|216|0|55|1|75|
13|382|216|0|55|1|75|
13|385|216|0|55|1|75|
13|385|216|0|55|1|75|
13|356|108|0|55|1|75|
13|384|216|0|55|1|75|
13|381|216|0|55|1|75|
13|382|324|0|55|1|75|
13|358|216|0|55|1|75|
13|1834|1188|0|55|1|75|
13|384|216|0|55|1|75|
13|387|216|0|55|1|75|
13|387|324|0|55|1|75|
13|384|216|0|55|1|75|
13|390|324|0|55|1|75|
13|386|216|0|55|1|75|
13|384|216|0|55|1|75|
13|381|216|0|55|1|75|
13|393|216|0|55|1|75|
13|378|216|0|55|1|75|
13|383|216|0|55|1|75|
13|378|216|0|55|1|75|
13|380|216|0|55|1|75|
13|380|108|0|55|1|75|
13|389|216|0|55|1|75|
13|385|216|0|55|1|75|
13|383|216|0|55|1|75|
13|386|216|0|55|1|75|
13|381|216|0|55|1|75|
13|374|216|0|55|1|75|
13|387|324|0|55|1|75|
13|388|324|0|55|1|75|
13|384|216|0|55|1|75|
13|392|216|0|55|1|75|
13|379|216|0|55|1|75|
13|1524|972|0|55|1|75|
13|383|216|0|55|1|75|
13|388|324|0|55|1|75|
13|393|216|0|55|1|75|
13|393|216|0|55|1|75|
13|367|324|0|55|1|75|
13|379|216|0|55|1|75|
13|378|324|0|55|1|75|
13|350|216|0|55|1|75|
13|388|216|0|55|1|75|
13|352|216|0|55|1|75|
13|383|324|0|55|1|75|
13|380|216|0|55|1|75|
13|432|324|0|55|1|75|
13|383|216|0|55|1|75|
13|384|216|0|55|1|75|
13|379|216|0|55|1|75|
13|390|216|0|55|1|75|
13|386|216|0|55|1|75|
13|386|216|0|55|1|75|
13|395|216|0|55|1|75|
13|377|324|0|55|1|75|
13|392|324|0|55|1|75|
13|387|324|0|55|1|75|
13|393|216|0|55|1|75|
13|390|324|0|55|1|75|
13|363|324|0|55|1|75|
13|383|324|0|55|1|75|
13|389|216|0|55|1|75|
13|381|216|0|55|1|75|
13|386|216|0|55|1|75|
13|379|216|0|55|1|75|
13|390|216|0|55|1|75|
13|386|108|0|55|1|75|
13|379|108|0|55|1|75|
13|386|324|0|55|1|75|
13|390|324|0|55|1|75|
13|374|216|0|55|1|75|
13|391|216|0|55|1|75|
13|381|108|0|55|1|75|
13|389|216|0|55|1|75|
13|380|324|0|55|1|75|
13|391|216|0|55|1|75|
13|391|216|0|55|1|75|
13|394|324|0|55|1|75|
13|387|324|0|55|1|75|
13|353|216|0|55|1|75|
13|388|216|0|55|1|75|
13|378|216|0|55|1|75|
13|382|324|0|55|1|75|
13|381|324|0|55|1|75|
13|381|324|0|55|1|75|
13|381|216|0|55|1|75|
13|383|216|0|55|1|75|
13|375|216|0|55|1|75|
13|365|324|0|55|1|75|
13|378|108|0|55|1|75|
13|385|216|0|55|1|75|
13|377|324|0|55|1|75|
13|377|216|0|55|1|75|
13|368|216|0|55|1|75|
13|380|324|0|55|1|75|
13|391|324|0|55|1|75|
13|390|216|0|55|1|75|
13|387|216|0|55|1|75|
13|377|324|0|55|1|75|
13|379|216|0|55|1|75|
13|395|324|0|55|1|75|
13|354|216|0|55|1|75|
13|397|324|0|55|1|75|
13|390|324|0|55|1|75|
13|381|216|0|55|1|75|
13|390|216|0|55|1|75|
13|389|324|0|55|1|75|
13|394|324|0|55|1|75|
13|392|216|0|55|1|75|
13|382|216|0|55|1|75|
13|384|216|0|55|1|75|
13|378|108|0|55|1|75|
13|381|216|0|55|1|75|
13|388|216|0|55|1|75|
13|380|108|0|55|1|75|
13|383|216|0|55|1|75|
13|374|216|0|55|1|75|
13|1738|1080|0|55|1|75|
13|391|216|0|55|1|75|
13|401|216|0|55|1|75|
13|383|216|0|55|1|75|
13|380|324|0|55|1|75|
13|379|216|0|55|1|75|
13|387|216|0|55|1|75|
13|392|216|0|55|1|75|
13|389|324|0|55|1|75|
13|387|216|0|55|1|75|
13|387|324|0|55|1|75|
13|383|324|0|55|1|75|
13|382|216|0|55|1|75|
13|381|324|0|55|1|75|
13|395|324|0|55|1|75|
13|391|216|0|55|1|75|
13|390|324|0|55|1|75|
13|392|216|0|55|1|75|
13|386|216|0|55|1|75|
13|380|324|0|55|1|75|
13|386|324|0|55|1|75|
13|364|216|0|55|1|75|
13|375|216|0|55|1|75|
13|386|216|0|55|1|75|
13|377|216|0|55|1|75|
13|353|216|0|55|1|75|
13|1439|864|0|55|1|75|
13|383|216|0|55|1|75|
13|382|216|0|55|1|75|
13|348|108|0|55|1|75|
13|368|216|0|55|1|75|
13|368|216|0|55|1|75|
13|387|216|0|55|1|75|
13|391|324|0|55|1|75|
13|382|216|0|55|1|75|
13|388|216|0|55|1|75|
13|386|216|0|55|1|75|
13|385|324|0|55|1|75|
13|909|540|0|55|1|75|
13|389|216|0|55|1|75|
13|379|324|0|55|1|75|
13|386|216|0|55|1|75|
13|383|324|0|55|1|75|
13|382|216|0|55|1|75|
13|387|216|0|55|1|75|
13|380|324|0|55|1|75|
13|393|324|0|55|1|75|
13|382|216|0|55|1|75|
13|386|324|0|55|1|75|
13|1649|972|0|55|1|75|
13|359|108|0|55|1|75|
13|388|216|0|55|1|75|
13|383|216|0|55|1|75|
13|388|216|0|55|1|75|
13|355|108|0|55|1|75|
13|389|216|0|55|1|75|
13|387|216|0|55|1|75|
13|380|324|0|55|1|75|
13|388|216|0|55|1|75|
13|382|324|0|55|1|75|
13|349|216|0|55|1|75|
13|390|216|0|55|1|75|
13|530|324|0|55|1|75|
13|1752|1080|0|55|1|75|
13|373|324|0|55|1|75|
13|391|216|0|55|1|75|
13|382|324|0|55|1|75|
13|388|216|0|55|1|75|
13|381|216|0|55|1|75|
13|391|324|0|55|1|75|
13|377|216|0|55|1|75|
13|390|216|0|55|1|75|
13|348|216|0|55|1|75|
13|386|216|0|55|1|75|
13|383|324|0|55|1|75|
13|393|216|0|55|1|75|
13|381|216|0|55|1|75|
13|390|216|0|55|1|75|
13|384|324|0|55|1|75|
13|377|216|0|55|1|75|
13|382|216|0|55|1|75|
13|390|324|0|55|1|75|
13|379|216|0|55|1|75|
13|384|324|0|55|1|75|
13|377|216|0|55|1|75|
13|393|324|0|55|1|75|
13|367|108|0|55|1|75|
13|376|216|0|55|1|75|
13|396|216|0|55|1|75|
13|389|216|0|55|1|75|
13|386|216|0|55|1|75|
13|385|216|0|55|1|75|
13|361|216|0|55|1|75|
13|383|216|0|55|1|75|
13|383|216|0|55|1|75|
13|385|324|0|55|1|75|
13|396|216|0|55|1|75|
13|390|216|0|55|1|75|
13|392|216|0|55|1|75|
13|385|216|0|55|1|75|
13|389|324|0|55|1|75|
13|392|216|0|55|1|75|
13|391|216|0|55|1|75|
13|393|216|0|55|1|75|
13|386|216|0|55|1|75|
13|378|216|0|55|1|75|
13|386|324|0|55|1|75|
13|382|216|0|55|1|75|
13|390|216|0|55|1|75|
13|384|216|0|55|1|75|
13|382|216|0|55|1|75|
13|1342|756|0|55|1|75|
13|378|216|0|55|1|75|
13|388|324|0|55|1|75|
13|353|216|0|55|1|75|
13|361|216|0|55|1|75|
13|376|216|0|55|1|75|
13|388|324|0|55|1|75|
13|384|216|0|55|1|75|
13|373|216|0|55|1|75|
13|386|324|0|55|1|75|
13|379|216|0|55|1|75|
13|388|216|0|55|1|75|
13|380|324|0|55|1|75|
13|389|324|0|55|1|75|
13|383|216|0|55|1|75|
13|383|216|0|55|1|75|
13|386|324|0|55|1|75|
13|383|216|0|55|1|75|
13|377|216|0|55|1|75|
13|392|216|0|55|1|75|
13|394|324|0|55|1|75|
13|357|216|0|55|1|75|
13|391|216|0|55|1|75|
13|381|216|0|55|1|75|
13|385|324|0|55|1|75|
13|380|216|0|55|1|75|
13|385|324|0|55|1|75|
13|373|216|0|55|1|75|
13|375|324|0|55|1|75|
13|392|216|0|55|1|75|
13|390|216|0|55|1|75|
13|359|216|0|55|1|75|
13|368|216|0|55|1|75|
13|1685|1080|0|55|1|75|
13|388|216|0|55|1|75|
13|392|324|0|55|1|75|
13|386|216|0|55|1|75|
13|391|216|0|55|1|75|
13|379|216|0|55|1|75|
13|384|216|0|55|1|75|
13|766|540|0|55|1|75|
13|392|216|0|55|1|75|
13|396|216|0|55|1|75|
13|353|108|0|55|1|75|
13|377|216|0|55|1|75|
13|378|216|0|55|1|75|
13|391|324|0|55|1|75|
13|376|216|0|55|1|75|
13|379|216|0|55|1|75|
13|393|216|0|55|1|75|
13|377|324|0|55|1|75|
13|378|324|0|55|1|75|
13|390|324|0|55|1|75|
13|379|216|0|55|1|75|
13|388|216|0|55|1|75|
13|384|216|0|55|1|75|
13|388|324|0|55|1|75|
13|390|324|0|55|1|75|
13|395|324|0|55|1|75|
13|387|216|0|55|1|75|
13|383|216|0|55|1|75|
13|370|324|0|55|1|75|
13|379|324|0|55|1|75|
13|383|216|0|55|1|75|
13|392|216|0|55|1|75|
13|390|216|0|55|1|75|
13|383|216|0|55|1|75|
13|384|216|0|55|1|75|
13|391|216|0|55|1|75|
13|393|324|0|55|1|75|
13|380|216|0|55|1|75|
13|855|648|0|55|1|75|
13|385|216|0|55|1|75|
13|376|324|0|55|1|75|
13|392|216|0|55|1|75|
13|388|216|0|55|1|75|
13|388|216|0|55|1|75|
13|394|216|0|55|1|75|
13|381|216|0|55|1|75|
13|501|324|0|55|1|75|
13|372|216|0|55|1|75|
13|383|216|0|55|1|75|
13|392|324|0|55|1|75|
13|377|216|0|55|1|75|
13|390|324|0|55|1|75|
13|356|324|0|55|1|75|
13|383|108|0|55|1|75|
13|390|216|0|55|1|75|
13|347|216|0|55|1|75|
13|388|216|0|55|1|75|
13|365|216|0|55|1|75|
13|378|324|0|55|1|75|
13|366|216|0|55|1|75|
13|379|216|0|55|1|75|
13|386|216|0|55|1|75|
13|382|216|0|55|1|75|
13|390|324|0|55|1|75|
13|392|216|0|55|1|75|
13|379|324|0|55|1|75|
13|379|324|0|55|1|75|
13|389|216|0|55|1|75|
13|350|216|0|55|1|75|
13|381|216|0|55|1|75|
13|388|216|0|55|1|75|
13|365|216|0|55|1|75|
13|394|324|0|55|1|75|
13|382|216|0|55|1|75|
13|377|216|0|55|1|75|
13|376|324|0|55|1|75|
13|390|324|0|55|1|75|
13|379|324|0|55|1|75|
13|383|324|0|55|1|75|
13|383|324|0|55|1|75|
13|377|216|0|55|1|75|
13|387|324|0|55|1|75|
13|389|216|0|55|1|75|
13|384|324|0|55|1|75|
13|390|216|0|55|1|75|
13|383|108|0|55|1|75|
13|385|324|0|55|1|75|
13|383|216|0|55|1|75|
13|353|324|0|55|1|75|
13|380|216|0|55|1|75|
13|379|216|0|55|1|75|
13|356|324|0|55|1|75|
13|363|324|0|55|1|75|
13|1379|756|0|55|1|75|
13|1570|972|0|55|1|75|
13|386|216|0|55|1|75|
13|382|216|0|55|1|75|
13|382|216|0|55|1|75|
13|379|216|0|55|1|75|
13|382|324|0|55|1|75|
13|375|324|0|55|1|75|
13|379|216|0|55|1|75|
13|393|216|0|55|1|75|
13|382|324|0|55|1|75|
13|392|216|0|55|1|75|
13|381|108|0|55|1|75|
