INSTRUCTIONS_RETIRED|CYCLES|UNKNOWN|LD_BLOCKS.STORE_FORWARD|UOPS_EXECUTED.CORE|BR_MISP_RETIRED.ALL_BRANCHES|UOPS_ISSUED.SINGLE_MUL|
16|133|96|0|67|1|0|
16|133|80|0|67|1|0|
16|134|96|0|67|1|0|
16|134|96|0|67|1|0|
16|134|96|0|67|1|0|
16|134|128|0|67|1|0|
16|134|128|0|67|1|0|
16|134|144|0|67|1|0|
16|134|144|0|67|1|0|
16|134|128|0|67|1|0|
16|133|144|0|67|1|0|
16|133|128|0|67|1|0|
16|134|128|0|67|1|0|
16|159|144|0|321|1|0|
16|136|144|0|71|1|0|
16|134|96|0|67|1|0|
16|133|112|0|67|1|0|
16|136|96|0|67|1|0|
16|133|128|0|67|1|0|
16|134|128|0|67|1|0|
16|134|128|0|67|1|0|
16|134|144|0|67|1|0|
16|134|128|0|67|1|0|
16|134|112|0|67|1|0|
16|134|128|0|67|1|0|
16|134|128|0|67|1|0|
16|134|128|0|67|1|0|
16|134|128|0|67|1|0|
16|134|144|0|67|1|0|
16|134|144|0|67|1|0|
16|134|128|0|67|1|0|
16|134|128|0|67|1|0|
16|133|128|0|67|1|0|
16|151|160|0|190|1|0|
16|133|128|0|67|1|0|
16|136|128|0|67|1|0|
16|133|128|0|67|1|0|
16|134|144|0|67|1|0|
16|134|128|0|67|1|0|
16|134|144|0|67|1|0|
16|133|128|0|67|1|0|
16|133|128|0|67|1|0|
16|134|112|0|67|1|0|
16|133|128|0|67|1|0|
16|133|128|0|67|1|0|
16|134|128|0|67|1|0|
16|134|144|0|67|1|0|
16|133|128|0|67|1|0|
16|133|144|0|67|1|0|
16|134|144|0|67|1|0|
16|134|128|0|67|1|0|
16|134|128|0|67|1|0|
16|134|144|0|67|1|0|
16|134|144|0|67|1|0|
16|133|128|0|67|1|0|
16|133|144|0|67|1|0|
16|134|128|0|67|1|0|
16|133|144|0|67|1|0|
16|134|128|0|67|1|0|
16|134|128|0|67|1|0|
16|134|128|0|67|1|0|
16|133|144|0|67|1|0|
16|134|128|0|67|1|0|
16|133|144|0|67|1|0|
16|133|128|0|67|1|0|
16|134|128|0|67|1|0|
16|134|144|0|67|1|0|
16|133|128|0|67|1|0|
16|133|128|0|67|1|0|
16|134|128|0|67|1|0|
16|134|128|0|67|1|0|
16|133|128|0|67|1|0|
16|134|128|0|67|1|0|
16|134|144|0|67|1|0|
16|134|128|0|67|1|0|
16|133|128|0|67|1|0|
16|134|144|0|67|1|0|
16|133|128|0|67|1|0|
16|134|128|0|67|1|0|
16|134|128|0|67|1|0|
16|133|128|0|67|1|0|
16|134|144|0|67|1|0|
16|134|144|0|67|1|0|
16|133|128|0|67|1|0|
16|134|128|0|67|1|0|
16|134|112|0|67|1|0|
16|134|128|0|67|1|0|
16|134|128|0|67|1|0|
16|134|128|0|67|1|0|
16|134|144|0|67|1|0|
16|134|128|0|67|1|0|
16|134|144|0|67|1|0|
16|134|128|0|67|1|0|
16|133|144|0|67|1|0|
16|133|128|0|67|1|0|
16|133|128|0|67|1|0|
16|134|128|0|67|1|0|
16|133|144|0|67|1|0|
16|134|128|0|67|1|0|
16|134|144|0|67|1|0|
16|134|144|0|67|1|0|
16|133|144|0|67|1|0|
16|133|128|0|67|1|0|
16|133|128|0|67|1|0|
16|134|144|0|67|1|0|
16|134|144|0|67|1|0|
16|134|144|0|67|1|0|
16|133|128|0|67|1|0|
16|134|128|0|67|1|0|
16|134|144|0|67|1|0|
16|134|128|0|67|1|0|
16|134|128|0|67|1|0|
16|134|144|0|67|1|0|
16|136|128|0|67|1|0|
16|134|128|0|67|1|0|
16|134|128|0|67|1|0|
16|133|128|0|67|1|0|
16|136|128|0|90|1|0|
16|134|128|0|67|1|0|
16|134|128|0|67|1|0|
16|133|144|0|67|1|0|
16|133|128|0|67|1|0|
16|134|144|0|67|1|0|
16|134|128|0|67|1|0|
16|134|128|0|67|1|0|
16|133|144|0|67|1|0|
16|134|144|0|67|1|0|
16|134|144|0|67|1|0|
16|134|128|0|67|1|0|
16|136|128|0|67|1|0|
16|134|128|0|67|1|0|
16|133|128|0|67|1|0|
16|134|128|0|67|1|0|
16|133|128|0|67|1|0|
16|133|128|0|67|1|0|
16|134|128|0|67|1|0|
16|134|144|0|67|1|0|
16|133|144|0|67|1|0|
16|134|144|0|67|1|0|
16|134|128|0|67|1|0|
16|134|128|0|67|1|0|
16|133|144|0|67|1|0|
16|133|144|0|67|1|0|
16|134|128|0|67|1|0|
16|134|144|0|67|1|0|
16|133|144|0|67|1|0|
16|134|128|0|67|1|0|
16|133|128|0|67|1|0|
16|134|144|0|67|1|0|
16|134|128|0|67|1|0|
16|134|128|0|67|1|0|
16|134|144|0|67|1|0|
16|168|160|0|231|1|0|
16|166|144|0|420|1|0|
16|138|96|0|99|1|0|
16|134|96|0|67|1|0|
16|133|96|0|67|1|0|
16|133|96|0|67|1|0|
16|137|128|0|87|1|0|
16|134|128|0|67|1|0|
16|134|128|0|67|1|0|
16|134|144|0|67|1|0|
16|134|128|0|67|1|0|
16|134|112|0|67|1|0|
16|133|144|0|67|1|0|
16|134|128|0|67|1|0|
16|134|128|0|67|1|0|
16|134|128|0|67|1|0|
16|134|128|0|67|1|0|
16|134|128|0|67|1|0|
16|133|128|0|67|1|0|
16|134|144|0|67|1|0|
16|133|128|0|67|1|0|
16|134|144|0|67|1|0|
16|133|128|0|67|1|0|
16|133|144|0|67|1|0|
16|134|144|0|67|1|0|
16|134|128|0|67|1|0|
16|134|128|0|67|1|0|
16|133|128|0|67|1|0|
16|134|128|0|67|1|0|
16|134|128|0|67|1|0|
16|134|128|0|67|1|0|
16|133|128|0|67|1|0|
16|134|128|0|67|1|0|
16|133|128|0|67|1|0|
16|134|128|0|67|1|0|
16|133|112|0|67|1|0|
16|133|144|0|67|1|0|
16|133|128|0|67|1|0|
16|134|128|0|67|1|0|
16|134|128|0|67|1|0|
16|133|144|0|67|1|0|
16|134|128|0|67|1|0|
16|134|144|0|67|1|0|
16|134|144|0|67|1|0|
16|134|128|0|67|1|0|
16|133|144|0|67|1|0|
16|133|144|0|67|1|0|
16|134|128|0|67|1|0|
16|134|128|0|67|1|0|
16|133|128|0|67|1|0|
16|133|128|0|67|1|0|
16|134|128|0|67|1|0|
16|134|128|0|67|1|0|
16|134|128|0|67|1|0|
16|134|144|0|67|1|0|
16|133|128|0|67|1|0|
16|134|128|0|67|1|0|
16|134|144|0|67|1|0|
16|133|144|0|67|1|0|
16|133|112|0|67|1|0|
16|134|112|0|67|1|0|
16|134|112|0|67|1|0|
16|133|128|0|67|1|0|
16|133|112|0|67|1|0|
16|133|96|0|67|1|0|
16|134|112|0|67|1|0|
16|134|128|0|67|1|0|
16|133|96|0|67|1|0|
16|134|128|0|67|1|0|
16|134|128|0|67|1|0|
16|143|112|0|118|1|0|
16|134|96|0|67|1|0|
16|133|96|0|67|1|0|
16|134|96|0|67|1|0|
16|133|96|0|67|1|0|
16|134|96|0|67|1|0|
16|133|80|0|67|1|0|
16|134|96|0|67|1|0|
16|133|80|0|67|1|0|
16|133|96|0|67|1|0|
16|134|80|0|67|1|0|
16|134|80|0|67|1|0|
16|134|96|0|67|1|0|
16|133|80|0|67|1|0|
16|134|96|0|67|1|0|
16|134|80|0|67|1|0|
16|133|96|0|67|1|0|
16|133|96|0|67|1|0|
16|134|96|0|67|1|0|
16|134|80|0|67|1|0|
16|143|80|0|133|1|0|
16|133|80|0|67|1|0|
16|147|96|0|189|1|0|
16|147|96|0|204|1|0|
16|133|80|0|67|1|0|
16|134|80|0|67|1|0|
16|134|96|0|67|1|0|
16|134|144|0|67|1|0|
16|133|128|0|67|1|0|
16|133|128|0|67|1|0|
16|133|128|0|67|1|0|
16|133|144|0|67|1|0|
16|134|128|0|67|1|0|
16|133|144|0|67|1|0|
16|134|144|0|67|1|0|
16|133|144|0|67|1|0|
16|134|112|0|67|1|0|
16|134|128|0|67|1|0|
16|133|128|0|67|1|0|
16|134|128|0|67|1|0|
16|134|128|0|67|1|0|
16|134|144|0|67|1|0|
16|133|128|0|67|1|0|
16|134|128|0|67|1|0|
16|134|128|0|67|1|0|
16|134|128|0|67|1|0|
16|133|128|0|67|1|0|
16|133|128|0|67|1|0|
16|134|144|0|67|1|0|
16|134|144|0|67|1|0|
16|133|144|0|67|1|0|
16|134|144|0|67|1|0|
16|134|144|0|67|1|0|
16|134|128|0|67|1|0|
16|134|128|0|67|1|0|
16|134|128|0|67|1|0|
16|134|128|0|67|1|0|
16|134|128|0|67|1|0|
16|134|128|0|67|1|0|
16|134|144|0|67|1|0|
16|134|144|0|67|1|0|
16|134|144|0|67|1|0|
16|134|144|0|67|1|0|
16|134|128|0|67|1|0|
16|133|144|0|67|1|0|
16|134|128|0|67|1|0|
16|134|144|0|67|1|0|
16|134|112|0|67|1|0|
16|134|128|0|67|1|0|
16|134|128|0|67|1|0|
16|133|144|0|67|1|0|
16|133|112|0|67|1|0|
16|134|128|0|67|1|0|
16|134|128|0|67|1|0|
16|134|144|0|67|1|0|
16|133|128|0|67|1|0|
16|133|128|0|67|1|0|
16|133|144|0|67|1|0|
16|134|144|0|67|1|0|
16|134|128|0|67|1|0|
16|134|128|0|67|1|0|
16|133|128|0|67|1|0|
16|134|128|0|67|1|0|
16|134|144|0|67|1|0|
16|133|144|0|67|1|0|
16|134|128|0|67|1|0|
16|134|144|0|67|1|0|
16|133|128|0|67|1|0|
16|134|128|0|67|1|0|
16|134|128|0|67|1|0|
16|134|144|0|67|1|0|
16|133|144|0|67|1|0|
16|134|128|0|67|1|0|
16|133|128|0|67|1|0|
16|134|128|0|67|1|0|
16|133|144|0|67|1|0|
16|133|128|0|67|1|0|
16|133|128|0|67|1|0|
16|134|144|0|67|1|0|
16|154|144|0|170|1|0|
16|134|144|0|67|1|0|
16|134|144|0|67|1|0|
16|133|144|0|67|1|0|
16|134|128|0|67|1|0|
16|134|128|0|67|1|0|
16|134|128|0|67|1|0|
16|133|128|0|67|1|0|
16|134|128|0|67|1|0|
16|134|128|0|67|1|0|
16|133|144|0|67|1|0|
16|134|128|0|67|1|0|
16|134|128|0|67|1|0|
16|133|128|0|67|1|0|
16|134|144|0|67|1|0|
16|134|144|0|67|1|0|
16|133|144|0|67|1|0|
16|134|128|0|67|1|0|
16|133|144|0|67|1|0|
16|133|144|0|67|1|0|
16|134|128|0|67|1|0|
16|133|144|0|67|1|0|
16|134|128|0|67|1|0|
16|134|128|0|67|1|0|
16|134|144|0|67|1|0|
16|134|144|0|67|1|0|
16|134|128|0|67|1|0|
16|134|128|0|67|1|0|
16|134|128|0|67|1|0|
16|133|128|0|67|1|0|
16|134|128|0|67|1|0|
16|133|128|0|67|1|0|
16|134|128|0|67|1|0|
16|134|128|0|67|1|0|
16|133|128|0|67|1|0|
16|133|128|0|67|1|0|
16|133|128|0|67|1|0|
16|134|144|0|67|1|0|
16|134|144|0|67|1|0|
16|134|128|0|67|1|0|
16|134|128|0|67|1|0|
16|134|128|0|67|1|0|
16|134|144|0|67|1|0|
16|134|112|0|67|1|0|
16|134|144|0|67|1|0|
16|134|128|0|67|1|0|
16|134|144|0|67|1|0|
16|136|144|0|67|1|0|
16|134|144|0|67|1|0|
16|134|128|0|67|1|0|
16|133|144|0|67|1|0|
16|134|128|0|67|1|0|
16|134|128|0|67|1|0|
16|133|128|0|67|1|0|
16|134|128|0|67|1|0|
16|134|128|0|67|1|0|
16|134|128|0|67|1|0|
16|134|144|0|67|1|0|
16|134|144|0|67|1|0|
16|134|128|0|67|1|0|
16|134|144|0|67|1|0|
16|142|144|0|101|1|0|
16|134|144|0|67|1|0|
16|134|144|0|67|1|0|
16|134|144|0|67|1|0|
16|136|128|0|67|1|0|
16|134|128|0|67|1|0|
16|134|144|0|67|1|0|
16|134|128|0|67|1|0|
16|134|128|0|67|1|0|
16|134|144|0|67|1|0|
16|134|128|0|67|1|0|
16|134|128|0|67|1|0|
16|134|128|0|67|1|0|
16|134|128|0|67|1|0|
16|134|144|0|67|1|0|
16|134|144|0|67|1|0|
16|134|128|0|67|1|0|
16|134|128|0|67|1|0|
16|133|144|0|67|1|0|
16|134|128|0|67|1|0|
16|133|128|0|67|1|0|
16|134|144|0|67|1|0|
16|134|128|0|67|1|0|
16|133|128|0|67|1|0|
16|134|128|0|67|1|0|
16|134|128|0|67|1|0|
16|134|128|0|67|1|0|
16|133|128|0|67|1|0|
16|134|128|0|67|1|0|
16|133|128|0|67|1|0|
16|134|128|0|67|1|0|
16|134|144|0|67|1|0|
16|134|128|0|67|1|0|
16|134|144|0|67|1|0|
16|134|144|0|67|1|0|
16|133|144|0|67|1|0|
16|134|144|0|67|1|0|
16|133|128|0|67|1|0|
16|133|128|0|67|1|0|
16|134|128|0|67|1|0|
16|134|128|0|67|1|0|
16|134|128|0|67|1|0|
16|134|128|0|67|1|0|
16|134|144|0|67|1|0|
16|134|128|0|67|1|0|
16|134|144|0|67|1|0|
16|134|144|0|67|1|0|
16|133|128|0|67|1|0|
16|133|144|0|67|1|0|
16|133|144|0|67|1|0|
16|134|128|0|67|1|0|
16|133|128|0|67|1|0|
16|134|128|0|67|1|0|
16|133|128|0|67|1|0|
16|134|128|0|67|1|0|
16|134|128|0|67|1|0|
16|134|128|0|67|1|0|
16|133|128|0|67|1|0|
16|134|128|0|67|1|0|
16|134|128|0|67|1|0|
16|134|144|0|67|1|0|
16|133|128|0|67|1|0|
16|133|144|0|67|1|0|
16|134|128|0|67|1|0|
16|134|144|0|67|1|0|
16|134|128|0|67|1|0|
16|134|128|0|67|1|0|
16|134|128|0|67|1|0|
16|134|128|0|67|1|0|
16|134|128|0|67|1|0|
16|133|128|0|67|1|0|
16|134|128|0|67|1|0|
16|133|128|0|67|1|0|
16|134|128|0|67|1|0|
16|134|128|0|67|1|0|
16|133|128|0|67|1|0|
16|134|144|0|67|1|0|
16|134|144|0|67|1|0|
16|134|144|0|67|1|0|
16|134|144|0|67|1|0|
16|134|144|0|67|1|0|
16|134|112|0|67|1|0|
16|134|144|0|67|1|0|
16|134|144|0|67|1|0|
16|134|144|0|67|1|0|
16|134|128|0|67|1|0|
16|134|128|0|67|1|0|
16|133|128|0|67|1|0|
16|134|128|0|67|1|0|
16|134|144|0|67|1|0|
16|134|144|0|67|1|0|
16|134|144|0|67|1|0|
16|133|144|0|67|1|0|
16|134|144|0|67|1|0|
16|133|128|0|67|1|0|
16|133|144|0|67|1|0|
16|134|128|0|67|1|0|
16|134|144|0|67|1|0|
16|134|128|0|67|1|0|
16|133|144|0|67|1|0|
16|134|128|0|67|1|0|
16|133|128|0|67|1|0|
16|133|128|0|67|1|0|
16|134|128|0|67|1|0|
16|134|144|0|67|1|0|
16|133|128|0|67|1|0|
16|134|128|0|67|1|0|
16|134|128|0|67|1|0|
16|134|144|0|67|1|0|
16|133|128|0|67|1|0|
16|133|128|0|67|1|0|
16|134|144|0|67|1|0|
16|134|144|0|67|1|0|
16|133|128|0|67|1|0|
16|133|128|0|67|1|0|
16|134|128|0|67|1|0|
16|133|144|0|67|1|0|
16|133|128|0|67|1|0|
16|133|128|0|67|1|0|
16|134|144|0|67|1|0|
16|134|144|0|67|1|0|
16|134|128|0|67|1|0|
16|134|144|0|67|1|0|
16|133|128|0|67|1|0|
16|134|144|0|67|1|0|
16|134|128|0|67|1|0|
16|134|144|0|67|1|0|
16|133|128|0|67|1|0|
16|134|128|0|67|1|0|
16|133|128|0|67|1|0|
16|133|144|0|67|1|0|
16|134|144|0|67|1|0|
16|135|144|0|67|1|0|
16|134|128|0|67|1|0|
16|133|128|0|67|1|0|
16|134|128|0|67|1|0|
16|134|128|0|67|1|0|
16|134|144|0|67|1|0|
16|134|144|0|67|1|0|
16|134|128|0|67|1|0|
16|133|128|0|67|1|0|
16|133|144|0|67|1|0|
16|134|144|0|67|1|0|
16|133|128|0|67|1|0|
16|133|128|0|67|1|0|
16|134|128|0|67|1|0|
16|133|128|0|67|1|0|
16|134|144|0|67|1|0|
16|134|128|0|67|1|0|
16|134|144|0|67|1|0|
16|134|128|0|67|1|0|
16|134|128|0|67|1|0|
16|134|128|0|67|1|0|
16|134|144|0|67|1|0|
16|134|144|0|67|1|0|
16|134|128|0|67|1|0|
16|133|128|0|67|1|0|
16|134|144|0|67|1|0|
16|133|128|0|67|1|0|
16|134|128|0|67|1|0|
16|133|128|0|67|1|0|
16|134|144|0|67|1|0|
16|133|128|0|67|1|0|
16|134|128|0|67|1|0|
16|134|128|0|67|1|0|
16|134|128|0|67|1|0|
16|134|128|0|67|1|0|
16|134|144|0|67|1|0|
16|134|128|0|67|1|0|
16|134|144|0|67|1|0|
16|134|128|0|67|1|0|
16|133|128|0|67|1|0|
16|134|144|0|67|1|0|
16|134|128|0|67|1|0|
16|133|144|0|67|1|0|
16|134|144|0|67|1|0|
16|134|144|0|67|1|0|
16|134|128|0|67|1|0|
16|134|128|0|67|1|0|
16|134|144|0|67|1|0|
16|134|128|0|67|1|0|
16|134|128|0|67|1|0|
16|134|144|0|67|1|0|
16|134|128|0|67|1|0|
16|134|128|0|67|1|0|
16|134|128|0|67|1|0|
16|134|144|0|67|1|0|
16|134|128|0|67|1|0|
16|134|144|0|67|1|0|
16|133|144|0|67|1|0|
16|134|144|0|67|1|0|
16|134|144|0|67|1|0|
16|134|128|0|67|1|0|
16|134|128|0|67|1|0|
16|134|144|0|67|1|0|
16|134|128|0|67|1|0|
16|134|128|0|67|1|0|
16|133|128|0|67|1|0|
16|134|144|0|67|1|0|
16|134|144|0|67|1|0|
16|133|144|0|67|1|0|
16|134|128|0|67|1|0|
16|133|128|0|67|1|0|
16|133|128|0|67|1|0|
16|134|112|0|67|1|0|
16|133|128|0|67|1|0|
16|133|128|0|67|1|0|
16|134|128|0|67|1|0|
16|133|144|0|67|1|0|
16|134|128|0|67|1|0|
16|133|128|0|67|1|0|
16|134|128|0|67|1|0|
16|134|128|0|67|1|0|
16|134|128|0|67|1|0|
16|134|128|0|67|1|0|
16|134|128|0|67|1|0|
16|134|144|0|67|1|0|
16|133|128|0|67|1|0|
16|134|144|0|67|1|0|
16|134|144|0|67|1|0|
16|134|144|0|67|1|0|
16|134|128|0|67|1|0|
16|134|144|0|67|1|0|
16|133|128|0|67|1|0|
16|134|128|0|67|1|0|
16|134|128|0|67|1|0|
16|134|144|0|67|1|0|
16|133|128|0|67|1|0|
16|134|144|0|67|1|0|
16|133|128|0|67|1|0|
16|133|128|0|67|1|0|
16|133|144|0|67|1|0|
16|134|144|0|67|1|0|
16|133|128|0|67|1|0|
16|134|144|0|67|1|0|
16|134|128|0|67|1|0|
16|134|144|0|67|1|0|
16|134|128|0|67|1|0|
16|133|128|0|67|1|0|
16|134|144|0|67|1|0|
16|133|144|0|67|1|0|
16|133|128|0|67|1|0|
16|133|128|0|67|1|0|
16|134|144|0|67|1|0|
16|133|128|0|67|1|0|
16|134|144|0|67|1|0|
16|133|128|0|67|1|0|
16|134|128|0|67|1|0|
16|134|128|0|67|1|0|
16|134|128|0|67|1|0|
16|134|128|0|67|1|0|
16|134|144|0|67|1|0|
16|134|128|0|67|1|0|
16|134|144|0|67|1|0|
16|134|144|0|67|1|0|
16|134|128|0|67|1|0|
16|134|144|0|67|1|0|
16|133|128|0|67|1|0|
16|134|144|0|67|1|0|
16|134|144|0|67|1|0|
16|134|144|0|67|1|0|
16|134|128|0|67|1|0|
16|133|144|0|67|1|0|
16|133|128|0|67|1|0|
16|133|144|0|67|1|0|
16|134|144|0|67|1|0|
16|134|128|0|67|1|0|
16|133|128|0|67|1|0|
16|134|128|0|67|1|0|
16|134|144|0|67|1|0|
16|134|128|0|67|1|0|
16|133|128|0|67|1|0|
16|133|144|0|67|1|0|
16|133|144|0|67|1|0|
16|134|144|0|67|1|0|
16|133|128|0|67|1|0|
16|134|144|0|67|1|0|
16|134|144|0|67|1|0|
16|133|128|0|67|1|0|
16|134|144|0|67|1|0|
16|133|128|0|67|1|0|
16|133|128|0|67|1|0|
16|134|128|0|67|1|0|
16|134|128|0|67|1|0|
16|134|144|0|67|1|0|
16|134|128|0|67|1|0|
16|134|144|0|67|1|0|
16|134|144|0|67|1|0|
16|134|144|0|67|1|0|
16|134|144|0|67|1|0|
16|134|128|0|67|1|0|
16|134|144|0|67|1|0|
16|133|128|0|67|1|0|
16|134|128|0|67|1|0|
16|133|128|0|67|1|0|
16|134|144|0|67|1|0|
16|134|128|0|67|1|0|
16|134|144|0|67|1|0|
16|134|144|0|67|1|0|
16|134|128|0|67|1|0|
16|134|144|0|67|1|0|
16|134|128|0|67|1|0|
16|133|128|0|67|1|0|
16|134|128|0|67|1|0|
16|134|112|0|67|1|0|
16|134|128|0|67|1|0|
16|134|128|0|67|1|0|
16|134|144|0|67|1|0|
16|134|128|0|67|1|0|
16|134|128|0|67|1|0|
16|134|144|0|67|1|0|
16|134|128|0|67|1|0|
16|134|144|0|67|1|0|
16|134|128|0|67|1|0|
16|134|128|0|67|1|0|
16|133|128|0|67|1|0|
16|134|144|0|67|1|0|
16|134|144|0|67|1|0|
16|134|128|0|67|1|0|
16|134|144|0|67|1|0|
16|134|128|0|67|1|0|
16|134|144|0|67|1|0|
16|133|128|0|67|1|0|
16|134|144|0|67|1|0|
16|134|128|0|67|1|0|
16|134|144|0|67|1|0|
16|134|144|0|67|1|0|
16|133|112|0|67|1|0|
16|134|144|0|67|1|0|
16|133|128|0|67|1|0|
16|133|128|0|67|1|0|
16|133|128|0|67|1|0|
16|134|144|0|67|1|0|
16|134|128|0|67|1|0|
16|134|128|0|67|1|0|
16|133|144|0|67|1|0|
16|134|128|0|67|1|0|
16|134|144|0|67|1|0|
16|134|128|0|67|1|0|
16|134|128|0|67|1|0|
16|156|160|0|97|1|0|
16|133|128|0|67|1|0|
16|133|144|0|67|1|0|
16|134|144|0|67|1|0|
16|134|128|0|67|1|0|
16|134|128|0|67|1|0|
16|134|128|0|67|1|0|
16|134|128|0|67|1|0|
16|134|128|0|67|1|0|
16|134|128|0|67|1|0|
16|134|144|0|67|1|0|
16|133|128|0|67|1|0|
16|134|128|0|67|1|0|
16|134|128|0|67|1|0|
16|134|128|0|67|1|0|
16|134|128|0|67|1|0|
16|134|128|0|67|1|0|
16|134|128|0|67|1|0|
16|134|128|0|67|1|0|
16|134|144|0|67|1|0|
16|134|128|0|67|1|0|
16|134|144|0|67|1|0|
16|134|128|0|67|1|0|
16|134|128|0|67|1|0|
16|133|144|0|67|1|0|
16|134|128|0|67|1|0|
16|133|128|0|67|1|0|
16|133|128|0|67|1|0|
16|134|128|0|67|1|0|
16|134|144|0|67|1|0|
16|134|128|0|67|1|0|
16|133|128|0|67|1|0|
16|133|144|0|67|1|0|
16|134|112|0|67|1|0|
16|134|128|0|67|1|0|
16|134|144|0|67|1|0|
16|133|144|0|67|1|0|
16|134|144|0|67|1|0|
16|134|112|0|67|1|0|
16|133|112|0|67|1|0|
16|134|144|0|67|1|0|
16|134|144|0|67|1|0|
16|133|144|0|67|1|0|
16|134|128|0|67|1|0|
16|134|144|0|67|1|0|
16|134|128|0|67|1|0|
16|133|128|0|67|1|0|
16|133|144|0|67|1|0|
16|133|128|0|67|1|0|
16|133|128|0|67|1|0|
16|134|128|0|67|1|0|
16|134|144|0|67|1|0|
16|134|128|0|67|1|0|
16|134|128|0|67|1|0|
16|134|144|0|67|1|0|
16|134|128|0|67|1|0|
16|134|112|0|67|1|0|
16|134|144|0|67|1|0|
16|134|144|0|67|1|0|
16|134|144|0|67|1|0|
16|133|128|0|67|1|0|
16|134|128|0|67|1|0|
16|134|144|0|67|1|0|
16|133|128|0|67|1|0|
16|134|128|0|67|1|0|
16|134|144|0|67|1|0|
16|133|128|0|67|1|0|
16|134|128|0|67|1|0|
16|134|144|0|67|1|0|
16|133|128|0|67|1|0|
16|133|128|0|67|1|0|
16|133|144|0|67|1|0|
16|134|144|0|67|1|0|
16|134|144|0|67|1|0|
16|133|144|0|67|1|0|
16|134|128|0|67|1|0|
16|133|128|0|67|1|0|
16|134|144|0|67|1|0|
16|133|128|0|67|1|0|
16|134|128|0|67|1|0|
16|134|144|0|67|1|0|
16|140|144|0|95|1|0|
16|134|128|0|67|1|0|
16|133|128|0|67|1|0|
16|134|128|0|67|1|0|
16|133|144|0|67|1|0|
16|134|128|0|67|1|0|
16|134|128|0|67|1|0|
16|136|160|0|67|1|0|
16|134|128|0|67|1|0|
16|134|128|0|67|1|0|
16|134|128|0|67|1|0|
16|134|128|0|67|1|0|
16|134|144|0|67|1|0|
16|134|128|0|67|1|0|
16|134|128|0|67|1|0|
16|134|128|0|67|1|0|
16|134|144|0|67|1|0|
16|134|144|0|67|1|0|
16|133|144|0|67|1|0|
16|134|128|0|67|1|0|
16|133|128|0|67|1|0|
16|135|144|0|67|1|0|
16|134|128|0|67|1|0|
16|133|144|0|67|1|0|
16|134|144|0|67|1|0|
16|134|112|0|67|1|0|
16|134|144|0|67|1|0|
16|134|128|0|67|1|0|
16|133|144|0|67|1|0|
16|134|128|0|67|1|0|
16|134|144|0|67|1|0|
16|134|128|0|67|1|0|
16|134|128|0|67|1|0|
16|134|144|0|67|1|0|
16|134|128|0|67|1|0|
16|134|144|0|67|1|0|
16|134|128|0|67|1|0|
16|133|144|0|67|1|0|
16|134|144|0|67|1|0|
16|134|144|0|67|1|0|
16|133|128|0|67|1|0|
16|133|128|0|67|1|0|
16|133|128|0|67|1|0|
16|133|144|0|67|1|0|
16|133|128|0|67|1|0|
16|134|128|0|67|1|0|
16|134|128|0|67|1|0|
16|133|128|0|67|1|0|
16|133|128|0|67|1|0|
16|133|128|0|67|1|0|
16|134|128|0|67|1|0|
16|133|144|0|67|1|0|
16|133|144|0|67|1|0|
16|134|128|0|67|1|0|
16|134|144|0|67|1|0|
16|133|128|0|67|1|0|
16|134|128|0|67|1|0|
16|134|128|0|67|1|0|
16|133|128|0|67|1|0|
16|134|128|0|67|1|0|
16|134|144|0|67|1|0|
16|133|128|0|67|1|0|
16|134|144|0|67|1|0|
16|134|128|0|67|1|0|
16|134|144|0|67|1|0|
16|133|112|0|67|1|0|
16|133|144|0|67|1|0|
16|134|128|0|67|1|0|
16|134|144|0|67|1|0|
16|134|128|0|67|1|0|
16|134|128|0|67|1|0|
16|133|144|0|67|1|0|
16|134|128|0|67|1|0|
16|134|144|0|67|1|0|
16|134|128|0|67|1|0|
16|134|128|0|67|1|0|
16|134|128|0|67|1|0|
16|134|144|0|67|1|0|
16|133|128|0|67|1|0|
16|133|112|0|67|1|0|
16|134|128|0|67|1|0|
16|134|144|0|67|1|0|
16|133|128|0|67|1|0|
16|134|128|0|67|1|0|
16|134|128|0|67|1|0|
16|134|112|0|67|1|0|
16|134|128|0|67|1|0|
16|133|144|0|67|1|0|
16|136|128|0|67|1|0|
16|134|128|0|67|1|0|
16|134|128|0|67|1|0|
16|134|144|0|67|1|0|
16|134|128|0|67|1|0|
16|133|128|0|67|1|0|
16|134|128|0|67|1|0|
16|134|128|0|67|1|0|
16|134|128|0|67|1|0|
16|134|128|0|67|1|0|
16|133|128|0|67|1|0|
16|134|128|0|67|1|0|
16|134|128|0|67|1|0|
16|134|128|0|67|1|0|
16|133|128|0|67|1|0|
16|134|128|0|67|1|0|
16|134|128|0|67|1|0|
16|134|144|0|67|1|0|
16|133|128|0|67|1|0|
16|148|144|0|67|1|0|
16|134|144|0|67|1|0|
16|134|128|0|67|1|0|
16|136|144|0|67|1|0|
16|133|128|0|67|1|0|
16|133|128|0|67|1|0|
16|133|128|0|67|1|0|
16|134|96|0|67|1|0|
16|133|96|0|67|1|0|
16|151|128|0|114|1|0|
16|163|128|0|357|1|0|
16|152|112|0|97|1|0|
16|133|96|0|67|1|0|
16|134|80|0|67|1|0|
16|134|144|0|67|1|0|
16|134|128|0|67|1|0|
16|133|144|0|67|1|0|
16|134|144|0|67|1|0|
16|134|128|0|67|1|0|
16|134|128|0|67|1|0|
16|134|128|0|67|1|0|
16|134|128|0|67|1|0|
16|133|128|0|67|1|0|
16|134|128|0|67|1|0|
16|134|112|0|67|1|0|
16|133|128|0|67|1|0|
16|134|128|0|67|1|0|
16|133|128|0|67|1|0|
16|133|128|0|67|1|0|
16|134|128|0|67|1|0|
16|133|128|0|67|1|0|
16|133|144|0|67|1|0|
16|134|128|0|67|1|0|
16|133|128|0|67|1|0|
16|134|128|0|67|1|0|
16|134|128|0|67|1|0|
16|134|144|0|67|1|0|
16|133|144|0|67|1|0|
16|134|144|0|67|1|0|
16|134|128|0|67|1|0|
16|133|128|0|67|1|0|
16|134|128|0|67|1|0|
16|134|128|0|67|1|0|
16|133|144|0|67|1|0|
16|133|128|0|67|1|0|
16|133|128|0|67|1|0|
16|148|144|0|230|1|0|
16|134|144|0|67|1|0|
16|133|128|0|67|1|0|
16|134|144|0|67|1|0|
16|134|128|0|67|1|0|
16|134|128|0|67|1|0|
16|134|128|0|67|1|0|
16|134|144|0|67|1|0|
16|134|128|0|67|1|0|
16|137|144|0|70|1|0|
16|134|144|0|67|1|0|
16|134|144|0|67|1|0|
16|134|144|0|67|1|0|
16|134|144|0|67|1|0|
16|134|144|0|67|1|0|
16|134|144|0|67|1|0|
16|133|128|0|67|1|0|
16|133|144|0|67|1|0|
16|134|144|0|67|1|0|
16|134|128|0|67|1|0|
16|133|128|0|67|1|0|
16|134|128|0|67|1|0|
16|133|128|0|67|1|0|
16|134|128|0|67|1|0|
16|133|128|0|67|1|0|
16|134|128|0|67|1|0|
16|134|144|0|67|1|0|
16|133|144|0|67|1|0|
16|134|128|0|67|1|0|
16|133|128|0|67|1|0|
16|134|144|0|67|1|0|
16|134|144|0|67|1|0|
16|134|128|0|67|1|0|
16|134|128|0|67|1|0|
16|133|128|0|67|1|0|
16|134|128|0|67|1|0|
16|134|128|0|67|1|0|
16|134|128|0|67|1|0|
16|134|144|0|67|1|0|
16|134|128|0|67|1|0|
16|134|128|0|67|1|0|
16|134|128|0|67|1|0|
16|134|144|0|67|1|0|
16|134|128|0|67|1|0|
